Number of items: 100
Horizon: 12
Time limit: 750
Load limit: 6000
Initial item inventory level
67
43
150
24
186
237
105
147
156
192
261
51
43
114
21
63
94
182
44
100
148
16
36
87
58
196
231
88
51
228
112
135
222
57
172
48
176
252
97
76
129
46
100
50
123
86
172
160
17
78
24
51
82
213
114
162
60
171
104
144
192
207
66
78
102
41
78
129
228
33
71
61
291
204
124
93
49
57
273
55
25
213
285
87
78
76
82
30
54
74
130
98
64
63
122
21
219
60
130
58
Maximum inventory capacity per item
134
86
225
48
248
316
140
196
234
256
348
68
86
171
42
126
141
273
66
150
222
32
54
174
116
294
308
176
68
304
168
180
296
76
258
64
264
336
194
152
172
92
150
75
164
129
258
240
34
156
36
102
164
284
152
216
90
228
156
192
256
276
88
117
136
82
156
172
304
66
142
122
388
272
186
186
98
114
364
110
50
284
380
174
104
152
164
60
108
111
195
196
128
126
183
42
292
80
195
116
Reserve storage replenishment rate per item and per period
402	0	0	402	0	0	402	0	0	402	0	0	
258	0	0	258	0	0	258	0	0	258	0	0	
450	0	0	450	0	0	450	0	0	450	0	0	
144	0	0	144	0	0	144	0	0	144	0	0	
372	0	0	372	0	0	372	0	0	372	0	0	
474	0	0	474	0	0	474	0	0	474	0	0	
210	0	0	210	0	0	210	0	0	210	0	0	
294	0	0	294	0	0	294	0	0	294	0	0	
468	0	0	468	0	0	468	0	0	468	0	0	
384	0	0	384	0	0	384	0	0	384	0	0	
522	0	0	522	0	0	522	0	0	522	0	0	
102	0	0	102	0	0	102	0	0	102	0	0	
258	0	0	258	0	0	258	0	0	258	0	0	
342	0	0	342	0	0	342	0	0	342	0	0	
126	0	0	126	0	0	126	0	0	126	0	0	
378	0	0	378	0	0	378	0	0	378	0	0	
282	0	0	282	0	0	282	0	0	282	0	0	
546	0	0	546	0	0	546	0	0	546	0	0	
132	0	0	132	0	0	132	0	0	132	0	0	
300	0	0	300	0	0	300	0	0	300	0	0	
444	0	0	444	0	0	444	0	0	444	0	0	
96	0	0	96	0	0	96	0	0	96	0	0	
108	0	0	108	0	0	108	0	0	108	0	0	
522	0	0	522	0	0	522	0	0	522	0	0	
348	0	0	348	0	0	348	0	0	348	0	0	
588	0	0	588	0	0	588	0	0	588	0	0	
462	0	0	462	0	0	462	0	0	462	0	0	
528	0	0	528	0	0	528	0	0	528	0	0	
102	0	0	102	0	0	102	0	0	102	0	0	
456	0	0	456	0	0	456	0	0	456	0	0	
336	0	0	336	0	0	336	0	0	336	0	0	
270	0	0	270	0	0	270	0	0	270	0	0	
444	0	0	444	0	0	444	0	0	444	0	0	
114	0	0	114	0	0	114	0	0	114	0	0	
516	0	0	516	0	0	516	0	0	516	0	0	
96	0	0	96	0	0	96	0	0	96	0	0	
528	0	0	528	0	0	528	0	0	528	0	0	
504	0	0	504	0	0	504	0	0	504	0	0	
582	0	0	582	0	0	582	0	0	582	0	0	
456	0	0	456	0	0	456	0	0	456	0	0	
258	0	0	258	0	0	258	0	0	258	0	0	
276	0	0	276	0	0	276	0	0	276	0	0	
300	0	0	300	0	0	300	0	0	300	0	0	
150	0	0	150	0	0	150	0	0	150	0	0	
246	0	0	246	0	0	246	0	0	246	0	0	
258	0	0	258	0	0	258	0	0	258	0	0	
516	0	0	516	0	0	516	0	0	516	0	0	
480	0	0	480	0	0	480	0	0	480	0	0	
102	0	0	102	0	0	102	0	0	102	0	0	
468	0	0	468	0	0	468	0	0	468	0	0	
72	0	0	72	0	0	72	0	0	72	0	0	
306	0	0	306	0	0	306	0	0	306	0	0	
492	0	0	492	0	0	492	0	0	492	0	0	
426	0	0	426	0	0	426	0	0	426	0	0	
228	0	0	228	0	0	228	0	0	228	0	0	
324	0	0	324	0	0	324	0	0	324	0	0	
180	0	0	180	0	0	180	0	0	180	0	0	
342	0	0	342	0	0	342	0	0	342	0	0	
312	0	0	312	0	0	312	0	0	312	0	0	
288	0	0	288	0	0	288	0	0	288	0	0	
384	0	0	384	0	0	384	0	0	384	0	0	
414	0	0	414	0	0	414	0	0	414	0	0	
132	0	0	132	0	0	132	0	0	132	0	0	
234	0	0	234	0	0	234	0	0	234	0	0	
204	0	0	204	0	0	204	0	0	204	0	0	
246	0	0	246	0	0	246	0	0	246	0	0	
468	0	0	468	0	0	468	0	0	468	0	0	
258	0	0	258	0	0	258	0	0	258	0	0	
456	0	0	456	0	0	456	0	0	456	0	0	
198	0	0	198	0	0	198	0	0	198	0	0	
426	0	0	426	0	0	426	0	0	426	0	0	
366	0	0	366	0	0	366	0	0	366	0	0	
582	0	0	582	0	0	582	0	0	582	0	0	
408	0	0	408	0	0	408	0	0	408	0	0	
372	0	0	372	0	0	372	0	0	372	0	0	
558	0	0	558	0	0	558	0	0	558	0	0	
294	0	0	294	0	0	294	0	0	294	0	0	
342	0	0	342	0	0	342	0	0	342	0	0	
546	0	0	546	0	0	546	0	0	546	0	0	
330	0	0	330	0	0	330	0	0	330	0	0	
150	0	0	150	0	0	150	0	0	150	0	0	
426	0	0	426	0	0	426	0	0	426	0	0	
570	0	0	570	0	0	570	0	0	570	0	0	
522	0	0	522	0	0	522	0	0	522	0	0	
156	0	0	156	0	0	156	0	0	156	0	0	
456	0	0	456	0	0	456	0	0	456	0	0	
492	0	0	492	0	0	492	0	0	492	0	0	
180	0	0	180	0	0	180	0	0	180	0	0	
324	0	0	324	0	0	324	0	0	324	0	0	
222	0	0	222	0	0	222	0	0	222	0	0	
390	0	0	390	0	0	390	0	0	390	0	0	
588	0	0	588	0	0	588	0	0	588	0	0	
384	0	0	384	0	0	384	0	0	384	0	0	
378	0	0	378	0	0	378	0	0	378	0	0	
366	0	0	366	0	0	366	0	0	366	0	0	
126	0	0	126	0	0	126	0	0	126	0	0	
438	0	0	438	0	0	438	0	0	438	0	0	
120	0	0	120	0	0	120	0	0	120	0	0	
390	0	0	390	0	0	390	0	0	390	0	0	
348	0	0	348	0	0	348	0	0	348	0	0	
Forward storage demand rate per item and per period
67	62	72	76	79	98	43	39	56	108	107	38	
43	45	22	28	33	19	77	41	47	34	41	45	
75	137	94	137	109	81	105	47	125	82	63	44	
24	19	11	9	15	22	14	21	40	14	11	12	
62	20	54	74	89	38	69	70	44	75	22	69	
79	103	50	100	123	105	87	79	94	70	41	96	
35	35	41	55	55	31	28	23	59	39	2	31	
49	46	43	55	18	8	53	58	10	33	57	89	
78	49	109	50	98	101	106	25	54	36	63	104	
64	81	89	57	38	54	59	16	29	66	57	88	
87	103	125	83	133	86	82	13	143	72	87	143	
17	16	25	28	4	12	20	7	27	25	21	11	
43	6	77	42	60	58	73	32	40	44	28	39	
57	66	55	31	74	89	46	70	59	45	63	63	
21	10	19	22	26	11	10	26	25	6	7	24	
63	92	55	53	58	32	57	23	55	67	42	73	
47	60	78	5	43	48	33	25	46	29	51	52	
91	107	133	37	102	111	101	116	165	162	15	86	
22	18	24	20	33	41	27	19	31	24	14	24	
50	35	49	37	29	75	40	29	32	59	63	80	
74	45	75	118	48	128	130	72	44	87	87	70	
16	25	21	10	17	20	6	14	16	11	26	15	
18	16	30	28	10	14	17	33	24	30	14	13	
87	44	61	84	84	110	68	138	81	96	96	142	
58	46	33	88	56	72	33	65	70	71	106	62	
98	128	119	160	53	91	91	70	137	178	57	131	
77	132	70	106	118	45	61	138	23	37	109	68	
88	34	52	126	107	9	62	89	166	79	99	92	
17	15	23	17	22	13	9	30	30	10	26	10	
76	92	26	121	84	102	58	25	4	70	91	121	
56	29	25	92	97	78	81	16	41	66	34	50	
45	59	45	58	30	41	34	39	45	17	33	68	
74	56	98	107	64	49	83	124	100	117	95	37	
19	28	23	15	30	13	15	3	30	20	22	21	
86	121	103	24	95	103	124	65	131	61	39	102	
16	7	29	13	24	20	17	16	15	7	15	28	
88	80	91	71	66	94	144	64	70	80	92	123	
84	115	83	138	76	38	88	110	69	62	121	25	
97	134	76	97	72	104	130	38	63	139	142	119	
76	118	123	69	98	41	84	109	91	58	115	63	
43	44	78	35	58	47	25	63	36	74	42	32	
46	15	60	37	37	51	35	49	47	65	24	38	
50	67	38	52	63	44	42	25	74	62	86	76	
25	10	47	28	36	34	12	18	37	34	26	30	
41	27	50	26	34	52	13	41	54	29	73	57	
43	57	81	46	83	53	78	38	24	11	20	74	
86	76	21	100	72	121	3	38	57	96	111	147	
80	28	68	65	21	26	42	133	120	60	84	67	
17	10	24	13	20	15	7	8	20	14	33	31	
78	66	75	91	121	107	70	28	75	41	98	43	
12	10	12	22	10	10	11	10	11	11	7	9	
51	62	34	43	73	66	52	54	25	76	47	30	
82	106	97	68	108	83	66	119	87	75	116	104	
71	83	61	48	9	83	39	77	38	30	96	89	
38	41	33	20	48	29	59	73	38	48	25	29	
54	51	9	66	46	89	97	72	49	58	62	32	
30	37	48	36	33	17	17	47	38	36	46	36	
57	51	21	46	39	97	72	65	51	66	60	27	
52	49	50	18	36	79	39	59	56	69	51	57	
48	54	28	86	53	47	25	5	79	47	54	13	
64	37	89	122	61	118	48	43	50	41	106	56	
69	100	53	53	61	114	43	116	47	53	18	67	
22	27	19	23	38	19	29	28	19	18	12	26	
39	18	47	45	35	55	62	53	19	32	14	32	
34	57	26	5	24	43	17	20	32	19	41	8	
41	48	20	46	66	51	52	63	13	47	21	25	
78	76	116	77	106	74	7	117	41	72	79	102	
43	20	41	57	15	49	23	70	53	72	8	31	
76	62	97	102	53	69	91	78	19	51	92	118	
33	24	12	32	59	36	15	36	17	40	4	30	
71	48	109	74	47	60	89	101	15	100	33	49	
61	81	20	90	8	62	33	63	68	47	63	63	
97	96	96	122	72	89	177	54	35	64	170	73	
68	86	61	85	34	68	33	82	35	69	107	119	
62	46	6	70	60	91	41	93	26	31	64	58	
93	39	51	86	97	128	47	6	79	96	96	64	
49	31	68	44	47	40	53	29	62	57	61	51	
57	89	79	68	53	84	48	78	53	54	61	56	
91	108	87	79	80	98	113	154	42	92	78	93	
55	40	39	33	99	61	47	91	42	58	15	51	
25	16	25	28	26	38	27	23	29	28	29	18	
71	16	101	127	20	47	67	112	41	93	66	97	
95	52	169	62	101	82	143	61	64	80	81	101	
87	28	107	83	97	61	69	46	75	155	116	130	
26	25	37	30	36	34	19	33	16	43	16	7	
76	55	130	26	97	79	21	115	42	55	68	88	
82	102	26	82	124	100	111	77	127	108	83	70	
30	29	16	33	40	8	8	49	38	37	54	28	
54	64	1	60	48	65	49	53	77	60	59	38	
37	64	38	63	36	22	53	40	45	55	16	28	
65	121	67	32	70	12	33	70	89	16	35	113	
98	79	74	98	125	83	105	61	63	52	112	64	
64	23	21	71	33	24	62	60	82	38	103	106	
63	45	60	82	35	55	58	32	98	33	102	62	
61	70	85	94	39	24	41	23	63	37	47	69	
21	16	19	22	18	34	24	28	21	12	16	29	
73	53	77	84	49	106	71	113	79	54	90	81	
20	17	2	19	6	19	35	22	20	18	27	16	
65	34	38	57	24	29	63	68	64	34	61	84	
58	83	69	33	14	69	41	95	36	8	71	21	
Distance matrix
0	21.5	13	10	76	41	37	53	94	34	3.5	57	36.5	74.5	57.5	19	42	33.5	30.5	7.5	92.5	31.5	51	73	36	68	33	32	64.5	40.5	74.5	54.5	48	66.5	55	53	91.5	65	52	41.5	39.5	30	57	44.5	6.5	43.5	56.5	80.5	25.5	52.5	45.5	89.5	100.5	41.5	34.5	25	72	7.5	71	69.5	71.5	86.5	51	22	46.5	31.5	81.5	63.5	39	37	11	47	33	55	83	9.5	47.5	73	73	63.5	67	48	50.5	81.5	54	53.5	76.5	80.5	36	7.5	70	28.5	82.5	41.5	69	27.5	59.5	24	88	60	23.5	
21.5	0	14.5	31.5	62.5	27.5	36.5	39.5	80.5	20.5	20	43.5	23	61	44	30.5	28.5	20	37	24	79	18	37.5	59.5	27.5	50.5	19.5	18.5	49	19	61	41	34.5	53	41.5	39.5	78	51.5	38.5	20	26	31.5	43.5	23	23	22	43	67	22	39	32	76	83	20	39	46.5	56.5	24	57.5	54	58	73	37.5	13.5	33	18	62	50	25.5	28.5	12.5	31.5	19.5	41.5	65.5	16	34	59.5	59.5	50	53.5	30.5	37	68	40.5	40	63	67	22.5	24	56.5	15	69	28	55.5	14	44	10.5	74.5	46.5	20	
13	14.5	0	23	69	34	24	46	87	27	11.5	50	29.5	67.5	50.5	22	35	26.5	28.5	15.5	85.5	24.5	44	66	29	59	26	25	57.5	33.5	67.5	47.5	41	59.5	48	46	84.5	58	45	34.5	32.5	17	50	37.5	14.5	36.5	49.5	73.5	18.5	45.5	38.5	82.5	91.5	34.5	32.5	38	65	15.5	64	62.5	64.5	79.5	44	15	39.5	24.5	70.5	56.5	32	30	2	40	26	48	74	7.5	40.5	66	66	56.5	60	39	43.5	74.5	47	46.5	69.5	73.5	29	15.5	63	21.5	75.5	34.5	62	20.5	52.5	17	81	53	16.5	
10	31.5	23	0	86	49	33	63	96	44	13.5	67	46.5	84.5	67.5	29	52	43.5	34.5	17.5	92.5	41.5	61	83	44	62	43	42	60.5	44.5	84.5	64.5	58	76.5	65	63	93.5	75	62	43.5	49.5	40	67	40.5	16.5	41.5	66.5	90.5	35.5	62.5	55.5	95.5	94.5	43.5	30.5	15	68	17.5	81	65.5	73.5	96.5	49	32	56.5	41.5	73.5	73.5	49	43	21	43	43	65	77	19.5	57.5	83	77	73.5	77	42	54.5	91.5	56	63.5	86.5	90.5	46	17.5	80	38.5	92.5	51.5	79	37.5	55.5	34	92	70	33.5	
76	62.5	69	86	0	77	87	39	18	60	74.5	53	47.5	15.5	38.5	85	48	44.5	91.5	78.5	31.5	52.5	37	39	82	56	59	58	59.5	81.5	35.5	35.5	54	37.5	61	39	32.5	41	28	82.5	50.5	86	53	79.5	77.5	80.5	57.5	31.5	76.5	33.5	56.5	30.5	28.5	82.5	89.5	99	52	78.5	17	54.5	52.5	22.5	73	68	67.5	52.5	42.5	14.5	65	83	67	77	49	31	41	70.5	38.5	19	49	44.5	33	76	71.5	17.5	70	44.5	17.5	21.5	42	78.5	36	59.5	18.5	62.5	35	58.5	64.5	60	34	26	74.5	
41	27.5	34	49	77	0	22	54	65	35	39.5	42	37.5	75.5	56.5	40	43	34.5	28.5	43.5	61.5	32.5	52	56	23	31	34	33	29.5	18.5	59.5	55.5	41	57.5	34	54	62.5	54	53	17.5	40.5	29	42	14.5	42.5	15.5	37.5	63.5	33.5	53.5	38.5	64.5	63.5	17.5	24.5	34	37	43.5	72	34.5	42.5	77.5	18	33	27.5	32.5	42.5	64.5	30	22	32	6	34	56	46	35.5	48.5	74	46	50.5	62	7	23.5	82.5	25	50.5	77.5	73.5	37	43.5	59	29.5	81.5	32.5	60	28.5	24.5	17	61	61	35.5	
37	36.5	24	33	87	22	0	60	69	39	35.5	46	51.5	83.5	60.5	24	51	50.5	12.5	35.5	65.5	46.5	62	60	17	35	40	41	33.5	17.5	63.5	63.5	45	61.5	38	60	66.5	58	69	16.5	48.5	7	46	13.5	36.5	14.5	41.5	67.5	22.5	65.5	42.5	68.5	67.5	16.5	8.5	18	41	35.5	82	38.5	46.5	81.5	22	31	31.5	46.5	46.5	80.5	34	16	26	16	50	68	50	31.5	60.5	80	50	54.5	66	15	27.5	86.5	29	54.5	81.5	77.5	53	35.5	63	39.5	85.5	36.5	64	40.5	28.5	39	65	73	24.5	
53	39.5	46	63	39	54	60	0	53	37	51.5	30	24.5	37.5	20.5	62	25	21.5	66.5	55.5	49.5	29.5	2	36	59	29	36	35	32.5	56.5	37.5	17.5	31	29.5	38	0	50.5	28	15	55.5	27.5	63	30	52.5	54.5	53.5	34.5	43.5	53.5	15.5	33.5	52.5	51.5	55.5	62.5	72	19	55.5	34	27.5	30.5	49.5	46	45	44.5	29.5	30.5	26.5	42	60	44	50	26	18	34	47.5	15.5	36	34	26.5	30	49	46.5	44.5	43	21.5	39.5	43.5	19	55.5	33	36.5	45.5	39.5	32	35.5	37.5	37	49	23	51.5	
94	80.5	87	96	18	65	69	53	0	72	92.5	49	65.5	31.5	48.5	87	64	62.5	75.5	96.5	13.5	70.5	55	33	70	38	73	74	41.5	65.5	31.5	51.5	58	39.5	51	53	14.5	41	46	64.5	66.5	76	49	61.5	95.5	62.5	49.5	25.5	80.5	51.5	60.5	16.5	10.5	64.5	71.5	81	34	96.5	35	36.5	34.5	24.5	55	84	59.5	70.5	24.5	32.5	67	69	85	59	67	49	23	88.5	56.5	33	33	42.5	39	58	55.5	29.5	52	52.5	29.5	25.5	60	96.5	36	77.5	28.5	64.5	37	76.5	46.5	78	18	44	82.5	
34	20.5	27	44	60	35	39	37	72	0	32.5	41	20.5	58.5	41.5	43	26	17.5	45.5	36.5	68.5	15.5	35	57	40	38	1	2	36.5	35.5	58.5	38.5	32	50.5	39	37	69.5	49	36	34.5	23.5	44	41	31.5	35.5	32.5	40.5	64.5	34.5	36.5	29.5	71.5	70.5	34.5	41.5	51	44	36.5	55	41.5	49.5	70.5	17	26	30.5	15.5	49.5	47.5	5	39	25	29	17	39	53	28.5	31.5	57	53	47.5	51	28	30.5	65.5	32	37.5	60.5	64.5	20	36.5	54	17.5	66.5	25.5	53	16.5	31.5	18	68	44	32.5	
3.5	20	11.5	13.5	74.5	39.5	35.5	51.5	92.5	32.5	0	55.5	35	73	56	17.5	40.5	32	29	4	91	30	49.5	71.5	34.5	66.5	31.5	30.5	63	39	73	53	46.5	65	53.5	51.5	90	63.5	50.5	40	38	28.5	55.5	43	3	42	55	79	24	51	44	88	99	40	33	28.5	70.5	4	69.5	68	70	85	49.5	20.5	45	30	80	62	37.5	35.5	9.5	45.5	31.5	53.5	81.5	8	46	71.5	71.5	62	65.5	46.5	49	80	52.5	52	75	79	34.5	4	68.5	27	81	40	67.5	26	58	22.5	86.5	58.5	22	
57	43.5	50	67	53	42	46	30	49	41	55.5	0	28.5	51.5	34.5	64	29	25.5	52.5	59.5	45.5	33.5	28	40	47	11	40	39	18.5	42.5	43.5	31.5	35	41.5	28	30	46.5	38	29	41.5	31.5	53	0	38.5	58.5	39.5	26.5	47.5	57.5	29.5	37.5	48.5	47.5	41.5	48.5	58	21	59.5	48	18.5	26.5	61.5	32	49	36.5	33.5	26.5	40.5	44	46	48	36	30	32	30	51.5	24.5	50	30	34.5	44	35	32.5	58.5	29	30.5	53.5	57.5	23	59.5	43	40.5	59.5	41.5	44	39.5	23.5	41	45	37	55.5	
36.5	23	29.5	46.5	47.5	37.5	51.5	24.5	65.5	20.5	35	28.5	0	46	29	45.5	13.5	3	52	39	64	13	22.5	44.5	42.5	35.5	19.5	18.5	34	42	46	26	19.5	38	26.5	24.5	63	36.5	23.5	43	3	46.5	28.5	44	38	45	28	52	37	24	9	61	68	43	54	61.5	41.5	39	42.5	39	43	58	37.5	28.5	28	13	47	35	25.5	43.5	27.5	41.5	9.5	26.5	50.5	31	19	44.5	44.5	35	38.5	40.5	32	53	30.5	25	48	52	7.5	39	41.5	20	54	23	40.5	19	23	20.5	59.5	31.5	35	
74.5	61	67.5	84.5	15.5	75.5	83.5	37.5	31.5	58.5	73	51.5	46	0	37	83.5	46.5	43	90	77	18	51	35.5	37.5	80.5	52.5	57.5	56.5	56	80	34	34	52.5	36	59.5	37.5	17	39.5	26.5	79	49	84.5	51.5	76	76	77	56	30	75	32	55	15	30	79	86	95.5	48.5	77	15.5	51	49	26	69.5	66.5	66	51	39	13	63.5	81.5	65.5	73.5	47.5	29.5	37.5	69	37	17.5	47.5	43	31.5	72.5	70	21	66.5	43	2	6	40.5	77	34.5	58	22	61	33.5	57	61	58.5	32.5	24.5	73	
57.5	44	50.5	67.5	38.5	56.5	60.5	20.5	48.5	41.5	56	34.5	29	37	0	66.5	29.5	26	67	60	45	34	18.5	35.5	61.5	29.5	40.5	39.5	33	57	37	3	35.5	29	42.5	20.5	46	27.5	14.5	56	32	67.5	34.5	53	59	54	39	43	58	5	38	48	47	56	63	72.5	25.5	60	33.5	28	14	49	46.5	49.5	49	34	26	26	46.5	60.5	48.5	50.5	30.5	17.5	29.5	52	20	35.5	29.5	6	29.5	49.5	47	44	43.5	26	39	43	23.5	60	32.5	41	45	44	31.5	40	38	41.5	44.5	22.5	56	
19	30.5	22	29	85	40	24	62	87	43	17.5	64	45.5	83.5	66.5	0	51	42.5	25.5	21.5	83.5	40.5	60	78	35	53	42	41	51.5	35.5	81.5	63.5	57	75.5	56	62	84.5	74	61	34.5	48.5	31	64	31.5	20.5	32.5	59.5	85.5	34.5	61.5	54.5	86.5	85.5	34.5	21.5	26	59	21.5	80	56.5	64.5	95.5	40	31	49.5	40.5	64.5	72.5	48	34	20	34	42	64	68	18.5	56.5	82	68	72.5	76	33	45.5	90.5	47	62.5	85.5	89.5	45	21.5	79	37.5	91.5	50.5	78	36.5	46.5	33	83	69	32.5	
42	28.5	35	52	48	43	51	25	64	26	40.5	29	13.5	46.5	29.5	51	0	10.5	57.5	44.5	60.5	18.5	23	45	48	30	25	24	28.5	47.5	46.5	26.5	6	38.5	13	25	61.5	37	24	46.5	16.5	52	29	43.5	43.5	44.5	28.5	52.5	42.5	24.5	22.5	61.5	62.5	46.5	53.5	63	36	44.5	43	33.5	41.5	58.5	37	34	33.5	18.5	41.5	35.5	31	49	33	41	15	27	45	36.5	19.5	45	45	35.5	39	40	37.5	53.5	34	25.5	48.5	52.5	6	44.5	42	25.5	54.5	28.5	41	24.5	28.5	26	60	32	40.5	
33.5	20	26.5	43.5	44.5	34.5	50.5	21.5	62.5	17.5	32	25.5	3	43	26	42.5	10.5	0	49	36	61	10	19.5	41.5	39.5	36.5	16.5	15.5	33	39	43	23	16.5	35	23.5	21.5	60	33.5	20.5	40	6	43.5	25.5	43	35	42	25	49	34	21	12	58	69	40	53	58.5	40.5	36	39.5	38	40	55	34.5	25.5	25	10	50	32	22.5	40.5	24.5	40.5	6.5	23.5	51.5	28	16	41.5	41.5	32	35.5	41.5	29	50	27.5	22	45	49	4.5	36	38.5	17	51	20	37.5	16	26	17.5	56.5	28.5	32	
30.5	37	28.5	34.5	91.5	28.5	12.5	66.5	75.5	45.5	29	52.5	52	90	67	25.5	57.5	49	0	33	72	47	66.5	66.5	23.5	41.5	46.5	47.5	40	24	70	70	51.5	68	44.5	66.5	73	64.5	67.5	23	55	19.5	52.5	20	32	21	48	74	29	68	49	75	74	23	4	19.5	47.5	33	86.5	45	53	88	28.5	37.5	38	47	53	79	40.5	22.5	26.5	22.5	48.5	70.5	56.5	21	63	86.5	56.5	61	72.5	21.5	34	93	35.5	61	88	84	51.5	33	69.5	44	92	43	70.5	43	35	39.5	71.5	75.5	31	
7.5	24	15.5	17.5	78.5	43.5	35.5	55.5	96.5	36.5	4	59.5	39	77	60	21.5	44.5	36	33	0	95	34	53.5	75.5	38.5	64.5	35.5	34.5	63	43	77	57	50.5	69	57.5	55.5	94	67.5	54.5	44	42	32.5	59.5	43	1	44	59	83	28	55	48	92	97	44	33	32.5	70.5	0	73.5	68	74	89	51.5	24.5	49	34	76	66	41.5	39.5	13.5	45.5	35.5	57.5	79.5	12	50	75.5	75.5	66	69.5	44.5	53	84	56.5	56	79	83	38.5	0	72.5	31	85	44	71.5	30	58	26.5	90.5	62.5	26	
92.5	79	85.5	92.5	31.5	61.5	65.5	49.5	13.5	68.5	91	45.5	64	18	45	83.5	60.5	61	72	95	0	69	51.5	29.5	66.5	34.5	69.5	70.5	38	62	28	48	54.5	36	47.5	49.5	1	37.5	44.5	61	63	72.5	45.5	58	94	59	46	22	77	50	57	3	12	61	68	77.5	30.5	95	31.5	33	31	26	51.5	80.5	56	69	21	31	63.5	65.5	83.5	55.5	65.5	47.5	19.5	87	55	29.5	29.5	39	35.5	54.5	52	31	48.5	49	16	12	58.5	95	32.5	74	30	61	33.5	75	43	76.5	14.5	42.5	79	
31.5	18	24.5	41.5	52.5	32.5	46.5	29.5	70.5	15.5	30	33.5	13	51	34	40.5	18.5	10	47	34	69	0	27.5	49.5	37.5	40.5	14.5	13.5	39	37	51	31	24.5	43	31.5	29.5	68	41.5	28.5	38	16	41.5	33.5	39	33	40	33	57	32	29	22	66	73	38	49	56.5	46.5	34	47.5	44	48	63	32.5	23.5	15	0	52	40	20.5	38.5	22.5	36.5	9.5	31.5	55.5	26	24	49.5	49.5	40	43.5	35.5	19	58	30.5	30	53	57	12.5	34	46.5	15	59	10	45.5	14	34	15.5	64.5	36.5	30	
51	37.5	44	61	37	52	62	2	55	35	49.5	28	22.5	35.5	18.5	60	23	19.5	66.5	53.5	51.5	27.5	0	34	57	31	34	33	34.5	56.5	35.5	15.5	29	27.5	36	2	52.5	26	13	57.5	25.5	61	28	54.5	52.5	55.5	32.5	41.5	51.5	13.5	31.5	50.5	53.5	57.5	64.5	74	21	53.5	32	29.5	32.5	47.5	48	43	42.5	27.5	32.5	24.5	40	58	42	52	24	16	36	45.5	13.5	34	34	24.5	28	51	46.5	42.5	45	19.5	37.5	41.5	17	53.5	31	34.5	43.5	37.5	30	33.5	39.5	35	49	21	49.5	
73	59.5	66	83	39	56	60	36	33	57	71.5	40	44.5	37.5	35.5	78	45	41.5	66.5	75.5	29.5	49.5	34	0	61	29	56	55	32.5	56.5	27.5	32.5	49	30.5	42	36	30.5	32	25	55.5	47.5	67	40	52.5	74.5	53.5	40.5	31.5	71.5	30.5	51.5	32.5	31.5	55.5	62.5	72	25	75.5	34	27.5	25.5	45.5	46	65	50.5	49.5	15.5	26.5	58	60	64	50	46	28	10	67.5	35.5	36	24	33.5	6	49	46.5	44.5	43	41.5	39.5	41.5	39	75.5	3	56.5	45.5	55.5	4	55.5	37.5	57	29	13	71.5	
36	27.5	29	44	82	23	17	59	70	40	34.5	47	42.5	80.5	61.5	35	48	39.5	23.5	38.5	66.5	37.5	57	61	0	36	39	38	34.5	18.5	64.5	60.5	46	62.5	39	59	67.5	59	58	17.5	45.5	24	47	14.5	37.5	15.5	42.5	68.5	28.5	58.5	43.5	69.5	68.5	17.5	19.5	29	42	38.5	77	39.5	47.5	82.5	23	14	32.5	37.5	47.5	69.5	35	1	27	17	39	61	51	30.5	53.5	79	51	55.5	67	16	28.5	87.5	30	55.5	82.5	78.5	42	38.5	64	34.5	86.5	37.5	65	33.5	29.5	30	66	66	30.5	
68	50.5	59	62	56	31	35	29	38	38	66.5	11	35.5	52.5	29.5	53	30	36.5	41.5	64.5	34.5	40.5	31	29	36	0	39	40	7.5	31.5	32.5	32.5	24	30.5	17	29	35.5	27	40	30.5	32.5	42	11	27.5	65.5	28.5	15.5	36.5	46.5	34.5	26.5	37.5	36.5	30.5	37.5	47	10	64.5	51	7.5	15.5	50.5	21	50	25.5	40.5	15.5	51.5	33	35	59	25	39	37	19	62.5	29.5	49	19	23.5	35	24	21.5	55.5	18	23.5	50.5	46.5	34	64.5	32	43.5	54.5	30.5	33	44.5	12.5	48	34	42	48.5	
33	19.5	26	43	59	34	40	36	73	1	31.5	40	19.5	57.5	40.5	42	25	16.5	46.5	35.5	69.5	14.5	34	56	39	39	0	1	37.5	36.5	57.5	37.5	31	49.5	38	36	70.5	48	35	35.5	22.5	43	40	32.5	34.5	33.5	39.5	63.5	33.5	35.5	28.5	72.5	71.5	35.5	42.5	52	45	35.5	54	42.5	50.5	69.5	18	25	29.5	14.5	50.5	46.5	6	40	24	30	16	38	54	27.5	30.5	56	54	46.5	50	29	31.5	64.5	33	36.5	59.5	63.5	19	35.5	53	16.5	65.5	24.5	52	15.5	32.5	17	69	43	31.5	
32	18.5	25	42	58	33	41	35	74	2	30.5	39	18.5	56.5	39.5	41	24	15.5	47.5	34.5	70.5	13.5	33	55	38	40	1	0	38.5	37.5	56.5	36.5	30	48.5	37	35	71.5	47	34	36.5	21.5	42	39	33.5	33.5	34.5	38.5	62.5	32.5	34.5	27.5	71.5	72.5	36.5	43.5	53	46	34.5	53	43.5	51.5	68.5	19	24	28.5	13.5	51.5	45.5	7	39	23	31	15	37	55	26.5	29.5	55	55	45.5	49	30	32.5	63.5	34	35.5	58.5	62.5	18	34.5	52	15.5	64.5	23.5	51	14.5	33.5	16	70	42	30.5	
64.5	49	57.5	60.5	59.5	29.5	33.5	32.5	41.5	36.5	63	18.5	34	56	33	51.5	28.5	33	40	63	38	39	34.5	32.5	34.5	7.5	37.5	38.5	0	30	36	36	22.5	34	15.5	32.5	39	30.5	41.5	29	31	40.5	18.5	26	64	27	8	40	45	38	25	41	40	29	36	45.5	13.5	63	54.5	11	19	54	19.5	48.5	24	39	19	53	31.5	33.5	55.5	23.5	37.5	40.5	22.5	59	33	52.5	22.5	27	38.5	22.5	20	59	16.5	27	54	50	30.5	63	35.5	42	58	29	36.5	43	11	46.5	37.5	45.5	47	
40.5	19	33.5	44.5	81.5	18.5	17.5	56.5	65.5	35.5	39	42.5	42	80	57	35.5	47.5	39	24	43	62	37	56.5	56.5	18.5	31.5	36.5	37.5	30	0	60	60	41.5	58	34.5	56.5	63	54.5	57.5	1	45	24.5	42.5	4	42	3	38	64	29	58	39	65	64	1	20	29.5	37.5	43	76.5	35	43	78	18.5	32.5	28	37	43	69	30.5	17.5	31.5	12.5	38.5	60.5	46.5	35	53	76.5	46.5	51	62.5	11.5	24	83	25.5	51	78	74	41.5	43	59.5	34	82	33	60.5	33	25	29.5	61.5	65.5	31	
74.5	61	67.5	84.5	35.5	59.5	63.5	37.5	31.5	58.5	73	43.5	46	34	37	81.5	46.5	43	70	77	28	51	35.5	27.5	64.5	32.5	57.5	56.5	36	60	0	34	52.5	34	45.5	37.5	29	35.5	26.5	59	49	70.5	43.5	56	76	57	44	30	75	32	55	31	30	59	66	75.5	28.5	77	30.5	31	29	44	49.5	66.5	54	51	19	23	61.5	63.5	65.5	53.5	47.5	29.5	17.5	69	37	32.5	27.5	37	31.5	52.5	50	41	46.5	43	36	40	40.5	77	30.5	58	42	59	31.5	57	41	58.5	27.5	24.5	73	
54.5	41	47.5	64.5	35.5	55.5	63.5	17.5	51.5	38.5	53	31.5	26	34	3	63.5	26.5	23	70	57	48	31	15.5	32.5	60.5	32.5	37.5	36.5	36	60	34	0	32.5	26	39.5	17.5	49	24.5	11.5	59	29	64.5	31.5	56	56	57	36	40	55	2	35	49	50	59	66	75.5	28.5	57	30.5	31	17	46	49.5	46.5	46	31	29	23	43.5	61.5	45.5	53.5	27.5	14.5	32.5	49	17	32.5	32.5	9	26.5	52.5	50	41	46.5	23	36	40	20.5	57	29.5	38	42	41	28.5	37	41	38.5	47.5	19.5	53	
48	34.5	41	58	54	41	45	31	58	32	46.5	35	19.5	52.5	35.5	57	6	16.5	51.5	50.5	54.5	24.5	29	49	46	24	31	30	22.5	41.5	52.5	32.5	0	44.5	7	31	55.5	43	30	40.5	22.5	52	35	37.5	49.5	38.5	30.5	56.5	48.5	30.5	28.5	57.5	56.5	40.5	47.5	57	30	50.5	49	27.5	35.5	64.5	31	40	35.5	24.5	35.5	41.5	37	45	39	35	21	33	39	42.5	25.5	51	39	41.5	45	34	31.5	59.5	28	31.5	54.5	58.5	12	50.5	48	31.5	60.5	34.5	47	30.5	22.5	32	54	38	46.5	
66.5	53	59.5	76.5	37.5	57.5	61.5	29.5	39.5	50.5	65	41.5	38	36	29	75.5	38.5	35	68	69	36	43	27.5	30.5	62.5	30.5	49.5	48.5	34	58	34	26	44.5	0	43.5	29.5	37	31.5	18.5	57	41	68.5	41.5	54	68	55	42	38	67	24	47	39	38	57	64	73.5	26.5	69	32.5	29	27	48	47.5	58.5	52	43	15	25	55.5	61.5	57.5	51.5	39.5	21.5	20.5	61	29	34.5	25.5	35	28.5	50.5	48	43	44.5	35	38	42	32.5	69	31.5	50	44	53	30.5	49	39	50.5	35.5	21.5	65	
55	41.5	48	65	61	34	38	38	51	39	53.5	28	26.5	59.5	42.5	56	13	23.5	44.5	57.5	47.5	31.5	36	42	39	17	38	37	15.5	34.5	45.5	39.5	7	43.5	0	38	48.5	40	37	33.5	29.5	45	28	30.5	56.5	31.5	23.5	49.5	49.5	37.5	29.5	50.5	49.5	33.5	40.5	50	23	57.5	56	20.5	28.5	63.5	24	47	28.5	31.5	28.5	48.5	36	38	46	28	28	40	32	49.5	32.5	58	32	36.5	48	27	24.5	66.5	21	36.5	61.5	59.5	19	57.5	45	38.5	67.5	33.5	46	37.5	15.5	39	47	45	51.5	
53	39.5	46	63	39	54	60	0	53	37	51.5	30	24.5	37.5	20.5	62	25	21.5	66.5	55.5	49.5	29.5	2	36	59	29	36	35	32.5	56.5	37.5	17.5	31	29.5	38	0	50.5	28	15	55.5	27.5	63	30	52.5	54.5	53.5	34.5	43.5	53.5	15.5	33.5	52.5	51.5	55.5	62.5	72	19	55.5	34	27.5	30.5	49.5	46	45	44.5	29.5	30.5	26.5	42	60	44	50	26	18	34	47.5	15.5	36	34	26.5	30	49	46.5	44.5	43	21.5	39.5	43.5	19	55.5	33	36.5	45.5	39.5	32	35.5	37.5	37	49	23	51.5	
91.5	78	84.5	93.5	32.5	62.5	66.5	50.5	14.5	69.5	90	46.5	63	17	46	84.5	61.5	60	73	94	1	68	52.5	30.5	67.5	35.5	70.5	71.5	39	63	29	49	55.5	37	48.5	50.5	0	38.5	43.5	62	64	73.5	46.5	59	93	60	47	23	78	49	58	2	13	62	69	78.5	31.5	94	32.5	34	32	27	52.5	81.5	57	68	22	30	64.5	66.5	82.5	56.5	64.5	46.5	20.5	86	54	30.5	30.5	40	36.5	55.5	53	32	49.5	50	15	11	57.5	94	33.5	75	31	62	34.5	74	44	75.5	15.5	41.5	80	
65	51.5	58	75	41	54	58	28	41	49	63.5	38	36.5	39.5	27.5	74	37	33.5	64.5	67.5	37.5	41.5	26	32	59	27	48	47	30.5	54.5	35.5	24.5	43	31.5	40	28	38.5	0	13	53.5	39.5	65	38	50.5	66.5	51.5	38.5	39.5	65.5	22.5	45.5	40.5	39.5	53.5	60.5	70	23	67.5	36	25.5	23.5	51.5	44	57	48.5	41.5	18.5	28.5	54	58	56	48	38	10	22	59.5	27.5	38	8	31.5	32	47	44.5	46.5	41	33.5	41.5	45.5	31	67.5	35	48.5	47.5	51.5	34	47.5	35.5	49	37	25	63.5	
52	38.5	45	62	28	53	69	15	46	36	50.5	29	23.5	26.5	14.5	61	24	20.5	67.5	54.5	44.5	28.5	13	25	58	40	35	34	41.5	57.5	26.5	11.5	30	18.5	37	15	43.5	13	0	58.5	26.5	62	29	61.5	53.5	60.5	33.5	32.5	52.5	9.5	32.5	41.5	52.5	58.5	71.5	77	34	54.5	23	36.5	28.5	38.5	53	44	43.5	28.5	31.5	15.5	41	59	43	59	25	3	35	46.5	14.5	25	21	20.5	19	60	47.5	33.5	46	20.5	28.5	32.5	18	54.5	22	35.5	34.5	38.5	21	34.5	46.5	36	40	12	50.5	
41.5	20	34.5	43.5	82.5	17.5	16.5	55.5	64.5	34.5	40	41.5	43	79	56	34.5	46.5	40	23	44	61	38	57.5	55.5	17.5	30.5	35.5	36.5	29	1	59	59	40.5	57	33.5	55.5	62	53.5	58.5	0	44	23.5	41.5	3	43	2	37	63	28	59	38	64	63	0	19	28.5	36.5	44	77.5	34	42	77	17.5	31.5	27	38	42	70	29.5	16.5	32.5	11.5	39.5	61.5	45.5	36	54	75.5	45.5	50	61.5	10.5	23	82	24.5	50	77	73	42.5	44	58.5	35	81	32	59.5	34	24	30.5	60.5	66.5	30	
39.5	26	32.5	49.5	50.5	40.5	48.5	27.5	66.5	23.5	38	31.5	3	49	32	48.5	16.5	6	55	42	63	16	25.5	47.5	45.5	32.5	22.5	21.5	31	45	49	29	22.5	41	29.5	27.5	64	39.5	26.5	44	0	49.5	31.5	41	41	42	31	55	40	27	6	64	65	44	51	60.5	38.5	42	45.5	36	44	61	34.5	31.5	31	16	44	38	28.5	46.5	30.5	38.5	12.5	29.5	47.5	34	22	47.5	47.5	38	41.5	37.5	35	56	31.5	28	51	55	10.5	42	44.5	23	57	26	43.5	22	20	23.5	62.5	34.5	38	
30	31.5	17	40	86	29	7	63	76	44	28.5	53	46.5	84.5	67.5	31	52	43.5	19.5	32.5	72.5	41.5	61	67	24	42	43	42	40.5	24.5	70.5	64.5	52	68.5	45	63	73.5	65	62	23.5	49.5	0	53	20.5	31.5	21.5	48.5	74.5	29.5	62.5	49.5	75.5	74.5	23.5	15.5	25	48	32.5	81	45.5	53.5	88.5	29	32	38.5	41.5	53.5	73.5	41	23	19	23	43	65	57	24.5	57.5	83	57	61.5	73	22	34.5	91.5	36	61.5	86.5	84.5	46	32.5	70	38.5	92.5	43.5	71	37.5	35.5	34	72	70	31.5	
57	43.5	50	67	53	42	46	30	49	41	55.5	0	28.5	51.5	34.5	64	29	25.5	52.5	59.5	45.5	33.5	28	40	47	11	40	39	18.5	42.5	43.5	31.5	35	41.5	28	30	46.5	38	29	41.5	31.5	53	0	38.5	58.5	39.5	26.5	47.5	57.5	29.5	37.5	48.5	47.5	41.5	48.5	58	21	59.5	48	18.5	26.5	61.5	32	49	36.5	33.5	26.5	40.5	44	46	48	36	30	32	30	51.5	24.5	50	30	34.5	44	35	32.5	58.5	29	30.5	53.5	57.5	23	59.5	43	40.5	59.5	41.5	44	39.5	23.5	41	45	37	55.5	
44.5	23	37.5	40.5	79.5	14.5	13.5	52.5	61.5	31.5	43	38.5	44	76	53	31.5	43.5	43	20	43	58	39	54.5	52.5	14.5	27.5	32.5	33.5	26	4	56	56	37.5	54	30.5	52.5	59	50.5	61.5	3	41	20.5	38.5	0	44	1	34	60	25	58	35	61	60	3	16	25.5	33.5	43	74.5	31	39	74	14.5	28.5	24	39	39	73	26.5	13.5	35.5	8.5	42.5	60.5	42.5	39	53	72.5	42.5	47	58.5	7.5	20	79	21.5	47	74	70	45.5	43	55.5	32	78	29	56.5	33	21	31.5	57.5	65.5	27	
6.5	23	14.5	16.5	77.5	42.5	36.5	54.5	95.5	35.5	3	58.5	38	76	59	20.5	43.5	35	32	1	94	33	52.5	74.5	37.5	65.5	34.5	33.5	64	42	76	56	49.5	68	56.5	54.5	93	66.5	53.5	43	41	31.5	58.5	44	0	45	58	82	27	54	47	91	98	43	34	31.5	71.5	1	72.5	69	73	88	52.5	23.5	48	33	77	65	40.5	38.5	12.5	46.5	34.5	56.5	80.5	11	49	74.5	74.5	65	68.5	45.5	52	83	55.5	55	78	82	37.5	1	71.5	30	84	43	70.5	29	59	25.5	89.5	61.5	25	
43.5	22	36.5	41.5	80.5	15.5	14.5	53.5	62.5	32.5	42	39.5	45	77	54	32.5	44.5	42	21	44	59	40	55.5	53.5	15.5	28.5	33.5	34.5	27	3	57	57	38.5	55	31.5	53.5	60	51.5	60.5	2	42	21.5	39.5	1	45	0	35	61	26	59	36	62	61	2	17	26.5	34.5	44	75.5	32	40	75	15.5	29.5	25	40	40	72	27.5	14.5	34.5	9.5	41.5	61.5	43.5	38	54	73.5	43.5	48	59.5	8.5	21	80	22.5	48	75	71	44.5	44	56.5	33	79	30	57.5	34	22	32.5	58.5	66.5	28	
56.5	43	49.5	66.5	57.5	37.5	41.5	34.5	49.5	40.5	55	26.5	28	56	39	59.5	28.5	25	48	59	46	33	32.5	40.5	42.5	15.5	39.5	38.5	8	38	44	36	30.5	42	23.5	34.5	47	38.5	33.5	37	31	48.5	26.5	34	58	35	0	48	53	34	33	49	48	37	44	53.5	21.5	59	52.5	19	27	62	27.5	48.5	32	33	27	45	39.5	41.5	47.5	31.5	29.5	36.5	30.5	51	29	54.5	30.5	35	46.5	30.5	28	63	24.5	35	58	58	22.5	59	43.5	40	64	37	44.5	39	19	40.5	45.5	41.5	55	
80.5	67	73.5	90.5	31.5	63.5	67.5	43.5	25.5	64.5	79	47.5	52	30	43	85.5	52.5	49	74	83	22	57	41.5	31.5	68.5	36.5	63.5	62.5	40	64	30	40	56.5	38	49.5	43.5	23	39.5	32.5	63	55	74.5	47.5	60	82	61	48	0	79	38	59	25	24	63	70	79.5	32.5	83	26.5	35	33	38	53.5	72.5	58	57	23	17	65.5	67.5	71.5	57.5	53.5	35.5	21.5	75	43	28.5	31.5	41	37.5	56.5	54	37	50.5	49	32	34	46.5	83	34.5	64	38	63	35.5	63	45	64.5	21.5	30.5	79	
25.5	22	18.5	35.5	76.5	33.5	22.5	53.5	80.5	34.5	24	57.5	37	75	58	34.5	42.5	34	29	28	77	32	51.5	71.5	28.5	46.5	33.5	32.5	45	29	75	55	48.5	67	49.5	53.5	78	65.5	52.5	28	40	29.5	57.5	25	27	26	53	79	0	53	46	80	79	28	25	34.5	52.5	28	71.5	50	58	87	33.5	22.5	43	32	58	64	39.5	27.5	16.5	27.5	33.5	55.5	61.5	20	48	73.5	61.5	64	67.5	26.5	39	82	40.5	54	77	81	36.5	28	70.5	29	83	42	69.5	28	40	24.5	76.5	60.5	2	
52.5	39	45.5	62.5	33.5	53.5	65.5	15.5	51.5	36.5	51	29.5	24	32	5	61.5	24.5	21	68	55	50	29	13.5	30.5	58.5	34.5	35.5	34.5	38	58	32	2	30.5	24	37.5	15.5	49	22.5	9.5	59	27	62.5	29.5	58	54	59	34	38	53	0	33	47	52	59	68	77.5	30.5	55	28.5	33	19	44	51.5	44.5	44	29	31	21	41.5	59.5	43.5	55.5	25.5	12.5	34.5	47	15	30.5	30.5	11	24.5	54.5	48	39	46.5	21	34	38	18.5	55	27.5	36	40	39	26.5	35	43	36.5	45.5	17.5	51	
45.5	32	38.5	55.5	56.5	38.5	42.5	33.5	60.5	29.5	44	37.5	9	55	38	54.5	22.5	12	49	48	57	22	31.5	51.5	43.5	26.5	28.5	27.5	25	39	55	35	28.5	47	29.5	33.5	58	45.5	32.5	38	6	49.5	37.5	35	47	36	33	59	46	33	0	60	59	38	45	54.5	32.5	48	51.5	30	38	67	28.5	37.5	33	22	38	44	34.5	42.5	36.5	32.5	18.5	35.5	41.5	40	28	53.5	41.5	44	47.5	31.5	29	62	25.5	34	57	61	16.5	48	50.5	29	63	32	49.5	28	14	29.5	56.5	40.5	44	
89.5	76	82.5	95.5	30.5	64.5	68.5	52.5	16.5	71.5	88	48.5	61	15	48	86.5	61.5	58	75	92	3	66	50.5	32.5	69.5	37.5	72.5	71.5	41	65	31	49	57.5	39	50.5	52.5	2	40.5	41.5	64	64	75.5	48.5	61	91	62	49	25	80	47	60	0	15	64	71	80.5	33.5	92	30.5	36	34	29	54.5	81.5	59	66	24	28	66.5	68.5	80.5	58.5	62.5	44.5	22.5	84	52	32.5	32.5	42	38.5	57.5	55	34	51.5	52	13	9	55.5	92	35.5	73	33	64	36.5	72	46	73.5	17.5	39.5	82	
100.5	83	91.5	94.5	28.5	63.5	67.5	51.5	10.5	70.5	99	47.5	68	30	47	85.5	62.5	69	74	97	12	73	53.5	31.5	68.5	36.5	71.5	72.5	40	64	30	50	56.5	38	49.5	51.5	13	39.5	52.5	63	65	74.5	47.5	60	98	61	48	24	79	52	59	15	0	63	70	79.5	32.5	97	33.5	35	33	14	53.5	82.5	58	73	23	39	65.5	67.5	91.5	57.5	71.5	49.5	21.5	95	57	31.5	31.5	41	37.5	56.5	54	19	50.5	51	28	24	66.5	97	34.5	76	18	63	35.5	77	45	80.5	16.5	44.5	81	
41.5	20	34.5	43.5	82.5	17.5	16.5	55.5	64.5	34.5	40	41.5	43	79	56	34.5	46.5	40	23	44	61	38	57.5	55.5	17.5	30.5	35.5	36.5	29	1	59	59	40.5	57	33.5	55.5	62	53.5	58.5	0	44	23.5	41.5	3	43	2	37	63	28	59	38	64	63	0	19	28.5	36.5	44	77.5	34	42	77	17.5	31.5	27	38	42	70	29.5	16.5	32.5	11.5	39.5	61.5	45.5	36	54	75.5	45.5	50	61.5	10.5	23	82	24.5	50	77	73	42.5	44	58.5	35	81	32	59.5	34	24	30.5	60.5	66.5	30	
34.5	39	32.5	30.5	89.5	24.5	8.5	62.5	71.5	41.5	33	48.5	54	86	63	21.5	53.5	53	4	33	68	49	64.5	62.5	19.5	37.5	42.5	43.5	36	20	66	66	47.5	64	40.5	62.5	69	60.5	71.5	19	51	15.5	48.5	16	34	17	44	70	25	68	45	71	70	19	0	15.5	43.5	33	84.5	41	49	84	24.5	33.5	34	49	49	83	36.5	18.5	30.5	18.5	52.5	70.5	52.5	25	63	82.5	52.5	57	68.5	17.5	30	89	31.5	57	84	80	55.5	33	65.5	42	88	39	66.5	43	31	41.5	67.5	75.5	27	
25	46.5	38	15	99	34	18	72	81	51	28.5	58	61.5	95.5	72.5	26	63	58.5	19.5	32.5	77.5	56.5	74	72	29	47	52	53	45.5	29.5	75.5	75.5	57	73.5	50	72	78.5	70	77	28.5	60.5	25	58	25.5	31.5	26.5	53.5	79.5	34.5	77.5	54.5	80.5	79.5	28.5	15.5	0	53	32.5	94	50.5	58.5	93.5	34	43	43.5	56.5	58.5	88.5	46	28	36	28	58	80	62	34.5	72.5	92	62	66.5	78	27	39.5	98.5	41	66.5	93.5	89.5	61	32.5	75	51.5	97.5	48.5	76	52.5	40.5	49	77	85	36.5	
72	56.5	65	68	52	37	41	19	34	44	70.5	21	41.5	48.5	25.5	59	36	40.5	47.5	70.5	30.5	46.5	21	25	42	10	45	46	13.5	37.5	28.5	28.5	30	26.5	23	19	31.5	23	34	36.5	38.5	48	21	33.5	71.5	34.5	21.5	32.5	52.5	30.5	32.5	33.5	32.5	36.5	43.5	53	0	70.5	47	8.5	11.5	46.5	27	56	31.5	46.5	11.5	45.5	39	41	63	31	45	33	15	66.5	30.5	45	15	19.5	31	30	27.5	51.5	24	24.5	46.5	42.5	38	70.5	28	49.5	50.5	36.5	29	50.5	18.5	54	30	38	54.5	
7.5	24	15.5	17.5	78.5	43.5	35.5	55.5	96.5	36.5	4	59.5	39	77	60	21.5	44.5	36	33	0	95	34	53.5	75.5	38.5	64.5	35.5	34.5	63	43	77	57	50.5	69	57.5	55.5	94	67.5	54.5	44	42	32.5	59.5	43	1	44	59	83	28	55	48	92	97	44	33	32.5	70.5	0	73.5	68	74	89	51.5	24.5	49	34	76	66	41.5	39.5	13.5	45.5	35.5	57.5	79.5	12	50	75.5	75.5	66	69.5	44.5	53	84	56.5	56	79	83	38.5	0	72.5	31	85	44	71.5	30	58	26.5	90.5	62.5	26	
71	57.5	64	81	17	72	82	34	35	55	69.5	48	42.5	15.5	33.5	80	43	39.5	86.5	73.5	31.5	47.5	32	34	77	51	54	53	54.5	76.5	30.5	30.5	49	32.5	56	34	32.5	36	23	77.5	45.5	81	48	74.5	72.5	75.5	52.5	26.5	71.5	28.5	51.5	30.5	33.5	77.5	84.5	94	47	73.5	0	49.5	47.5	27.5	68	63	62.5	47.5	37.5	9.5	60	78	62	72	44	26	36	65.5	33.5	2	44	39.5	28	71	66.5	22.5	65	39.5	17.5	21.5	37	73.5	31	54.5	23.5	57.5	30	53.5	59.5	55	17	21	69.5	
69.5	54	62.5	65.5	54.5	34.5	38.5	27.5	36.5	41.5	68	18.5	39	51	28	56.5	33.5	38	45	68	33	44	29.5	27.5	39.5	7.5	42.5	43.5	11	35	31	31	27.5	29	20.5	27.5	34	25.5	36.5	34	36	45.5	18.5	31	69	32	19	35	50	33	30	36	35	34	41	50.5	8.5	68	49.5	0	14	49	24.5	53.5	29	44	14	48	36.5	38.5	60.5	28.5	42.5	35.5	17.5	64	22	47.5	17.5	22	33.5	27.5	25	54	21.5	16	49	45	35.5	68	30.5	47	53	34	31.5	48	16	51.5	32.5	40.5	52	
71.5	58	64.5	73.5	52.5	42.5	46.5	30.5	34.5	49.5	70	26.5	43	49	14	64.5	41.5	40	53	74	31	48	32.5	25.5	47.5	15.5	50.5	51.5	19	43	29	17	35.5	27	28.5	30.5	32	23.5	28.5	42	44	53.5	26.5	39	73	40	27	33	58	19	38	34	33	42	49	58.5	11.5	74	47.5	14	0	47	32.5	61.5	37	48	12	40	44.5	46.5	62.5	36.5	44.5	31.5	15.5	66	34	45.5	15.5	8	31.5	35.5	33	52	29.5	30	47	43	37.5	74	28.5	55	51	42	29.5	54	24	55.5	30.5	36.5	60	
86.5	73	79.5	96.5	22.5	77.5	81.5	49.5	24.5	70.5	85	61.5	58	26	49	95.5	58.5	55	88	89	26	63	47.5	45.5	82.5	50.5	69.5	68.5	54	78	44	46	64.5	48	63.5	49.5	27	51.5	38.5	77	61	88.5	61.5	74	88	75	62	38	87	44	67	29	14	77	84	93.5	46.5	89	27.5	49	47	0	67.5	78.5	72	63	37	25	75.5	81.5	77.5	71.5	59.5	41.5	35.5	81	49	29.5	45.5	55	43.5	70.5	68	5	64.5	55	28	32	52.5	89	46.5	70	4	73	45.5	69	59	70.5	30.5	36.5	85	
51	37.5	44	49	73	18	22	46	55	17	49.5	32	37.5	69.5	46.5	40	37	34.5	28.5	51.5	51.5	32.5	48	46	23	21	18	19	19.5	18.5	49.5	49.5	31	47.5	24	46	52.5	44	53	17.5	34.5	29	32	14.5	52.5	15.5	27.5	53.5	33.5	51.5	28.5	54.5	53.5	17.5	24.5	34	27	51.5	68	24.5	32.5	67.5	0	37	17.5	32.5	32.5	64.5	12	22	42	12	34	54	36	45.5	46.5	66	36	40.5	52	11	13.5	72.5	15	40.5	67.5	63.5	37	51.5	49	30.5	71.5	22.5	50	31.5	14.5	35	51	59	35.5	
22	13.5	15	32	68	33	31	45	84	26	20.5	49	28.5	66.5	49.5	31	34	25.5	37.5	24.5	80.5	23.5	43	65	14	50	25	24	48.5	32.5	66.5	46.5	40	58.5	47	45	81.5	57	44	31.5	31.5	32	49	28.5	23.5	29.5	48.5	72.5	22.5	44.5	37.5	81.5	82.5	31.5	33.5	43	56	24.5	63	53.5	61.5	78.5	37	0	38.5	23.5	61.5	55.5	31	15	13	31	25	47	65	16.5	39.5	65	65	55.5	59	30	42.5	73.5	44	45.5	68.5	72.5	28	24.5	62	20.5	74.5	33.5	61	19.5	43.5	16	80	52	20.5	
46.5	33	39.5	56.5	67.5	27.5	31.5	44.5	59.5	30.5	45	36.5	28	66	49	49.5	33.5	25	38	49	56	15	42.5	50.5	32.5	25.5	29.5	28.5	24	28	54	46	35.5	52	28.5	44.5	57	48.5	43.5	27	31	38.5	36.5	24	48	25	32	58	43	44	33	59	58	27	34	43.5	31.5	49	62.5	29	37	72	17.5	38.5	0	15	37	55	29.5	31.5	37.5	21.5	24.5	46.5	40.5	41	39	64.5	40.5	45	56.5	20.5	4	73	19.5	45	68	68	27.5	49	53.5	30	74	5	54.5	29	19	30.5	55.5	51.5	45	
31.5	18	24.5	41.5	52.5	32.5	46.5	29.5	70.5	15.5	30	33.5	13	51	34	40.5	18.5	10	47	34	69	0	27.5	49.5	37.5	40.5	14.5	13.5	39	37	51	31	24.5	43	31.5	29.5	68	41.5	28.5	38	16	41.5	33.5	39	33	40	33	57	32	29	22	66	73	38	49	56.5	46.5	34	47.5	44	48	63	32.5	23.5	15	0	52	40	20.5	38.5	22.5	36.5	9.5	31.5	55.5	26	24	49.5	49.5	40	43.5	35.5	19	58	30.5	30	53	57	12.5	34	46.5	15	59	10	45.5	14	34	15.5	64.5	36.5	30	
81.5	62	70.5	73.5	42.5	42.5	46.5	30.5	24.5	49.5	80	26.5	47	39	26	64.5	41.5	50	53	76	21	52	32.5	15.5	47.5	15.5	50.5	51.5	19	43	19	29	35.5	15	28.5	30.5	22	18.5	31.5	42	44	53.5	26.5	39	77	40	27	23	58	31	38	24	23	42	49	58.5	11.5	76	37.5	14	12	37	32.5	61.5	37	52	0	40	44.5	46.5	72.5	36.5	50.5	28.5	5.5	74	36	35.5	10.5	20	21.5	35.5	33	42	29.5	30	37	33	47.5	76	18.5	55	41	42	19.5	56	24	59.5	20.5	28.5	60	
63.5	50	56.5	73.5	14.5	64.5	80.5	26.5	32.5	47.5	62	40.5	35	13	26	72.5	35.5	32	79	66	31	40	24.5	26.5	69.5	51.5	46.5	45.5	53	69	23	23	41.5	25	48.5	26.5	30	28.5	15.5	70	38	73.5	40.5	73	65	72	45	17	64	21	44	28	39	70	83	88.5	45.5	66	9.5	48	40	25	64.5	55.5	55	40	40	0	52.5	70.5	54.5	70.5	36.5	18.5	36.5	58	26	11.5	36.5	32	20.5	71.5	59	20	57.5	32	15	19	29.5	66	23.5	47	21	50	22.5	46	58	47.5	26.5	13.5	62	
39	25.5	32	49	65	30	34	42	67	5	37.5	44	25.5	63.5	46.5	48	31	22.5	40.5	41.5	63.5	20.5	40	58	35	33	6	7	31.5	30.5	61.5	43.5	37	55.5	36	42	64.5	54	41	29.5	28.5	41	44	26.5	40.5	27.5	39.5	65.5	39.5	41.5	34.5	66.5	65.5	29.5	36.5	46	39	41.5	60	36.5	44.5	75.5	12	31	29.5	20.5	44.5	52.5	0	34	30	24	22	44	48	33.5	36.5	62	48	52.5	56	23	25.5	70.5	27	42.5	65.5	69.5	25	41.5	59	22.5	71.5	30.5	58	21.5	26.5	23	63	49	37.5	
37	28.5	30	43	83	22	16	60	69	39	35.5	46	43.5	81.5	60.5	34	49	40.5	22.5	39.5	65.5	38.5	58	60	1	35	40	39	33.5	17.5	63.5	61.5	45	61.5	38	60	66.5	58	59	16.5	46.5	23	46	13.5	38.5	14.5	41.5	67.5	27.5	59.5	42.5	68.5	67.5	16.5	18.5	28	41	39.5	78	38.5	46.5	81.5	22	15	31.5	38.5	46.5	70.5	34	0	28	16	40	62	50	31.5	54.5	80	50	54.5	66	15	27.5	86.5	29	54.5	81.5	77.5	43	39.5	63	35.5	85.5	36.5	64	34.5	28.5	31	65	67	29.5	
11	12.5	2	21	67	32	26	44	85	25	9.5	48	27.5	65.5	48.5	20	33	24.5	26.5	13.5	83.5	22.5	42	64	27	59	24	23	55.5	31.5	65.5	45.5	39	57.5	46	44	82.5	56	43	32.5	30.5	19	48	35.5	12.5	34.5	47.5	71.5	16.5	43.5	36.5	80.5	91.5	32.5	30.5	36	63	13.5	62	60.5	62.5	77.5	42	13	37.5	22.5	72.5	54.5	30	28	0	38	24	46	74	5.5	38.5	64	64	54.5	58	39	41.5	72.5	45	44.5	67.5	71.5	27	13.5	61	19.5	73.5	32.5	60	18.5	50.5	15	79	51	14.5	
47	31.5	40	43	77	6	16	50	59	29	45.5	36	41.5	73.5	50.5	34	41	40.5	22.5	45.5	55.5	36.5	52	50	17	25	30	31	23.5	12.5	53.5	53.5	35	51.5	28	50	56.5	48	59	11.5	38.5	23	36	8.5	46.5	9.5	31.5	57.5	27.5	55.5	32.5	58.5	57.5	11.5	18.5	28	31	45.5	72	28.5	36.5	71.5	12	31	21.5	36.5	36.5	70.5	24	16	38	0	40	58	40	41.5	50.5	70	40	44.5	56	1	17.5	76.5	19	44.5	71.5	67.5	43	45.5	53	29.5	75.5	26.5	54	30.5	18.5	23	55	63	29.5	
33	19.5	26	43	49	34	50	26	67	17	31.5	30	9.5	47.5	30.5	42	15	6.5	48.5	35.5	65.5	9.5	24	46	39	39	16	15	37.5	38.5	47.5	27.5	21	39.5	28	26	64.5	38	25	39.5	12.5	43	30	42.5	34.5	41.5	29.5	53.5	33.5	25.5	18.5	62.5	71.5	39.5	52.5	58	45	35.5	44	42.5	44.5	59.5	34	25	24.5	9.5	50.5	36.5	22	40	24	40	0	28	54	27.5	20.5	46	46	36.5	40	39	28.5	54.5	21	26.5	49.5	53.5	9	35.5	43	16.5	55.5	19.5	42	15.5	32.5	17	61	33	31.5	
55	41.5	48	65	31	56	68	18	49	39	53.5	32	26.5	29.5	17.5	64	27	23.5	70.5	57.5	47.5	31.5	16	28	61	37	38	37	40.5	60.5	29.5	14.5	33	21.5	40	18	46.5	10	3	61.5	29.5	65	32	60.5	56.5	61.5	36.5	35.5	55.5	12.5	35.5	44.5	49.5	61.5	70.5	80	33	57.5	26	35.5	31.5	41.5	54	47	46.5	31.5	28.5	18.5	44	62	46	58	28	0	32	49.5	17.5	28	18	23.5	22	57	50.5	36.5	49	23.5	31.5	35.5	21	57.5	25	38.5	37.5	41.5	24	37.5	45.5	39	43	15	53.5	
83	65.5	74	77	41	46	50	34	23	53	81.5	30	50.5	37.5	29.5	68	45	51.5	56.5	79.5	19.5	55.5	36	10	51	19	54	55	22.5	46.5	17.5	32.5	39	20.5	32	34	20.5	22	35	45.5	47.5	57	30	42.5	80.5	43.5	30.5	21.5	61.5	34.5	41.5	22.5	21.5	45.5	52.5	62	15	79.5	36	17.5	15.5	35.5	36	65	40.5	55.5	5.5	36.5	48	50	74	40	54	32	0	77.5	39.5	34	14	23.5	16	39	36.5	40.5	33	33.5	35.5	31.5	49	79.5	13	58.5	39.5	45.5	14	59.5	27.5	63	19	23	63.5	
9.5	16	7.5	19.5	70.5	35.5	31.5	47.5	88.5	28.5	8	51.5	31	69	52	18.5	36.5	28	21	12	87	26	45.5	67.5	30.5	62.5	27.5	26.5	59	35	69	49	42.5	61	49.5	47.5	86	59.5	46.5	36	34	24.5	51.5	39	11	38	51	75	20	47	40	84	95	36	25	34.5	66.5	12	65.5	64	66	81	45.5	16.5	41	26	74	58	33.5	31.5	5.5	41.5	27.5	49.5	77.5	0	42	67.5	67.5	58	61.5	42.5	45	76	48.5	48	71	75	30.5	12	64.5	23	77	36	63.5	22	54	18.5	82.5	54.5	18	
47.5	34	40.5	57.5	38.5	48.5	60.5	15.5	56.5	31.5	46	24.5	19	37	20	56.5	19.5	16	63	50	55	24	13.5	35.5	53.5	29.5	30.5	29.5	33	53	37	17	25.5	29	32.5	15.5	54	27.5	14.5	54	22	57.5	24.5	53	49	54	29	43	48	15	28	52	57	54	63	72.5	30.5	50	33.5	22	34	49	46.5	39.5	39	24	36	26	36.5	54.5	38.5	50.5	20.5	17.5	39.5	42	0	35.5	35.5	26	29.5	49.5	43	44	41.5	6	39	43	13.5	50	32.5	31	45	34	31.5	30	38	31.5	50.5	22.5	46	
73	59.5	66	83	19	74	80	36	33	57	71.5	50	44.5	17.5	35.5	82	45	41.5	86.5	75.5	29.5	49.5	34	36	79	49	56	55	52.5	76.5	32.5	32.5	51	34.5	58	36	30.5	38	25	75.5	47.5	83	50	72.5	74.5	73.5	54.5	28.5	73.5	30.5	53.5	32.5	31.5	75.5	82.5	92	45	75.5	2	47.5	45.5	29.5	66	65	64.5	49.5	35.5	11.5	62	80	64	70	46	28	34	67.5	35.5	0	44	41.5	30	69	66.5	24.5	63	41.5	19.5	23.5	39	75.5	33	56.5	25.5	59.5	32	55.5	57.5	57	15	23	71.5	
73	59.5	66	77	49	46	50	34	33	53	71.5	30	44.5	47.5	29.5	68	45	41.5	56.5	75.5	29.5	49.5	34	24	51	19	54	55	22.5	46.5	27.5	32.5	39	25.5	32	34	30.5	8	21	45.5	47.5	57	30	42.5	74.5	43.5	30.5	31.5	61.5	30.5	41.5	32.5	31.5	45.5	52.5	62	15	75.5	44	17.5	15.5	45.5	36	65	40.5	49.5	10.5	36.5	48	50	64	40	46	18	14	67.5	35.5	44	0	23.5	30	39	36.5	50.5	33	33.5	45.5	41.5	39	75.5	27	56.5	49.5	45.5	28	55.5	27.5	57	29	33	63.5	
63.5	50	56.5	73.5	44.5	50.5	54.5	26.5	42.5	47.5	62	34.5	35	43	6	72.5	35.5	32	61	66	39	40	24.5	33.5	55.5	23.5	46.5	45.5	27	51	37	9	41.5	35	36.5	26.5	40	31.5	20.5	50	38	61.5	34.5	47	65	48	35	41	64	11	44	42	41	50	57	66.5	19.5	66	39.5	22	8	55	40.5	55.5	45	40	20	32	52.5	54.5	54.5	44.5	36.5	23.5	23.5	58	26	41.5	23.5	0	35.5	43.5	41	50	37.5	32	45	49	29.5	66	36.5	47	51	50	37.5	46	32	47.5	38.5	28.5	62	
67	53.5	60	77	33	62	66	30	39	51	65.5	44	38.5	31.5	29.5	76	39	35.5	72.5	69.5	35.5	43.5	28	6	67	35	50	49	38.5	62.5	31.5	26.5	45	28.5	48	30	36.5	32	19	61.5	41.5	73	44	58.5	68.5	59.5	46.5	37.5	67.5	24.5	47.5	38.5	37.5	61.5	68.5	78	31	69.5	28	33.5	31.5	43.5	52	59	56.5	43.5	21.5	20.5	56	66	58	56	40	22	16	61.5	29.5	30	30	35.5	0	55	52.5	38.5	49	35.5	33.5	37.5	33	69.5	3	50.5	39.5	53.5	2	49.5	43.5	51	35	7	65.5	
48	30.5	39	42	76	7	15	49	58	28	46.5	35	40.5	72.5	49.5	33	40	41.5	21.5	44.5	54.5	35.5	51	49	16	24	29	30	22.5	11.5	52.5	52.5	34	50.5	27	49	55.5	47	60	10.5	37.5	22	35	7.5	45.5	8.5	30.5	56.5	26.5	54.5	31.5	57.5	56.5	10.5	17.5	27	30	44.5	71	27.5	35.5	70.5	11	30	20.5	35.5	35.5	71.5	23	15	39	1	39	57	39	42.5	49.5	69	39	43.5	55	0	16.5	75.5	18	43.5	70.5	66.5	44	44.5	52	28.5	74.5	25.5	53	29.5	17.5	24	54	62	28.5	
50.5	37	43.5	54.5	71.5	23.5	27.5	46.5	55.5	30.5	49	32.5	32	70	47	45.5	37.5	29	34	53	52	19	46.5	46.5	28.5	21.5	31.5	32.5	20	24	50	50	31.5	48	24.5	46.5	53	44.5	47.5	23	35	34.5	32.5	20	52	21	28	54	39	48	29	55	54	23	30	39.5	27.5	53	66.5	25	33	68	13.5	42.5	4	19	33	59	25.5	27.5	41.5	17.5	28.5	50.5	36.5	45	43	66.5	36.5	41	52.5	16.5	0	73	15.5	41	68	64	31.5	53	49.5	34	72	9	50.5	33	15	34.5	51.5	55.5	41	
81.5	68	74.5	91.5	17.5	82.5	86.5	44.5	29.5	65.5	80	58.5	53	21	44	90.5	53.5	50	93	84	31	58	42.5	44.5	87.5	55.5	64.5	63.5	59	83	41	41	59.5	43	66.5	44.5	32	46.5	33.5	82	56	91.5	58.5	79	83	80	63	37	82	39	62	34	19	82	89	98.5	51.5	84	22.5	54	52	5	72.5	73.5	73	58	42	20	70.5	86.5	72.5	76.5	54.5	36.5	40.5	76	44	24.5	50.5	50	38.5	75.5	73	0	69.5	50	23	27	47.5	84	41.5	65	1	68	40.5	64	64	65.5	35.5	31.5	80	
54	40.5	47	56	70	25	29	43	52	32	52.5	29	30.5	66.5	43.5	47	34	27.5	35.5	56.5	48.5	30.5	45	43	30	18	33	34	16.5	25.5	46.5	46.5	28	44.5	21	43	49.5	41	46	24.5	31.5	36	29	21.5	55.5	22.5	24.5	50.5	40.5	46.5	25.5	51.5	50.5	24.5	31.5	41	24	56.5	65	21.5	29.5	64.5	15	44	19.5	30.5	29.5	57.5	27	29	45	19	21	49	33	48.5	41.5	63	33	37.5	49	18	15.5	69.5	0	37.5	64.5	60.5	30	56.5	46	37.5	68.5	24.5	47	36.5	11.5	38	48	54	42.5	
53.5	40	46.5	63.5	44.5	50.5	54.5	21.5	52.5	37.5	52	30.5	25	43	26	62.5	25.5	22	61	56	49	30	19.5	41.5	55.5	23.5	36.5	35.5	27	51	43	23	31.5	35	36.5	21.5	50	33.5	20.5	50	28	61.5	30.5	47	55	48	35	49	54	21	34	52	51	50	57	66.5	24.5	56	39.5	16	30	55	40.5	45.5	45	30	30	32	42.5	54.5	44.5	44.5	26.5	23.5	33.5	48	6	41.5	33.5	32	35.5	43.5	41	50	37.5	0	45	49	19.5	56	38.5	37	51	40	37.5	36	32	37.5	48.5	28.5	52	
76.5	63	69.5	86.5	17.5	77.5	81.5	39.5	29.5	60.5	75	53.5	48	2	39	85.5	48.5	45	88	79	16	53	37.5	39.5	82.5	50.5	59.5	58.5	54	78	36	36	54.5	38	61.5	39.5	15	41.5	28.5	77	51	86.5	53.5	74	78	75	58	32	77	34	57	13	28	77	84	93.5	46.5	79	17.5	49	47	28	67.5	68.5	68	53	37	15	65.5	81.5	67.5	71.5	49.5	31.5	35.5	71	39	19.5	45.5	45	33.5	70.5	68	23	64.5	45	0	4	42.5	79	36.5	60	24	63	35.5	59	59	60.5	30.5	26.5	75	
80.5	67	73.5	90.5	21.5	73.5	77.5	43.5	25.5	64.5	79	57.5	52	6	43	89.5	52.5	49	84	83	12	57	41.5	41.5	78.5	46.5	63.5	62.5	50	74	40	40	58.5	42	59.5	43.5	11	45.5	32.5	73	55	84.5	57.5	70	82	71	58	34	81	38	61	9	24	73	80	89.5	42.5	83	21.5	45	43	32	63.5	72.5	68	57	33	19	69.5	77.5	71.5	67.5	53.5	35.5	31.5	75	43	23.5	41.5	49	37.5	66.5	64	27	60.5	49	4	0	46.5	83	40.5	64	28	67	39.5	63	55	64.5	26.5	30.5	79	
36	22.5	29	46	42	37	53	19	60	20	34.5	23	7.5	40.5	23.5	45	6	4.5	51.5	38.5	58.5	12.5	17	39	42	34	19	18	30.5	41.5	40.5	20.5	12	32.5	19	19	57.5	31	18	42.5	10.5	46	23	45.5	37.5	44.5	22.5	46.5	36.5	18.5	16.5	55.5	66.5	42.5	55.5	61	38	38.5	37	35.5	37.5	52.5	37	28	27.5	12.5	47.5	29.5	25	43	27	43	9	21	49	30.5	13.5	39	39	29.5	33	44	31.5	47.5	30	19.5	42.5	46.5	0	38.5	36	19.5	48.5	22.5	35	18.5	30.5	20	54	26	34.5	
7.5	24	15.5	17.5	78.5	43.5	35.5	55.5	96.5	36.5	4	59.5	39	77	60	21.5	44.5	36	33	0	95	34	53.5	75.5	38.5	64.5	35.5	34.5	63	43	77	57	50.5	69	57.5	55.5	94	67.5	54.5	44	42	32.5	59.5	43	1	44	59	83	28	55	48	92	97	44	33	32.5	70.5	0	73.5	68	74	89	51.5	24.5	49	34	76	66	41.5	39.5	13.5	45.5	35.5	57.5	79.5	12	50	75.5	75.5	66	69.5	44.5	53	84	56.5	56	79	83	38.5	0	72.5	31	85	44	71.5	30	58	26.5	90.5	62.5	26	
70	56.5	63	80	36	59	63	33	36	54	68.5	43	41.5	34.5	32.5	79	42	38.5	69.5	72.5	32.5	46.5	31	3	64	32	53	52	35.5	59.5	30.5	29.5	48	31.5	45	33	33.5	35	22	58.5	44.5	70	43	55.5	71.5	56.5	43.5	34.5	70.5	27.5	50.5	35.5	34.5	58.5	65.5	75	28	72.5	31	30.5	28.5	46.5	49	62	53.5	46.5	18.5	23.5	59	63	61	53	43	25	13	64.5	32.5	33	27	36.5	3	52	49.5	41.5	46	38.5	36.5	40.5	36	72.5	0	53.5	42.5	56.5	1	52.5	40.5	54	32	10	68.5	
28.5	15	21.5	38.5	59.5	29.5	39.5	36.5	77.5	17.5	27	40.5	20	58	41	37.5	25.5	17	44	31	74	15	34.5	56.5	34.5	43.5	16.5	15.5	42	34	58	38	31.5	50	38.5	36.5	75	48.5	35.5	35	23	38.5	40.5	32	30	33	40	64	29	36	29	73	76	35	42	51.5	49.5	31	54.5	47	55	70	30.5	20.5	30	15	55	47	22.5	35.5	19.5	29.5	16.5	38.5	58.5	23	31	56.5	56.5	47	50.5	28.5	34	65	37.5	37	60	64	19.5	31	53.5	0	66	25	52.5	1	37	12.5	71.5	43.5	27	
82.5	69	75.5	92.5	18.5	81.5	85.5	45.5	28.5	66.5	81	59.5	54	22	45	91.5	54.5	51	92	85	30	59	43.5	45.5	86.5	54.5	65.5	64.5	58	82	42	42	60.5	44	67.5	45.5	31	47.5	34.5	81	57	92.5	59.5	78	84	79	64	38	83	40	63	33	18	81	88	97.5	50.5	85	23.5	53	51	4	71.5	74.5	74	59	41	21	71.5	85.5	73.5	75.5	55.5	37.5	39.5	77	45	25.5	49.5	51	39.5	74.5	72	1	68.5	51	24	28	48.5	85	42.5	66	0	69	41.5	65	63	66.5	34.5	32.5	81	
41.5	28	34.5	51.5	62.5	32.5	36.5	39.5	64.5	25.5	40	41.5	23	61	44	50.5	28.5	20	43	44	61	10	37.5	55.5	37.5	30.5	24.5	23.5	29	33	59	41	34.5	53	33.5	39.5	62	51.5	38.5	32	26	43.5	41.5	29	43	30	37	63	42	39	32	64	63	32	39	48.5	36.5	44	57.5	34	42	73	22.5	33.5	5	10	42	50	30.5	36.5	32.5	26.5	19.5	41.5	45.5	36	34	59.5	45.5	50	53.5	25.5	9	68	24.5	40	63	67	22.5	44	56.5	25	69	0	55.5	24	24	25.5	60.5	46.5	40	
69	55.5	62	79	35	60	64	32	37	53	67.5	44	40.5	33.5	31.5	78	41	37.5	70.5	71.5	33.5	45.5	30	4	65	33	52	51	36.5	60.5	31.5	28.5	47	30.5	46	32	34.5	34	21	59.5	43.5	71	44	56.5	70.5	57.5	44.5	35.5	69.5	26.5	49.5	36.5	35.5	59.5	66.5	76	29	71.5	30	31.5	29.5	45.5	50	61	54.5	45.5	19.5	22.5	58	64	60	54	42	24	14	63.5	31.5	32	28	37.5	2	53	50.5	40.5	47	37.5	35.5	39.5	35	71.5	1	52.5	41.5	55.5	0	51.5	41.5	53	33	9	67.5	
27.5	14	20.5	37.5	58.5	28.5	40.5	35.5	76.5	16.5	26	39.5	19	57	40	36.5	24.5	16	43	30	75	14	33.5	55.5	33.5	44.5	15.5	14.5	43	33	57	37	30.5	49	37.5	35.5	74	47.5	34.5	34	22	37.5	39.5	33	29	34	39	63	28	35	28	72	77	34	43	52.5	50.5	30	53.5	48	54	69	31.5	19.5	29	14	56	46	21.5	34.5	18.5	30.5	15.5	37.5	59.5	22	30	55.5	55.5	46	49.5	29.5	33	64	36.5	36	59	63	18.5	30	52.5	1	65	24	51.5	0	38	11.5	70.5	42.5	26	
59.5	44	52.5	55.5	64.5	24.5	28.5	37.5	46.5	31.5	58	23.5	23	61	38	46.5	28.5	26	35	58	43	34	39.5	37.5	29.5	12.5	32.5	33.5	11	25	41	41	22.5	39	15.5	37.5	44	35.5	46.5	24	20	35.5	23.5	21	59	22	19	45	40	43	14	46	45	24	31	40.5	18.5	58	59.5	16	24	59	14.5	43.5	19	34	24	58	26.5	28.5	50.5	18.5	32.5	45.5	27.5	54	38	57.5	27.5	32	43.5	17.5	15	64	11.5	32	59	55	30.5	58	40.5	37	63	24	41.5	38	0	41.5	42.5	50.5	42	
24	10.5	17	34	60	17	39	37	78	18	22.5	41	20.5	58.5	41.5	33	26	17.5	39.5	26.5	76.5	15.5	35	57	30	48	17	16	46.5	29.5	58.5	38.5	32	50.5	39	37	75.5	49	36	30.5	23.5	34	41	31.5	25.5	32.5	40.5	64.5	24.5	36.5	29.5	73.5	80.5	30.5	41.5	49	54	26.5	55	51.5	55.5	70.5	35	16	30.5	15.5	59.5	47.5	23	31	15	23	17	39	63	18.5	31.5	57	57	47.5	51	24	34.5	65.5	38	37.5	60.5	64.5	20	26.5	54	12.5	66.5	25.5	53	11.5	41.5	0	72	44	22.5	
88	74.5	81	92	34	61	65	49	18	68	86.5	45	59.5	32.5	44.5	83	60	56.5	71.5	90.5	14.5	64.5	49	29	66	34	69	70	37.5	61.5	27.5	47.5	54	35.5	47	49	15.5	37	40	60.5	62.5	72	45	57.5	89.5	58.5	45.5	21.5	76.5	45.5	56.5	17.5	16.5	60.5	67.5	77	30	90.5	17	32.5	30.5	30.5	51	80	55.5	64.5	20.5	26.5	63	65	79	55	61	43	19	82.5	50.5	15	29	38.5	35	54	51.5	35.5	48	48.5	30.5	26.5	54	90.5	32	71.5	34.5	60.5	33	70.5	42.5	72	0	38	78.5	
60	46.5	53	70	26	61	73	23	44	44	58.5	37	31.5	24.5	22.5	69	32	28.5	75.5	62.5	42.5	36.5	21	13	66	42	43	42	45.5	65.5	24.5	19.5	38	21.5	45	23	41.5	25	12	66.5	34.5	70	37	65.5	61.5	66.5	41.5	30.5	60.5	17.5	40.5	39.5	44.5	66.5	75.5	85	38	62.5	21	40.5	36.5	36.5	59	52	51.5	36.5	28.5	13.5	49	67	51	63	33	15	23	54.5	22.5	23	33	28.5	7	62	55.5	31.5	54	28.5	26.5	30.5	26	62.5	10	43.5	32.5	46.5	9	42.5	50.5	44	38	0	58.5	
23.5	20	16.5	33.5	74.5	35.5	24.5	51.5	82.5	32.5	22	55.5	35	73	56	32.5	40.5	32	31	26	79	30	49.5	71.5	30.5	48.5	31.5	30.5	47	31	73	53	46.5	65	51.5	51.5	80	63.5	50.5	30	38	31.5	55.5	27	25	28	55	79	2	51	44	82	81	30	27	36.5	54.5	26	69.5	52	60	85	35.5	20.5	45	30	60	62	37.5	29.5	14.5	29.5	31.5	53.5	63.5	18	46	71.5	63.5	62	65.5	28.5	41	80	42.5	52	75	79	34.5	26	68.5	27	81	40	67.5	26	42	22.5	78.5	58.5	0	
