Number of items: 100
Horizon: 6
Time limit: 750
Load limit: 6000
Initial item inventory level
83
267
126
11
111
123
213
51
63
134
86
134
54
70
81
279
95
267
105
225
196
104
60
10
98
28
91
94
34
182
77
276
276
94
282
38
64
285
86
142
12
43
190
186
94
196
54
86
252
32
75
54
172
20
36
90
164
83
43
98
37
81
219
123
24
164
16
117
174
182
73
264
70
225
53
36
82
72
26
88
96
264
11
156
110
130
18
184
18
99
16
279
198
138
23
160
33
66
83
186
Maximum inventory capacity per item
166
356
189
22
148
164
284
68
126
201
129
201
81
140
108
372
190
356
140
300
294
156
120
20
147
42
182
141
68
273
154
368
368
188
376
57
128
380
129
213
24
86
285
248
141
294
81
172
336
64
150
81
258
40
72
135
246
166
86
147
74
162
292
164
48
246
32
156
261
273
146
352
105
300
106
54
164
144
52
176
192
352
22
208
165
195
36
276
36
198
32
372
297
184
46
240
44
132
166
248
Reserve storage replenishment rate per item and per period
498	0	0	498	0	0	
534	0	0	534	0	0	
378	0	0	378	0	0	
66	0	0	66	0	0	
222	0	0	222	0	0	
246	0	0	246	0	0	
426	0	0	426	0	0	
102	0	0	102	0	0	
378	0	0	378	0	0	
402	0	0	402	0	0	
258	0	0	258	0	0	
402	0	0	402	0	0	
162	0	0	162	0	0	
420	0	0	420	0	0	
162	0	0	162	0	0	
558	0	0	558	0	0	
570	0	0	570	0	0	
534	0	0	534	0	0	
210	0	0	210	0	0	
450	0	0	450	0	0	
588	0	0	588	0	0	
312	0	0	312	0	0	
360	0	0	360	0	0	
60	0	0	60	0	0	
294	0	0	294	0	0	
84	0	0	84	0	0	
546	0	0	546	0	0	
282	0	0	282	0	0	
204	0	0	204	0	0	
546	0	0	546	0	0	
462	0	0	462	0	0	
552	0	0	552	0	0	
552	0	0	552	0	0	
564	0	0	564	0	0	
564	0	0	564	0	0	
114	0	0	114	0	0	
384	0	0	384	0	0	
570	0	0	570	0	0	
258	0	0	258	0	0	
426	0	0	426	0	0	
72	0	0	72	0	0	
258	0	0	258	0	0	
570	0	0	570	0	0	
372	0	0	372	0	0	
282	0	0	282	0	0	
588	0	0	588	0	0	
162	0	0	162	0	0	
516	0	0	516	0	0	
504	0	0	504	0	0	
192	0	0	192	0	0	
450	0	0	450	0	0	
162	0	0	162	0	0	
516	0	0	516	0	0	
120	0	0	120	0	0	
216	0	0	216	0	0	
270	0	0	270	0	0	
492	0	0	492	0	0	
498	0	0	498	0	0	
258	0	0	258	0	0	
294	0	0	294	0	0	
222	0	0	222	0	0	
486	0	0	486	0	0	
438	0	0	438	0	0	
246	0	0	246	0	0	
144	0	0	144	0	0	
492	0	0	492	0	0	
96	0	0	96	0	0	
234	0	0	234	0	0	
522	0	0	522	0	0	
546	0	0	546	0	0	
438	0	0	438	0	0	
528	0	0	528	0	0	
210	0	0	210	0	0	
450	0	0	450	0	0	
318	0	0	318	0	0	
108	0	0	108	0	0	
492	0	0	492	0	0	
432	0	0	432	0	0	
156	0	0	156	0	0	
528	0	0	528	0	0	
576	0	0	576	0	0	
528	0	0	528	0	0	
66	0	0	66	0	0	
312	0	0	312	0	0	
330	0	0	330	0	0	
390	0	0	390	0	0	
108	0	0	108	0	0	
552	0	0	552	0	0	
108	0	0	108	0	0	
594	0	0	594	0	0	
96	0	0	96	0	0	
558	0	0	558	0	0	
594	0	0	594	0	0	
276	0	0	276	0	0	
138	0	0	138	0	0	
480	0	0	480	0	0	
66	0	0	66	0	0	
396	0	0	396	0	0	
498	0	0	498	0	0	
372	0	0	372	0	0	
Forward storage demand rate per item and per period
83	102	61	111	27	120	
89	115	26	104	112	119	
63	97	44	84	52	39	
11	7	11	10	9	10	
37	26	28	43	40	28	
41	21	60	47	56	71	
71	106	71	54	35	20	
17	13	9	18	20	11	
63	62	75	96	25	79	
67	65	87	74	60	29	
43	45	52	57	32	36	
67	129	50	88	122	93	
27	28	41	43	12	38	
70	110	14	41	24	127	
27	20	10	21	43	27	
93	19	94	64	14	87	
95	140	155	71	79	168	
89	98	141	89	9	96	
35	24	40	40	30	38	
75	106	67	11	82	111	
98	148	85	147	104	184	
52	76	62	58	77	60	
60	85	18	73	66	13	
10	11	5	5	15	9	
49	41	74	46	50	9	
14	15	18	15	5	14	
91	100	47	34	97	34	
47	88	41	40	30	46	
34	21	33	29	29	54	
91	145	67	47	153	44	
77	77	78	92	127	100	
92	72	19	52	81	178	
92	67	65	30	97	7	
94	45	33	69	72	35	
94	161	154	142	103	121	
19	11	18	5	34	22	
64	72	37	26	54	63	
95	115	65	122	124	97	
43	80	67	23	31	44	
71	20	47	64	78	82	
12	15	3	11	8	10	
43	40	28	18	41	26	
95	61	101	95	82	93	
62	3	8	57	111	69	
47	78	40	61	13	59	
98	86	146	37	140	146	
27	49	34	7	18	24	
86	155	30	110	65	32	
84	138	86	119	52	129	
32	28	31	16	30	21	
75	8	52	110	96	97	
27	28	23	35	22	47	
86	68	85	72	131	60	
20	17	11	5	4	16	
36	40	19	55	52	7	
45	19	63	70	47	17	
82	57	59	127	58	46	
83	111	44	37	117	42	
43	84	28	63	9	62	
49	50	29	29	33	57	
37	59	56	58	41	34	
81	104	66	49	31	35	
73	78	41	130	51	12	
41	47	35	33	46	40	
24	21	33	29	17	34	
82	54	44	82	105	79	
16	20	10	20	14	23	
39	19	44	47	30	58	
87	105	131	145	94	49	
91	56	142	58	115	51	
73	57	92	63	108	76	
88	149	108	82	100	30	
35	46	51	38	60	58	
75	71	72	59	72	79	
53	64	89	55	44	76	
18	19	28	11	16	9	
82	94	102	131	79	147	
72	141	121	29	73	38	
26	19	36	16	15	45	
88	57	96	128	55	111	
96	128	108	77	95	114	
88	78	100	107	72	145	
11	12	16	7	7	12	
52	91	12	5	84	46	
55	76	25	17	76	35	
65	51	74	20	105	56	
18	17	19	17	13	20	
92	159	26	139	71	73	
18	23	27	20	5	16	
99	45	163	160	130	49	
16	19	21	21	11	0	
93	26	35	95	127	63	
99	104	97	47	34	105	
46	62	62	59	7	49	
23	30	11	20	11	21	
80	58	91	59	144	37	
11	11	17	6	9	10	
66	47	93	43	82	97	
83	103	84	99	80	84	
62	74	35	111	85	62	
Distance matrix
0	39.5	31.5	80	19.5	43.5	56	39	4.5	52	39	70.5	56	48	89	34	48.5	43	85.5	35	73.5	34.5	50.5	31.5	21.5	60	28	12	66.5	66.5	39	2	30.5	29.5	35.5	40.5	40	59	34.5	25	57	57.5	89.5	73.5	64	29	48.5	25.5	68	58	66.5	54	58	39	29	51	85.5	73	41.5	42.5	70	70	57	32.5	23.5	35.5	83.5	50.5	58.5	9	20.5	49.5	25.5	54	57	57	9	52.5	36.5	27	88.5	45.5	17	23	86.5	8	77	83	83	96	17	26.5	30.5	36	43.5	78.5	49.5	81.5	83.5	80.5	43.5	
39.5	0	36	40.5	34	28	40.5	23.5	39	23.5	36.5	55	40.5	32.5	61.5	41.5	9	32.5	50	40.5	52	41	35	44	26	44.5	17.5	31.5	49	51	23.5	41.5	45	44	30	35	35.5	43.5	41	50.5	41.5	38	56	58	48.5	46.5	33	50	52.5	42.5	29	26.5	22.5	36.5	46.5	24.5	60	57.5	26	33	30.5	54.5	41.5	43	18	30	68	25	43	48.5	25	34	20	38.5	41.5	41.5	48.5	23	21	48.5	67	30	36.5	42.5	59	47.5	61.5	57.5	57.5	64.5	56.5	49	9	20.5	32	63	34	66	68	45	32	
31.5	36	0	48.5	26	40	52.5	35.5	31	26.5	29.5	67	52.5	40.5	69.5	29.5	35	35.5	58	28.5	60	29	43	32	10	56.5	24.5	23.5	57	63	35.5	33.5	33	34	32	9	23.5	55.5	29	38.5	53.5	46	64	70	60.5	34.5	45	38	64.5	50.5	37	34.5	30.5	29.5	34.5	27.5	68	69.5	38	11	38.5	66.5	51.5	31	20	32	80	23	55	40.5	11	46	22	50.5	53.5	53.5	40.5	21	33	36.5	75	28	28.5	34.5	67	39.5	73.5	65.5	65.5	72.5	46.5	37	27	32.5	30	75	44	78	80	53	30	
80	40.5	48.5	0	60.5	36.5	24	41	75.5	28	41	24.5	24	32	21	46	31.5	37	9.5	45	11.5	45.5	29.5	48.5	58.5	20	52	68	13.5	38.5	41	78	49.5	50.5	44.5	39.5	40	31	45.5	55	33	22.5	15.5	51.5	26	51	31.5	54.5	42	22	13.5	26	22	41	51	29	19.5	47	38.5	37.5	10	20	23	47.5	56.5	44.5	31.5	29.5	21.5	71	59.5	30.5	54.5	26	33	23	71	27.5	43.5	53	26.5	34.5	63	57	18.5	72	43	17	17	24	63	53.5	49.5	44	36.5	46.5	30.5	33.5	41.5	4.5	36.5	
19.5	34	26	60.5	0	38	50.5	33.5	19	38.5	33.5	65	50.5	42.5	81.5	31.5	43	37.5	70	30.5	68	31	45	12	16	54.5	22.5	11.5	61	61	33.5	21.5	35	10	30	35	25.5	53.5	15	34.5	51.5	52	76	68	58.5	36.5	43	30	62.5	52.5	49	46.5	42.5	33.5	28.5	39.5	80	67.5	36	33	50.5	64.5	51.5	33	18	30	78	35	53	28.5	15	44	20	48.5	51.5	51.5	28.5	33	31	36.5	83	40	16.5	22.5	79	27.5	71.5	77.5	77.5	84.5	36.5	31	25	30.5	38	73	44	76	78	65	38	
43.5	28	40	36.5	38	0	19.5	22.5	43	45.5	42.5	29	14.5	31.5	47.5	57.5	37	36.5	44	58.5	32	63	29	50	30	18.5	21.5	35.5	25	25	12.5	45.5	59	48	34	49	61.5	17.5	53	58.5	15.5	26	48	32	22.5	62.5	5	54	26.5	21.5	35	37.5	41.5	42.5	52.5	44.5	44	31.5	20	51	31.5	28.5	20.5	69	22	34	42	49	15	52.5	29	18	24	12.5	15.5	15.5	52.5	49	15	60.5	47	44	40.5	46.5	45	51.5	35.5	41.5	41.5	54.5	60.5	55	19	9.5	42	37	28	40	42	39	42	
56	40.5	52.5	24	50.5	19.5	0	35	55.5	32	45	46.5	32	36	45	50	35.5	41	33.5	49	35.5	49.5	33.5	52.5	42.5	34	34	48	32.5	42.5	25	58	53.5	54.5	46.5	43.5	44	35	49.5	59	33	26.5	39.5	49.5	40	55	24.5	58.5	44	2	17.5	30	26	45	55	33	43.5	49	32.5	41.5	14	44	1	51.5	34.5	46.5	55.5	33.5	30.5	65	41.5	30.5	36.5	30	33	33	65	31.5	27.5	57	50.5	38.5	53	59	42.5	64	53	41	41	48	67	57.5	31.5	22	40.5	54.5	34.5	57.5	59.5	28.5	40.5	
39	23.5	35.5	41	33.5	22.5	35	0	38.5	29	38	49.5	35	9	62	47	32.5	32	50.5	46	52.5	46.5	29.5	45.5	25.5	39	17	31	45.5	45.5	18	41	50.5	43.5	29.5	40.5	41	38	46.5	54	36	36.5	56.5	52.5	43	52	27.5	49.5	47	37	29.5	15	19	38	48	30	60.5	52	20.5	38.5	31	49	36	48.5	17.5	29.5	62.5	30.5	37.5	48	24.5	28.5	19.5	33	36	36	48	28.5	15.5	54	67.5	35.5	36	42	59.5	47	56	58	58	65	56	50.5	14.5	15	37.5	57.5	28.5	60.5	62.5	45.5	37.5	
4.5	39	31	75.5	19	43	55.5	38.5	0	51.5	38.5	70	55.5	47.5	88.5	33.5	48	42.5	85	34.5	73	34	50	31	21	59.5	27.5	11.5	66	66	38.5	6.5	30	29	35	40	35.5	58.5	34	24.5	56.5	57	89	73	63.5	28.5	48	25	67.5	57.5	64	53.5	57.5	38.5	28.5	50.5	85	72.5	41	42	65.5	69.5	56.5	28	23	35	83	50	58	13.5	20	49	25	53.5	56.5	56.5	13.5	48	36	26.5	88	45	16.5	22.5	86	12.5	76.5	82.5	82.5	95.5	21.5	26	30	35.5	43	78	49	81	83	80	43	
52	23.5	26.5	28	38.5	45.5	32	29	51.5	0	19	52.5	42	20	49	24	14.5	9	37.5	23	39.5	23.5	22.5	26.5	36.5	38	24	44	36.5	66.5	39	54	27.5	28.5	22.5	17.5	18	59	23.5	33	59	25.5	43.5	75.5	54	29	44.5	32.5	70	30	16.5	14	10	19	29	1	47.5	75	31.5	15.5	18	48	31	25.5	30.5	22.5	59.5	7.5	34.5	49	37.5	33.5	32.5	54	59	51	49	5.5	36.5	31	54.5	12.5	41	35	46.5	50	71	45	45	52	41	31.5	32.5	38	14.5	74.5	23.5	61.5	69.5	32.5	14.5	
39	36.5	29.5	41	33.5	42.5	45	38	38.5	19	0	65.5	55	33	62	27	27.5	28	50.5	26	52.5	26.5	35.5	29.5	25.5	51	27	31	49.5	65.5	38	41	30.5	31.5	30.5	20.5	21	58	26.5	36	56	38.5	56.5	72.5	63	32	47.5	35.5	67	43	29.5	27	23	0	32	20	60.5	72	40.5	18.5	31	61	44	28.5	22.5	30.5	72.5	15.5	47.5	48	24.5	46.5	24.5	53	56	56	48	13.5	35.5	34	67.5	20.5	36	38	59.5	47	76	58	58	65	44	34.5	29.5	35	22.5	77.5	36.5	74.5	82.5	45.5	22.5	
70.5	55	67	24.5	65	29	46.5	49.5	70	52.5	65.5	0	36.5	56.5	30.5	70.5	56	61.5	15	69.5	31	70	54	73	57	40.5	48.5	62.5	38	22	39.5	72.5	74	75	61	64	64.5	19.5	70	79.5	17.5	47	25	29	24.5	75.5	34	79	23.5	46.5	38	50.5	46.5	65.5	75.5	53.5	29	28.5	47	62	34.5	30.5	47.5	72	49	61	39	54	44	79.5	56	45	51	24.5	17.5	27.5	79.5	52	42	77.5	36	59	67.5	73.5	28	78.5	32.5	26.5	26.5	33.5	87.5	78	46	36.5	61	34	55	37	39	24	61	
56	40.5	52.5	24	50.5	14.5	32	35	55.5	42	55	36.5	0	44	45	60	45.5	49	33.5	59	35.5	59.5	41.5	62.5	42.5	4	34	48	32.5	32.5	25	58	63.5	60.5	46.5	53.5	54	25	59.5	69	23	36.5	39.5	39.5	30	65	19.5	66.5	34	34	27.5	40	36	55	65	43	43.5	39	32.5	51.5	24	36	33	61.5	34.5	46.5	49.5	43.5	29.5	65	41.5	30.5	36.5	20	23	23	65	41.5	27.5	67	50.5	48.5	53	59	42.5	64	43	41	41	48	73	67.5	31.5	22	50.5	44.5	40.5	47.5	49.5	28.5	50.5	
48	32.5	40.5	32	42.5	31.5	36	9	47.5	20	33	56.5	44	0	53	38	23.5	29	41.5	37	43.5	37.5	26.5	40.5	34.5	42	26	40	40.5	54.5	27	50	41.5	42.5	36.5	31.5	32	47	37.5	47	45	29.5	47.5	61.5	52	43	36.5	46.5	56	34	20.5	6	10	33	43	21	51.5	61	29.5	29.5	22	52	35	39.5	26.5	36.5	63.5	21.5	38.5	57	33.5	37.5	28.5	42	45	45	57	19.5	24.5	45	58.5	26.5	45	49	50.5	56	65	49	49	56	55	45.5	23.5	24	28.5	66.5	27.5	65.5	71.5	36.5	28.5	
89	61.5	69.5	21	81.5	47.5	45	62	88.5	49	62	30.5	45	53	0	67	52.5	58	15.5	66	27.5	66.5	50.5	69.5	75.5	41	67	81	34.5	30.5	58	91	70.5	71.5	65.5	60.5	61	38	66.5	76	36	43.5	11.5	32.5	37	72	52.5	75.5	21	43	34.5	47	43	62	72	50	15.5	32	59.5	58.5	31	31	44	68.5	67.5	65.5	22.5	50.5	42.5	92	74.5	51.5	69.5	43	36	44	92	48.5	60.5	74	17.5	55.5	84	78	14.5	93	34	18	18	15	84	74.5	64.5	55	57.5	37.5	51.5	24.5	32.5	20.5	57.5	
34	41.5	29.5	46	31.5	57.5	50	47	33.5	24	27	70.5	60	38	67	0	32.5	33	55.5	1	57.5	11.5	40.5	19.5	35.5	56	42	22	54.5	80.5	53	36	15.5	21.5	35.5	20.5	6	73	16.5	21	71	43.5	61.5	87.5	72	17	62.5	20.5	82	48	34.5	32	28	27	5	25	65.5	87	49.5	18.5	36	66	49	13.5	37.5	35.5	77.5	20.5	52.5	37	34.5	51.5	39.5	68	71	69	37	18.5	50.5	19	72.5	25.5	17	11	64.5	38	89	63	63	70	29	19.5	44.5	50	27.5	92.5	41.5	79.5	87.5	50.5	27.5	
48.5	9	35	31.5	43	37	35.5	32.5	48	14.5	27.5	56	45.5	23.5	52.5	32.5	0	23.5	41	31.5	43	32	26	35	35	41.5	26.5	40.5	40	60	32.5	50.5	36	37	31	26	26.5	52.5	32	41.5	50.5	29	47	67	57.5	37.5	42	41	61.5	33.5	20	17.5	13.5	27.5	37.5	15.5	51	66.5	35	24	21.5	51.5	34.5	34	27	31	63	16	38	57.5	34	37	29	47.5	50.5	50.5	57.5	14	30	39.5	58	21	45.5	43.5	50	56.5	70.5	48.5	48.5	55.5	49.5	40	18	29.5	23	72	27	65	73	36	23	
43	32.5	35.5	37	37.5	36.5	41	32	42.5	9	28	61.5	49	29	58	33	23.5	0	46.5	32	48.5	32.5	31.5	35.5	29.5	47	15	35	45.5	59.5	32	45	36.5	37.5	31.5	26.5	27	52	32.5	42	50	34.5	52.5	66.5	57	38	41.5	41.5	61	39	25.5	23	19	28	38	8	56.5	66	34.5	24.5	27	57	40	34.5	21.5	31.5	68.5	16.5	43.5	52	28.5	42.5	23.5	47	50	50	52	14.5	29.5	40	63.5	21.5	40	44	55.5	51	70	54	54	61	50	40.5	23.5	29	23.5	71.5	32.5	70.5	76.5	41.5	23.5	
85.5	50	58	9.5	70	44	33.5	50.5	85	37.5	50.5	15	33.5	41.5	15.5	55.5	41	46.5	0	54.5	16	55	39	58	68	29.5	61.5	77.5	23	33	50.5	87.5	59	60	54	49	49.5	30.5	55	64.5	32.5	32	10	44	25.5	60.5	41	64	36.5	31.5	23	35.5	31.5	50.5	60.5	38.5	14	41.5	48	47	19.5	19.5	32.5	57	64	54	26	39	31	80.5	69	40	64	35.5	32.5	32.5	80.5	37	53	62.5	21	44	72.5	66.5	13	81.5	37.5	11.5	11.5	18.5	72.5	63	59	51.5	46	41	40	28	36	9	46	
35	40.5	28.5	45	30.5	58.5	49	46	34.5	23	26	69.5	59	37	66	1	31.5	32	54.5	0	56.5	10.5	39.5	18.5	36.5	55	43	23	53.5	81.5	54	37	14.5	20.5	34.5	19.5	5	74	15.5	20	72	42.5	60.5	88.5	71	16	61.5	19.5	83	47	33.5	31	27	26	6	24	64.5	88	48.5	17.5	35	65	48	12.5	38.5	34.5	76.5	19.5	51.5	36	35.5	50.5	40.5	69	72	68	36	17.5	51.5	18	71.5	24.5	18	12	63.5	37	88	62	62	69	28	18.5	45.5	51	26.5	91.5	40.5	78.5	86.5	49.5	26.5	
73.5	52	60	11.5	68	32	35.5	52.5	73	39.5	52.5	31	35.5	43.5	27.5	57.5	43	48.5	16	56.5	0	57	41	60	60	31.5	51.5	65.5	25	35	42.5	75.5	61	62	56	51	51.5	27.5	57	66.5	25.5	34	22	42	32.5	62.5	37	66	36.5	33.5	25	37.5	33.5	52.5	62.5	40.5	26	41.5	50	49	21.5	26.5	34.5	59	52	56	38	41	33	82.5	59	42	54	27.5	25.5	30.5	82.5	39	45	64.5	33	46	70.5	68.5	25	81.5	45.5	23.5	23.5	30.5	74.5	65	49	39.5	48	47	42	40	48	7	48	
34.5	41	29	45.5	31	63	49.5	46.5	34	23.5	26.5	70	59.5	37.5	66.5	11.5	32	32.5	55	10.5	57	0	40	19	39	55.5	47.5	31.5	54	84	56.5	36.5	4	21	35	20	5.5	76.5	16	15.5	76.5	43	61	93	71.5	11.5	62	9	87.5	47.5	34	31.5	27.5	26.5	16.5	24.5	65	92.5	49	18	35.5	65.5	48.5	8	43	35	77	20	52	31.5	40	51	45	71.5	76.5	68.5	31.5	18	54	13.5	72	25	28.5	22.5	64	32.5	88.5	62.5	62.5	69.5	23.5	8	50	55.5	27	92	41	79	87	50	27	
50.5	35	43	29.5	45	29	33.5	29.5	50	22.5	35.5	54	41.5	26.5	50.5	40.5	26	31.5	39	39.5	41	40	0	43	37	39.5	28.5	42.5	38	52	24.5	52.5	44	45	39	34	34.5	44.5	40	49.5	42.5	27	45	59	49.5	45.5	34	49	53.5	31.5	18	20.5	16.5	35.5	45.5	23.5	49	58.5	9	32	19.5	49.5	32.5	42	29	39	61	24	36	59.5	36	35	31	39.5	42.5	42.5	59.5	22	14	47.5	56	29	47.5	51.5	48	58.5	62.5	46.5	46.5	53.5	57.5	48	26	21.5	31	64	1	63	69	34	31	
31.5	44	32	48.5	12	50	52.5	45.5	31	26.5	29.5	73	62.5	40.5	69.5	19.5	35	35.5	58	18.5	60	19	43	0	28	58.5	34.5	23.5	57	73	45.5	33.5	23	2	38	23	13.5	65.5	3	28.5	63.5	46	64	80	70.5	24.5	55	28	74.5	50.5	37	34.5	30.5	29.5	24.5	27.5	68	79.5	48	21	38.5	68.5	51.5	21	30	38	80	23	55	40.5	27	54	32	60.5	63.5	63.5	40.5	21	43	26.5	75	28	28.5	30.5	67	39.5	83.5	65.5	65.5	72.5	36.5	27	37	42.5	30	85	44	82	90	53	30	
21.5	26	10	58.5	16	30	42.5	25.5	21	36.5	25.5	57	42.5	34.5	75.5	35.5	35	29.5	68	36.5	60	39	37	28	0	46.5	14.5	13.5	53	53	25.5	23.5	37	26	22	19	33.5	45.5	31	36.5	43.5	44	74	60	50.5	40.5	35	32	54.5	44.5	47	40.5	40.5	25.5	30.5	37.5	72	59.5	28	21	48.5	56.5	43.5	41	10	22	70	33	45	30.5	1	36	12	40.5	43.5	43.5	30.5	31	23	38.5	75	32	18.5	24.5	73	29.5	63.5	69.5	69.5	82.5	38.5	33	17	22.5	30	65	36	68	70	63	30	
60	44.5	56.5	20	54.5	18.5	34	39	59.5	38	51	40.5	4	42	41	56	41.5	47	29.5	55	31.5	55.5	39.5	58.5	46.5	0	38	52	28.5	36.5	29	62	59.5	60.5	50.5	49.5	50	29	55.5	65	27	32.5	35.5	43.5	34	61	23.5	64.5	38	32	23.5	36	32	51	61	39	39.5	43	36.5	47.5	20	40	33	57.5	38.5	50.5	51.5	39.5	31.5	69	45.5	34.5	40.5	24	27	27	69	37.5	31.5	63	46.5	44.5	57	63	38.5	68	47	37	37	44	73	63.5	35.5	26	46.5	48.5	40.5	51.5	53.5	24.5	46.5	
28	17.5	24.5	52	22.5	21.5	34	17	27.5	24	27	48.5	34	26	67	42	26.5	15	61.5	43	51.5	47.5	28.5	34.5	14.5	38	0	20	44.5	44.5	17	30	43.5	32.5	18.5	33.5	42	37	37.5	43	35	35.5	67.5	51.5	42	47	26.5	38.5	46	36	40.5	32	34	27	37	23	63.5	51	19.5	35.5	42	48	35	49.5	6.5	18.5	61.5	31.5	36.5	37	13.5	27.5	8.5	32	35	35	37	29.5	14.5	45	66.5	28.5	25	31	64.5	36	55	61	61	74	45	39.5	8.5	14	26.5	56.5	27.5	59.5	61.5	56.5	26.5	
12	31.5	23.5	68	11.5	35.5	48	31	11.5	44	31	62.5	48	40	81	22	40.5	35	77.5	23	65.5	31.5	42.5	23.5	13.5	52	20	0	58.5	58.5	31	14	27.5	21.5	27.5	32.5	28	51	26.5	27	49	49.5	81.5	65.5	56	31	40.5	22.5	60	50	56.5	46	50	31	17	43	77.5	65	33.5	34.5	58	62	49	35.5	15.5	27.5	75.5	42.5	50.5	21	12.5	41.5	17.5	46	49	49	21	40.5	28.5	29	80.5	37.5	5	11	78.5	20	69	75	75	88	29	23.5	22.5	28	35.5	70.5	41.5	73.5	75.5	72.5	35.5	
66.5	49	57	13.5	61	25	32.5	45.5	66	36.5	49.5	38	32.5	40.5	34.5	54.5	40	45.5	23	53.5	25	54	38	57	53	28.5	44.5	58.5	0	38	35.5	68.5	58	59	53	48	48.5	30.5	54	63.5	28.5	31	29	45	35.5	59.5	30	63	39.5	30.5	22	34.5	30.5	49.5	59.5	37.5	33	44.5	43	46	18.5	33.5	31.5	56	45	53	45	38	30	75.5	52	39	47	25.5	28.5	28.5	75.5	36	38	61.5	40	43	63.5	65.5	32	74.5	48.5	30.5	30.5	37.5	71.5	62	42	32.5	45	50	39	47	55	18	45	
66.5	51	63	38.5	61	25	42.5	45.5	66	66.5	65.5	22	32.5	54.5	30.5	80.5	60	59.5	33	81.5	35	84	52	73	53	36.5	44.5	58.5	38	0	35.5	68.5	82	71	57	72	78.5	15.5	76	81.5	13.5	49	23	15	20.5	85.5	30	77	9.5	44.5	52	60.5	60.5	65.5	75.5	67.5	19	14.5	43	74	48.5	26.5	43.5	86	45	57	25	68	40	75.5	52	41	47	20.5	13.5	23.5	75.5	66	38	83.5	30	67	63.5	69.5	20	74.5	18.5	29.5	29.5	37.5	83.5	78	42	32.5	65	20	51	23	25	38	65	
39	23.5	35.5	41	33.5	12.5	25	18	38.5	39	38	39.5	25	27	58	53	32.5	32	50.5	54	42.5	56.5	24.5	45.5	25.5	29	17	31	35.5	35.5	0	41	54.5	43.5	29.5	44.5	51	28	48.5	54	26	26.5	56.5	42.5	33	58	17.5	49.5	37	27	29.5	33	33	38	48	40	54.5	42	15.5	46.5	31	39	26	58.5	17.5	29.5	52.5	40.5	27.5	48	24.5	18.5	19.5	23	26	26	48	38.5	10.5	56	57.5	39.5	36	42	55.5	47	46	52	52	65	56	50.5	14.5	3	37.5	47.5	23.5	50.5	52.5	45.5	37.5	
2	41.5	33.5	78	21.5	45.5	58	41	6.5	54	41	72.5	58	50	91	36	50.5	45	87.5	37	75.5	36.5	52.5	33.5	23.5	62	30	14	68.5	68.5	41	0	32.5	31.5	37.5	42.5	38	61	36.5	27	59	59.5	91.5	75.5	66	31	50.5	27.5	70	60	66.5	56	60	41	31	53	87.5	75	43.5	44.5	68	72	59	30.5	25.5	37.5	85.5	52.5	60.5	7	22.5	51.5	27.5	56	59	59	7	50.5	38.5	29	90.5	47.5	19	25	88.5	6	79	85	85	98	15	28.5	32.5	38	45.5	80.5	51.5	83.5	85.5	82.5	45.5	
30.5	45	33	49.5	35	59	53.5	50.5	30	27.5	30.5	74	63.5	41.5	70.5	15.5	36	36.5	59	14.5	61	4	44	23	37	59.5	43.5	27.5	58	82	54.5	32.5	0	25	39	24	9.5	74.5	20	19.5	72.5	47	65	89	75.5	15.5	64	5	83.5	51.5	38	35.5	31.5	30.5	20.5	28.5	69	88.5	53	22	39.5	69.5	52.5	12	39	39	81	24	56	35.5	36	55	41	69.5	72.5	72.5	35.5	22	52	17.5	76	29	32.5	26.5	68	36.5	92.5	66.5	66.5	73.5	27.5	4	46	51.5	31	94	45	83	91	54	31	
29.5	44	34	50.5	10	48	54.5	43.5	29	28.5	31.5	75	60.5	42.5	71.5	21.5	37	37.5	60	20.5	62	21	45	2	26	60.5	32.5	21.5	59	71	43.5	31.5	25	0	40	25	15.5	63.5	5	30.5	61.5	48	66	78	68.5	26.5	53	30	72.5	52.5	39	36.5	32.5	31.5	26.5	29.5	70	77.5	46	23	40.5	70.5	53.5	23	28	40	82	25	57	38.5	25	54	30	58.5	61.5	61.5	38.5	23	41	28.5	77	30	26.5	32.5	69	37.5	81.5	67.5	67.5	74.5	38.5	29	35	40.5	32	83	46	84	88	55	32	
35.5	30	32	44.5	30	34	46.5	29.5	35	22.5	30.5	61	46.5	36.5	65.5	35.5	31	31.5	54	34.5	56	35	39	38	22	50.5	18.5	27.5	53	57	29.5	37.5	39	40	0	29	29.5	49.5	35	44.5	47.5	42	60	64	54.5	40.5	39	44	58.5	46.5	33	30.5	26.5	30.5	40.5	23.5	64	63.5	32	27	34.5	60.5	47.5	37	12	0	74	15	49	44.5	21	40	10	44.5	47.5	47.5	44.5	17	27	42.5	71	10	32.5	38.5	63	43.5	67.5	61.5	61.5	68.5	52.5	43	21	26.5	8	69	40	72	74	49	8	
40.5	35	9	39.5	35	49	43.5	40.5	40	17.5	20.5	64	53.5	31.5	60.5	20.5	26	26.5	49	19.5	51	20	34	23	19	49.5	33.5	32.5	48	72	44.5	42.5	24	25	29	0	14.5	64.5	20	29.5	62.5	37	55	79	65.5	25.5	54	29	73.5	41.5	28	25.5	21.5	20.5	25.5	18.5	59	78.5	43	2	29.5	59.5	42.5	22	29	29	71	14	46	45.5	20	45	31	59.5	62.5	62.5	45.5	12	42	27.5	66	19	37.5	31.5	58	46.5	82.5	56.5	56.5	63.5	37.5	28	36	41.5	21	84	35	73	81	44	21	
40	35.5	23.5	40	25.5	61.5	44	41	35.5	18	21	64.5	54	32	61	6	26.5	27	49.5	5	51.5	5.5	34.5	13.5	33.5	50	42	28	48.5	78.5	51	38	9.5	15.5	29.5	14.5	0	71	10.5	15	73	37.5	55.5	91.5	66	11	56.5	14.5	82	42	28.5	26	22	21	11	19	59.5	87	43.5	12.5	30	60	43	7.5	41.5	29.5	71.5	14.5	46.5	31	34.5	45.5	39.5	66	73	63	31	12.5	48.5	13	66.5	19.5	23	17	58.5	32	83	57	57	64	23	13.5	44.5	54	21.5	86.5	35.5	73.5	81.5	44.5	21.5	
59	43.5	55.5	31	53.5	17.5	35	38	58.5	59	58	19.5	25	47	38	73	52.5	52	30.5	74	27.5	76.5	44.5	65.5	45.5	29	37	51	30.5	15.5	28	61	74.5	63.5	49.5	64.5	71	0	68.5	74	2	41.5	36.5	22.5	5	78	22.5	69.5	17	37	44.5	53	53	58	68	60	34.5	22	35.5	66.5	41	11	36	78.5	37.5	49.5	32.5	60.5	32.5	68	44.5	33.5	39.5	13	2	16	68	58.5	30.5	76	37.5	59.5	56	62	35.5	67	26	32	32	45	76	70.5	34.5	25	57.5	27.5	43.5	30.5	32.5	30.5	57.5	
34.5	41	29	45.5	15	53	49.5	46.5	34	23.5	26.5	70	59.5	37.5	66.5	16.5	32	32.5	55	15.5	57	16	40	3	31	55.5	37.5	26.5	54	76	48.5	36.5	20	5	35	20	10.5	68.5	0	25.5	66.5	43	61	83	71.5	21.5	58	25	77.5	47.5	34	31.5	27.5	26.5	21.5	24.5	65	82.5	49	18	35.5	65.5	48.5	18	33	35	77	20	52	41.5	30	51	35	63.5	66.5	66.5	41.5	18	46	23.5	72	25	31.5	27.5	64	42.5	86.5	62.5	62.5	69.5	33.5	24	40	45.5	27	88	41	79	87	50	27	
25	50.5	38.5	55	34.5	58.5	59	54	24.5	33	36	79.5	69	47	76	21	41.5	42	64.5	20	66.5	15.5	49.5	28.5	36.5	65	43	27	63.5	81.5	54	27	19.5	30.5	44.5	29.5	15	74	25.5	0	72	52.5	70.5	88.5	79	4	63.5	24.5	83	57	43.5	41	37	36	26	34	74.5	88	56.5	27.5	45	75	58	12.5	38.5	44.5	86.5	29.5	61.5	34	35.5	60.5	40.5	69	72	72	34	27.5	51.5	2	81.5	34.5	32	32	73.5	33	92	72	72	79	28	23.5	45.5	51	36.5	93.5	50.5	88.5	96.5	59.5	36.5	
57	41.5	53.5	33	51.5	15.5	33	36	56.5	59	56	17.5	23	45	36	71	50.5	50	32.5	72	25.5	76.5	42.5	63.5	43.5	27	35	49	28.5	13.5	26	59	72.5	61.5	47.5	62.5	73	2	66.5	72	0	39.5	36.5	20.5	7	76	20.5	67.5	15	35	46.5	51	55	56	66	58	32.5	20	33.5	64.5	43	13	34	80.5	35.5	47.5	30.5	62.5	30.5	66	42.5	31.5	37.5	11	0	14	66	60.5	28.5	74	35.5	57.5	54	60	33.5	65	24	30	30	43	74	68.5	32.5	23	55.5	25.5	41.5	28.5	30.5	32.5	55.5	
57.5	38	46	22.5	52	26	26.5	36.5	57	25.5	38.5	47	36.5	29.5	43.5	43.5	29	34.5	32	42.5	34	43	27	46	44	32.5	35.5	49.5	31	49	26.5	59.5	47	48	42	37	37.5	41.5	43	52.5	39.5	0	38	56	46.5	48.5	31	52	50.5	24.5	9	23.5	19.5	38.5	48.5	26.5	42	55.5	34	35	12.5	42.5	25.5	45	36	42	54	27	29	66.5	43	8	38	36.5	39.5	39.5	66.5	25	29	50.5	49	32	54.5	54.5	41	65.5	59.5	39.5	39.5	46.5	60.5	51	33	23.5	34	61	28	56	64	27	34	
89.5	56	64	15.5	76	48	39.5	56.5	89	43.5	56.5	25	39.5	47.5	11.5	61.5	47	52.5	10	60.5	22	61	45	64	74	35.5	67.5	81.5	29	23	56.5	91.5	65	66	60	55	55.5	36.5	61	70.5	36.5	38	0	38	31.5	66.5	47	70	32.5	37.5	29	41.5	37.5	56.5	66.5	44.5	4	37.5	54	53	25.5	25.5	38.5	63	68	60	22	45	37	86.5	75	46	70	41.5	36.5	38.5	86.5	43	59	68.5	17	50	78.5	72.5	3	87.5	33.5	12.5	12.5	14.5	78.5	69	65	55.5	52	37	46	24	32	15	52	
73.5	58	70	51.5	68	32	49.5	52.5	73	75.5	72.5	29	39.5	61.5	32.5	87.5	67	66.5	44	88.5	42	93	59	80	60	43.5	51.5	65.5	45	15	42.5	75.5	89	78	64	79	91.5	22.5	83	88.5	20.5	56	38	0	27.5	92.5	37	84	11.5	51.5	65	67.5	71.5	72.5	82.5	74.5	34	6.5	50	81	61.5	33.5	50.5	99	52	64	22	79	47	82.5	59	48	54	27.5	20.5	30.5	82.5	79	45	90.5	27	74	70.5	76.5	35	81.5	10.5	36.5	36.5	29.5	90.5	85	49	39.5	72	5	58	20	10	49	72	
64	48.5	60.5	26	58.5	22.5	40	43	63.5	54	63	24.5	30	52	37	72	57.5	57	25.5	71	32.5	71.5	49.5	70.5	50.5	34	42	56	35.5	20.5	33	66	75.5	68.5	54.5	65.5	66	5	71.5	79	7	46.5	31.5	27.5	0	77	27.5	74.5	22	42	39.5	52	48	63	73	55	35.5	27	40.5	63.5	36	6	41	73.5	42.5	54.5	37.5	55.5	37.5	73	49.5	38.5	44.5	18	7	21	73	53.5	35.5	79	42.5	60.5	61	67	34.5	72	31	33	33	40	81	75.5	39.5	30	62.5	32.5	48.5	35.5	37.5	25.5	62.5	
29	46.5	34.5	51	36.5	62.5	55	52	28.5	29	32	75.5	65	43	72	17	37.5	38	60.5	16	62.5	11.5	45.5	24.5	40.5	61	47	31	59.5	85.5	58	31	15.5	26.5	40.5	25.5	11	78	21.5	4	76	48.5	66.5	92.5	77	0	67.5	20.5	87	53	39.5	37	33	32	22	30	70.5	92	54.5	23.5	41	71	54	8.5	42.5	40.5	82.5	25.5	57.5	32	39.5	56.5	44.5	73	76	74	32	23.5	55.5	2	77.5	30.5	34	28	69.5	33	94	68	68	75	24	19.5	49.5	55	32.5	97.5	46.5	84.5	92.5	55.5	32.5	
48.5	33	45	31.5	43	5	24.5	27.5	48	44.5	47.5	34	19.5	36.5	52.5	62.5	42	41.5	41	61.5	37	62	34	55	35	23.5	26.5	40.5	30	30	17.5	50.5	64	53	39	54	56.5	22.5	58	63.5	20.5	31	47	37	27.5	67.5	0	59	31.5	26.5	30	42.5	38.5	47.5	57.5	45.5	49	36.5	25	54	26.5	33.5	25.5	64	27	39	47	46	10	57.5	34	23	29	17.5	20.5	20.5	57.5	44	20	65.5	52	49	45.5	51.5	50	56.5	40.5	46.5	46.5	55.5	65.5	60	24	14.5	47	42	33	45	47	36	47	
25.5	50	38	54.5	30	54	58.5	49.5	25	32.5	35.5	79	66.5	46.5	75.5	20.5	41	41.5	64	19.5	66	9	49	28	32	64.5	38.5	22.5	63	77	49.5	27.5	5	30	44	29	14.5	69.5	25	24.5	67.5	52	70	84	74.5	20.5	59	0	78.5	56.5	43	40.5	36.5	35.5	25.5	33.5	74	83.5	52	27	44.5	74.5	57.5	17	34	44	86	29	61	34.5	31	60	36	64.5	67.5	67.5	34.5	27	47	22.5	81	34	27.5	31.5	73	33.5	87.5	71.5	71.5	78.5	32.5	1	41	46.5	36	89	50	88	94	59	36	
68	52.5	64.5	42	62.5	26.5	44	47	67.5	70	67	23.5	34	56	21	82	61.5	61	36.5	83	36.5	87.5	53.5	74.5	54.5	38	46	60	39.5	9.5	37	70	83.5	72.5	58.5	73.5	82	17	77.5	83	15	50.5	32.5	11.5	22	87	31.5	78.5	0	46	55.5	62	64	67	77	69	28.5	11	44.5	75.5	52	28	45	89.5	46.5	58.5	21.5	71.5	41.5	77	53.5	42.5	48.5	22	15	25	77	69.5	39.5	85	26.5	68.5	65	71	29.5	76	15	31	31	34	85	79.5	43.5	34	66.5	16.5	52.5	19.5	21.5	41.5	66.5	
58	42.5	50.5	22	52.5	21.5	2	37	57.5	30	43	46.5	34	34	43	48	33.5	39	31.5	47	33.5	47.5	31.5	50.5	44.5	32	36	50	30.5	44.5	27	60	51.5	52.5	46.5	41.5	42	37	47.5	57	35	24.5	37.5	51.5	42	53	26.5	56.5	46	0	15.5	28	24	43	53	31	41.5	51	34.5	39.5	12	42	1	49.5	36.5	46.5	53.5	31.5	28.5	67	43.5	32.5	38.5	32	35	35	67	29.5	29.5	55	48.5	36.5	55	59	40.5	66	55	39	39	46	65	55.5	33.5	24	38.5	56.5	32.5	55.5	61.5	26.5	38.5	
66.5	29	37	13.5	49	35	17.5	29.5	64	16.5	29.5	38	27.5	20.5	34.5	34.5	20	25.5	23	33.5	25	34	18	37	47	23.5	40.5	56.5	22	52	29.5	66.5	38	39	33	28	28.5	44.5	34	43.5	46.5	9	29	65	39.5	39.5	30	43	55.5	15.5	0	14.5	10.5	29.5	39.5	17.5	33	60.5	27	26	3.5	33.5	16.5	36	45	33	45	18	20	59.5	48	17	43	39.5	46.5	36.5	59.5	16	32	41.5	40	23	51.5	45.5	32	60.5	56.5	30.5	30.5	37.5	51.5	42	38	32.5	25	60	19	47	55	18	25	
54	26.5	34.5	26	46.5	37.5	30	15	53.5	14	27	50.5	40	6	47	32	17.5	23	35.5	31	37.5	31.5	20.5	34.5	40.5	36	32	46	34.5	60.5	33	56	35.5	36.5	30.5	25.5	26	53	31.5	41	51	23.5	41.5	67.5	52	37	42.5	40.5	62	28	14.5	0	4	27	37	15	45.5	67	29.5	23.5	16	46	29	33.5	32.5	30.5	57.5	15.5	32.5	57	39.5	31.5	34.5	48	51	49	57	13.5	30.5	39	52.5	20.5	49	43	44.5	58	69	43	43	50	49	39.5	29.5	30	22.5	72.5	21.5	59.5	67.5	30.5	22.5	
58	22.5	30.5	22	42.5	41.5	26	19	57.5	10	23	46.5	36	10	43	28	13.5	19	31.5	27	33.5	27.5	16.5	30.5	40.5	32	34	50	30.5	60.5	33	60	31.5	32.5	26.5	21.5	22	53	27.5	37	55	19.5	37.5	71.5	48	33	38.5	36.5	64	24	10.5	4	0	23	33	11	41.5	69	25.5	19.5	12	42	25	29.5	36.5	26.5	53.5	11.5	28.5	53	41.5	27.5	36.5	48	55	45	53	9.5	30.5	35	48.5	16.5	45	39	40.5	54	65	39	39	46	45	35.5	31.5	34	18.5	68.5	17.5	55.5	63.5	26.5	18.5	
39	36.5	29.5	41	33.5	42.5	45	38	38.5	19	0	65.5	55	33	62	27	27.5	28	50.5	26	52.5	26.5	35.5	29.5	25.5	51	27	31	49.5	65.5	38	41	30.5	31.5	30.5	20.5	21	58	26.5	36	56	38.5	56.5	72.5	63	32	47.5	35.5	67	43	29.5	27	23	0	32	20	60.5	72	40.5	18.5	31	61	44	28.5	22.5	30.5	72.5	15.5	47.5	48	24.5	46.5	24.5	53	56	56	48	13.5	35.5	34	67.5	20.5	36	38	59.5	47	76	58	58	65	44	34.5	29.5	35	22.5	77.5	36.5	74.5	82.5	45.5	22.5	
29	46.5	34.5	51	28.5	52.5	55	48	28.5	29	32	75.5	65	43	72	5	37.5	38	60.5	6	62.5	16.5	45.5	24.5	30.5	61	37	17	59.5	75.5	48	31	20.5	26.5	40.5	25.5	11	68	21.5	26	66	48.5	66.5	82.5	73	22	57.5	25.5	77	53	39.5	37	33	32	0	30	70.5	82	50.5	23.5	41	71	54	18.5	32.5	40.5	82.5	25.5	57.5	38	29.5	56.5	34.5	63	66	66	38	23.5	45.5	24	77.5	30.5	12	6	69.5	37	86	68	68	75	34	24.5	39.5	45	32.5	87.5	46.5	84.5	92.5	55.5	32.5	
51	24.5	27.5	29	39.5	44.5	33	30	50.5	1	20	53.5	43	21	50	25	15.5	8	38.5	24	40.5	24.5	23.5	27.5	37.5	39	23	43	37.5	67.5	40	53	28.5	29.5	23.5	18.5	19	60	24.5	34	58	26.5	44.5	74.5	55	30	45.5	33.5	69	31	17.5	15	11	20	30	0	48.5	74	32.5	16.5	19	49	32	26.5	29.5	23.5	60.5	8.5	35.5	50	36.5	34.5	31.5	55	58	52	50	6.5	37.5	32	55.5	13.5	42	36	47.5	51	72	46	46	53	42	32.5	31.5	37	15.5	75.5	24.5	62.5	70.5	33.5	15.5	
85.5	60	68	19.5	80	44	43.5	60.5	85	47.5	60.5	29	43.5	51.5	15.5	65.5	51	56.5	14	64.5	26	65	49	68	72	39.5	63.5	77.5	33	19	54.5	87.5	69	70	64	59	59.5	34.5	65	74.5	32.5	42	4	34	35.5	70.5	49	74	28.5	41.5	33	45.5	41.5	60.5	70.5	48.5	0	33.5	58	57	29.5	29.5	42.5	67	64	64	26	49	41	90.5	71	50	66	39.5	32.5	42.5	90.5	47	57	72.5	21	54	82.5	76.5	1	91.5	37.5	16.5	16.5	18.5	82.5	73	61	51.5	56	39	50	28	36	19	56	
73	57.5	69.5	47	67.5	31.5	49	52	72.5	75	72	28.5	39	61	32	87	66.5	66	41.5	88	41.5	92.5	58.5	79.5	59.5	43	51	65	44.5	14.5	42	75	88.5	77.5	63.5	78.5	87	22	82.5	88	20	55.5	37.5	6.5	27	92	36.5	83.5	11	51	60.5	67	69	72	82	74	33.5	0	49.5	80.5	57	33	50	94.5	51.5	63.5	21.5	76.5	46.5	82	58.5	47.5	53.5	27	20	30	82	74.5	44.5	90	26.5	73.5	70	76	34.5	81	4	36	36	23	90	84.5	48.5	39	71.5	11.5	57.5	19.5	16.5	46.5	71.5	
41.5	26	38	38.5	36	20	32.5	20.5	41	31.5	40.5	47	32.5	29.5	59.5	49.5	35	34.5	48	48.5	50	49	9	48	28	36.5	19.5	33.5	43	43	15.5	43.5	53	46	32	43	43.5	35.5	49	56.5	33.5	34	54	50	40.5	54.5	25	52	44.5	34.5	27	29.5	25.5	40.5	50.5	32.5	58	49.5	0	41	28.5	46.5	33.5	51	20	32	60	33	35	50.5	27	26	22	30.5	33.5	33.5	50.5	31	5	56.5	65	38	38.5	44.5	57	49.5	53.5	55.5	55.5	62.5	58.5	53	17	12.5	40	55	8	58	60	43	40	
42.5	33	11	37.5	33	51	41.5	38.5	42	15.5	18.5	62	51.5	29.5	58.5	18.5	24	24.5	47	17.5	49	18	32	21	21	47.5	35.5	34.5	46	74	46.5	44.5	22	23	27	2	12.5	66.5	18	27.5	64.5	35	53	81	63.5	23.5	54	27	75.5	39.5	26	23.5	19.5	18.5	23.5	16.5	57	80.5	41	0	27.5	57.5	40.5	20	31	27	69	12	44	43.5	22	43	33	61.5	64.5	60.5	43.5	10	44	25.5	64	17	35.5	29.5	56	44.5	80.5	54.5	54.5	61.5	35.5	26	38	43.5	19	84	33	71	79	42	19	
70	30.5	38.5	10	50.5	31.5	14	31	65.5	18	31	34.5	24	22	31	36	21.5	27	19.5	35	21.5	35.5	19.5	38.5	48.5	20	42	58	18.5	48.5	31	68	39.5	40.5	34.5	29.5	30	41	35.5	45	43	12.5	25.5	61.5	36	41	26.5	44.5	52	12	3.5	16	12	31	41	19	29.5	57	28.5	27.5	0	30	13	37.5	46.5	34.5	41.5	19.5	16.5	61	49.5	20.5	44.5	36	43	33	61	17.5	33.5	43	36.5	24.5	53	47	28.5	62	53	27	27	34	53	43.5	39.5	34	26.5	56.5	20.5	43.5	51.5	14.5	26.5	
70	54.5	66.5	20	64.5	28.5	44	49	69.5	48	61	30.5	36	52	31	66	51.5	57	19.5	65	26.5	65.5	49.5	68.5	56.5	40	48	62	33.5	26.5	39	72	69.5	70.5	60.5	59.5	60	11	65.5	75	13	42.5	25.5	33.5	6	71	33.5	74.5	28	42	33.5	46	42	61	71	49	29.5	33	46.5	57.5	30	0	43	67.5	48.5	60.5	41.5	49.5	41.5	79	55.5	44.5	50.5	24	13	27	79	47.5	41.5	73	36.5	54.5	67	73	28.5	78	37	27	27	34	83	73.5	45.5	36	56.5	38.5	50.5	41.5	43.5	19.5	56.5	
57	41.5	51.5	23	51.5	20.5	1	36	56.5	31	44	47.5	33	35	44	49	34.5	40	32.5	48	34.5	48.5	32.5	51.5	43.5	33	35	49	31.5	43.5	26	59	52.5	53.5	47.5	42.5	43	36	48.5	58	34	25.5	38.5	50.5	41	54	25.5	57.5	45	1	16.5	29	25	44	54	32	42.5	50	33.5	40.5	13	43	0	50.5	35.5	47.5	54.5	32.5	29.5	66	42.5	31.5	37.5	31	34	34	66	30.5	28.5	56	49.5	37.5	54	60	41.5	65	54	40	40	47	66	56.5	32.5	23	39.5	55.5	33.5	56.5	60.5	27.5	39.5	
32.5	43	31	47.5	33	69	51.5	48.5	28	25.5	28.5	72	61.5	39.5	68.5	13.5	34	34.5	57	12.5	59	8	42	21	41	57.5	49.5	35.5	56	86	58.5	30.5	12	23	37	22	7.5	78.5	18	12.5	80.5	45	63	99	73.5	8.5	64	17	89.5	49.5	36	33.5	29.5	28.5	18.5	26.5	67	94.5	51	20	37.5	67.5	50.5	0	49	37	79	22	54	23.5	42	53	47	73.5	80.5	70.5	23.5	20	56	10.5	74	27	30.5	24.5	66	24.5	90.5	64.5	64.5	71.5	15.5	16	52	61.5	29	94	43	81	89	52	29	
23.5	18	20	56.5	18	22	34.5	17.5	23	30.5	22.5	49	34.5	26.5	67.5	37.5	27	21.5	64	38.5	52	43	29	30	10	38.5	6.5	15.5	45	45	17.5	25.5	39	28	12	29	41.5	37.5	33	38.5	35.5	36	68	52	42.5	42.5	27	34	46.5	36.5	45	32.5	36.5	22.5	32.5	29.5	64	51.5	20	31	46.5	48.5	35.5	49	0	12	62	27	37	32.5	9	28	2	32.5	35.5	35.5	32.5	29	15	40.5	67	22	20.5	26.5	65	31.5	55.5	61.5	61.5	74.5	40.5	35	9	14.5	20	57	28	60	62	59	20	
35.5	30	32	44.5	30	34	46.5	29.5	35	22.5	30.5	61	46.5	36.5	65.5	35.5	31	31.5	54	34.5	56	35	39	38	22	50.5	18.5	27.5	53	57	29.5	37.5	39	40	0	29	29.5	49.5	35	44.5	47.5	42	60	64	54.5	40.5	39	44	58.5	46.5	33	30.5	26.5	30.5	40.5	23.5	64	63.5	32	27	34.5	60.5	47.5	37	12	0	74	15	49	44.5	21	40	10	44.5	47.5	47.5	44.5	17	27	42.5	71	10	32.5	38.5	63	43.5	67.5	61.5	61.5	68.5	52.5	43	21	26.5	8	69	40	72	74	49	8	
83.5	68	80	31.5	78	42	55.5	62.5	83	59.5	72.5	39	49.5	63.5	22.5	77.5	63	68.5	26	76.5	38	77	61	80	70	51.5	61.5	75.5	45	25	52.5	85.5	81	82	74	71	71.5	32.5	77	86.5	30.5	54	22	22	37.5	82.5	47	86	21.5	53.5	45	57.5	53.5	72.5	82.5	60.5	26	21.5	60	69	41.5	41.5	54.5	79	62	74	0	61	53	92.5	69	58	64	37.5	30.5	40.5	92.5	59	55	84.5	5	66	80.5	86.5	25	91.5	25.5	28.5	28.5	20.5	94.5	85	59	49.5	68	27	62	2	32	31	68	
50.5	25	23	29.5	35	49	33.5	30.5	50	7.5	15.5	54	43.5	21.5	50.5	20.5	16	16.5	39	19.5	41	20	24	23	33	39.5	31.5	42.5	38	68	40.5	52.5	24	25	15	14	14.5	60.5	20	29.5	62.5	27	45	79	55.5	25.5	46	29	71.5	31.5	18	15.5	11.5	15.5	25.5	8.5	49	76.5	33	12	19.5	49.5	32.5	22	27	15	61	0	36	45.5	34	35	25	55.5	62.5	52.5	45.5	2	38	27.5	56	5	37.5	31.5	48	46.5	72.5	46.5	46.5	53.5	37.5	28	34	41.5	7	76	25	63	71	34	7	
58.5	43	55	21.5	53	15	30.5	37.5	58	34.5	47.5	44	29.5	38.5	42.5	52.5	38	43.5	31	51.5	33	52	36	55	45	31.5	36.5	50.5	30	40	27.5	60.5	56	57	49	46	46.5	32.5	52	61.5	30.5	29	37	47	37.5	57.5	10	61	41.5	28.5	20	32.5	28.5	47.5	57.5	35.5	41	46.5	35	44	16.5	41.5	29.5	54	37	49	53	36	0	67.5	44	33	39	27.5	30.5	30.5	67.5	34	30	59.5	48	41	55.5	61.5	40	66.5	50.5	38.5	38.5	45.5	69.5	60	34	24.5	43	52	37	55	57	26	43	
9	48.5	40.5	71	28.5	52.5	65	48	13.5	49	48	79.5	65	57	92	37	57.5	52	80.5	36	82.5	31.5	59.5	40.5	30.5	69	37	21	75.5	75.5	48	7	35.5	38.5	44.5	45.5	31	68	41.5	34	66	66.5	86.5	82.5	73	32	57.5	34.5	77	67	59.5	57	53	48	38	50	90.5	82	50.5	43.5	61	79	66	23.5	32.5	44.5	92.5	45.5	67.5	0	29.5	58.5	34.5	63	66	66	0	43.5	45.5	34	97.5	50.5	26	32	89.5	1	86	88	88	95	8	35.5	39.5	45	52.5	87.5	58.5	90.5	92.5	75.5	52.5	
20.5	25	11	59.5	15	29	41.5	24.5	20	37.5	24.5	56	41.5	33.5	74.5	34.5	34	28.5	69	35.5	59	40	36	27	1	45.5	13.5	12.5	52	52	24.5	22.5	36	25	21	20	34.5	44.5	30	35.5	42.5	43	75	59	49.5	39.5	34	31	53.5	43.5	48	39.5	41.5	24.5	29.5	36.5	71	58.5	27	22	49.5	55.5	42.5	42	9	21	69	34	44	29.5	0	35	11	39.5	42.5	42.5	29.5	32	22	37.5	74	31	17.5	23.5	72	28.5	62.5	68.5	68.5	81.5	37.5	32	16	21.5	29	64	35	67	69	64	29	
49.5	34	46	30.5	44	18	30.5	28.5	49	33.5	46.5	45	30.5	37.5	51.5	51.5	37	42.5	40	50.5	42	51	35	54	36	34.5	27.5	41.5	39	41	18.5	51.5	55	54	40	45	45.5	33.5	51	60.5	31.5	8	46	48	38.5	56.5	23	60	42.5	32.5	17	31.5	27.5	46.5	56.5	34.5	50	47.5	26	43	20.5	44.5	31.5	53	28	40	58	35	33	58.5	35	0	30	28.5	31.5	31.5	58.5	33	21	58.5	57	40	46.5	52.5	49	57.5	51.5	47.5	47.5	54.5	66.5	59	25	15.5	42	53	34	56	58	35	42	
25.5	20	22	54.5	20	24	36.5	19.5	25	32.5	24.5	51	36.5	28.5	69.5	39.5	29	23.5	64	40.5	54	45	31	32	12	40.5	8.5	17.5	47	47	19.5	27.5	41	30	10	31	39.5	39.5	35	40.5	37.5	38	70	54	44.5	44.5	29	36	48.5	38.5	43	34.5	36.5	24.5	34.5	31.5	66	53.5	22	33	44.5	50.5	37.5	47	2	10	64	25	39	34.5	11	30	0	34.5	37.5	37.5	34.5	27	17	42.5	69	20	22.5	28.5	67	33.5	57.5	63.5	63.5	76.5	42.5	37	11	16.5	18	59	30	62	64	59	18	
54	38.5	50.5	26	48.5	12.5	30	33	53.5	54	53	24.5	20	42	43	68	47.5	47	35.5	69	27.5	71.5	39.5	60.5	40.5	24	32	46	25.5	20.5	23	56	69.5	58.5	44.5	59.5	66	13	63.5	69	11	36.5	41.5	27.5	18	73	17.5	64.5	22	32	39.5	48	48	53	63	55	39.5	27	30.5	61.5	36	24	31	73.5	32.5	44.5	37.5	55.5	27.5	63	39.5	28.5	34.5	0	11	3	63	53.5	25.5	71	42.5	54.5	51	57	40.5	62	31	37	37	50	71	65.5	29.5	20	52.5	32.5	38.5	35.5	37.5	30.5	52.5	
57	41.5	53.5	33	51.5	15.5	33	36	56.5	59	56	17.5	23	45	36	71	50.5	50	32.5	72	25.5	76.5	42.5	63.5	43.5	27	35	49	28.5	13.5	26	59	72.5	61.5	47.5	62.5	73	2	66.5	72	0	39.5	36.5	20.5	7	76	20.5	67.5	15	35	46.5	51	55	56	66	58	32.5	20	33.5	64.5	43	13	34	80.5	35.5	47.5	30.5	62.5	30.5	66	42.5	31.5	37.5	11	0	14	66	60.5	28.5	74	35.5	57.5	54	60	33.5	65	24	30	30	43	74	68.5	32.5	23	55.5	25.5	41.5	28.5	30.5	32.5	55.5	
57	41.5	53.5	23	51.5	15.5	33	36	56.5	51	56	27.5	23	45	44	69	50.5	50	32.5	68	30.5	68.5	42.5	63.5	43.5	27	35	49	28.5	23.5	26	59	72.5	61.5	47.5	62.5	63	16	66.5	72	14	39.5	38.5	30.5	21	74	20.5	67.5	25	35	36.5	49	45	56	66	52	42.5	30	33.5	60.5	33	27	34	70.5	35.5	47.5	40.5	52.5	30.5	66	42.5	31.5	37.5	3	14	0	66	50.5	28.5	74	45.5	57.5	54	60	41.5	65	34	40	40	47	74	68.5	32.5	23	55.5	35.5	41.5	38.5	40.5	27.5	55.5	
9	48.5	40.5	71	28.5	52.5	65	48	13.5	49	48	79.5	65	57	92	37	57.5	52	80.5	36	82.5	31.5	59.5	40.5	30.5	69	37	21	75.5	75.5	48	7	35.5	38.5	44.5	45.5	31	68	41.5	34	66	66.5	86.5	82.5	73	32	57.5	34.5	77	67	59.5	57	53	48	38	50	90.5	82	50.5	43.5	61	79	66	23.5	32.5	44.5	92.5	45.5	67.5	0	29.5	58.5	34.5	63	66	66	0	43.5	45.5	34	97.5	50.5	26	32	89.5	1	86	88	88	95	8	35.5	39.5	45	52.5	87.5	58.5	90.5	92.5	75.5	52.5	
52.5	23	21	27.5	33	49	31.5	28.5	48	5.5	13.5	52	41.5	19.5	48.5	18.5	14	14.5	37	17.5	39	18	22	21	31	37.5	29.5	40.5	36	66	38.5	50.5	22	23	17	12	12.5	58.5	18	27.5	60.5	25	43	79	53.5	23.5	44	27	69.5	29.5	16	13.5	9.5	13.5	23.5	6.5	47	74.5	31	10	17.5	47.5	30.5	20	29	17	59	2	34	43.5	32	33	27	53.5	60.5	50.5	43.5	0	36	25.5	54	7	35.5	29.5	46	44.5	70.5	44.5	44.5	51.5	35.5	26	32	41.5	9	74	23	61	69	32	9	
36.5	21	33	43.5	31	15	27.5	15.5	36	36.5	35.5	42	27.5	24.5	60.5	50.5	30	29.5	53	51.5	45	54	14	43	23	31.5	14.5	28.5	38	38	10.5	38.5	52	41	27	42	48.5	30.5	46	51.5	28.5	29	59	45	35.5	55.5	20	47	39.5	29.5	32	30.5	30.5	35.5	45.5	37.5	57	44.5	5	44	33.5	41.5	28.5	56	15	27	55	38	30	45.5	22	21	17	25.5	28.5	28.5	45.5	36	0	53.5	60	37	33.5	39.5	58	44.5	48.5	54.5	54.5	67.5	53.5	48	12	7.5	35	50	13	53	55	48	35	
27	48.5	36.5	53	36.5	60.5	57	54	26.5	31	34	77.5	67	45	74	19	39.5	40	62.5	18	64.5	13.5	47.5	26.5	38.5	63	45	29	61.5	83.5	56	29	17.5	28.5	42.5	27.5	13	76	23.5	2	74	50.5	68.5	90.5	79	2	65.5	22.5	85	55	41.5	39	35	34	24	32	72.5	90	56.5	25.5	43	73	56	10.5	40.5	42.5	84.5	27.5	59.5	34	37.5	58.5	42.5	71	74	74	34	25.5	53.5	0	79.5	32.5	34	30	71.5	35	94	70	70	77	26	21.5	47.5	53	34.5	95.5	48.5	86.5	94.5	57.5	34.5	
88.5	67	75	26.5	83	47	50.5	67.5	88	54.5	67.5	36	50.5	58.5	17.5	72.5	58	63.5	21	71.5	33	72	56	75	75	46.5	66.5	80.5	40	30	57.5	90.5	76	77	71	66	66.5	37.5	72	81.5	35.5	49	17	27	42.5	77.5	52	81	26.5	48.5	40	52.5	48.5	67.5	77.5	55.5	21	26.5	65	64	36.5	36.5	49.5	74	67	71	5	56	48	97.5	74	57	69	42.5	35.5	45.5	97.5	54	60	79.5	0	61	85.5	83.5	20	96.5	30.5	23.5	23.5	15.5	89.5	80	64	54.5	63	32	57	7	33	26	63	
45.5	30	28	34.5	40	44	38.5	35.5	45	12.5	20.5	59	48.5	26.5	55.5	25.5	21	21.5	44	24.5	46	25	29	28	32	44.5	28.5	37.5	43	67	39.5	47.5	29	30	10	19	19.5	59.5	25	34.5	57.5	32	50	74	60.5	30.5	49	34	68.5	36.5	23	20.5	16.5	20.5	30.5	13.5	54	73.5	38	17	24.5	54.5	37.5	27	22	10	66	5	41	50.5	31	40	20	54.5	57.5	57.5	50.5	7	37	32.5	61	0	42.5	36.5	53	51.5	77.5	51.5	51.5	58.5	42.5	33	31	36.5	2	79	30	68	76	39	2	
17	36.5	28.5	63	16.5	40.5	53	36	16.5	41	36	67.5	53	45	84	17	45.5	40	72.5	18	70.5	28.5	47.5	28.5	18.5	57	25	5	63.5	63.5	36	19	32.5	26.5	32.5	37.5	23	56	31.5	32	54	54.5	78.5	70.5	61	34	45.5	27.5	65	55	51.5	49	45	36	12	42	82.5	70	38.5	35.5	53	67	54	30.5	20.5	32.5	80.5	37.5	55.5	26	17.5	46.5	22.5	51	54	54	26	35.5	33.5	34	85.5	42.5	0	6	81.5	25	74	80	80	87	34	28.5	27.5	33	40.5	75.5	46.5	78.5	80.5	67.5	40.5	
23	42.5	34.5	57	22.5	46.5	59	42	22.5	35	38	73.5	59	49	78	11	43.5	44	66.5	12	68.5	22.5	51.5	30.5	24.5	63	31	11	65.5	69.5	42	25	26.5	32.5	38.5	31.5	17	62	27.5	32	60	54.5	72.5	76.5	67	28	51.5	31.5	71	59	45.5	43	39	38	6	36	76.5	76	44.5	29.5	47	73	60	24.5	26.5	38.5	86.5	31.5	61.5	32	23.5	52.5	28.5	57	60	60	32	29.5	39.5	30	83.5	36.5	6	0	75.5	31	80	74	74	81	40	30.5	33.5	39	38.5	81.5	52.5	84.5	86.5	61.5	38.5	
86.5	59	67	18.5	79	45	42.5	59.5	86	46.5	59.5	28	42.5	50.5	14.5	64.5	50	55.5	13	63.5	25	64	48	67	73	38.5	64.5	78.5	32	20	55.5	88.5	68	69	63	58	58.5	35.5	64	73.5	33.5	41	3	35	34.5	69.5	50	73	29.5	40.5	32	44.5	40.5	59.5	69.5	47.5	1	34.5	57	56	28.5	28.5	41.5	66	65	63	25	48	40	89.5	72	49	67	40.5	33.5	41.5	89.5	46	58	71.5	20	53	81.5	75.5	0	90.5	36.5	15.5	15.5	17.5	81.5	72	62	52.5	55	40	49	27	35	18	55	
8	47.5	39.5	72	27.5	51.5	64	47	12.5	50	47	78.5	64	56	93	38	56.5	51	81.5	37	81.5	32.5	58.5	39.5	29.5	68	36	20	74.5	74.5	47	6	36.5	37.5	43.5	46.5	32	67	42.5	33	65	65.5	87.5	81.5	72	33	56.5	33.5	76	66	60.5	58	54	47	37	51	91.5	81	49.5	44.5	62	78	65	24.5	31.5	43.5	91.5	46.5	66.5	1	28.5	57.5	33.5	62	65	65	1	44.5	44.5	35	96.5	51.5	25	31	90.5	0	85	89	89	96	9	34.5	38.5	44	51.5	86.5	57.5	89.5	91.5	76.5	51.5	
77	61.5	73.5	43	71.5	35.5	53	56	76.5	71	76	32.5	43	65	34	89	70.5	70	37.5	88	45.5	88.5	62.5	83.5	63.5	47	55	69	48.5	18.5	46	79	92.5	81.5	67.5	82.5	83	26	86.5	92	24	59.5	33.5	10.5	31	94	40.5	87.5	15	55	56.5	69	65	76	86	72	37.5	4	53.5	80.5	53	37	54	90.5	55.5	67.5	25.5	72.5	50.5	86	62.5	51.5	57.5	31	24	34	86	70.5	48.5	94	30.5	77.5	74	80	36.5	85	0	40	40	19	94	88.5	52.5	43	75.5	15.5	61.5	23.5	20.5	42.5	75.5	
83	57.5	65.5	17	77.5	41.5	41	58	82.5	45	58	26.5	41	49	18	63	48.5	54	11.5	62	23.5	62.5	46.5	65.5	69.5	37	61	75	30.5	29.5	52	85	66.5	67.5	61.5	56.5	57	32	62.5	72	30	39.5	12.5	36.5	33	68	46.5	71.5	31	39	30.5	43	39	58	68	46	16.5	36	55.5	54.5	27	27	40	64.5	61.5	61.5	28.5	46.5	38.5	88	68.5	47.5	63.5	37	30	40	88	44.5	54.5	70	23.5	51.5	80	74	15.5	89	40	0	0	21	80	70.5	58.5	49	53.5	41.5	47.5	30.5	38.5	16.5	53.5	
83	57.5	65.5	17	77.5	41.5	41	58	82.5	45	58	26.5	41	49	18	63	48.5	54	11.5	62	23.5	62.5	46.5	65.5	69.5	37	61	75	30.5	29.5	52	85	66.5	67.5	61.5	56.5	57	32	62.5	72	30	39.5	12.5	36.5	33	68	46.5	71.5	31	39	30.5	43	39	58	68	46	16.5	36	55.5	54.5	27	27	40	64.5	61.5	61.5	28.5	46.5	38.5	88	68.5	47.5	63.5	37	30	40	88	44.5	54.5	70	23.5	51.5	80	74	15.5	89	40	0	0	21	80	70.5	58.5	49	53.5	41.5	47.5	30.5	38.5	16.5	53.5	
96	64.5	72.5	24	84.5	54.5	48	65	95.5	52	65	33.5	48	56	15	70	55.5	61	18.5	69	30.5	69.5	53.5	72.5	82.5	44	74	88	37.5	37.5	65	98	73.5	74.5	68.5	63.5	64	45	69.5	79	43	46.5	14.5	29.5	40	75	55.5	78.5	34	46	37.5	50	46	65	75	53	18.5	23	62.5	61.5	34	34	47	71.5	74.5	68.5	20.5	53.5	45.5	95	81.5	54.5	76.5	50	43	47	95	51.5	67.5	77	15.5	58.5	87	81	17.5	96	19	21	21	0	87	77.5	71.5	62	60.5	30.5	54.5	22.5	25.5	23.5	60.5	
17	56.5	46.5	63	36.5	60.5	67	56	21.5	41	44	87.5	73	55	84	29	49.5	50	72.5	28	74.5	23.5	57.5	36.5	38.5	73	45	29	71.5	83.5	56	15	27.5	38.5	52.5	37.5	23	76	33.5	28	74	60.5	78.5	90.5	81	24	65.5	32.5	85	65	51.5	49	45	44	34	42	82.5	90	58.5	35.5	53	83	66	15.5	40.5	52.5	94.5	37.5	69.5	8	37.5	66.5	42.5	71	74	74	8	35.5	53.5	26	89.5	42.5	34	40	81.5	9	94	80	80	87	0	31.5	47.5	53	44.5	95.5	58.5	96.5	100.5	67.5	44.5	
26.5	49	37	53.5	31	55	57.5	50.5	26	31.5	34.5	78	67.5	45.5	74.5	19.5	40	40.5	63	18.5	65	8	48	27	33	63.5	39.5	23.5	62	78	50.5	28.5	4	29	43	28	13.5	70.5	24	23.5	68.5	51	69	85	75.5	19.5	60	1	79.5	55.5	42	39.5	35.5	34.5	24.5	32.5	73	84.5	53	26	43.5	73.5	56.5	16	35	43	85	28	60	35.5	32	59	37	65.5	68.5	68.5	35.5	26	48	21.5	80	33	28.5	30.5	72	34.5	88.5	70.5	70.5	77.5	31.5	0	42	47.5	35	90	49	87	95	58	35	
30.5	9	27	49.5	25	19	31.5	14.5	30	32.5	29.5	46	31.5	23.5	64.5	44.5	18	23.5	59	45.5	49	50	26	37	17	35.5	8.5	22.5	42	42	14.5	32.5	46	35	21	36	44.5	34.5	40	45.5	32.5	33	65	49	39.5	49.5	24	41	43.5	33.5	38	29.5	31.5	29.5	39.5	31.5	61	48.5	17	38	39.5	45.5	32.5	52	9	21	59	34	34	39.5	16	25	11	29.5	32.5	32.5	39.5	32	12	47.5	64	31	27.5	33.5	62	38.5	52.5	58.5	58.5	71.5	47.5	42	0	11.5	29	54	25	57	59	54	29	
36	20.5	32.5	44	30.5	9.5	22	15	35.5	38	35	36.5	22	24	55	50	29.5	29	51.5	51	39.5	55.5	21.5	42.5	22.5	26	14	28	32.5	32.5	3	38	51.5	40.5	26.5	41.5	54	25	45.5	51	23	23.5	55.5	39.5	30	55	14.5	46.5	34	24	32.5	30	34	35	45	37	51.5	39	12.5	43.5	34	36	23	61.5	14.5	26.5	49.5	41.5	24.5	45	21.5	15.5	16.5	20	23	23	45	41.5	7.5	53	54.5	36.5	33	39	52.5	44	43	49	49	62	53	47.5	11.5	0	34.5	44.5	20.5	47.5	49.5	46.5	34.5	
43.5	32	30	36.5	38	42	40.5	37.5	43	14.5	22.5	61	50.5	28.5	57.5	27.5	23	23.5	46	26.5	48	27	31	30	30	46.5	26.5	35.5	45	65	37.5	45.5	31	32	8	21	21.5	57.5	27	36.5	55.5	34	52	72	62.5	32.5	47	36	66.5	38.5	25	22.5	18.5	22.5	32.5	15.5	56	71.5	40	19	26.5	56.5	39.5	29	20	8	68	7	43	52.5	29	42	18	52.5	55.5	55.5	52.5	9	35	34.5	63	2	40.5	38.5	55	51.5	75.5	53.5	53.5	60.5	44.5	35	29	34.5	0	77	32	70	78	41	0	
78.5	63	75	46.5	73	37	54.5	57.5	78	74.5	77.5	34	44.5	66.5	37.5	92.5	72	71.5	41	91.5	47	92	64	85	65	48.5	56.5	70.5	50	20	47.5	80.5	94	83	69	84	86.5	27.5	88	93.5	25.5	61	37	5	32.5	97.5	42	89	16.5	56.5	60	72.5	68.5	77.5	87.5	75.5	39	11.5	55	84	56.5	38.5	55.5	94	57	69	27	76	52	87.5	64	53	59	32.5	25.5	35.5	87.5	74	50	95.5	32	79	75.5	81.5	40	86.5	15.5	41.5	41.5	30.5	95.5	90	54	44.5	77	0	63	25	5	46	77	
49.5	34	44	30.5	44	28	34.5	28.5	49	23.5	36.5	55	40.5	27.5	51.5	41.5	27	32.5	40	40.5	42	41	1	44	36	40.5	27.5	41.5	39	51	23.5	51.5	45	46	40	35	35.5	43.5	41	50.5	41.5	28	46	58	48.5	46.5	33	50	52.5	32.5	19	21.5	17.5	36.5	46.5	24.5	50	57.5	8	33	20.5	50.5	33.5	43	28	40	62	25	37	58.5	35	34	30	38.5	41.5	41.5	58.5	23	13	48.5	57	30	46.5	52.5	49	57.5	61.5	47.5	47.5	54.5	58.5	49	25	20.5	32	63	0	64	68	35	32	
81.5	66	78	33.5	76	40	57.5	60.5	81	61.5	74.5	37	47.5	65.5	24.5	79.5	65	70.5	28	78.5	40	79	63	82	68	51.5	59.5	73.5	47	23	50.5	83.5	83	84	72	73	73.5	30.5	79	88.5	28.5	56	24	20	35.5	84.5	45	88	19.5	55.5	47	59.5	55.5	74.5	84.5	62.5	28	19.5	58	71	43.5	41.5	56.5	81	60	72	2	63	55	90.5	67	56	62	35.5	28.5	38.5	90.5	61	53	86.5	7	68	78.5	84.5	27	89.5	23.5	30.5	30.5	22.5	96.5	87	57	47.5	70	25	64	0	30	33	70	
83.5	68	80	41.5	78	42	59.5	62.5	83	69.5	82.5	39	49.5	71.5	32.5	87.5	73	76.5	36	86.5	48	87	69	90	70	53.5	61.5	75.5	55	25	52.5	85.5	91	88	74	81	81.5	32.5	87	96.5	30.5	64	32	10	37.5	92.5	47	94	21.5	61.5	55	67.5	63.5	82.5	92.5	70.5	36	16.5	60	79	51.5	43.5	60.5	89	62	74	32	71	57	92.5	69	58	64	37.5	30.5	40.5	92.5	69	55	94.5	33	76	80.5	86.5	35	91.5	20.5	38.5	38.5	25.5	100.5	95	59	49.5	78	5	68	30	0	41	78	
80.5	45	53	4.5	65	39	28.5	45.5	80	32.5	45.5	24	28.5	36.5	20.5	50.5	36	41.5	9	49.5	7	50	34	53	63	24.5	56.5	72.5	18	38	45.5	82.5	54	55	49	44	44.5	30.5	50	59.5	32.5	27	15	49	25.5	55.5	36	59	41.5	26.5	18	30.5	26.5	45.5	55.5	33.5	19	46.5	43	42	14.5	19.5	27.5	52	59	49	31	34	26	75.5	64	35	59	30.5	32.5	27.5	75.5	32	48	57.5	26	39	67.5	61.5	18	76.5	42.5	16.5	16.5	23.5	67.5	58	54	46.5	41	46	35	33	41	0	41	
43.5	32	30	36.5	38	42	40.5	37.5	43	14.5	22.5	61	50.5	28.5	57.5	27.5	23	23.5	46	26.5	48	27	31	30	30	46.5	26.5	35.5	45	65	37.5	45.5	31	32	8	21	21.5	57.5	27	36.5	55.5	34	52	72	62.5	32.5	47	36	66.5	38.5	25	22.5	18.5	22.5	32.5	15.5	56	71.5	40	19	26.5	56.5	39.5	29	20	8	68	7	43	52.5	29	42	18	52.5	55.5	55.5	52.5	9	35	34.5	63	2	40.5	38.5	55	51.5	75.5	53.5	53.5	60.5	44.5	35	29	34.5	0	77	32	70	78	41	0	
