Number of items: 100
Horizon: 3
Time limit: 750
Load limit: 6000
Initial item inventory level
130
108
150
26
42
30
99
16
64
36
176
58
83
57
198
28
82
80
118
31
60
170
67
95
66
132
184
28
86
46
25
132
79
51
114
17
85
40
32
80
170
72
83
66
98
45
34
80
76
98
89
47
32
60
122
128
19
80
30
89
23
98
178
166
73
13
60
30
94
72
56
30
32
106
22
40
150
89
58
53
25
130
59
91
128
68
58
174
118
16
60
15
48
56
24
49
152
56
36
120
Maximum inventory capacity per item
195
162
225
39
84
45
198
32
96
72
264
87
166
114
297
56
164
120
177
62
120
255
134
190
99
198
276
56
129
69
50
198
158
102
171
34
170
60
64
160
255
144
166
99
147
90
51
120
114
147
178
94
48
120
183
192
38
160
45
178
46
147
267
249
146
26
90
60
188
144
112
45
48
159
33
60
225
178
116
106
50
195
118
182
192
102
87
261
177
32
120
30
96
84
36
98
228
84
72
180
Reserve storage replenishment rate per item and per period
390	0	0	
324	0	0	
450	0	0	
78	0	0	
252	0	0	
90	0	0	
594	0	0	
96	0	0	
192	0	0	
216	0	0	
528	0	0	
174	0	0	
498	0	0	
342	0	0	
594	0	0	
168	0	0	
492	0	0	
240	0	0	
354	0	0	
186	0	0	
360	0	0	
510	0	0	
402	0	0	
570	0	0	
198	0	0	
396	0	0	
552	0	0	
168	0	0	
258	0	0	
138	0	0	
150	0	0	
396	0	0	
474	0	0	
306	0	0	
342	0	0	
102	0	0	
510	0	0	
120	0	0	
192	0	0	
480	0	0	
510	0	0	
432	0	0	
498	0	0	
198	0	0	
294	0	0	
270	0	0	
102	0	0	
240	0	0	
228	0	0	
294	0	0	
534	0	0	
282	0	0	
96	0	0	
360	0	0	
366	0	0	
384	0	0	
114	0	0	
480	0	0	
90	0	0	
534	0	0	
138	0	0	
294	0	0	
534	0	0	
498	0	0	
438	0	0	
78	0	0	
180	0	0	
180	0	0	
564	0	0	
432	0	0	
336	0	0	
90	0	0	
96	0	0	
318	0	0	
66	0	0	
120	0	0	
450	0	0	
534	0	0	
348	0	0	
318	0	0	
150	0	0	
390	0	0	
354	0	0	
546	0	0	
384	0	0	
204	0	0	
174	0	0	
522	0	0	
354	0	0	
96	0	0	
360	0	0	
90	0	0	
288	0	0	
168	0	0	
72	0	0	
294	0	0	
456	0	0	
168	0	0	
216	0	0	
360	0	0	
Forward storage demand rate per item and per period
65	31	29	
54	50	56	
75	79	126	
13	13	15	
42	51	24	
15	11	11	
99	103	70	
16	6	16	
32	34	17	
36	22	41	
88	112	107	
29	32	32	
83	69	54	
57	73	6	
99	116	96	
28	32	21	
82	67	73	
40	40	31	
59	68	64	
31	36	23	
60	94	86	
85	135	96	
67	91	56	
95	25	95	
33	14	35	
66	39	78	
92	74	63	
28	23	21	
43	67	72	
23	35	24	
25	19	30	
66	60	47	
79	11	90	
51	69	40	
57	65	71	
17	19	21	
85	85	89	
20	14	21	
32	12	36	
80	30	124	
85	30	123	
72	104	59	
83	57	45	
33	43	50	
49	41	51	
45	29	32	
17	24	10	
40	62	56	
38	25	49	
49	51	60	
89	103	133	
47	38	85	
16	20	22	
60	33	31	
61	77	34	
64	80	78	
19	8	8	
80	60	55	
15	12	12	
89	131	87	
23	24	31	
49	42	61	
89	120	142	
83	49	59	
73	88	87	
13	19	9	
30	18	45	
30	23	25	
94	126	136	
72	74	98	
56	36	69	
15	11	3	
16	16	13	
53	54	61	
11	14	3	
20	26	38	
75	90	129	
89	92	62	
58	33	55	
53	84	98	
25	15	23	
65	10	66	
59	75	36	
91	109	82	
64	19	62	
34	16	37	
29	31	31	
87	70	108	
59	17	37	
16	25	11	
60	78	25	
15	13	5	
48	62	76	
28	45	29	
12	14	14	
49	50	79	
76	89	80	
28	43	23	
36	36	40	
60	56	53	
Distance matrix
0	49.5	75.5	52	33	14	89	42	88	27.5	68.5	14	72.5	76	60.5	90	57	72	71	87.5	68.5	51	48.5	76.5	56.5	50.5	32.5	49.5	76	60	86.5	27.5	40.5	19.5	82	51.5	88	47	39.5	74	21	32	51	45.5	10	83	74	79.5	28.5	66.5	19	53.5	13	48.5	70.5	95	26	46	58	74.5	62	53	37.5	18	70	51.5	67.5	55	25	50	21	52.5	52.5	54	52	60	60.5	72.5	33	69.5	28	25.5	70.5	88.5	8.5	64	55.5	29.5	28.5	82.5	69	45.5	49.5	64	28	5.5	16	33.5	49.5	50.5	25	
49.5	0	50	36.5	42.5	43.5	61.5	26.5	42.5	48	53	61.5	23	34.5	45	40.5	23.5	56.5	55.5	48	37	24.5	27	61	19	35	37	34	60.5	20.5	69	42	35	44	48.5	24	52.5	31.5	36	36.5	40.5	41.5	24.5	30	49.5	47.5	58.5	64	47	19	56.5	38	42.5	1	55	55.5	25.5	29.5	22.5	41	46.5	37.5	38	47.5	40.5	36	52	25.5	50.5	25.5	50.5	23	3	26.5	23.5	30.5	45	57	42.5	36	27.5	50	35	57	43	48.5	6	24	47	67	21.5	4	34	26.5	47.5	50	55.5	16	34	1	34.5	
75.5	50	0	37.5	66.5	69.5	35.5	37.5	16.5	72	7	85.5	27	23.5	39	14.5	42.5	32.5	31.5	22	31	48.5	51	37	43	41	63	40	36.5	39.5	43	68	59	70	22.5	48	26.5	42.5	60	25.5	66.5	67.5	48.5	46	75.5	21.5	34.5	40	71	33	80.5	34	68.5	51	31	29.5	51.5	53.5	41.5	25	22.5	28.5	62	73.5	29.5	42	8	44.5	74.5	49.5	76.5	47	47	45.5	47.5	39.5	31	33	66.5	30	53.5	74	29	31	69	24.5	44	50	71	43	30.5	54	40	35.5	71.5	76	81.5	44	40	49	60.5	
52	36.5	37.5	0	65	46	51	14	40	70.5	30.5	66	25.5	32	22.5	38	39	34	33	45.5	30.5	43	45.5	38.5	41.5	17.5	39.5	16.5	38	38	48.5	44.5	37.5	46.5	44	46.5	50	19	58.5	34	43	44	43	22.5	52	45	36	41.5	69.5	31.5	61	15.5	45	35.5	32.5	53	28	48	40	36.5	24	15	44.5	50	32	18.5	29.5	37	67	48	53	45.5	39.5	36	44	32	22.5	34.5	65	31.5	30	72.5	32.5	50.5	45.5	26	42.5	26.5	69.5	44.5	29	32.5	16.5	34	70	52.5	58	20.5	16.5	37.5	37	
33	42.5	66.5	65	0	19	78	55	59	19.5	73.5	33	39.5	51	61.5	57	40	85	84	64.5	53.5	36	33.5	85.5	25.5	61.5	39.5	62.5	89	37	85.5	34.5	41.5	32.5	65	20.5	69	60	12.5	53	34	35	36	56.5	33	64	83	82.5	18.5	35.5	28	66.5	20	43.5	83.5	72	39	31	39	57.5	75	66	34.5	15	57	60.5	74.5	42	22	27	12	29.5	39.5	43	35	47	71.5	85.5	14	52.5	41	21.5	51.5	73.5	26.5	77	36.5	42.5	18.5	89.5	38	46.5	62.5	43	19	33.5	31	46.5	62.5	41.5	38	
14	43.5	69.5	46	19	0	83	36	78	36.5	62.5	28	58.5	70	54.5	76	51	66	65	81.5	62.5	45	42.5	70.5	44.5	44.5	26.5	43.5	70	54	80.5	21.5	34.5	13.5	76	39.5	82	41	31.5	68	15	26	45	39.5	14	77	68	73.5	37.5	54.5	23	47.5	1	42.5	64.5	89	20	40	52	68.5	56	47	31.5	4	64	45.5	61.5	49	29	44	7	46.5	46.5	48	46	54	54.5	66.5	33	63.5	22	34.5	64.5	82.5	7.5	58	49.5	23.5	37.5	76.5	57	39.5	43.5	58	38	14.5	20	27.5	43.5	44.5	19	
89	61.5	35.5	51	78	83	0	51	23	83.5	42.5	97	38.5	35	50.5	21	54	17	18	23.5	42.5	60	62.5	30.5	54.5	54.5	76.5	53.5	13	51	29.5	81.5	70.5	83.5	29	59.5	23	56	71.5	37	80	79	60	59.5	89	28	33	31.5	82.5	44.5	92	47.5	82	62.5	24.5	6	65	65	53	36.5	31	42	73.5	87	41	55.5	41.5	56	86	61	90	58.5	58.5	57	59	51	44.5	26.5	78	41.5	67	85.5	40.5	22.5	82.5	33	55.5	63.5	82.5	31.5	42	65.5	53.5	47	83	89.5	95	57.5	53.5	60.5	74	
42	26.5	37.5	14	55	36	51	0	50	64.5	30.5	56	30.5	38	22.5	48	29	34	33	49.5	30.5	33	35.5	38.5	41.5	12.5	29.5	11.5	38	32	48.5	34.5	27.5	36.5	44	46.5	50	5	56.5	36	33	34	33	12.5	42	45	36	41.5	65.5	31.5	51	15.5	35	25.5	32.5	57	18	38	30	36.5	24	15	34.5	40	32	13.5	29.5	27	57	42	43	39.5	29.5	26	34	18	22.5	34.5	65	31.5	20	62.5	32.5	50.5	35.5	26	32.5	16.5	65.5	44.5	27	22.5	11.5	22	70	42.5	48	10.5	11.5	27.5	27	
88	42.5	16.5	40	59	78	23	50	0	64.5	23.5	78	19.5	16	31.5	2	35	40	39	9.5	23.5	41	43.5	30.5	35.5	41.5	59.5	42.5	36	32	30.5	64.5	51.5	72.5	6	40.5	14	45	52.5	18	71	60	41	46.5	82	5	28	27.5	63.5	25.5	73	38.5	79	43.5	36.5	17	64	46	34	17.5	26	39	54.5	74	22	40.5	24.5	37	67	42	71	39.5	39.5	38	40	32	31.5	34.5	59	22.5	64	66.5	21.5	18.5	81.5	24	36.5	62.5	63.5	34.5	23	46.5	42.5	28	64	86.5	76	56.5	42.5	41.5	67	
27.5	48	72	70.5	19.5	36.5	83.5	64.5	64.5	0	79	23.5	45	56.5	67	62.5	45.5	94.5	93.5	70	59	41.5	39	91	31	67	45	68	96.5	42.5	91	40	47	38	70.5	26	74.5	65.5	18	58.5	41.5	40.5	41.5	62	32.5	69.5	88.5	88	1	41	23.5	74	35.5	49	93	77.5	48.5	36.5	44.5	63	84.5	75.5	40	34.5	62.5	66	80	47.5	17.5	32.5	31.5	35	45	48.5	40.5	52.5	77	95	9.5	58	50.5	2	57	79	31	86.5	42	52	1	95	43.5	52	68	48.5	9.5	22	26.5	56	68	47	47.5	
68.5	53	7	30.5	73.5	62.5	42.5	30.5	23.5	79	0	82.5	34	30.5	34	21.5	49.5	25.5	24.5	29	38	55.5	58	30	50	34	56	33	29.5	46.5	40	61	54	63	29.5	55	33.5	35.5	67	32.5	59.5	60.5	55.5	39	68.5	28.5	27.5	33	78	40	77.5	27	61.5	52	24	36.5	44.5	60.5	48.5	32	15.5	21.5	61	66.5	36.5	35	1	51.5	81.5	56.5	69.5	54	54	52.5	54.5	46.5	24	26	73.5	37	46.5	81	36	38	62	17.5	51	43	78	36	37.5	49	33	42.5	78.5	69	74.5	37	33	54	53.5	
14	61.5	85.5	66	33	28	97	56	78	23.5	82.5	0	58.5	70	74.5	76	59	86	85	83.5	72.5	55	52.5	90.5	44.5	64.5	46.5	63.5	90	56	100.5	41.5	54.5	33.5	84	39.5	88	61	31.5	72	35	46	55	59.5	24	83	88	93.5	22.5	54.5	33	67.5	27	62.5	84.5	91	40	50	58	76.5	76	67	51.5	32	76	65.5	81.5	61	31	46	35	48.5	58.5	62	54	66	74.5	86.5	23	71.5	42	25.5	70.5	92.5	22.5	78	55.5	43.5	22.5	96.5	57	59.5	63.5	62	14	19.5	30	47.5	63.5	60.5	39	
72.5	23	27	25.5	39.5	58.5	38.5	30.5	19.5	45	34	58.5	0	11.5	22	17.5	15.5	55.5	56.5	25	14	21.5	24	46	16	22	40	23	51.5	12.5	46	45	32	53	25.5	21	29.5	25.5	33	13.5	51.5	40.5	21.5	27	62.5	24.5	43.5	43	44	6	53.5	29	59.5	24	52	32.5	46.5	26.5	14.5	18	45.5	34.5	35	54.5	17.5	21	35	17.5	47.5	22.5	51.5	20	20	18.5	20.5	12.5	32	50	39.5	13	44.5	47	12	34	64	43.5	17	43	44	50	3.5	27	23	8.5	44.5	67	56.5	39	23	22	47.5	
76	34.5	23.5	32	51	70	35	38	16	56.5	30.5	70	11.5	0	23.5	14	27	48	47	21.5	15.5	33	35.5	42.5	27.5	33.5	51.5	34.5	48	24	42.5	56.5	43.5	64.5	22	32.5	26	37	44.5	2	63	52	33	38.5	74	21	40	39.5	55.5	17.5	65	30.5	69	35.5	46.5	29	52	38	26	14.5	38	23	46.5	66	6	32.5	31.5	29	59	34	63	31.5	31.5	30	32	24	28.5	46.5	51	14.5	54	58.5	13.5	30.5	69.5	40	28.5	50.5	55.5	46.5	15	38.5	34.5	20	56	76.5	68	44.5	34.5	33.5	59	
60.5	45	39	22.5	61.5	54.5	50.5	22.5	31.5	67	34	74.5	22	23.5	0	29.5	37.5	37.5	36.5	37	8	43.5	46	42	38	26	48	25	41.5	34.5	52	53	46	55	37.5	43	41.5	27.5	55	25.5	51.5	52.5	43.5	31	60.5	36.5	39.5	45	66	28	69.5	7	53.5	44	36	44.5	36.5	48.5	36.5	30	27.5	18.5	53	58.5	29.5	27	33	39.5	69.5	44.5	61.5	42	42	40.5	42.5	34.5	26	38	61.5	9	38.5	69	10	46	54	29.5	39	35	66	48	25.5	41	25	30.5	66.5	61	66.5	29	25	44	45.5	
90	40.5	14.5	38	57	76	21	48	2	62.5	21.5	76	17.5	14	29.5	0	33	38	39	7.5	21.5	39	41.5	28.5	33.5	39.5	57.5	40.5	34	30	28.5	62.5	49.5	70.5	8	38.5	12	43	50.5	16	69	58	39	44.5	80	7	26	25.5	61.5	23.5	71	36.5	77	41.5	34.5	15	64	44	32	15.5	28	37	52.5	72	20	38.5	22.5	35	65	40	69	37.5	37.5	36	38	30	29.5	32.5	57	20.5	62	64.5	19.5	16.5	81.5	26	34.5	60.5	61.5	32.5	21	44.5	40.5	26	62	84.5	74	56.5	40.5	39.5	65	
57	23.5	42.5	39	40	51	54	29	35	45.5	49.5	59	15.5	27	37.5	33	0	59	58	40.5	29.5	22	24.5	61.5	16.5	37.5	40.5	36.5	63	3	61.5	45.5	32.5	51.5	41	21.5	45	34	33.5	29	48	41	22	32.5	57	40	59	58.5	44.5	11.5	54	40.5	50	24.5	57.5	48	33	27	1	33.5	49	40	35.5	55	33	36.5	50.5	2	48	23	52	20.5	20.5	3	21	23	47.5	59.5	40	28.5	35	47.5	27.5	49.5	50.5	51	17.5	31.5	44.5	65.5	14	27.5	36.5	19	45	57.5	57	25.5	36.5	22.5	42	
72	56.5	32.5	34	85	66	17	34	40	94.5	25.5	86	55.5	48	37.5	38	59	0	1	34.5	45.5	63	65.5	13.5	71.5	37.5	59.5	36.5	4	62	18.5	64.5	57.5	66.5	34	76.5	30	39	86.5	46	63	64	63	42.5	72	35	16	16.5	95.5	61.5	81	30.5	65	55.5	7.5	23	48	68	60	41.5	14	25	64.5	70	42	38.5	24.5	57	87	72	73	69.5	59.5	56	64	52	27.5	9.5	95	46.5	50	92.5	47.5	25.5	65.5	16	62.5	46.5	95.5	14.5	59	52.5	36.5	56	100	72.5	78	40.5	36.5	57.5	57	
71	55.5	31.5	33	84	65	18	33	39	93.5	24.5	85	56.5	47	36.5	39	58	1	0	33.5	44.5	62	64.5	12.5	72.5	36.5	58.5	35.5	5	61	17.5	63.5	56.5	65.5	33	77.5	29	38	85.5	45	62	63	62	41.5	71	34	15	15.5	94.5	62.5	80	29.5	64	54.5	6.5	24	47	67	59	40.5	13	24	63.5	69	41	37.5	23.5	56	86	71	72	68.5	58.5	55	63	51	26.5	8.5	94	45.5	49	91.5	46.5	24.5	64.5	15	61.5	45.5	94.5	13.5	60	51.5	35.5	55	99	71.5	77	39.5	35.5	56.5	56	
87.5	48	22	45.5	64.5	81.5	23.5	49.5	9.5	70	29	83.5	25	21.5	37	7.5	40.5	34.5	33.5	0	29	46.5	49	31	41	47	65	48	36.5	37.5	31	70	57	78	15.5	46	14.5	50.5	58	23.5	76.5	65.5	46.5	52	87.5	14.5	28.5	28	69	31	78.5	44	80.5	49	33	17.5	63.5	51.5	39.5	23	29.5	40.5	60	79.5	27.5	46	30	42.5	72.5	47.5	76.5	45	45	43.5	45.5	37.5	37	35	64.5	28	65.5	72	27	19	81	31.5	42	62	69	35	28.5	52	48	33.5	69.5	88	81.5	56	48	47	72.5	
68.5	37	31	30.5	53.5	62.5	42.5	30.5	23.5	59	38	72.5	14	15.5	8	21.5	29.5	45.5	44.5	29	0	35.5	38	50	30	34	54	33	49.5	26.5	50	59	46	63	29.5	35	33.5	35.5	47	17.5	59.5	54.5	35.5	39	68.5	28.5	47.5	47	58	20	67.5	15	61.5	38	44	36.5	44.5	40.5	28.5	22	35.5	26.5	49	66.5	21.5	35	39	31.5	61.5	36.5	65.5	34	34	32.5	34.5	26.5	34	46	53.5	1	46.5	61	2	38	62	37.5	31	43	58	54	17.5	41	33	22.5	58.5	69	70.5	37	33	36	53.5	
51	24.5	48.5	43	36	45	60	33	41	41.5	55.5	55	21.5	33	43.5	39	22	63	62	46.5	35.5	0	20.5	67.5	12.5	41.5	36.5	40.5	67	19	67.5	41.5	28.5	45.5	47	17.5	51	38	29.5	35	42	37	0	36.5	51	46	65	64.5	40.5	17.5	50	44.5	44	25.5	61.5	54	27	23	21	39.5	53	44	31.5	49	39	42.5	56.5	24	44	19	48	16.5	21.5	25	1	29	51.5	63.5	36	34.5	29	43.5	33.5	55.5	44.5	55	18.5	25.5	40.5	71.5	20	28.5	40.5	25	41	51.5	53	24.5	40.5	23.5	36	
48.5	27	51	45.5	33.5	42.5	62.5	35.5	43.5	39	58	52.5	24	35.5	46	41.5	24.5	65.5	64.5	49	38	20.5	0	70	8	44	34	43	69.5	21.5	70	39	8	43	49.5	15	53.5	40.5	27	37.5	39.5	34.5	20.5	39	48.5	48.5	67.5	67	38	20	47.5	47	41.5	28	64	56.5	24.5	20.5	23.5	42	55.5	46.5	29	46.5	41.5	45	59	26.5	41.5	16.5	45.5	4	24	27.5	19.5	31.5	54	66	33.5	37	26.5	41	36	58	42	57.5	21	19	38	74	22.5	31	43	27.5	38.5	49	50.5	27	43	26	33.5	
76.5	61	37	38.5	85.5	70.5	30.5	38.5	30.5	91	30	90.5	46	42.5	42	28.5	61.5	13.5	12.5	31	50	67.5	70	0	62	42	64	41	17.5	58.5	28	69	62	71	36.5	67	30.5	43.5	79	44.5	67.5	68.5	67.5	47	76.5	35.5	20.5	3	90	52	85.5	35	69.5	60	6	28.5	52.5	72.5	60.5	44	18.5	29.5	69	74.5	46.5	43	29	61.5	91.5	68.5	77.5	66	64	60.5	66.5	56.5	32	4	85.5	49	54.5	93	48	12	70	20.5	63	51	90	24	49.5	57	41	54.5	90.5	77	82.5	45	41	62	61.5	
56.5	19	43	41.5	25.5	44.5	54.5	41.5	35.5	31	50	44.5	16	27.5	38	33.5	16.5	71.5	72.5	41	30	12.5	8	62	0	38	26	39	67.5	13.5	62	31	16	39	41.5	7	45.5	36.5	19	29.5	37.5	26.5	12.5	33	48.5	40.5	59.5	59	30	12	39.5	45	45.5	20	68	48.5	32.5	12.5	15.5	34	61.5	50.5	21	40.5	33.5	37	51	18.5	33.5	8.5	37.5	4	16	19.5	11.5	23.5	48	66	25.5	29	30.5	33	28	50	50	59.5	13	27	30	66	14.5	23	39	19.5	30.5	53	42.5	35	39	18	33.5	
50.5	35	41	17.5	61.5	44.5	54.5	12.5	41.5	67	34	64.5	22	33.5	26	39.5	37.5	37.5	36.5	47	34	41.5	44	42	38	0	38	1	41.5	34.5	52	43	36	45	47.5	43	51.5	17.5	55	35.5	41.5	42.5	41.5	21	50.5	46.5	39.5	45	66	28	59.5	19	43.5	34	36	54.5	26.5	46.5	36.5	40	27.5	18.5	43	48.5	35.5	1	33	35.5	65.5	44.5	51.5	42	38	34.5	42.5	30.5	26	38	61.5	35	28.5	69	34	54	44	29.5	39	25	66	48	25.5	31	1	30.5	66.5	51	56.5	19	1	36	35.5	
32.5	37	63	39.5	39.5	26.5	76.5	29.5	59.5	45	56	46.5	40	51.5	48	57.5	40.5	59.5	58.5	65	54	36.5	34	64	26	38	0	37	63.5	37.5	74	25	28	27	65.5	19	69.5	34.5	33	53.5	23.5	24.5	36.5	33	32.5	64.5	61.5	67	44	36	41.5	41	25.5	36	58	72.5	13.5	31.5	39.5	58	49.5	40.5	5	30.5	57.5	39	55	42.5	47.5	27.5	33.5	30	40	41.5	35.5	47.5	48	60	39.5	53	15.5	47	52	74	26	51.5	37	17	44	70	38.5	33	37	43.5	44.5	33	38.5	21	37	38	17.5	
49.5	34	40	16.5	62.5	43.5	53.5	11.5	42.5	68	33	63.5	23	34.5	25	40.5	36.5	36.5	35.5	48	33	40.5	43	41	39	1	37	0	40.5	35.5	51	42	35	44	46.5	44	52.5	16.5	56	36.5	40.5	41.5	40.5	20	49.5	47.5	38.5	44	67	29	58.5	18	42.5	33	35	55.5	25.5	45.5	37.5	39	26.5	17.5	42	47.5	34.5	2	32	34.5	64.5	45.5	50.5	43	37	33.5	41.5	29.5	25	37	62.5	34	27.5	70	35	53	43	28.5	40	24	67	47	26.5	30	0	31.5	67.5	50	55.5	18	0	35	34.5	
76	60.5	36.5	38	89	70	13	38	36	96.5	29.5	90	51.5	48	41.5	34	63	4	5	36.5	49.5	67	69.5	17.5	67.5	41.5	63.5	40.5	0	64	22.5	68.5	61.5	70.5	38	72.5	34	43	84.5	50	67	68	67	46.5	76	39	20	20.5	95.5	57.5	85	34.5	69	59.5	11.5	19	52	72	64	45.5	18	29	68.5	74	46	42.5	28.5	61	91	74	77	71.5	63.5	60	68	56	31.5	13.5	91	50.5	54	96.5	51.5	29.5	69.5	20	66.5	50.5	95.5	18.5	55	56.5	40.5	60	96	76.5	82	44.5	40.5	61.5	61	
60	20.5	39.5	38	37	54	51	32	32	42.5	46.5	56	12.5	24	34.5	30	3	62	61	37.5	26.5	19	21.5	58.5	13.5	34.5	37.5	35.5	64	0	58.5	42.5	29.5	50.5	38	18.5	42	33	30.5	26	49	38	19	29.5	60	37	56	55.5	41.5	8.5	51	41.5	53	21.5	60.5	45	36	24	2	30.5	52	43	32.5	52	30	33.5	47.5	5	45	20	49	17.5	17.5	6	18	20	44.5	62.5	37	25.5	38	44.5	24.5	46.5	53.5	54	14.5	34.5	41.5	62.5	11	24.5	35.5	16	42	60.5	54	28.5	35.5	19.5	45	
86.5	69	43	48.5	85.5	80.5	29.5	48.5	30.5	91	40	100.5	46	42.5	52	28.5	61.5	18.5	17.5	31	50	67.5	70	28	62	52	74	51	22.5	58.5	0	79	72	81	36.5	67	30.5	53.5	79	44.5	77.5	78.5	67.5	57	86.5	35.5	30.5	31	90	52	95.5	45	79.5	70	22	23.5	62.5	72.5	60.5	44	28.5	39.5	79	84.5	48.5	53	39	63.5	93.5	68.5	87.5	66	66	64.5	66.5	58.5	42	24	85.5	49	64.5	93	48	30	80	30.5	63	61	90	4	49.5	67	51	54.5	90.5	87	92.5	55	51	68	71.5	
27.5	42	68	44.5	34.5	21.5	81.5	34.5	64.5	40	61	41.5	45	56.5	53	62.5	45.5	64.5	63.5	70	59	41.5	39	69	31	43	25	42	68.5	42.5	79	0	33	22	70.5	26	74.5	39.5	28	58.5	18.5	24.5	41.5	38	27.5	69.5	66.5	72	39	41	36.5	46	20.5	41	63	77.5	18.5	36.5	44.5	63	54.5	45.5	30	25.5	62.5	44	60	47.5	42.5	32.5	28.5	35	45	46.5	40.5	52.5	53	65	34.5	58	20.5	42	57	79	21	56.5	42	22	39	75	43.5	38	42	48.5	39.5	28	33.5	26	42	43	17.5	
40.5	35	59	37.5	41.5	34.5	70.5	27.5	51.5	47	54	54.5	32	43.5	46	49.5	32.5	57.5	56.5	57	46	28.5	8	62	16	36	28	35	61.5	29.5	72	33	0	35	57.5	23	61.5	32.5	35	45.5	31.5	32.5	28.5	31	40.5	56.5	59.5	65	46	28	49.5	39	33.5	34	56	64.5	16.5	28.5	31.5	50	47.5	38.5	33	38.5	49.5	37	53	34.5	49.5	24.5	41.5	12	32	35.5	27.5	39.5	46	58	41.5	45	18.5	49	44	66	34	49.5	29	11	46	68	30.5	31	35	35.5	46.5	41	46.5	19	35	34	25.5	
19.5	44	70	46.5	32.5	13.5	83.5	36.5	72.5	38	63	33.5	53	64.5	55	70.5	51.5	66.5	65.5	78	63	45.5	43	71	39	45	27	44	70.5	50.5	81	22	35	0	76.5	34	82.5	41.5	20	66.5	15.5	26.5	45.5	40	19.5	77.5	68.5	74	37	49	28.5	48	12.5	43	65	85.5	20.5	40.5	52.5	69	56.5	47.5	32	17.5	64.5	46	62	49.5	34.5	40.5	20.5	43	47	48.5	46.5	54.5	55	67	32.5	64	22.5	40	65	83	13	58.5	50	24	37	77	51.5	40	44	56.5	37.5	20	25.5	28	44	45	19.5	
82	48.5	22.5	44	65	76	29	44	6	70.5	29.5	84	25.5	22	37.5	8	41	34	33	15.5	29.5	47	49.5	36.5	41.5	47.5	65.5	46.5	38	38	36.5	70.5	57.5	76.5	0	46.5	20	49	58.5	24	73	66	47	52.5	82	1	34	33.5	69.5	31.5	79	40.5	75	49.5	32.5	23	58	52	40	23.5	20	35	60.5	80	28	46.5	30.5	43	73	48	77	45.5	45.5	44	46	38	37.5	34.5	65	28.5	60	72.5	27.5	24.5	75.5	18	42.5	56.5	69.5	40.5	29	52.5	46.5	34	70	82.5	82	50.5	46.5	47.5	67	
51.5	24	48	46.5	20.5	39.5	59.5	46.5	40.5	26	55	39.5	21	32.5	43	38.5	21.5	76.5	77.5	46	35	17.5	15	67	7	43	19	44	72.5	18.5	67	26	23	34	46.5	0	50.5	41.5	14	34.5	32.5	21.5	17.5	38	43.5	45.5	64.5	64	25	17	34.5	50	40.5	25	73	53.5	32.5	12.5	20.5	39	66.5	55.5	14	35.5	38.5	42	56	23.5	28.5	8.5	32.5	11	21	24.5	16.5	28.5	53	71	20.5	34	30.5	28	33	55	45	64.5	18	34	25	71	19.5	28	44	24.5	25.5	48	37.5	40	44	23	28.5	
88	52.5	26.5	50	69	82	23	50	14	74.5	33.5	88	29.5	26	41.5	12	45	30	29	14.5	33.5	51	53.5	30.5	45.5	51.5	69.5	52.5	34	42	30.5	74.5	61.5	82.5	20	50.5	0	55	62.5	28	79	70	51	56.5	88	19	14	27.5	73.5	35.5	83	46.5	81	53.5	28.5	17	64	56	44	27.5	30	41	64.5	84	32	50.5	34.5	47	77	52	81	49.5	49.5	48	50	42	41.5	30.5	69	32.5	66	76.5	31.5	18.5	81.5	32	46.5	62.5	73.5	34.5	33	56.5	52.5	38	74	88.5	86	56.5	52.5	51.5	73	
47	31.5	42.5	19	60	41	56	5	45	65.5	35.5	61	25.5	37	27.5	43	34	39	38	50.5	35.5	38	40.5	43.5	36.5	17.5	34.5	16.5	43	33	53.5	39.5	32.5	41.5	49	41.5	55	0	53.5	39	38	39	38	17.5	47	50	41	46.5	64.5	26.5	56	20.5	40	30.5	37.5	58	23	43	35	41.5	29	20	39.5	45	37	18.5	34.5	32	62	43	48	40.5	34.5	31	39	13	27.5	39.5	60	36.5	25	67.5	37.5	55.5	40.5	31	37.5	21.5	64.5	49.5	22	27.5	16.5	17	65	47.5	53	15.5	16.5	32.5	32	
39.5	36	60	58.5	12.5	31.5	71.5	56.5	52.5	18	67	31.5	33	44.5	55	50.5	33.5	86.5	85.5	58	47	29.5	27	79	19	55	33	56	84.5	30.5	79	28	35	20	58.5	14	62.5	53.5	0	46.5	29.5	28.5	29.5	50	35.5	57.5	76.5	76	17	29	26.5	62	32.5	37	85	65.5	40.5	24.5	32.5	51	76.5	67.5	28	27.5	50.5	54	68	35.5	20.5	20.5	24.5	23	33	36.5	28.5	40.5	65	83	12.5	46	42.5	20	45	67	33	76.5	30	44	17	83	31.5	40	56	36.5	17.5	40	29.5	48	56	35	35.5	
74	36.5	25.5	34	53	68	37	36	18	58.5	32.5	72	13.5	2	25.5	16	29	46	45	23.5	17.5	35	37.5	44.5	29.5	35.5	53.5	36.5	50	26	44.5	58.5	45.5	66.5	24	34.5	28	39	46.5	0	65	54	35	40.5	74	23	42	41.5	57.5	19.5	67	32.5	67	37.5	44.5	31	50	40	28	16.5	36	21	48.5	68	4	34.5	33.5	31	61	36	65	33.5	33.5	32	34	26	30.5	46.5	53	16.5	52	60.5	15.5	32.5	67.5	38	30.5	48.5	57.5	48.5	17	40.5	36.5	22	58	74.5	70	42.5	36.5	35.5	59	
21	40.5	66.5	43	34	15	80	33	71	41.5	59.5	35	51.5	63	51.5	69	48	63	62	76.5	59.5	42	39.5	67.5	37.5	41.5	23.5	40.5	67	49	77.5	18.5	31.5	15.5	73	32.5	79	38	29.5	65	0	23	42	36.5	21	74	65	70.5	40.5	47.5	30	44.5	14	39.5	61.5	84	17	37	49	65.5	53	44	28.5	19	61	42.5	58.5	46	36	39	22	41.5	43.5	45	43	51	51.5	63.5	36	60.5	19	41.5	61.5	79.5	14.5	55	46.5	20.5	40.5	73.5	50	36.5	40.5	55	41	21.5	27	24.5	40.5	41.5	16	
32	41.5	67.5	44	35	26	79	34	60	40.5	60.5	46	40.5	52	52.5	58	41	64	63	65.5	54.5	37	34.5	68.5	26.5	42.5	24.5	41.5	68	38	78.5	24.5	32.5	26.5	66	21.5	70	39	28.5	54	23	0	37	37.5	32	65	66	71.5	39.5	36.5	41	45.5	25	40.5	62.5	73	18	32	40	58.5	54	45	29.5	30	58	43.5	59.5	43	43	28	33	30.5	40.5	44	36	48	52.5	64.5	35	53.5	20	42.5	52.5	74.5	25.5	56	37.5	21.5	39.5	74.5	39	37.5	41.5	44	40	32.5	38	25.5	41.5	42.5	7	
51	24.5	48.5	43	36	45	60	33	41	41.5	55.5	55	21.5	33	43.5	39	22	63	62	46.5	35.5	0	20.5	67.5	12.5	41.5	36.5	40.5	67	19	67.5	41.5	28.5	45.5	47	17.5	51	38	29.5	35	42	37	0	36.5	51	46	65	64.5	40.5	17.5	50	44.5	44	25.5	61.5	54	27	23	21	39.5	53	44	31.5	49	39	42.5	56.5	24	44	19	48	16.5	21.5	25	1	29	51.5	63.5	36	34.5	29	43.5	33.5	55.5	44.5	55	18.5	25.5	40.5	71.5	20	28.5	40.5	25	41	51.5	53	24.5	40.5	23.5	36	
45.5	30	46	22.5	56.5	39.5	59.5	12.5	46.5	62	39	59.5	27	38.5	31	44.5	32.5	42.5	41.5	52	39	36.5	39	47	33	21	33	20	46.5	29.5	57	38	31	40	52.5	38	56.5	17.5	50	40.5	36.5	37.5	36.5	0	45.5	51.5	44.5	50	61	21	54.5	24	38.5	29	41	59.5	21.5	41.5	31.5	45	32.5	23.5	38	43.5	40.5	22	38	30.5	60.5	39.5	46.5	37	33	29.5	37.5	30.5	31	43	56.5	40	23.5	64	39	59	39	34.5	34	20	61	53	25.5	26	20	30.5	61.5	46	51.5	14	20	31	30.5	
10	49.5	75.5	52	33	14	89	42	82	32.5	68.5	24	62.5	74	60.5	80	57	72	71	87.5	68.5	51	48.5	76.5	48.5	50.5	32.5	49.5	76	60	86.5	27.5	40.5	19.5	82	43.5	88	47	35.5	74	21	32	51	45.5	0	83	74	79.5	31.5	58.5	9	53.5	13	48.5	70.5	95	26	46	58	74.5	62	53	37.5	18	70	51.5	67.5	55	15	50	21	52.5	52.5	54	52	60	60.5	72.5	23	69.5	28	30.5	70.5	88.5	8.5	64	55.5	29.5	31.5	82.5	61	45.5	49.5	64	32	10.5	6	33.5	49.5	50.5	25	
83	47.5	21.5	45	64	77	28	45	5	69.5	28.5	83	24.5	21	36.5	7	40	35	34	14.5	28.5	46	48.5	35.5	40.5	46.5	64.5	47.5	39	37	35.5	69.5	56.5	77.5	1	45.5	19	50	57.5	23	74	65	46	51.5	83	0	33	32.5	68.5	30.5	78	41.5	76	48.5	33.5	22	59	51	39	22.5	21	36	59.5	79	27	45.5	29.5	42	72	47	76	44.5	44.5	43	45	37	36.5	35.5	64	27.5	61	71.5	26.5	23.5	76.5	19	41.5	57.5	68.5	39.5	28	51.5	47.5	33	69	83.5	81	51.5	47.5	46.5	68	
74	58.5	34.5	36	83	68	33	36	28	88.5	27.5	88	43.5	40	39.5	26	59	16	15	28.5	47.5	65	67.5	20.5	59.5	39.5	61.5	38.5	20	56	30.5	66.5	59.5	68.5	34	64.5	14	41	76.5	42	65	66	65	44.5	74	33	0	23.5	87.5	49.5	83	32.5	67	57.5	14.5	31	50	70	58	41.5	16	27	66.5	72	44	40.5	26.5	59	89	66	75	63.5	61.5	58	64	54	29.5	16.5	83	46.5	52	90.5	45.5	32.5	67.5	18	60.5	48.5	87.5	26.5	47	54.5	38.5	52	88	74.5	80	42.5	38.5	59.5	59	
79.5	64	40	41.5	82.5	73.5	31.5	41.5	27.5	88	33	93.5	43	39.5	45	25.5	58.5	16.5	15.5	28	47	64.5	67	3	59	45	67	44	20.5	55.5	31	72	65	74	33.5	64	27.5	46.5	76	41.5	70.5	71.5	64.5	50	79.5	32.5	23.5	0	87	49	88.5	38	72.5	63	9	25.5	55.5	69.5	57.5	41	21.5	32.5	72	77.5	45.5	46	32	60.5	90.5	65.5	80.5	63	63	61.5	63.5	55.5	35	7	82.5	46	57.5	90	45	9	73	23.5	60	54	87	27	46.5	60	44	51.5	87.5	80	85.5	48	44	65	64.5	
28.5	47	71	69.5	18.5	37.5	82.5	65.5	63.5	1	78	22.5	44	55.5	66	61.5	44.5	95.5	94.5	69	58	40.5	38	90	30	66	44	67	95.5	41.5	90	39	46	37	69.5	25	73.5	64.5	17	57.5	40.5	39.5	40.5	61	31.5	68.5	87.5	87	0	40	22.5	73	36.5	48	94	76.5	49.5	35.5	43.5	62	85.5	76.5	39	33.5	61.5	65	79	46.5	16.5	31.5	30.5	34	44	47.5	39.5	51.5	76	94	8.5	57	51.5	3	56	78	32	87.5	41	53	0	94	42.5	51	67	47.5	8.5	23	25.5	57	67	46	46.5	
66.5	19	33	31.5	35.5	54.5	44.5	31.5	25.5	41	40	54.5	6	17.5	28	23.5	11.5	61.5	62.5	31	20	17.5	20	52	12	28	36	29	57.5	8.5	52	41	28	49	31.5	17	35.5	26.5	29	19.5	47.5	36.5	17.5	21	58.5	30.5	49.5	49	40	0	49.5	35	55.5	20	58	38.5	42.5	22.5	10.5	24	51.5	40.5	31	50.5	23.5	27	41	13.5	43.5	18.5	47.5	16	16	14.5	16.5	13.5	38	56	35.5	19	40.5	43	18	40	60	49.5	13	39	40	56	4.5	23	29	9.5	40.5	63	52.5	35	29	18	43.5	
19	56.5	80.5	61	28	23	92	51	73	23.5	77.5	33	53.5	65	69.5	71	54	81	80	78.5	67.5	50	47.5	85.5	39.5	59.5	41.5	58.5	85	51	95.5	36.5	49.5	28.5	79	34.5	83	56	26.5	67	30	41	50	54.5	9	78	83	88.5	22.5	49.5	0	62.5	22	57.5	79.5	86	35	45	53	71.5	71	62	46.5	27	71	60.5	76.5	56	6	41	30	43.5	53.5	57	49	61	69.5	81.5	14	66.5	37	25.5	65.5	87.5	17.5	73	50.5	38.5	22.5	91.5	52	54.5	58.5	57	23	19.5	3	42.5	58.5	55.5	34	
53.5	38	34	15.5	66.5	47.5	47.5	15.5	38.5	74	27	67.5	29	30.5	7	36.5	40.5	30.5	29.5	44	15	44.5	47	35	45	19	41	18	34.5	41.5	45	46	39	48	40.5	50	46.5	20.5	62	32.5	44.5	45.5	44.5	24	53.5	41.5	32.5	38	73	35	62.5	0	46.5	37	29	51.5	29.5	49.5	41.5	33	20.5	11.5	46	51.5	28.5	20	26	38.5	68.5	51.5	54.5	49	41	37.5	45.5	33.5	19	31	68.5	16	31.5	74	17	47	47	22.5	44	28	73	41	32.5	34	18	37.5	73.5	54	59.5	22	18	39	38.5	
13	42.5	68.5	45	20	1	82	35	79	35.5	61.5	27	59.5	69	53.5	77	50	65	64	80.5	61.5	44	41.5	69.5	45.5	43.5	25.5	42.5	69	53	79.5	20.5	33.5	12.5	75	40.5	81	40	32.5	67	14	25	44	38.5	13	76	67	72.5	36.5	55.5	22	46.5	0	41.5	63.5	88	19	39	51	67.5	55	46	30.5	5	63	44.5	60.5	48	28	43	8	45.5	45.5	47	45	53	53.5	65.5	34	62.5	21	33.5	63.5	81.5	6.5	57	48.5	22.5	36.5	75.5	58	38.5	42.5	57	39	13.5	19	26.5	42.5	43.5	18	
48.5	1	51	35.5	43.5	42.5	62.5	25.5	43.5	49	52	62.5	24	35.5	44	41.5	24.5	55.5	54.5	49	38	25.5	28	60	20	34	36	33	59.5	21.5	70	41	34	43	49.5	25	53.5	30.5	37	37.5	39.5	40.5	25.5	29	48.5	48.5	57.5	63	48	20	57.5	37	41.5	0	54	56.5	24.5	30.5	23.5	42	45.5	36.5	39	46.5	41.5	35	51	26.5	51.5	26.5	49.5	24	4	27.5	24.5	31.5	44	56	43.5	37	26.5	51	36	58	42	47.5	7	23	48	66	22.5	3	33	27.5	48.5	49	54.5	15	33	2	33.5	
70.5	55	31	32.5	83.5	64.5	24.5	32.5	36.5	93	24	84.5	52	46.5	36	34.5	57.5	7.5	6.5	33	44	61.5	64	6	68	36	58	35	11.5	60.5	22	63	56	65	32.5	73	28.5	37.5	85	44.5	61.5	62.5	61.5	41	70.5	33.5	14.5	9	94	58	79.5	29	63.5	54	0	30.5	46.5	66.5	58.5	40	12.5	23.5	63	68.5	40.5	37	23	55.5	85.5	70.5	71.5	68	58	54.5	62.5	50.5	26	2	91.5	45	48.5	91	46	18	64	14.5	61	45	94	18	55.5	51	35	54.5	96.5	71	76.5	39	35	56	55.5	
95	55.5	29.5	53	72	89	6	57	17	77.5	36.5	91	32.5	29	44.5	15	48	23	24	17.5	36.5	54	56.5	28.5	48.5	54.5	72.5	55.5	19	45	23.5	77.5	64.5	85.5	23	53.5	17	58	65.5	31	84	73	54	59.5	95	22	31	25.5	76.5	38.5	86	51.5	88	56.5	30.5	0	71	59	47	30.5	37	48	67.5	87	35	53.5	37.5	50	80	55	84	52.5	52.5	51	53	45	44.5	32.5	72	35.5	73	79.5	34.5	16.5	88.5	39	49.5	69.5	76.5	27.5	36	59.5	55.5	41	77	95.5	89	63.5	55.5	54.5	80	
26	25.5	51.5	28	39	20	65	18	64	48.5	44.5	40	46.5	52	36.5	64	33	48	47	63.5	44.5	27	24.5	52.5	32.5	26.5	13.5	25.5	52	36	62.5	18.5	16.5	20.5	58	32.5	64	23	40.5	50	17	18	27	21.5	26	59	50	55.5	49.5	42.5	35	29.5	19	24.5	46.5	71	0	20	34	50.5	38	29	18.5	24	46	27.5	43.5	31	41	24	27	28.5	28.5	30	28	36	36.5	48.5	49	45.5	2	46.5	46.5	64.5	19.5	40	31.5	5.5	49.5	58.5	45	21.5	25.5	40	54	26.5	32	9.5	25.5	26.5	11	
46	29.5	53.5	48	31	40	65	38	46	36.5	60.5	50	26.5	38	48.5	44	27	68	67	51.5	40.5	23	20.5	72.5	12.5	46.5	31.5	45.5	72	24	72.5	36.5	28.5	40.5	52	12.5	56	43	24.5	40	37	32	23	41.5	46	51	70	69.5	35.5	22.5	45	49.5	39	30.5	66.5	59	20	0	26	44.5	58	49	26.5	44	44	47.5	61.5	29	39	4	43	16.5	26.5	30	22	34	56.5	68.5	31	39.5	18	38.5	38.5	60.5	39.5	60	23.5	25.5	35.5	76.5	25	33.5	45.5	30	36	46.5	48	29.5	45.5	28.5	31	
58	22.5	41.5	40	39	52	53	30	34	44.5	48.5	58	14.5	26	36.5	32	1	60	59	39.5	28.5	21	23.5	60.5	15.5	36.5	39.5	37.5	64	2	60.5	44.5	31.5	52.5	40	20.5	44	35	32.5	28	49	40	21	31.5	58	39	58	57.5	43.5	10.5	53	41.5	51	23.5	58.5	47	34	26	0	32.5	50	41	34.5	54	32	35.5	49.5	3	47	22	51	19.5	19.5	4	20	22	46.5	60.5	39	27.5	36	46.5	26.5	48.5	51.5	52	16.5	32.5	43.5	64.5	13	26.5	37.5	18	44	58.5	56	26.5	37.5	21.5	43	
74.5	41	25	36.5	57.5	68.5	36.5	36.5	17.5	63	32	76.5	18	14.5	30	15.5	33.5	41.5	40.5	23	22	39.5	42	44	34	40	58	39	45.5	30.5	44	63	50	69	23.5	39	27.5	41.5	51	16.5	65.5	58.5	39.5	45	74.5	22.5	41.5	41	62	24	71.5	33	67.5	42	40	30.5	50.5	44.5	32.5	0	31.5	27.5	53	72.5	20.5	39	33	35.5	65.5	40.5	69.5	38	38	36.5	38.5	30.5	14	42	57.5	21	52.5	65	20	32	68	33.5	35	49	62	48	21.5	45	39	26.5	62.5	75	74.5	43	39	40	59.5	
62	46.5	22.5	24	75	56	31	24	26	84.5	15.5	76	45.5	38	27.5	28	49	14	13	29.5	35.5	53	55.5	18.5	61.5	27.5	49.5	26.5	18	52	28.5	54.5	47.5	56.5	20	66.5	30	29	76.5	36	53	54	53	32.5	62	21	16	21.5	85.5	51.5	71	20.5	55	45.5	12.5	37	38	58	50	31.5	0	15	54.5	60	32	28.5	14.5	47	77	62	63	59.5	49.5	46	54	42	17.5	14.5	85	36.5	40	82.5	37.5	30.5	55.5	2	52.5	36.5	85.5	24.5	49	42.5	26.5	46	90	62.5	68	30.5	26.5	47.5	47	
53	37.5	28.5	15	66	47	42	15	39	75.5	21.5	67	34.5	23	18.5	37	40	25	24	40.5	26.5	44	46.5	29.5	50.5	18.5	40.5	17.5	29	43	39.5	45.5	38.5	47.5	35	55.5	41	20	67.5	21	44	45	44	23.5	53	36	27	32.5	76.5	40.5	62	11.5	46	36.5	23.5	48	29	49	41	27.5	15	0	45.5	51	17	19.5	20.5	38	68	53	54	50.5	40.5	37	45	33	13.5	25.5	74	27.5	31	73.5	28.5	41.5	46.5	17	43.5	27.5	76.5	35.5	38	33.5	17.5	37	79	53.5	59	21.5	17.5	38.5	38	
37.5	38	62	44.5	34.5	31.5	73.5	34.5	54.5	40	61	51.5	35	46.5	53	52.5	35.5	64.5	63.5	60	49	31.5	29	69	21	43	5	42	68.5	32.5	79	30	33	32	60.5	14	64.5	39.5	28	48.5	28.5	29.5	31.5	38	37.5	59.5	66.5	72	39	31	46.5	46	30.5	39	63	67.5	18.5	26.5	34.5	53	54.5	45.5	0	35.5	52.5	44	60	37.5	42.5	22.5	38.5	25	35	38.5	30.5	42.5	53	65	34.5	48	20.5	42	47	69	31	56.5	32	22	39	75	33.5	38	42	38.5	39.5	38	43.5	26	42	37	22.5	
18	47.5	73.5	50	15	4	87	40	74	34.5	66.5	32	54.5	66	58.5	72	55	70	69	79.5	66.5	49	46.5	74.5	40.5	48.5	30.5	47.5	74	52	84.5	25.5	38.5	17.5	80	35.5	84	45	27.5	68	19	30	49	43.5	18	79	72	77.5	33.5	50.5	27	51.5	5	46.5	68.5	87	24	44	54	72.5	60	51	35.5	0	68	49.5	65.5	53	33	42	3	44.5	50.5	52	50	58	58.5	70.5	29	67.5	26	36.5	66.5	86.5	11.5	62	51.5	27.5	33.5	80.5	53	43.5	47.5	58	34	18.5	24	31.5	47.5	48.5	23	
70	40.5	29.5	32	57	64	41	32	22	62.5	36.5	76	17.5	6	29.5	20	33	42	41	27.5	21.5	39	41.5	46.5	33.5	35.5	57.5	34.5	46	30	48.5	62.5	49.5	64.5	28	38.5	32	37	50.5	4	61	58	39	40.5	70	27	44	45.5	61.5	23.5	71	28.5	63	41.5	40.5	35	46	44	32	20.5	32	17	52.5	68	0	36.5	37.5	35	65	40	69	37.5	37.5	36	38	30	30.5	42.5	57	20.5	48	64.5	19.5	36.5	63.5	34	34.5	44.5	61.5	52.5	21	44.5	34.5	26	62	70.5	74	38.5	34.5	39.5	55	
51.5	36	42	18.5	60.5	45.5	55.5	13.5	40.5	66	35	65.5	21	32.5	27	38.5	36.5	38.5	37.5	46	35	42.5	45	43	37	1	39	2	42.5	33.5	53	44	37	46	46.5	42	50.5	18.5	54	34.5	42.5	43.5	42.5	22	51.5	45.5	40.5	46	65	27	60.5	20	44.5	35	37	53.5	27.5	47.5	35.5	39	28.5	19.5	44	49.5	36.5	0	34	36.5	66.5	43.5	52.5	41	39	35.5	41.5	31.5	27	39	60.5	34	29.5	68	33	55	45	30.5	38	26	65	49	24.5	32	2	29.5	65.5	52	57.5	20	2	37	36.5	
67.5	52	8	29.5	74.5	61.5	41.5	29.5	24.5	80	1	81.5	35	31.5	33	22.5	50.5	24.5	23.5	30	39	56.5	59	29	51	33	55	32	28.5	47.5	39	60	53	62	30.5	56	34.5	34.5	68	33.5	58.5	59.5	56.5	38	67.5	29.5	26.5	32	79	41	76.5	26	60.5	51	23	37.5	43.5	61.5	49.5	33	14.5	20.5	60	65.5	37.5	34	0	52.5	82.5	57.5	68.5	55	55	51.5	55.5	47.5	23	25	74.5	38	45.5	82	37	39	61	16.5	52	42	79	35	38.5	48	32	43.5	79.5	68	73.5	36	32	53	52.5	
55	25.5	44.5	37	42	49	56	27	37	47.5	51.5	61	17.5	29	39.5	35	2	57	56	42.5	31.5	24	26.5	61.5	18.5	35.5	42.5	34.5	61	5	63.5	47.5	34.5	49.5	43	23.5	47	32	35.5	31	46	43	24	30.5	55	42	59	60.5	46.5	13.5	56	38.5	48	26.5	55.5	50	31	29	3	35.5	47	38	37.5	53	35	36.5	52.5	0	50	25	54	22.5	22.5	1	23	25	45.5	57.5	42	30.5	33	49.5	29.5	51.5	48.5	49	19.5	29.5	46.5	67.5	16	29.5	34.5	21	47	55.5	59	23.5	34.5	24.5	40	
25	50.5	74.5	67	22	29	86	57	67	17.5	81.5	31	47.5	59	69.5	65	48	87	86	72.5	61.5	44	41.5	91.5	33.5	65.5	47.5	64.5	91	45	93.5	42.5	49.5	34.5	73	28.5	77	62	20.5	61	36	43	44	60.5	15	72	89	90.5	16.5	43.5	6	68.5	28	51.5	85.5	80	41	39	47	65.5	77	68	42.5	33	65	66.5	82.5	50	0	35	34	37.5	47.5	51	43	55	75.5	87.5	8	60.5	43	19.5	59.5	81.5	23.5	79	44.5	44.5	16.5	97.5	46	54.5	64.5	51	17	25.5	9	48.5	64.5	49.5	40	
50	25.5	49.5	48	27	44	61	42	42	32.5	56.5	46	22.5	34	44.5	40	23	72	71	47.5	36.5	19	16.5	68.5	8.5	44.5	27.5	45.5	74	20	68.5	32.5	24.5	40.5	48	8.5	52	43	20.5	36	39	28	19	39.5	50	47	66	65.5	31.5	18.5	41	51.5	43	26.5	70.5	55	24	4	22	40.5	62	53	22.5	42	40	43.5	57.5	25	35	0	39	12.5	22.5	26	18	30	54.5	72.5	27	35.5	22	34.5	34.5	56.5	43.5	64	19.5	29.5	31.5	72.5	21	29.5	45.5	26	32	50.5	44	33.5	45.5	24.5	35	
21	50.5	76.5	53	12	7	90	43	71	31.5	69.5	35	51.5	63	61.5	69	52	73	72	76.5	65.5	48	45.5	77.5	37.5	51.5	33.5	50.5	77	49	87.5	28.5	41.5	20.5	77	32.5	81	48	24.5	65	22	33	48	46.5	21	76	75	80.5	30.5	47.5	30	54.5	8	49.5	71.5	84	27	43	51	69.5	63	54	38.5	3	69	52.5	68.5	54	34	39	0	41.5	51.5	55	47	59	61.5	73.5	26	64.5	29	33.5	63.5	85.5	14.5	65	48.5	30.5	30.5	83.5	50	46.5	50.5	55	31	21.5	27	34.5	50.5	51.5	26	
52.5	23	47	45.5	29.5	46.5	58.5	39.5	39.5	35	54	48.5	20	31.5	42	37.5	20.5	69.5	68.5	45	34	16.5	4	66	4	42	30	43	71.5	17.5	66	35	12	43	45.5	11	49.5	40.5	23	33.5	41.5	30.5	16.5	37	52.5	44.5	63.5	63	34	16	43.5	49	45.5	24	68	52.5	28.5	16.5	19.5	38	59.5	50.5	25	44.5	37.5	41	55	22.5	37.5	12.5	41.5	0	20	23.5	15.5	27.5	52	70	29.5	33	30.5	37	32	54	46	61.5	17	23	34	70	18.5	27	43	23.5	34.5	53	46.5	31	43	22	37.5	
52.5	3	47	39.5	39.5	46.5	58.5	29.5	39.5	45	54	58.5	20	31.5	42	37.5	20.5	59.5	58.5	45	34	21.5	24	64	16	38	40	37	63.5	17.5	66	45	32	47	45.5	21	49.5	34.5	33	33.5	43.5	40.5	21.5	33	52.5	44.5	61.5	63	44	16	53.5	41	45.5	4	58	52.5	28.5	26.5	19.5	38	49.5	40.5	35	50.5	37.5	39	55	22.5	47.5	22.5	51.5	20	0	23.5	20.5	27.5	48	60	39.5	33	30.5	47	32	54	46	51.5	3	27	44	70	18.5	7	37	23.5	44.5	53	56.5	19	37	2	37.5	
54	26.5	45.5	36	43	48	57	26	38	48.5	52.5	62	18.5	30	40.5	36	3	56	55	43.5	32.5	25	27.5	60.5	19.5	34.5	41.5	33.5	60	6	64.5	46.5	35.5	48.5	44	24.5	48	31	36.5	32	45	44	25	29.5	54	43	58	61.5	47.5	14.5	57	37.5	47	27.5	54.5	51	30	30	4	36.5	46	37	38.5	52	36	35.5	51.5	1	51	26	55	23.5	23.5	0	24	26	44.5	56.5	43	31.5	32	50.5	30.5	52.5	47.5	48	20.5	28.5	47.5	66.5	17	30.5	33.5	22	48	54.5	60	22.5	33.5	25.5	39	
52	23.5	47.5	44	35	46	59	34	40	40.5	54.5	54	20.5	32	42.5	38	21	64	63	45.5	34.5	1	19.5	66.5	11.5	42.5	35.5	41.5	68	18	66.5	40.5	27.5	46.5	46	16.5	50	39	28.5	34	43	36	1	37.5	52	45	64	63.5	39.5	16.5	49	45.5	45	24.5	62.5	53	28	22	20	38.5	54	45	30.5	50	38	41.5	55.5	23	43	18	47	15.5	20.5	24	0	28	52.5	64.5	35	33.5	30	42.5	32.5	54.5	45.5	56	17.5	26.5	39.5	70.5	19	27.5	41.5	24	40	52.5	52	25.5	41.5	22.5	37	
60	30.5	39.5	32	47	54	51	18	32	52.5	46.5	66	12.5	24	34.5	30	23	52	51	37.5	26.5	29	31.5	56.5	23.5	30.5	47.5	29.5	56	20	58.5	52.5	39.5	54.5	38	28.5	42	13	40.5	26	51	48	29	30.5	60	37	54	55.5	51.5	13.5	61	33.5	53	31.5	50.5	45	36	34	22	30.5	42	33	42.5	58	30	31.5	47.5	25	55	30	59	27.5	27.5	26	28	0	40.5	52.5	47	25.5	38	54.5	24.5	46.5	53.5	44	24.5	34.5	51.5	62.5	9	34.5	29.5	4	52	60.5	64	28.5	29.5	29.5	45	
60.5	45	31	22.5	71.5	54.5	44.5	22.5	31.5	77	24	74.5	32	28.5	26	29.5	47.5	27.5	26.5	37	34	51.5	54	32	48	26	48	25	31.5	44.5	42	53	46	55	37.5	53	41.5	27.5	65	30.5	51.5	52.5	51.5	31	60.5	36.5	29.5	35	76	38	69.5	19	53.5	44	26	44.5	36.5	56.5	46.5	14	17.5	13.5	53	58.5	30.5	27	23	45.5	75.5	54.5	61.5	52	48	44.5	52.5	40.5	0	28	71.5	35	38.5	79	34	44	54	19.5	49	35	76	38	35.5	41	25	40.5	76.5	61	66.5	29	25	46	45.5	
72.5	57	33	34.5	85.5	66.5	26.5	34.5	34.5	95	26	86.5	50	46.5	38	32.5	59.5	9.5	8.5	35	46	63.5	66	4	66	38	60	37	13.5	62.5	24	65	58	67	34.5	71	30.5	39.5	83	46.5	63.5	64.5	63.5	43	72.5	35.5	16.5	7	94	56	81.5	31	65.5	56	2	32.5	48.5	68.5	60.5	42	14.5	25.5	65	70.5	42.5	39	25	57.5	87.5	72.5	73.5	70	60	56.5	64.5	52.5	28	0	89.5	47	50.5	93	48	16	66	16.5	63	47	94	20	53.5	53	37	56.5	94.5	73	78.5	41	37	58	57.5	
33	42.5	66.5	65	14	33	78	65	59	9.5	73.5	23	39.5	51	61.5	57	40	95	94	64.5	53.5	36	33.5	85.5	25.5	61.5	39.5	62.5	91	37	85.5	34.5	41.5	32.5	65	20.5	69	60	12.5	53	36	35	36	56.5	23	64	83	82.5	8.5	35.5	14	68.5	34	43.5	91.5	72	49	31	39	57.5	85	74	34.5	29	57	60.5	74.5	42	8	27	26	29.5	39.5	43	35	47	71.5	89.5	0	52.5	49	11.5	51.5	73.5	31.5	83	36.5	52.5	8.5	89.5	38	46.5	62.5	43	9	31.5	17	56.5	62.5	41.5	42	
69.5	36	30	31.5	52.5	63.5	41.5	31.5	22.5	58	37	71.5	13	14.5	9	20.5	28.5	46.5	45.5	28	1	34.5	37	49	29	35	53	34	50.5	25.5	49	58	45	64	28.5	34	32.5	36.5	46	16.5	60.5	53.5	34.5	40	69.5	27.5	46.5	46	57	19	66.5	16	62.5	37	45	35.5	45.5	39.5	27.5	21	36.5	27.5	48	67.5	20.5	34	38	30.5	60.5	35.5	64.5	33	33	31.5	33.5	25.5	35	47	52.5	0	47.5	60	1	37	63	38.5	30	44	57	53	16.5	40	34	21.5	57.5	70	69.5	38	34	35	54.5	
28	27.5	53.5	30	41	22	67	20	64	50.5	46.5	42	44.5	54	38.5	62	35	50	49	65.5	46.5	29	26.5	54.5	30.5	28.5	15.5	27.5	54	38	64.5	20.5	18.5	22.5	60	30.5	66	25	42.5	52	19	20	29	23.5	28	61	52	57.5	51.5	40.5	37	31.5	21	26.5	48.5	73	2	18	36	52.5	40	31	20.5	26	48	29.5	45.5	33	43	22	29	30.5	30.5	32	30	38	38.5	50.5	49	47.5	0	48.5	48.5	66.5	21.5	42	33.5	7.5	51.5	60.5	43	23.5	27.5	42	54	28.5	34	11.5	27.5	28.5	13	
25.5	50	74	72.5	21.5	34.5	85.5	62.5	66.5	2	81	25.5	47	58.5	69	64.5	47.5	92.5	91.5	72	61	43.5	41	93	33	69	47	70	96.5	44.5	93	42	49	40	72.5	28	76.5	67.5	20	60.5	41.5	42.5	43.5	64	30.5	71.5	90.5	90	3	43	25.5	74	33.5	51	91	79.5	46.5	38.5	46.5	65	82.5	73.5	42	36.5	64.5	68	82	49.5	19.5	34.5	33.5	37	47	50.5	42.5	54.5	79	93	11.5	60	48.5	0	59	81	29	84.5	44	50	3	97	45.5	54	70	50.5	11.5	20	28.5	54	70	49	45.5	
70.5	35	29	32.5	51.5	64.5	40.5	32.5	21.5	57	36	70.5	12	13.5	10	19.5	27.5	47.5	46.5	27	2	33.5	36	48	28	34	52	35	51.5	24.5	48	57	44	65	27.5	33	31.5	37.5	45	15.5	61.5	52.5	33.5	39	70.5	26.5	45.5	45	56	18	65.5	17	63.5	36	46	34.5	46.5	38.5	26.5	20	37.5	28.5	47	66.5	19.5	33	37	29.5	59.5	34.5	63.5	32	32	30.5	32.5	24.5	34	48	51.5	1	48.5	59	0	36	64	39.5	29	45	56	52	15.5	39	35	20.5	56.5	71	68.5	39	35	34	55.5	
88.5	57	31	50.5	73.5	82.5	22.5	50.5	18.5	79	38	92.5	34	30.5	46	16.5	49.5	25.5	24.5	19	38	55.5	58	12	50	54	74	53	29.5	46.5	30	79	66	83	24.5	55	18.5	55.5	67	32.5	79.5	74.5	55.5	59	88.5	23.5	32.5	9	78	40	87.5	47	81.5	58	18	16.5	64.5	60.5	48.5	32	30.5	41.5	69	86.5	36.5	55	39	51.5	81.5	56.5	85.5	54	54	52.5	54.5	46.5	44	16	73.5	37	66.5	81	36	0	82	32.5	51	63	78	34	37.5	61	53	42.5	78.5	89	90.5	57	53	56	73.5	
8.5	43	69	45.5	26.5	7.5	82.5	35.5	81.5	31	62	22.5	64	69.5	54	81.5	50.5	65.5	64.5	81	62	44.5	42	70	50	44	26	43	69.5	53.5	80	21	34	13	75.5	45	81.5	40.5	33	67.5	14.5	25.5	44.5	39	8.5	76.5	67.5	73	32	60	17.5	47	6.5	42	64	88.5	19.5	39.5	51.5	68	55.5	46.5	31	11.5	63.5	45	61	48.5	23.5	43.5	14.5	46	46	47.5	45.5	53.5	54	66	31.5	63	21.5	29	64	82	0	57.5	49	23	32	76	62.5	39	43	57.5	36.5	9	14.5	27	43	44	18.5	
64	48.5	24.5	26	77	58	33	26	24	86.5	17.5	78	43.5	40	29.5	26	51	16	15	31.5	37.5	55	57.5	20.5	59.5	29.5	51.5	28.5	20	54	30.5	56.5	49.5	58.5	18	64.5	32	31	76.5	38	55	56	55	34.5	64	19	18	23.5	87.5	49.5	73	22.5	57	47.5	14.5	39	40	60	52	33.5	2	17	56.5	62	34	30.5	16.5	49	79	64	65	61.5	51.5	48	56	44	19.5	16.5	83	38.5	42	84.5	39.5	32.5	57.5	0	54.5	38.5	87.5	26.5	47	44.5	28.5	48	88	64.5	70	32.5	28.5	49.5	49	
55.5	6	44	42.5	36.5	49.5	55.5	32.5	36.5	42	51	55.5	17	28.5	39	34.5	17.5	62.5	61.5	42	31	18.5	21	63	13	39	37	40	66.5	14.5	63	42	29	50	42.5	18	46.5	37.5	30	30.5	46.5	37.5	18.5	34	55.5	41.5	60.5	60	41	13	50.5	44	48.5	7	61	49.5	31.5	23.5	16.5	35	52.5	43.5	32	51.5	34.5	38	52	19.5	44.5	19.5	48.5	17	3	20.5	17.5	24.5	49	63	36.5	30	33.5	44	29	51	49	54.5	0	30	41	67	15.5	10	40	20.5	41.5	56	53.5	22	40	5	40.5	
29.5	24	50	26.5	42.5	23.5	63.5	16.5	62.5	52	43	43.5	43	50.5	35	60.5	31.5	46.5	45.5	62	43	25.5	19	51	27	25	17	24	50.5	34.5	61	22	11	24	56.5	34	62.5	21.5	44	48.5	20.5	21.5	25.5	20	29.5	57.5	48.5	54	53	39	38.5	28	22.5	23	45	69.5	5.5	25.5	32.5	49	36.5	27.5	22	27.5	44.5	26	42	29.5	44.5	29.5	30.5	23	27	28.5	26.5	34.5	35	47	52.5	44	7.5	50	45	63	23	38.5	30	0	53	57	41.5	20	24	38.5	57.5	30	35.5	8	24	25	14.5	
28.5	47	71	69.5	18.5	37.5	82.5	65.5	63.5	1	78	22.5	44	55.5	66	61.5	44.5	95.5	94.5	69	58	40.5	38	90	30	66	44	67	95.5	41.5	90	39	46	37	69.5	25	73.5	64.5	17	57.5	40.5	39.5	40.5	61	31.5	68.5	87.5	87	0	40	22.5	73	36.5	48	94	76.5	49.5	35.5	43.5	62	85.5	76.5	39	33.5	61.5	65	79	46.5	16.5	31.5	30.5	34	44	47.5	39.5	51.5	76	94	8.5	57	51.5	3	56	78	32	87.5	41	53	0	94	42.5	51	67	47.5	8.5	23	25.5	57	67	46	46.5	
82.5	67	43	44.5	89.5	76.5	31.5	44.5	34.5	95	36	96.5	50	46.5	48	32.5	65.5	14.5	13.5	35	54	71.5	74	24	66	48	70	47	18.5	62.5	4	75	68	77	40.5	71	34.5	49.5	83	48.5	73.5	74.5	71.5	53	82.5	39.5	26.5	27	94	56	91.5	41	75.5	66	18	27.5	58.5	76.5	64.5	48	24.5	35.5	75	80.5	52.5	49	35	67.5	97.5	72.5	83.5	70	70	66.5	70.5	62.5	38	20	89.5	53	60.5	97	52	34	76	26.5	67	57	94	0	53.5	63	47	58.5	94.5	83	88.5	51	47	68	67.5	
69	21.5	30.5	29	38	57	42	27	23	43.5	37.5	57	3.5	15	25.5	21	14	59	60	28.5	17.5	20	22.5	49.5	14.5	25.5	38.5	26.5	55	11	49.5	43.5	30.5	51.5	29	19.5	33	22	31.5	17	50	39	20	25.5	61	28	47	46.5	42.5	4.5	52	32.5	58	22.5	55.5	36	45	25	13	21.5	49	38	33.5	53	21	24.5	38.5	16	46	21	50	18.5	18.5	17	19	9	35.5	53.5	38	16.5	43	45.5	15.5	37.5	62.5	47	15.5	41.5	42.5	53.5	0	25.5	26.5	5	43	65.5	55	37.5	26.5	20.5	46	
45.5	4	54	32.5	46.5	39.5	65.5	22.5	46.5	52	49	59.5	27	38.5	41	44.5	27.5	52.5	51.5	52	41	28.5	31	57	23	31	33	30	56.5	24.5	67	38	31	40	52.5	28	56.5	27.5	40	40.5	36.5	37.5	28.5	26	45.5	51.5	54.5	60	51	23	54.5	34	38.5	3	51	59.5	21.5	33.5	26.5	45	42.5	33.5	38	43.5	44.5	32	48	29.5	54.5	29.5	46.5	27	7	30.5	27.5	34.5	41	53	46.5	40	23.5	54	39	61	39	44.5	10	20	51	63	25.5	0	30	30.5	51.5	46	51.5	12	30	5	30.5	
49.5	34	40	16.5	62.5	43.5	53.5	11.5	42.5	68	33	63.5	23	34.5	25	40.5	36.5	36.5	35.5	48	33	40.5	43	41	39	1	37	0	40.5	35.5	51	42	35	44	46.5	44	52.5	16.5	56	36.5	40.5	41.5	40.5	20	49.5	47.5	38.5	44	67	29	58.5	18	42.5	33	35	55.5	25.5	45.5	37.5	39	26.5	17.5	42	47.5	34.5	2	32	34.5	64.5	45.5	50.5	43	37	33.5	41.5	29.5	25	37	62.5	34	27.5	70	35	53	43	28.5	40	24	67	47	26.5	30	0	31.5	67.5	50	55.5	18	0	35	34.5	
64	26.5	35.5	34	43	58	47	22	28	48.5	42.5	62	8.5	20	30.5	26	19	56	55	33.5	22.5	25	27.5	54.5	19.5	30.5	43.5	31.5	60	16	54.5	48.5	35.5	56.5	34	24.5	38	17	36.5	22	55	44	25	30.5	64	33	52	51.5	47.5	9.5	57	37.5	57	27.5	54.5	41	40	30	18	26.5	46	37	38.5	58	26	29.5	43.5	21	51	26	55	23.5	23.5	22	24	4	40.5	56.5	43	21.5	42	50.5	20.5	42.5	57.5	48	20.5	38.5	47.5	58.5	5	30.5	31.5	0	48	64.5	60	32.5	31.5	25.5	49	
28	47.5	71.5	70	19	38	83	70	64	9.5	78.5	14	44.5	56	66.5	62	45	100	99	69.5	58.5	41	38.5	90.5	30.5	66.5	44.5	67.5	96	42	90.5	39.5	46.5	37.5	70	25.5	74	65	17.5	58	41	40	41	61.5	32	69	88	87.5	8.5	40.5	23	73.5	39	48.5	96.5	77	54	36	44	62.5	90	79	39.5	34	62	65.5	79.5	47	17	32	31	34.5	44.5	48	40	52	76.5	94.5	9	57.5	54	11.5	56.5	78.5	36.5	88	41.5	57.5	8.5	94.5	43	51.5	67.5	48	0	31.5	26	61.5	67.5	46.5	47	
5.5	50	76	52.5	33.5	14.5	89.5	42.5	86.5	22	69	19.5	67	76.5	61	84.5	57.5	72.5	71.5	88	69	51.5	49	77	53	51	33	50	76.5	60.5	87	28	41	20	82.5	48	88.5	47.5	40	74.5	21.5	32.5	51.5	46	10.5	83.5	74.5	80	23	63	19.5	54	13.5	49	71	95.5	26.5	46.5	58.5	75	62.5	53.5	38	18.5	70.5	52	68	55.5	25.5	50.5	21.5	53	53	54.5	52.5	60.5	61	73	31.5	70	28.5	20	71	89	9	64.5	56	30	23	83	65.5	46	50	64.5	31.5	0	16.5	34	50	51	25.5	
16	55.5	81.5	58	31	20	95	48	76	26.5	74.5	30	56.5	68	66.5	74	57	78	77	81.5	70.5	53	50.5	82.5	42.5	56.5	38.5	55.5	82	54	92.5	33.5	46.5	25.5	82	37.5	86	53	29.5	70	27	38	53	51.5	6	81	80	85.5	25.5	52.5	3	59.5	19	54.5	76.5	89	32	48	56	74.5	68	59	43.5	24	74	57.5	73.5	59	9	44	27	46.5	56.5	60	52	64	66.5	78.5	17	69.5	34	28.5	68.5	90.5	14.5	70	53.5	35.5	25.5	88.5	55	51.5	55.5	60	26	16.5	0	39.5	55.5	56.5	31	
33.5	16	44	20.5	46.5	27.5	57.5	10.5	56.5	56	37	47.5	39	44.5	29	56.5	25.5	40.5	39.5	56	37	24.5	27	45	35	19	21	18	44.5	28.5	55	26	19	28	50.5	40	56.5	15.5	48	42.5	24.5	25.5	24.5	14	33.5	51.5	42.5	48	57	35	42.5	22	26.5	15	39	63.5	9.5	29.5	26.5	43	30.5	21.5	26	31.5	38.5	20	36	23.5	48.5	33.5	34.5	31	19	22.5	25.5	28.5	29	41	56.5	38	11.5	54	39	57	27	32.5	22	8	57	51	37.5	12	18	32.5	61.5	34	39.5	0	18	17	18.5	
49.5	34	40	16.5	62.5	43.5	53.5	11.5	42.5	68	33	63.5	23	34.5	25	40.5	36.5	36.5	35.5	48	33	40.5	43	41	39	1	37	0	40.5	35.5	51	42	35	44	46.5	44	52.5	16.5	56	36.5	40.5	41.5	40.5	20	49.5	47.5	38.5	44	67	29	58.5	18	42.5	33	35	55.5	25.5	45.5	37.5	39	26.5	17.5	42	47.5	34.5	2	32	34.5	64.5	45.5	50.5	43	37	33.5	41.5	29.5	25	37	62.5	34	27.5	70	35	53	43	28.5	40	24	67	47	26.5	30	0	31.5	67.5	50	55.5	18	0	35	34.5	
50.5	1	49	37.5	41.5	44.5	60.5	27.5	41.5	47	54	60.5	22	33.5	44	39.5	22.5	57.5	56.5	47	36	23.5	26	62	18	36	38	35	61.5	19.5	68	43	34	45	47.5	23	51.5	32.5	35	35.5	41.5	42.5	23.5	31	50.5	46.5	59.5	65	46	18	55.5	39	43.5	2	56	54.5	26.5	28.5	21.5	40	47.5	38.5	37	48.5	39.5	37	53	24.5	49.5	24.5	51.5	22	2	25.5	22.5	29.5	46	58	41.5	35	28.5	49	34	56	44	49.5	5	25	46	68	20.5	5	35	25.5	46.5	51	56.5	17	35	0	35.5	
25	34.5	60.5	37	38	19	74	27	67	47.5	53.5	39	47.5	59	45.5	65	42	57	56	72.5	53.5	36	33.5	61.5	33.5	35.5	17.5	34.5	61	45	71.5	17.5	25.5	19.5	67	28.5	73	32	35.5	59	16	7	36	30.5	25	68	59	64.5	46.5	43.5	34	38.5	18	33.5	55.5	80	11	31	43	59.5	47	38	22.5	23	55	36.5	52.5	40	40	35	26	37.5	37.5	39	37	45	45.5	57.5	42	54.5	13	45.5	55.5	73.5	18.5	49	40.5	14.5	46.5	67.5	46	30.5	34.5	49	47	25.5	31	18.5	34.5	35.5	0	
