Number of items: 100
Horizon: 3
Time limit: 750
Load limit: 6000
Initial item inventory level
63
35
80
70
31
134
30
71
42
98
66
96
148
48
27
80
116
97
35
156
72
82
96
96
168
28
100
48
174
63
18
82
110
56
54
18
79
76
49
72
99
95
61
28
80
26
99
26
78
39
42
146
97
54
12
75
192
24
118
196
87
160
176
104
84
66
110
33
48
46
19
190
102
90
76
122
88
88
38
56
36
82
192
44
114
22
172
32
118
46
17
126
31
52
180
32
72
85
96
34
Maximum inventory capacity per item
126
70
120
140
62
201
60
142
84
196
132
192
222
72
54
160
174
194
70
234
108
123
144
192
252
42
150
72
261
126
36
123
165
84
108
36
158
114
98
144
198
190
122
42
120
39
198
39
117
78
84
219
194
81
24
150
288
36
177
294
174
240
264
156
168
132
165
66
72
92
38
285
153
135
152
183
132
132
76
84
72
123
288
88
171
33
258
48
177
69
34
189
62
104
270
48
108
170
144
51
Reserve storage replenishment rate per item and per period
378	0	0	
210	0	0	
240	0	0	
420	0	0	
186	0	0	
402	0	0	
180	0	0	
426	0	0	
252	0	0	
588	0	0	
396	0	0	
576	0	0	
444	0	0	
144	0	0	
162	0	0	
480	0	0	
348	0	0	
582	0	0	
210	0	0	
468	0	0	
216	0	0	
246	0	0	
288	0	0	
576	0	0	
504	0	0	
84	0	0	
300	0	0	
144	0	0	
522	0	0	
378	0	0	
108	0	0	
246	0	0	
330	0	0	
168	0	0	
324	0	0	
108	0	0	
474	0	0	
228	0	0	
294	0	0	
432	0	0	
594	0	0	
570	0	0	
366	0	0	
84	0	0	
240	0	0	
78	0	0	
594	0	0	
78	0	0	
234	0	0	
234	0	0	
252	0	0	
438	0	0	
582	0	0	
162	0	0	
72	0	0	
450	0	0	
576	0	0	
72	0	0	
354	0	0	
588	0	0	
522	0	0	
480	0	0	
528	0	0	
312	0	0	
504	0	0	
396	0	0	
330	0	0	
198	0	0	
144	0	0	
276	0	0	
114	0	0	
570	0	0	
306	0	0	
270	0	0	
456	0	0	
366	0	0	
264	0	0	
264	0	0	
228	0	0	
168	0	0	
216	0	0	
246	0	0	
576	0	0	
264	0	0	
342	0	0	
66	0	0	
516	0	0	
96	0	0	
354	0	0	
138	0	0	
102	0	0	
378	0	0	
186	0	0	
312	0	0	
540	0	0	
96	0	0	
216	0	0	
510	0	0	
288	0	0	
102	0	0	
Forward storage demand rate per item and per period
63	46	71	
35	34	44	
40	26	54	
70	131	74	
31	44	31	
67	92	93	
30	36	34	
71	56	121	
42	60	27	
98	121	98	
66	38	58	
96	131	74	
74	61	71	
24	29	25	
27	14	25	
80	103	73	
58	80	50	
97	95	167	
35	35	55	
78	113	19	
36	16	43	
41	16	45	
48	81	35	
96	97	84	
84	80	65	
14	10	12	
50	70	73	
24	33	6	
87	72	85	
63	47	78	
18	13	19	
41	33	32	
55	32	68	
28	17	26	
54	57	83	
18	7	22	
79	64	75	
38	25	35	
49	50	44	
72	4	104	
99	67	101	
95	61	45	
61	93	48	
14	4	24	
40	26	20	
13	20	20	
99	103	95	
13	16	9	
39	51	72	
39	42	47	
42	36	2	
73	74	96	
97	107	94	
27	27	17	
12	13	6	
75	108	96	
96	138	170	
12	15	19	
59	87	7	
98	119	90	
87	109	53	
80	105	74	
88	72	140	
52	62	70	
84	88	8	
66	102	79	
55	52	49	
33	34	20	
24	17	16	
46	28	32	
19	21	10	
95	174	79	
51	49	50	
45	61	53	
76	92	50	
61	84	73	
44	46	11	
44	45	55	
38	34	35	
28	25	35	
36	19	64	
41	40	2	
96	24	85	
44	46	50	
57	48	47	
11	17	12	
86	136	109	
16	24	24	
59	68	45	
23	18	31	
17	30	11	
63	76	24	
31	32	19	
52	30	53	
90	52	38	
16	31	9	
36	45	55	
85	86	89	
48	49	80	
17	13	12	
Distance matrix
0	62	43	40	85.5	20	27	35.5	58	32.5	51	65	53	28	59	42.5	17	2	62.5	32.5	49	72.5	55.5	43	68	35.5	41	8.5	8.5	8.5	27.5	102.5	63.5	62	88.5	100.5	77.5	70	93.5	33	57	30.5	64.5	48	57	59.5	24	76	85	60.5	42.5	44	90.5	17.5	19	30.5	75.5	18.5	50	69.5	79	60.5	65	15	70.5	8	26	42	38	11	48	33.5	26	33	39.5	14.5	38	30.5	71.5	55.5	53	82	68.5	46	80	36	32.5	54	101.5	79	54.5	25	42.5	47.5	42.5	48.5	44.5	48	30	22	68	
62	0	45	48	37.5	68	39	42.5	30	55.5	37	23	9	60	29	45.5	49	64	30.5	55.5	39	40.5	32.5	45	40	32.5	33	55.5	65.5	65.5	60.5	40.5	35.5	34	44.5	42.5	35.5	28	39.5	55	29	37.5	36.5	30	5	28.5	64	22	23	27.5	45.5	44	32.5	70.5	69	37.5	37.5	55.5	12	41.5	29	27.5	33	57	32.5	60	38	46	50	63	40	40.5	58	55	48.5	71.5	40	47.5	16.5	32.5	35	54	19.5	42	28	52	55.5	34	41.5	49	26.5	47	39.5	40.5	45.5	39.5	43.5	40	58	44	40	
43	45	0	27	56.5	37	30	36.5	39	24.5	36	22	54	29	18	14.5	30	45	49.5	24.5	38	59.5	46.5	14	59	38.5	44	36.5	46.5	46.5	29.5	59.5	66.5	65	63.5	61.5	54.5	47	58.5	24	60	33.5	67.5	49	50	22.5	33	41	42	41.5	14.5	23	51.5	39.5	38	33.5	56.5	36.5	53	72.5	48	21.5	52	38	51.5	41	29	25	19	44	29	36.5	31	10	17.5	42.5	39	31.5	30.5	16.5	34	75	33.5	31	47	21	24.5	23	60.5	68	57.5	18	39.5	34.5	19.5	33.5	17.5	19	27	21	59	
40	48	27	0	59.5	50	13	25.5	42	37.5	39	25	43	42	21	27.5	27	42	52.5	37.5	39	62.5	45.5	27	58	25.5	31	33.5	43.5	43.5	42.5	62.5	53.5	52	66.5	64.5	57.5	50	61.5	37	47	20.5	54.5	38	47	25.5	46	44	45	44.5	27.5	4	54.5	52.5	49	20.5	59.5	33.5	40	59.5	51	24.5	55	35	54.5	38	14	2	32	41	32	23.5	36	33	30.5	49.5	28	25.5	33.5	19.5	37	72	36.5	34	50	34	37.5	26	63.5	69	44.5	25	32.5	37.5	27.5	36.5	25.5	8	40	22	58	
85.5	37.5	56.5	59.5	0	79.5	62.5	64	41.5	67	48.5	34.5	46.5	71.5	40.5	57	72.5	87.5	37	67	50.5	27	44	56.5	31.5	56	56.5	79	89	89	72	17	34	27.5	21	19	22	29.5	16	66.5	42.5	61	35	51.5	42.5	40	75.5	23.5	14.5	39	57	55.5	5	82	80.5	61	24	79	45.5	30	20.5	39	34.5	80.5	29	83.5	61.5	57.5	61.5	86.5	51.5	64	73.5	66.5	60	85	61.5	69	28	44	46.5	32.5	31	53.5	19.5	63.5	67	45.5	18	25.5	45	70.5	57	52	57	51	55	51.5	69.5	67.5	31.5	
20	68	37	50	79.5	0	37	45.5	62	22.5	59	45	63	8	41	32.5	27	22	72.5	32.5	59	82.5	65.5	27	78	45.5	51	18.5	23.5	23.5	37.5	82.5	73.5	72	86.5	84.5	77.5	70	81.5	13	67	40.5	74.5	58	67	45.5	26	64	65	64.5	22.5	46	74.5	32.5	1	40.5	79.5	28.5	60	79.5	71	44.5	75	25	74.5	12	36	48	32	9	52	43.5	36	43	25.5	29.5	48	40.5	53.5	39.5	57	92	56.5	54	70	34	42.5	46	83.5	89	64.5	35	52.5	57.5	42.5	56.5	40.5	42	40	32	78	
27	39	30	13	62.5	37	0	12.5	35	44.5	28	38	30	45	34	34.5	14	29	39.5	34.5	26	49.5	32.5	40	45	12.5	18	20.5	30.5	30.5	29.5	75.5	40.5	39	65.5	77.5	54.5	47	70.5	50	34	7.5	41.5	25	34	36.5	51	53	58	37.5	40.5	17	67.5	39.5	36	7.5	52.5	20.5	27	46.5	56	37.5	42	22	47.5	25	1	15	35	28	25	10.5	23	20	41.5	36.5	15	12.5	46.5	32.5	30	59	45.5	23	57	33	24.5	31	76.5	56	31.5	12	19.5	24.5	24.5	25.5	26.5	21	27	9	45	
35.5	42.5	36.5	25.5	64	45.5	12.5	0	38.5	47	31.5	29.5	33.5	51.5	25.5	37	22.5	37.5	43	43	29.5	53	36	36.5	48.5	16	21.5	29	39	39	38	67	44	42.5	69	69	58	50.5	66	46.5	37.5	5	45	28.5	37.5	30	55.5	48.5	49.5	41	37	29.5	59	48	44.5	5	56	29	30.5	50	55.5	29	45.5	30.5	51	33.5	11.5	27.5	41.5	36.5	28.5	2	31.5	28.5	40	45	18.5	21	38	20	33.5	62.5	41	26.5	54.5	41.5	33	30.5	68	59.5	35	20.5	23	28	33	29	35	31.5	35.5	17.5	48.5	
58	30	39	42	41.5	62	35	38.5	0	49.5	31	17	31	54	23	39.5	45	60	34.5	49.5	33	44.5	31.5	39	44	28.5	29	51.5	61.5	61.5	54.5	44.5	41.5	40	48.5	46.5	39.5	32	43.5	49	35	33.5	42.5	10	35	22.5	58	26	27	26.5	39.5	38	36.5	64.5	63	33.5	41.5	51.5	28	47.5	33	21.5	37	53	36.5	56	34	40	44	59	34	36.5	54	49	42.5	67.5	36	43.5	15.5	26.5	29	60	18.5	36	32	46	49.5	28	45.5	53	32.5	43	35.5	34.5	39.5	33.5	37.5	34	52	40	44	
32.5	55.5	24.5	37.5	67	22.5	44.5	47	49.5	0	46.5	32.5	64.5	14.5	28.5	20	34.5	34.5	60	20	48.5	70	57	14.5	69.5	53	56.5	24	34	34	25	70	79	79.5	74	72	65	57.5	69	9.5	70.5	48	78	59.5	60.5	33	18.5	51.5	52.5	52	10	33.5	62	25	23.5	48	67	34	67.5	87	58.5	32	62.5	32.5	62	30.5	43.5	35.5	19.5	31.5	39.5	49	31.5	34.5	13	28	49.5	42	41	27	44.5	85.5	44	41.5	57.5	21.5	30	33.5	71	78.5	68	42.5	50	45	30	44	28	29.5	27.5	39.5	69.5	
51	37	36	39	48.5	59	28	31.5	31	46.5	0	14	34	51	20	36.5	38	53	41.5	46.5	2	51.5	36.5	36	49	21.5	10	44.5	54.5	54.5	51.5	51.5	44.5	43	55.5	53.5	46.5	39	50.5	46	38	26.5	45.5	29	38	19.5	55	33	34	33.5	36.5	35	43.5	61.5	60	26.5	48.5	44.5	31	50.5	40	18.5	44	46	43.5	49	27	37	41	52	31	29.5	47	44	39.5	60.5	29	36.5	22.5	23.5	2	63	25.5	33	39	43	46.5	25	52.5	60	35.5	36	28.5	31.5	36.5	30.5	34.5	31	49	33	49	
65	23	22	25	34.5	45	38	29.5	17	32.5	14	0	32	37	6	22.5	48	63	27.5	32.5	16	37.5	24.5	22	37	29.5	24	56.5	56.5	56.5	37.5	37.5	46.5	53	41.5	39.5	32.5	25	36.5	32	38	34.5	45.5	27	28	5.5	41	19	20	19.5	22.5	21	29.5	47.5	46	34.5	34.5	46.5	35	60.5	26	4.5	30	50	29.5	57	39	23	27	54	17	31.5	39	32	25.5	50.5	27	34.5	8.5	9.5	12	53	11.5	19	25	29	32.5	11	38.5	46	35.5	40	22.5	17.5	22.5	16.5	20.5	17	35	43	37	
53	9	54	43	46.5	63	30	33.5	31	64.5	34	32	0	69	38	54.5	40	55	25.5	60.5	32	35.5	23.5	54	31	23.5	24	46.5	56.5	56.5	55.5	49.5	26.5	25	51.5	51.5	40.5	33	48.5	64	20	28.5	27.5	21	4	37.5	73	31	32	28.5	54.5	47	41.5	65.5	62	28.5	38.5	46.5	3	32.5	38	36.5	28	48	33.5	51	29	45	59	54	41	31.5	49	46	57.5	62.5	31	38.5	25.5	41.5	36	45	28.5	39	37	59	50.5	43	50.5	42	17.5	38	30.5	35.5	50.5	36.5	52.5	49	53	35	31	
28	60	29	42	71.5	8	45	51.5	54	14.5	51	37	69	0	33	24.5	35	30	64.5	24.5	53	74.5	61.5	19	74	53.5	59	26.5	31.5	31.5	29.5	74.5	81.5	80	78.5	76.5	69.5	62	73.5	5	75	48.5	82.5	64	65	37.5	18	56	57	56.5	14.5	38	66.5	24.5	9	48.5	71.5	36.5	68	87.5	63	36.5	67	33	66.5	20	44	40	24	17	44	51.5	36	39	17.5	27.5	54	46.5	45.5	31.5	49	90	48.5	46	62	26	34.5	38	75.5	83	72.5	43	54.5	49.5	34.5	48.5	32.5	34	32	40	74	
59	29	18	21	40.5	41	34	25.5	23	28.5	20	6	38	33	0	18.5	44	59	33.5	28.5	22	43.5	30.5	18	43	30.5	30	52.5	52.5	52.5	33.5	43.5	52.5	59	47.5	45.5	38.5	31	42.5	28	44	30.5	51.5	33	34	6.5	37	25	26	25.5	18.5	17	35.5	43.5	42	30.5	40.5	42.5	41	66.5	32	5.5	36	46	35.5	53	35	19	23	50	11	27.5	35	28	21.5	46.5	21	30.5	14.5	5.5	18	59	17.5	13	31	25	28.5	5	44.5	52	41.5	36	23.5	18.5	18.5	17.5	16.5	13	31	39	43	
42.5	45.5	14.5	27.5	57	32.5	34.5	37	39.5	20	36.5	22.5	54.5	24.5	18.5	0	29.5	44.5	50	20	38.5	60	47	9.5	59.5	43	46.5	36	44	44	25	60	69	69.5	64	62	55	47.5	59	19.5	60.5	38	68	49.5	50.5	23	28.5	41.5	42.5	42	10	23.5	52	35	33.5	38	57	34	57.5	77	48.5	22	52.5	37.5	52	40.5	33.5	25.5	14.5	41.5	29.5	39	26.5	24.5	13	38	39.5	32	31	17	34.5	75.5	34	31.5	47.5	16.5	10	23.5	61	68.5	58	32.5	40	35	20	34	18	19.5	22.5	29.5	59.5	
17	49	30	27	72.5	27	14	22.5	45	34.5	38	48	40	35	44	29.5	0	19	49.5	24.5	36	59.5	42.5	26	55	22.5	28	10.5	20.5	20.5	19.5	85.5	50.5	49	75.5	87.5	64.5	57	80.5	40	44	17.5	51.5	35	44	46.5	41	63	68	47.5	30.5	31	77.5	29.5	26	17.5	62.5	10.5	37	56.5	66	47.5	52	12	57.5	15	13	29	21	18	35	20.5	9	20	31.5	26.5	25	17.5	56.5	42.5	40	69	55.5	33	67	19	19.5	41	86.5	66	41.5	12	29.5	34.5	29.5	35.5	31.5	35	13	9	55	
2	64	45	42	87.5	22	29	37.5	60	34.5	53	63	55	30	59	44.5	19	0	64.5	34.5	51	74.5	57.5	45	70	37.5	43	10.5	10.5	10.5	29.5	100.5	65.5	64	90.5	102.5	79.5	72	95.5	35	59	32.5	66.5	50	59	61.5	22	78	83	62.5	40.5	46	92.5	19.5	21	32.5	77.5	20.5	52	71.5	81	62.5	67	17	72.5	10	28	44	40	13	50	35.5	28	35	41.5	16.5	40	32.5	71.5	57.5	55	84	70.5	48	82	38	34.5	56	101.5	81	56.5	27	44.5	49.5	44.5	50.5	46.5	50	32	24	70	
62.5	30.5	49.5	52.5	37	72.5	39.5	43	34.5	60	41.5	27.5	25.5	64.5	33.5	50	49.5	64.5	0	60	41.5	40	33	49.5	35.5	33	33.5	56	66	66	65	40	31	29.5	44	42	35	27.5	39	59.5	24.5	38	32	30.5	29.5	33	68.5	21.5	22.5	32	50	48.5	32	75	71.5	38	37	56	22.5	37	28.5	32	32.5	57.5	32	60.5	38.5	50.5	54.5	63.5	44.5	41	58.5	55.5	53	72	40.5	48	21	37	39.5	49.5	24	46.5	27.5	56.5	60	38.5	41	46.5	8	47.5	40	45	50	44	48	44.5	62.5	44.5	35.5	
32.5	55.5	24.5	37.5	67	32.5	34.5	43	49.5	20	46.5	32.5	60.5	24.5	28.5	20	24.5	34.5	60	0	48.5	70	57	14.5	69.5	43	48.5	26	36	36	5	70	71	69.5	74	72	65	57.5	69	19.5	64.5	38	72	55.5	60.5	33	28.5	51.5	52.5	52	10	33.5	62	35	33.5	38	67	14	57.5	77	58.5	32	62.5	27.5	62	30.5	33.5	35.5	19.5	33.5	39.5	41	31.5	34.5	7	38	45.5	38	41	27	44.5	85.5	44	41.5	57.5	21.5	30	33.5	71	78.5	62	32.5	50	45	30	44	28	29.5	27.5	29.5	69.5	
49	39	38	39	50.5	59	26	29.5	33	48.5	2	16	32	53	22	38.5	36	51	41.5	48.5	0	51.5	34.5	38	47	19.5	8	42.5	52.5	52.5	51.5	53.5	42.5	41	57.5	55.5	48.5	41	52.5	48	36	24.5	43.5	27	36	21.5	57	35	36	35.5	38.5	37	45.5	61.5	58	24.5	50.5	42.5	29	48.5	42	20.5	44	44	45.5	47	25	39	43	50	33	27.5	45	42	41.5	58.5	27	34.5	24.5	25.5	4	61	27.5	35	41	45	46.5	27	54.5	58	33.5	34	26.5	31.5	38.5	32.5	36.5	33	49	31	47	
72.5	40.5	59.5	62.5	27	82.5	49.5	53	44.5	70	51.5	37.5	35.5	74.5	43.5	60	59.5	74.5	40	70	51.5	0	43	59.5	30.5	43	43.5	66	76	76	75	30	9	19.5	34	32	5	32.5	29	69.5	29.5	48	8	40.5	39.5	43	78.5	26.5	17.5	42	60	58.5	22	85	81.5	48	3	66	32.5	27	23.5	42	37.5	67.5	32	70.5	48.5	60.5	64.5	73.5	54.5	51	68.5	65.5	63	82	50.5	58	31	47	49.5	39.5	34	56.5	22.5	66.5	70	48.5	31	36.5	32	57.5	50	55	60	54	58	54.5	72.5	54.5	30.5	
55.5	32.5	46.5	45.5	44	65.5	32.5	36	31.5	57	36.5	24.5	23.5	61.5	30.5	47	42.5	57.5	33	57	34.5	43	0	46.5	38.5	26	26.5	49	59	59	58	47	34	32.5	51	49	42	34.5	46	56.5	27.5	31	35	23.5	27.5	30	65.5	28.5	29.5	5	47	45.5	39	68	64.5	31	44	49	20.5	40	35.5	29	35.5	50.5	39	53.5	31.5	47.5	51.5	56.5	41.5	34	51.5	48.5	50	65	33.5	41	16	34	36.5	52.5	13	41.5	34.5	53.5	53	35.5	48	49.5	25	40.5	33	38	47	39	45	41.5	55.5	37.5	38.5	
43	45	14	27	56.5	27	40	36.5	39	14.5	36	22	54	19	18	9.5	26	45	49.5	14.5	38	59.5	46.5	0	59	46.5	46	36.5	38.5	38.5	19.5	59.5	68.5	75	63.5	61.5	54.5	47	58.5	14	60	41.5	67.5	49	50	22.5	23	41	42	41.5	4.5	23	51.5	29.5	28	41.5	56.5	28.5	57	82.5	48	21.5	52	32	51.5	39	39	25	5	36	29	38.5	17	24	7.5	32.5	39	31.5	30.5	16.5	34	75	33.5	31	47	7	19.5	23	60.5	68	57.5	32	39.5	34.5	19.5	33.5	17.5	19	13	35	59	
68	40	59	58	31.5	78	45	48.5	44	69.5	49	37	31	74	43	59.5	55	70	35.5	69.5	47	30.5	38.5	59	0	38.5	39	61.5	71.5	71.5	70.5	34.5	21.5	20	38.5	36.5	29.5	32	33.5	69	25	43.5	22.5	36	35	42.5	78	26	17	41.5	59.5	58	26.5	80.5	77	43.5	31.5	61.5	28	27.5	11	41.5	33	63	31.5	66	44	60	64	69	54	46.5	64	61	62.5	77.5	46	53.5	30.5	46.5	49	40	33.5	54	12	66	65.5	48	35.5	37	27.5	53	45.5	50.5	59.5	51.5	57.5	54	68	50	0	
35.5	32.5	38.5	25.5	56	45.5	12.5	16	28.5	53	21.5	29.5	23.5	53.5	30.5	43	22.5	37.5	33	43	19.5	43	26	46.5	38.5	0	11.5	29	39	39	38	67	34	32.5	59	69	48	40.5	64	56.5	27.5	11	35	18.5	27.5	24	59.5	46.5	49.5	31	47	29.5	59	48	44.5	11	46	29	20.5	40	49.5	25	35.5	30.5	41	33.5	11.5	27.5	43.5	36.5	23.5	14	31.5	28.5	50	45	13.5	21	38	34	23.5	52.5	39	21.5	50.5	41.5	33	29.5	68	49.5	25	20.5	7	12	33	13	35	33.5	35.5	17.5	38.5	
41	33	44	31	56.5	51	18	21.5	29	56.5	10	24	24	59	30	46.5	28	43	33.5	48.5	8	43.5	26.5	46	39	11.5	0	34.5	44.5	44.5	43.5	61.5	34.5	33	59.5	63.5	48.5	41	60.5	56	28	16.5	35.5	19	28	29.5	65	43	44	31.5	46.5	35	53.5	53.5	50	16.5	46.5	34.5	21	40.5	50	28.5	36	36	41.5	39	17	33	49	42	29	19.5	37	34	49.5	50.5	19	26.5	32.5	33.5	12	53	35.5	27	49	47	38.5	35	62.5	50	25.5	26	18.5	23.5	38.5	24.5	40.5	39	41	23	39	
8.5	55.5	36.5	33.5	79	18.5	20.5	29	51.5	24	44.5	56.5	46.5	26.5	52.5	36	10.5	10.5	56	26	42.5	66	49	36.5	61.5	29	34.5	0	12	12	21	94	57	55.5	82	94	71	63.5	87	31.5	50.5	24	58	41.5	50.5	53	32.5	69.5	76.5	54	34	37.5	84	21	17.5	24	69	12	43.5	63	72.5	54	58.5	8.5	64	6.5	19.5	35.5	31.5	9.5	41.5	27	19.5	26.5	33	18	31.5	24	65	49	46.5	75.5	62	39.5	73.5	29.5	26	47.5	95	72.5	48	18.5	36	41	36	42	38	41.5	23.5	15.5	61.5	
8.5	65.5	46.5	43.5	89	23.5	30.5	39	61.5	34	54.5	56.5	56.5	31.5	52.5	44	20.5	10.5	66	36	52.5	76	59	38.5	71.5	39	44.5	12	0	0	31	94	67	65.5	92	96	81	73.5	93	28.5	60.5	34	68	51.5	60.5	57	32.5	75.5	76.5	64	34	47.5	86	9	22.5	34	79	22	53.5	73	82.5	56	68.5	18.5	74	11.5	29.5	45.5	41.5	14.5	51.5	37	29.5	36.5	37	6	41.5	34	65	51	56.5	85.5	68	49.5	81.5	39.5	36	57.5	95	82.5	58	28.5	46	51	46	52	48	51.5	33.5	25.5	71.5	
8.5	65.5	46.5	43.5	89	23.5	30.5	39	61.5	34	54.5	56.5	56.5	31.5	52.5	44	20.5	10.5	66	36	52.5	76	59	38.5	71.5	39	44.5	12	0	0	31	94	67	65.5	92	96	81	73.5	93	28.5	60.5	34	68	51.5	60.5	57	32.5	75.5	76.5	64	34	47.5	86	9	22.5	34	79	22	53.5	73	82.5	56	68.5	18.5	74	11.5	29.5	45.5	41.5	14.5	51.5	37	29.5	36.5	37	6	41.5	34	65	51	56.5	85.5	68	49.5	81.5	39.5	36	57.5	95	82.5	58	28.5	46	51	46	52	48	51.5	33.5	25.5	71.5	
27.5	60.5	29.5	42.5	72	37.5	29.5	38	54.5	25	51.5	37.5	55.5	29.5	33.5	25	19.5	29.5	65	5	51.5	75	58	19.5	70.5	38	43.5	21	31	31	0	75	66	64.5	79	77	70	62.5	74	24.5	59.5	33	67	50.5	59.5	38	33.5	56.5	57.5	57	15	38.5	67	40	36.5	33	72	9	52.5	72	63.5	37	67.5	22.5	67	25.5	28.5	40.5	24.5	28.5	44.5	36	28.5	35.5	12	37	40.5	33	46	32	49.5	84.5	49	46.5	62.5	26.5	35	38.5	76	81.5	57	27.5	45	50	35	49	33	34.5	32.5	24.5	70.5	
102.5	40.5	59.5	62.5	17	82.5	75.5	67	44.5	70	51.5	37.5	49.5	74.5	43.5	60	85.5	100.5	40	70	53.5	30	47	59.5	34.5	67	61.5	94	94	94	75	0	39	40.5	14	2	25	32.5	9	69.5	45.5	72	38	54.5	45.5	43	78.5	26.5	17.5	42	60	58.5	12	85	83.5	72	27	84	52.5	33	23.5	42	37.5	87.5	32	94.5	76.5	60.5	64.5	91.5	54.5	69	76.5	69.5	63	88	64.5	72	31	47	49.5	20.5	34	56.5	22.5	66.5	70	48.5	1	23.5	48	77.5	60	55	60	54	58	54.5	72.5	80.5	34.5	
63.5	35.5	66.5	53.5	34	73.5	40.5	44	41.5	79	44.5	46.5	26.5	81.5	52.5	69	50.5	65.5	31	71	42.5	9	34	68.5	21.5	34	34.5	57	67	67	66	39	0	10.5	37	41	14	33.5	38	78.5	20.5	39	1	31.5	30.5	52	87.5	35.5	26.5	39	69	57.5	31	76	72.5	39	12	57	23.5	18	32.5	51	28.5	58.5	29	61.5	39.5	55.5	71.5	64.5	51.5	42	59.5	56.5	72	73	41.5	49	40	56	46.5	30.5	43	49.5	31.5	69.5	61	57.5	40	27.5	23	48.5	41	46	61	47	63	61.5	63.5	45.5	21.5	
62	34	65	52	27.5	72	39	42.5	40	79.5	43	53	25	80	59	69.5	49	64	29.5	69.5	41	19.5	32.5	75	20	32.5	33	55.5	65.5	65.5	64.5	40.5	10.5	0	30.5	42.5	24.5	32	35.5	85	19	37.5	11.5	30	29	56.5	86	38	33	37.5	75.5	56	32.5	74.5	71	37.5	22.5	55.5	22	11.5	31	57.5	27	57	27.5	60	38	54	70	63	50	40.5	58	55	76.5	71.5	40	47.5	46.5	62.5	45	24	45.5	48	32	68	59.5	56	41.5	21	21.5	47	39.5	44.5	59.5	45.5	61.5	60	62	44	20	
88.5	44.5	63.5	66.5	21	86.5	65.5	69	48.5	74	55.5	41.5	51.5	78.5	47.5	64	75.5	90.5	44	74	57.5	34	51	63.5	38.5	59	59.5	82	92	92	79	14	37	30.5	0	16	29	36.5	5	73.5	45.5	64	38	56.5	49.5	47	82.5	30.5	21.5	46	64	62.5	16	89	87.5	64	31	82	48.5	19	27.5	46	41.5	83.5	36	86.5	64.5	64.5	68.5	89.5	58.5	67	80.5	73.5	67	92	66.5	74	35	51	53.5	29.5	38	60.5	26.5	70.5	74	52.5	15	27.5	48	73.5	64	59	64	58	62	58.5	76.5	70.5	38.5	
100.5	42.5	61.5	64.5	19	84.5	77.5	69	46.5	72	53.5	39.5	51.5	76.5	45.5	62	87.5	102.5	42	72	55.5	32	49	61.5	36.5	69	63.5	94	96	96	77	2	41	42.5	16	0	27	34.5	11	71.5	47.5	74	40	56.5	47.5	45	80.5	28.5	19.5	44	62	60.5	14	87	85.5	74	29	86	54.5	35	25.5	44	39.5	89.5	34	96.5	76.5	62.5	66.5	93.5	56.5	71	78.5	71.5	65	90	66.5	74	33	49	51.5	22.5	36	58.5	24.5	68.5	72	50.5	1	25.5	50	79.5	62	57	62	56	60	56.5	74.5	82.5	36.5	
77.5	35.5	54.5	57.5	22	77.5	54.5	58	39.5	65	46.5	32.5	40.5	69.5	38.5	55	64.5	79.5	35	65	48.5	5	42	54.5	29.5	48	48.5	71	81	81	70	25	14	24.5	29	27	0	27.5	24	64.5	34.5	53	13	45.5	40.5	38	73.5	21.5	12.5	37	55	53.5	17	80	78.5	53	2	71	37.5	32	18.5	37	32.5	72.5	27	75.5	53.5	55.5	59.5	78.5	49.5	56	71.5	64.5	58	83	55.5	63	26	42	44.5	40.5	29	51.5	17.5	61.5	65	43.5	26	33.5	37	62.5	55	50	55	49	53	49.5	67.5	59.5	29.5	
70	28	47	50	29.5	70	47	50.5	32	57.5	39	25	33	62	31	47.5	57	72	27.5	57.5	41	32.5	34.5	47	32	40.5	41	63.5	73.5	73.5	62.5	32.5	33.5	32	36.5	34.5	27.5	0	31.5	57	13	45.5	34.5	38	33	30.5	66	6	15	29.5	47.5	46	24.5	72.5	71	45.5	29.5	63.5	30	39.5	21	29.5	5	65	24.5	68	46	48	52	71	42	48.5	64	57	50.5	75.5	48	55.5	18.5	34.5	37	48	21.5	44	20	54	57.5	36	33.5	41	29.5	55	47.5	42.5	47.5	41.5	45.5	42	60	52	32	
93.5	39.5	58.5	61.5	16	81.5	70.5	66	43.5	69	50.5	36.5	48.5	73.5	42.5	59	80.5	95.5	39	69	52.5	29	46	58.5	33.5	64	60.5	87	93	93	74	9	38	35.5	5	11	24	31.5	0	68.5	44.5	69	37	53.5	44.5	42	77.5	25.5	16.5	41	59	57.5	11	84	82.5	69	26	83	51.5	24	22.5	41	36.5	86.5	31	91.5	69.5	59.5	63.5	90.5	53.5	68	75.5	68.5	62	87	63.5	71	30	46	48.5	24.5	33	55.5	21.5	65.5	69	47.5	10	22.5	47	76.5	59	54	59	53	57	53.5	71.5	75.5	33.5	
33	55	24	37	66.5	13	50	46.5	49	9.5	46	32	64	5	28	19.5	40	35	59.5	19.5	48	69.5	56.5	14	69	56.5	56	31.5	28.5	28.5	24.5	69.5	78.5	85	73.5	71.5	64.5	57	68.5	0	70	51.5	77.5	59	60	32.5	13	51	52	51.5	9.5	33	61.5	19.5	14	51.5	66.5	33.5	67	92.5	58	31.5	62	32	61.5	25	49	35	19	22	39	48.5	31	34	12.5	22.5	49	41.5	40.5	26.5	44	85	43.5	41	57	21	29.5	33	70.5	78	67.5	42	49.5	44.5	29.5	43.5	27.5	29	27	45	69	
57	29	60	47	42.5	67	34	37.5	35	70.5	38	38	20	75	44	60.5	44	59	24.5	64.5	36	29.5	27.5	60	25	27.5	28	50.5	60.5	60.5	59.5	45.5	20.5	19	45.5	47.5	34.5	13	44.5	70	0	32.5	21.5	25	24	43.5	79	19	28	32.5	60.5	51	37.5	69.5	66	32.5	32.5	50.5	17	26.5	34	42.5	8	52	27.5	55	33	49	65	58	45	35.5	53	50	63.5	66.5	35	42.5	31.5	47.5	40	39	34.5	43	33	63	54.5	49	46.5	36	16.5	42	34.5	39.5	54.5	40.5	56.5	55	57	39	25	
30.5	37.5	33.5	20.5	61	40.5	7.5	5	33.5	48	26.5	34.5	28.5	48.5	30.5	38	17.5	32.5	38	38	24.5	48	31	41.5	43.5	11	16.5	24	34	34	33	72	39	37.5	64	74	53	45.5	69	51.5	32.5	0	40	23.5	32.5	35	54.5	51.5	54.5	36	42	24.5	64	43	39.5	0	51	24	25.5	45	54.5	34	40.5	25.5	46	28.5	6.5	22.5	38.5	31.5	23.5	3	26.5	23.5	45	40	13.5	16	43	25	28.5	57.5	44	21.5	55.5	36.5	28	29.5	73	54.5	30	15.5	18	23	28	24	30	28.5	30.5	12.5	43.5	
64.5	36.5	67.5	54.5	35	74.5	41.5	45	42.5	78	45.5	45.5	27.5	82.5	51.5	68	51.5	66.5	32	72	43.5	8	35	67.5	22.5	35	35.5	58	68	68	67	38	1	11.5	38	40	13	34.5	37	77.5	21.5	40	0	32.5	31.5	51	86.5	34.5	25.5	40	68	58.5	30	77	73.5	40	11	58	24.5	19	31.5	50	29.5	59.5	30	62.5	40.5	56.5	72.5	65.5	52.5	43	60.5	57.5	71	74	42.5	50	39	55	47.5	31.5	42	50.5	30.5	70.5	62	56.5	39	28.5	24	49.5	42	47	62	48	64	62.5	64.5	46.5	22.5	
48	30	49	38	51.5	58	25	28.5	10	59.5	29	27	21	64	33	49.5	35	50	30.5	55.5	27	40.5	23.5	49	36	18.5	19	41.5	51.5	51.5	50.5	54.5	31.5	30	56.5	56.5	45.5	38	53.5	59	25	23.5	32.5	0	25	32.5	68	36	37	28.5	49.5	42	46.5	60.5	57	23.5	43.5	41.5	18	37.5	43	31.5	33	43	38.5	46	24	40	54	49	36	26.5	44	41	52.5	57.5	26	33.5	25.5	36.5	31	50	28.5	34	42	54	45.5	38	55.5	47	22.5	33	25.5	30.5	45.5	31.5	47.5	44	48	30	36	
57	5	50	47	42.5	67	34	37.5	35	60.5	38	28	4	65	34	50.5	44	59	29.5	60.5	36	39.5	27.5	50	35	27.5	28	50.5	60.5	60.5	59.5	45.5	30.5	29	49.5	47.5	40.5	33	44.5	60	24	32.5	31.5	25	0	33.5	69	27	28	32.5	50.5	49	37.5	69.5	66	32.5	42.5	50.5	7	36.5	34	32.5	32	52	37.5	55	33	49	55	58	45	35.5	53	50	53.5	66.5	35	42.5	21.5	37.5	40	49	24.5	43	33	57	54.5	39	46.5	46	21.5	42	34.5	39.5	50.5	40.5	48.5	45	57	39	35	
59.5	28.5	22.5	25.5	40	45.5	36.5	30	22.5	33	19.5	5.5	37.5	37.5	6.5	23	46.5	61.5	33	33	21.5	43	30	22.5	42.5	24	29.5	53	57	57	38	43	52	56.5	47	45	38	30.5	42	32.5	43.5	35	51	32.5	33.5	0	41.5	24.5	25.5	25	23	21.5	35	48	46.5	35	40	47	40.5	64	31.5	1	35.5	50.5	35	57.5	35.5	23.5	27.5	54.5	17.5	32	39.5	32.5	26	51	27.5	35	14	10	17.5	58.5	17	19.5	30.5	29.5	33	11.5	44	51.5	41	40.5	17	12	23	11	21	17.5	35.5	41.5	42.5	
24	64	33	46	75.5	26	51	55.5	58	18.5	55	41	73	18	37	28.5	41	22	68.5	28.5	57	78.5	65.5	23	78	59.5	65	32.5	32.5	32.5	33.5	78.5	87.5	86	82.5	80.5	73.5	66	77.5	13	79	54.5	86.5	68	69	41.5	0	60	61	60.5	18.5	42	70.5	23.5	27	54.5	75.5	42.5	74	93.5	67	40.5	71	39	70.5	32	50	44	28	35	48	57.5	40	43	21.5	26.5	58	50.5	49.5	35.5	53	94	52.5	50	66	30	38.5	42	79.5	87	76.5	49	58.5	53.5	38.5	52.5	36.5	38	36	46	78	
76	22	41	44	23.5	64	53	48.5	26	51.5	33	19	31	56	25	41.5	63	78	21.5	51.5	35	26.5	28.5	41	26	46.5	43	69.5	75.5	75.5	56.5	26.5	35.5	38	30.5	28.5	21.5	6	25.5	51	19	51.5	34.5	36	27	24.5	60	0	9	23.5	41.5	40	18.5	66.5	65	51.5	23.5	65.5	34	45.5	15	23.5	11	69	18.5	74	52	42	46	73	36	50.5	58	51	44.5	69.5	46	53.5	12.5	28.5	31	42	15.5	38	14	48	51.5	30	27.5	35	29.5	59	41.5	36.5	41.5	35.5	39.5	36	54	58	26	
85	23	42	45	14.5	65	58	49.5	27	52.5	34	20	32	57	26	42.5	68	83	22.5	52.5	36	17.5	29.5	42	17	49.5	44	76.5	76.5	76.5	57.5	17.5	26.5	33	21.5	19.5	12.5	15	16.5	52	28	54.5	25.5	37	28	25.5	61	9	0	24.5	42.5	41	9.5	67.5	66	54.5	14.5	66.5	35	40.5	6	24.5	20	70	14.5	77	59	43	47	74	37	51.5	59	52	45.5	70.5	47	54.5	13.5	29.5	32	33	16.5	39	5	49	52.5	31	18.5	26	30.5	60	42.5	37.5	42.5	36.5	40.5	37	55	63	17	
60.5	27.5	41.5	44.5	39	64.5	37.5	41	26.5	52	33.5	19.5	28.5	56.5	25.5	42	47.5	62.5	32	52	35.5	42	5	41.5	41.5	31	31.5	54	64	64	57	42	39	37.5	46	44	37	29.5	41	51.5	32.5	36	40	28.5	32.5	25	60.5	23.5	24.5	0	42	40.5	34	67	65.5	36	39	54	25.5	45	30.5	24	34.5	55.5	34	58.5	36.5	42.5	46.5	61.5	36.5	39	56.5	51.5	45	70	38.5	46	11	29	31.5	57.5	8	38.5	29.5	48.5	52	30.5	43	50.5	30	45.5	38	37	42	36	40	36.5	54.5	42.5	41.5	
42.5	45.5	14.5	27.5	57	22.5	40.5	37	39.5	10	36.5	22.5	54.5	14.5	18.5	10	30.5	40.5	50	10	38.5	60	47	4.5	59.5	47	46.5	34	34	34	15	60	69	75.5	64	62	55	47.5	59	9.5	60.5	42	68	49.5	50.5	23	18.5	41.5	42.5	42	0	23.5	52	25	23.5	42	57	24	57.5	83	48.5	22	52.5	27.5	52	34.5	41.5	25.5	9.5	31.5	29.5	39	21.5	24.5	3	28	39.5	32	31	17	34.5	75.5	34	31.5	47.5	11.5	20	23.5	61	68.5	58	32.5	40	35	20	34	18	19.5	17.5	35.5	59.5	
44	44	23	4	55.5	46	17	29.5	38	33.5	35	21	47	38	17	23.5	31	46	48.5	33.5	37	58.5	45.5	23	58	29.5	35	37.5	47.5	47.5	38.5	58.5	57.5	56	62.5	60.5	53.5	46	57.5	33	51	24.5	58.5	42	49	21.5	42	40	41	40.5	23.5	0	50.5	48.5	47	24.5	55.5	37.5	44	63.5	47	20.5	51	39	50.5	42	18	2	28	45	28	27.5	40	33	26.5	51.5	32	29.5	29.5	15.5	33	74	32.5	30	46	30	33.5	22	59.5	67	48.5	29	36.5	33.5	23.5	32.5	21.5	4	36	26	58	
90.5	32.5	51.5	54.5	5	74.5	67.5	59	36.5	62	43.5	29.5	41.5	66.5	35.5	52	77.5	92.5	32	62	45.5	22	39	51.5	26.5	59	53.5	84	86	86	67	12	31	32.5	16	14	17	24.5	11	61.5	37.5	64	30	46.5	37.5	35	70.5	18.5	9.5	34	52	50.5	0	77	75.5	64	19	76	44.5	35	15.5	34	29.5	79.5	24	86.5	66.5	52.5	56.5	83.5	46.5	61	68.5	61.5	55	80	56.5	64	23	39	41.5	27.5	26	48.5	14.5	58.5	62	40.5	13	20.5	40	69.5	52	47	52	46	50	46.5	64.5	72.5	26.5	
17.5	70.5	39.5	52.5	82	32.5	39.5	48	64.5	25	61.5	47.5	65.5	24.5	43.5	35	29.5	19.5	75	35	61.5	85	68	29.5	80.5	48	53.5	21	9	9	40	85	76	74.5	89	87	80	72.5	84	19.5	69.5	43	77	60.5	69.5	48	23.5	66.5	67.5	67	25	48.5	77	0	31.5	43	82	31	62.5	82	73.5	47	77.5	27.5	77	20.5	38.5	50.5	34.5	23.5	54.5	46	38.5	45.5	28	3	50.5	43	56	42	59.5	94.5	59	56.5	72.5	36.5	45	48.5	86	91.5	67	37.5	55	60	45	59	43	44.5	42.5	34.5	80.5	
19	69	38	49	80.5	1	36	44.5	63	23.5	60	46	62	9	42	33.5	26	21	71.5	33.5	58	81.5	64.5	28	77	44.5	50	17.5	22.5	22.5	36.5	83.5	72.5	71	87.5	85.5	78.5	71	82.5	14	66	39.5	73.5	57	66	46.5	27	65	66	65.5	23.5	47	75.5	31.5	0	39.5	80.5	27.5	59	78.5	72	45.5	74	24	75.5	11	35	49	33	8	53	42.5	35	42	26.5	28.5	47	39.5	54.5	40.5	58	91	57.5	55	71	35	41.5	47	84.5	88	63.5	34	51.5	56.5	43.5	57.5	41.5	43	39	31	77	
30.5	37.5	33.5	20.5	61	40.5	7.5	5	33.5	48	26.5	34.5	28.5	48.5	30.5	38	17.5	32.5	38	38	24.5	48	31	41.5	43.5	11	16.5	24	34	34	33	72	39	37.5	64	74	53	45.5	69	51.5	32.5	0	40	23.5	32.5	35	54.5	51.5	54.5	36	42	24.5	64	43	39.5	0	51	24	25.5	45	54.5	34	40.5	25.5	46	28.5	6.5	22.5	38.5	31.5	23.5	3	26.5	23.5	45	40	13.5	16	43	25	28.5	57.5	44	21.5	55.5	36.5	28	29.5	73	54.5	30	15.5	18	23	28	24	30	28.5	30.5	12.5	43.5	
75.5	37.5	56.5	59.5	24	79.5	52.5	56	41.5	67	48.5	34.5	38.5	71.5	40.5	57	62.5	77.5	37	67	50.5	3	44	56.5	31.5	46	46.5	69	79	79	72	27	12	22.5	31	29	2	29.5	26	66.5	32.5	51	11	43.5	42.5	40	75.5	23.5	14.5	39	57	55.5	19	82	80.5	51	0	69	35.5	30	20.5	39	34.5	70.5	29	73.5	51.5	57.5	61.5	76.5	51.5	54	71.5	66.5	60	85	53.5	61	28	44	46.5	42.5	31	53.5	19.5	63.5	67	45.5	28	35.5	35	60.5	53	52	57	51	55	51.5	69.5	57.5	31.5	
18.5	55.5	36.5	33.5	79	28.5	20.5	29	51.5	34	44.5	46.5	46.5	36.5	42.5	34	10.5	20.5	56	14	42.5	66	49	28.5	61.5	29	34.5	12	22	22	9	84	57	55.5	82	86	71	63.5	83	33.5	50.5	24	58	41.5	50.5	47	42.5	65.5	66.5	54	24	37.5	76	31	27.5	24	69	0	43.5	63	72.5	46	58.5	13.5	64	16.5	19.5	35.5	31.5	19.5	41.5	27	19.5	26.5	21	28	31.5	24	55	41	46.5	75.5	58	39.5	71.5	29.5	26	47.5	85	72.5	48	18.5	36	41	36	42	38	41.5	23.5	15.5	61.5	
50	12	53	40	45.5	60	27	30.5	28	67.5	31	35	3	68	41	57.5	37	52	22.5	57.5	29	32.5	20.5	57	28	20.5	21	43.5	53.5	53.5	52.5	52.5	23.5	22	48.5	54.5	37.5	30	51.5	67	17	25.5	24.5	18	7	40.5	74	34	35	25.5	57.5	44	44.5	62.5	59	25.5	35.5	43.5	0	29.5	39	39.5	25	45	30.5	48	26	42	58	51	38	28.5	46	43	60.5	59.5	28	35.5	28.5	44.5	33	42	31.5	36	40	56	47.5	44	53.5	39	14.5	35	27.5	32.5	47.5	33.5	49.5	48	50	32	28	
69.5	41.5	72.5	59.5	30	79.5	46.5	50	47.5	87	50.5	60.5	32.5	87.5	66.5	77	56.5	71.5	37	77	48.5	27	40	82.5	27.5	40	40.5	63	73	73	72	33	18	11.5	19	35	32	39.5	24	92.5	26.5	45	19	37.5	36.5	64	93.5	45.5	40.5	45	83	63.5	35	82	78.5	45	30	63	29.5	0	38.5	65	34.5	64.5	35	67.5	45.5	61.5	77.5	70.5	57.5	48	65.5	62.5	84	79	47.5	55	54	70	52.5	16.5	53	55.5	39.5	75.5	67	63.5	34	18.5	29	54.5	47	52	67	53	69	67.5	69.5	51.5	27.5	
79	29	48	51	20.5	71	56	55.5	33	58.5	40	26	38	63	32	48.5	66	81	28.5	58.5	42	23.5	35.5	48	11	49.5	50	72.5	82.5	82.5	63.5	23.5	32.5	31	27.5	25.5	18.5	21	22.5	58	34	54.5	31.5	43	34	31.5	67	15	6	30.5	48.5	47	15.5	73.5	72	54.5	20.5	72.5	39	38.5	0	30.5	26	74	20.5	77	55	49	53	80	43	57.5	65	58	51.5	76.5	53	60.5	19.5	35.5	38	39	22.5	45	1	55	58.5	37	24.5	32	36.5	64	48.5	43.5	48.5	42.5	46.5	43	61	61	11	
60.5	27.5	21.5	24.5	39	44.5	37.5	29	21.5	32	18.5	4.5	36.5	36.5	5.5	22	47.5	62.5	32	32	20.5	42	29	21.5	41.5	25	28.5	54	56	56	37	42	51	57.5	46	44	37	29.5	41	31.5	42.5	34	50	31.5	32.5	1	40.5	23.5	24.5	24	22	20.5	34	47	45.5	34	39	46	39.5	65	30.5	0	34.5	49.5	34	56.5	36.5	22.5	26.5	53.5	16.5	31	38.5	31.5	25	50	26.5	34	13	9	16.5	57.5	16	18.5	29.5	28.5	32	10.5	43	50.5	40	39.5	18	13	22	12	20	16.5	34.5	42.5	41.5	
65	33	52	55	34.5	75	42	45.5	37	62.5	44	30	28	67	36	52.5	52	67	32.5	62.5	44	37.5	35.5	52	33	35.5	36	58.5	68.5	68.5	67.5	37.5	28.5	27	41.5	39.5	32.5	5	36.5	62	8	40.5	29.5	33	32	35.5	71	11	20	34.5	52.5	51	29.5	77.5	74	40.5	34.5	58.5	25	34.5	26	34.5	0	60	29.5	63	41	53	57	66	47	43.5	61	58	55.5	74.5	43	50.5	23.5	39.5	42	47	26.5	49	25	59	62.5	41	38.5	44	24.5	50	42.5	47.5	52.5	46.5	50.5	47	65	47	33	
15	57	38	35	80.5	25	22	30.5	53	32.5	46	50	48	33	46	37.5	12	17	57.5	27.5	44	67.5	50.5	32	63	30.5	36	8.5	18.5	18.5	22.5	87.5	58.5	57	83.5	89.5	72.5	65	86.5	32	52	25.5	59.5	43	52	50.5	39	69	70	55.5	27.5	39	79.5	27.5	24	25.5	70.5	13.5	45	64.5	74	49.5	60	0	65.5	13	21	37	33	16	43	28.5	21	28	30.5	24.5	33	25.5	58.5	44.5	48	77	61.5	41	75	31	27.5	49	88.5	74	49.5	20	37.5	42.5	37.5	43.5	39.5	43	25	17	63	
70.5	32.5	51.5	54.5	29	74.5	47.5	51	36.5	62	43.5	29.5	33.5	66.5	35.5	52	57.5	72.5	32	62	45.5	32	39	51.5	31.5	41	41.5	64	74	74	67	32	29	27.5	36	34	27	24.5	31	61.5	27.5	46	30	38.5	37.5	35	70.5	18.5	14.5	34	52	50.5	24	77	75.5	46	29	64	30.5	35	20.5	34	29.5	65.5	0	68.5	46.5	52.5	56.5	71.5	46.5	49	66.5	61.5	55	80	48.5	56	23	39	41.5	47.5	26	48.5	19.5	58.5	62	40.5	33	40.5	30	55.5	48	47	52	46	50	46.5	64.5	52.5	31.5	
8	60	41	38	83.5	12	25	33.5	56	30.5	49	57	51	20	53	40.5	15	10	60.5	30.5	47	70.5	53.5	39	66	33.5	39	6.5	11.5	11.5	25.5	94.5	61.5	60	86.5	96.5	75.5	68	91.5	25	55	28.5	62.5	46	55	57.5	32	74	77	58.5	34.5	42	86.5	20.5	11	28.5	73.5	16.5	48	67.5	77	56.5	63	13	68.5	0	24	40	36	3	46	31.5	24	31	37.5	17.5	36	28.5	65.5	51.5	51	80	66.5	44	78	34	30.5	52	95.5	77	52.5	23	40.5	45.5	40.5	46.5	42.5	46	28	20	66	
26	38	29	14	61.5	36	1	11.5	34	43.5	27	39	29	44	35	33.5	13	28	38.5	33.5	25	48.5	31.5	39	44	11.5	17	19.5	29.5	29.5	28.5	76.5	39.5	38	64.5	76.5	53.5	46	69.5	49	33	6.5	40.5	24	33	35.5	50	52	59	36.5	41.5	18	66.5	38.5	35	6.5	51.5	19.5	26	45.5	55	36.5	41	21	46.5	24	0	16	34	27	24	9.5	22	19	40.5	35.5	14	11.5	47.5	31.5	29	58	44.5	22	56	32	23.5	30	77.5	55	30.5	11	18.5	23.5	23.5	24.5	25.5	22	26	8	44	
42	46	25	2	57.5	48	15	27.5	40	35.5	37	23	45	40	19	25.5	29	44	50.5	35.5	39	60.5	47.5	25	60	27.5	33	35.5	45.5	45.5	40.5	60.5	55.5	54	64.5	62.5	55.5	48	59.5	35	49	22.5	56.5	40	49	23.5	44	42	43	42.5	25.5	2	52.5	50.5	49	22.5	57.5	35.5	42	61.5	49	22.5	53	37	52.5	40	16	0	30	43	30	25.5	38	35	28.5	51.5	30	27.5	31.5	17.5	35	74	34.5	32	48	32	35.5	24	61.5	69	46.5	27	34.5	35.5	25.5	34.5	23.5	6	38	24	60	
38	50	19	32	61.5	32	35	41.5	44	19.5	41	27	59	24	23	14.5	21	40	54.5	19.5	43	64.5	51.5	5	64	43.5	49	31.5	41.5	41.5	24.5	64.5	71.5	70	68.5	66.5	59.5	52	63.5	19	65	38.5	72.5	54	55	27.5	28	46	47	46.5	9.5	28	56.5	34.5	33	38.5	61.5	31.5	58	77.5	53	26.5	57	33	56.5	36	34	30	0	39	34	41.5	12	29	12.5	37.5	44	36.5	35.5	21.5	39	80	38.5	36	52	2	24.5	28	65.5	73	62.5	33	44.5	39.5	24.5	38.5	22.5	24	8	30	64	
11	63	44	41	86.5	9	28	36.5	59	31.5	52	54	54	17	50	41.5	18	13	63.5	33.5	50	73.5	56.5	36	69	36.5	42	9.5	14.5	14.5	28.5	91.5	64.5	63	89.5	93.5	78.5	71	90.5	22	58	31.5	65.5	49	58	54.5	35	73	74	61.5	31.5	45	83.5	23.5	8	31.5	76.5	19.5	51	70.5	80	53.5	66	16	71.5	3	27	43	39	0	49	34.5	27	34	34.5	20.5	39	31.5	62.5	48.5	54	83	65.5	47	79	37	33.5	55	92.5	80	55.5	26	43.5	48.5	43.5	49.5	45.5	49	31	23	69	
48	40	29	32	51.5	52	25	28.5	34	39.5	31	17	41	44	11	29.5	35	50	44.5	39.5	33	54.5	41.5	29	54	23.5	29	41.5	51.5	51.5	44.5	54.5	51.5	50	58.5	56.5	49.5	42	53.5	39	45	23.5	52.5	36	45	17.5	48	36	37	36.5	29.5	28	46.5	54.5	53	23.5	51.5	41.5	38	57.5	43	16.5	47	43	46.5	46	24	30	34	49	0	26.5	44	39	32.5	57.5	10	33.5	25.5	16.5	29	70	28.5	2	42	36	39.5	6	55.5	63	42.5	33	30.5	29.5	29.5	28.5	27.5	24	42	30	54	
33.5	40.5	36.5	23.5	64	43.5	10.5	2	36.5	49	29.5	31.5	31.5	51.5	27.5	39	20.5	35.5	41	41	27.5	51	34	38.5	46.5	14	19.5	27	37	37	36	69	42	40.5	67	71	56	48.5	68	48.5	35.5	3	43	26.5	35.5	32	57.5	50.5	51.5	39	39	27.5	61	46	42.5	3	54	27	28.5	48	57.5	31	43.5	28.5	49	31.5	9.5	25.5	41.5	34.5	26.5	0	29.5	26.5	42	43	16.5	19	40	22	31.5	60.5	43	24.5	56.5	39.5	31	32.5	70	57.5	33	18.5	21	26	31	27	33	31.5	33.5	15.5	46.5	
26	58	31	36	73.5	36	23	31.5	54	31.5	47	39	49	36	35	26.5	9	28	58.5	31.5	45	68.5	51.5	17	64	31.5	37	19.5	29.5	29.5	28.5	76.5	59.5	58	80.5	78.5	71.5	64	75.5	31	53	26.5	60.5	44	53	39.5	40	58	59	56.5	21.5	40	68.5	38.5	35	26.5	71.5	19.5	46	65.5	65	38.5	61	21	66.5	24	22	38	12	27	44	29.5	0	29	24.5	35.5	34	26.5	47.5	33.5	49	78	50.5	42	64	10	28.5	40	77.5	75	50.5	21	38.5	43.5	36.5	44.5	34.5	36	4	18	64	
33	55	10	33	66.5	43	20	28.5	49	34.5	44	32	46	39	28	24.5	20	35	55.5	34.5	42	65.5	48.5	24	61	28.5	34	26.5	36.5	36.5	35.5	69.5	56.5	55	73.5	71.5	64.5	57	68.5	34	50	23.5	57.5	41	50	32.5	43	51	52	51.5	24.5	33	61.5	45.5	42	23.5	66.5	26.5	43	62.5	58	31.5	58	28	61.5	31	19	35	29	34	39	26.5	29	0	27.5	42.5	31	23.5	40.5	26.5	44	75	43.5	39	57	31	30.5	33	70.5	72	47.5	8	35.5	40.5	29.5	41.5	27.5	29	33	11	61	
39.5	48.5	17.5	30.5	60	25.5	41.5	40	42.5	13	39.5	25.5	57.5	17.5	21.5	13	31.5	41.5	53	7	41.5	63	50	7.5	62.5	50	49.5	33	37	37	12	63	72	76.5	67	65	58	50.5	62	12.5	63.5	45	71	52.5	53.5	26	21.5	44.5	45.5	45	3	26.5	55	28	26.5	45	60	21	60.5	84	51.5	25	55.5	30.5	55	37.5	40.5	28.5	12.5	34.5	32.5	42	24.5	27.5	0	31	42.5	35	34	20	37.5	78.5	37	34.5	50.5	14.5	23	26.5	64	71.5	61	35.5	43	38	23	37	21	22.5	20.5	36.5	62.5	
14.5	71.5	42.5	49.5	85	29.5	36.5	45	67.5	28	60.5	50.5	62.5	27.5	46.5	38	26.5	16.5	72	38	58.5	82	65	32.5	77.5	45	50.5	18	6	6	37	88	73	71.5	92	90	83	75.5	87	22.5	66.5	40	74	57.5	66.5	51	26.5	69.5	70.5	70	28	51.5	80	3	28.5	40	85	28	59.5	79	76.5	50	74.5	24.5	80	17.5	35.5	51.5	37.5	20.5	57.5	43	35.5	42.5	31	0	47.5	40	59	45	62.5	91.5	62	55.5	75.5	39.5	42	51.5	89	88.5	64	34.5	52	57	48	58	46	47.5	39.5	31.5	77.5	
38	40	39	28	61.5	48	15	18.5	36	49.5	29	27	31	54	21	39.5	25	40	40.5	45.5	27	50.5	33.5	39	46	13.5	19	31.5	41.5	41.5	40.5	64.5	41.5	40	66.5	66.5	55.5	48	63.5	49	35	13.5	42.5	26	35	27.5	58	46	47	38.5	39.5	32	56.5	50.5	47	13.5	53.5	31.5	28	47.5	53	26.5	43	33	48.5	36	14	30	44	39	10	16.5	34	31	42.5	47.5	0	23.5	35.5	26.5	31	60	38.5	8	52	44	35.5	16	65.5	57	32.5	23	20.5	25.5	35.5	26.5	37.5	34	38	20	46	
30.5	47.5	31.5	25.5	69	40.5	12.5	21	43.5	42	36.5	34.5	38.5	46.5	30.5	32	17.5	32.5	48	38	34.5	58	41	31.5	53.5	21	26.5	24	34	34	33	72	49	47.5	74	74	63	55.5	71	41.5	42.5	16	50	33.5	42.5	35	50.5	53.5	54.5	46	32	29.5	64	43	39.5	16	61	24	35.5	55	60.5	34	50.5	25.5	56	28.5	11.5	27.5	36.5	31.5	33.5	19	26.5	23.5	35	40	23.5	0	43	29	38.5	67.5	46	31.5	59.5	36.5	28	35.5	73	64.5	40	15.5	28	33	12	34	14	31.5	30.5	12.5	53.5	
71.5	16.5	30.5	33.5	28	53.5	46.5	38	15.5	41	22.5	8.5	25.5	45.5	14.5	31	56.5	71.5	21	41	24.5	31	16	30.5	30.5	38	32.5	65	65	65	46	31	40	46.5	35	33	26	18.5	30	40.5	31.5	43	39	25.5	21.5	14	49.5	12.5	13.5	11	31	29.5	23	56	54.5	43	28	55	28.5	54	19.5	13	23.5	58.5	23	65.5	47.5	31.5	35.5	62.5	25.5	40	47.5	40.5	34	59	35.5	43	0	18	20.5	46.5	3	27.5	18.5	37.5	41	19.5	32	39.5	29	48.5	31	26	31	25	29	25.5	43.5	51.5	30.5	
55.5	32.5	16.5	19.5	44	39.5	32.5	20	26.5	27	23.5	9.5	41.5	31.5	5.5	17	42.5	57.5	37	27	25.5	47	34	16.5	46.5	34	33.5	49	51	51	32	47	56	62.5	51	49	42	34.5	46	26.5	47.5	25	55	36.5	37.5	10	35.5	28.5	29.5	29	17	15.5	39	42	40.5	25	44	41	44.5	70	35.5	9	39.5	44.5	39	51.5	31.5	17.5	21.5	48.5	16.5	22	33.5	26.5	20	45	26.5	29	18	0	21.5	62.5	21	18.5	34.5	23.5	27	10.5	48	55.5	45	34.5	27	22	17	21	15	11.5	29.5	37.5	46.5	
53	35	34	37	46.5	57	30	33.5	29	44.5	2	12	36	49	18	34.5	40	55	39.5	44.5	4	49.5	36.5	34	49	23.5	12	46.5	56.5	56.5	49.5	49.5	46.5	45	53.5	51.5	44.5	37	48.5	44	40	28.5	47.5	31	40	17.5	53	31	32	31.5	34.5	33	41.5	59.5	58	28.5	46.5	46.5	33	52.5	38	16.5	42	48	41.5	51	29	35	39	54	29	31.5	49	44	37.5	62.5	31	38.5	20.5	21.5	0	65	23.5	31	37	41	44.5	23	50.5	58	37.5	38	30.5	29.5	34.5	28.5	32.5	29	47	35	49	
82	54	75	72	32.5	92	59	62.5	60	85.5	63	53	45	90	59	75.5	69	84	49.5	85.5	61	39.5	52.5	75	40	52.5	53	75.5	85.5	85.5	84.5	20.5	30.5	24	29.5	22.5	40.5	48	24.5	85	39	57.5	31.5	50	49	58.5	94	42	33	57.5	75.5	74	27.5	94.5	91	57.5	42.5	75.5	42	16.5	39	57.5	47	77	47.5	80	58	74	80	83	70	60.5	78	75	78.5	91.5	60	67.5	46.5	62.5	65	0	49.5	68	38	82	79.5	64	21.5	31	41.5	67	59.5	64.5	75.5	65.5	73.5	70	82	64	40	
68.5	19.5	33.5	36.5	31	56.5	45.5	41	18.5	44	25.5	11.5	28.5	48.5	17.5	34	55.5	70.5	24	44	27.5	34	13	33.5	33.5	39	35.5	62	68	68	49	34	43	45.5	38	36	29	21.5	33	43.5	34.5	44	42	28.5	24.5	17	52.5	15.5	16.5	8	34	32.5	26	59	57.5	44	31	58	31.5	53	22.5	16	26.5	61.5	26	66.5	44.5	34.5	38.5	65.5	28.5	43	50.5	43.5	37	62	38.5	46	3	21	23.5	49.5	0	30.5	21.5	40.5	44	22.5	35	42.5	32	51.5	34	29	34	28	32	28.5	46.5	50.5	33.5	
46	42	31	34	53.5	54	23	26.5	36	41.5	33	19	39	46	13	31.5	33	48	46.5	41.5	35	56.5	41.5	31	54	21.5	27	39.5	49.5	49.5	46.5	56.5	49.5	48	60.5	58.5	51.5	44	55.5	41	43	21.5	50.5	34	43	19.5	50	38	39	38.5	31.5	30	48.5	56.5	55	21.5	53.5	39.5	36	55.5	45	18.5	49	41	48.5	44	22	32	36	47	2	24.5	42	39	34.5	55.5	8	31.5	27.5	18.5	31	68	30.5	0	44	38	41.5	8	57.5	65	40.5	31	28.5	31.5	31.5	30.5	29.5	26	44	28	54	
80	28	47	50	19.5	70	57	54.5	32	57.5	39	25	37	62	31	47.5	67	82	27.5	57.5	41	22.5	34.5	47	12	50.5	49	73.5	81.5	81.5	62.5	22.5	31.5	32	26.5	24.5	17.5	20	21.5	57	33	55.5	30.5	42	33	30.5	66	14	5	29.5	47.5	46	14.5	72.5	71	55.5	19.5	71.5	40	39.5	1	29.5	25	75	19.5	78	56	48	52	79	42	56.5	64	57	50.5	75.5	52	59.5	18.5	34.5	37	38	21.5	44	0	54	57.5	36	23.5	31	35.5	65	47.5	42.5	47.5	41.5	45.5	42	60	62	12	
36	52	21	34	63.5	34	33	41.5	46	21.5	43	29	59	26	25	16.5	19	38	56.5	21.5	45	66.5	53.5	7	66	41.5	47	29.5	39.5	39.5	26.5	66.5	69.5	68	70.5	68.5	61.5	54	65.5	21	63	36.5	70.5	54	57	29.5	30	48	49	48.5	11.5	30	58.5	36.5	35	36.5	63.5	29.5	56	75.5	55	28.5	59	31	58.5	34	32	32	2	37	36	39.5	10	31	14.5	39.5	44	36.5	37.5	23.5	41	82	40.5	38	54	0	26.5	30	67.5	75	60.5	31	46.5	41.5	26.5	40.5	24.5	26	6	28	66	
32.5	55.5	24.5	37.5	67	42.5	24.5	33	49.5	30	46.5	32.5	50.5	34.5	28.5	10	19.5	34.5	60	30	46.5	70	53	19.5	65.5	33	38.5	26	36	36	35	70	61	59.5	74	72	65	57.5	69	29.5	54.5	28	62	45.5	54.5	33	38.5	51.5	52.5	52	20	33.5	62	45	41.5	28	67	26	47.5	67	58.5	32	62.5	27.5	62	30.5	23.5	35.5	24.5	33.5	39.5	31	28.5	30.5	23	42	35.5	28	41	27	44.5	79.5	44	41.5	57.5	26.5	0	33.5	71	76.5	52	22.5	40	45	30	44	28	29.5	32.5	19.5	65.5	
54	34	23	26	45.5	46	31	30.5	28	33.5	25	11	43	38	5	23.5	41	56	38.5	33.5	27	48.5	35.5	23	48	29.5	35	47.5	57.5	57.5	38.5	48.5	57.5	56	52.5	50.5	43.5	36	47.5	33	49	29.5	56.5	38	39	11.5	42	30	31	30.5	23.5	22	40.5	48.5	47	29.5	45.5	47.5	44	63.5	37	10.5	41	49	40.5	52	30	24	28	55	6	32.5	40	33	26.5	51.5	16	35.5	19.5	10.5	23	64	22.5	8	36	30	33.5	0	49.5	57	46.5	39	28.5	23.5	23.5	22.5	21.5	18	36	36	48	
101.5	41.5	60.5	63.5	18	83.5	76.5	68	45.5	71	52.5	38.5	50.5	75.5	44.5	61	86.5	101.5	41	71	54.5	31	48	60.5	35.5	68	62.5	95	95	95	76	1	40	41.5	15	1	26	33.5	10	70.5	46.5	73	39	55.5	46.5	44	79.5	27.5	18.5	43	61	59.5	13	86	84.5	73	28	85	53.5	34	24.5	43	38.5	88.5	33	95.5	77.5	61.5	65.5	92.5	55.5	70	77.5	70.5	64	89	65.5	73	32	48	50.5	21.5	35	57.5	23.5	67.5	71	49.5	0	24.5	49	78.5	61	56	61	55	59	55.5	73.5	81.5	35.5	
79	49	68	69	25.5	89	56	59.5	53	78.5	60	46	42	83	52	68.5	66	81	46.5	78.5	58	36.5	49.5	68	37	49.5	50	72.5	82.5	82.5	81.5	23.5	27.5	21	27.5	25.5	33.5	41	22.5	78	36	54.5	28.5	47	46	51.5	87	35	26	50.5	68.5	67	20.5	91.5	88	54.5	35.5	72.5	39	18.5	32	50.5	44	74	40.5	77	55	69	73	80	63	57.5	75	72	71.5	88.5	57	64.5	39.5	55.5	58	31	42.5	65	31	75	76.5	57	24.5	0	38.5	64	56.5	61.5	68.5	62.5	66.5	63	79	61	37	
54.5	26.5	57.5	44.5	45	64.5	31.5	35	32.5	68	35.5	35.5	17.5	72.5	41.5	58	41.5	56.5	8	62	33.5	32	25	57.5	27.5	25	25.5	48	58	58	57	48	23	21.5	48	50	37	29.5	47	67.5	16.5	30	24	22.5	21.5	41	76.5	29.5	30.5	30	58	48.5	40	67	63.5	30	35	48	14.5	29	36.5	40	24.5	49.5	30	52.5	30.5	46.5	62.5	55.5	42.5	33	50.5	47.5	61	64	32.5	40	29	45	37.5	41.5	32	40.5	35.5	60.5	52	46.5	49	38.5	0	39.5	32	37	52	38	54	52.5	54.5	36.5	27.5	
25	47	18	25	70.5	35	12	20.5	43	42.5	36	40	38	43	36	32.5	12	27	47.5	32.5	34	57.5	40.5	32	53	20.5	26	18.5	28.5	28.5	27.5	77.5	48.5	47	73.5	79.5	62.5	55	76.5	42	42	15.5	49.5	33	42	40.5	49	59	60	45.5	32.5	29	69.5	37.5	34	15.5	60.5	18.5	35	54.5	64	39.5	50	20	55.5	23	11	27	33	26	33	18.5	21	8	35.5	34.5	23	15.5	48.5	34.5	38	67	51.5	31	65	31	22.5	39	78.5	64	39.5	0	27.5	32.5	27.5	33.5	29.5	33	25	3	53	
42.5	39.5	39.5	32.5	57	52.5	19.5	23	35.5	50	28.5	22.5	30.5	54.5	23.5	40	29.5	44.5	40	50	26.5	50	33	39.5	45.5	7	18.5	36	46	46	45	60	41	39.5	64	62	55	47.5	59	49.5	34.5	18	42	25.5	34.5	17	58.5	41.5	42.5	38	40	36.5	52	55	51.5	18	53	36	27.5	47	48.5	18	42.5	37.5	48	40.5	18.5	34.5	44.5	43.5	30.5	21	38.5	35.5	43	52	20.5	28	31	27	30.5	59.5	34	28.5	47.5	46.5	40	28.5	61	56.5	32	27.5	0	5	40	6	38	34.5	42.5	24.5	45.5	
47.5	40.5	34.5	37.5	52	57.5	24.5	28	34.5	45	31.5	17.5	35.5	49.5	18.5	35	34.5	49.5	45	45	31.5	55	38	34.5	50.5	12	23.5	41	51	51	50	55	46	44.5	59	57	50	42.5	54	44.5	39.5	23	47	30.5	39.5	12	53.5	36.5	37.5	37	35	33.5	47	60	56.5	23	52	41	32.5	52	43.5	13	47.5	42.5	47	45.5	23.5	35.5	39.5	48.5	29.5	26	43.5	40.5	38	57	25.5	33	26	22	29.5	64.5	29	31.5	42.5	41.5	45	23.5	56	61.5	37	32.5	5	0	35	1	33	29.5	47.5	29.5	50.5	
42.5	45.5	19.5	27.5	57	42.5	24.5	33	39.5	30	36.5	22.5	50.5	34.5	18.5	20	29.5	44.5	50	30	38.5	60	47	19.5	59.5	33	38.5	36	46	46	35	60	61	59.5	64	62	55	47.5	59	29.5	54.5	28	62	45.5	50.5	23	38.5	41.5	42.5	42	20	23.5	52	45	43.5	28	57	36	47.5	67	48.5	22	52.5	37.5	52	40.5	23.5	25.5	24.5	43.5	29.5	31	36.5	29.5	23	48	35.5	12	31	17	34.5	75.5	34	31.5	47.5	26.5	30	23.5	61	68.5	52	27.5	40	35	0	34	2	19.5	32.5	24.5	59.5	
48.5	39.5	33.5	36.5	51	56.5	25.5	29	33.5	44	30.5	16.5	36.5	48.5	17.5	34	35.5	50.5	44	44	32.5	54	39	33.5	51.5	13	24.5	42	52	52	49	54	47	45.5	58	56	49	41.5	53	43.5	40.5	24	48	31.5	40.5	11	52.5	35.5	36.5	36	34	32.5	46	59	57.5	24	51	42	33.5	53	42.5	12	46.5	43.5	46	46.5	24.5	34.5	38.5	49.5	28.5	27	44.5	41.5	37	58	26.5	34	25	21	28.5	65.5	28	30.5	41.5	40.5	44	22.5	55	62.5	38	33.5	6	1	34	0	32	28.5	46.5	30.5	51.5	
44.5	43.5	17.5	25.5	55	40.5	26.5	35	37.5	28	34.5	20.5	52.5	32.5	16.5	18	31.5	46.5	48	28	36.5	58	45	17.5	57.5	35	40.5	38	48	48	33	58	63	61.5	62	60	53	45.5	57	27.5	56.5	30	64	47.5	48.5	21	36.5	39.5	40.5	40	18	21.5	50	43	41.5	30	55	38	49.5	69	46.5	20	50.5	39.5	50	42.5	25.5	23.5	22.5	45.5	27.5	33	34.5	27.5	21	46	37.5	14	29	15	32.5	73.5	32	29.5	45.5	24.5	28	21.5	59	66.5	54	29.5	38	33	2	32	0	17.5	30.5	26.5	57.5	
48	40	19	8	51.5	42	21	31.5	34	29.5	31	17	49	34	13	19.5	35	50	44.5	29.5	33	54.5	41.5	19	54	33.5	39	41.5	51.5	51.5	34.5	54.5	61.5	60	58.5	56.5	49.5	42	53.5	29	55	28.5	62.5	44	45	17.5	38	36	37	36.5	19.5	4	46.5	44.5	43	28.5	51.5	41.5	48	67.5	43	16.5	47	43	46.5	46	22	6	24	49	24	31.5	36	29	22.5	47.5	34	31.5	25.5	11.5	29	70	28.5	26	42	26	29.5	18	55.5	63	52.5	33	34.5	29.5	19.5	28.5	17.5	0	32	30	54	
30	58	27	40	69.5	40	27	35.5	52	27.5	49	35	53	32	31	22.5	13	32	62.5	27.5	49	72.5	55.5	13	68	35.5	41	23.5	33.5	33.5	32.5	72.5	63.5	62	76.5	74.5	67.5	60	71.5	27	57	30.5	64.5	48	57	35.5	36	54	55	54.5	17.5	36	64.5	42.5	39	30.5	69.5	23.5	50	69.5	61	34.5	65	25	64.5	28	26	38	8	31	42	33.5	4	33	20.5	39.5	38	30.5	43.5	29.5	47	82	46.5	44	60	6	32.5	36	73.5	79	54.5	25	42.5	47.5	32.5	46.5	30.5	32	0	22	68	
22	44	21	22	67.5	32	9	17.5	40	39.5	33	43	35	40	39	29.5	9	24	44.5	29.5	31	54.5	37.5	35	50	17.5	23	15.5	25.5	25.5	24.5	80.5	45.5	44	70.5	82.5	59.5	52	75.5	45	39	12.5	46.5	30	39	41.5	46	58	63	42.5	35.5	26	72.5	34.5	31	12.5	57.5	15.5	32	51.5	61	42.5	47	17	52.5	20	8	24	30	23	30	15.5	18	11	36.5	31.5	20	12.5	51.5	37.5	35	64	50.5	28	62	28	19.5	36	81.5	61	36.5	3	24.5	29.5	24.5	30.5	26.5	30	22	0	50	
68	40	59	58	31.5	78	45	48.5	44	69.5	49	37	31	74	43	59.5	55	70	35.5	69.5	47	30.5	38.5	59	0	38.5	39	61.5	71.5	71.5	70.5	34.5	21.5	20	38.5	36.5	29.5	32	33.5	69	25	43.5	22.5	36	35	42.5	78	26	17	41.5	59.5	58	26.5	80.5	77	43.5	31.5	61.5	28	27.5	11	41.5	33	63	31.5	66	44	60	64	69	54	46.5	64	61	62.5	77.5	46	53.5	30.5	46.5	49	40	33.5	54	12	66	65.5	48	35.5	37	27.5	53	45.5	50.5	59.5	51.5	57.5	54	68	50	0	
