Number of items: 100
Horizon: 15
Time limit: 750
Load limit: 6000
Initial item inventory level
60
90
112
76
78
165
178
264
147
30
246
64
166
108
75
96
120
63
130
132
147
96
49
76
64
159
62
22
44
198
249
49
98
188
104
85
76
44
165
24
48
98
68
98
70
48
166
20
147
30
282
184
234
126
72
23
36
276
204
291
45
70
50
72
264
97
30
160
62
297
130
40
189
64
51
46
90
168
87
36
96
61
111
86
198
24
122
31
154
152
84
49
114
192
144
64
39
171
22
84
Maximum inventory capacity per item
120
180
168
152
156
220
267
352
196
40
328
128
249
162
100
144
180
126
195
176
196
128
98
114
128
212
93
33
88
297
332
98
196
282
156
170
152
66
220
36
72
147
136
196
140
96
249
30
196
60
376
276
312
168
144
46
72
368
272
388
90
105
100
144
352
194
60
240
93
396
195
60
252
128
68
69
135
224
174
48
144
122
148
129
264
36
183
62
231
228
168
98
152
288
192
128
78
228
33
168
Reserve storage replenishment rate per item and per period
360	0	0	360	0	0	360	0	0	360	0	0	360	0	0	
540	0	0	540	0	0	540	0	0	540	0	0	540	0	0	
336	0	0	336	0	0	336	0	0	336	0	0	336	0	0	
456	0	0	456	0	0	456	0	0	456	0	0	456	0	0	
468	0	0	468	0	0	468	0	0	468	0	0	468	0	0	
330	0	0	330	0	0	330	0	0	330	0	0	330	0	0	
534	0	0	534	0	0	534	0	0	534	0	0	534	0	0	
528	0	0	528	0	0	528	0	0	528	0	0	528	0	0	
294	0	0	294	0	0	294	0	0	294	0	0	294	0	0	
60	0	0	60	0	0	60	0	0	60	0	0	60	0	0	
492	0	0	492	0	0	492	0	0	492	0	0	492	0	0	
384	0	0	384	0	0	384	0	0	384	0	0	384	0	0	
498	0	0	498	0	0	498	0	0	498	0	0	498	0	0	
324	0	0	324	0	0	324	0	0	324	0	0	324	0	0	
150	0	0	150	0	0	150	0	0	150	0	0	150	0	0	
288	0	0	288	0	0	288	0	0	288	0	0	288	0	0	
360	0	0	360	0	0	360	0	0	360	0	0	360	0	0	
378	0	0	378	0	0	378	0	0	378	0	0	378	0	0	
390	0	0	390	0	0	390	0	0	390	0	0	390	0	0	
264	0	0	264	0	0	264	0	0	264	0	0	264	0	0	
294	0	0	294	0	0	294	0	0	294	0	0	294	0	0	
192	0	0	192	0	0	192	0	0	192	0	0	192	0	0	
294	0	0	294	0	0	294	0	0	294	0	0	294	0	0	
228	0	0	228	0	0	228	0	0	228	0	0	228	0	0	
384	0	0	384	0	0	384	0	0	384	0	0	384	0	0	
318	0	0	318	0	0	318	0	0	318	0	0	318	0	0	
186	0	0	186	0	0	186	0	0	186	0	0	186	0	0	
66	0	0	66	0	0	66	0	0	66	0	0	66	0	0	
264	0	0	264	0	0	264	0	0	264	0	0	264	0	0	
594	0	0	594	0	0	594	0	0	594	0	0	594	0	0	
498	0	0	498	0	0	498	0	0	498	0	0	498	0	0	
294	0	0	294	0	0	294	0	0	294	0	0	294	0	0	
588	0	0	588	0	0	588	0	0	588	0	0	588	0	0	
564	0	0	564	0	0	564	0	0	564	0	0	564	0	0	
312	0	0	312	0	0	312	0	0	312	0	0	312	0	0	
510	0	0	510	0	0	510	0	0	510	0	0	510	0	0	
456	0	0	456	0	0	456	0	0	456	0	0	456	0	0	
132	0	0	132	0	0	132	0	0	132	0	0	132	0	0	
330	0	0	330	0	0	330	0	0	330	0	0	330	0	0	
72	0	0	72	0	0	72	0	0	72	0	0	72	0	0	
144	0	0	144	0	0	144	0	0	144	0	0	144	0	0	
294	0	0	294	0	0	294	0	0	294	0	0	294	0	0	
408	0	0	408	0	0	408	0	0	408	0	0	408	0	0	
588	0	0	588	0	0	588	0	0	588	0	0	588	0	0	
420	0	0	420	0	0	420	0	0	420	0	0	420	0	0	
288	0	0	288	0	0	288	0	0	288	0	0	288	0	0	
498	0	0	498	0	0	498	0	0	498	0	0	498	0	0	
60	0	0	60	0	0	60	0	0	60	0	0	60	0	0	
294	0	0	294	0	0	294	0	0	294	0	0	294	0	0	
180	0	0	180	0	0	180	0	0	180	0	0	180	0	0	
564	0	0	564	0	0	564	0	0	564	0	0	564	0	0	
552	0	0	552	0	0	552	0	0	552	0	0	552	0	0	
468	0	0	468	0	0	468	0	0	468	0	0	468	0	0	
252	0	0	252	0	0	252	0	0	252	0	0	252	0	0	
432	0	0	432	0	0	432	0	0	432	0	0	432	0	0	
138	0	0	138	0	0	138	0	0	138	0	0	138	0	0	
216	0	0	216	0	0	216	0	0	216	0	0	216	0	0	
552	0	0	552	0	0	552	0	0	552	0	0	552	0	0	
408	0	0	408	0	0	408	0	0	408	0	0	408	0	0	
582	0	0	582	0	0	582	0	0	582	0	0	582	0	0	
270	0	0	270	0	0	270	0	0	270	0	0	270	0	0	
210	0	0	210	0	0	210	0	0	210	0	0	210	0	0	
300	0	0	300	0	0	300	0	0	300	0	0	300	0	0	
432	0	0	432	0	0	432	0	0	432	0	0	432	0	0	
528	0	0	528	0	0	528	0	0	528	0	0	528	0	0	
582	0	0	582	0	0	582	0	0	582	0	0	582	0	0	
180	0	0	180	0	0	180	0	0	180	0	0	180	0	0	
480	0	0	480	0	0	480	0	0	480	0	0	480	0	0	
186	0	0	186	0	0	186	0	0	186	0	0	186	0	0	
594	0	0	594	0	0	594	0	0	594	0	0	594	0	0	
390	0	0	390	0	0	390	0	0	390	0	0	390	0	0	
120	0	0	120	0	0	120	0	0	120	0	0	120	0	0	
378	0	0	378	0	0	378	0	0	378	0	0	378	0	0	
384	0	0	384	0	0	384	0	0	384	0	0	384	0	0	
102	0	0	102	0	0	102	0	0	102	0	0	102	0	0	
138	0	0	138	0	0	138	0	0	138	0	0	138	0	0	
270	0	0	270	0	0	270	0	0	270	0	0	270	0	0	
336	0	0	336	0	0	336	0	0	336	0	0	336	0	0	
522	0	0	522	0	0	522	0	0	522	0	0	522	0	0	
72	0	0	72	0	0	72	0	0	72	0	0	72	0	0	
288	0	0	288	0	0	288	0	0	288	0	0	288	0	0	
366	0	0	366	0	0	366	0	0	366	0	0	366	0	0	
222	0	0	222	0	0	222	0	0	222	0	0	222	0	0	
258	0	0	258	0	0	258	0	0	258	0	0	258	0	0	
396	0	0	396	0	0	396	0	0	396	0	0	396	0	0	
72	0	0	72	0	0	72	0	0	72	0	0	72	0	0	
366	0	0	366	0	0	366	0	0	366	0	0	366	0	0	
186	0	0	186	0	0	186	0	0	186	0	0	186	0	0	
462	0	0	462	0	0	462	0	0	462	0	0	462	0	0	
456	0	0	456	0	0	456	0	0	456	0	0	456	0	0	
504	0	0	504	0	0	504	0	0	504	0	0	504	0	0	
294	0	0	294	0	0	294	0	0	294	0	0	294	0	0	
228	0	0	228	0	0	228	0	0	228	0	0	228	0	0	
576	0	0	576	0	0	576	0	0	576	0	0	576	0	0	
288	0	0	288	0	0	288	0	0	288	0	0	288	0	0	
384	0	0	384	0	0	384	0	0	384	0	0	384	0	0	
234	0	0	234	0	0	234	0	0	234	0	0	234	0	0	
342	0	0	342	0	0	342	0	0	342	0	0	342	0	0	
66	0	0	66	0	0	66	0	0	66	0	0	66	0	0	
504	0	0	504	0	0	504	0	0	504	0	0	504	0	0	
Forward storage demand rate per item and per period
60	75	58	88	66	73	59	36	57	53	73	24	57	64	50	
90	18	84	43	73	36	123	105	94	100	103	78	77	87	84	
56	75	26	69	18	40	90	28	107	89	16	61	69	72	71	
76	66	90	49	74	109	70	65	106	47	86	78	18	57	38	
78	61	55	105	91	85	117	64	147	103	63	126	31	123	42	
55	48	14	91	39	47	17	17	60	67	61	49	27	34	24	
89	96	102	84	156	106	85	32	128	105	62	111	154	43	115	
88	85	118	20	81	100	131	31	81	36	54	107	67	41	102	
49	48	76	76	54	72	38	37	89	62	78	36	44	43	47	
10	2	13	18	10	1	1	5	11	13	4	4	11	6	3	
82	77	118	95	90	61	85	92	137	59	57	99	98	101	98	
64	79	67	93	44	51	63	28	45	33	108	72	65	73	95	
83	111	91	98	85	55	75	64	151	83	108	101	83	112	101	
54	98	89	17	76	16	81	88	52	43	51	88	47	50	73	
25	19	1	32	26	27	28	24	34	28	19	38	34	18	41	
48	32	30	56	72	70	72	40	57	87	19	42	63	54	71	
60	74	67	90	79	102	61	62	34	67	69	55	23	35	64	
63	69	47	41	51	98	6	92	92	50	49	90	10	100	64	
65	98	16	99	20	42	19	67	73	55	16	73	66	77	31	
44	30	16	71	38	36	28	44	38	42	33	58	36	67	51	
49	71	40	51	24	31	31	33	85	32	88	37	28	64	47	
32	33	33	7	26	25	38	33	32	14	30	29	24	24	16	
49	71	78	46	70	50	48	77	65	70	46	6	63	38	59	
38	59	56	17	49	20	27	40	50	38	34	34	33	35	51	
64	12	22	22	25	31	82	48	83	109	54	75	38	105	94	
53	55	50	48	47	81	36	68	46	88	38	33	48	49	62	
31	9	19	42	37	38	45	20	46	22	32	54	22	46	38	
11	9	13	15	13	14	15	17	0	8	2	10	9	5	9	
44	22	65	64	51	43	56	42	41	63	61	30	83	44	53	
99	116	76	105	110	106	165	110	58	38	96	88	92	62	71	
83	127	72	122	61	49	87	73	114	127	70	68	31	129	99	
49	43	63	39	15	29	50	46	83	47	57	37	83	37	35	
98	180	125	29	111	45	35	114	151	16	146	128	142	134	109	
94	101	152	135	127	148	7	95	97	125	40	77	73	26	117	
52	44	5	38	63	33	21	86	53	54	73	62	97	42	91	
85	83	52	79	89	26	90	74	84	114	127	106	82	159	54	
76	72	98	36	54	65	88	88	46	83	52	104	64	76	42	
22	12	22	27	17	35	28	23	19	10	37	13	32	29	35	
55	28	50	70	61	90	25	56	36	57	51	31	56	51	71	
12	21	16	15	12	14	14	9	15	7	11	3	5	20	11	
24	41	14	19	27	6	12	37	9	35	30	47	37	21	32	
49	37	53	42	43	45	67	27	60	62	74	65	33	76	72	
68	120	73	67	67	81	32	35	123	12	81	35	122	35	69	
98	154	181	101	76	101	107	155	131	127	155	136	85	155	52	
70	15	83	120	58	64	127	81	69	68	112	80	73	65	97	
48	51	37	49	48	63	40	30	54	77	82	28	43	42	61	
83	51	120	106	25	71	97	27	125	30	99	100	50	74	77	
10	10	15	10	4	7	8	10	11	15	11	8	4	8	11	
49	28	17	58	73	42	53	86	57	59	50	27	62	55	26	
30	26	33	19	13	23	29	18	38	30	57	39	31	17	8	
94	143	49	115	60	99	124	110	60	142	75	84	145	136	28	
92	96	71	21	91	25	71	42	76	42	121	134	134	47	120	
78	51	106	67	122	89	93	120	36	148	40	109	21	35	95	
42	40	28	15	9	36	70	23	26	49	40	81	15	66	58	
72	72	39	62	72	88	22	90	30	122	72	68	96	59	107	
23	21	23	20	23	4	13	19	17	12	32	25	17	9	29	
36	36	12	17	9	53	47	45	65	37	23	43	39	29	60	
92	123	55	133	58	161	46	112	93	121	60	121	154	125	110	
68	124	80	16	46	51	34	75	52	45	33	54	20	58	68	
97	132	95	143	105	141	49	112	134	73	134	79	80	89	111	
45	33	50	38	68	64	53	35	81	26	32	19	10	38	42	
35	47	29	37	52	29	23	21	50	33	66	38	32	36	37	
50	35	76	62	64	85	90	64	53	51	42	42	77	27	50	
72	87	88	62	104	115	50	41	108	71	59	28	44	71	76	
88	110	127	145	55	76	106	96	103	62	57	71	93	84	27	
97	138	107	94	47	149	147	98	38	54	118	84	26	130	54	
30	25	9	32	34	13	29	15	20	20	33	26	8	33	38	
80	39	48	34	29	54	101	125	79	83	86	112	40	85	130	
31	54	37	22	23	26	24	32	44	17	37	32	4	23	9	
99	25	67	95	115	165	107	142	87	141	71	124	149	128	34	
65	38	104	71	91	98	83	39	2	50	73	49	32	101	73	
20	23	20	3	17	11	15	27	27	22	15	24	10	15	27	
63	108	81	55	91	27	96	28	87	72	27	55	88	75	100	
64	46	95	97	70	123	50	95	76	42	82	56	70	45	41	
17	25	12	5	15	20	13	14	12	15	9	14	21	19	12	
23	27	34	23	14	26	25	25	25	3	20	25	8	31	22	
45	31	63	17	58	39	57	33	53	43	19	22	65	51	32	
56	50	42	38	20	36	32	66	36	48	75	79	85	58	64	
87	158	77	41	12	153	72	86	59	83	105	59	46	27	36	
12	6	11	15	12	22	13	2	14	5	9	9	14	8	4	
48	39	59	73	11	83	10	64	47	65	83	50	73	92	77	
61	41	55	39	75	54	56	92	71	81	43	41	13	12	74	
37	42	6	17	7	41	20	67	21	16	57	31	31	22	25	
43	49	58	24	12	44	20	43	41	65	77	41	48	73	53	
66	92	95	89	36	9	53	16	113	53	80	52	27	113	26	
12	16	15	12	9	7	12	8	9	13	18	13	6	11	7	
61	39	44	56	103	16	92	90	108	41	43	55	57	114	79	
31	26	20	35	12	31	39	28	23	32	35	17	47	36	53	
77	75	98	107	41	68	28	82	55	119	89	64	143	100	70	
76	59	107	29	56	120	112	97	111	69	39	36	52	48	92	
84	45	23	82	61	45	156	64	105	33	115	75	111	117	81	
49	28	34	49	60	49	44	49	39	52	35	58	35	74	76	
38	34	24	32	57	21	32	46	57	33	39	58	24	37	18	
96	22	164	133	113	93	142	83	41	87	39	97	94	80	122	
48	11	46	48	29	50	54	19	24	41	57	48	54	67	52	
64	11	111	60	60	70	93	62	105	64	49	54	89	76	67	
39	31	57	24	54	33	37	63	33	43	37	44	61	40	26	
57	62	53	97	98	40	65	62	66	49	48	91	54	81	97	
11	13	18	10	10	9	11	8	19	16	0	6	8	5	14	
84	131	62	32	26	148	100	122	87	65	84	90	128	88	108	
Distance matrix
0	10	43	28	72	75	4.5	17	44	41	88.5	98	50.5	73.5	32.5	53	8.5	65	31	55.5	50	48.5	31	27	68.5	95.5	55	61.5	21	67	45	89	35.5	86.5	32.5	28	88	100.5	26	29	81	68.5	20.5	79.5	29	45	85	24	11	70	52	78	58.5	61	61.5	66	89	72	14	67	30	24	46	66	74	40.5	43.5	83.5	52	60	79.5	90	53	92.5	21	63.5	3	78.5	13.5	36.5	30	51	76.5	42.5	70.5	45	25	57.5	19.5	53.5	79.5	42	43	26	5.5	39	14	70.5	33	82.5	48	
10	0	53	38	78	75	14.5	27	54	49	86.5	92	60.5	83.5	42.5	47	18.5	75	41	49.5	60	56.5	41	37	78.5	99.5	65	71.5	31	73	45	99	45.5	88.5	42.5	18	98	94.5	36	39	89	78.5	30.5	89.5	39	55	95	34	21	80	48	88	56.5	71	71.5	64	81	82	4	77	30	34	56	74	84	44.5	53.5	93.5	62	70	85.5	90	63	92.5	11	73.5	7	88.5	23.5	46.5	40	59	86.5	52.5	80.5	55	15	47.5	29.5	63.5	89.5	52	53	36	15.5	41	24	80.5	27	92.5	58	
43	53	0	31	45	42	42.5	30	27	36	53.5	59	31.5	56.5	30.5	24	36.5	48	44	21.5	33	28.5	12	50	51.5	66.5	38	40.5	44	40	32	68	23.5	55.5	40.5	49	69	61.5	39	48	56	51.5	56.5	62.5	42	2	68	47	44	53	25	59	23.5	44	44.5	31	48	55	57	50	47	37	29	41	57	36.5	26.5	66.5	35	43	52.5	57	36	59.5	56	46.5	46	61.5	31.5	34.5	23	8	59.5	34.5	51.5	28	52	19.5	37.5	36.5	62.5	25	34	49	43.5	38	47	53.5	44	65.5	31	
28	38	31	0	60	57	27.5	15	32	13	68.5	74	38.5	61.5	20.5	29	21.5	53	29	31.5	38	36.5	19	35	56.5	81.5	43	49.5	29	55	17	77	23.5	70.5	25.5	44	76	76.5	24	37	69	56.5	43.5	67.5	27	33	73	32	29	58	30	66	38.5	49	49.5	46	63	60	42	55	42	22	34	54	62	31.5	31.5	71.5	40	48	67.5	72	41	74.5	49	51.5	31	66.5	16.5	24.5	18	39	64.5	30.5	58.5	33	47	29.5	22.5	41.5	67.5	30	31	34	28.5	33	32	58.5	39	70.5	36	
72	78	45	60	0	3	71.5	59	44	47	24.5	30	37.5	45.5	55.5	35	65.5	7	57	32.5	32	39.5	43	61	40.5	37.5	17	26.5	67	21	43	39	52.5	26.5	55.5	60	40	32.5	62	59	27	40.5	67.5	43.5	59	43	43	64	73	38	36	30	29.5	33	31.5	22	19	44	74	39	58	64	42	22	34	47.5	44.5	49.5	36	32	23.5	28	35	30.5	67	35.5	75	50.5	60.5	51.5	52	37	48.5	45.5	22.5	43	63	30.5	66.5	34.5	33.5	44	45	62	72.5	49	74	42.5	55	40.5	40	
75	75	42	57	3	0	74.5	62	41	44	21.5	27	34.5	46.5	52.5	32	68.5	10	54	29.5	35	36.5	46	58	41.5	34.5	20	23.5	64	18	40	36	49.5	23.5	52.5	57	37	29.5	59	56	24	43.5	64.5	40.5	56	40	40	61	74	35	33	27	26.5	36	28.5	19	16	47	71	38	55	61	39	19	31	44.5	41.5	46.5	33	35	20.5	25	32	27.5	64	38.5	78	51.5	63.5	48.5	55	34	51.5	42.5	19.5	40	60	27.5	65.5	31.5	30.5	43	42	59	75.5	46	71	39.5	52	37.5	37	
4.5	14.5	42.5	27.5	71.5	74.5	0	16.5	43.5	40.5	88	97.5	50	73	32	52.5	8	64.5	30.5	55	49.5	48	30.5	26.5	68	95	54.5	61	20.5	66.5	44.5	88.5	35	86	32	32.5	87.5	100	25.5	28.5	80.5	68	16	79	28.5	44.5	84.5	23.5	10.5	69.5	51.5	77.5	58	60.5	61	65.5	86.5	71.5	18.5	66.5	29.5	23.5	45.5	65.5	73.5	40	43	83	51.5	59.5	79	89.5	52.5	92	25.5	63	7.5	78	13	36	29.5	50.5	76	42	70	44.5	29.5	53	19	53	79	41.5	42.5	25.5	1	38.5	13.5	70	32.5	82	47.5	
17	27	30	15	59	62	16.5	0	31	28	75.5	85	37.5	60.5	19.5	40	10.5	52	14	42.5	37	35.5	18	24	55.5	82.5	42	48.5	18	54	32	76	22.5	73.5	19.5	45	75	87.5	9	26	68	55.5	32.5	66.5	12	32	72	21	18	57	39	65	45.5	48	48.5	53	74	59	31	54	37	7	33	53	61	27.5	30.5	70.5	39	47	66.5	77	40	79.5	38	50.5	20	65.5	5.5	23.5	17	38	63.5	29.5	57.5	32	42	40.5	11.5	40.5	66.5	29	30	23	17.5	22	21	57.5	40	69.5	35	
44	54	27	32	44	41	43.5	31	0	45	52.5	58	29.5	47.5	31.5	33	37.5	39	45	30.5	24	37.5	15	51	42.5	65.5	29	35.5	45	39	41	63	24.5	54.5	41.5	58	62	60.5	40	53	55	42.5	59.5	53.5	43	29	59	48	45	44	34	52	27.5	35	35.5	30	47	46	58	41	56	38	2	40	48	45.5	22.5	57.5	26	34	51.5	56	27	58.5	65	37.5	47	52.5	32.5	35.5	24	35	50.5	41.5	44.5	1	61	28.5	38.5	27.5	53.5	2	37	50	44.5	47	48	44.5	53	56.5	4	
41	49	36	13	47	44	40.5	28	45	0	55.5	61	33.5	74.5	31.5	16	34.5	54	28	18.5	51	25.5	32	32	69.5	68.5	56	42.5	38	42	4	70	36.5	57.5	26.5	31	71	63.5	33	30	58	69.5	38.5	74.5	30	34	74	35	42	69	17	61	25.5	62	62.5	33	50	73	45	68	29	35	43	43	65	18.5	40.5	80.5	47	61	54.5	59	46	61.5	38	64.5	44	79.5	29.5	27.5	31	28	77.5	21.5	53.5	44	34	16.5	35.5	40.5	64.5	43	26	33	41.5	20	45	71.5	26	71.5	41	
88.5	86.5	53.5	68.5	24.5	21.5	88	75.5	52.5	55.5	0	13.5	46	33	64	43.5	82	31.5	65.5	41	46.5	48	59.5	69.5	20	21	41.5	35	75.5	29.5	51.5	22.5	61	2	64	68.5	23.5	16	70.5	67.5	15.5	32	76	27	67.5	51.5	26.5	72.5	85.5	26.5	44.5	18.5	38	29.5	35	30.5	7.5	35.5	82.5	29.5	66.5	72.5	50.5	30.5	22.5	56	53	33	44.5	36.5	17	11.5	43.5	14	75.5	25	91.5	38	77	60	66.5	45.5	40	54	26	51.5	71.5	39	77	43	9	54.5	53.5	70.5	89	57.5	82.5	18	63.5	24	48.5	
98	92	59	74	30	27	97.5	85	58	61	13.5	0	51.5	28.5	69.5	49	91.5	37	71	46.5	52	53.5	69	75	33.5	11.5	47	40.5	81	35	57	9	66.5	15.5	69.5	74	10	6.5	76	73	21	31.5	81.5	22.5	73	57	13	78	91	32	50	24	43.5	39	40.5	36	13	26	88	35	72	78	56	36	28	61.5	58.5	23.5	50	42	22.5	12	49	9.5	81	36.5	99	28.5	86.5	65.5	72	51	30.5	59.5	31.5	57	77	44.5	82.5	48.5	22.5	60	59	76	96.5	63	88	31.5	69	19.5	54	
50.5	60.5	31.5	38.5	37.5	34.5	50	37.5	29.5	33.5	46	51.5	0	59	38	21.5	44	44.5	43.5	19	35.5	26	21.5	47.5	54	59	40.5	33	51.5	32.5	29.5	60.5	31	48	42	46.5	61.5	54	46.5	45.5	48.5	54	54	65	45.5	29.5	64.5	50.5	51.5	55.5	22.5	51.5	8	46.5	47	23.5	40.5	57.5	60.5	52.5	44.5	44.5	31.5	33.5	55.5	34	7	69	37.5	45.5	45	49.5	36.5	52	53.5	49	53.5	64	39	38	30.5	23.5	62	32	44	30.5	49.5	17	45	31	55	27.5	31.5	48.5	51	35.5	54.5	56	41.5	62	31.5	
73.5	83.5	56.5	61.5	45.5	46.5	73	60.5	47.5	74.5	33	28.5	59	0	61	68.5	67	38.5	74.5	66	33.5	67	44.5	80.5	17	34	28.5	50	74.5	50.5	76.5	27.5	54	35	71	93.5	26.5	31	69.5	82.5	34.5	5	89	6	72.5	58.5	23.5	77.5	74.5	23.5	69.5	31.5	63	14.5	30	55.5	32.5	10.5	87.5	20.5	91.5	67.5	49.5	49.5	27.5	79	52	22	45.5	23.5	38	31.5	46.5	19	94.5	12	76.5	17	62	65	53.5	64.5	15	71	39	48.5	96.5	64	68	52	28	45.5	66.5	79.5	74	82.5	77.5	19	88.5	9	51.5	
32.5	42.5	30.5	20.5	55.5	52.5	32	19.5	31.5	31.5	64	69.5	38	61	0	24.5	26	52.5	33.5	27	37.5	34	18.5	39.5	56	77	42.5	49	33.5	50.5	27.5	76.5	23	66	30	44.5	75.5	72	28.5	41.5	66.5	56	48	67	31.5	32.5	72.5	36.5	33.5	57.5	25.5	65.5	34	48.5	49	41.5	58.5	59.5	46.5	54.5	42.5	26.5	33.5	51.5	61.5	32	31	71	39.5	47.5	63	67.5	40.5	70	51.5	51	35.5	66	21	4	17.5	36.5	64	10	58	32.5	47.5	25	27	41	67	29.5	30.5	38.5	33	33.5	36.5	58	39.5	70	35.5	
53	47	24	29	35	32	52.5	40	33	16	43.5	49	21.5	68.5	24.5	0	46.5	42	26	6.5	47	13.5	34	30	63.5	56.5	52	30.5	36	30	12	58	26.5	45.5	24.5	29	59	51.5	31	28	46	71.5	36.5	62.5	28	22	62	33	46	57	1	49	13.5	64	50.5	21	38	75	43	60	27	33	31	31	53	16.5	28.5	68.5	35	57	42.5	47	34	49.5	36	66.5	54	73.5	41.5	20.5	23	16	75.5	14.5	41.5	32	32	4.5	37.5	28.5	52.5	35	10	31	51.5	18	43	61.5	24	59.5	29	
8.5	18.5	36.5	21.5	65.5	68.5	8	10.5	37.5	34.5	82	91.5	44	67	26	46.5	0	58.5	24.5	49	43.5	42	24.5	20.5	62	89	48.5	55	14.5	60.5	38.5	82.5	29	80	26	36.5	81.5	94	19.5	22.5	74.5	62	24	73	22.5	38.5	78.5	17.5	9.5	63.5	45.5	71.5	52	54.5	55	59.5	82.5	65.5	22.5	60.5	28.5	17.5	39.5	59.5	67.5	34	37	77	45.5	53.5	73	83.5	46.5	86	29.5	57	11.5	72	7	30	23.5	44.5	70	36	64	38.5	33.5	49	13	47	73	35.5	36.5	19.5	9	32.5	12.5	64	31.5	76	41.5	
65	75	48	53	7	10	64.5	52	39	54	31.5	37	44.5	38.5	52.5	42	58.5	0	64	39.5	25	46.5	36	68	33.5	44.5	10	33.5	66	28	50	46	45.5	33.5	62.5	67	47	39.5	61	66	34	33.5	74.5	44.5	64	50	50	69	66	35	43	37	36.5	26	26.5	29	26	37	79	32	65	59	41	29	39	54.5	43.5	48.5	37	25	30.5	35	38	37.5	74	28.5	68	43.5	53.5	56.5	45	44	41.5	52.5	29.5	40	70	37.5	59.5	41.5	40.5	37	52	69	65.5	56	69	35.5	62	47.5	43	
31	41	44	29	57	54	30.5	14	45	28	65.5	71	43.5	74.5	33.5	26	24.5	64	0	28.5	51	35.5	32	32	69.5	78.5	56	52.5	32	52	24	80	36.5	67.5	31.5	31	81	73.5	5	30	68	69.5	38.5	80.5	2	44	84	35	32	71	27	71	35.5	62	62.5	43	60	73	45	68	29	7	47	53	75	23.5	44.5	84.5	53	61	64.5	69	54	71.5	38	64.5	34	79.5	19.5	37.5	31	38	77.5	31.5	63.5	46	34	26.5	25.5	50.5	74.5	43	36	33	31.5	8	35	71.5	26	81.5	49	
55.5	49.5	21.5	31.5	32.5	29.5	55	42.5	30.5	18.5	41	46.5	19	66	27	6.5	49	39.5	28.5	0	44.5	7	31.5	32.5	61	54	49.5	28	38.5	27.5	14.5	55.5	20	43	27	31.5	56.5	49	33.5	30.5	43.5	69	39	60	30.5	19.5	59.5	35.5	48.5	54.5	7.5	46.5	11	61.5	48	18.5	35.5	72.5	45.5	57.5	29.5	35.5	28.5	28.5	50.5	19	26	66	32.5	54.5	40	44.5	31.5	47	38.5	64	56.5	71	44	23	29.5	13.5	73	17	39	29.5	34.5	2	40	26	50	32.5	16.5	33.5	54	20.5	45.5	59	26.5	57	26.5	
50	60	33	38	32	35	49.5	37	24	51	46.5	52	35.5	33.5	37.5	47	43.5	25	51	44.5	0	43.5	21	57	28.5	55.5	15	26.5	51	17	55	49	30.5	46.5	47.5	72	48	54.5	46	59	41	28.5	65.5	39.5	49	35	45	54	51	30	48	38	41.5	21	21.5	34	41	32	64	27	70	44	26	16	34	55.5	28.5	43.5	22	20	39.5	50	23	52.5	71	23.5	53	38.5	38.5	41.5	30	41	36.5	47.5	30.5	25	75	42.5	44.5	28.5	39.5	22	43	56	50.5	59	54	30.5	67	42.5	28	
48.5	56.5	28.5	36.5	39.5	36.5	48	35.5	37.5	25.5	48	53.5	26	67	34	13.5	42	46.5	35.5	7	43.5	0	24.5	39.5	62	61	48.5	35	45.5	34.5	21.5	62.5	13	50	34	38.5	63.5	56	40.5	37.5	50.5	62	46	67	37.5	26.5	66.5	42.5	49.5	61.5	14.5	53.5	18	54.5	55	25.5	42.5	65.5	52.5	60.5	36.5	42.5	35.5	35.5	57.5	26	33	73	39.5	53.5	47	51.5	38.5	54	45.5	57	51.5	72	37	30	28.5	20.5	70	24	46	36.5	41.5	9	43	33	57	35.5	23.5	40.5	49	27.5	52.5	64	33.5	64	33.5	
31	41	12	19	43	46	30.5	18	15	32	59.5	69	21.5	44.5	18.5	34	24.5	36	32	31.5	21	24.5	0	38	39.5	66.5	26	32.5	32	38	36	60	11.5	57.5	28.5	59	59	71.5	27	40	52	39.5	46.5	50.5	30	14	56	35	32	41	33	49	29.5	32	32.5	37	60	43	45	38	51	25	17	37	45	36.5	14.5	54.5	23	31	50.5	61	24	63.5	52	34.5	34	49.5	19.5	22.5	11	20	47.5	28.5	41.5	16	56	31.5	25.5	24.5	50.5	13	24	37	31.5	40	35	41.5	54	53.5	19	
27	37	50	35	61	58	26.5	24	51	32	69.5	75	47.5	80.5	39.5	30	20.5	68	32	32.5	57	39.5	38	0	75.5	82.5	62	56.5	6	56	28	84	42.5	71.5	35.5	25	85	77.5	33	2	72	75.5	32.5	86.5	34	48	88	3	28	77	31	75	39.5	68	68.5	47	64	79	39	74	23	31	53	57	79	27.5	50.5	90.5	59	67	68.5	73	60	75.5	32	70.5	30	85.5	20.5	41.5	37	42	83.5	35.5	67.5	52	28	30.5	26.5	54.5	78.5	49	40	1	27.5	24	31	77.5	20	85.5	55	
68.5	78.5	51.5	56.5	40.5	41.5	68	55.5	42.5	69.5	20	33.5	54	17	56	63.5	62	33.5	69.5	61	28.5	62	39.5	75.5	0	39	23.5	45	69.5	45.5	71.5	32.5	49	18	66	88.5	31.5	36	64.5	77.5	29.5	12	84	23	67.5	53.5	28.5	72.5	69.5	18.5	64.5	26.5	58	9.5	25	50.5	27.5	15.5	82.5	15.5	86.5	62.5	44.5	44.5	22.5	74	47	27	40.5	18.5	33	31.5	41.5	34	89.5	5	71.5	22	57	60	48.5	59.5	20	66	34	43.5	91.5	59	63	47	11	40.5	61.5	74.5	69	77.5	72.5	2	83.5	26	46.5	
95.5	99.5	66.5	81.5	37.5	34.5	95	82.5	65.5	68.5	21	11.5	59	34	77	56.5	89	44.5	78.5	54	55.5	61	66.5	82.5	39	0	50.5	48	88.5	42.5	64.5	20.5	74	23	77	81.5	21.5	5	83.5	80.5	28.5	29	89	30	80.5	64.5	24.5	85.5	96.5	39.5	57.5	31.5	51	36.5	48	43.5	20.5	27.5	95.5	42.5	79.5	85.5	63.5	43.5	35.5	69	66	12	57.5	45.5	30	19.5	56.5	17	88.5	34	98.5	17	84	73	75.5	58.5	19	67	39	64.5	84.5	52	90	56	30	67.5	66.5	83.5	96	70.5	95.5	39	76.5	27	61.5	
55	65	38	43	17	20	54.5	42	29	56	41.5	47	40.5	28.5	42.5	52	48.5	10	56	49.5	15	48.5	26	62	23.5	50.5	0	31.5	56	32	60	44	35.5	41.5	52.5	77	43	49.5	51	64	36	23.5	70.5	34.5	54	40	40	59	56	25	53	33	46.5	16	16.5	39	36	27	69	22	75	49	31	31	29	60.5	33.5	38.5	27	15	34.5	45	28	47.5	76	18.5	58	33.5	43.5	46.5	35	46	31.5	52.5	25.5	30	80	47.5	49.5	33.5	34.5	27	48	61	55.5	64	59	25.5	72	37.5	33	
61.5	71.5	40.5	49.5	26.5	23.5	61	48.5	35.5	42.5	35	40.5	33	50	49	30.5	55	33.5	52.5	28	26.5	35	32.5	56.5	45	48	31.5	0	62.5	21.5	38.5	49.5	42	37	51	55.5	50.5	43	57.5	54.5	37.5	45	63	54	54.5	38.5	53.5	59.5	62.5	46.5	31.5	40.5	25	37.5	38	17.5	29.5	48.5	69.5	43.5	53.5	55.5	37.5	22.5	44.5	43	40	60	31.5	36.5	34	38.5	30.5	41	62.5	40	64.5	55	50	47	41.5	32.5	53	41	33	36.5	58.5	26	56	30	44	33.5	40.5	57.5	62	44.5	65.5	47	50.5	51	35.5	
21	31	44	29	67	64	20.5	18	45	38	75.5	81	51.5	74.5	33.5	36	14.5	66	32	38.5	51	45.5	32	6	69.5	88.5	56	62.5	0	62	34	90	36.5	77.5	33.5	31	89	83.5	27	8	78	69.5	36.5	80.5	30	46	86	3	22	71	37	79	45.5	62	62.5	53	70	73	35	68	29	25	47	63	75	33.5	44.5	84.5	53	61	74.5	79	54	81.5	38	64.5	24	79.5	14.5	37.5	31	48	77.5	41.5	71.5	46	34	36.5	20.5	54.5	80.5	43	44	5	21.5	30	25	71.5	26	83.5	49	
67	73	40	55	21	18	66.5	54	39	42	29.5	35	32.5	50.5	50.5	30	60.5	28	52	27.5	17	34.5	38	56	45.5	42.5	32	21.5	62	0	38	44	47.5	31.5	50.5	55	45	37.5	57	54	32	45.5	62.5	48.5	54	38	48	59	68	43	31	35	24.5	38	36.5	17	24	49	69	44	53	59	37	1	39	42.5	39.5	54.5	31	37	28.5	33	30	35.5	62	40.5	70	55.5	55.5	46.5	47	32	53.5	40.5	27.5	38	58	25.5	61.5	29.5	38.5	39	40	57	67.5	44	69	47.5	50	45.5	35	
45	45	32	17	43	40	44.5	32	41	4	51.5	57	29.5	76.5	27.5	12	38.5	50	24	14.5	55	21.5	36	28	71.5	64.5	60	38.5	34	38	0	66	34.5	53.5	22.5	27	67	59.5	29	26	54	73.5	34.5	70.5	26	30	70	31	44	65	13	57	21.5	66	58.5	29	46	77	41	68	25	31	39	39	61	14.5	36.5	76.5	43	65	50.5	55	42	57.5	34	68.5	48	81.5	33.5	23.5	35	24	81.5	17.5	49.5	40	30	12.5	35.5	36.5	60.5	43	22	29	45.5	16	41	69.5	22	67.5	37	
89	99	68	77	39	36	88.5	76	63	70	22.5	9	60.5	27.5	76.5	58	82.5	46	80	55.5	49	62.5	60	84	32.5	20.5	44	49.5	90	44	66	0	69.5	24.5	78.5	83	1	15.5	85	82	30	22.5	90.5	31.5	82	66	4	87	90	39	59	33	52.5	30	45.5	45	22	17	97	36	81	83	65	45	37	70.5	67.5	32.5	59	39	31.5	21	58	18.5	90	27.5	92	27.5	77.5	74.5	69	60	25.5	68.5	40.5	64	86	53.5	83.5	57.5	31.5	61	68	85	89.5	72	93	34.5	78	28.5	63	
35.5	45.5	23.5	23.5	52.5	49.5	35	22.5	24.5	36.5	61	66.5	31	54	23	26.5	29	45.5	36.5	20	30.5	13	11.5	42.5	49	74	35.5	42	36.5	47.5	34.5	69.5	0	63	33	51.5	68.5	69	31.5	44.5	61.5	49	51	60	34.5	25.5	65.5	39.5	36.5	50.5	27.5	58.5	31	41.5	42	38.5	55.5	52.5	49.5	47.5	49.5	29.5	26.5	46.5	54.5	39	24	64	32.5	40.5	60	64.5	33.5	67	56.5	44	38.5	59	24	27	15.5	31.5	57	33	51	25.5	54.5	22	30	34	60	22.5	28.5	41.5	36	40.5	39.5	51	46.5	63	28.5	
86.5	88.5	55.5	70.5	26.5	23.5	86	73.5	54.5	57.5	2	15.5	48	35	66	45.5	80	33.5	67.5	43	46.5	50	57.5	71.5	18	23	41.5	37	77.5	31.5	53.5	24.5	63	0	66	70.5	25.5	18	72.5	69.5	17.5	30	78	29	69.5	53.5	28.5	74.5	87.5	28.5	46.5	20.5	40	27.5	37	32.5	9.5	33.5	84.5	31.5	68.5	74.5	52.5	32.5	24.5	58	55	35	46.5	36.5	19	13.5	45.5	16	77.5	23	89.5	40	75	62	66.5	47.5	38	56	28	53.5	73.5	41	79	45	7	56.5	55.5	72.5	87	59.5	84.5	16	65.5	26	50.5	
32.5	42.5	40.5	25.5	55.5	52.5	32	19.5	41.5	26.5	64	69.5	42	71	30	24.5	26	62.5	31.5	27	47.5	34	28.5	35.5	66	77	52.5	51	33.5	50.5	22.5	78.5	33	66	0	34.5	79.5	72	28.5	33.5	66.5	66	42	77	31.5	42.5	82.5	36.5	33.5	67.5	25.5	69.5	34	58.5	59	41.5	58.5	69.5	46.5	64.5	32.5	26.5	43.5	51.5	71.5	8	41	81	49.5	57.5	63	67.5	50.5	70	41.5	61	35.5	76	21	34	27.5	36.5	74	30	62	42.5	37.5	25	27	49	73	39.5	34.5	36.5	33	23.5	36.5	68	29.5	80	45.5	
28	18	49	44	60	57	32.5	45	58	31	68.5	74	46.5	93.5	44.5	29	36.5	67	31	31.5	72	38.5	59	25	88.5	81.5	77	55.5	31	55	27	83	51.5	70.5	34.5	0	84	76.5	36	23	71	96.5	16.5	87.5	33	47	87	28	31	82	30	74	38.5	89	75.5	46	63	100	14	85	12	38	56	56	78	26.5	53.5	93.5	60	82	67.5	72	59	74.5	7	91.5	25	98.5	41.5	40.5	52	41	100.5	34.5	66.5	57	3	29.5	37.5	53.5	77.5	60	39	26	31.5	23	28	86.5	9	84.5	54	
88	98	69	76	40	37	87.5	75	62	71	23.5	10	61.5	26.5	75.5	59	81.5	47	81	56.5	48	63.5	59	85	31.5	21.5	43	50.5	89	45	67	1	68.5	25.5	79.5	84	0	16.5	84	83	31	21.5	91.5	32.5	83	67	3	88	89	38	60	34	53.5	29	44.5	46	23	16	98	35	82	82	64	46	38	71.5	66.5	31.5	60	38	32.5	22	59	19.5	91	26.5	91	26.5	76.5	75.5	68	61	24.5	69.5	41.5	63	87	54.5	82.5	58.5	32.5	60	69	86	88.5	73	92	33.5	79	29.5	64	
100.5	94.5	61.5	76.5	32.5	29.5	100	87.5	60.5	63.5	16	6.5	54	31	72	51.5	94	39.5	73.5	49	54.5	56	71.5	77.5	36	5	49.5	43	83.5	37.5	59.5	15.5	69	18	72	76.5	16.5	0	78.5	75.5	23.5	34	84	25	75.5	59.5	19.5	80.5	93.5	34.5	52.5	26.5	46	41.5	43	38.5	15.5	32.5	90.5	37.5	74.5	80.5	58.5	38.5	30.5	64	61	17	52.5	44.5	25	14.5	51.5	12	83.5	39	101.5	22	89	68	74.5	53.5	24	62	34	59.5	79.5	47	85	51	25	62.5	61.5	78.5	99	65.5	90.5	34	71.5	22	56.5	
26	36	39	24	62	59	25.5	9	40	33	70.5	76	46.5	69.5	28.5	31	19.5	61	5	33.5	46	40.5	27	33	64.5	83.5	51	57.5	27	57	29	85	31.5	72.5	28.5	36	84	78.5	0	35	73	64.5	41.5	75.5	3	41	81	30	27	66	32	74	40.5	57	57.5	48	65	68	40	63	34	2	42	58	70	28.5	39.5	79.5	48	56	69.5	74	49	76.5	43	59.5	29	74.5	14.5	32.5	26	43	72.5	36.5	66.5	41	39	31.5	20.5	49.5	75.5	38	39	32	26.5	13	30	66.5	31	78.5	44	
29	39	48	37	59	56	28.5	26	53	30	67.5	73	45.5	82.5	41.5	28	22.5	66	30	30.5	59	37.5	40	2	77.5	80.5	64	54.5	8	54	26	82	44.5	69.5	33.5	23	83	75.5	35	0	70	77.5	30.5	86.5	32	46	86	5	30	79	29	73	37.5	70	70.5	45	62	81	37	76	21	33	55	55	77	25.5	52.5	92.5	59	69	66.5	71	58	73.5	30	72.5	32	87.5	22.5	39.5	39	40	85.5	33.5	65.5	54	26	28.5	28.5	52.5	76.5	51	38	3	29.5	22	33	79.5	18	83.5	53	
81	89	56	69	27	24	80.5	68	55	58	15.5	21	48.5	34.5	66.5	46	74.5	34	68	43.5	41	50.5	52	72	29.5	28.5	36	37.5	78	32	54	30	61.5	17.5	66.5	71	31	23.5	73	70	0	29.5	78.5	34.5	70	54	34	75	82	11	47	3	40.5	20	37.5	33	8	33	85	14	69	75	53	33	7	58.5	55.5	40.5	47	31	19.5	19	46	21.5	78	24.5	84	39.5	69.5	62.5	61	48	37.5	56.5	28.5	54	74	41.5	75.5	45.5	24.5	53	56	73	81.5	60	85	31.5	66	31.5	51	
68.5	78.5	51.5	56.5	40.5	43.5	68	55.5	42.5	69.5	32	31.5	54	5	56	71.5	62	33.5	69.5	69	28.5	62	39.5	75.5	12	29	23.5	45	69.5	45.5	73.5	22.5	49	30	66	96.5	21.5	34	64.5	77.5	29.5	0	84	11	67.5	53.5	18.5	72.5	69.5	18.5	70.5	26.5	62	9.5	25	54.5	37.5	5.5	82.5	15.5	88.5	62.5	44.5	44.5	22.5	74	47	17	40.5	18.5	33	28.5	41.5	24	89.5	7	71.5	12	57	60	48.5	59.5	10	66	34	43.5	93.5	69	63	47	23	40.5	61.5	74.5	69	77.5	72.5	14	91.5	14	46.5	
20.5	30.5	56.5	43.5	67.5	64.5	16	32.5	59.5	38.5	76	81.5	54	89	48	36.5	24	74.5	38.5	39	65.5	46	46.5	32.5	84	89	70.5	63	36.5	62.5	34.5	90.5	51	78	42	16.5	91.5	84	41.5	30.5	78.5	84	0	95	40.5	54.5	94.5	35.5	26.5	85.5	37.5	81.5	46	76.5	77	53.5	70.5	87.5	30.5	82.5	19.5	39.5	61.5	63.5	85.5	34	59	99	67.5	75.5	75	79.5	66.5	82	23.5	79	23.5	94	29	48	45.5	48.5	92	42	74	60.5	19.5	37	35	61	85	57.5	46.5	33.5	15	30.5	29.5	86	16.5	92	61.5	
79.5	89.5	62.5	67.5	43.5	40.5	79	66.5	53.5	74.5	27	22.5	65	6	67	62.5	73	44.5	80.5	60	39.5	67	50.5	86.5	23	30	34.5	54	80.5	48.5	70.5	31.5	60	29	77	87.5	32.5	25	75.5	86.5	34.5	11	95	0	78.5	64.5	29.5	83.5	80.5	29.5	63.5	37.5	57	20.5	36	49.5	26.5	16.5	93.5	26.5	85.5	73.5	55.5	49.5	33.5	75	58	28	51.5	29.5	36	25.5	52.5	13	94.5	18	82.5	23	68	71	59.5	64.5	21	73	45	54.5	90.5	58	74	58	34	51.5	72.5	85.5	80	76.5	83.5	25	82.5	3	57.5	
29	39	42	27	59	56	28.5	12	43	30	67.5	73	45.5	72.5	31.5	28	22.5	64	2	30.5	49	37.5	30	34	67.5	80.5	54	54.5	30	54	26	82	34.5	69.5	31.5	33	83	75.5	3	32	70	67.5	40.5	78.5	0	44	84	33	30	69	29	73	37.5	60	60.5	45	62	71	43	66	31	5	45	55	73	25.5	42.5	82.5	51	59	66.5	71	52	73.5	40	62.5	32	77.5	17.5	35.5	29	40	75.5	33.5	65.5	44	36	28.5	23.5	52.5	76.5	41	38	35	29.5	10	33	69.5	28	81.5	47	
45	55	2	33	43	40	44.5	32	29	34	51.5	57	29.5	58.5	32.5	22	38.5	50	44	19.5	35	26.5	14	48	53.5	64.5	40	38.5	46	38	30	66	25.5	53.5	42.5	47	67	59.5	41	46	54	53.5	54.5	64.5	44	0	70	49	46	55	23	57	21.5	46	46.5	29	46	57	59	52	45	39	31	39	59	34.5	28.5	68.5	37	45	50.5	55	38	57.5	54	48.5	48	63.5	33.5	36.5	25	6	61.5	32.5	49.5	30	50	17.5	39.5	36.5	60.5	27	32	49	45.5	36	49	55.5	42	67.5	33	
85	95	68	73	43	40	84.5	72	59	74	26.5	13	64.5	23.5	72.5	62	78.5	50	84	59.5	45	66.5	56	88	28.5	24.5	40	53.5	86	48	70	4	65.5	28.5	82.5	87	3	19.5	81	86	34	18.5	94.5	29.5	84	70	0	89	86	35	63	37	56.5	26	41.5	49	26	13	99	32	85	79	61	49	39	74.5	63.5	28.5	57	35	35.5	25	58	22.5	94	23.5	88	23.5	73.5	76.5	65	64	21.5	72.5	44.5	60	90	57.5	79.5	61.5	35.5	57	72	89	85.5	76	89	30.5	82	32.5	63	
24	34	47	32	64	61	23.5	21	48	35	72.5	78	50.5	77.5	36.5	33	17.5	69	35	35.5	54	42.5	35	3	72.5	85.5	59	59.5	3	59	31	87	39.5	74.5	36.5	28	88	80.5	30	5	75	72.5	35.5	83.5	33	49	89	0	25	74	34	78	42.5	65	65.5	50	67	76	38	71	26	28	50	60	78	30.5	47.5	87.5	56	64	71.5	76	57	78.5	35	67.5	27	82.5	17.5	40.5	34	45	80.5	38.5	70.5	49	31	33.5	23.5	57.5	81.5	46	43	2	24.5	27	28	74.5	23	86.5	52	
11	21	44	29	73	74	10.5	18	45	42	85.5	91	51.5	74.5	33.5	46	9.5	66	32	48.5	51	49.5	32	28	69.5	96.5	56	62.5	22	68	44	90	36.5	87.5	33.5	31	89	93.5	27	30	82	69.5	26.5	80.5	30	46	86	25	0	71	47	79	55.5	62	62.5	63	80	73	25	68	19	25	47	67	75	41.5	44.5	84.5	53	61	80.5	89	54	91.5	32	64.5	14	79.5	14.5	37.5	31	52	77.5	43.5	71.5	46	34	46.5	20.5	54.5	80.5	43	44	27	11.5	40	3	71.5	22	83.5	49	
70	80	53	58	38	35	69.5	57	44	69	26.5	32	55.5	23.5	57.5	57	63.5	35	71	54.5	30	61.5	41	77	18.5	39.5	25	46.5	71	43	65	39	50.5	28.5	67.5	82	38	34.5	66	79	11	18.5	85.5	29.5	69	55	35	74	71	0	58	8	51.5	9	26.5	44	19	22	84	3	80	64	46	44	4	69.5	48.5	33.5	42	20	30.5	30	43	32.5	89	13.5	73	28.5	58.5	61.5	50	59	26.5	67.5	35.5	45	85	52.5	64.5	48.5	29.5	42	63	76	70.5	71	74	20.5	77	32.5	48	
52	48	25	30	36	33	51.5	39	34	17	44.5	50	22.5	69.5	25.5	1	45.5	43	27	7.5	48	14.5	33	31	64.5	57.5	53	31.5	37	31	13	59	27.5	46.5	25.5	30	60	52.5	32	29	47	70.5	37.5	63.5	29	23	63	34	47	58	0	50	14.5	63	51.5	22	39	74	44	61	28	34	32	32	54	17.5	29.5	69.5	36	58	43.5	48	35	50.5	37	65.5	55	74.5	40.5	21.5	22	17	76.5	15.5	42.5	33	33	5.5	38.5	29.5	53.5	36	9	32	52.5	19	44	62.5	25	60.5	30	
78	88	59	66	30	27	77.5	65	52	61	18.5	24	51.5	31.5	65.5	49	71.5	37	71	46.5	38	53.5	49	75	26.5	31.5	33	40.5	79	35	57	33	58.5	20.5	69.5	74	34	26.5	74	73	3	26.5	81.5	37.5	73	57	37	78	79	8	50	0	43.5	17	34.5	36	11	30	88	11	72	72	54	36	4	61.5	56.5	41.5	50	28	22.5	22	49	24.5	81	21.5	81	36.5	66.5	65.5	58	51	34.5	59.5	31.5	53	77	44.5	72.5	48.5	27.5	50	59	76	78.5	63	82	28.5	69	34.5	54	
58.5	56.5	23.5	38.5	29.5	26.5	58	45.5	27.5	25.5	38	43.5	8	63	34	13.5	52	36.5	35.5	11	41.5	18	29.5	39.5	58	51	46.5	25	45.5	24.5	21.5	52.5	31	40	34	38.5	53.5	46	40.5	37.5	40.5	62	46	57	37.5	21.5	56.5	42.5	55.5	51.5	14.5	43.5	0	54.5	45	15.5	32.5	65.5	52.5	54.5	36.5	42.5	25.5	25.5	47.5	26	15	63	29.5	51.5	37	41.5	28.5	44	45.5	57	61.5	68	47	30	36.5	15.5	70	24	36	26.5	41.5	9	47	23	47	29.5	23.5	40.5	59	27.5	52.5	56	33.5	54	23.5	
61	71	44	49	33	36	60.5	48	35	62	29.5	39	46.5	14.5	48.5	64	54.5	26	62	61.5	21	54.5	32	68	9.5	36.5	16	37.5	62	38	66	30	41.5	27.5	58.5	89	29	41.5	57	70	20	9.5	76.5	20.5	60	46	26	65	62	9	63	17	54.5	0	17.5	47	28	13	75	6	81	55	37	37	13	66.5	39.5	24.5	33	11	25.5	31	34	33.5	82	4.5	64	19.5	49.5	52.5	41	52	17.5	58.5	26.5	36	86	61.5	55.5	39.5	20.5	33	54	67	61.5	70	65	11.5	84	23.5	39	
61.5	71.5	44.5	49.5	31.5	28.5	61	48.5	35.5	62.5	35	40.5	47	30	49	50.5	55	26.5	62.5	48	21.5	55	32.5	68.5	25	48	16.5	38	62.5	36.5	58.5	45.5	42	37	59	75.5	44.5	43	57.5	70.5	37.5	25	77	36	60.5	46.5	41.5	65.5	62.5	26.5	51.5	34.5	45	17.5	0	37.5	29.5	28.5	75.5	23.5	73.5	55.5	37.5	37.5	30.5	63	40	40	33.5	16.5	34	38.5	34.5	41	82.5	20	64.5	35	50	53	41.5	52.5	33	59	9	36.5	78.5	46	56	40	36	33.5	54.5	67.5	62	64.5	65.5	27	70.5	39	39.5	
66	64	31	46	22	19	65.5	53	30	33	30.5	36	23.5	55.5	41.5	21	59.5	29	43	18.5	34	25.5	37	47	50.5	43.5	39	17.5	53	17	29	45	38.5	32.5	41.5	46	46	38.5	48	45	33	54.5	53.5	49.5	45	29	49	50	63	44	22	36	15.5	47	37.5	0	25	58	60	47	44	50	28	18	40	33.5	30.5	55.5	14	44	29.5	34	13	36.5	53	49.5	69	60.5	54.5	37.5	44	23	62.5	31.5	28.5	29	49	16.5	54.5	20.5	39.5	32	31	48	66.5	35	60	48.5	41	46.5	26	
89	81	48	63	19	16	86.5	74	47	50	7.5	13	40.5	32.5	58.5	38	82.5	26	60	35.5	41	42.5	60	64	27.5	20.5	36	29.5	70	24	46	22	55.5	9.5	58.5	63	23	15.5	65	62	8	37.5	70.5	26.5	62	46	26	67	80	19	39	11	32.5	28	29.5	25	0	39	77	22	61	67	45	25	15	50.5	47.5	32.5	39	31	11.5	11	38	13.5	70	32.5	88	37.5	77.5	54.5	61	40	39.5	48.5	20.5	46	66	33.5	71.5	37.5	16.5	49	48	65	85.5	52	77	25.5	58	23.5	43	
72	82	55	60	44	47	71.5	59	46	73	35.5	26	57.5	10.5	59.5	75	65.5	37	73	72.5	32	65.5	43	79	15.5	27.5	27	48.5	73	49	77	17	52.5	33.5	69.5	100	16	32.5	68	81	33	5.5	87.5	16.5	71	57	13	76	73	22	74	30	65.5	13	28.5	58	39	0	86	19	92	66	48	48	26	77.5	50.5	15.5	44	22	36.5	32	45	29.5	93	10.5	75	10.5	60.5	63.5	52	63	8.5	69.5	37.5	47	97	70.5	66.5	50.5	26.5	44	65	78	72.5	81	76	17.5	95	19.5	50	
14	4	57	42	74	71	18.5	31	58	45	82.5	88	60.5	87.5	46.5	43	22.5	79	45	45.5	64	52.5	45	39	82.5	95.5	69	69.5	35	69	41	97	49.5	84.5	46.5	14	98	90.5	40	37	85	82.5	30.5	93.5	43	59	99	38	25	84	44	88	52.5	75	75.5	60	77	86	0	81	26	38	60	70	88	40.5	57.5	97.5	66	74	81.5	86	67	88.5	7	77.5	11	92.5	27.5	50.5	44	55	90.5	48.5	80.5	59	11	43.5	33.5	67.5	91.5	56	53	40	19.5	37	28	84.5	23	96.5	62	
67	77	50	55	39	38	66.5	54	41	68	29.5	35	52.5	20.5	54.5	60	60.5	32	68	57.5	27	60.5	38	74	15.5	42.5	22	43.5	68	44	68	36	47.5	31.5	64.5	85	35	37.5	63	76	14	15.5	82.5	26.5	66	52	32	71	68	3	61	11	54.5	6	23.5	47	22	19	81	0	83	61	43	43	7	72.5	45.5	30.5	39	17	31.5	33	40	35.5	88	10.5	70	25.5	55.5	58.5	47	58	23.5	64.5	32.5	42	88	55.5	61.5	45.5	26.5	39	60	73	67.5	74	71	17.5	80	29.5	45	
30	30	47	42	58	55	29.5	37	56	29	66.5	72	44.5	91.5	42.5	27	28.5	65	29	29.5	70	36.5	51	23	86.5	79.5	75	53.5	29	53	25	81	49.5	68.5	32.5	12	82	74.5	34	21	69	88.5	19.5	85.5	31	45	85	26	19	80	28	72	36.5	81	73.5	44	61	92	26	83	0	36	54	54	76	24.5	51.5	91.5	58	80	65.5	70	57	72.5	19	83.5	33	96.5	33.5	38.5	50	39	96.5	32.5	64.5	55	15	27.5	35.5	51.5	75.5	58	37	24	30.5	21	16	84.5	3	82.5	52	
24	34	37	22	64	61	23.5	7	38	35	72.5	78	44.5	67.5	26.5	33	17.5	59	7	35.5	44	42.5	25	31	62.5	85.5	49	55.5	25	59	31	83	29.5	74.5	26.5	38	82	80.5	2	33	75	62.5	39.5	73.5	5	39	79	28	25	64	34	72	42.5	55	55.5	50	67	66	38	61	36	0	40	60	68	30.5	37.5	77.5	46	54	71.5	76	47	78.5	45	57.5	27	72.5	12.5	30.5	24	45	70.5	36.5	64.5	39	41	33.5	18.5	47.5	73.5	36	37	30	24.5	15	28	64.5	33	76.5	42	
46	56	29	34	42	39	45.5	33	2	43	50.5	56	31.5	49.5	33.5	31	39.5	41	47	28.5	26	35.5	17	53	44.5	63.5	31	37.5	47	37	39	65	26.5	52.5	43.5	56	64	58.5	42	55	53	44.5	61.5	55.5	45	31	61	50	47	46	32	54	25.5	37	37.5	28	45	48	60	43	54	40	0	38	50	43.5	24.5	59.5	28	36	49.5	54	29	56.5	63	39.5	49	54.5	34.5	37.5	26	33	52.5	41.5	46.5	1	59	26.5	40.5	29.5	55.5	4	39	52	46.5	45	50	46.5	51	58.5	2	
66	74	41	54	22	19	65.5	53	40	43	30.5	36	33.5	49.5	51.5	31	59.5	29	53	28.5	16	35.5	37	57	44.5	43.5	31	22.5	63	1	39	45	46.5	32.5	51.5	56	46	38.5	58	55	33	44.5	63.5	49.5	55	39	49	60	67	44	32	36	25.5	37	37.5	18	25	48	70	43	54	60	38	0	40	43.5	40.5	55.5	32	36	29.5	34	31	36.5	63	39.5	69	54.5	54.5	47.5	46	33	52.5	41.5	28.5	39	59	26.5	60.5	30.5	39.5	38	41	58	66.5	45	70	46.5	51	46.5	36	
74	84	57	62	34	31	73.5	61	48	65	22.5	28	55.5	27.5	61.5	53	67.5	39	75	50.5	34	57.5	45	79	22.5	35.5	29	44.5	75	39	61	37	54.5	24.5	71.5	78	38	30.5	70	77	7	22.5	85.5	33.5	73	59	39	78	75	4	54	4	47.5	13	30.5	40	15	26	88	7	76	68	50	40	0	65.5	52.5	37.5	46	24	26.5	26	47	28.5	85	17.5	77	32.5	62.5	65.5	54	55	30.5	63.5	35.5	49	81	48.5	68.5	52.5	31.5	46	63	80	74.5	67	78	24.5	73	36.5	52	
40.5	44.5	36.5	31.5	47.5	44.5	40	27.5	45.5	18.5	56	61.5	34	79	32	16.5	34	54.5	23.5	19	55.5	26	36.5	27.5	74	69	60.5	43	33.5	42.5	14.5	70.5	39	58	8	26.5	71.5	64	28.5	25.5	58.5	74	34	75	25.5	34.5	74.5	30.5	41.5	69.5	17.5	61.5	26	66.5	63	33.5	50.5	77.5	40.5	72.5	24.5	30.5	43.5	43.5	65.5	0	41	81	47.5	65.5	55	59.5	46.5	62	33.5	69	43.5	84	29	28	35.5	28.5	82	22	54	44.5	29.5	17	35	41	65	47.5	26.5	28.5	41	15.5	40.5	74	21.5	72	41.5	
43.5	53.5	26.5	31.5	44.5	41.5	43	30.5	22.5	40.5	53	58.5	7	52	31	28.5	37	43.5	44.5	26	28.5	33	14.5	50.5	47	66	33.5	40	44.5	39.5	36.5	67.5	24	55	41	53.5	66.5	61	39.5	52.5	55.5	47	59	58	42.5	28.5	63.5	47.5	44.5	48.5	29.5	56.5	15	39.5	40	30.5	47.5	50.5	57.5	45.5	51.5	37.5	24.5	40.5	52.5	41	0	62	30.5	38.5	52	56.5	31.5	59	60.5	42	46.5	57	32	35	23.5	30.5	55	39	49	23.5	56.5	24	38	32	58	20.5	36.5	49.5	44	42.5	47.5	49	48.5	61	26.5	
83.5	93.5	66.5	71.5	49.5	46.5	83	70.5	57.5	80.5	33	23.5	69	22	71	68.5	77	48.5	84.5	66	43.5	73	54.5	90.5	27	12	38.5	60	84.5	54.5	76.5	32.5	64	35	81	93.5	31.5	17	79.5	92.5	40.5	17	99	28	82.5	68.5	28.5	87.5	84.5	33.5	69.5	41.5	63	24.5	40	55.5	32.5	15.5	97.5	30.5	91.5	77.5	59.5	55.5	37.5	81	62	0	55.5	33.5	42	31.5	56.5	29	100.5	22	86.5	5	72	75	63.5	70.5	7	79	49	58.5	96.5	64	78	62	38	55.5	76.5	89.5	84	82.5	87.5	29	88.5	31	61.5	
52	62	35	40	36	33	51.5	39	26	47	44.5	50	37.5	45.5	39.5	35	45.5	37	53	32.5	22	39.5	23	59	40.5	57.5	27	31.5	53	31	43	59	32.5	46.5	49.5	60	60	52.5	48	59	47	40.5	67.5	51.5	51	37	57	56	53	42	36	50	29.5	33	33.5	14	39	44	66	39	58	46	28	32	46	47.5	30.5	55.5	0	32	43.5	48	1	50.5	67	35.5	55	50.5	40.5	43.5	32	37	48.5	45.5	42.5	27	63	30.5	46.5	30.5	51.5	24	45	58	52.5	49	56	42.5	55	54.5	30	
60	70	43	48	32	35	59.5	47	34	61	36.5	42	45.5	23.5	47.5	57	53.5	25	61	54.5	20	53.5	31	67	18.5	45.5	15	36.5	61	37	65	39	40.5	36.5	57.5	82	38	44.5	56	69	31	18.5	75.5	29.5	59	45	35	64	61	20	58	28	51.5	11	16.5	44	31	22	74	17	80	54	36	36	24	65.5	38.5	33.5	32	0	29.5	40	33	42.5	81	13.5	63	28.5	48.5	51.5	40	51	26.5	57.5	25.5	35	85	52.5	54.5	38.5	29.5	32	53	66	60.5	69	64	20.5	77	32.5	38	
79.5	85.5	52.5	67.5	23.5	20.5	79	66.5	51.5	54.5	17	22.5	45	38	63	42.5	73	30.5	64.5	40	39.5	47	50.5	68.5	33	30	34.5	34	74.5	28.5	50.5	31.5	60	19	63	67.5	32.5	25	69.5	66.5	19.5	33	75	36	66.5	50.5	35.5	71.5	80.5	30.5	43.5	22.5	37	25.5	34	29.5	11.5	36.5	81.5	31.5	65.5	71.5	49.5	29.5	26.5	55	52	42	43.5	29.5	0	20.5	42.5	23	74.5	28	82.5	43	68	59	59.5	44.5	41	53	25	50.5	70.5	38	74	42	26	51.5	52.5	69.5	80	56.5	81.5	35	62.5	33	47.5	
90	90	57	72	28	25	89.5	77	56	59	11.5	12	49.5	31.5	67.5	47	83.5	35	69	44.5	50	51.5	61	73	31.5	19.5	45	38.5	79	33	55	21	64.5	13.5	67.5	72	22	14.5	74	71	19	28.5	79.5	25.5	71	55	25	76	89	30	48	22	41.5	31	38.5	34	11	32	86	33	70	76	54	34	26	59.5	56.5	31.5	48	40	20.5	0	47	12.5	79	28.5	93	36.5	78.5	63.5	70	49	36.5	57.5	29.5	55	75	42.5	80.5	46.5	20.5	58	57	74	90.5	61	86	29.5	67	22.5	52	
53	63	36	41	35	32	52.5	40	27	46	43.5	49	36.5	46.5	40.5	34	46.5	38	54	31.5	23	38.5	24	60	41.5	56.5	28	30.5	54	30	42	58	33.5	45.5	50.5	59	59	51.5	49	58	46	41.5	66.5	52.5	52	38	58	57	54	43	35	49	28.5	34	34.5	13	38	45	67	40	57	47	29	31	47	46.5	31.5	56.5	1	33	42.5	47	0	49.5	66	36.5	56	51.5	41.5	44.5	33	36	49.5	44.5	41.5	28	62	29.5	47.5	31.5	52.5	25	44	59	53.5	48	57	43.5	54	55.5	31	
92.5	92.5	59.5	74.5	30.5	27.5	92	79.5	58.5	61.5	14	9.5	52	19	70	49.5	86	37.5	71.5	47	52.5	54	63.5	75.5	34	17	47.5	41	81.5	35.5	57.5	18.5	67	16	70	74.5	19.5	12	76.5	73.5	21.5	24	82	13	73.5	57.5	22.5	78.5	91.5	32.5	50.5	24.5	44	33.5	41	36.5	13.5	29.5	88.5	35.5	72.5	78.5	56.5	36.5	28.5	62	59	29	50.5	42.5	23	12.5	49.5	0	81.5	31	95.5	34	81	66	72.5	51.5	34	60	32	57.5	77.5	45	83	49	23	60.5	59.5	76.5	93	63.5	88.5	32	69.5	10	54.5	
21	11	56	49	67	64	25.5	38	65	38	75.5	81	53.5	94.5	51.5	36	29.5	74	38	38.5	71	45.5	52	32	89.5	88.5	76	62.5	38	62	34	90	56.5	77.5	41.5	7	91	83.5	43	30	78	89.5	23.5	94.5	40	54	94	35	32	89	37	81	45.5	82	82.5	53	70	93	7	88	19	45	63	63	85	33.5	60.5	100.5	67	81	74.5	79	66	81.5	0	84.5	18	99.5	34.5	47.5	51	48	97.5	41.5	73.5	64	4	36.5	40.5	60.5	84.5	63	46	33	26.5	30	35	91.5	16	91.5	61	
63.5	73.5	46.5	51.5	35.5	38.5	63	50.5	37.5	64.5	25	36.5	49	12	51	66.5	57	28.5	64.5	64	23.5	57	34.5	70.5	5	34	18.5	40	64.5	40.5	68.5	27.5	44	23	61	91.5	26.5	39	59.5	72.5	24.5	7	79	18	62.5	48.5	23.5	67.5	64.5	13.5	65.5	21.5	57	4.5	20	49.5	32.5	10.5	77.5	10.5	83.5	57.5	39.5	39.5	17.5	69	42	22	35.5	13.5	28	28.5	36.5	31	84.5	0	66.5	17	52	55	43.5	54.5	15	61	29	38.5	88.5	64	58	42	16	35.5	56.5	69.5	64	72.5	67.5	7	86.5	21	41.5	
3	7	46	31	75	78	7.5	20	47	44	91.5	99	53.5	76.5	35.5	54	11.5	68	34	56.5	53	51.5	34	30	71.5	98.5	58	64.5	24	70	48	92	38.5	89.5	35.5	25	91	101.5	29	32	84	71.5	23.5	82.5	32	48	88	27	14	73	55	81	61.5	64	64.5	69	88	75	11	70	33	27	49	69	77	43.5	46.5	86.5	55	63	82.5	93	56	95.5	18	66.5	0	81.5	16.5	39.5	33	54	79.5	45.5	73.5	48	22	54.5	22.5	56.5	82.5	45	46	29	8.5	42	17	73.5	34	85.5	51	
78.5	88.5	61.5	66.5	50.5	51.5	78	65.5	52.5	79.5	38	28.5	64	17	66	73.5	72	43.5	79.5	71	38.5	72	49.5	85.5	22	17	33.5	55	79.5	55.5	81.5	27.5	59	40	76	98.5	26.5	22	74.5	87.5	39.5	12	94	23	77.5	63.5	23.5	82.5	79.5	28.5	74.5	36.5	68	19.5	35	60.5	37.5	10.5	92.5	25.5	96.5	72.5	54.5	54.5	32.5	84	57	5	50.5	28.5	43	36.5	51.5	34	99.5	17	81.5	0	67	70	58.5	69.5	2	76	44	53.5	101.5	69	73	57	33	50.5	71.5	84.5	79	87.5	82.5	24	93.5	26	56.5	
13.5	23.5	31.5	16.5	60.5	63.5	13	5.5	32.5	29.5	77	86.5	39	62	21	41.5	7	53.5	19.5	44	38.5	37	19.5	20.5	57	84	43.5	50	14.5	55.5	33.5	77.5	24	75	21	41.5	76.5	89	14.5	22.5	69.5	57	29	68	17.5	33.5	73.5	17.5	14.5	58.5	40.5	66.5	47	49.5	50	54.5	77.5	60.5	27.5	55.5	33.5	12.5	34.5	54.5	62.5	29	32	72	40.5	48.5	68	78.5	41.5	81	34.5	52	16.5	67	0	25	18.5	39.5	65	31	59	33.5	38.5	44	6	42	68	30.5	31.5	19.5	14	27.5	17.5	59	36.5	71	36.5	
36.5	46.5	34.5	24.5	51.5	48.5	36	23.5	35.5	27.5	60	65.5	38	65	4	20.5	30	56.5	37.5	23	41.5	30	22.5	41.5	60	73	46.5	47	37.5	46.5	23.5	74.5	27	62	34	40.5	75.5	68	32.5	39.5	62.5	60	48	71	35.5	36.5	76.5	40.5	37.5	61.5	21.5	65.5	30	52.5	53	37.5	54.5	63.5	50.5	58.5	38.5	30.5	37.5	47.5	65.5	28	35	75	43.5	51.5	59	63.5	44.5	66	47.5	55	39.5	70	25	0	21.5	32.5	68	6	58	36.5	43.5	21	31	45	69	33.5	30.5	42.5	37	29.5	40.5	62	35.5	74	39.5	
30	40	23	18	52	55	29.5	17	24	31	66.5	72	30.5	53.5	17.5	23	23.5	45	31	29.5	30	28.5	11	37	48.5	75.5	35	41.5	31	47	35	69	15.5	66.5	27.5	52	68	74.5	26	39	61	48.5	45.5	59.5	29	25	65	34	31	50	22	58	36.5	41	41.5	44	61	52	44	47	50	24	26	46	54	35.5	23.5	63.5	32	40	59.5	70	33	72.5	51	43.5	33	58.5	18.5	21.5	0	31	56.5	27.5	50.5	25	55	27.5	24.5	33.5	59.5	22	13	36	30.5	39	34	50.5	47	62.5	28	
51	59	8	39	37	34	50.5	38	35	28	45.5	51	23.5	64.5	36.5	16	44.5	44	38	13.5	41	20.5	20	42	59.5	58.5	46	32.5	48	32	24	60	31.5	47.5	36.5	41	61	53.5	43	40	48	59.5	48.5	64.5	40	6	64	45	52	59	17	51	15.5	52	52.5	23	40	63	55	58	39	45	33	33	55	28.5	30.5	70.5	37	51	44.5	49	36	51.5	48	54.5	54	69.5	39.5	32.5	31	0	67.5	26.5	43.5	34	44	11.5	45.5	30.5	54.5	33	26	43	51.5	30	55	61.5	36	61.5	31	
76.5	86.5	59.5	64.5	48.5	51.5	76	63.5	50.5	77.5	40	30.5	62	15	64	75.5	70	41.5	77.5	73	36.5	70	47.5	83.5	20	19	31.5	53	77.5	53.5	81.5	25.5	57	38	74	100.5	24.5	24	72.5	85.5	37.5	10	92	21	75.5	61.5	21.5	80.5	77.5	26.5	76.5	34.5	70	17.5	33	62.5	39.5	8.5	90.5	23.5	96.5	70.5	52.5	52.5	30.5	82	55	7	48.5	26.5	41	36.5	49.5	34	97.5	15	79.5	2	65	68	56.5	67.5	0	74	42	51.5	101.5	71	71	55	31	48.5	69.5	82.5	77	85.5	80.5	22	95.5	24	54.5	
42.5	52.5	34.5	30.5	45.5	42.5	42	29.5	41.5	21.5	54	59.5	32	71	10	14.5	36	52.5	31.5	17	47.5	24	28.5	35.5	66	67	52.5	41	41.5	40.5	17.5	68.5	33	56	30	34.5	69.5	62	36.5	33.5	56.5	66	42	73	33.5	32.5	72.5	38.5	43.5	67.5	15.5	59.5	24	58.5	59	31.5	48.5	69.5	48.5	64.5	32.5	36.5	41.5	41.5	63.5	22	39	79	45.5	57.5	53	57.5	44.5	60	41.5	61	45.5	76	31	6	27.5	26.5	74	0	52	42.5	37.5	15	37	39	63	39.5	24.5	36.5	43	23.5	46.5	68	29.5	70	39.5	
70.5	80.5	51.5	58.5	22.5	19.5	70	57.5	44.5	53.5	26	31.5	44	39	58	41.5	64	29.5	63.5	39	30.5	46	41.5	67.5	34	39	25.5	33	71.5	27.5	49.5	40.5	51	28	62	66.5	41.5	34	66.5	65.5	28.5	34	74	45	65.5	49.5	44.5	70.5	71.5	35.5	42.5	31.5	36	26.5	9	28.5	20.5	37.5	80.5	32.5	64.5	64.5	46.5	28.5	35.5	54	49	49	42.5	25.5	25	29.5	41.5	32	73.5	29	73.5	44	59	58	50.5	43.5	42	52	0	45.5	69.5	37	65	41	35	42.5	51.5	68.5	71	55.5	74.5	36	61.5	42	46.5	
45	55	28	33	43	40	44.5	32	1	44	51.5	57	30.5	48.5	32.5	32	38.5	40	46	29.5	25	36.5	16	52	43.5	64.5	30	36.5	46	38	40	64	25.5	53.5	42.5	57	63	59.5	41	54	54	43.5	60.5	54.5	44	30	60	49	46	45	33	53	26.5	36	36.5	29	46	47	59	42	55	39	1	39	49	44.5	23.5	58.5	27	35	50.5	55	28	57.5	64	38.5	48	53.5	33.5	36.5	25	34	51.5	42.5	45.5	0	60	27.5	39.5	28.5	54.5	3	38	51	45.5	46	49	45.5	52	57.5	3	
25	15	52	47	63	60	29.5	42	61	34	71.5	77	49.5	96.5	47.5	32	33.5	70	34	34.5	75	41.5	56	28	91.5	84.5	80	58.5	34	58	30	86	54.5	73.5	37.5	3	87	79.5	39	26	74	93.5	19.5	90.5	36	50	90	31	34	85	33	77	41.5	86	78.5	49	66	97	11	88	15	41	59	59	81	29.5	56.5	96.5	63	85	70.5	75	62	77.5	4	88.5	22	101.5	38.5	43.5	55	44	101.5	37.5	69.5	60	0	32.5	40.5	56.5	80.5	63	42	29	30.5	26	31	89.5	12	87.5	57	
57.5	47.5	19.5	29.5	30.5	27.5	53	40.5	28.5	16.5	39	44.5	17	64	25	4.5	49	37.5	26.5	2	42.5	9	31.5	30.5	59	52	47.5	26	36.5	25.5	12.5	53.5	22	41	25	29.5	54.5	47	31.5	28.5	41.5	69	37	58	28.5	17.5	57.5	33.5	46.5	52.5	5.5	44.5	9	61.5	46	16.5	33.5	70.5	43.5	55.5	27.5	33.5	26.5	26.5	48.5	17	24	64	30.5	52.5	38	42.5	29.5	45	36.5	64	54.5	69	44	21	27.5	11.5	71	15	37	27.5	32.5	0	38	24	48	30.5	14.5	31.5	52	18.5	43.5	57	24.5	55	24.5	
19.5	29.5	37.5	22.5	66.5	65.5	19	11.5	38.5	35.5	77	82.5	45	68	27	37.5	13	59.5	25.5	40	44.5	43	25.5	26.5	63	90	49.5	56	20.5	61.5	35.5	83.5	30	79	27	37.5	82.5	85	20.5	28.5	75.5	63	35	74	23.5	39.5	79.5	23.5	20.5	64.5	38.5	72.5	47	55.5	56	54.5	71.5	66.5	33.5	61.5	35.5	18.5	40.5	60.5	68.5	35	38	78	46.5	54.5	74	80.5	47.5	83	40.5	58	22.5	73	6	31	24.5	45.5	71	37	65	39.5	40.5	38	0	48	74	36.5	37.5	25.5	20	31.5	23.5	65	32.5	77	42.5	
53.5	63.5	36.5	41.5	34.5	31.5	53	40.5	27.5	40.5	43	48.5	31	52	41	28.5	47	41.5	50.5	26	28.5	33	24.5	54.5	47	56	33.5	30	54.5	29.5	36.5	57.5	34	45	49	53.5	58.5	51	49.5	52.5	45.5	47	61	58	52.5	36.5	61.5	57.5	54.5	48.5	29.5	48.5	23	39.5	40	20.5	37.5	50.5	67.5	45.5	51.5	47.5	29.5	30.5	52.5	41	32	62	30.5	38.5	42	46.5	31.5	49	60.5	42	56.5	57	42	45	33.5	30.5	55	39	41	28.5	56.5	24	48	0	52	25.5	38.5	55.5	54	42.5	57.5	49	48.5	59	31.5	
79.5	89.5	62.5	67.5	33.5	30.5	79	66.5	53.5	64.5	9	22.5	55	28	67	52.5	73	40.5	74.5	50	39.5	57	50.5	78.5	11	30	34.5	44	80.5	38.5	60.5	31.5	60	7	73	77.5	32.5	25	75.5	76.5	24.5	23	85	34	76.5	60.5	35.5	81.5	80.5	29.5	53.5	27.5	47	20.5	36	39.5	16.5	26.5	91.5	26.5	75.5	73.5	55.5	39.5	31.5	65	58	38	51.5	29.5	26	20.5	52.5	23	84.5	16	82.5	33	68	69	59.5	54.5	31	63	35	54.5	80.5	48	74	52	0	51.5	62.5	79.5	80	66.5	83.5	9	72.5	33	57.5	
42	52	25	30	44	43	41.5	29	2	43	54.5	60	27.5	45.5	29.5	35	35.5	37	43	32.5	22	35.5	13	49	40.5	67.5	27	33.5	43	39	43	61	22.5	56.5	39.5	60	60	62.5	38	51	53	40.5	57.5	51.5	41	27	57	46	43	42	36	50	29.5	33	33.5	32	49	44	56	39	58	36	4	38	46	47.5	20.5	55.5	24	32	51.5	58	25	60.5	63	35.5	45	50.5	30.5	33.5	22	33	48.5	39.5	42.5	3	63	30.5	36.5	25.5	51.5	0	35	48	42.5	49	46	42.5	55	54.5	6	
43	53	34	31	45	42	42.5	30	37	26	53.5	59	31.5	66.5	30.5	10	36.5	52	36	16.5	43	23.5	24	40	61.5	66.5	48	40.5	44	40	22	68	28.5	55.5	34.5	39	69	61.5	39	38	56	61.5	46.5	72.5	38	32	72	43	44	63	9	59	23.5	54	54.5	31	48	65	53	60	37	37	39	41	63	26.5	36.5	76.5	45	53	52.5	57	44	59.5	46	56.5	46	71.5	31.5	30.5	13	26	69.5	24.5	51.5	38	42	14.5	37.5	38.5	62.5	35	0	41	43.5	28	47	63.5	34	69.5	39	
26	36	49	34	62	59	25.5	23	50	33	70.5	76	48.5	79.5	38.5	31	19.5	69	33	33.5	56	40.5	37	1	74.5	83.5	61	57.5	5	57	29	85	41.5	72.5	36.5	26	86	78.5	32	3	73	74.5	33.5	85.5	35	49	89	2	27	76	32	76	40.5	67	67.5	48	65	78	40	73	24	30	52	58	80	28.5	49.5	89.5	58	66	69.5	74	59	76.5	33	69.5	29	84.5	19.5	42.5	36	43	82.5	36.5	68.5	51	29	31.5	25.5	55.5	79.5	48	41	0	26.5	25	30	76.5	21	86.5	54	
5.5	15.5	43.5	28.5	72.5	75.5	1	17.5	44.5	41.5	89	96.5	51	74	33	51.5	9	65.5	31.5	54	50.5	49	31.5	27.5	69	96	55.5	62	21.5	67.5	45.5	89.5	36	87	33	31.5	88.5	99	26.5	29.5	81.5	69	15	80	29.5	45.5	85.5	24.5	11.5	70.5	52.5	78.5	59	61.5	62	66.5	85.5	72.5	19.5	67.5	30.5	24.5	46.5	66.5	74.5	41	44	84	52.5	60.5	80	90.5	53.5	93	26.5	64	8.5	79	14	37	30.5	51.5	77	43	71	45.5	30.5	52	20	54	80	42.5	43.5	26.5	0	39.5	14.5	71	31.5	83	48.5	
39	41	38	33	49	46	38.5	22	47	20	57.5	63	35.5	82.5	33.5	18	32.5	56	8	20.5	59	27.5	40	24	77.5	70.5	64	44.5	30	44	16	72	40.5	59.5	23.5	23	73	65.5	13	22	60	77.5	30.5	76.5	10	36	76	27	40	71	19	63	27.5	70	64.5	35	52	81	37	74	21	15	45	45	67	15.5	42.5	82.5	49	69	56.5	61	48	63.5	30	72.5	42	87.5	27.5	29.5	39	30	85.5	23.5	55.5	46	26	18.5	31.5	42.5	66.5	49	28	25	39.5	0	37	75.5	18	73.5	43	
14	24	47	32	74	71	13.5	21	48	45	82.5	88	54.5	77.5	36.5	43	12.5	69	35	45.5	54	52.5	35	31	72.5	95.5	59	65.5	25	69	41	93	39.5	84.5	36.5	28	92	90.5	30	33	85	72.5	29.5	83.5	33	49	89	28	3	74	44	82	52.5	65	65.5	60	77	76	28	71	16	28	50	70	78	40.5	47.5	87.5	56	64	81.5	86	57	88.5	35	67.5	17	82.5	17.5	40.5	34	55	80.5	46.5	74.5	49	31	43.5	23.5	57.5	83.5	46	47	30	14.5	37	0	74.5	19	86.5	52	
70.5	80.5	53.5	58.5	42.5	39.5	70	57.5	44.5	71.5	18	31.5	56	19	58	61.5	64	35.5	71.5	59	30.5	64	41.5	77.5	2	39	25.5	47	71.5	47.5	69.5	34.5	51	16	68	86.5	33.5	34	66.5	79.5	31.5	14	86	25	69.5	55.5	30.5	74.5	71.5	20.5	62.5	28.5	56	11.5	27	48.5	25.5	17.5	84.5	17.5	84.5	64.5	46.5	46.5	24.5	74	49	29	42.5	20.5	35	29.5	43.5	32	91.5	7	73.5	24	59	62	50.5	61.5	22	68	36	45.5	89.5	57	65	49	9	42.5	63.5	76.5	71	75.5	74.5	0	81.5	28	48.5	
33	27	44	39	55	52	32.5	40	53	26	63.5	69	41.5	88.5	39.5	24	31.5	62	26	26.5	67	33.5	54	20	83.5	76.5	72	50.5	26	50	22	78	46.5	65.5	29.5	9	79	71.5	31	18	66	91.5	16.5	82.5	28	42	82	23	22	77	25	69	33.5	84	70.5	41	58	95	23	80	3	33	51	51	73	21.5	48.5	88.5	55	77	62.5	67	54	69.5	16	86.5	34	93.5	36.5	35.5	47	36	95.5	29.5	61.5	52	12	24.5	32.5	48.5	72.5	55	34	21	31.5	18	19	81.5	0	79.5	49	
82.5	92.5	65.5	70.5	40.5	37.5	82	69.5	56.5	71.5	24	19.5	62	9	70	59.5	76	47.5	81.5	57	42.5	64	53.5	85.5	26	27	37.5	51	83.5	45.5	67.5	28.5	63	26	80	84.5	29.5	22	78.5	83.5	31.5	14	92	3	81.5	67.5	32.5	86.5	83.5	32.5	60.5	34.5	54	23.5	39	46.5	23.5	19.5	96.5	29.5	82.5	76.5	58.5	46.5	36.5	72	61	31	54.5	32.5	33	22.5	55.5	10	91.5	21	85.5	26	71	74	62.5	61.5	24	70	42	57.5	87.5	55	77	59	33	54.5	69.5	86.5	83	73.5	86.5	28	79.5	0	60.5	
48	58	31	36	40	37	47.5	35	4	41	48.5	54	31.5	51.5	35.5	29	41.5	43	49	26.5	28	33.5	19	55	46.5	61.5	33	35.5	49	35	37	63	28.5	50.5	45.5	54	64	56.5	44	53	51	46.5	61.5	57.5	47	33	63	52	49	48	30	54	23.5	39	39.5	26	43	50	62	45	52	42	2	36	52	41.5	26.5	61.5	30	38	47.5	52	31	54.5	61	41.5	51	56.5	36.5	39.5	28	31	54.5	39.5	46.5	3	57	24.5	42.5	31.5	57.5	6	39	54	48.5	43	52	48.5	49	60.5	0	
