Number of items: 100
Horizon: 9
Time limit: 750
Load limit: 6000
Initial item inventory level
46
156
138
97
62
72
228
100
40
228
132
30
72
20
70
183
76
56
77
198
81
72
273
26
41
166
57
48
93
89
132
122
96
21
207
162
94
90
180
146
84
112
261
25
63
69
177
159
144
99
99
30
170
13
118
80
171
62
65
186
89
36
198
72
66
59
252
78
92
111
54
71
66
45
153
26
285
36
25
234
43
72
33
30
60
22
98
141
112
48
62
243
80
34
261
62
282
111
30
87
Maximum inventory capacity per item
92
234
184
194
124
96
304
150
80
304
176
40
144
40
140
244
152
112
154
297
108
96
364
52
82
249
76
96
186
178
176
183
192
42
276
216
141
180
270
219
168
168
348
50
84
92
236
212
216
132
198
45
255
26
177
120
228
124
130
279
178
48
297
96
132
118
336
117
138
148
108
142
99
90
204
39
380
48
50
312
86
96
66
60
90
44
147
188
168
64
124
324
160
51
348
124
376
148
60
116
Reserve storage replenishment rate per item and per period
276	0	0	276	0	0	276	0	0	
468	0	0	468	0	0	468	0	0	
276	0	0	276	0	0	276	0	0	
582	0	0	582	0	0	582	0	0	
372	0	0	372	0	0	372	0	0	
144	0	0	144	0	0	144	0	0	
456	0	0	456	0	0	456	0	0	
300	0	0	300	0	0	300	0	0	
240	0	0	240	0	0	240	0	0	
456	0	0	456	0	0	456	0	0	
264	0	0	264	0	0	264	0	0	
60	0	0	60	0	0	60	0	0	
432	0	0	432	0	0	432	0	0	
120	0	0	120	0	0	120	0	0	
420	0	0	420	0	0	420	0	0	
366	0	0	366	0	0	366	0	0	
456	0	0	456	0	0	456	0	0	
336	0	0	336	0	0	336	0	0	
462	0	0	462	0	0	462	0	0	
594	0	0	594	0	0	594	0	0	
162	0	0	162	0	0	162	0	0	
144	0	0	144	0	0	144	0	0	
546	0	0	546	0	0	546	0	0	
156	0	0	156	0	0	156	0	0	
246	0	0	246	0	0	246	0	0	
498	0	0	498	0	0	498	0	0	
114	0	0	114	0	0	114	0	0	
288	0	0	288	0	0	288	0	0	
558	0	0	558	0	0	558	0	0	
534	0	0	534	0	0	534	0	0	
264	0	0	264	0	0	264	0	0	
366	0	0	366	0	0	366	0	0	
576	0	0	576	0	0	576	0	0	
126	0	0	126	0	0	126	0	0	
414	0	0	414	0	0	414	0	0	
324	0	0	324	0	0	324	0	0	
282	0	0	282	0	0	282	0	0	
540	0	0	540	0	0	540	0	0	
540	0	0	540	0	0	540	0	0	
438	0	0	438	0	0	438	0	0	
504	0	0	504	0	0	504	0	0	
336	0	0	336	0	0	336	0	0	
522	0	0	522	0	0	522	0	0	
150	0	0	150	0	0	150	0	0	
126	0	0	126	0	0	126	0	0	
138	0	0	138	0	0	138	0	0	
354	0	0	354	0	0	354	0	0	
318	0	0	318	0	0	318	0	0	
432	0	0	432	0	0	432	0	0	
198	0	0	198	0	0	198	0	0	
594	0	0	594	0	0	594	0	0	
90	0	0	90	0	0	90	0	0	
510	0	0	510	0	0	510	0	0	
78	0	0	78	0	0	78	0	0	
354	0	0	354	0	0	354	0	0	
240	0	0	240	0	0	240	0	0	
342	0	0	342	0	0	342	0	0	
372	0	0	372	0	0	372	0	0	
390	0	0	390	0	0	390	0	0	
558	0	0	558	0	0	558	0	0	
534	0	0	534	0	0	534	0	0	
72	0	0	72	0	0	72	0	0	
594	0	0	594	0	0	594	0	0	
144	0	0	144	0	0	144	0	0	
396	0	0	396	0	0	396	0	0	
354	0	0	354	0	0	354	0	0	
504	0	0	504	0	0	504	0	0	
234	0	0	234	0	0	234	0	0	
276	0	0	276	0	0	276	0	0	
222	0	0	222	0	0	222	0	0	
324	0	0	324	0	0	324	0	0	
426	0	0	426	0	0	426	0	0	
198	0	0	198	0	0	198	0	0	
270	0	0	270	0	0	270	0	0	
306	0	0	306	0	0	306	0	0	
78	0	0	78	0	0	78	0	0	
570	0	0	570	0	0	570	0	0	
72	0	0	72	0	0	72	0	0	
150	0	0	150	0	0	150	0	0	
468	0	0	468	0	0	468	0	0	
258	0	0	258	0	0	258	0	0	
144	0	0	144	0	0	144	0	0	
198	0	0	198	0	0	198	0	0	
180	0	0	180	0	0	180	0	0	
180	0	0	180	0	0	180	0	0	
132	0	0	132	0	0	132	0	0	
294	0	0	294	0	0	294	0	0	
282	0	0	282	0	0	282	0	0	
336	0	0	336	0	0	336	0	0	
96	0	0	96	0	0	96	0	0	
372	0	0	372	0	0	372	0	0	
486	0	0	486	0	0	486	0	0	
480	0	0	480	0	0	480	0	0	
102	0	0	102	0	0	102	0	0	
522	0	0	522	0	0	522	0	0	
372	0	0	372	0	0	372	0	0	
564	0	0	564	0	0	564	0	0	
222	0	0	222	0	0	222	0	0	
180	0	0	180	0	0	180	0	0	
174	0	0	174	0	0	174	0	0	
Forward storage demand rate per item and per period
46	36	42	56	44	38	60	75	44	
78	106	52	89	73	67	77	117	70	
46	32	42	52	59	40	31	32	20	
97	83	133	70	146	97	90	122	89	
62	75	89	67	62	47	62	74	32	
24	19	29	34	39	25	39	33	21	
76	67	7	149	112	86	60	95	71	
50	67	44	47	73	92	47	28	60	
40	39	5	51	40	14	19	42	68	
76	73	133	115	73	20	75	27	79	
44	56	54	33	43	14	63	64	39	
10	3	7	6	14	7	7	13	5	
72	99	25	53	81	26	29	18	35	
20	31	23	17	17	29	20	19	25	
70	50	77	44	90	33	113	44	101	
61	55	21	48	64	23	19	28	53	
76	67	28	89	47	56	40	119	70	
56	71	70	74	55	82	63	52	52	
77	95	72	138	45	83	47	29	81	
99	126	116	55	114	141	130	81	76	
27	38	22	52	14	14	29	27	33	
24	28	28	19	23	38	5	28	15	
91	40	36	130	85	97	88	151	128	
26	31	45	26	46	5	19	35	32	
41	11	54	37	29	26	31	58	14	
83	134	102	97	42	43	119	71	97	
19	17	19	26	18	15	24	34	22	
48	42	23	63	42	61	39	29	62	
93	99	69	145	129	76	15	96	66	
89	117	159	73	139	90	73	100	69	
44	71	23	14	39	4	14	29	52	
61	35	63	65	17	95	59	74	51	
96	88	123	59	77	28	139	77	123	
21	30	20	16	29	7	36	16	28	
69	74	36	69	87	36	96	60	70	
54	69	56	40	47	87	9	72	46	
47	46	69	43	13	31	45	15	51	
90	126	68	100	68	125	91	79	106	
90	69	95	66	133	115	86	78	104	
73	95	57	50	42	100	27	72	78	
84	96	73	95	82	53	49	61	14	
56	74	95	43	85	14	70	96	74	
87	80	88	103	78	127	38	78	83	
25	17	26	21	10	21	16	36	15	
21	24	13	16	14	15	2	11	25	
23	26	23	16	20	23	30	13	28	
59	100	46	97	54	51	80	67	90	
53	45	34	15	26	71	57	88	33	
72	117	25	84	72	92	99	84	39	
33	32	8	10	59	38	42	50	39	
99	164	178	32	115	107	43	125	19	
15	11	17	17	9	22	24	24	6	
85	147	156	76	68	9	121	148	144	
13	11	18	15	17	12	17	21	25	
59	51	57	59	71	71	70	55	40	
40	31	77	42	44	58	40	31	72	
57	45	46	87	75	73	66	69	51	
62	41	33	63	55	22	51	79	55	
65	93	100	95	54	63	60	57	61	
93	128	111	156	83	67	38	79	172	
89	70	89	74	69	140	114	69	81	
12	18	11	16	9	23	9	11	14	
99	74	143	106	101	105	130	161	93	
24	39	34	24	21	10	33	7	34	
66	93	99	67	107	51	30	63	89	
59	52	10	87	43	58	18	9	43	
84	43	73	88	25	128	126	50	125	
39	44	14	23	32	46	62	40	37	
46	41	69	27	67	49	20	39	72	
37	16	43	47	36	33	21	51	56	
54	29	56	94	59	57	67	58	39	
71	112	40	77	84	103	17	126	62	
33	13	23	41	63	25	32	59	23	
45	42	7	10	45	54	45	23	49	
51	90	53	37	63	30	82	75	36	
13	5	6	20	15	9	11	19	20	
95	94	116	138	110	90	42	175	77	
12	9	16	17	16	10	17	7	12	
25	28	40	4	20	1	31	42	8	
78	98	74	111	83	94	69	51	77	
43	63	59	21	43	27	48	62	71	
24	25	34	9	16	32	29	30	10	
33	41	10	33	50	33	50	48	19	
30	28	19	17	29	25	33	42	19	
30	37	31	18	31	27	39	47	32	
22	34	30	24	34	20	21	35	13	
49	57	28	52	34	70	72	61	49	
47	22	66	68	70	39	24	54	42	
56	26	63	65	47	76	53	30	36	
16	14	12	14	14	4	20	24	21	
62	73	60	104	86	86	49	9	19	
81	64	94	50	79	119	96	26	89	
80	23	127	103	90	105	62	24	79	
17	23	16	11	23	22	14	3	19	
87	26	110	34	139	97	38	97	116	
62	59	33	82	59	37	65	82	70	
94	113	59	123	107	48	136	152	104	
37	36	37	11	21	23	57	67	47	
30	23	37	25	28	28	43	26	21	
29	39	26	37	18	20	32	29	14	
Distance matrix
0	90	64.5	46.5	55.5	29.5	72	77.5	63	74.5	39.5	69	42.5	26.5	75	35	75.5	14	33	47	91.5	90	76.5	28.5	61	58	41	67	51.5	13.5	63	6	97.5	33	15	65.5	60	47	53	23	68.5	62	20.5	67.5	21	87.5	36.5	60.5	68	49	15.5	69.5	95.5	46	20	73	69	54.5	15.5	25.5	62	37	60.5	31.5	69.5	54.5	79	39.5	48.5	77	85	27.5	38	8	29.5	83.5	93.5	72.5	66	28	90.5	15	49.5	33	62	65	77	98.5	98	78.5	36.5	72.5	40	57	56	65	47.5	85	24	72	36.5	
90	0	45.5	61.5	54.5	80.5	38	32.5	47	35.5	70.5	41	67.5	83.5	35	75	25.5	96	63	63	23.5	0	33.5	81.5	49	52	69	43	56.5	96.5	33	96	17.5	77	85	44.5	50	63	43	87	41.5	42	75.5	42.5	89	27.5	73.5	49.5	42	61	80.5	40.5	14.5	64	90	37	41	55.5	80.5	84.5	48	73	49.5	76.5	24.5	49.5	11	70.5	43.5	33	25	82.5	72	88	80.5	26.5	16.5	27.5	44	78	19.5	95	44.5	77	48	45	13	16.5	8	28.5	73.5	37.5	70	37	36	45	62.5	25	86	38	71.5	
64.5	45.5	0	34	25	51	23.5	53	17.5	36	41	26.5	38	54	30.5	45.5	55	66.5	37.5	33.5	49	45.5	44	52	19.5	22.5	39.5	18.5	13	67	42.5	70.5	43	47.5	59.5	1	35.5	33.5	32.5	57.5	32	41.5	50	13	59.5	53	44	20	12.5	31.5	55	41	35	34.5	60.5	12.5	16.5	26	55	55	23.5	43.5	20	49	49	34	56.5	41	28	48.5	30.5	53	42.5	62.5	51	27	37	52	29.5	52.5	40	65.5	29	47.5	33.5	15.5	56.5	42	37.5	58	44	48	40.5	36.5	35.5	40.5	33	30.5	56.5	43.5	44	
46.5	61.5	34	0	33	41	41.5	49	25.5	46	41	40.5	44	48	46.5	53.5	47	60.5	19.5	33.5	63	61.5	48	60	27.5	30.5	47.5	36.5	23	55	34.5	52.5	61	49.5	41.5	33	31.5	41.5	24.5	49.5	40	33.5	32	21	67.5	59	48	28	25.5	39.5	37	41	53	32.5	56.5	30.5	34.5	34	37	57	33.5	51.5	14	33	41	26	50.5	41	20	48.5	48.5	61	44.5	44.5	41	45	55	44	37.5	34.5	58	61.5	21	49.5	33.5	23.5	48.5	60	55.5	50	48	44	36.5	28.5	27.5	36.5	41	48.5	64.5	43.5	28	
55.5	54.5	25	33	0	30	32.5	62	11.5	45	20	35.5	17	33	39.5	24.5	74	45.5	31.5	17.5	58	54.5	53	31	13.5	6.5	18.5	27.5	38	46	61.5	53.5	52	26.5	44.5	24	44.5	12.5	51.5	36.5	41	52.5	39	12	38.5	62	23	9	16.5	10.5	44	50	44	18.5	39.5	21.5	25.5	15	44	34	32.5	22.5	19	28	70	45	65.5	20	49	57.5	39.5	32	21.5	51.5	30	36	46	67	38.5	31.5	49	44.5	50	26.5	42.5	9.5	67.5	51	46.5	71	23	57	19.5	57.5	56.5	49.5	12	39.5	35.5	52.5	19	
29.5	80.5	51	41	30	0	58.5	72	37.5	69	34	61.5	33	31	65.5	30.5	70	43.5	27.5	41.5	84	80.5	71	37	39.5	32.5	24.5	53.5	46	38	57.5	35.5	78	32.5	24.5	50	54.5	33.5	47.5	32.5	63	56.5	9	38	44.5	82	7	35	42.5	31.5	20	64	70	40.5	39.5	47.5	51.5	41	20	40	56.5	28.5	45	26	64	49	73.5	34	43	71.5	65.5	38	32.5	27.5	0	62	72	67	60.5	22.5	75	44.5	44	32.5	56.5	35.5	71.5	77	72.5	73	7	67	34.5	51.5	50.5	59.5	28	65.5	41.5	66.5	31	
72	38	23.5	41.5	32.5	58.5	0	45.5	25	28.5	48.5	3	45.5	61.5	23	53	47.5	74	45	41	41.5	38	36.5	59.5	27	30	47	21	36.5	74.5	35	78	35.5	55	67	22.5	12	41	19	65	24.5	34	57.5	20.5	67	45.5	51.5	27.5	20	39	62.5	33.5	27.5	42	68	15	19	33.5	62.5	62.5	26	51	27.5	56.5	41.5	31.5	49	48.5	25.5	41	23	60.5	50	70	58.5	19.5	29.5	44.5	6	60	32.5	73	26.5	55	10	23	49	34.5	30	50.5	51.5	40.5	48	29	28	33	40.5	23	64	36	51.5	
77.5	32.5	53	49	62	72	45.5	0	54.5	37	72	46.5	75	79	42.5	82.5	18	91.5	50.5	64.5	34	32.5	29	89	56.5	59.5	76.5	50.5	44	86	20.5	83.5	30	80.5	72.5	52	37.5	70.5	30.5	80.5	41	29.5	63	50	96.5	30	79	57	49.5	68.5	68	32	18	63.5	87.5	44.5	48.5	63	68	88	49.5	80.5	57	64	8	37	21.5	72	31	24.5	32.5	90	75.5	75.5	72	34	16	5	43.5	65.5	13	92.5	32	80.5	39.5	52.5	19.5	29	24.5	21	79	25	67.5	24.5	23.5	32.5	70	32.5	93.5	29.5	59	
63	47	17.5	25.5	11.5	37.5	25	54.5	0	37.5	27.5	28	24.5	40.5	32	32	66.5	53	34	20	50.5	47	45.5	38.5	2	9	26	20	30.5	53.5	54	61	44.5	34	52	16.5	37	20	44	44	33.5	45	46.5	4.5	46	54.5	30.5	6.5	9	18	51.5	42.5	36.5	21	47	14	18	12.5	51.5	41.5	25	30	11.5	35.5	62.5	37.5	58	27.5	41.5	50	32	39.5	29	59	37.5	28.5	38.5	59.5	31	39	41.5	52	42.5	34	35	2	60	43.5	39	63.5	30.5	49.5	27	50	49	42	19.5	32	43	45	30.5	
74.5	35.5	36	46	45	69	28.5	37	37.5	0	61	31.5	58	74	25.5	65.5	35	86.5	47.5	53.5	39	35.5	34	72	39.5	42.5	59.5	33.5	41	83	22.5	80.5	33	67.5	69.5	35	34.5	53.5	27.5	77.5	32	26.5	60	33	79.5	43	64	40	32.5	51.5	65	5	25	54.5	80.5	27.5	31.5	46	65	75	38.5	63.5	40	61	29	34	38.5	61	28	36.5	20.5	73	62.5	72.5	69	9	27	32	34.5	62.5	30	85.5	29	67.5	36.5	35.5	36.5	32	27.5	38	64	32	60.5	21.5	20.5	29.5	53	20.5	76.5	31.5	56	
39.5	70.5	41	41	20	34	48.5	72	27.5	61	0	51.5	3	39	55.5	30.5	70	51.5	27.5	33.5	74	70.5	69	37	29.5	22.5	24.5	43.5	46	48	57.5	45.5	68	32.5	34.5	40	54.5	23.5	47.5	42.5	57	56.5	25	28	44.5	78	29	25	32.5	21.5	30	64	60	34.5	45.5	37.5	41.5	31	30	40	48.5	28.5	35	8	64	49	73.5	0	43	71.5	55.5	38	27.5	37.5	34	52	62	67	54.5	27.5	65	50.5	44	32.5	56.5	25.5	71.5	67	62.5	73	29	67	30.5	51.5	50.5	59.5	8	55.5	41.5	66.5	31	
69	41	26.5	40.5	35.5	61.5	3	46.5	28	31.5	51.5	0	48.5	64.5	26	56	44.5	77	42	44	44.5	41	39.5	62.5	30	33	50	24	35.5	77.5	32	75	38.5	58	64	25.5	9	44	16	68	27.5	31	54.5	23.5	70	48.5	54.5	30.5	23	42	59.5	36.5	30.5	45	71	18	22	36.5	59.5	65.5	29	54	30.5	55.5	38.5	28.5	48	51.5	22.5	44	26	63.5	53	67	61.5	22.5	32.5	41.5	3	57	35.5	76	23.5	58	7	26	46	37.5	33	47.5	54.5	41.5	51	26	25	34	43.5	26	67	39	50.5	
42.5	67.5	38	44	17	33	45.5	75	24.5	58	3	48.5	0	36	52.5	27.5	73	48.5	30.5	30.5	71	67.5	66	34	26.5	19.5	21.5	40.5	49	49	60.5	48.5	65	29.5	37.5	37	57.5	20.5	50.5	39.5	54	59.5	28	25	41.5	75	26	22	29.5	18.5	33	63	57	31.5	42.5	34.5	38.5	28	33	37	45.5	25.5	32	11	67	52	76.5	3	46	70.5	52.5	35	24.5	40.5	33	49	59	70	51.5	30.5	62	47.5	47	29.5	55.5	22.5	74.5	64	59.5	76	26	70	27.5	54.5	53.5	62.5	5	52.5	38.5	65.5	34	
26.5	83.5	54	48	33	31	61.5	79	40.5	74	39	64.5	36	0	68.5	23.5	77	40.5	34.5	46.5	87	83.5	78	30	42.5	35.5	22.5	56.5	53	35	64.5	32.5	81	30.5	21.5	53	61.5	36.5	54.5	29.5	70	63.5	22	41	37.5	89	32	38	45.5	34.5	11	71	73	47.5	36.5	50.5	54.5	44	11	33	61.5	26.5	48	33	71	56	80.5	39	50	78.5	68.5	31	35.5	24.5	31	65	75	74	67.5	29.5	78	41.5	51	30.5	63.5	38.5	78.5	80	75.5	80	32	74	41.5	58.5	57.5	66.5	31	68.5	34.5	73.5	38	
75	35	30.5	46.5	39.5	65.5	23	42.5	32	25.5	55.5	26	52.5	68.5	0	60	40.5	81	48	48	38.5	35	33.5	66.5	34	37	54	28	41.5	81.5	28	81	32.5	62	70	29.5	35	48	28	72	26.5	13	60.5	27.5	74	42.5	58.5	34.5	27	46	65.5	30.5	24.5	49	75	22	26	40.5	65.5	69.5	33	58	34.5	61.5	34.5	34.5	44	55.5	28.5	38	20	67.5	57	73	65.5	16.5	26.5	37.5	29	63	29.5	80	29.5	62	33	30	42	31.5	27	43.5	58.5	37.5	55	18	19	10	47.5	20	71	33	56.5	
35	75	45.5	53.5	24.5	30.5	53	82.5	32	65.5	30.5	56	27.5	23.5	60	0	90.5	31	48	38	78.5	75	73.5	16.5	34	27	14	48	58.5	31.5	78	39	72.5	22	20	44.5	65	28	68	12	61.5	73	35.5	32.5	24	82.5	23.5	29.5	37	26	30.5	70.5	64.5	39	25	42	46	35.5	30.5	19.5	53	18	39.5	38.5	84.5	65.5	86	30.5	63.5	78	60	17.5	27	33	30.5	56.5	66.5	87.5	59	37	69.5	30	64.5	22	63	30	88	71.5	67	91.5	23.5	77.5	35	72	71	70	22.5	60	21	73	43.5	
75.5	25.5	55	47	74	70	47.5	18	66.5	35	70	44.5	73	77	40.5	90.5	0	89.5	48.5	62.5	16	25.5	27	89	66.5	71.5	86.5	52.5	42	84	18.5	81.5	22	78.5	70.5	56	35.5	72.5	28.5	78.5	39	27.5	61	62	96.5	12	77	69	61.5	74.5	66	30	34	61.5	85.5	56.5	54.5	65	66	86	47.5	82.5	61	62	10	35	14.5	70	29	22.5	40.5	98	73.5	73.5	70	44	34	13	41.5	63.5	31	90.5	30	78.5	37.5	64.5	12.5	23	31.5	3	77	23	65.5	22.5	21.5	30.5	78	40.5	99.5	27.5	57	
14	96	66.5	60.5	45.5	43.5	74	91.5	53	86.5	51.5	77	48.5	40.5	81	31	89.5	0	47	59	99.5	96	90.5	32.5	55	48	35	69	65.5	27.5	77	8	93.5	43	29	65.5	74	49	67	37	82.5	76	34.5	53.5	7	101.5	44.5	50.5	58	47	29.5	83.5	85.5	60	34	63	67	56.5	29.5	35.5	74	39	60.5	45.5	83.5	68.5	93	51.5	62.5	91	81	23.5	48	22	43.5	77.5	87.5	86.5	80	42	90.5	1	63.5	43	76	51	91	92.5	88	92.5	44.5	86.5	54	71	70	79	43.5	81	10	86	50.5	
33	63	37.5	19.5	31.5	27.5	45	50.5	34	47.5	27.5	42	30.5	34.5	48	48	48.5	47	0	14	64.5	63	49.5	46.5	34	25	44	40	24.5	41.5	36	39	70.5	36	28	38.5	33	30	26	36	41.5	35	18.5	34.5	54	60.5	34.5	31.5	39	32	23.5	42.5	66.5	13	43	44	42	27.5	23.5	43.5	35	40	33.5	19.5	42.5	27.5	52	27.5	21.5	50	58	55.5	31	31	27.5	56.5	66.5	45.5	39	21	63.5	48	22.5	36	35	32	50	71.5	69	51.5	34.5	45.5	23	30	29	38	35.5	58	57	45	14.5	
47	63	33.5	33.5	17.5	41.5	41	64.5	20	53.5	33.5	44	30.5	46.5	48	38	62.5	59	14	0	66.5	63	61.5	44.5	22	11	32	36	38.5	55.5	50	53	60.5	40	42	32.5	47	26	40	50	49.5	49	32.5	20.5	52	70.5	36.5	17.5	25	24	37.5	56.5	52.5	1	53	30	34	23.5	37.5	47.5	41	36	27.5	33.5	56.5	41.5	66	33.5	35.5	64	48	45.5	35	45	41.5	44.5	54.5	59.5	47	35	57.5	58	36.5	40	49	18	64	59.5	55	65.5	36.5	59.5	33	44	43	52	25.5	48	49	59	28.5	
91.5	23.5	49	63	58	84	41.5	34	50.5	39	74	44.5	71	87	38.5	78.5	16	99.5	64.5	66.5	0	23.5	37	85	52.5	55.5	72.5	46.5	58	100	34.5	97.5	6	80.5	86.5	48	51.5	66.5	44.5	90.5	45	43.5	77	46	92.5	4	77	53	45.5	64.5	82	44	18	67.5	93.5	40.5	44.5	59	82	88	51.5	76.5	53	78	26	51	30.5	74	45	36.5	28.5	86	75.5	89.5	84	30	20	29	47.5	79.5	23	98.5	46	80.5	51.5	48.5	28.5	7	15.5	13	77	39	73.5	38.5	37.5	46.5	66	28.5	89.5	41.5	73	
90	0	45.5	61.5	54.5	80.5	38	32.5	47	35.5	70.5	41	67.5	83.5	35	75	25.5	96	63	63	23.5	0	33.5	81.5	49	52	69	43	56.5	96.5	33	96	17.5	77	85	44.5	50	63	43	87	41.5	42	75.5	42.5	89	27.5	73.5	49.5	42	61	80.5	40.5	14.5	64	90	37	41	55.5	80.5	84.5	48	73	49.5	76.5	24.5	49.5	11	70.5	43.5	33	25	82.5	72	88	80.5	26.5	16.5	27.5	44	78	19.5	95	44.5	77	48	45	13	16.5	8	28.5	73.5	37.5	70	37	36	45	62.5	25	86	38	71.5	
76.5	33.5	44	48	53	71	36.5	29	45.5	34	69	39.5	66	78	33.5	73.5	27	90.5	49.5	61.5	37	33.5	0	80	47.5	50.5	67.5	41.5	43	85	19.5	82.5	31	75.5	71.5	43	36.5	61.5	29.5	79.5	40	28.5	62	41	87.5	39	72	48	40.5	59.5	67	31	23	62.5	86.5	35.5	39.5	54	67	83	46.5	71.5	48	63	21	36	30.5	69	30	28.5	23.5	81	70.5	74.5	71	25	25	24	42.5	64.5	28	91.5	31	75.5	38.5	43.5	28.5	30	25.5	30	72	4	66.5	23.5	22.5	31.5	61	23.5	84.5	28.5	58	
28.5	81.5	52	60	31	37	59.5	89	38.5	72	37	62.5	34	30	66.5	16.5	89	32.5	46.5	44.5	85	81.5	80	0	40.5	33.5	20.5	54.5	65	33	76.5	34.5	79	28.5	28.5	51	71.5	34.5	66.5	28.5	68	75.5	34	39	25.5	89	30	36	43.5	32.5	29	77	71	45.5	26.5	48.5	52.5	42	29	3	59.5	24.5	46	45	83	68	92.5	37	62	84.5	66.5	19	33.5	26.5	37	63	73	86	65.5	41.5	76	31.5	63	28.5	69.5	36.5	90.5	78	73.5	92	30	84	41.5	70.5	69.5	76.5	29	66.5	22.5	79.5	50	
61	49	19.5	27.5	13.5	39.5	27	56.5	2	39.5	29.5	30	26.5	42.5	34	34	66.5	55	34	22	52.5	49	47.5	40.5	0	11	28	22	32.5	55.5	54	63	46.5	36	54	18.5	39	22	44	46	35.5	47	46.5	6.5	48	56.5	32.5	8.5	11	20	51.5	44.5	38.5	23	49	16	20	14.5	51.5	43.5	27	32	13.5	37.5	60.5	39.5	60	29.5	39.5	52	34	41.5	31	59	39.5	30.5	40.5	61.5	33	41	43.5	54	40.5	36	37	4	62	45.5	41	65.5	32.5	51.5	29	48	47	44	21.5	34	45	47	32.5	
58	52	22.5	30.5	6.5	32.5	30	59.5	9	42.5	22.5	33	19.5	35.5	37	27	71.5	48	25	11	55.5	52	50.5	33.5	11	0	21	25	35.5	48.5	59	56	49.5	29	47	21.5	42	15	49	39	38.5	50	41.5	9.5	41	59.5	25.5	6.5	14	13	46.5	47.5	41.5	12	42	19	23	12.5	46.5	36.5	30	25	16.5	30.5	67.5	42.5	63	22.5	46.5	55	37	34.5	24	54	32.5	33.5	43.5	64.5	36	34	46.5	47	47.5	29	40	7	65	48.5	44	68.5	25.5	54.5	22	55	54	47	14.5	37	38	50	25.5	
41	69	39.5	47.5	18.5	24.5	47	76.5	26	59.5	24.5	50	21.5	22.5	54	14	86.5	35	44	32	72.5	69	67.5	20.5	28	21	0	42	52.5	35.5	74	43	66.5	8	34	38.5	59	22	64	26	55.5	67	31.5	26.5	28	76.5	17.5	23.5	31	20	31.5	64.5	58.5	33	29	36	40	29.5	31.5	23.5	47	4	33.5	32.5	80.5	59.5	80	24.5	59.5	72	54	21.5	21	39	24.5	50.5	60.5	81.5	53	31	63.5	34	60.5	8	57	24	82	65.5	61	85.5	17.5	71.5	29	68	67	64	16.5	54	25	67	37.5	
67	43	18.5	36.5	27.5	53.5	21	50.5	20	33.5	43.5	24	40.5	56.5	28	48	52.5	69	40	36	46.5	43	41.5	54.5	22	25	42	0	31.5	69.5	40	73	40.5	50	62	17.5	33	36	30	60	29.5	39	52.5	15.5	62	50.5	46.5	22.5	15	34	57.5	38.5	32.5	37	63	6	2	28.5	57.5	57.5	5	46	22.5	51.5	46.5	31.5	54	43.5	25.5	46	28	55.5	45	65	53.5	24.5	34.5	49.5	27	55	37.5	68	26.5	50	31	18	54	39.5	35	55.5	46.5	45.5	43	34	33	38	35.5	28	59	41	46.5	
51.5	56.5	13	23	38	46	36.5	44	30.5	41	46	35.5	49	53	41.5	58.5	42	65.5	24.5	38.5	58	56.5	43	65	32.5	35.5	52.5	31.5	0	60	29.5	57.5	56	54.5	46.5	14	26.5	46.5	19.5	54.5	35	28.5	37	26	72.5	54	53	33	25.5	44.5	42	36	48	37.5	61.5	25.5	29.5	39	42	62	28.5	56.5	33	38	36	21	45.5	46	15	43.5	43.5	66	49.5	49.5	46	40	50	39	32.5	39.5	53	66.5	16	54.5	28.5	28.5	43.5	55	50.5	45	53	39	41.5	23.5	22.5	31.5	46	43.5	69.5	38.5	33	
13.5	96.5	67	55	46	38	74.5	86	53.5	83	48	77.5	49	35	81.5	31.5	84	27.5	41.5	55.5	100	96.5	85	33	55.5	48.5	35.5	69.5	60	0	71.5	19.5	94	41.5	23.5	66	68.5	49.5	61.5	31.5	77	70.5	29	54	30.5	96	45	51	58.5	47.5	24	78	86	54.5	28.5	63.5	67.5	57	24	34	70.5	39.5	61	40	78	63	87.5	48	57	85.5	81.5	14	46.5	16.5	38	78	88	81	74.5	36.5	91	28.5	58	41.5	70.5	51.5	85.5	93	88.5	87	45	81	48.5	65.5	64.5	73.5	44	81.5	27.5	80.5	45	
63	33	42.5	34.5	61.5	57.5	35	20.5	54	22.5	57.5	32	60.5	64.5	28	78	18.5	77	36	50	34.5	33	19.5	76.5	54	59	74	40	29.5	71.5	0	69	40.5	66	58	43.5	23	60	16	66	26.5	15	48.5	49.5	84	30.5	64.5	56.5	49	62	53.5	17.5	36.5	49	73	44	42	52.5	53.5	73.5	35	70	48.5	49.5	12.5	22.5	22	57.5	16.5	20	22	85.5	61	61	57.5	31.5	36.5	15.5	29	51	33.5	78	17.5	66	25	52	20	41.5	39	21.5	64.5	15.5	53	10	9	18	65.5	22	87	9	44.5	
6	96	70.5	52.5	53.5	35.5	78	83.5	61	80.5	45.5	75	48.5	32.5	81	39	81.5	8	39	53	97.5	96	82.5	34.5	63	56	43	73	57.5	19.5	69	0	101.5	39	21	71.5	66	53	59	29	74.5	68	26.5	61.5	15	93.5	42.5	58.5	66	55	21.5	75.5	93.5	52	26	71	75	60.5	21.5	31.5	68	43	66.5	37.5	75.5	60.5	85	45.5	54.5	83	89	31.5	44	14	35.5	85.5	95.5	78.5	72	34	96.5	9	55.5	39	68	59	83	100.5	96	84.5	42.5	78.5	46	63	62	71	51.5	89	18	78	42.5	
97.5	17.5	43	61	52	78	35.5	30	44.5	33	68	38.5	65	81	32.5	72.5	22	93.5	70.5	60.5	6	17.5	31	79	46.5	49.5	66.5	40.5	56	94	40.5	101.5	0	74.5	92.5	42	47.5	60.5	50.5	84.5	39	45.5	83	40	86.5	10	71	47	39.5	58.5	88	38	12	61.5	87.5	34.5	38.5	53	88	82	45.5	70.5	47	76	32	53	28.5	68	51	30.5	22.5	80	69.5	95.5	78	24	14	35	41.5	79.5	17	92.5	52	74.5	45.5	42.5	30.5	1	9.5	19	71	35	67.5	44.5	43.5	42.5	60	22.5	83.5	35.5	71	
33	77	47.5	49.5	26.5	32.5	55	80.5	34	67.5	32.5	58	29.5	30.5	62	22	78.5	43	36	40	80.5	77	75.5	28.5	36	29	8	50	54.5	41.5	66	39	74.5	0	28	46.5	63	30	56	34	63.5	65	23.5	34.5	36	84.5	25.5	31.5	39	28	23.5	72.5	66.5	41	37	44	48	37.5	23.5	31.5	55	4	41.5	34.5	72.5	57.5	82	32.5	51.5	80	62	29.5	29	31	32.5	58.5	68.5	75.5	61	31	71.5	42	52.5	0	65	32	80	73.5	69	81.5	25.5	75.5	37	60	59	68	24.5	62	33	75	39.5	
15	85	59.5	41.5	44.5	24.5	67	72.5	52	69.5	34.5	64	37.5	21.5	70	20	70.5	29	28	42	86.5	85	71.5	28.5	54	47	34	62	46.5	23.5	58	21	92.5	28	0	60.5	55	42	48	8	63.5	57	15.5	52.5	36	82.5	31.5	49.5	57	44	10.5	64.5	84.5	41	25	62	64	49.5	10.5	25.5	57	32	55.5	26.5	64.5	49.5	74	34.5	43.5	72	80	37.5	33	13	24.5	76.5	86.5	67.5	61	23	85.5	30	44.5	28	57	50	72	91.5	87	73.5	31.5	67.5	35	52	51	60	42.5	80	39	67	31.5	
65.5	44.5	1	33	24	50	22.5	52	16.5	35	40	25.5	37	53	29.5	44.5	56	65.5	38.5	32.5	48	44.5	43	51	18.5	21.5	38.5	17.5	14	66	43.5	71.5	42	46.5	60.5	0	34.5	32.5	33.5	56.5	31	42.5	51	12	58.5	52	43	19	11.5	30.5	56	40	34	33.5	59.5	11.5	15.5	25	56	54	22.5	42.5	19	48	50	35	55.5	40	29	47.5	29.5	52	41.5	63.5	50	26	36	53	28.5	51.5	39	64.5	30	46.5	32.5	14.5	57.5	41	36.5	59	43	47	39.5	37.5	36.5	39.5	32	29.5	55.5	42.5	43	
60	50	35.5	31.5	44.5	54.5	12	37.5	37	34.5	54.5	9	57.5	61.5	35	65	35.5	74	33	47	51.5	50	36.5	71.5	39	42	59	33	26.5	68.5	23	66	47.5	63	55	34.5	0	53	7	63	28.5	22	45.5	32.5	79	47.5	61.5	39.5	32	51	50.5	29.5	39.5	46	70	27	31	45.5	50.5	70.5	32	63	39.5	46.5	29.5	19.5	39	54.5	13.5	37	35	72.5	58	58	54.5	31.5	41.5	32.5	6	48	44.5	75	14.5	63	2	35	37	46.5	42	38.5	61.5	32.5	50	17	16	25	52.5	35	76	32	41.5	
47	63	33.5	41.5	12.5	33.5	41	70.5	20	53.5	23.5	44	20.5	36.5	48	28	72.5	49	30	26	66.5	63	61.5	34.5	22	15	22	36	46.5	49.5	60	53	60.5	30	42	32.5	53	0	50	40	49.5	59	32.5	20.5	42	70.5	26.5	17.5	25	2	37.5	58.5	52.5	27	43	30	34	23.5	37.5	37.5	41	26	27.5	31.5	66.5	51.5	74	23.5	45.5	66	48	35.5	25	45	33.5	44.5	54.5	69.5	47	35	57.5	48	46.5	30	51	18	74	59.5	55	75.5	26.5	65.5	7	54	53	58	15.5	48	39	61	31.5	
53	43	32.5	24.5	51.5	47.5	19	30.5	44	27.5	47.5	16	50.5	54.5	28	68	28.5	67	26	40	44.5	43	29.5	66.5	44	49	64	30	19.5	61.5	16	59	50.5	56	48	33.5	7	50	0	56	21.5	15	38.5	39.5	74	40.5	54.5	46.5	39	52	43.5	22.5	46.5	39	63	34	32	42.5	43.5	63.5	25	60	38.5	39.5	22.5	12.5	32	47.5	6.5	30	38	75.5	51	51	47.5	36.5	46.5	25.5	13	41	43.5	68	7.5	56	9	42	30	51.5	49	31.5	54.5	25.5	43	10	9	18	55.5	38	77	25	34.5	
23	87	57.5	49.5	36.5	32.5	65	80.5	44	77.5	42.5	68	39.5	29.5	72	12	78.5	37	36	50	90.5	87	79.5	28.5	46	39	26	60	54.5	31.5	66	29	84.5	34	8	56.5	63	40	56	0	71.5	65	23.5	44.5	36	90.5	35.5	41.5	49	38	18.5	72.5	76.5	49	33	54	58	47.5	18.5	31.5	65	30	51.5	34.5	72.5	57.5	82	42.5	51.5	80	72	29.5	39	21	32.5	68.5	78.5	75.5	69	31	81.5	38	52.5	34	65	42	80	83.5	79	81.5	35.5	75.5	43	60	59	68	34.5	72	33	75	39.5	
68.5	41.5	32	40	41	63	24.5	41	33.5	32	57	27.5	54	70	26.5	61.5	39	82.5	41.5	49.5	45	41.5	40	68	35.5	38.5	55.5	29.5	35	77	26.5	74.5	39	63.5	63.5	31	28.5	49.5	21.5	71.5	0	25.5	54	29	75.5	49	60	36	28.5	47.5	59	33	31	50.5	76.5	23.5	27.5	42	59	71	34.5	59.5	36	55	33	28	42.5	57	22	40.5	26.5	69	58.5	66.5	63	23	33	36	30.5	56.5	36	81.5	23	63.5	30.5	31.5	40.5	38	33.5	42	60	36	56.5	20.5	19.5	28.5	49	26.5	72.5	35.5	50	
62	42	41.5	33.5	52.5	56.5	34	29.5	45	26.5	56.5	31	59.5	63.5	13	73	27.5	76	35	49	43.5	42	28.5	75.5	47	50	67	39	28.5	70.5	15	68	45.5	65	57	42.5	22	59	15	65	25.5	0	47.5	40.5	83	39.5	63.5	47.5	40	59	52.5	21.5	37.5	48	72	35	39	51.5	52.5	72.5	34	69	47.5	48.5	21.5	21.5	31	56.5	15.5	29	33	80.5	60	60	56.5	29.5	39.5	24.5	28	50	42.5	77	16.5	65	24	43	29	44.5	40	30.5	63.5	24.5	52	5	6	3	60.5	33	84	24	43.5	
20.5	75.5	50	32	39	9	57.5	63	46.5	60	25	54.5	28	22	60.5	35.5	61	34.5	18.5	32.5	77	75.5	62	34	46.5	41.5	31.5	52.5	37	29	48.5	26.5	83	23.5	15.5	51	45.5	32.5	38.5	23.5	54	47.5	0	47	41.5	73	16	44	51.5	34.5	11	55	79	31.5	30.5	56.5	54.5	40	11	31	47.5	27.5	46	17	55	40	64.5	25	34	62.5	70.5	43	23.5	18.5	9	69	79	58	51.5	13.5	76	35.5	35	23.5	47.5	44.5	62.5	84	81.5	64	16	58	25.5	42.5	41.5	50.5	33	70.5	44.5	57.5	22	
67.5	42.5	13	21	12	38	20.5	50	4.5	33	28	23.5	25	41	27.5	32.5	62	53.5	34.5	20.5	46	42.5	41	39	6.5	9.5	26.5	15.5	26	54	49.5	61.5	40	34.5	52.5	12	32.5	20.5	39.5	44.5	29	40.5	47	0	46.5	50	31	7	4.5	18.5	52	38	32	21.5	47.5	9.5	13.5	13	52	42	20.5	30.5	7	36	58	33	53.5	28	39	45.5	27.5	40	29.5	59.5	38	24	34	55	26.5	39.5	37	52.5	38	34.5	30.5	2.5	55.5	39	34.5	59	31	45	27.5	45.5	46.5	37.5	20	27.5	43.5	40.5	31	
21	89	59.5	67.5	38.5	44.5	67	96.5	46	79.5	44.5	70	41.5	37.5	74	24	96.5	7	54	52	92.5	89	87.5	25.5	48	41	28	62	72.5	30.5	84	15	86.5	36	36	58.5	79	42	74	36	75.5	83	41.5	46.5	0	96.5	37.5	43.5	51	40	36.5	84.5	78.5	53	29	56	60	49.5	36.5	28.5	67	32	53.5	52.5	90.5	75.5	100	44.5	69.5	92	74	16.5	41	29	44.5	70.5	80.5	93.5	73	49	83.5	6	70.5	36	77	44	98	85.5	81	99.5	37.5	91.5	49	78	77	84	36.5	74	3	87	57.5	
87.5	27.5	53	59	62	82	45.5	30	54.5	43	78	48.5	75	89	42.5	82.5	12	101.5	60.5	70.5	4	27.5	39	89	56.5	59.5	76.5	50.5	54	96	30.5	93.5	10	84.5	82.5	52	47.5	70.5	40.5	90.5	49	39.5	73	50	96.5	0	81	57	49.5	68.5	78	42	22	71.5	97.5	44.5	48.5	63	78	92	55.5	80.5	57	74	22	47	26.5	78	41	34.5	32.5	90	79.5	85.5	82	34	24	25	51.5	75.5	27	102.5	42	84.5	49.5	52.5	24.5	11	19.5	9	81	35	77.5	34.5	33.5	42.5	70	32.5	93.5	39.5	69	
36.5	73.5	44	48	23	7	51.5	79	30.5	64	29	54.5	26	32	58.5	23.5	77	44.5	34.5	36.5	77	73.5	72	30	32.5	25.5	17.5	46.5	53	45	64.5	42.5	71	25.5	31.5	43	61.5	26.5	54.5	35.5	60	63.5	16	31	37.5	81	0	28	35.5	24.5	27	69	63	37.5	38.5	40.5	44.5	34	27	33	51.5	21.5	38	33	71	56	80.5	29	50	76.5	58.5	31	25.5	34.5	7	55	65	74	57.5	29.5	68	43.5	51	25.5	61.5	28.5	78.5	70	65.5	80	0	74	33.5	58.5	57.5	66.5	21	58.5	34.5	71.5	38	
60.5	49.5	20	28	9	35	27.5	57	6.5	40	25	30.5	22	38	34.5	29.5	69	50.5	31.5	17.5	53	49.5	48	36	8.5	6.5	23.5	22.5	33	51	56.5	58.5	47	31.5	49.5	19	39.5	17.5	46.5	41.5	36	47.5	44	7	43.5	57	28	0	11.5	15.5	49	45	39	18.5	44.5	16.5	20.5	6	49	39	27.5	27.5	14	33	65	40	60.5	25	44	52.5	34.5	37	26.5	56.5	35	31	41	62	33.5	36.5	44	49.5	45	31.5	37.5	4.5	62.5	46	41.5	66	28	52	24.5	52.5	51.5	44.5	17	34.5	40.5	47.5	28	
68	42	12.5	25.5	16.5	42.5	20	49.5	9	32.5	32.5	23	29.5	45.5	27	37	61.5	58	39	25	45.5	42	40.5	43.5	11	14	31	15	25.5	58.5	49	66	39.5	39	57	11.5	32	25	39	49	28.5	40	51.5	4.5	51	49.5	35.5	11.5	0	23	56.5	37.5	31.5	26	52	9	13	17.5	56.5	46.5	20	35	11.5	40.5	57.5	32.5	53	32.5	36.5	45	27	44.5	34	64	42.5	23.5	33.5	54.5	26	44	36.5	57	37.5	39	30	7	55	38.5	34	58.5	35.5	44.5	32	45	44	37	24.5	27	48	40	35.5	
49	61	31.5	39.5	10.5	31.5	39	68.5	18	51.5	21.5	42	18.5	34.5	46	26	74.5	47	32	24	64.5	61	59.5	32.5	20	13	20	34	44.5	47.5	62	55	58.5	28	44	30.5	51	2	52	38	47.5	59	34.5	18.5	40	68.5	24.5	15.5	23	0	39.5	56.5	50.5	25	41	28	32	21.5	39.5	35.5	39	24	25.5	29.5	68.5	51.5	72	21.5	47.5	64	46	33.5	23	47	31.5	42.5	52.5	71.5	45	33	55.5	46	48.5	28	49	16	74	57.5	53	77.5	24.5	63.5	9	56	55	56	13.5	46	37	59	29.5	
15.5	80.5	55	37	44	20	62.5	68	51.5	65	30	59.5	33	11	65.5	30.5	66	29.5	23.5	37.5	82	80.5	67	29	51.5	46.5	31.5	57.5	42	24	53.5	21.5	88	23.5	10.5	56	50.5	37.5	43.5	18.5	59	52.5	11	52	36.5	78	27	49	56.5	39.5	0	60	84	36.5	25.5	61.5	59.5	45	0	26	52.5	27.5	51	22	60	45	69.5	30	39	67.5	75.5	38	28.5	13.5	20	74	84	63	56.5	18.5	81	30.5	40	23.5	52.5	49.5	67.5	89	86.5	69	27	63	30.5	47.5	46.5	55.5	38	75.5	39.5	62.5	27	
69.5	40.5	41	41	50	64	33.5	32	42.5	5	64	36.5	63	71	30.5	70.5	30	83.5	42.5	56.5	44	40.5	31	77	44.5	47.5	64.5	38.5	36	78	17.5	75.5	38	72.5	64.5	40	29.5	58.5	22.5	72.5	33	21.5	55	38	84.5	42	69	45	37.5	56.5	60	0	30	55.5	79.5	32.5	36.5	51	60	80	41.5	68.5	45	56	24	29	33.5	64	23	31.5	25.5	78	67.5	67.5	64	14	32	27	35.5	57.5	35	84.5	24	72.5	31.5	40.5	31.5	37	32.5	33	69	27	59.5	16.5	15.5	24.5	58	25.5	81.5	26.5	51	
95.5	14.5	35	53	44	70	27.5	18	36.5	25	60	30.5	57	73	24.5	64.5	34	85.5	66.5	52.5	18	14.5	23	71	38.5	41.5	58.5	32.5	48	86	36.5	93.5	12	66.5	84.5	34	39.5	52.5	46.5	76.5	31	37.5	79	32	78.5	22	63	39	31.5	50.5	84	30	0	53.5	79.5	26.5	30.5	45	84	74	37.5	62.5	39	68	26	45	25.5	60	49	22.5	14.5	72	61.5	91.5	70	16	2	23	33.5	71.5	5	84.5	50	66.5	37.5	34.5	27.5	11	6.5	31	63	27	59.5	42.5	41.5	34.5	52	14.5	75.5	27.5	63	
46	64	34.5	32.5	18.5	40.5	42	63.5	21	54.5	34.5	45	31.5	47.5	49	39	61.5	60	13	1	67.5	64	62.5	45.5	23	12	33	37	37.5	54.5	49	52	61.5	41	41	33.5	46	27	39	49	50.5	48	31.5	21.5	53	71.5	37.5	18.5	26	25	36.5	55.5	53.5	0	54	31	35	24.5	36.5	48.5	42	37	28.5	32.5	55.5	40.5	65	34.5	34.5	63	49	46.5	36	44	40.5	45.5	55.5	58.5	48	34	58.5	59	35.5	41	48	19	63	60.5	56	64.5	37.5	58.5	34	43	42	51	26.5	49	50	58	27.5	
20	90	60.5	56.5	39.5	39.5	68	87.5	47	80.5	45.5	71	42.5	36.5	75	25	85.5	34	43	53	93.5	90	86.5	26.5	49	42	29	63	61.5	28.5	73	26	87.5	37	25	59.5	70	43	63	33	76.5	72	30.5	47.5	29	97.5	38.5	44.5	52	41	25.5	79.5	79.5	54	0	57	61	50.5	25.5	29.5	68	33	54.5	41.5	79.5	64.5	89	45.5	58.5	87	75	22.5	42	12	39.5	71.5	81.5	82.5	74	38	84.5	35	59.5	37	72	45	87	86.5	82	88.5	38.5	82.5	50	67	66	75	37.5	75	26	82	46.5	
73	37	12.5	30.5	21.5	47.5	15	44.5	14	27.5	37.5	18	34.5	50.5	22	42	56.5	63	44	30	40.5	37	35.5	48.5	16	19	36	6	25.5	63.5	44	71	34.5	44	62	11.5	27	30	34	54	23.5	35	56.5	9.5	56	44.5	40.5	16.5	9	28	61.5	32.5	26.5	31	57	0	4	22.5	61.5	51.5	11	40	16.5	45.5	52.5	27.5	48	37.5	31.5	40	22	49.5	39	69	47.5	18.5	28.5	49.5	21	49	31.5	62	32.5	44	25	12	50	33.5	29	53.5	40.5	39.5	37	40	39	32	29.5	22	53	35	40.5	
69	41	16.5	34.5	25.5	51.5	19	48.5	18	31.5	41.5	22	38.5	54.5	26	46	54.5	67	42	34	44.5	41	39.5	52.5	20	23	40	2	29.5	67.5	42	75	38.5	48	64	15.5	31	34	32	58	27.5	39	54.5	13.5	60	48.5	44.5	20.5	13	32	59.5	36.5	30.5	35	61	4	0	26.5	59.5	55.5	7	44	20.5	49.5	48.5	31.5	52	41.5	27.5	44	26	53.5	43	67	51.5	22.5	32.5	51.5	25	53	35.5	66	28.5	48	29	16	54	37.5	33	57.5	44.5	43.5	41	36	35	36	33.5	26	57	39	44.5	
54.5	55.5	26	34	15	41	33.5	63	12.5	46	31	36.5	28	44	40.5	35.5	65	56.5	27.5	23.5	59	55.5	54	42	14.5	12.5	29.5	28.5	39	57	52.5	60.5	53	37.5	49.5	25	45.5	23.5	42.5	47.5	42	51.5	40	13	49.5	63	34	6	17.5	21.5	45	51	45	24.5	50.5	22.5	26.5	0	45	45	33.5	33.5	20	39	59	44	66.5	31	38	58.5	40.5	43	32.5	52.5	41	37	47	62	39.5	42.5	50	55.5	39	37.5	43.5	10.5	66.5	52	47.5	68	34	58	30.5	46.5	45.5	50.5	23	40.5	46.5	53.5	34	
15.5	80.5	55	37	44	20	62.5	68	51.5	65	30	59.5	33	11	65.5	30.5	66	29.5	23.5	37.5	82	80.5	67	29	51.5	46.5	31.5	57.5	42	24	53.5	21.5	88	23.5	10.5	56	50.5	37.5	43.5	18.5	59	52.5	11	52	36.5	78	27	49	56.5	39.5	0	60	84	36.5	25.5	61.5	59.5	45	0	26	52.5	27.5	51	22	60	45	69.5	30	39	67.5	75.5	38	28.5	13.5	20	74	84	63	56.5	18.5	81	30.5	40	23.5	52.5	49.5	67.5	89	86.5	69	27	63	30.5	47.5	46.5	55.5	38	75.5	39.5	62.5	27	
25.5	84.5	55	57	34	40	62.5	88	41.5	75	40	65.5	37	33	69.5	19.5	86	35.5	43.5	47.5	88	84.5	83	3	43.5	36.5	23.5	57.5	62	34	73.5	31.5	82	31.5	25.5	54	70.5	37.5	63.5	31.5	71	72.5	31	42	28.5	92	33	39	46.5	35.5	26	80	74	48.5	29.5	51.5	55.5	45	26	0	62.5	27.5	49	42	80	65	89.5	40	59	87.5	69.5	22	36.5	23.5	40	66	76	83	68.5	38.5	79	34.5	60	31.5	72.5	39.5	87.5	81	76.5	89	33	83	44.5	67.5	66.5	75.5	32	69.5	25.5	82.5	47	
62	48	23.5	33.5	32.5	56.5	26	49.5	25	38.5	48.5	29	45.5	61.5	33	53	47.5	74	35	41	51.5	48	46.5	59.5	27	30	47	5	28.5	70.5	35	68	45.5	55	57	22.5	32	41	25	65	34.5	34	47.5	20.5	67	55.5	51.5	27.5	20	39	52.5	41.5	37.5	42	68	11	7	33.5	52.5	62.5	0	51	27.5	48.5	41.5	26.5	51	48.5	20.5	49	33	60.5	50	60	56.5	29.5	39.5	44.5	32	50	42.5	73	21.5	55	34	23	49	44.5	40	50.5	51.5	44.5	48	29	28	37	40.5	33	64	44	43.5	
37	73	43.5	51.5	22.5	28.5	51	80.5	30	63.5	28.5	54	25.5	26.5	58	18	82.5	39	40	36	76.5	73	71.5	24.5	32	25	4	46	56.5	39.5	70	43	70.5	4	32	42.5	63	26	60	30	59.5	69	27.5	30.5	32	80.5	21.5	27.5	35	24	27.5	68.5	62.5	37	33	40	44	33.5	27.5	27.5	51	0	37.5	36.5	76.5	61.5	84	28.5	55.5	76	58	25.5	25	35	28.5	54.5	64.5	79.5	57	35	67.5	38	56.5	4	61	28	84	69.5	65	85.5	21.5	75.5	33	64	63	68	20.5	58	29	71	41.5	
60.5	49.5	20	14	19	45	27.5	57	11.5	40	35	30.5	32	48	34.5	39.5	61	60.5	33.5	27.5	53	49.5	48	46	13.5	16.5	33.5	22.5	33	61	48.5	66.5	47	41.5	55.5	19	39.5	27.5	38.5	51.5	36	47.5	46	7	53.5	57	38	14	11.5	25.5	51	45	39	28.5	54.5	16.5	20.5	20	51	49	27.5	37.5	0	43	55	40	60.5	35	34	52.5	34.5	47	36.5	58.5	45	31	41	58	33.5	46.5	44	59.5	35	41.5	37.5	9.5	62.5	46	41.5	64	38	52	34.5	42.5	41.5	44.5	27	34.5	50.5	47.5	38	
31.5	76.5	49	33	28	26	56.5	64	35.5	61	8	55.5	11	33	61.5	38.5	62	45.5	19.5	33.5	78	76.5	63	45	37.5	30.5	32.5	51.5	38	40	49.5	37.5	76	34.5	26.5	48	46.5	31.5	39.5	34.5	55	48.5	17	36	52.5	74	33	33	40.5	29.5	22	56	68	32.5	41.5	45.5	49.5	39	22	42	48.5	36.5	43	0	56	41	65.5	8	35	63.5	63.5	46	29.5	29.5	26	60	70	59	52.5	19.5	73	46.5	36	34.5	48.5	33.5	63.5	75	70.5	65	33	59	26.5	43.5	42.5	51.5	16	63.5	49.5	58.5	23	
69.5	24.5	49	41	70	64	41.5	8	62.5	29	64	38.5	67	71	34.5	84.5	10	83.5	42.5	56.5	26	24.5	21	83	60.5	67.5	80.5	46.5	36	78	12.5	75.5	32	72.5	64.5	50	29.5	66.5	22.5	72.5	33	21.5	55	58	90.5	22	71	65	57.5	68.5	60	24	26	55.5	79.5	52.5	48.5	59	60	80	41.5	76.5	55	56	0	29	13.5	64	23	16.5	34.5	92	67.5	67.5	64	38	24	3	35.5	57.5	21	84.5	24	72.5	31.5	60.5	11.5	33	32.5	13	71	17	59.5	16.5	15.5	24.5	72	34.5	93.5	21.5	51	
54.5	49.5	34	26	45	49	31.5	37	37.5	34	49	28.5	52	56	34.5	65.5	35	68.5	27.5	41.5	51	49.5	36	68	39.5	42.5	59.5	31.5	21	63	22.5	60.5	53	57.5	49.5	35	19.5	51.5	12.5	57.5	28	21.5	40	33	75.5	47	56	40	32.5	51.5	45	29	45	40.5	64.5	27.5	31.5	44	45	65	26.5	61.5	40	41	29	0	38.5	49	6	36.5	40.5	73	52.5	52.5	49	37	47	32	25.5	42.5	50	69.5	5	57.5	21.5	35.5	36.5	52	47.5	38	56	32	44.5	16.5	15.5	24.5	53	40.5	76.5	31.5	36	
79	11	56.5	50.5	65.5	73.5	49	21.5	58	38.5	73.5	48	76.5	80.5	44	86	14.5	93	52	66	30.5	11	30.5	92.5	60	63	80	54	45.5	87.5	22	85	28.5	82	74	55.5	39	74	32	82	42.5	31	64.5	53.5	100	26.5	80.5	60.5	53	72	69.5	33.5	25.5	65	89	48	52	66.5	69.5	89.5	51	84	60.5	65.5	13.5	38.5	0	73.5	32.5	26	36	93.5	77	77	73.5	37.5	27.5	16.5	45	67	30.5	94	33.5	82	41	56	2	27.5	19	17.5	80.5	26.5	69	26	25	34	73.5	36	97	31	60.5	
39.5	70.5	41	41	20	34	48.5	72	27.5	61	0	51.5	3	39	55.5	30.5	70	51.5	27.5	33.5	74	70.5	69	37	29.5	22.5	24.5	43.5	46	48	57.5	45.5	68	32.5	34.5	40	54.5	23.5	47.5	42.5	57	56.5	25	28	44.5	78	29	25	32.5	21.5	30	64	60	34.5	45.5	37.5	41.5	31	30	40	48.5	28.5	35	8	64	49	73.5	0	43	71.5	55.5	38	27.5	37.5	34	52	62	67	54.5	27.5	65	50.5	44	32.5	56.5	25.5	71.5	67	62.5	73	29	67	30.5	51.5	50.5	59.5	8	55.5	41.5	66.5	31	
48.5	43.5	28	20	49	43	25.5	31	41.5	28	43	22.5	46	50	28.5	63.5	29	62.5	21.5	35.5	45	43.5	30	62	39.5	46.5	59.5	25.5	15	57	16.5	54.5	51	51.5	43.5	29	13.5	45.5	6.5	51.5	22	15.5	34	39	69.5	41	50	44	36.5	47.5	39	23	49	34.5	58.5	31.5	27.5	38	39	59	20.5	55.5	34	35	23	6	32.5	43	0	30.5	38.5	71	46.5	46.5	43	37	47	26	19.5	36.5	44	63.5	1	51.5	15.5	41.5	30.5	52	51.5	32	50	26	38.5	10.5	9.5	18.5	51	38.5	72.5	25.5	30	
77	33	48.5	48.5	57.5	71.5	41	24.5	50	36.5	71.5	44	70.5	78.5	38	78	22.5	91	50	64	36.5	33	28.5	84.5	52	55	72	46	43.5	85.5	20	83	30.5	80	72	47.5	37	66	30	80	40.5	29	62.5	45.5	92	34.5	76.5	52.5	45	64	67.5	31.5	22.5	63	87	40	44	58.5	67.5	87.5	49	76	52.5	63.5	16.5	36.5	26	71.5	30.5	0	28	85.5	75	75	71.5	29.5	24.5	19.5	43	65	27.5	92	31.5	80	39	48	24	29.5	25	25.5	76.5	24.5	67	24	23	32	65.5	28	89	29	58.5	
85	25	30.5	48.5	39.5	65.5	23	32.5	32	20.5	55.5	26	52.5	68.5	20	60	40.5	81	58	48	28.5	25	23.5	66.5	34	37	54	28	43.5	81.5	22	89	22.5	62	80	29.5	35	48	38	72	26.5	33	70.5	27.5	74	32.5	58.5	34.5	27	46	75.5	25.5	14.5	49	75	22	26	40.5	75.5	69.5	33	58	34.5	63.5	34.5	40.5	36	55.5	38.5	28	0	67.5	57	83	65.5	11.5	16.5	37.5	29	67	19.5	80	39.5	62	33	30	38	21.5	17	41.5	58.5	27.5	55	32	31	30	47.5	0	71	13	58.5	
27.5	82.5	53	61	32	38	60.5	90	39.5	73	38	63.5	35	31	67.5	17.5	98	23.5	55.5	45.5	86	82.5	81	19	41.5	34.5	21.5	55.5	66	14	85.5	31.5	80	29.5	37.5	52	72.5	35.5	75.5	29.5	69	80.5	43	40	16.5	90	31	37	44.5	33.5	38	78	72	46.5	22.5	49.5	53.5	43	38	22	60.5	25.5	47	46	92	73	93.5	38	71	85.5	67.5	0	34.5	30.5	38	64	74	95	66.5	44.5	77	22.5	72	29.5	70.5	37.5	95.5	79	74.5	99	31	85	42.5	79.5	78.5	77.5	30	67.5	13.5	80.5	51	
38	72	42.5	44.5	21.5	32.5	50	75.5	29	62.5	27.5	53	24.5	35.5	57	27	73.5	48	31	35	75.5	72	70.5	33.5	31	24	21	45	49.5	46.5	61	44	69.5	29	33	41.5	58	25	51	39	58.5	60	23.5	29.5	41	79.5	25.5	26.5	34	23	28.5	67.5	61.5	36	42	39	43	32.5	28.5	36.5	50	25	36.5	29.5	67.5	52.5	77	27.5	46.5	75	57	34.5	0	36	32.5	53.5	63.5	70.5	56	10	66.5	47	47.5	29	60	27	75	68.5	64	76.5	25.5	70.5	32	55	54	63	19.5	57	38	70	34.5	
8	88	62.5	44.5	51.5	27.5	70	75.5	59	72.5	37.5	67	40.5	24.5	73	33	73.5	22	31	45	89.5	88	74.5	26.5	59	54	39	65	49.5	16.5	61	14	95.5	31	13	63.5	58	45	51	21	66.5	60	18.5	59.5	29	85.5	34.5	56.5	64	47	13.5	67.5	91.5	44	12	69	67	52.5	13.5	23.5	60	35	58.5	29.5	67.5	52.5	77	37.5	46.5	75	83	30.5	36	0	27.5	81.5	91.5	70.5	64	26	88.5	23	47.5	31	60	57	75	96.5	94	76.5	34.5	70.5	38	55	54	63	45.5	83	32	70	34.5	
29.5	80.5	51	41	30	0	58.5	72	37.5	69	34	61.5	33	31	65.5	30.5	70	43.5	27.5	41.5	84	80.5	71	37	39.5	32.5	24.5	53.5	46	38	57.5	35.5	78	32.5	24.5	50	54.5	33.5	47.5	32.5	63	56.5	9	38	44.5	82	7	35	42.5	31.5	20	64	70	40.5	39.5	47.5	51.5	41	20	40	56.5	28.5	45	26	64	49	73.5	34	43	71.5	65.5	38	32.5	27.5	0	62	72	67	60.5	22.5	75	44.5	44	32.5	56.5	35.5	71.5	77	72.5	73	7	67	34.5	51.5	50.5	59.5	28	65.5	41.5	66.5	31	
83.5	26.5	27	45	36	62	19.5	34	28.5	9	52	22.5	49	65	16.5	56.5	44	77.5	56.5	44.5	30	26.5	25	63	30.5	33.5	50.5	24.5	40	78	31.5	85.5	24	58.5	76.5	26	31.5	44.5	36.5	68.5	23	29.5	69	24	70.5	34	55	31	23.5	42.5	74	14	16	45.5	71.5	18.5	22.5	37	74	66	29.5	54.5	31	60	38	37	37.5	52	37	29.5	11.5	64	53.5	81.5	62	0	18	39	25.5	63.5	21	76.5	38	58.5	29.5	26.5	39.5	23	18.5	43	55	29	51.5	30.5	29.5	26.5	44	11.5	67.5	24.5	55	
93.5	16.5	37	55	46	72	29.5	16	38.5	27	62	32.5	59	75	26.5	66.5	34	87.5	66.5	54.5	20	16.5	25	73	40.5	43.5	60.5	34.5	50	88	36.5	95.5	14	68.5	86.5	36	41.5	54.5	46.5	78.5	33	39.5	79	34	80.5	24	65	41	33.5	52.5	84	32	2	55.5	81.5	28.5	32.5	47	84	76	39.5	64.5	41	70	24	47	27.5	62	47	24.5	16.5	74	63.5	91.5	72	18	0	21	35.5	73.5	3	86.5	48	68.5	39.5	36.5	29.5	13	8.5	33	65	29	61.5	40.5	39.5	36.5	54	16.5	77.5	29.5	65	
72.5	27.5	52	44	67	67	44.5	5	59.5	32	67	41.5	70	74	37.5	87.5	13	86.5	45.5	59.5	29	27.5	24	86	61.5	64.5	81.5	49.5	39	81	15.5	78.5	35	75.5	67.5	53	32.5	69.5	25.5	75.5	36	24.5	58	55	93.5	25	74	62	54.5	71.5	63	27	23	58.5	82.5	49.5	51.5	62	63	83	44.5	79.5	58	59	3	32	16.5	67	26	19.5	37.5	95	70.5	70.5	67	39	21	0	38.5	60.5	18	87.5	27	75.5	34.5	57.5	14.5	34	29.5	16	74	20	62.5	19.5	18.5	27.5	75	37.5	96.5	24.5	54	
66	44	29.5	37.5	38.5	60.5	6	43.5	31	34.5	54.5	3	51.5	67.5	29	59	41.5	80	39	47	47.5	44	42.5	65.5	33	36	53	27	32.5	74.5	29	72	41.5	61	61	28.5	6	47	13	69	30.5	28	51.5	26.5	73	51.5	57.5	33.5	26	45	56.5	35.5	33.5	48	74	21	25	39.5	56.5	68.5	32	57	33.5	52.5	35.5	25.5	45	54.5	19.5	43	29	66.5	56	64	60.5	25.5	35.5	38.5	0	54	38.5	79	20.5	61	4	29	43	40.5	36	44.5	57.5	38.5	54	23	22	31	46.5	29	70	38	47.5	
28	78	52.5	34.5	31.5	22.5	60	65.5	39	62.5	27.5	57	30.5	29.5	63	37	63.5	42	21	35	79.5	78	64.5	41.5	41	34	31	55	39.5	36.5	51	34	79.5	31	23	51.5	48	35	41	31	56.5	50	13.5	39.5	49	75.5	29.5	36.5	44	33	18.5	57.5	71.5	34	38	49	53	42.5	18.5	38.5	50	35	46.5	19.5	57.5	42.5	67	27.5	36.5	65	67	44.5	10	26	22.5	63.5	73.5	60.5	54	0	76.5	43	37.5	31	50	37	65	78.5	74	66.5	29.5	60.5	28	45	44	53	29.5	67	48	60	24.5	
90.5	19.5	40	58	49	75	32.5	13	41.5	30	65	35.5	62	78	29.5	69.5	31	90.5	63.5	57.5	23	19.5	28	76	43.5	46.5	63.5	37.5	53	91	33.5	96.5	17	71.5	85.5	39	44.5	57.5	43.5	81.5	36	42.5	76	37	83.5	27	68	44	36.5	55.5	81	35	5	58.5	84.5	31.5	35.5	50	81	79	42.5	67.5	44	73	21	50	30.5	65	44	27.5	19.5	77	66.5	88.5	75	21	3	18	38.5	76.5	0	89.5	45	71.5	42.5	39.5	32.5	16	11.5	34	68	32	64.5	37.5	36.5	39.5	57	19.5	80.5	32.5	68	
15	95	65.5	61.5	44.5	44.5	73	92.5	52	85.5	50.5	76	47.5	41.5	80	30	90.5	1	48	58	98.5	95	91.5	31.5	54	47	34	68	66.5	28.5	78	9	92.5	42	30	64.5	75	48	68	38	81.5	77	35.5	52.5	6	102.5	43.5	49.5	57	46	30.5	84.5	84.5	59	35	62	66	55.5	30.5	34.5	73	38	59.5	46.5	84.5	69.5	94	50.5	63.5	92	80	22.5	47	23	44.5	76.5	86.5	87.5	79	43	89.5	0	64.5	42	77	50	92	91.5	87	93.5	43.5	87.5	55	72	71	80	42.5	80	9	87	51.5	
49.5	44.5	29	21	50	44	26.5	32	42.5	29	44	23.5	47	51	29.5	64.5	30	63.5	22.5	36.5	46	44.5	31	63	40.5	47.5	60.5	26.5	16	58	17.5	55.5	52	52.5	44.5	30	14.5	46.5	7.5	52.5	23	16.5	35	38	70.5	42	51	45	37.5	48.5	40	24	50	35.5	59.5	32.5	28.5	39	40	60	21.5	56.5	35	36	24	5	33.5	44	1	31.5	39.5	72	47.5	47.5	44	38	48	27	20.5	37.5	45	64.5	0	52.5	16.5	40.5	31.5	53	52.5	33	51	27	39.5	11.5	10.5	19.5	52	39.5	73.5	26.5	31	
33	77	47.5	49.5	26.5	32.5	55	80.5	34	67.5	32.5	58	29.5	30.5	62	22	78.5	43	36	40	80.5	77	75.5	28.5	36	29	8	50	54.5	41.5	66	39	74.5	0	28	46.5	63	30	56	34	63.5	65	23.5	34.5	36	84.5	25.5	31.5	39	28	23.5	72.5	66.5	41	37	44	48	37.5	23.5	31.5	55	4	41.5	34.5	72.5	57.5	82	32.5	51.5	80	62	29.5	29	31	32.5	58.5	68.5	75.5	61	31	71.5	42	52.5	0	65	32	80	73.5	69	81.5	25.5	75.5	37	60	59	68	24.5	62	33	75	39.5	
62	48	33.5	33.5	42.5	56.5	10	39.5	35	36.5	56.5	7	55.5	63.5	33	63	37.5	76	35	49	51.5	48	38.5	69.5	37	40	57	31	28.5	70.5	25	68	45.5	65	57	32.5	2	51	9	65	30.5	24	47.5	30.5	77	49.5	61.5	37.5	30	49	52.5	31.5	37.5	48	72	25	29	43.5	52.5	72.5	34	61	37.5	48.5	31.5	21.5	41	56.5	15.5	39	33	70.5	60	60	56.5	29.5	39.5	34.5	4	50	42.5	77	16.5	65	0	33	39	44.5	40	40.5	61.5	34.5	52	19	18	27	50.5	33	74	34	43.5	
65	45	15.5	23.5	9.5	35.5	23	52.5	2	35.5	25.5	26	22.5	38.5	30	30	64.5	51	32	18	48.5	45	43.5	36.5	4	7	24	18	28.5	51.5	52	59	42.5	32	50	14.5	35	18	42	42	31.5	43	44.5	2.5	44	52.5	28.5	4.5	7	16	49.5	40.5	34.5	19	45	12	16	10.5	49.5	39.5	23	28	9.5	33.5	60.5	35.5	56	25.5	41.5	48	30	37.5	27	57	35.5	26.5	36.5	57.5	29	37	39.5	50	40.5	32	33	0	58	41.5	37	61.5	28.5	47.5	25	48	49	40	17.5	30	41	43	28.5	
77	13	56.5	48.5	67.5	71.5	49	19.5	60	36.5	71.5	46	74.5	78.5	42	88	12.5	91	50	64	28.5	13	28.5	90.5	62	65	82	54	43.5	85.5	20	83	30.5	80	72	57.5	37	74	30	80	40.5	29	62.5	55.5	98	24.5	78.5	62.5	55	74	67.5	31.5	27.5	63	87	50	54	66.5	67.5	87.5	49	84	62.5	63.5	11.5	36.5	2	71.5	30.5	24	38	95.5	75	75	71.5	39.5	29.5	14.5	43	65	32.5	92	31.5	80	39	58	0	29.5	21	15.5	78.5	24.5	67	24	23	32	75.5	38	99	29	58.5	
98.5	16.5	42	60	51	77	34.5	29	43.5	32	67	37.5	64	80	31.5	71.5	23	92.5	71.5	59.5	7	16.5	30	78	45.5	48.5	65.5	39.5	55	93	41.5	100.5	1	73.5	91.5	41	46.5	59.5	51.5	83.5	38	44.5	84	39	85.5	11	70	46	38.5	57.5	89	37	11	60.5	86.5	33.5	37.5	52	89	81	44.5	69.5	46	75	33	52	27.5	67	52	29.5	21.5	79	68.5	96.5	77	23	13	34	40.5	78.5	16	91.5	53	73.5	44.5	41.5	29.5	0	8.5	20	70	34	66.5	45.5	44.5	41.5	59	21.5	82.5	34.5	70	
98	8	37.5	55.5	46.5	72.5	30	24.5	39	27.5	62.5	33	59.5	75.5	27	67	31.5	88	69	55	15.5	8	25.5	73.5	41	44	61	35	50.5	88.5	39	96	9.5	69	87	36.5	42	55	49	79	33.5	40	81.5	34.5	81	19.5	65.5	41.5	34	53	86.5	32.5	6.5	56	82	29	33	47.5	86.5	76.5	40	65	41.5	70.5	32.5	47.5	19	62.5	51.5	25	17	74.5	64	94	72.5	18.5	8.5	29.5	36	74	11.5	87	52.5	69	40	37	21	8.5	0	28.5	65.5	29.5	62	45	44	37	54.5	17	78	30	65.5	
78.5	28.5	58	50	71	73	50.5	21	63.5	38	73	47.5	76	80	43.5	91.5	3	92.5	51.5	65.5	13	28.5	30	92	65.5	68.5	85.5	55.5	45	87	21.5	84.5	19	81.5	73.5	59	38.5	75.5	31.5	81.5	42	30.5	64	59	99.5	9	80	66	58.5	77.5	69	33	31	64.5	88.5	53.5	57.5	68	69	89	50.5	85.5	64	65	13	38	17.5	73	32	25.5	41.5	99	76.5	76.5	73	43	33	16	44.5	66.5	34	93.5	33	81.5	40.5	61.5	15.5	20	28.5	0	80	26	68.5	25.5	24.5	33.5	79	41.5	102.5	30.5	60	
36.5	73.5	44	48	23	7	51.5	79	30.5	64	29	54.5	26	32	58.5	23.5	77	44.5	34.5	36.5	77	73.5	72	30	32.5	25.5	17.5	46.5	53	45	64.5	42.5	71	25.5	31.5	43	61.5	26.5	54.5	35.5	60	63.5	16	31	37.5	81	0	28	35.5	24.5	27	69	63	37.5	38.5	40.5	44.5	34	27	33	51.5	21.5	38	33	71	56	80.5	29	50	76.5	58.5	31	25.5	34.5	7	55	65	74	57.5	29.5	68	43.5	51	25.5	61.5	28.5	78.5	70	65.5	80	0	74	33.5	58.5	57.5	66.5	21	58.5	34.5	71.5	38	
72.5	37.5	48	44	57	67	40.5	25	49.5	32	67	41.5	70	74	37.5	77.5	23	86.5	45.5	59.5	39	37.5	4	84	51.5	54.5	71.5	45.5	39	81	15.5	78.5	35	75.5	67.5	47	32.5	65.5	25.5	75.5	36	24.5	58	45	91.5	35	74	52	44.5	63.5	63	27	27	58.5	82.5	39.5	43.5	58	63	83	44.5	75.5	52	59	17	32	26.5	67	26	24.5	27.5	85	70.5	70.5	67	29	29	20	38.5	60.5	32	87.5	27	75.5	34.5	47.5	24.5	34	29.5	26	74	0	62.5	19.5	18.5	27.5	65	27.5	88.5	24.5	54	
40	70	40.5	36.5	19.5	34.5	48	67.5	27	60.5	30.5	51	27.5	41.5	55	35	65.5	54	23	33	73.5	70	66.5	41.5	29	22	29	43	41.5	48.5	53	46	67.5	37	35	39.5	50	7	43	43	56.5	52	25.5	27.5	49	77.5	33.5	24.5	32	9	30.5	59.5	59.5	34	50	37	41	30.5	30.5	44.5	48	33	34.5	26.5	59.5	44.5	69	30.5	38.5	67	55	42.5	32	38	34.5	51.5	61.5	62.5	54	28	64.5	55	39.5	37	52	25	67	66.5	62	68.5	33.5	62.5	0	47	46	55	22.5	55	46	62	26.5	
57	37	36.5	28.5	57.5	51.5	29	24.5	50	21.5	51.5	26	54.5	58.5	18	72	22.5	71	30	44	38.5	37	23.5	70.5	48	55	68	34	23.5	65.5	10	63	44.5	60	52	37.5	17	54	10	60	20.5	5	42.5	45.5	78	34.5	58.5	52.5	45	56	47.5	16.5	42.5	43	67	40	36	46.5	47.5	67.5	29	64	42.5	43.5	16.5	16.5	26	51.5	10.5	24	32	79.5	55	55	51.5	30.5	40.5	19.5	23	45	37.5	72	11.5	60	19	48	24	45.5	45	25.5	58.5	19.5	47	0	1	8	59.5	32	81	19	38.5	
56	36	35.5	27.5	56.5	50.5	28	23.5	49	20.5	50.5	25	53.5	57.5	19	71	21.5	70	29	43	37.5	36	22.5	69.5	47	54	67	33	22.5	64.5	9	62	43.5	59	51	36.5	16	53	9	59	19.5	6	41.5	46.5	77	33.5	57.5	51.5	44	55	46.5	15.5	41.5	42	66	39	35	45.5	46.5	66.5	28	63	41.5	42.5	15.5	15.5	25	50.5	9.5	23	31	78.5	54	54	50.5	29.5	39.5	18.5	22	44	36.5	71	10.5	59	18	49	23	44.5	44	24.5	57.5	18.5	46	1	0	9	58.5	31	80	18	37.5	
65	45	40.5	36.5	49.5	59.5	33	32.5	42	29.5	59.5	34	62.5	66.5	10	70	30.5	79	38	52	46.5	45	31.5	76.5	44	47	64	38	31.5	73.5	18	71	42.5	68	60	39.5	25	58	18	68	28.5	3	50.5	37.5	84	42.5	66.5	44.5	37	56	55.5	24.5	34.5	51	75	32	36	50.5	55.5	75.5	37	68	44.5	51.5	24.5	24.5	34	59.5	18.5	32	30	77.5	63	63	59.5	26.5	36.5	27.5	31	53	39.5	80	19.5	68	27	40	32	41.5	37	33.5	66.5	27.5	55	8	9	0	57.5	30	81	27	46.5	
47.5	62.5	33	41	12	28	40.5	70	19.5	53	8	43.5	5	31	47.5	22.5	78	43.5	35.5	25.5	66	62.5	61	29	21.5	14.5	16.5	35.5	46	44	65.5	51.5	60	24.5	42.5	32	52.5	15.5	55.5	34.5	49	60.5	33	20	36.5	70	21	17	24.5	13.5	38	58	52	26.5	37.5	29.5	33.5	23	38	32	40.5	20.5	27	16	72	53	73.5	8	51	65.5	47.5	30	19.5	45.5	28	44	54	75	46.5	29.5	57	42.5	52	24.5	50.5	17.5	75.5	59	54.5	79	21	65	22.5	59.5	58.5	57.5	0	47.5	33.5	60.5	31	
85	25	30.5	48.5	39.5	65.5	23	32.5	32	20.5	55.5	26	52.5	68.5	20	60	40.5	81	58	48	28.5	25	23.5	66.5	34	37	54	28	43.5	81.5	22	89	22.5	62	80	29.5	35	48	38	72	26.5	33	70.5	27.5	74	32.5	58.5	34.5	27	46	75.5	25.5	14.5	49	75	22	26	40.5	75.5	69.5	33	58	34.5	63.5	34.5	40.5	36	55.5	38.5	28	0	67.5	57	83	65.5	11.5	16.5	37.5	29	67	19.5	80	39.5	62	33	30	38	21.5	17	41.5	58.5	27.5	55	32	31	30	47.5	0	71	13	58.5	
24	86	56.5	64.5	35.5	41.5	64	93.5	43	76.5	41.5	67	38.5	34.5	71	21	99.5	10	57	49	89.5	86	84.5	22.5	45	38	25	59	69.5	27.5	87	18	83.5	33	39	55.5	76	39	77	33	72.5	84	44.5	43.5	3	93.5	34.5	40.5	48	37	39.5	81.5	75.5	50	26	53	57	46.5	39.5	25.5	64	29	50.5	49.5	93.5	76.5	97	41.5	72.5	89	71	13.5	38	32	41.5	67.5	77.5	96.5	70	48	80.5	9	73.5	33	74	41	99	82.5	78	102.5	34.5	88.5	46	81	80	81	33.5	71	0	84	54.5	
72	38	43.5	43.5	52.5	66.5	36	29.5	45	31.5	66.5	39	65.5	73.5	33	73	27.5	86	45	59	41.5	38	28.5	79.5	47	50	67	41	38.5	80.5	9	78	35.5	75	67	42.5	32	61	25	75	35.5	24	57.5	40.5	87	39.5	71.5	47.5	40	59	62.5	26.5	27.5	58	82	35	39	53.5	62.5	82.5	44	71	47.5	58.5	21.5	31.5	31	66.5	25.5	29	13	80.5	70	70	66.5	24.5	29.5	24.5	38	60	32.5	87	26.5	75	34	43	29	34.5	30	30.5	71.5	24.5	62	19	18	27	60.5	13	84	0	53.5	
36.5	71.5	44	28	19	31	51.5	59	30.5	56	31	50.5	34	38	56.5	43.5	57	50.5	14.5	28.5	73	71.5	58	50	32.5	25.5	37.5	46.5	33	45	44.5	42.5	71	39.5	31.5	43	41.5	31.5	34.5	39.5	50	43.5	22	31	57.5	69	38	28	35.5	29.5	27	51	63	27.5	46.5	40.5	44.5	34	27	47	43.5	41.5	38	23	51	36	60.5	31	30	58.5	58.5	51	34.5	34.5	31	55	65	54	47.5	24.5	68	51.5	31	39.5	43.5	28.5	58.5	70	65.5	60	38	54	26.5	38.5	37.5	46.5	31	58.5	54.5	53.5	0	
