Number of items: 100
Horizon: 9
Time limit: 750
Load limit: 6000
Initial item inventory level
48
282
154
97
184
22
246
87
174
86
219
11
78
48
47
297
168
114
96
50
96
81
58
52
168
90
84
36
132
210
38
138
62
48
288
90
44
54
23
142
138
68
264
198
104
29
240
108
15
83
11
162
28
76
62
78
240
79
30
95
46
11
78
80
54
106
162
60
285
78
66
97
26
21
114
85
97
58
146
195
24
65
48
108
237
168
93
195
33
44
150
117
195
41
79
47
49
201
164
108
Maximum inventory capacity per item
96
376
231
194
276
33
328
116
261
172
292
22
104
96
94
396
224
171
144
100
128
162
116
78
252
120
112
54
198
280
57
207
124
96
384
180
88
108
46
213
207
102
352
264
156
58
320
144
30
166
22
243
42
114
93
104
320
158
60
190
69
22
156
160
72
159
216
120
380
117
132
194
52
42
171
170
194
116
219
260
36
130
64
144
316
252
124
260
66
88
200
156
260
82
158
94
98
268
246
144
Reserve storage replenishment rate per item and per period
288	0	0	288	0	0	288	0	0	
564	0	0	564	0	0	564	0	0	
462	0	0	462	0	0	462	0	0	
582	0	0	582	0	0	582	0	0	
552	0	0	552	0	0	552	0	0	
66	0	0	66	0	0	66	0	0	
492	0	0	492	0	0	492	0	0	
174	0	0	174	0	0	174	0	0	
522	0	0	522	0	0	522	0	0	
516	0	0	516	0	0	516	0	0	
438	0	0	438	0	0	438	0	0	
66	0	0	66	0	0	66	0	0	
156	0	0	156	0	0	156	0	0	
288	0	0	288	0	0	288	0	0	
282	0	0	282	0	0	282	0	0	
594	0	0	594	0	0	594	0	0	
336	0	0	336	0	0	336	0	0	
342	0	0	342	0	0	342	0	0	
288	0	0	288	0	0	288	0	0	
300	0	0	300	0	0	300	0	0	
192	0	0	192	0	0	192	0	0	
486	0	0	486	0	0	486	0	0	
348	0	0	348	0	0	348	0	0	
156	0	0	156	0	0	156	0	0	
504	0	0	504	0	0	504	0	0	
180	0	0	180	0	0	180	0	0	
168	0	0	168	0	0	168	0	0	
108	0	0	108	0	0	108	0	0	
396	0	0	396	0	0	396	0	0	
420	0	0	420	0	0	420	0	0	
114	0	0	114	0	0	114	0	0	
414	0	0	414	0	0	414	0	0	
372	0	0	372	0	0	372	0	0	
288	0	0	288	0	0	288	0	0	
576	0	0	576	0	0	576	0	0	
540	0	0	540	0	0	540	0	0	
264	0	0	264	0	0	264	0	0	
324	0	0	324	0	0	324	0	0	
138	0	0	138	0	0	138	0	0	
426	0	0	426	0	0	426	0	0	
414	0	0	414	0	0	414	0	0	
204	0	0	204	0	0	204	0	0	
528	0	0	528	0	0	528	0	0	
396	0	0	396	0	0	396	0	0	
312	0	0	312	0	0	312	0	0	
174	0	0	174	0	0	174	0	0	
480	0	0	480	0	0	480	0	0	
216	0	0	216	0	0	216	0	0	
90	0	0	90	0	0	90	0	0	
498	0	0	498	0	0	498	0	0	
66	0	0	66	0	0	66	0	0	
486	0	0	486	0	0	486	0	0	
84	0	0	84	0	0	84	0	0	
228	0	0	228	0	0	228	0	0	
186	0	0	186	0	0	186	0	0	
156	0	0	156	0	0	156	0	0	
480	0	0	480	0	0	480	0	0	
474	0	0	474	0	0	474	0	0	
180	0	0	180	0	0	180	0	0	
570	0	0	570	0	0	570	0	0	
138	0	0	138	0	0	138	0	0	
66	0	0	66	0	0	66	0	0	
468	0	0	468	0	0	468	0	0	
480	0	0	480	0	0	480	0	0	
108	0	0	108	0	0	108	0	0	
318	0	0	318	0	0	318	0	0	
324	0	0	324	0	0	324	0	0	
360	0	0	360	0	0	360	0	0	
570	0	0	570	0	0	570	0	0	
234	0	0	234	0	0	234	0	0	
396	0	0	396	0	0	396	0	0	
582	0	0	582	0	0	582	0	0	
156	0	0	156	0	0	156	0	0	
126	0	0	126	0	0	126	0	0	
342	0	0	342	0	0	342	0	0	
510	0	0	510	0	0	510	0	0	
582	0	0	582	0	0	582	0	0	
348	0	0	348	0	0	348	0	0	
438	0	0	438	0	0	438	0	0	
390	0	0	390	0	0	390	0	0	
72	0	0	72	0	0	72	0	0	
390	0	0	390	0	0	390	0	0	
96	0	0	96	0	0	96	0	0	
216	0	0	216	0	0	216	0	0	
474	0	0	474	0	0	474	0	0	
504	0	0	504	0	0	504	0	0	
186	0	0	186	0	0	186	0	0	
390	0	0	390	0	0	390	0	0	
198	0	0	198	0	0	198	0	0	
264	0	0	264	0	0	264	0	0	
300	0	0	300	0	0	300	0	0	
234	0	0	234	0	0	234	0	0	
390	0	0	390	0	0	390	0	0	
246	0	0	246	0	0	246	0	0	
474	0	0	474	0	0	474	0	0	
282	0	0	282	0	0	282	0	0	
294	0	0	294	0	0	294	0	0	
402	0	0	402	0	0	402	0	0	
492	0	0	492	0	0	492	0	0	
216	0	0	216	0	0	216	0	0	
Forward storage demand rate per item and per period
48	43	30	34	74	45	45	14	50	
94	156	33	154	80	164	60	74	173	
77	45	44	65	61	31	69	76	79	
97	15	75	144	151	96	52	89	82	
92	165	37	137	126	28	136	78	33	
11	5	13	15	5	12	15	14	13	
82	162	50	92	50	127	37	56	61	
29	31	15	42	33	32	42	11	36	
87	78	65	102	92	56	110	20	81	
86	162	32	98	110	57	60	70	132	
73	24	81	47	23	101	76	103	68	
11	14	11	10	10	9	10	11	14	
26	32	37	35	26	25	31	28	4	
48	89	74	54	64	19	64	54	14	
47	53	56	75	66	40	43	54	83	
99	85	110	77	97	98	146	84	109	
56	54	61	78	86	41	17	15	42	
57	50	43	23	21	101	64	64	66	
48	56	48	26	25	49	83	67	58	
50	31	32	27	36	67	18	72	21	
32	39	34	50	25	27	35	40	29	
81	83	126	46	96	153	71	58	81	
58	23	82	50	46	14	43	17	89	
26	26	30	27	35	25	39	38	3	
84	69	43	116	108	72	84	54	78	
30	51	31	26	35	22	18	27	32	
28	34	8	20	26	37	27	5	30	
18	21	28	25	27	17	13	16	18	
66	63	75	37	71	88	78	28	92	
70	47	73	61	86	13	74	66	78	
19	26	19	21	16	17	16	13	21	
69	98	75	115	103	88	52	60	59	
62	71	42	34	90	71	57	45	109	
48	32	21	26	41	53	56	46	40	
96	65	130	91	8	164	32	87	104	
90	133	72	71	167	37	42	152	157	
44	40	23	14	40	45	43	40	29	
54	41	25	55	46	67	63	52	34	
23	3	15	13	19	22	30	4	35	
71	35	47	32	43	66	126	44	114	
69	52	93	70	79	45	75	58	119	
34	22	32	16	58	38	19	16	25	
88	150	74	46	109	48	62	99	73	
66	60	79	31	77	55	62	80	46	
52	45	52	51	26	43	53	80	51	
29	32	29	52	45	28	29	48	18	
80	61	78	91	35	71	127	44	28	
36	36	55	42	37	11	23	31	22	
15	3	10	22	4	15	10	21	23	
83	110	46	107	132	85	54	138	62	
11	12	6	4	15	5	15	2	2	
81	107	71	105	95	131	106	68	35	
14	16	12	20	19	17	20	14	3	
38	2	65	23	47	49	34	9	38	
31	46	22	35	20	51	35	20	29	
26	40	35	18	37	15	11	26	28	
80	63	99	114	68	128	57	107	82	
79	107	142	16	123	124	83	112	85	
30	32	49	34	36	6	41	28	34	
95	132	59	75	111	87	83	104	62	
23	26	15	4	14	9	37	13	29	
11	9	12	7	14	10	11	4	16	
78	102	134	24	62	105	29	91	70	
80	130	42	79	98	67	108	61	54	
18	7	13	22	19	14	9	15	12	
53	44	63	52	93	73	55	36	25	
54	27	14	41	54	50	39	78	71	
60	40	71	79	21	19	51	71	54	
95	127	105	103	69	98	46	96	98	
39	34	49	26	46	25	40	42	30	
66	49	60	73	29	88	36	96	104	
97	55	45	144	148	127	62	30	98	
26	37	14	18	5	30	33	30	33	
21	33	16	32	14	37	33	15	9	
57	50	50	69	59	58	12	53	49	
85	15	81	98	114	24	92	75	150	
97	111	25	68	111	120	38	128	57	
58	87	58	50	76	95	80	27	59	
73	106	103	122	24	23	80	15	82	
65	61	82	89	80	20	41	107	78	
12	10	12	15	13	12	4	16	12	
65	54	72	4	64	36	36	77	35	
16	12	9	27	17	9	27	19	13	
36	20	11	14	43	14	33	40	54	
79	76	112	85	130	93	26	31	94	
84	56	97	105	69	70	26	74	84	
31	16	12	34	32	28	27	56	30	
65	36	101	83	58	59	32	99	19	
33	32	36	31	28	29	31	43	44	
44	30	80	47	76	35	33	59	35	
50	81	66	81	79	89	79	75	23	
39	13	18	26	74	12	44	66	64	
65	60	62	48	94	47	28	97	19	
41	42	38	41	35	76	66	25	67	
79	79	77	94	83	73	42	79	66	
47	71	33	31	59	52	20	66	44	
49	36	82	52	53	7	62	51	73	
67	78	34	89	71	67	87	82	89	
82	103	100	148	132	148	75	71	55	
36	19	41	17	35	37	70	15	35	
Distance matrix
0	63.5	19	63.5	56	58.5	68.5	21	74.5	13	73.5	42	79.5	36.5	37.5	24	68.5	79.5	27.5	46	73	75.5	9.5	47	41	76	21.5	8	32	14.5	30.5	79	26	58.5	67.5	90	57.5	23	33	44.5	102.5	12	22.5	29	54	19.5	73.5	53	52	44	89.5	22.5	65	72.5	28	78.5	53	36.5	27.5	88.5	28	80.5	74.5	28	54.5	13.5	24	28.5	48.5	38	68	32	31.5	81.5	46.5	52.5	65.5	87.5	27.5	43	15	37	22	33.5	29	25	25	6	46	88.5	81	62.5	23.5	47	77.5	56.5	45.5	80	29	31.5	26	
63.5	0	72.5	0	19.5	27	27	84.5	23	76.5	10	55.5	16	45	56	47.5	43	28	76	19.5	38.5	24	68	60.5	24.5	35.5	80	61.5	75.5	53	69	32.5	39.5	5	44	38.5	26	56.5	56.5	67	39	75.5	51	52.5	17.5	68	22	16.5	59.5	57.5	38	81	38.5	39	61.5	27	46.5	55	46	37	61.5	29	11	41.5	33	52	87.5	67	57	51.5	31.5	65.5	80	18	65	51	2	36	46	46.5	68.5	30.5	45.5	78	52.5	78.5	68.5	69.5	59.5	37	29.5	41	52	50.5	34	15	54	31.5	42.5	70	59.5	
19	72.5	0	72.5	65	67.5	77.5	30	83.5	32	82.5	49	76.5	45.5	46.5	33	57.5	86.5	28.5	55	58	84.5	23.5	44	50	65	29.5	11	29	23.5	35.5	62	35	67.5	48.5	91	66.5	32	42	31.5	83.5	31	31.5	38	63	28.5	82.5	62	39	47	86.5	28.5	66	53.5	37	87.5	58	45.5	36.5	97.5	37	85.5	81.5	37	63.5	22.5	27	37.5	47.5	47	73	39	19.5	74.5	39.5	53.5	74.5	88.5	36.5	52	4	46	31	22.5	38	6	34	25	45	87.5	80	63.5	32.5	54	68.5	65.5	50.5	71	38	34.5	35	
63.5	0	72.5	0	19.5	27	27	84.5	23	76.5	10	55.5	16	45	56	47.5	43	28	76	19.5	38.5	24	68	60.5	24.5	35.5	80	61.5	75.5	53	69	32.5	39.5	5	44	38.5	26	56.5	56.5	67	39	75.5	51	52.5	17.5	68	22	16.5	59.5	57.5	38	81	38.5	39	61.5	27	46.5	55	46	37	61.5	29	11	41.5	33	52	87.5	67	57	51.5	31.5	65.5	80	18	65	51	2	36	46	46.5	68.5	30.5	45.5	78	52.5	78.5	68.5	69.5	59.5	37	29.5	41	52	50.5	34	15	54	31.5	42.5	70	59.5	
56	19.5	65	19.5	0	19.5	24.5	77	30.5	69	29.5	48	35.5	37.5	48.5	40	35.5	35.5	68.5	12	31	31.5	60.5	53	17	20	72.5	54	68	45.5	61.5	23	32	14.5	36.5	46	18.5	49	49	59.5	46.5	68	43.5	45	2	60.5	29.5	3	52	50	45.5	73.5	31	31.5	54	34.5	39	47.5	38.5	44.5	54	36.5	30.5	34	25.5	44.5	80	59.5	49.5	44	12	58	72.5	37.5	57.5	43.5	21.5	43.5	38.5	39	61	23	38	70.5	45	71	61	62	52	44.5	37	33.5	44.5	43	31.5	12.5	46.5	34	35	62.5	52	
58.5	27	67.5	27	19.5	0	32	75.5	38	71.5	37	50.5	37	40	51	42.5	28	43	69	14.5	23.5	39	63	49.5	19.5	25.5	75	56.5	64.5	48	64	22.5	34.5	22	29	51.5	1	51.5	51.5	52	44	70.5	46	47.5	17.5	63	37	16.5	44.5	52.5	47	74	31.5	24	56.5	42	41.5	50	41	52	56.5	44	38	36.5	28	47	72.5	62	48	46.5	31.5	60.5	65	35	50	44	29	49	41	41.5	63.5	25.5	40.5	63	47.5	71.5	63.5	64.5	50.5	48	40.5	34	47	45.5	29	20	49	31.5	37.5	65	54.5	
68.5	27	77.5	27	24.5	32	0	75.5	38	81.5	33	54.5	27	50	59	52.5	28	37	69	24.5	23.5	39	73	49.5	29.5	20.5	75	66.5	64.5	58	66	17.5	44.5	22	29	41.5	31	61.5	61.5	52	34	80.5	56	57.5	22.5	73	37	21.5	44.5	52.5	37	74	31.5	24	66.5	38	43.5	60	51	48	66.5	36	32	46.5	38	57	72.5	68	48	56.5	28.5	64.5	65	25	50	44	29	39	51	51.5	73.5	35.5	50.5	63	57.5	71.5	71.5	74.5	50.5	38	30.5	34	57	49.5	9	12	51	21.5	47.5	65	64.5	
21	84.5	30	84.5	77	75.5	75.5	0	95.5	8	80.5	47	74.5	57.5	46.5	45	55.5	84.5	26.5	67	56	96.5	30.5	42	62	63	22.5	29	27	35.5	33.5	60	47	79.5	46.5	89	76.5	44	46	29.5	81.5	9	43.5	50	75	34.5	90.5	74	37	45	84.5	21.5	64	51.5	41	85.5	56	47.5	48.5	95.5	41	83.5	79.5	49	69.5	34.5	3	35.5	45.5	51	71	37	12.5	72.5	37.5	51.5	86.5	86.5	48.5	56	34	58	43	20.5	50	24	34	15	43	85.5	78	61.5	44.5	52	66.5	77.5	48.5	69	50	32.5	43	
74.5	23	83.5	23	30.5	38	38	95.5	0	87.5	33	66.5	39	56	67	58.5	58	29	87	30.5	57.5	15	79	71.5	35.5	50.5	91	72.5	86.5	64	80	51.5	50.5	18	63	24.5	37	67.5	67.5	84	28	86.5	62	63.5	28.5	79	23	27.5	76.5	68.5	29	92	49.5	58	72.5	28	57.5	66	57	14	72.5	30	34	52.5	44	63	98.5	78	68	62.5	42.5	76.5	99	41	76	62	25	27	57	57.5	79.5	41.5	56.5	93	63.5	89.5	79.5	80.5	70.5	28	35.5	52	63	61.5	47	26	65	44.5	53.5	81	70.5	
13	76.5	32	76.5	69	71.5	81.5	8	87.5	0	86.5	55	82.5	49.5	50.5	37	63.5	92.5	34.5	59	64	88.5	22.5	50	54	71	30.5	21	35	27.5	41.5	68	39	71.5	54.5	97	70.5	36	46	37.5	89.5	1	35.5	42	67	32.5	86.5	66	45	53	92.5	29.5	72	59.5	41	91.5	64	49.5	40.5	101.5	41	91.5	87.5	41	67.5	26.5	11	41.5	53.5	51	79	45	20.5	80.5	45.5	59.5	78.5	94.5	40.5	56	28	50	35	28.5	42	32	38	7	51	93.5	86	69.5	36.5	60	74.5	69.5	56.5	77	42	40.5	39	
73.5	10	82.5	10	29.5	37	33	80.5	33	86.5	0	59.5	6	55	64	57.5	33	32	74	29.5	28.5	34	78	54.5	34.5	25.5	80	71.5	69.5	63	71	22.5	49.5	15	34	36.5	36	66.5	66.5	57	29	85.5	61	62.5	27.5	78	32	26.5	49.5	57.5	32	79	36.5	29	71.5	33	48.5	65	56	43	71.5	31	1	51.5	43	62	77.5	73	53	61.5	33.5	69.5	70	8	55	49	8	34	56	56.5	78.5	40.5	55.5	68	62.5	76.5	76.5	79.5	55.5	33	25.5	39	62	54.5	24	25	56	21.5	52.5	70	69.5	
42	55.5	49	55.5	48	50.5	54.5	47	66.5	55	59.5	0	53.5	28.5	30.5	26	34.5	63.5	40.5	38	35	67.5	46.5	5	33	42	46.5	40	36	31.5	37.5	39	16	50.5	25.5	68	49.5	35	35	23.5	60.5	54	29.5	31	46	46.5	65.5	45	10	2	63.5	45.5	43	30.5	40	64.5	35	31.5	24.5	74.5	40	62.5	58.5	14	46.5	30.5	44	39.5	24.5	4	50	36	36.5	51.5	21.5	30.5	57.5	65.5	24.5	35	47	29	24	34.5	31	43	43	48	4	64.5	57	40.5	30.5	31	45.5	48.5	27.5	48	13	36.5	38	
79.5	16	76.5	16	35.5	37	27	74.5	39	82.5	6	53.5	0	59	58	63.5	27	26	68	35.5	22.5	40	84	48.5	40.5	19.5	74	77.5	63.5	69	65	16.5	55.5	21	28	30.5	38	72.5	62.5	51	23	83.5	67	66.5	33.5	76	32	32.5	43.5	51.5	26	73	30.5	23	67.5	27	42.5	59	62	37	67.5	25	5	57.5	41	68	71.5	67	47	57.5	27.5	63.5	64	2	49	43	14	28	62	52.5	80.5	46.5	61.5	62	66.5	70.5	70.5	85.5	49.5	27	19.5	33	68	48.5	18	31	50	15.5	58.5	64	69.5	
36.5	45	45.5	45	37.5	40	50	57.5	56	49.5	55	28.5	59	0	29	20.5	40	61	49	27.5	40.5	57	41	31.5	22.5	47.5	53	34.5	46.5	26	42	44.5	12.5	40	31	71.5	39	29.5	29.5	34	66	48.5	24	25.5	35.5	41	55	34.5	26.5	30.5	69	54	46.5	36	34.5	60	34.5	28	19	70	34.5	62	56	14.5	36	25	54.5	40	12	24.5	49.5	38.5	47	57	32	34	47	69	19	24.5	41.5	18.5	18.5	45	25.5	51.5	41.5	42.5	32.5	70	62.5	44	25	28.5	51	38	9	53.5	15.5	43	32.5	
37.5	56	46.5	56	48.5	51	59	46.5	67	50.5	64	30.5	58	29	0	21.5	39	68	40	38.5	39.5	68	42	25.5	33.5	46.5	46	35.5	35.5	27	37	43.5	18.5	51	30	72.5	50	30.5	30.5	23	65	49.5	25	26.5	46.5	42	66	45.5	20.5	28.5	68	45	47.5	35	35.5	69	39.5	1	10	79	35.5	67	63	20.5	47	26	43.5	39	29	30.5	54.5	35.5	36	56	9	35	58	70	10	35.5	42.5	29.5	19.5	34	26.5	42.5	42.5	43.5	26.5	69	61.5	45	26	35.5	50	49	32	52.5	21.5	36	33.5	
24	47.5	33	47.5	40	42.5	52.5	45	58.5	37	57.5	26	63.5	20.5	21.5	0	52.5	63.5	36.5	30	53	59.5	28.5	31	25	60	40.5	22	36	13.5	29.5	57	10	42.5	43.5	74	41.5	17	9	31.5	78.5	36	11.5	5	38	28.5	57.5	37	34	28	73.5	41.5	49	48.5	22	62.5	37	20.5	11.5	72.5	22	64.5	58.5	12	38.5	12.5	48	27.5	32.5	22	52	26	44.5	65.5	30.5	36.5	49.5	71.5	11.5	27	29	21	2	42.5	5	39	29	30	30	72.5	65	46.5	12.5	31	61.5	40.5	29.5	64	13	30.5	20	
68.5	43	57.5	43	35.5	28	28	55.5	58	63.5	33	34.5	27	40	39	52.5	0	37	49	29.5	8.5	51	67	29.5	29.5	15.5	55	66.5	44.5	58	46	12.5	44.5	42	9	41.5	29	53.5	43.5	32	34	64.5	54	47.5	37.5	57	43	36.5	24.5	32.5	37	54	16.5	4	48.5	38	23.5	40	49	48	48.5	36	32	46.5	14	57	52.5	48	28	38.5	23.5	44.5	45	25	30	24	41	39	49	33.5	61.5	35.5	50.5	43	47.5	51.5	51.5	70.5	30.5	38	30.5	6	53	29.5	19	40	31	21.5	47.5	45	50.5	
79.5	28	86.5	28	35.5	43	37	84.5	29	92.5	32	63.5	26	61	68	63.5	37	0	78	35.5	32.5	30	84	58.5	40.5	29.5	84	77.5	73.5	69	75	26.5	55.5	23	38	30.5	42	72.5	72.5	61	23	91.5	67	68.5	33.5	84	6	32.5	53.5	61.5	26	83	40.5	33	77.5	1	52.5	69	62	37	77.5	1	31	57.5	49	68	81.5	77	57	67.5	37.5	73.5	74	24	59	53	30	28	62	62.5	84.5	46.5	61.5	72	68.5	80.5	80.5	85.5	59.5	27	24.5	43	68	58.5	28	31	60	25.5	58.5	74	75.5	
27.5	76	28.5	76	68.5	69	69	26.5	87	34.5	74	40.5	68	49	40	36.5	49	78	0	58.5	49.5	88	32	35.5	53.5	56.5	26	25.5	20.5	27	27	53.5	38.5	71	40	82.5	70	35.5	39.5	23	75	35.5	35	41.5	66.5	8	84	65.5	30.5	38.5	78	25	57.5	45	34.5	79	49.5	41	40	89	34.5	77	73	40.5	63	26	23.5	29	39	44.5	64.5	30.5	16	66	31	45	78	80	40	49.5	32.5	49.5	34.5	6	41.5	22.5	27.5	33.5	36.5	79	71.5	55	36	45.5	60	69	42	62.5	41.5	26	36.5	
46	19.5	55	19.5	12	14.5	24.5	67	30.5	59	29.5	38	35.5	27.5	38.5	30	29.5	35.5	58.5	0	27	31.5	50.5	43	7	32	62.5	44	58	35.5	51.5	35	22	14.5	36.5	46	13.5	39	39	55.5	56.5	58	33.5	35	10	50.5	29.5	9	48	40	45.5	63.5	19	31.5	44	34.5	29	37.5	28.5	44.5	44	36.5	30.5	24	15.5	34.5	70	49.5	39.5	34	24	48	72.5	37.5	47.5	33.5	21.5	43.5	28.5	29	51	13	28	64.5	35	61	51	52	42	44.5	37	23.5	34.5	33	33.5	12.5	36.5	36	25	52.5	42	
73	38.5	58	38.5	31	23.5	23.5	56	57.5	64	28.5	35	22.5	40.5	39.5	53	8.5	32.5	49.5	27	0	46.5	67.5	30	34	11	55.5	69	45	62.5	46.5	8	49	41.5	9.5	37	24.5	54	44	32.5	29.5	65	54.5	48	33	57.5	38.5	34	25	33	32.5	54.5	8	4.5	49	33.5	24	40.5	49.5	43.5	49	31.5	27.5	49	22.5	61.5	53	48.5	28.5	39	19	45	45.5	20.5	30.5	24.5	36.5	34.5	49.5	34	62	40	55	43.5	48	52	52	71	31	33.5	26	14.5	53.5	30	14.5	35.5	31.5	17	48	45.5	51	
75.5	24	84.5	24	31.5	39	39	96.5	15	88.5	34	67.5	40	57	68	59.5	51	30	88	31.5	46.5	0	80	72.5	36.5	43.5	92	73.5	87.5	65	81	40.5	51.5	19	52	30.5	38	68.5	68.5	75	27	87.5	63	64.5	29.5	80	24	28.5	67.5	69.5	14	93	50.5	47	73.5	29	58.5	67	58	29	73.5	31	35	53.5	45	64	95.5	79	69	63.5	43.5	77.5	88	38	73	63	26	12	58	58.5	80.5	42.5	57.5	86	64.5	90.5	80.5	81.5	71.5	13	36.5	53	64	62.5	42	27	66	39.5	54.5	82	71.5	
9.5	68	23.5	68	60.5	63	73	30.5	79	22.5	78	46.5	84	41	42	28.5	67	84	32	50.5	67.5	80	0	51.5	45.5	74.5	12	12.5	36.5	19	35	71.5	30.5	63	58	94.5	62	27.5	37.5	41	93	21.5	27	33.5	58.5	24	78	57.5	48.5	48.5	94	13	69.5	63	32.5	83	57.5	41	32	93	32.5	85	79	32.5	59	18	31.5	33	53	42.5	72.5	36.5	22	84	49	57	70	92	32	47.5	19.5	41.5	26.5	32	33.5	29.5	29.5	15.5	50.5	93	85.5	67	28	51.5	78	61	50	80.5	33.5	36	30.5	
47	60.5	44	60.5	53	49.5	49.5	42	71.5	50	54.5	5	48.5	31.5	25.5	31	29.5	58.5	35.5	43	30	72.5	51.5	0	38	37	41.5	45	31	36.5	32.5	34	21	55.5	20.5	63	50.5	40	30	18.5	55.5	51	34.5	34	51	43.5	64.5	50	5	3	58.5	40.5	38	25.5	35	59.5	30	26.5	29.5	69.5	35	57.5	53.5	19	43.5	35.5	39	34.5	19.5	9	45	31	31.5	46.5	16.5	25.5	62.5	60.5	29.5	30	48	34	29	29.5	34	38	38	53	1	59.5	52	35.5	35.5	26	40.5	53.5	22.5	43	18	31.5	37	
41	24.5	50	24.5	17	19.5	29.5	62	35.5	54	34.5	33	40.5	22.5	33.5	25	29.5	40.5	53.5	7	34	36.5	45.5	38	0	37	57.5	39	53	30.5	46.5	40	17	19.5	31.5	51	18.5	34	34	50.5	61.5	53	28.5	30	15	45.5	34.5	14	43	35	50.5	58.5	26	31.5	39	39.5	24	32.5	23.5	49.5	39	41.5	35.5	19	15.5	29.5	65	44.5	34.5	29	29	43	67.5	42.5	42.5	28.5	26.5	48.5	23.5	24	46	8	23	59.5	30	56	46	47	37	49.5	42	23.5	29.5	28	38.5	17.5	31.5	41	20	47.5	37	
76	35.5	65	35.5	20	25.5	20.5	63	50.5	71	25.5	42	19.5	47.5	46.5	60	15.5	29.5	56.5	32	11	43.5	74.5	37	37	0	62.5	74	52	65.5	53.5	3	52	34.5	16.5	34	26.5	61	51	39.5	26.5	72	61.5	55	22	64.5	35.5	23	32	40	29.5	61.5	19	11.5	56	30.5	31	47.5	56.5	40.5	56	28.5	24.5	54	29.5	64.5	60	55.5	35.5	46	8	52	52.5	17.5	37.5	31.5	33.5	31.5	56.5	41	69	43	58	50.5	55	59	59	78	38	30.5	23	21.5	60.5	37	11.5	32.5	38.5	14	55	52.5	58	
21.5	80	29.5	80	72.5	75	75	22.5	91	30.5	80	46.5	74	53	46	40.5	55	84	26	62.5	55.5	92	12	41.5	57.5	62.5	0	24.5	26.5	31	33	59.5	42.5	75	46	88.5	74	39.5	45.5	29	81	31.5	39	45.5	70.5	34	90	69.5	36.5	44.5	84	1	63.5	51	40.5	85	55.5	47	44	95	40.5	83	79	44.5	69	30	19.5	35	45	50.5	70.5	36.5	10	72	37	51	82	86	44	55.5	31.5	53.5	38.5	20	45.5	23.5	33.5	27.5	42.5	85	77.5	61	40	51.5	66	73	48	68.5	45.5	32	42.5	
8	61.5	11	61.5	54	56.5	66.5	29	72.5	21	71.5	40	77.5	34.5	35.5	22	66.5	77.5	25.5	44	69	73.5	12.5	45	39	74	24.5	0	30	12.5	28.5	73	24	56.5	59.5	88	55.5	21	31	42.5	94.5	20	20.5	27	52	17.5	71.5	51	50	42	87.5	25.5	63	64.5	26	76.5	51	34.5	25.5	86.5	26	78.5	72.5	26	52.5	11.5	32	26.5	46.5	36	66	30	30.5	79.5	44.5	50.5	63.5	85.5	25.5	41	7	35	20	31.5	27	17	23	14	44	86.5	79	60.5	21.5	45	75.5	54.5	43.5	78	27	29.5	24	
32	75.5	29	75.5	68	64.5	64.5	27	86.5	35	69.5	36	63.5	46.5	35.5	36	44.5	73.5	20.5	58	45	87.5	36.5	31	53	52	26.5	30	0	26.5	22.5	49	38	70.5	35.5	78	65.5	35	35	18.5	70.5	36	34.5	39	66	28.5	79.5	65	26	34	73.5	25.5	53	40.5	30	74.5	45	36.5	39.5	84.5	30	72.5	68.5	40	58.5	25.5	24	24.5	34.5	40	60	26	16.5	61.5	26.5	40.5	77.5	75.5	39.5	45	33	49	34	14.5	39	23	7	38	32	74.5	67	50.5	35.5	41	55.5	68.5	37.5	58	41	21.5	32	
14.5	53	23.5	53	45.5	48	58	35.5	64	27.5	63	31.5	69	26	27	13.5	58	69	27	35.5	62.5	65	19	36.5	30.5	65.5	31	12.5	26.5	0	16	66.5	15.5	48	53	79.5	47	12.5	22.5	34	88	26.5	12	18.5	43.5	19	63	42.5	41.5	33.5	79	32	54.5	58	17.5	68	42.5	26	17	78	17.5	70	64	17.5	44	1	38.5	14	38	27.5	57.5	21.5	39	71	36	42	55	77	17	32.5	19.5	26.5	11.5	33	18.5	29.5	19.5	20.5	35.5	78	70.5	52	13	36.5	67	46	35	69.5	18.5	17	15.5	
30.5	69	35.5	69	61.5	64	66	33.5	80	41.5	71	37.5	65	42	37	29.5	46	75	27	51.5	46.5	81	35	32.5	46.5	53.5	33	28.5	22.5	16	0	50.5	31.5	64	37	79.5	63	28.5	36.5	20	72	42.5	28	34.5	59.5	35	79	58.5	27.5	35.5	75	32	54.5	42	31.5	76	46.5	38	33	86	31.5	74	70	33.5	60	17	30.5	2	36	41.5	61.5	27.5	23	63	28	42	71	77	33	46.5	35.5	42.5	27.5	21	34.5	29.5	29.5	36.5	33.5	76	68.5	52	29	42.5	57	62	39	59.5	34.5	1	31.5	
79	32.5	62	32.5	23	22.5	17.5	60	51.5	68	22.5	39	16.5	44.5	43.5	57	12.5	26.5	53.5	35	8	40.5	71.5	34	40	3	59.5	73	49	66.5	50.5	0	55	37.5	13.5	31	23.5	58	48	36.5	23.5	69	58.5	52	25	61.5	32.5	26	29	37	26.5	58.5	16	8.5	53	27.5	28	44.5	53.5	37.5	53	25.5	21.5	53	26.5	67.5	57	52.5	32.5	43	11	49	49.5	14.5	34.5	28.5	30.5	28.5	53.5	38	66	44	59	47.5	52	56	56	75	35	27.5	20	18.5	57.5	34	8.5	29.5	35.5	11	52	49.5	55	
26	39.5	35	39.5	32	34.5	44.5	47	50.5	39	49.5	16	55.5	12.5	18.5	10	44.5	55.5	38.5	22	49	51.5	30.5	21	17	52	42.5	24	38	15.5	31.5	55	0	34.5	41.5	66	33.5	19	19	35.5	76.5	38	13.5	15	30	30.5	49.5	29	26	18	65.5	43.5	41	46.5	24	54.5	29	17.5	8.5	64.5	24	56.5	50.5	2	30.5	14.5	50	29.5	24.5	12	44	28	52.5	57.5	27.5	28.5	41.5	63.5	8.5	19	31	13	8	44.5	15	41	31	32	20	64.5	57	38.5	14.5	23	53.5	32.5	21.5	56	3	32.5	22	
58.5	5	67.5	5	14.5	22	22	79.5	18	71.5	15	50.5	21	40	51	42.5	42	23	71	14.5	41.5	19	63	55.5	19.5	34.5	75	56.5	70.5	48	64	37.5	34.5	0	49	33.5	21	51.5	51.5	68	44	70.5	46	47.5	12.5	63	17	11.5	60.5	52.5	33	76	33.5	44	56.5	22	41.5	50	41	32	56.5	24	16	36.5	28	47	82.5	62	52	46.5	26.5	60.5	85	23	60	46	7	31	41	41.5	63.5	25.5	40.5	77	47.5	73.5	63.5	64.5	54.5	32	24.5	36	47	45.5	31	10	49	28.5	37.5	65	54.5	
67.5	44	48.5	44	36.5	29	29	46.5	63	54.5	34	25.5	28	31	30	43.5	9	38	40	36.5	9.5	52	58	20.5	31.5	16.5	46	59.5	35.5	53	37	13.5	41.5	49	0	42.5	30	44.5	34.5	23	35	55.5	45	38.5	38.5	48	44	39.5	15.5	23.5	38	45	17.5	5	39.5	39	14.5	31	40	49	39.5	37	33	39.5	23	54	43.5	39	19	29.5	24.5	35.5	36	26	21	15	42	40	40	24.5	52.5	30.5	45.5	34	38.5	42.5	42.5	61.5	21.5	39	31.5	15	44	20.5	20	41	22	22.5	38.5	36	41.5	
90	38.5	91	38.5	46	51.5	41.5	89	24.5	97	36.5	68	30.5	71.5	72.5	74	41.5	30.5	82.5	46	37	30.5	94.5	63	51	34	88.5	88	78	79.5	79.5	31	66	33.5	42.5	0	52.5	83	77	65.5	12.5	98	77.5	79	44	90.5	36.5	43	58	66	20.5	87.5	45	37.5	82	31.5	57	73.5	72.5	26.5	82	29.5	35.5	68	55.5	78.5	86	81.5	61.5	72	42	78	78.5	28.5	63.5	57.5	40.5	22.5	72.5	67	95	57	72	76.5	79	85	85	96	64	21.5	29	47.5	78.5	63	32.5	41.5	64.5	30	69	78.5	84	
57.5	26	66.5	26	18.5	1	31	76.5	37	70.5	36	49.5	38	39	50	41.5	29	42	70	13.5	24.5	38	62	50.5	18.5	26.5	74	55.5	65.5	47	63	23.5	33.5	21	30	52.5	0	50.5	50.5	53	45	69.5	45	46.5	16.5	62	36	15.5	45.5	51.5	48	75	32.5	25	55.5	41	40.5	49	40	51	55.5	43	37	35.5	27	46	73.5	61	49	45.5	30.5	59.5	66	36	51	45	28	50	40	40.5	62.5	24.5	39.5	64	46.5	72.5	62.5	63.5	51.5	49	41.5	35	46	44.5	30	19	48	32.5	36.5	64	53.5	
23	56.5	32	56.5	49	51.5	61.5	44	67.5	36	66.5	35	72.5	29.5	30.5	17	53.5	72.5	35.5	39	54	68.5	27.5	40	34	61	39.5	21	35	12.5	28.5	58	19	51.5	44.5	83	50.5	0	26	27.5	79.5	35	15.5	22	47	27.5	66.5	46	35	37	82.5	40.5	58	49.5	5	71.5	46	29.5	20.5	81.5	5	73.5	67.5	21	47.5	11.5	43	26.5	41.5	31	61	9	35.5	70.5	35.5	45.5	58.5	80.5	20.5	36	28	30	15	33.5	22	38	28	29	39	81.5	74	55.5	16.5	40	64.5	49.5	38.5	67	22	29.5	3	
33	56.5	42	56.5	49	51.5	61.5	46	67.5	46	66.5	35	62.5	29.5	30.5	9	43.5	72.5	39.5	39	44	68.5	37.5	30	34	51	45.5	31	35	22.5	36.5	48	19	51.5	34.5	77	50.5	26	0	22.5	69.5	45	20.5	4	47	37.5	66.5	46	25	33	72.5	44.5	52	39.5	31	71.5	44	29.5	20.5	81.5	31	71.5	67.5	21	47.5	21.5	43	36.5	33.5	31	59	35	35.5	60.5	25.5	39.5	58.5	74.5	20.5	36	38	30	11	33.5	4	42	38	39	31	73.5	66	49.5	21.5	40	54.5	49.5	36.5	57	22	35.5	29	
44.5	67	31.5	67	59.5	52	52	29.5	84	37.5	57	23.5	51	34	23	31.5	32	61	23	55.5	32.5	75	41	18.5	50.5	39.5	29	42.5	18.5	34	20	36.5	35.5	68	23	65.5	53	27.5	22.5	0	58	38.5	22	26.5	61.5	31	67	62.5	13.5	21.5	61	28	40.5	28	22.5	62	32.5	24	33	72	22.5	60	56	37.5	46	33	26.5	22	22	27.5	47.5	18.5	19	49	14	28	65	63	33	32.5	35.5	46.5	31.5	17	26.5	25.5	25.5	44.5	19.5	62	54.5	38	21	28.5	43	64	25	45.5	36.5	19	24.5	
102.5	39	83.5	39	46.5	44	34	81.5	28	89.5	29	60.5	23	66	65	78.5	34	23	75	56.5	29.5	27	93	55.5	61.5	26.5	81	94.5	70.5	88	72	23.5	76.5	44	35	12.5	45	79.5	69.5	58	0	90.5	80	73.5	48.5	83	29	49.5	50.5	58.5	13	80	37.5	30	74.5	24	49.5	66	75	14	74.5	22	28	74.5	48	89	78.5	74	54	64.5	34.5	70.5	71	21	56	50	37	15	75	59.5	87.5	65.5	80.5	69	73.5	77.5	77.5	96.5	56.5	14	21.5	40	79	55.5	25	46	57	22.5	73.5	71	76.5	
12	75.5	31	75.5	68	70.5	80.5	9	86.5	1	85.5	54	83.5	48.5	49.5	36	64.5	91.5	35.5	58	65	87.5	21.5	51	53	72	31.5	20	36	26.5	42.5	69	38	70.5	55.5	98	69.5	35	45	38.5	90.5	0	34.5	41	66	31.5	85.5	65	46	54	93.5	30.5	73	60.5	40	90.5	65	48.5	39.5	100.5	40	92.5	86.5	40	66.5	25.5	12	40.5	54.5	50	80	44	21.5	81.5	46.5	60.5	77.5	95.5	39.5	55	27	49	34	29.5	41	33	37	6	52	94.5	87	70.5	35.5	59	75.5	68.5	57.5	78	41	41.5	38	
22.5	51	31.5	51	43.5	46	56	43.5	62	35.5	61	29.5	67	24	25	11.5	54	67	35	33.5	54.5	63	27	34.5	28.5	61.5	39	20.5	34.5	12	28	58.5	13.5	46	45	77.5	45	15.5	20.5	22	80	34.5	0	16.5	41.5	27	61	40.5	35.5	31.5	77	40	52.5	50	20.5	66	40.5	24	15	76	20.5	68	62	15.5	42	11	46.5	26	36	25.5	55.5	24.5	41	69	34	40	53	75	15	30.5	27.5	24.5	9.5	39	16.5	37.5	27.5	28.5	33.5	76	68.5	50	1	34.5	65	44	33	67.5	16.5	29	18.5	
29	52.5	38	52.5	45	47.5	57.5	50	63.5	42	62.5	31	66.5	25.5	26.5	5	47.5	68.5	41.5	35	48	64.5	33.5	34	30	55	45.5	27	39	18.5	34.5	52	15	47.5	38.5	79	46.5	22	4	26.5	73.5	41	16.5	0	43	33.5	62.5	42	29	33	76.5	46.5	54	43.5	27	67.5	42	25.5	16.5	77.5	27	69.5	63.5	17	43.5	17.5	47	32.5	37.5	27	57	31	39.5	64.5	29.5	41.5	54.5	76.5	16.5	32	34	26	7	37.5	0	44	34	35	35	77.5	70	51.5	17.5	36	58.5	45.5	34.5	61	18	35.5	25	
54	17.5	63	17.5	2	17.5	22.5	75	28.5	67	27.5	46	33.5	35.5	46.5	38	37.5	33.5	66.5	10	33	29.5	58.5	51	15	22	70.5	52	66	43.5	59.5	25	30	12.5	38.5	44	16.5	47	47	61.5	48.5	66	41.5	43	0	58.5	27.5	1	54	48	43.5	71.5	29	33.5	52	32.5	37	45.5	36.5	42.5	52	34.5	28.5	32	23.5	42.5	78	57.5	47.5	42	14	56	74.5	35.5	55.5	41.5	19.5	41.5	36.5	37	59	21	36	72.5	43	69	59	60	50	42.5	35	31.5	42.5	41	31.5	10.5	44.5	34	33	60.5	50	
19.5	68	28.5	68	60.5	63	73	34.5	79	32.5	78	46.5	76	41	42	28.5	57	84	8	50.5	57.5	80	24	43.5	45.5	64.5	34	17.5	28.5	19	35	61.5	30.5	63	48	90.5	62	27.5	37.5	31	83	31.5	27	33.5	58.5	0	78	57.5	38.5	46.5	86	33	65.5	53	32.5	83	57.5	41	32	93	32.5	85	79	32.5	59	18	31.5	33	47	42.5	72.5	36.5	24	74	39	53	70	88	32	47.5	24.5	41.5	26.5	14	33.5	30.5	29.5	25.5	44.5	87	79.5	63	28	51.5	68	61	50	70.5	33.5	34	30.5	
73.5	22	82.5	22	29.5	37	37	90.5	23	86.5	32	65.5	32	55	66	57.5	43	6	84	29.5	38.5	24	78	64.5	34.5	35.5	90	71.5	79.5	63	79	32.5	49.5	17	44	36.5	36	66.5	66.5	67	29	85.5	61	62.5	27.5	78	0	26.5	59.5	67.5	32	89	46.5	39	71.5	5	56.5	65	56	37	71.5	7	33	51.5	43	62	87.5	77	63	61.5	41.5	75.5	80	30	65	59	24	34	56	56.5	78.5	40.5	55.5	78	62.5	86.5	78.5	79.5	65.5	33	30.5	49	62	60.5	34	25	64	31.5	52.5	80	69.5	
53	16.5	62	16.5	3	16.5	21.5	74	27.5	66	26.5	45	32.5	34.5	45.5	37	36.5	32.5	65.5	9	34	28.5	57.5	50	14	23	69.5	51	65	42.5	58.5	26	29	11.5	39.5	43	15.5	46	46	62.5	49.5	65	40.5	42	1	57.5	26.5	0	55	47	42.5	70.5	28	34.5	51	31.5	36	44.5	35.5	41.5	51	33.5	27.5	31	22.5	41.5	77	56.5	46.5	41	15	55	75.5	34.5	54.5	40.5	18.5	40.5	35.5	36	58	20	35	71.5	42	68	58	59	49	41.5	34	30.5	41.5	40	30.5	9.5	43.5	33	32	59.5	49	
52	59.5	39	59.5	52	44.5	44.5	37	76.5	45	49.5	10	43.5	26.5	20.5	34	24.5	53.5	30.5	48	25	67.5	48.5	5	43	32	36.5	50	26	41.5	27.5	29	26	60.5	15.5	58	45.5	35	25	13.5	50.5	46	35.5	29	54	38.5	59.5	55	0	8	53.5	35.5	33	20.5	30	54.5	25	21.5	30.5	64.5	30	52.5	48.5	24	38.5	40.5	34	29.5	14.5	14	40	26	26.5	41.5	11.5	20.5	57.5	55.5	30.5	25	43	39	34	24.5	29	33	33	52	6	54.5	47	30.5	34.5	21	35.5	56.5	17.5	38	23	26.5	32	
44	57.5	47	57.5	50	52.5	52.5	45	68.5	53	57.5	2	51.5	30.5	28.5	28	32.5	61.5	38.5	40	33	69.5	48.5	3	35	40	44.5	42	34	33.5	35.5	37	18	52.5	23.5	66	51.5	37	33	21.5	58.5	54	31.5	33	48	46.5	67.5	47	8	0	61.5	43.5	41	28.5	38	62.5	33	29.5	26.5	72.5	38	60.5	56.5	16	46.5	32.5	42	37.5	22.5	6	48	34	34.5	49.5	19.5	28.5	59.5	63.5	26.5	33	49	31	26	32.5	33	41	41	50	2	62.5	55	38.5	32.5	29	43.5	50.5	25.5	46	15	34.5	40	
89.5	38	86.5	38	45.5	47	37	84.5	29	92.5	32	63.5	26	69	68	73.5	37	26	78	45.5	32.5	14	94	58.5	50.5	29.5	84	87.5	73.5	79	75	26.5	65.5	33	38	20.5	48	82.5	72.5	61	13	93.5	77	76.5	43.5	86	32	42.5	53.5	61.5	0	83	40.5	33	77.5	27	52.5	69	72	27	77.5	25	31	67.5	51	78	81.5	77	57	67.5	37.5	73.5	74	24	59	53	40	2	72	62.5	90.5	56.5	71.5	72	76.5	80.5	80.5	95.5	59.5	1	24.5	43	78	58.5	28	41	60	25.5	68.5	74	79.5	
22.5	81	28.5	81	73.5	74	74	21.5	92	29.5	79	45.5	73	54	45	41.5	54	83	25	63.5	54.5	93	13	40.5	58.5	61.5	1	25.5	25.5	32	32	58.5	43.5	76	45	87.5	75	40.5	44.5	28	80	30.5	40	46.5	71.5	33	89	70.5	35.5	43.5	83	0	62.5	50	39.5	84	54.5	46	45	94	39.5	82	78	45.5	68	31	18.5	34	44	49.5	69.5	35.5	9	71	36	50	83	85	45	54.5	32.5	54.5	39.5	19	46.5	22.5	32.5	28.5	41.5	84	76.5	60	41	50.5	65	74	47	67.5	46.5	31	41.5	
65	38.5	66	38.5	31	31.5	31.5	64	49.5	72	36.5	43	30.5	46.5	47.5	49	16.5	40.5	57.5	19	8	50.5	69.5	38	26	19	63.5	63	53	54.5	54.5	16	41	33.5	17.5	45	32.5	58	52	40.5	37.5	73	52.5	54	29	65.5	46.5	28	33	41	40.5	62.5	0	12.5	57	41.5	32	48.5	47.5	51.5	57	39.5	35.5	43	30.5	53.5	61	56.5	36.5	47	27	53	53.5	28.5	38.5	32.5	40.5	42.5	47.5	42	70	32	47	51.5	54	60	60	71	39	41.5	34	22.5	53.5	38	22.5	31.5	39.5	25	44	53.5	59	
72.5	39	53.5	39	31.5	24	24	51.5	58	59.5	29	30.5	23	36	35	48.5	4	33	45	31.5	4.5	47	63	25.5	31.5	11.5	51	64.5	40.5	58	42	8.5	46.5	44	5	37.5	25	49.5	39.5	28	30	60.5	50	43.5	33.5	53	39	34.5	20.5	28.5	33	50	12.5	0	44.5	34	19.5	36	45	44	44.5	32	28	44.5	18	59	48.5	44	24	34.5	19.5	40.5	41	21	26	20	37	35	45	29.5	57.5	35.5	50.5	39	43.5	47.5	47.5	66.5	26.5	34	26.5	10	49	25.5	15	36	27	17.5	43.5	41	46.5	
28	61.5	37	61.5	54	56.5	66.5	41	72.5	41	71.5	40	67.5	34.5	35.5	22	48.5	77.5	34.5	44	49	73.5	32.5	35	39	56	40.5	26	30	17.5	31.5	53	24	56.5	39.5	82	55.5	5	31	22.5	74.5	40	20.5	27	52	32.5	71.5	51	30	38	77.5	39.5	57	44.5	0	76.5	49	34.5	25.5	86.5	0	76.5	72.5	26	52.5	16.5	38	31.5	38.5	36	64	4	30.5	65.5	30.5	44.5	63.5	79.5	25.5	41	33	35	20	28.5	27	37	33	34	36	78.5	71	54.5	21.5	45	59.5	54.5	41.5	62	27	30.5	2	
78.5	27	87.5	27	34.5	42	38	85.5	28	91.5	33	64.5	27	60	69	62.5	38	1	79	34.5	33.5	29	83	59.5	39.5	30.5	85	76.5	74.5	68	76	27.5	54.5	22	39	31.5	41	71.5	71.5	62	24	90.5	66	67.5	32.5	83	5	31.5	54.5	62.5	27	84	41.5	34	76.5	0	53.5	70	61	38	76.5	2	32	56.5	48	67	82.5	78	58	66.5	38.5	74.5	75	25	60	54	29	29	61	61.5	83.5	45.5	60.5	73	67.5	81.5	81.5	84.5	60.5	28	25.5	44	67	59.5	29	30	61	26.5	57.5	75	74.5	
53	46.5	58	46.5	39	41.5	43.5	56	57.5	64	48.5	35	42.5	34.5	39.5	37	23.5	52.5	49.5	29	24	58.5	57.5	30	24	31	55.5	51	45	42.5	46.5	28	29	41.5	14.5	57	40.5	46	44	32.5	49.5	65	40.5	42	37	57.5	56.5	36	25	33	52.5	54.5	32	19.5	49	53.5	0	40.5	35.5	63.5	49	51.5	47.5	31	37.5	41.5	53	48.5	28.5	39	39	45	45.5	40.5	30.5	24.5	48.5	54.5	35.5	34	58	16	35	43.5	42	52	52	59	31	53.5	46	29.5	41.5	30	34.5	39.5	31.5	37	32	45.5	49	
36.5	55	45.5	55	47.5	50	60	47.5	66	49.5	65	31.5	59	28	1	20.5	40	69	41	37.5	40.5	67	41	26.5	32.5	47.5	47	34.5	36.5	26	38	44.5	17.5	50	31	73.5	49	29.5	29.5	24	66	48.5	24	25.5	45.5	41	65	44.5	21.5	29.5	69	46	48.5	36	34.5	70	40.5	0	9	80	34.5	68	64	19.5	46	25	44.5	40	30	29.5	55.5	36.5	37	57	10	36	57	71	9	34.5	41.5	28.5	18.5	35	25.5	43.5	41.5	42.5	27.5	70	62.5	46	25	36.5	51	48	33	53.5	20.5	37	32.5	
27.5	46	36.5	46	38.5	41	51	48.5	57	40.5	56	24.5	62	19	10	11.5	49	62	40	28.5	49.5	58	32	29.5	23.5	56.5	44	25.5	39.5	17	33	53.5	8.5	41	40	72.5	40	20.5	20.5	33	75	39.5	15	16.5	36.5	32	56	35.5	30.5	26.5	72	45	47.5	45	25.5	61	35.5	9	0	71	25.5	63	57	10.5	37	16	51.5	31	31	20.5	50.5	29.5	46	64	19	35	48	70	0	25.5	32.5	19.5	9.5	44	16.5	42.5	32.5	33.5	28.5	71	63.5	45	16	29.5	60	39	28	62.5	11.5	34	23.5	
88.5	37	97.5	37	44.5	52	48	95.5	14	101.5	43	74.5	37	70	79	72.5	48	37	89	44.5	43.5	29	93	69.5	49.5	40.5	95	86.5	84.5	78	86	37.5	64.5	32	49	26.5	51	81.5	81.5	72	14	100.5	76	77.5	42.5	93	37	41.5	64.5	72.5	27	94	51.5	44	86.5	38	63.5	80	71	0	86.5	36	42	66.5	58	77	92.5	88	68	76.5	48.5	84.5	85	35	70	64	39	29	71	71.5	93.5	55.5	70.5	83	77.5	91.5	91.5	94.5	70.5	28	35.5	54	77	69.5	39	40	71	36.5	67.5	85	84.5	
28	61.5	37	61.5	54	56.5	66.5	41	72.5	41	71.5	40	67.5	34.5	35.5	22	48.5	77.5	34.5	44	49	73.5	32.5	35	39	56	40.5	26	30	17.5	31.5	53	24	56.5	39.5	82	55.5	5	31	22.5	74.5	40	20.5	27	52	32.5	71.5	51	30	38	77.5	39.5	57	44.5	0	76.5	49	34.5	25.5	86.5	0	76.5	72.5	26	52.5	16.5	38	31.5	38.5	36	64	4	30.5	65.5	30.5	44.5	63.5	79.5	25.5	41	33	35	20	28.5	27	37	33	34	36	78.5	71	54.5	21.5	45	59.5	54.5	41.5	62	27	30.5	2	
80.5	29	85.5	29	36.5	44	36	83.5	30	91.5	31	62.5	25	62	67	64.5	36	1	77	36.5	31.5	31	85	57.5	41.5	28.5	83	78.5	72.5	70	74	25.5	56.5	24	37	29.5	43	73.5	71.5	60	22	92.5	68	69.5	34.5	85	7	33.5	52.5	60.5	25	82	39.5	32	76.5	2	51.5	68	63	36	76.5	0	30	58.5	50	69	80.5	76	56	66.5	36.5	72.5	73	23	58	52	31	27	63	61.5	85.5	47.5	62.5	71	69.5	79.5	79.5	86.5	58.5	26	23.5	42	69	57.5	27	32	59	24.5	59.5	73	76.5	
74.5	11	81.5	11	30.5	38	32	79.5	34	87.5	1	58.5	5	56	63	58.5	32	31	73	30.5	27.5	35	79	53.5	35.5	24.5	79	72.5	68.5	64	70	21.5	50.5	16	33	35.5	37	67.5	67.5	56	28	86.5	62	63.5	28.5	79	33	27.5	48.5	56.5	31	78	35.5	28	72.5	32	47.5	64	57	42	72.5	30	0	52.5	44	63	76.5	72	52	62.5	32.5	68.5	69	7	54	48	9	33	57	57.5	79.5	41.5	56.5	67	63.5	75.5	75.5	80.5	54.5	32	24.5	38	63	53.5	23	26	55	20.5	53.5	69	70.5	
28	41.5	37	41.5	34	36.5	46.5	49	52.5	41	51.5	14	57.5	14.5	20.5	12	46.5	57.5	40.5	24	49	53.5	32.5	19	19	54	44.5	26	40	17.5	33.5	53	2	36.5	39.5	68	35.5	21	21	37.5	74.5	40	15.5	17	32	32.5	51.5	31	24	16	67.5	45.5	43	44.5	26	56.5	31	19.5	10.5	66.5	26	58.5	52.5	0	32.5	16.5	52	31.5	26.5	10	46	30	50.5	59.5	29.5	30.5	43.5	65.5	10.5	21	33	15	10	46.5	17	43	33	34	18	66.5	59	40.5	16.5	25	55.5	34.5	23.5	58	1	34.5	24	
54.5	33	63.5	33	25.5	28	38	69.5	44	67.5	43	46.5	41	36	47	38.5	14	49	63	15.5	22.5	45	59	43.5	15.5	29.5	69	52.5	58.5	44	60	26.5	30.5	28	23	55.5	27	47.5	47.5	46	48	66.5	42	43.5	23.5	59	43	22.5	38.5	46.5	51	68	30.5	18	52.5	48	37.5	46	37	58	52.5	50	44	32.5	0	43	66.5	58	42	42.5	37.5	56.5	59	39	44	38	35	53	37	37.5	59.5	21.5	36.5	57	43.5	65.5	59.5	60.5	44.5	52	44.5	8	43	41.5	33	26	45	35.5	33.5	59	50.5	
13.5	52	22.5	52	44.5	47	57	34.5	63	26.5	62	30.5	68	25	26	12.5	57	68	26	34.5	61.5	64	18	35.5	29.5	64.5	30	11.5	25.5	1	17	67.5	14.5	47	54	78.5	46	11.5	21.5	33	89	25.5	11	17.5	42.5	18	62	41.5	40.5	32.5	78	31	53.5	59	16.5	67	41.5	25	16	77	16.5	69	63	16.5	43	0	37.5	15	37	26.5	56.5	20.5	40	70	35	41	54	76	16	31.5	18.5	25.5	10.5	32	17.5	28.5	18.5	19.5	34.5	77	69.5	51	12	35.5	66	45	34	68.5	17.5	18	14.5	
24	87.5	27	87.5	80	72.5	72.5	3	98.5	11	77.5	44	71.5	54.5	43.5	48	52.5	81.5	23.5	70	53	95.5	31.5	39	65	60	19.5	32	24	38.5	30.5	57	50	82.5	43.5	86	73.5	43	43	26.5	78.5	12	46.5	47	78	31.5	87.5	77	34	42	81.5	18.5	61	48.5	38	82.5	53	44.5	51.5	92.5	38	80.5	76.5	52	66.5	37.5	0	32.5	42.5	48	68	34	9.5	69.5	34.5	48.5	85.5	83.5	51.5	53	31	61	46	17.5	47	21	31	18	40	82.5	75	58.5	47.5	49	63.5	80.5	45.5	66	53	29.5	40	
28.5	67	37.5	67	59.5	62	68	35.5	78	41.5	73	39.5	67	40	39	27.5	48	77	29	49.5	48.5	79	33	34.5	44.5	55.5	35	26.5	24.5	14	2	52.5	29.5	62	39	81.5	61	26.5	36.5	22	74	40.5	26	32.5	57.5	33	77	56.5	29.5	37.5	77	34	56.5	44	31.5	78	48.5	40	31	88	31.5	76	72	31.5	58	15	32.5	0	38	41.5	63.5	29.5	25	65	30	44	69	79	31	46.5	33.5	40.5	25.5	23	32.5	31.5	31.5	34.5	35.5	78	70.5	54	27	44.5	59	60	41	61.5	32.5	3	29.5	
48.5	57	47.5	57	49.5	48	48	45.5	68	53.5	53	24.5	47	12	29	32.5	28	57	39	39.5	28.5	69	53	19.5	34.5	35.5	45	46.5	34.5	38	36	32.5	24.5	52	19	61.5	49	41.5	33.5	22	54	54.5	36	37.5	47.5	47	63	46.5	14.5	22.5	57	44	36.5	24	38.5	58	28.5	30	31	68	38.5	56	52	26.5	42	37	42.5	38	0	28.5	43.5	34.5	35	45	20	24	59	59	31	28.5	51.5	30.5	30.5	33	37.5	41.5	41.5	54.5	20.5	58	50.5	34	37	24.5	39	50	3	41.5	27.5	35	40.5	
38	51.5	47	51.5	44	46.5	56.5	51	62.5	51	61.5	4	57.5	24.5	30.5	22	38.5	67.5	44.5	34	39	63.5	42.5	9	29	46	50.5	36	40	27.5	41.5	43	12	46.5	29.5	72	45.5	31	31	27.5	64.5	50	25.5	27	42	42.5	61.5	41	14	6	67.5	49.5	47	34.5	36	66.5	39	29.5	20.5	76.5	36	66.5	62.5	10	42.5	26.5	48	41.5	28.5	0	54	40	40.5	55.5	25.5	34.5	53.5	69.5	20.5	31	43	25	20	38.5	27	47	43	44	8	68.5	61	44.5	26.5	35	49.5	44.5	31.5	52	9	40.5	34	
68	31.5	73	31.5	12	31.5	28.5	71	42.5	79	33.5	50	27.5	49.5	54.5	52	23.5	37.5	64.5	24	19	43.5	72.5	45	29	8	70.5	66	60	57.5	61.5	11	44	26.5	24.5	42	30.5	61	59	47.5	34.5	80	55.5	57	14	72.5	41.5	15	40	48	37.5	69.5	27	19.5	64	38.5	39	55.5	50.5	48.5	64	36.5	32.5	46	37.5	56.5	68	63.5	43.5	54	0	60	60.5	25.5	45.5	39.5	33.5	39.5	50.5	49	73	35	50	58.5	57	67	67	74	46	38.5	31	29.5	56.5	45	19.5	24.5	46.5	22	47	60.5	64	
32	65.5	39	65.5	58	60.5	64.5	37	76.5	45	69.5	36	63.5	38.5	35.5	26	44.5	73.5	30.5	48	45	77.5	36.5	31	43	52	36.5	30	26	21.5	27.5	49	28	60.5	35.5	78	59.5	9	35	18.5	70.5	44	24.5	31	56	36.5	75.5	55	26	34	73.5	35.5	53	40.5	4	74.5	45	36.5	29.5	84.5	4	72.5	68.5	30	56.5	20.5	34	29.5	34.5	40	60	0	26.5	61.5	26.5	40.5	67.5	75.5	29.5	45	37	39	24	24.5	31	33	33	38	32	74.5	67	50.5	25.5	41	55.5	58.5	37.5	58	31	26.5	6	
31.5	80	19.5	80	72.5	65	65	12.5	99	20.5	70	36.5	64	47	36	44.5	45	74	16	72.5	45.5	88	22	31.5	67.5	52.5	10	30.5	16.5	39	23	49.5	52.5	85	36	78.5	66	35.5	35.5	19	71	21.5	41	39.5	74.5	24	80	75.5	26.5	34.5	74	9	53.5	41	30.5	75	45.5	37	46	85	30.5	73	69	50.5	59	40	9.5	25	35	40.5	60.5	26.5	0	62	27	41	78	76	46	45.5	23.5	61.5	46.5	10	39.5	13.5	23.5	27.5	32.5	75	67.5	51	40	41.5	56	77	38	58.5	49.5	22	32.5	
81.5	18	74.5	18	37.5	35	25	72.5	41	80.5	8	51.5	2	57	56	65.5	25	24	66	37.5	20.5	38	84	46.5	42.5	17.5	72	79.5	61.5	71	63	14.5	57.5	23	26	28.5	36	70.5	60.5	49	21	81.5	69	64.5	35.5	74	30	34.5	41.5	49.5	24	71	28.5	21	65.5	25	40.5	57	64	35	65.5	23	7	59.5	39	70	69.5	65	45	55.5	25.5	61.5	62	0	47	41	16	26	64	50.5	78.5	48.5	63.5	60	64.5	68.5	68.5	87.5	47.5	25	17.5	31	70	46.5	16	33	48	13.5	60.5	62	67.5	
46.5	65	39.5	65	57.5	50	50	37.5	76	45.5	55	21.5	49	32	9	30.5	30	59	31	47.5	30.5	73	49	16.5	42.5	37.5	37	44.5	26.5	36	28	34.5	27.5	60	21	63.5	51	35.5	25.5	14	56	46.5	34	29.5	55.5	39	65	54.5	11.5	19.5	59	36	38.5	26	30.5	60	30.5	10	19	70	30.5	58	54	29.5	44	35	34.5	30	20	25.5	45.5	26.5	27	47	0	26	63	61	19	30.5	43.5	38.5	28.5	25	29.5	33.5	33.5	52.5	17.5	60	52.5	36	35	26.5	41	58	23	43.5	30.5	27	32.5	
52.5	51	53.5	51	43.5	44	44	51.5	62	59.5	49	30.5	43	34	35	36.5	24	53	45	33.5	24.5	63	57	25.5	28.5	31.5	51	50.5	40.5	42	42	28.5	28.5	46	15	57.5	45	45.5	39.5	28	50	60.5	40	41.5	41.5	53	59	40.5	20.5	28.5	53	50	32.5	20	44.5	54	24.5	36	35	64	44.5	52	48	30.5	38	41	48.5	44	24	34.5	39.5	40.5	41	41	26	0	53	55	35	29.5	57.5	24.5	34.5	39	41.5	47.5	47.5	58.5	26.5	54	46.5	30	41	25.5	35	44	27	37.5	31.5	41	46.5	
65.5	2	74.5	2	21.5	29	29	86.5	25	78.5	8	57.5	14	47	58	49.5	41	30	78	21.5	36.5	26	70	62.5	26.5	33.5	82	63.5	77.5	55	71	30.5	41.5	7	42	40.5	28	58.5	58.5	65	37	77.5	53	54.5	19.5	70	24	18.5	57.5	59.5	40	83	40.5	37	63.5	29	48.5	57	48	39	63.5	31	9	43.5	35	54	85.5	69	59	53.5	33.5	67.5	78	16	63	53	0	38	48	48.5	70.5	32.5	47.5	76	54.5	80.5	70.5	71.5	61.5	39	31.5	43	54	52.5	32	17	56	29.5	44.5	72	61.5	
87.5	36	88.5	36	43.5	49	39	86.5	27	94.5	34	65.5	28	69	70	71.5	39	28	80	43.5	34.5	12	92	60.5	48.5	31.5	86	85.5	75.5	77	77	28.5	63.5	31	40	22.5	50	80.5	74.5	63	15	95.5	75	76.5	41.5	88	34	40.5	55.5	63.5	2	85	42.5	35	79.5	29	54.5	71	70	29	79.5	27	33	65.5	53	76	83.5	79	59	69.5	39.5	75.5	76	26	61	55	38	0	70	64.5	92.5	54.5	69.5	74	76.5	82.5	82.5	93.5	61.5	1	26.5	45	76	60.5	30	39	62	27.5	66.5	76	81.5	
27.5	46	36.5	46	38.5	41	51	48.5	57	40.5	56	24.5	62	19	10	11.5	49	62	40	28.5	49.5	58	32	29.5	23.5	56.5	44	25.5	39.5	17	33	53.5	8.5	41	40	72.5	40	20.5	20.5	33	75	39.5	15	16.5	36.5	32	56	35.5	30.5	26.5	72	45	47.5	45	25.5	61	35.5	9	0	71	25.5	63	57	10.5	37	16	51.5	31	31	20.5	50.5	29.5	46	64	19	35	48	70	0	25.5	32.5	19.5	9.5	44	16.5	42.5	32.5	33.5	28.5	71	63.5	45	16	29.5	60	39	28	62.5	11.5	34	23.5	
43	46.5	52	46.5	39	41.5	51.5	56	57.5	56	56.5	35	52.5	24.5	35.5	27	33.5	62.5	49.5	29	34	58.5	47.5	30	24	41	55.5	41	45	32.5	46.5	38	19	41.5	24.5	67	40.5	36	36	32.5	59.5	55	30.5	32	37	47.5	56.5	36	25	33	62.5	54.5	42	29.5	41	61.5	34	34.5	25.5	71.5	41	61.5	57.5	21	37.5	31.5	53	46.5	28.5	31	49	45	45.5	50.5	30.5	29.5	48.5	64.5	25.5	0	48	20	25	43.5	32	52	48	49	31	63.5	56	39.5	31.5	4	44.5	39.5	31.5	47	22	45.5	39	
15	68.5	4	68.5	61	63.5	73.5	34	79.5	28	78.5	47	80.5	41.5	42.5	29	61.5	84.5	32.5	51	62	80.5	19.5	48	46	69	31.5	7	33	19.5	35.5	66	31	63.5	52.5	95	62.5	28	38	35.5	87.5	27	27.5	34	59	24.5	78.5	58	43	49	90.5	32.5	70	57.5	33	83.5	58	41.5	32.5	93.5	33	85.5	79.5	33	59.5	18.5	31	33.5	51.5	43	73	37	23.5	78.5	43.5	57.5	70.5	92.5	32.5	48	0	42	27	26.5	34	10	30	21	49	91.5	84	67.5	28.5	52	72.5	61.5	50.5	75	34	36.5	31	
37	30.5	46	30.5	23	25.5	35.5	58	41.5	50	40.5	29	46.5	18.5	29.5	21	35.5	46.5	49.5	13	40	42.5	41.5	34	8	43	53.5	35	49	26.5	42.5	44	13	25.5	30.5	57	24.5	30	30	46.5	65.5	49	24.5	26	21	41.5	40.5	20	39	31	56.5	54.5	32	35.5	35	45.5	16	28.5	19.5	55.5	35	47.5	41.5	15	21.5	25.5	61	40.5	30.5	25	35	39	61.5	48.5	38.5	24.5	32.5	54.5	19.5	20	42	0	19	55.5	26	52	42	43	33	55.5	48	29.5	25.5	24	44.5	23.5	27.5	47	16	43.5	33	
22	45.5	31	45.5	38	40.5	50.5	43	56.5	35	55.5	24	61.5	18.5	19.5	2	50.5	61.5	34.5	28	55	57.5	26.5	29	23	58	38.5	20	34	11.5	27.5	59	8	40.5	45.5	72	39.5	15	11	31.5	80.5	34	9.5	7	36	26.5	55.5	35	34	26	71.5	39.5	47	50.5	20	60.5	35	18.5	9.5	70.5	20	62.5	56.5	10	36.5	10.5	46	25.5	30.5	20	50	24	46.5	63.5	28.5	34.5	47.5	69.5	9.5	25	27	19	0	40.5	7	37	27	28	28	70.5	63	44.5	10.5	29	59.5	38.5	27.5	62	11	28.5	18	
33.5	78	22.5	78	70.5	63	63	20.5	93	28.5	68	34.5	62	45	34	42.5	43	72	6	64.5	43.5	86	32	29.5	59.5	50.5	20	31.5	14.5	33	21	47.5	44.5	77	34	76.5	64	33.5	33.5	17	69	29.5	39	37.5	72.5	14	78	71.5	24.5	32.5	72	19	51.5	39	28.5	73	43.5	35	44	83	28.5	71	67	46.5	57	32	17.5	23	33	38.5	58.5	24.5	10	60	25	39	76	74	44	43.5	26.5	55.5	40.5	0	37.5	16.5	21.5	35.5	30.5	73	65.5	49	38	39.5	54	75	36	56.5	47.5	20	30.5	
29	52.5	38	52.5	45	47.5	57.5	50	63.5	42	62.5	31	66.5	25.5	26.5	5	47.5	68.5	41.5	35	48	64.5	33.5	34	30	55	45.5	27	39	18.5	34.5	52	15	47.5	38.5	79	46.5	22	4	26.5	73.5	41	16.5	0	43	33.5	62.5	42	29	33	76.5	46.5	54	43.5	27	67.5	42	25.5	16.5	77.5	27	69.5	63.5	17	43.5	17.5	47	32.5	37.5	27	57	31	39.5	64.5	29.5	41.5	54.5	76.5	16.5	32	34	26	7	37.5	0	44	34	35	35	77.5	70	51.5	17.5	36	58.5	45.5	34.5	61	18	35.5	25	
25	78.5	6	78.5	71	71.5	71.5	24	89.5	32	76.5	43	70.5	51.5	42.5	39	51.5	80.5	22.5	61	52	90.5	29.5	38	56	59	23.5	17	23	29.5	29.5	56	41	73.5	42.5	85	72.5	38	42	25.5	77.5	33	37.5	44	69	30.5	86.5	68	33	41	80.5	22.5	60	47.5	37	81.5	52	43.5	42.5	91.5	37	79.5	75.5	43	65.5	28.5	21	31.5	41.5	47	67	33	13.5	68.5	33.5	47.5	80.5	82.5	42.5	52	10	52	37	16.5	44	0	30	31	39	81.5	74	57.5	38.5	48	62.5	71.5	44.5	65	44	28.5	39	
25	68.5	34	68.5	61	63.5	71.5	34	79.5	38	76.5	43	70.5	41.5	42.5	29	51.5	80.5	27.5	51	52	80.5	29.5	38	46	59	33.5	23	7	19.5	29.5	56	31	63.5	42.5	85	62.5	28	38	25.5	77.5	37	27.5	34	59	29.5	78.5	58	33	41	80.5	32.5	60	47.5	33	81.5	52	41.5	32.5	91.5	33	79.5	75.5	33	59.5	18.5	31	31.5	41.5	43	67	33	23.5	68.5	33.5	47.5	70.5	82.5	32.5	48	30	42	27	21.5	34	30	0	31	39	81.5	74	57.5	28.5	48	62.5	61.5	44.5	65	34	28.5	31	
6	69.5	25	69.5	62	64.5	74.5	15	80.5	7	79.5	48	85.5	42.5	43.5	30	70.5	85.5	33.5	52	71	81.5	15.5	53	47	78	27.5	14	38	20.5	36.5	75	32	64.5	61.5	96	63.5	29	39	44.5	96.5	6	28.5	35	60	25.5	79.5	59	52	50	95.5	28.5	71	66.5	34	84.5	59	42.5	33.5	94.5	34	86.5	80.5	34	60.5	19.5	18	34.5	54.5	44	74	38	27.5	87.5	52.5	58.5	71.5	93.5	33.5	49	21	43	28	35.5	35	31	31	0	52	94.5	87	68.5	29.5	53	81.5	62.5	51.5	84	35	37.5	32	
46	59.5	45	59.5	52	50.5	50.5	43	70.5	51	55.5	4	49.5	32.5	26.5	30	30.5	59.5	36.5	42	31	71.5	50.5	1	37	38	42.5	44	32	35.5	33.5	35	20	54.5	21.5	64	51.5	39	31	19.5	56.5	52	33.5	35	50	44.5	65.5	49	6	2	59.5	41.5	39	26.5	36	60.5	31	27.5	28.5	70.5	36	58.5	54.5	18	44.5	34.5	40	35.5	20.5	8	46	32	32.5	47.5	17.5	26.5	61.5	61.5	28.5	31	49	33	28	30.5	35	39	39	52	0	60.5	53	36.5	34.5	27	41.5	52.5	23.5	44	17	32.5	38	
88.5	37	87.5	37	44.5	48	38	85.5	28	93.5	33	64.5	27	70	69	72.5	38	27	79	44.5	33.5	13	93	59.5	49.5	30.5	85	86.5	74.5	78	76	27.5	64.5	32	39	21.5	49	81.5	73.5	62	14	94.5	76	77.5	42.5	87	33	41.5	54.5	62.5	1	84	41.5	34	78.5	28	53.5	70	71	28	78.5	26	32	66.5	52	77	82.5	78	58	68.5	38.5	74.5	75	25	60	54	39	1	71	63.5	91.5	55.5	70.5	73	77.5	81.5	81.5	94.5	60.5	0	25.5	44	77	59.5	29	40	61	26.5	67.5	75	80.5	
81	29.5	80	29.5	37	40.5	30.5	78	35.5	86	25.5	57	19.5	62.5	61.5	65	30.5	24.5	71.5	37	26	36.5	85.5	52	42	23	77.5	79	67	70.5	68.5	20	57	24.5	31.5	29	41.5	74	66	54.5	21.5	87	68.5	70	35	79.5	30.5	34	47	55	24.5	76.5	34	26.5	71	25.5	46	62.5	63.5	35.5	71	23.5	24.5	59	44.5	69.5	75	70.5	50.5	61	31	67	67.5	17.5	52.5	46.5	31.5	26.5	63.5	56	84	48	63	65.5	70	74	74	87	53	25.5	0	36.5	69.5	52	21.5	32.5	53.5	19	60	67.5	73	
62.5	41	63.5	41	33.5	34	34	61.5	52	69.5	39	40.5	33	44	45	46.5	6	43	55	23.5	14.5	53	67	35.5	23.5	21.5	61	60.5	50.5	52	52	18.5	38.5	36	15	47.5	35	55.5	49.5	38	40	70.5	50	51.5	31.5	63	49	30.5	30.5	38.5	43	60	22.5	10	54.5	44	29.5	46	45	54	54.5	42	38	40.5	8	51	58.5	54	34	44.5	29.5	50.5	51	31	36	30	43	45	45	39.5	67.5	29.5	44.5	49	51.5	57.5	57.5	68.5	36.5	44	36.5	0	51	35.5	25	34	37	27.5	41.5	51	56.5	
23.5	52	32.5	52	44.5	47	57	44.5	63	36.5	62	30.5	68	25	26	12.5	53	68	36	34.5	53.5	64	28	35.5	29.5	60.5	40	21.5	35.5	13	29	57.5	14.5	47	44	78.5	46	16.5	21.5	21	79	35.5	1	17.5	42.5	28	62	41.5	34.5	32.5	78	41	53.5	49	21.5	67	41.5	25	16	77	21.5	69	63	16.5	43	12	47.5	27	37	26.5	56.5	25.5	40	70	35	41	54	76	16	31.5	28.5	25.5	10.5	38	17.5	38.5	28.5	29.5	34.5	77	69.5	51	0	35.5	64	45	34	66.5	17.5	30	19.5	
47	50.5	54	50.5	43	45.5	49.5	52	61.5	60	54.5	31	48.5	28.5	35.5	31	29.5	58.5	45.5	33	30	62.5	51.5	26	28	37	51.5	45	41	36.5	42.5	34	23	45.5	20.5	63	44.5	40	40	28.5	55.5	59	34.5	36	41	51.5	60.5	40	21	29	58.5	50.5	38	25.5	45	59.5	30	36.5	29.5	69.5	45	57.5	53.5	25	41.5	35.5	49	44.5	24.5	35	45	41	41.5	46.5	26.5	25.5	52.5	60.5	29.5	4	52	24	29	39.5	36	48	48	53	27	59.5	52	35.5	35.5	0	40.5	43.5	27.5	43	26	41.5	43	
77.5	34	68.5	34	31.5	29	9	66.5	47	74.5	24	45.5	18	51	50	61.5	19	28	60	33.5	14.5	42	78	40.5	38.5	11.5	66	75.5	55.5	67	57	8.5	53.5	31	20	32.5	30	64.5	54.5	43	25	75.5	65	58.5	31.5	68	34	30.5	35.5	43.5	28	65	22.5	15	59.5	29	34.5	51	60	39	59.5	27	23	55.5	33	66	63.5	59	39	49.5	19.5	55.5	56	16	41	35	32	30	60	44.5	72.5	44.5	59.5	54	58.5	62.5	62.5	81.5	41.5	29	21.5	25	64	40.5	0	21	42	12.5	56.5	56	61.5	
56.5	15	65.5	15	12.5	20	12	77.5	26	69.5	25	48.5	31	38	49	40.5	40	31	69	12.5	35.5	27	61	53.5	17.5	32.5	73	54.5	68.5	46	62	29.5	32.5	10	41	41.5	19	49.5	49.5	64	46	68.5	44	45.5	10.5	61	25	9.5	56.5	50.5	41	74	31.5	36	54.5	30	39.5	48	39	40	54.5	32	26	34.5	26	45	80.5	60	50	44.5	24.5	58.5	77	33	58	44	17	39	39	39.5	61.5	23.5	38.5	75	45.5	71.5	61.5	62.5	52.5	40	32.5	34	45	43.5	21	0	47	31.5	35.5	63	52.5	
45.5	54	50.5	54	46.5	49	51	48.5	65	56.5	56	27.5	50	9	32	29.5	31	60	42	36.5	31.5	66	50	22.5	31.5	38.5	48	43.5	37.5	35	39	35.5	21.5	49	22	64.5	48	38.5	36.5	25	57	57.5	33	34.5	44.5	50	64	43.5	17.5	25.5	60	47	39.5	27	41.5	61	31.5	33	28	71	41.5	59	55	23.5	45	34	45.5	41	3	31.5	46.5	37.5	38	48	23	27	56	62	28	31.5	50.5	27.5	27.5	36	34.5	44.5	44.5	51.5	23.5	61	53.5	37	34	27.5	42	47	0	44.5	24.5	38	41.5	
80	31.5	71	31.5	34	31.5	21.5	69	44.5	77	21.5	48	15.5	53.5	52.5	64	21.5	25.5	62.5	36	17	39.5	80.5	43	41	14	68.5	78	58	69.5	59.5	11	56	28.5	22.5	30	32.5	67	57	45.5	22.5	78	67.5	61	34	70.5	31.5	33	38	46	25.5	67.5	25	17.5	62	26.5	37	53.5	62.5	36.5	62	24.5	20.5	58	35.5	68.5	66	61.5	41.5	52	22	58	58.5	13.5	43.5	37.5	29.5	27.5	62.5	47	75	47	62	56.5	61	65	65	84	44	26.5	19	27.5	66.5	43	12.5	31.5	44.5	0	59	58.5	64	
29	42.5	38	42.5	35	37.5	47.5	50	53.5	42	52.5	13	58.5	15.5	21.5	13	47.5	58.5	41.5	25	48	54.5	33.5	18	20	55	45.5	27	41	18.5	34.5	52	3	37.5	38.5	69	36.5	22	22	36.5	73.5	41	16.5	18	33	33.5	52.5	32	23	15	68.5	46.5	44	43.5	27	57.5	32	20.5	11.5	67.5	27	59.5	53.5	1	33.5	17.5	53	32.5	27.5	9	47	31	49.5	60.5	30.5	31.5	44.5	66.5	11.5	22	34	16	11	47.5	18	44	34	35	17	67.5	60	41.5	17.5	26	56.5	35.5	24.5	59	0	35.5	25	
31.5	70	34.5	70	62.5	65	65	32.5	81	40.5	70	36.5	64	43	36	30.5	45	74	26	52.5	45.5	82	36	31.5	47.5	52.5	32	29.5	21.5	17	1	49.5	32.5	65	36	78.5	64	29.5	35.5	19	71	41.5	29	35.5	60.5	34	80	59.5	26.5	34.5	74	31	53.5	41	30.5	75	45.5	37	34	85	30.5	73	69	34.5	59	18	29.5	3	35	40.5	60.5	26.5	22	62	27	41	72	76	34	45.5	36.5	43.5	28.5	20	35.5	28.5	28.5	37.5	32.5	75	67.5	51	30	41.5	56	63	38	58.5	35.5	0	32.5	
26	59.5	35	59.5	52	54.5	64.5	43	70.5	39	69.5	38	69.5	32.5	33.5	20	50.5	75.5	36.5	42	51	71.5	30.5	37	37	58	42.5	24	32	15.5	31.5	55	22	54.5	41.5	84	53.5	3	29	24.5	76.5	38	18.5	25	50	30.5	69.5	49	32	40	79.5	41.5	59	46.5	2	74.5	49	32.5	23.5	84.5	2	76.5	70.5	24	50.5	14.5	40	29.5	40.5	34	64	6	32.5	67.5	32.5	46.5	61.5	81.5	23.5	39	31	33	18	30.5	25	39	31	32	38	80.5	73	56.5	19.5	43	61.5	52.5	41.5	64	25	32.5	0	
