Number of items: 100
Horizon: 3
Time limit: 750
Load limit: 6000
Initial item inventory level
142
64
32
16
21
58
73
198
51
36
52
52
79
38
172
20
174
32
102
34
130
42
102
76
166
60
52
106
90
148
79
100
34
75
78
26
158
154
82
40
21
78
93
198
160
43
72
166
49
32
110
32
98
80
30
30
82
144
82
14
49
88
88
58
170
59
122
53
44
54
71
172
34
91
44
54
90
192
104
10
82
71
93
31
71
150
196
27
66
82
20
124
194
91
30
66
56
86
57
110
Maximum inventory capacity per item
213
128
64
32
42
87
146
297
102
72
104
78
158
76
258
40
261
48
153
68
195
84
153
152
249
120
78
159
180
222
158
150
68
150
117
39
237
231
164
80
42
117
186
297
240
86
108
249
98
64
165
48
196
160
60
45
123
216
164
28
98
132
176
87
255
118
183
106
66
81
142
258
51
182
88
81
180
288
156
20
123
142
186
62
142
225
294
54
99
164
30
186
291
182
60
99
112
172
114
165
Reserve storage replenishment rate per item and per period
426	0	0	
384	0	0	
192	0	0	
96	0	0	
126	0	0	
174	0	0	
438	0	0	
594	0	0	
306	0	0	
216	0	0	
312	0	0	
156	0	0	
474	0	0	
228	0	0	
516	0	0	
120	0	0	
522	0	0	
96	0	0	
306	0	0	
204	0	0	
390	0	0	
252	0	0	
306	0	0	
456	0	0	
498	0	0	
360	0	0	
156	0	0	
318	0	0	
540	0	0	
444	0	0	
474	0	0	
300	0	0	
204	0	0	
450	0	0	
234	0	0	
78	0	0	
474	0	0	
462	0	0	
492	0	0	
240	0	0	
126	0	0	
234	0	0	
558	0	0	
594	0	0	
480	0	0	
258	0	0	
216	0	0	
498	0	0	
294	0	0	
192	0	0	
330	0	0	
96	0	0	
588	0	0	
480	0	0	
180	0	0	
90	0	0	
246	0	0	
432	0	0	
492	0	0	
84	0	0	
294	0	0	
264	0	0	
528	0	0	
174	0	0	
510	0	0	
354	0	0	
366	0	0	
318	0	0	
132	0	0	
162	0	0	
426	0	0	
516	0	0	
102	0	0	
546	0	0	
264	0	0	
162	0	0	
540	0	0	
576	0	0	
312	0	0	
60	0	0	
246	0	0	
426	0	0	
558	0	0	
186	0	0	
426	0	0	
450	0	0	
588	0	0	
162	0	0	
198	0	0	
492	0	0	
60	0	0	
372	0	0	
582	0	0	
546	0	0	
180	0	0	
198	0	0	
336	0	0	
516	0	0	
342	0	0	
330	0	0	
Forward storage demand rate per item and per period
71	73	64	
64	69	57	
32	52	29	
16	13	22	
21	14	24	
29	46	37	
73	103	73	
99	53	89	
51	43	18	
36	48	25	
52	65	48	
26	40	43	
79	135	84	
38	34	27	
86	124	89	
20	25	27	
87	85	85	
16	11	21	
51	36	36	
34	23	20	
65	68	56	
42	38	33	
51	15	64	
76	44	21	
83	105	42	
60	53	107	
26	21	27	
53	24	49	
90	143	134	
74	113	112	
79	111	102	
50	46	30	
34	21	47	
75	27	138	
39	24	57	
13	5	22	
79	71	94	
77	69	67	
82	53	31	
40	46	43	
21	29	15	
39	63	12	
93	102	136	
99	89	115	
80	116	116	
43	21	11	
36	26	27	
83	143	108	
49	63	26	
32	23	19	
55	48	42	
16	8	18	
98	169	22	
80	16	73	
30	16	41	
15	15	9	
41	51	45	
72	29	43	
82	101	109	
14	15	4	
49	27	23	
44	40	57	
88	123	100	
29	24	36	
85	92	136	
59	13	47	
61	39	69	
53	27	43	
22	31	20	
27	36	28	
71	65	55	
86	89	84	
17	16	10	
91	76	95	
44	66	17	
27	15	30	
90	66	26	
96	72	31	
52	76	53	
10	10	7	
41	25	36	
71	58	20	
93	112	59	
31	49	33	
71	54	70	
75	109	64	
98	91	67	
27	23	32	
33	32	48	
82	50	85	
10	4	18	
62	81	111	
97	83	164	
91	88	132	
30	44	32	
33	23	17	
56	55	29	
86	54	67	
57	15	30	
55	74	50	
Distance matrix
0	102.5	63.5	74.5	84	14.5	73.5	29.5	10	45	39.5	19.5	30.5	18	73	42.5	71.5	13.5	83	27.5	78	61	53.5	39	11.5	86.5	92	62.5	65.5	57.5	61.5	46.5	73.5	61	7	89.5	58	44.5	19.5	58	94	30	87	25	29.5	62	72.5	29	96	11.5	77	74.5	83	65	29.5	39.5	60.5	60.5	57	81.5	47	50.5	56	40	85	63	69.5	55.5	72.5	79	82.5	59	44.5	46.5	63	71.5	43	41.5	46.5	28	19	58.5	77	64.5	60.5	12	73.5	86.5	82	61.5	91.5	17	14.5	95.5	74.5	88	18.5	32.5	30.5	74	68	
102.5	0	39	28	18.5	88	29	73	92.5	57.5	63	83	72	84.5	29.5	60	31	89	19.5	75	24.5	41.5	49	63.5	91	16	10.5	40	37	45	41	56	29	41.5	95.5	13	44.5	58	83	44.5	8.5	72.5	15.5	77.5	73	40.5	30	73.5	6.5	91	25.5	28	19.5	37.5	73	63	42	42	45.5	21	55.5	52	46.5	62.5	17.5	39.5	33	47	30	23.5	20	43.5	58	56	39.5	31	59.5	61	56	74.5	83.5	44	25.5	38	42	90.5	29	16	20.5	41	11	85.5	88	7	28	14.5	84	70	72	28.5	34.5	
63.5	39	0	27	42.5	53	28	42	61.5	26.5	32	52	41	53.5	61.5	29	30	58	33.5	44	48.5	35.5	18	32.5	60	45	34.5	49	26	24	10	25	38	45.5	64.5	32	13.5	33	52	38.5	32.5	41.5	39.5	46.5	42	14.5	39	42.5	40.5	60	49.5	17	23.5	41.5	42	32	3	21	19.5	30	24.5	39	40.5	31.5	41.5	13.5	12	16	49	27.5	59	12.5	33	35	13.5	20	28.5	30	35	43.5	52.5	33	59.5	37	49	59.5	18	25	24.5	2	40	54.5	57	36	17	48.5	53	39	41	52.5	48.5	
74.5	28	27	0	31.5	64	1	61	80.5	45.5	51	71	60	72.5	42.5	48	3	73	22.5	63	37.5	29.5	37	51.5	79	34	23.5	32	25	33	29	44	27	30.5	81.5	21	32.5	34	71	32.5	21.5	60.5	28.5	65.5	61	28.5	28	61.5	29.5	71	38.5	16	12.5	30.5	61	49	30	30	33.5	19	43.5	30	30.5	50.5	30.5	27.5	21	35	38	16.5	48	31.5	34	36	27.5	19	47.5	49	36	62.5	71.5	32	46.5	10	30	76.5	17	14	13.5	29	29	71.5	76	25	16	37.5	72	58	60	41.5	37.5	
84	18.5	42.5	31.5	0	73.5	32.5	76.5	94	61	66.5	86.5	75.5	88	27	63.5	34.5	82.5	23	78.5	6	45	52.5	67	90.5	24.5	8	31.5	40.5	48.5	44.5	59.5	32.5	35	91	16.5	48	43.5	86.5	42	10	76	3	81	76.5	44	33.5	77	20	80.5	7	31.5	23	39	76.5	58.5	45.5	45.5	49	24.5	59	39.5	40	64	1	43	36.5	50.5	31.5	27	36.5	47	43.5	45.5	43	34.5	63	64.5	45.5	72	87	47.5	31	41.5	29.5	86	32.5	19.5	24	44.5	19.5	81	91.5	15.5	31.5	28	87.5	73.5	75.5	10	32	
14.5	88	53	64	73.5	0	63	15	24.5	34.5	29	29	40	32.5	62.5	32	61	13	72.5	27	67.5	50.5	43	28.5	21	76	81.5	52	55	47	49	36	63	50.5	21.5	79	47.5	34	29	47.5	81.5	34.5	76.5	29.5	29	51.5	62	33.5	85.5	11	66.5	64	72.5	54.5	19	29	50	50	46.5	71	36.5	40	45.5	29.5	74.5	52.5	59	45	62	68.5	72	46.5	34	36	52.5	61	32.5	31	36	17.5	33.5	48	66.5	54	50	16.5	63	74	71.5	51	81	11.5	24	85	64	77.5	28	32	16	63.5	57.5	
73.5	29	28	1	32.5	63	0	62	81.5	46.5	52	72	61	73.5	41.5	49	2	72	23.5	64	38.5	30.5	38	52.5	80	35	24.5	31	26	34	30	45	28	29.5	80.5	22	33.5	33	72	31.5	22.5	61.5	29.5	66.5	62	29.5	29	62.5	30.5	70	39.5	17	13.5	31.5	62	48	31	31	34.5	20	44.5	29	29.5	51.5	31.5	28.5	22	36	39	17.5	49	32.5	33	35	28.5	20	48.5	50	35	61.5	72.5	33	45.5	9	29	75.5	18	15	14.5	30	30	70.5	77	26	17	38.5	73	59	61	42.5	36.5	
29.5	73	42	61	76.5	15	62	0	39.5	45.5	44	36	25	37.5	77.5	43	64	28	67.5	28	82.5	65.5	42	31.5	36	79	68.5	67	60	58	34	49	72	65.5	36.5	66	42.5	49	36	62.5	66.5	25.5	73.5	30.5	26	48.5	73	26.5	74.5	26	81.5	51	57.5	69.5	34	44	45	55	53.5	64	43.5	55	60.5	44.5	75.5	47.5	46	30	77	61.5	87	31.5	49	51	47.5	54	17.5	34	51	32.5	36.5	63	81.5	69	65	31.5	52	59	58.5	44	74	26.5	39	70	51	82.5	37	23	1	78.5	72.5	
10	92.5	61.5	80.5	94	24.5	81.5	39.5	0	55	49.5	29.5	24.5	8	83	52.5	81.5	23.5	87	37.5	88	71	61.5	49	21.5	96.5	88	72.5	75.5	67.5	53.5	56.5	83.5	71	3	85.5	62	54.5	29.5	68	86	30	93	35	35.5	68	82.5	31	94	21.5	87	70.5	77	75	39.5	49.5	64.5	70.5	67	83.5	57	60.5	66	50	95	67	65.5	49.5	82.5	81	92.5	51	54.5	56.5	67	73.5	37	51.5	56.5	38	9	68.5	87	74.5	70.5	22	71.5	78.5	78	63.5	93.5	27	24.5	89.5	70.5	98	28.5	32.5	40.5	84	78	
45	57.5	26.5	45.5	61	34.5	46.5	45.5	55	0	29.5	55.5	44.5	57	58	32.5	48.5	43.5	52	47.5	63	46	26.5	36	51.5	63.5	53	47.5	44.5	42.5	18.5	31.5	56.5	46	52	50.5	27	29.5	55.5	43	51	45	58	50	45.5	33	57.5	46	59	41.5	62	35.5	42	50	39.5	24.5	29.5	39.5	38	48.5	2	35.5	41	5	60	32	30.5	19.5	57.5	46	67.5	14	29.5	31.5	32	38.5	32	33.5	31.5	33	56	43.5	62	49.5	45.5	47	36.5	43.5	43	28.5	58.5	42	54.5	54.5	35.5	67	56.5	42.5	44.5	59	53	
39.5	63	32	51	66.5	29	52	44	49.5	29.5	0	54	45	57.5	57.5	3	54	38	57.5	48	62.5	45.5	32	36.5	46	69	58.5	47	50	42	24	31	58	45.5	46.5	56	32.5	29	54	42.5	56.5	45.5	63.5	50.5	46	38.5	57	46.5	64.5	36	61.5	41	47.5	49.5	34	24	35	45	41.5	54	31.5	35	40.5	24.5	65.5	37.5	36	16	57	51.5	67	21.5	29	31	37.5	44	32.5	34	31	27.5	56.5	43	61.5	49	45	41.5	42	49	48.5	34	64	36.5	49	60	41	72.5	53	43	45	58.5	52.5	
19.5	83	52	71	86.5	29	72	36	29.5	55.5	54	0	11	27.5	87.5	53	74	28	77.5	28	92.5	75.5	52	41.5	8	89	78.5	77	70	68	44	59	82	75.5	26.5	76	52.5	59	0	72.5	76.5	20.5	83.5	25.5	26	58.5	83	21.5	84.5	26	91.5	61	67.5	79.5	44	54	55	65	63.5	74	53.5	65	70.5	54.5	85.5	57.5	56	40	87	71.5	97	41.5	59	61	57.5	64	27.5	44	61	42.5	26.5	73	91.5	79	75	26.5	62	69	68.5	54	84	31.5	5	80	61	92.5	1	23	35	88.5	82.5	
30.5	72	41	60	75.5	40	61	25	24.5	44.5	45	11	0	16.5	96.5	42	63	31	66.5	17	81.5	68.5	41	30.5	19	78	67.5	82	59	57	33	48	71	78.5	27.5	65	41.5	70	11	71.5	65.5	9.5	72.5	14.5	15	47.5	72	10.5	73.5	33	82.5	50	56.5	74.5	35	55	44	54	52.5	63	42.5	74	73.5	49.5	74.5	46.5	45	29	82	60.5	92	30.5	70	68	46.5	53	16.5	33	68	41.5	15.5	66	92.5	70	84	27.5	51	58	57.5	43	73	32.5	16	69	50	81.5	12	12	24	85.5	81.5	
18	84.5	53.5	72.5	88	32.5	73.5	37.5	8	57	57.5	27.5	16.5	0	91	54.5	75.5	31.5	79	29.5	94	79	53.5	43	29.5	90.5	80	80.5	71.5	69.5	45.5	60.5	83.5	79	11	77.5	54	62.5	27.5	76	78	22	85	27	27.5	60	84.5	23	86	29.5	95	62.5	69	83	47.5	57.5	56.5	66.5	65	75.5	55	68.5	74	58	87	59	57.5	41.5	90.5	73	100.5	43	62.5	64.5	59	65.5	29	45.5	64.5	46	1	76.5	95	82.5	78.5	30	63.5	70.5	70	55.5	85.5	35	32.5	81.5	62.5	94	28.5	24.5	36.5	92	86	
73	29.5	61.5	42.5	27	62.5	41.5	77.5	83	58	57.5	87.5	96.5	91	0	60.5	39.5	71.5	36	85.5	21	34	61.5	72	79.5	24.5	35	20.5	43.5	45.5	65.5	54.5	31.5	24	80	37.5	61	32.5	87.5	31	33	93	30	88	87.5	55	30.5	92	23	69.5	20	52.5	44	28	67.5	47.5	58.5	48.5	50	39.5	60	28.5	29	53	28	56	57.5	71.5	20.5	42	15.5	68	32.5	34.5	56	49.5	84	69.5	34.5	61	92	36.5	4	32.5	18.5	75	51.5	40.5	45	59.5	29.5	70	82.5	31.5	52.5	15	86.5	90.5	78.5	17	21	
42.5	60	29	48	63.5	32	49	43	52.5	32.5	3	53	42	54.5	60.5	0	51	41	54.5	45	65.5	48.5	29	33.5	49	66	55.5	50	47	45	21	34	59	48.5	49.5	53	29.5	32	53	45.5	53.5	42.5	60.5	47.5	43	35.5	60	43.5	61.5	39	64.5	38	44.5	52.5	37	27	32	42	40.5	51	30.5	38	43.5	27.5	62.5	34.5	33	13	60	48.5	70	18.5	32	34	34.5	41	29.5	31	34	30.5	53.5	46	64.5	52	48	44.5	39	46	45.5	31	61	39.5	52	57	38	69.5	54	40	42	61.5	55.5	
71.5	31	30	3	34.5	61	2	64	81.5	48.5	54	74	63	75.5	39.5	51	0	70	25.5	66	40.5	32.5	40	54.5	78	37	26.5	29	28	36	32	47	30	27.5	78.5	24	35.5	31	74	29.5	24.5	63.5	31.5	68.5	64	31.5	31	64.5	32.5	68	41.5	19	15.5	31.5	64	46	33	33	36.5	22	46.5	27	27.5	51.5	33.5	30.5	24	38	39	19.5	49	34.5	31	33	30.5	22	50.5	52	33	59.5	74.5	35	43.5	7	27	73.5	20	17	16.5	32	32	68.5	79	28	19	40.5	75	61	63	40.5	34.5	
13.5	89	58	73	82.5	13	72	28	23.5	43.5	38	28	31	31.5	71.5	41	70	0	81.5	14	76.5	59.5	52	37.5	20	85	84.5	61	64	56	50	45	72	59.5	20.5	82	56.5	43	28	56.5	82.5	31.5	85.5	28.5	16	60.5	71	32.5	90.5	2	75.5	67	73.5	63.5	28	38	59	59	55.5	80	45.5	49	54.5	38.5	83.5	61.5	62	46	71	77.5	81	47.5	43	45	61.5	70	33.5	40	45	26.5	32.5	57	75.5	63	59	15.5	68	75	74.5	60	90	15.5	23	86	67	86.5	27	19	29	72.5	66.5	
83	19.5	33.5	22.5	23	72.5	23.5	67.5	87	52	57.5	77.5	66.5	79	36	54.5	25.5	81.5	0	69.5	29	36	43.5	58	85.5	25.5	15	30.5	31.5	39.5	35.5	50.5	23.5	34	90	12.5	39	42.5	77.5	39	13	67	20	72	67.5	35	24.5	68	21	79.5	30	22.5	14	32	67.5	57.5	36.5	36.5	40	15.5	50	38.5	39	57	22	34	27.5	41.5	29.5	18	39.5	38	42.5	44.5	34	25.5	54	55.5	44.5	69	78	38.5	40	32.5	28.5	85	23.5	10.5	15	35.5	20.5	80	82.5	16.5	22.5	29	78.5	64.5	66.5	33	15	
27.5	75	44	63	78.5	27	64	28	37.5	47.5	48	28	17	29.5	85.5	45	66	14	69.5	0	84.5	71.5	44	33.5	34	81	70.5	75	62	60	36	51	74	73.5	34.5	68	44.5	57	28	70.5	68.5	17.5	75.5	22.5	2	50.5	75	18.5	76.5	16	85.5	53	59.5	77.5	38	52	47	57	55.5	66	45.5	63	68.5	52.5	77.5	49.5	48	32	85	63.5	95	33.5	57	59	49.5	56	19.5	36	59	40.5	28.5	69	89.5	73	73	29.5	54	61	60.5	46	76	29.5	33	72	53	84.5	29	5	27	86.5	80.5	
78	24.5	48.5	37.5	6	67.5	38.5	82.5	88	63	62.5	92.5	81.5	94	21	65.5	40.5	76.5	29	84.5	0	39	58.5	73	84.5	30.5	14	25.5	46.5	50.5	50.5	59.5	36.5	29	85	22.5	54	37.5	92.5	36	16	82	9	87	82.5	50	35.5	83	26	74.5	1	37.5	29	33	72.5	52.5	51.5	51.5	55	30.5	65	33.5	34	58	7	49	42.5	56.5	25.5	33	30.5	53	37.5	39.5	49	40.5	69	70.5	39.5	66	93	41.5	25	37.5	23.5	80	38.5	25.5	30	50.5	25.5	75	87.5	21.5	37.5	34	91.5	79.5	81.5	4	26	
61	41.5	35.5	29.5	45	50.5	30.5	65.5	71	46	45.5	75.5	68.5	79	34	48.5	32.5	59.5	36	71.5	39	0	45.5	60	67.5	47.5	37	23.5	31.5	33.5	37.5	42.5	34.5	22	68	34.5	41	20.5	75.5	3	35	69	42	74	69.5	37	33.5	70	43	57.5	38	24.5	26	26	55.5	35.5	38.5	36.5	38	32.5	48	16.5	5	41	44	36	29.5	43.5	33.5	30	43.5	40	20.5	22.5	36	27.5	56	57.5	22.5	49	80	24.5	38	25.5	21.5	63	25.5	27.5	27	37.5	42.5	58	70.5	38.5	24.5	49	74.5	66.5	66.5	35	29	
53.5	49	18	37	52.5	43	38	42	61.5	26.5	32	52	41	53.5	61.5	29	40	52	43.5	44	58.5	45.5	0	32.5	60	55	44.5	51	36	34	8	7	48	49.5	60.5	42	18.5	33	52	46.5	42.5	41.5	49.5	46.5	42	24.5	49	42.5	50.5	50	59.5	27	33.5	51.5	42	14	21	31	29.5	40	24.5	39	44.5	31.5	51.5	23.5	22	16	59	37.5	69	12.5	33	35	23.5	30	28.5	30	35	41.5	52.5	43	65.5	47	49	55.5	28	35	34.5	20	50	50.5	57	46	27	58.5	53	39	41	62.5	56.5	
39	63.5	32.5	51.5	67	28.5	52.5	31.5	49	36	36.5	41.5	30.5	43	72	33.5	54.5	37.5	58	33.5	73	60	32.5	0	45.5	69.5	59	61.5	50.5	48.5	24.5	39.5	62.5	60	46	56.5	33	43.5	41.5	57	57	31	64	36	31.5	39	63.5	32	65	35.5	74	41.5	48	64	31.5	38.5	35.5	45.5	44	54.5	34	49.5	55	39	66	38	36.5	20.5	71.5	52	81.5	22	43.5	45.5	38	44.5	18	24.5	45.5	11	42	57.5	76	61.5	59.5	41	42.5	49.5	49	34.5	64.5	36	46.5	60.5	41.5	73	42.5	28.5	30.5	73	67	
11.5	91	60	79	90.5	21	80	36	21.5	51.5	46	8	19	29.5	79.5	49	78	20	85.5	34	84.5	67.5	60	45.5	0	93	86.5	69	72	64	52	53	80	67.5	18.5	84	60.5	51	8	64.5	84.5	28.5	91.5	31.5	34	66.5	79	29.5	92.5	18	83.5	69	75.5	71.5	36	46	63	67	63.5	82	53.5	57	62.5	46.5	91.5	65.5	64	48	79	79.5	89	49.5	51	53	65.5	72	35.5	48	53	34.5	30.5	65	83.5	71	67	18.5	70	77	76.5	62	92	23.5	3	88	69	94.5	7	31	37	80.5	74.5	
86.5	16	45	34	24.5	76	35	79	96.5	63.5	69	89	78	90.5	24.5	66	37	85	25.5	81	30.5	47.5	55	69.5	93	0	16.5	34	43	51	47	62	35	37.5	93.5	19	50.5	46	89	44.5	14.5	78.5	21.5	83.5	79	46.5	36	79.5	17.5	83	31.5	34	25.5	41.5	79	61	48	48	51.5	27	61.5	42	42.5	66.5	23.5	45.5	39	53	34	29.5	34	49.5	46	48	45.5	37	65.5	67	48	74.5	89.5	50	28.5	44	32	88.5	35	22	26.5	47	5	83.5	94	9	34	25.5	90	76	78	30.5	34.5	
92	10.5	34.5	23.5	8	81.5	24.5	68.5	88	53	58.5	78.5	67.5	80	35	55.5	26.5	84.5	15	70.5	14	37	44.5	59	86.5	16.5	0	35.5	32.5	40.5	36.5	51.5	24.5	37	91	8.5	40	51.5	78.5	40	2	68	5	73	68.5	36	25.5	69	12	86.5	15	23.5	15	33	68.5	58.5	37.5	37.5	41	16.5	51	47.5	42	58	7	35	28.5	42.5	25.5	19	30.5	39	51.5	51.5	35	26.5	55	56.5	51.5	70	79	39.5	31	33.5	37.5	86	24.5	11.5	16	36.5	11.5	81	83.5	7.5	23.5	20	79.5	65.5	67.5	18	30	
62.5	40	49	32	31.5	52	31	67	72.5	47.5	47	77	82	80.5	20.5	50	29	61	30.5	75	25.5	23.5	51	61.5	69	34	35.5	0	33	35	51	44	11	13.5	69.5	33	50.5	22	77	20.5	33.5	82.5	34.5	77.5	77	44.5	10	81.5	41.5	59	24.5	38	29.5	17.5	57	37	48	38	39.5	19	49.5	18	18.5	42.5	32.5	45.5	43	57	20	31.5	30	53.5	22	24	45.5	39	69.5	59	24	50.5	81.5	26	24.5	22	2	64.5	39	24	30.5	49	39	59.5	72	37	38	35.5	76	80	68	21.5	15.5	
65.5	37	26	25	40.5	55	26	60	75.5	44.5	50	70	59	71.5	43.5	47	28	64	31.5	62	46.5	31.5	36	50.5	72	43	32.5	33	0	32	28	43	36	31.5	72.5	30	31.5	25	70	28.5	30.5	59.5	37.5	64.5	60	27.5	37	60.5	38.5	62	47.5	9	21.5	35.5	60	40	29	29	32.5	28	42.5	15	26.5	45.5	39.5	26.5	20	34	43	25.5	53	30.5	25	27	26.5	6	46.5	48	27	53.5	70.5	7	47.5	35	31	67.5	8	23	22.5	28	38	62.5	75	34	9	46.5	71	57	59	44.5	38.5	
57.5	45	24	33	48.5	47	34	58	67.5	42.5	42	68	57	69.5	45.5	45	36	56	39.5	60	50.5	33.5	34	48.5	64	51	40.5	35	32	0	26	39	44	33.5	64.5	38	29.5	13	68	30.5	38.5	57.5	45.5	62.5	58	25.5	45	58.5	46.5	54	49.5	23	29.5	37.5	52	32	27	3	30.5	36	40.5	23	28.5	37.5	47.5	24.5	12	32	45	33.5	55	28.5	13	11	24.5	26	44.5	46	11	45.5	68.5	31	49.5	37	33	59.5	24	31	30.5	26	46	54.5	67	42	23	54.5	69	55	57	46.5	40.5	
61.5	41	10	29	44.5	49	30	34	53.5	18.5	24	44	33	45.5	65.5	21	32	50	35.5	36	50.5	37.5	8	24.5	52	47	36.5	51	28	26	0	15	40	47.5	56.5	34	10.5	39	44	40.5	34.5	33.5	41.5	38.5	34	16.5	41	34.5	42.5	52	51.5	19	25.5	43.5	34	22	13	23	21.5	32	16.5	43	42.5	23.5	43.5	15.5	14	8	51	29.5	61	4.5	39	37	15.5	22	20.5	22	37	35.5	44.5	35	61.5	39	53	51.5	20	27	26.5	12	42	46.5	49	38	19	50.5	45	31	33	54.5	50.5	
46.5	56	25	44	59.5	36	45	49	56.5	31.5	31	59	48	60.5	54.5	34	47	45	50.5	51	59.5	42.5	7	39.5	53	62	51.5	44	43	39	15	0	55	42.5	53.5	49	25.5	26	59	39.5	49.5	48.5	56.5	53.5	49	31.5	54	49.5	57.5	43	58.5	34	40.5	46.5	41	7	28	38	36.5	47	31.5	32	37.5	26.5	58.5	30.5	29	23	54	44.5	64	19.5	26	28	30.5	37	35.5	37	28	34.5	59.5	40	58.5	46	42	48.5	35	42	41.5	27	57	43.5	56	53	34	65.5	60	46	48	55.5	49.5	
73.5	29	38	27	32.5	63	28	72	83.5	56.5	58	82	71	83.5	31.5	59	30	72	23.5	74	36.5	34.5	48	62.5	80	35	24.5	11	36	44	40	55	0	24.5	80.5	22	43.5	33	82	31.5	22.5	71.5	29.5	76.5	72	39.5	1	72.5	30.5	70	35.5	27	18.5	28.5	68	48	41	41	44.5	8	54.5	29	29.5	53.5	31.5	38.5	32	46	31	22.5	41	42.5	33	35	38.5	30	58.5	60	35	61.5	82.5	37	35.5	33	13	75.5	28	13	19.5	40	30	70.5	83	26	27	38.5	83	69	71	32.5	26.5	
61	41.5	45.5	30.5	35	50.5	29.5	65.5	71	46	45.5	75.5	78.5	79	24	48.5	27.5	59.5	34	73.5	29	22	49.5	60	67.5	37.5	37	13.5	31.5	33.5	47.5	42.5	24.5	0	68	34.5	49	20.5	75.5	19	35	79	38	76	75.5	43	23.5	80	43	57.5	28	34.5	22	4	55.5	35.5	46.5	36.5	38	32.5	48	16.5	17	41	36	44	39.5	53.5	23.5	18	33.5	50	20.5	22.5	44	37.5	66	57.5	22.5	49	80	24.5	28	20.5	11.5	63	35.5	27.5	21	47.5	42.5	58	70.5	38.5	34.5	39	74.5	76.5	66.5	25	19	
7	95.5	64.5	81.5	91	21.5	80.5	36.5	3	52	46.5	26.5	27.5	11	80	49.5	78.5	20.5	90	34.5	85	68	60.5	46	18.5	93.5	91	69.5	72.5	64.5	56.5	53.5	80.5	68	0	88.5	65	51.5	26.5	65	89	33	94	32	36.5	69	79.5	34	97	18.5	84	73.5	80	72	36.5	46.5	67.5	67.5	64	86.5	54	57.5	63	47	92	70	68.5	52.5	79.5	84	89.5	54	51.5	53.5	70	76.5	40	48.5	53.5	35	12	65.5	84	71.5	67.5	19	74.5	81.5	81	66.5	96.5	24	21.5	92.5	73.5	95	25.5	35.5	37.5	81	75	
89.5	13	32	21	16.5	79	22	66	85.5	50.5	56	76	65	77.5	37.5	53	24	82	12.5	68	22.5	34.5	42	56.5	84	19	8.5	33	30	38	34	49	22	34.5	88.5	0	37.5	49	76	37.5	6.5	65.5	13.5	70.5	66	33.5	23	66.5	14.5	84	23.5	21	12.5	30.5	66	56	35	35	38.5	14	48.5	45	39.5	55.5	15.5	32.5	26	40	17	16.5	33	36.5	49	49	32.5	24	52.5	54	49	67.5	76.5	37	33.5	31	35	83.5	22	9	13.5	34	14	78.5	81	10	21	22.5	77	63	65	26.5	27.5	
58	44.5	13.5	32.5	48	47.5	33.5	42.5	62	27	32.5	52.5	41.5	54	61	29.5	35.5	56.5	39	44.5	54	41	18.5	33	60.5	50.5	40	50.5	31.5	29.5	10.5	25.5	43.5	49	65	37.5	0	32.5	52.5	44	38	42	45	47	42.5	20	44.5	43	46	54.5	55	22.5	29	47	42.5	32.5	16.5	26.5	25	35.5	25	38.5	44	32	47	19	17.5	16.5	54.5	33	64.5	13	32.5	34.5	19	25.5	29	30.5	34.5	44	53	38.5	65	42.5	48.5	60	23.5	30.5	30	15.5	45.5	55	57.5	41.5	22.5	54	53.5	39.5	41.5	58	54	
44.5	58	33	34	43.5	34	33	49	54.5	29.5	29	59	70	62.5	32.5	32	31	43	42.5	57	37.5	20.5	33	43.5	51	46	51.5	22	25	13	39	26	33	20.5	51.5	49	32.5	0	59	17.5	51.5	64.5	46.5	59.5	59	26.5	32	63.5	55.5	41	36.5	34	42.5	24.5	39	19	30	16	21.5	41	31.5	10	15.5	24.5	44.5	27.5	25	45	32	38.5	42	41.5	0	2	27.5	31	57.5	41	2	32.5	63.5	18	36.5	24	20	46.5	33	44	41.5	31	51	41.5	54	55	34	47.5	58	62	50	33.5	27.5	
19.5	83	52	71	86.5	29	72	36	29.5	55.5	54	0	11	27.5	87.5	53	74	28	77.5	28	92.5	75.5	52	41.5	8	89	78.5	77	70	68	44	59	82	75.5	26.5	76	52.5	59	0	72.5	76.5	20.5	83.5	25.5	26	58.5	83	21.5	84.5	26	91.5	61	67.5	79.5	44	54	55	65	63.5	74	53.5	65	70.5	54.5	85.5	57.5	56	40	87	71.5	97	41.5	59	61	57.5	64	27.5	44	61	42.5	26.5	73	91.5	79	75	26.5	62	69	68.5	54	84	31.5	5	80	61	92.5	1	23	35	88.5	82.5	
58	44.5	38.5	32.5	42	47.5	31.5	62.5	68	43	42.5	72.5	71.5	76	31	45.5	29.5	56.5	39	70.5	36	3	46.5	57	64.5	44.5	40	20.5	28.5	30.5	40.5	39.5	31.5	19	65	37.5	44	17.5	72.5	0	38	72	45	73	72.5	40	30.5	73	46	54.5	35	27.5	29	23	52.5	32.5	41.5	33.5	35	35.5	45	13.5	2	38	43	39	32.5	46.5	30.5	33	40.5	43	17.5	19.5	39	30.5	59	54.5	19.5	46	77	21.5	35	22.5	18.5	60	28.5	30.5	30	40.5	45.5	55	67.5	41.5	27.5	46	71.5	69.5	63.5	32	26	
94	8.5	32.5	21.5	10	81.5	22.5	66.5	86	51	56.5	76.5	65.5	78	33	53.5	24.5	82.5	13	68.5	16	35	42.5	57	84.5	14.5	2	33.5	30.5	38.5	34.5	49.5	22.5	35	89	6.5	38	51.5	76.5	38	0	66	7	71	66.5	34	23.5	67	10	84.5	17	21.5	13	31	66.5	56.5	35.5	35.5	39	14.5	49	45.5	40	56	9	33	26.5	40.5	23.5	17	28.5	37	51.5	49.5	33	24.5	53	54.5	49.5	68	77	37.5	29	31.5	35.5	84	22.5	9.5	14	34.5	9.5	79	81.5	5.5	21.5	18	77.5	63.5	65.5	20	28	
30	72.5	41.5	60.5	76	34.5	61.5	25.5	30	45	45.5	20.5	9.5	22	93	42.5	63.5	31.5	67	17.5	82	69	41.5	31	28.5	78.5	68	82.5	59.5	57.5	33.5	48.5	71.5	79	33	65.5	42	64.5	20.5	72	66	0	73	5	15.5	48	72.5	1	74	31.5	83	50.5	57	75	35.5	55.5	44.5	54.5	53	63.5	43	70.5	74	50	75	47	45.5	29.5	82.5	61	92.5	31	64.5	66.5	47	53.5	17	33.5	66.5	42	21	66.5	93	70.5	80.5	18	51.5	58.5	58	43.5	73.5	33	25.5	69.5	50.5	82	21.5	12.5	24.5	86	82	
87	15.5	39.5	28.5	3	76.5	29.5	73.5	93	58	63.5	83.5	72.5	85	30	60.5	31.5	85.5	20	75.5	9	42	49.5	64	91.5	21.5	5	34.5	37.5	45.5	41.5	56.5	29.5	38	94	13.5	45	46.5	83.5	45	7	73	0	78	73.5	41	30.5	74	17	83.5	10	28.5	20	38	73.5	61.5	42.5	42.5	46	21.5	56	42.5	43	63	2	40	33.5	47.5	30.5	24	35.5	44	46.5	48.5	40	31.5	60	61.5	48.5	75	84	44.5	34	38.5	32.5	89	29.5	16.5	21	41.5	16.5	84	88.5	12.5	28.5	25	84.5	70.5	72.5	13	35	
25	77.5	46.5	65.5	81	29.5	66.5	30.5	35	50	50.5	25.5	14.5	27	88	47.5	68.5	28.5	72	22.5	87	74	46.5	36	31.5	83.5	73	77.5	64.5	62.5	38.5	53.5	76.5	76	32	70.5	47	59.5	25.5	73	71	5	78	0	20.5	53	77.5	4	79	26.5	88	55.5	62	80	40.5	54.5	49.5	59.5	58	68.5	48	65.5	71	55	80	52	50.5	34.5	87.5	66	97.5	36	59.5	61.5	52	58.5	22	38.5	61.5	43	26	71.5	92	75.5	75.5	13	56.5	63.5	63	48.5	78.5	32	30.5	74.5	55.5	87	26.5	17.5	29.5	89	83	
29.5	73	42	61	76.5	29	62	26	35.5	45.5	46	26	15	27.5	87.5	43	64	16	67.5	2	82.5	69.5	42	31.5	34	79	68.5	77	60	58	34	49	72	75.5	36.5	66	42.5	59	26	72.5	66.5	15.5	73.5	20.5	0	48.5	73	16.5	74.5	18	83.5	51	57.5	75.5	36	54	45	55	53.5	64	43.5	65	70.5	50.5	75.5	47.5	46	30	83	61.5	93	31.5	59	61	47.5	54	17.5	34	61	42.5	26.5	67	91.5	71	75	31.5	52	59	58.5	44	74	31.5	31	70	51	82.5	27	3	25	86.5	82.5	
62	40.5	14.5	28.5	44	51.5	29.5	48.5	68	33	38.5	58.5	47.5	60	55	35.5	31.5	60.5	35	50.5	50	37	24.5	39	66.5	46.5	36	44.5	27.5	25.5	16.5	31.5	39.5	43	69	33.5	20	26.5	58.5	40	34	48	41	53	48.5	0	40.5	49	42	58.5	51	18.5	25	43	48.5	36.5	17.5	22.5	5	31.5	31	32.5	38	38	43	1	13.5	22.5	50.5	29	60.5	19	26.5	28.5	1	21.5	35	36.5	28.5	50	59	34.5	59	38.5	42.5	64	19.5	26.5	26	16.5	41.5	59	63.5	37.5	18.5	50	59.5	45.5	47.5	54	50	
72.5	30	39	28	33.5	62	29	73	82.5	57.5	57	83	72	84.5	30.5	60	31	71	24.5	75	35.5	33.5	49	63.5	79	36	25.5	10	37	45	41	54	1	23.5	79.5	23	44.5	32	83	30.5	23.5	72.5	30.5	77.5	73	40.5	0	73.5	31.5	69	34.5	28	19.5	27.5	67	47	42	42	45.5	9	55.5	28	28.5	52.5	32.5	39.5	33	47	30	23.5	40	43.5	32	34	39.5	31	59.5	61	34	60.5	83.5	36	34.5	32	12	74.5	29	14	20.5	41	31	69.5	82	27	28	39.5	84	70	72	31.5	25.5	
29	73.5	42.5	61.5	77	33.5	62.5	26.5	31	46	46.5	21.5	10.5	23	92	43.5	64.5	32.5	68	18.5	83	70	42.5	32	29.5	79.5	69	81.5	60.5	58.5	34.5	49.5	72.5	80	34	66.5	43	63.5	21.5	73	67	1	74	4	16.5	49	73.5	0	75	30.5	84	51.5	58	76	36.5	56.5	45.5	55.5	54	64.5	44	69.5	75	51	76	48	46.5	30.5	83.5	62	93.5	32	63.5	65.5	48	54.5	18	34.5	65.5	43	22	67.5	94	71.5	79.5	17	52.5	59.5	59	44.5	74.5	34	26.5	70.5	51.5	83	22.5	13.5	25.5	87	83	
96	6.5	40.5	29.5	20	85.5	30.5	74.5	94	59	64.5	84.5	73.5	86	23	61.5	32.5	90.5	21	76.5	26	43	50.5	65	92.5	17.5	12	41.5	38.5	46.5	42.5	57.5	30.5	43	97	14.5	46	55.5	84.5	46	10	74	17	79	74.5	42	31.5	75	0	92.5	27	29.5	21	39	74.5	64.5	43.5	43.5	47	22.5	57	51.5	48	64	19	41	34.5	48.5	31.5	25	26.5	45	55.5	57.5	41	32.5	61	62.5	57.5	76	85	45.5	19	39.5	41.5	92	30.5	17.5	22	42.5	12.5	87	89.5	8.5	29.5	8	85.5	71.5	73.5	30	36	
11.5	91	60	71	80.5	11	70	26	21.5	41.5	36	26	33	29.5	69.5	39	68	2	79.5	16	74.5	57.5	50	35.5	18	83	86.5	59	62	54	52	43	70	57.5	18.5	84	54.5	41	26	54.5	84.5	31.5	83.5	26.5	18	58.5	69	30.5	92.5	0	73.5	69	75.5	61.5	26	36	57	57	53.5	78	43.5	47	52.5	36.5	81.5	59.5	64	48	69	75.5	79	49.5	41	43	59.5	68	35.5	38	43	24.5	30.5	55	73.5	61	57	13.5	70	77	76.5	58	88	13.5	21	88	69	84.5	25	21	27	70.5	64.5	
77	25.5	49.5	38.5	7	66.5	39.5	81.5	87	62	61.5	91.5	82.5	95	20	64.5	41.5	75.5	30	85.5	1	38	59.5	74	83.5	31.5	15	24.5	47.5	49.5	51.5	58.5	35.5	28	84	23.5	55	36.5	91.5	35	17	83	10	88	83.5	51	34.5	84	27	73.5	0	38.5	30	32	71.5	51.5	52.5	52.5	54	31.5	64	32.5	33	57	8	50	43.5	57.5	24.5	34	29.5	54	36.5	38.5	50	41.5	70	71.5	38.5	65	94	40.5	24	36.5	22.5	79	39.5	26.5	31	51.5	26.5	74	86.5	22.5	38.5	35	90.5	80.5	82.5	3	25	
74.5	28	17	16	31.5	64	17	51	70.5	35.5	41	61	50	62.5	52.5	38	19	67	22.5	53	37.5	24.5	27	41.5	69	34	23.5	38	9	23	19	34	27	34.5	73.5	21	22.5	34	61	27.5	21.5	50.5	28.5	55.5	51	18.5	28	51.5	29.5	69	38.5	0	12.5	30.5	51	41	20	20	23.5	19	33.5	24	29.5	40.5	30.5	17.5	11	25	38	16.5	48	21.5	34	34	17.5	3	37.5	39	34	52.5	61.5	16	48.5	26	40	68.5	1	14	13.5	19	29	63.5	66	25	0	37.5	62	48	50	41.5	37.5	
83	19.5	23.5	12.5	23	72.5	13.5	57.5	77	42	47.5	67.5	56.5	69	44	44.5	15.5	73.5	14	59.5	29	26	33.5	48	75.5	25.5	15	29.5	21.5	29.5	25.5	40.5	18.5	22	80	12.5	29	42.5	67.5	29	13	57	20	62	57.5	25	19.5	58	21	75.5	30	12.5	0	18	57.5	47.5	26.5	26.5	30	10.5	40	36.5	31	47	22	24	17.5	31.5	29.5	4	39.5	28	42.5	40.5	24	15.5	44	45.5	40.5	59	68	28.5	40	22.5	31.5	75	13.5	5.5	1	25.5	20.5	70	72.5	16.5	12.5	29	68.5	54.5	56.5	33	29	
65	37.5	41.5	30.5	39	54.5	31.5	69.5	75	50	49.5	79.5	74.5	83	28	52.5	31.5	63.5	32	77.5	33	26	51.5	64	71.5	41.5	33	17.5	35.5	37.5	43.5	46.5	28.5	4	72	30.5	47	24.5	79.5	23	31	75	38	80	75.5	43	27.5	76	39	61.5	32	30.5	18	0	59.5	39.5	44.5	40.5	42	28.5	52	20.5	21	45	40	42	35.5	49.5	27.5	14	37.5	46	24.5	26.5	42	33.5	62	61.5	26.5	53	84	28.5	32	24.5	15.5	67	31.5	23.5	17	43.5	38.5	62	74.5	34.5	30.5	43	78.5	72.5	70.5	29	23	
29.5	73	42	61	76.5	19	62	34	39.5	39.5	34	44	35	47.5	67.5	37	64	28	67.5	38	72.5	55.5	42	31.5	36	79	68.5	57	60	52	34	41	68	55.5	36.5	66	42.5	39	44	52.5	66.5	35.5	73.5	40.5	36	48.5	67	36.5	74.5	26	71.5	51	57.5	59.5	0	34	45	55	51.5	64	41.5	45	50.5	34.5	75.5	47.5	46	30	67	61.5	77	31.5	39	41	47.5	54	22.5	34	41	22.5	46.5	53	71.5	59	55	31.5	52	59	58.5	44	74	26.5	39	70	51	82.5	43	33	35	68.5	62.5	
39.5	63	32	49	58.5	29	48	44	49.5	24.5	24	54	55	57.5	47.5	27	46	38	57.5	52	52.5	35.5	14	38.5	46	61	58.5	37	40	32	22	7	48	35.5	46.5	56	32.5	19	54	32.5	56.5	55.5	61.5	54.5	54	36.5	47	56.5	64.5	36	51.5	41	47.5	39.5	34	0	35	35	31.5	54	26.5	25	30.5	19.5	59.5	37.5	36	30	47	51.5	57	26.5	19	21	37.5	44	42.5	36	21	27.5	58.5	33	51.5	39	35	41.5	42	49	48.5	34	64	36.5	49	60	41	62.5	53	53	45	48.5	42.5	
60.5	42	3	30	45.5	50	31	45	64.5	29.5	35	55	44	56.5	58.5	32	33	59	36.5	47	51.5	38.5	21	35.5	63	48	37.5	48	29	27	13	28	41	46.5	67.5	35	16.5	30	55	41.5	35.5	44.5	42.5	49.5	45	17.5	42	45.5	43.5	57	52.5	20	26.5	44.5	45	35	0	24	22.5	33	27.5	36	41.5	34.5	44.5	16.5	15	19	52	30.5	62	15.5	30	32	16.5	23	31.5	33	32	46.5	55.5	36	62.5	40	46	62.5	21	28	27.5	1	43	57.5	60	39	20	51.5	56	42	44	55.5	51.5	
60.5	42	21	30	45.5	50	31	55	70.5	39.5	45	65	54	66.5	48.5	42	33	59	36.5	57	51.5	36.5	31	45.5	67	48	37.5	38	29	3	23	38	41	36.5	67.5	35	26.5	16	65	33.5	35.5	54.5	42.5	59.5	55	22.5	42	55.5	43.5	57	52.5	20	26.5	40.5	55	35	24	0	27.5	33	37.5	26	31.5	40.5	44.5	21.5	9	29	48	30.5	58	25.5	16	14	21.5	23	41.5	43	14	48.5	65.5	34	52.5	40	36	62.5	21	28	27.5	23	43	57.5	70	39	20	51.5	66	52	54	49.5	43.5	
57	45.5	19.5	33.5	49	46.5	34.5	53.5	67	38	41.5	63.5	52.5	65	50	40.5	36.5	55.5	40	55.5	55	38	29.5	44	63.5	51.5	41	39.5	32.5	30.5	21.5	36.5	44.5	38	64	38.5	25	21.5	63.5	35	39	53	46	58	53.5	5	45.5	54	47	53.5	54	23.5	30	42	51.5	31.5	22.5	27.5	0	36.5	36	27.5	33	37	48	6	18.5	27.5	49.5	34	59.5	24	21.5	23.5	6	26.5	40	41.5	23.5	45	64	35.5	54	41.5	37.5	59	24.5	31.5	31	21.5	46.5	54	66.5	42.5	23.5	55	64.5	50.5	52.5	51	45	
81.5	21	30	19	24.5	71	20	64	83.5	48.5	54	74	63	75.5	39.5	51	22	80	15.5	66	30.5	32.5	40	54.5	82	27	16.5	19	28	36	32	47	8	32.5	86.5	14	35.5	41	74	35.5	14.5	63.5	21.5	68.5	64	31.5	9	64.5	22.5	78	31.5	19	10.5	28.5	64	54	33	33	36.5	0	46.5	37	37.5	53.5	23.5	30.5	24	38	31	14.5	41	34.5	41	43	30.5	22	50.5	52	43	65.5	74.5	35	41.5	29	21	81.5	20	5	11.5	32	22	76.5	79	18	19	30.5	75	61	63	34.5	30.5	
47	55.5	24.5	43.5	59	36.5	44.5	43.5	57	2	31.5	53.5	42.5	55	60	30.5	46.5	45.5	50	45.5	65	48	24.5	34	53.5	61.5	51	49.5	42.5	40.5	16.5	31.5	54.5	48	54	48.5	25	31.5	53.5	45	49	43	56	48	43.5	31	55.5	44	57	43.5	64	33.5	40	52	41.5	26.5	27.5	37.5	36	46.5	0	37.5	43	7	58	30	28.5	17.5	59.5	44	69.5	12	31.5	33.5	30	36.5	30	31.5	33.5	35	54	45.5	64	51.5	47.5	49	34.5	41.5	41	26.5	56.5	44	56.5	52.5	33.5	65	54.5	40.5	42.5	61	55	
50.5	52	39	30	39.5	40	29	55	60.5	35.5	35	65	74	68.5	28.5	38	27	49	38.5	63	33.5	16.5	39	49.5	57	42	47.5	18	15	23	43	32	29	16.5	57.5	45	38.5	10	65	13.5	45.5	70.5	42.5	65.5	65	32.5	28	69.5	51.5	47	32.5	24	36.5	20.5	45	25	36	26	27.5	37	37.5	0	11.5	30.5	40.5	33.5	35	49	28	34.5	38	45.5	10	12	33.5	21	61.5	47	12	38.5	69.5	8	32.5	20	16	52.5	23	38	37.5	37	47	47.5	60	49	24	43.5	64	68	56	29.5	23.5	
56	46.5	40.5	30.5	40	45.5	29.5	60.5	66	41	40.5	70.5	73.5	74	29	43.5	27.5	54.5	39	68.5	34	5	44.5	55	62.5	42.5	42	18.5	26.5	28.5	42.5	37.5	29.5	17	63	39.5	44	15.5	70.5	2	40	74	43	71	70.5	38	28.5	75	48	52.5	33	29.5	31	21	50.5	30.5	41.5	31.5	33	37.5	43	11.5	0	36	41	39	34.5	48.5	28.5	35	38.5	45	15.5	17.5	39	32.5	61	52.5	17.5	44	75	19.5	33	20.5	16.5	58	30.5	32.5	32	42.5	47.5	53	65.5	43.5	29.5	44	69.5	71.5	61.5	30	24	
40	62.5	31.5	50.5	64	29.5	51.5	44.5	50	5	24.5	54.5	49.5	58	53	27.5	51.5	38.5	57	52.5	58	41	31.5	39	46.5	66.5	58	42.5	45.5	37.5	23.5	26.5	53.5	41	47	55.5	32	24.5	54.5	38	56	50	63	55	50.5	38	52.5	51	64	36.5	57	40.5	47	45	34.5	19.5	34.5	40.5	37	53.5	7	30.5	36	0	65	37	35.5	24.5	52.5	51	62.5	19	24.5	26.5	37	43.5	37	36.5	26.5	28	59	38.5	57	44.5	40.5	42	41.5	48.5	48	33.5	63.5	37	49.5	59.5	40.5	68	53.5	47.5	45.5	54	48	
85	17.5	41.5	30.5	1	74.5	31.5	75.5	95	60	65.5	85.5	74.5	87	28	62.5	33.5	83.5	22	77.5	7	44	51.5	66	91.5	23.5	7	32.5	39.5	47.5	43.5	58.5	31.5	36	92	15.5	47	44.5	85.5	43	9	75	2	80	75.5	43	32.5	76	19	81.5	8	30.5	22	40	75.5	59.5	44.5	44.5	48	23.5	58	40.5	41	65	0	42	35.5	49.5	32.5	26	37.5	46	44.5	46.5	42	33.5	62	63.5	46.5	73	86	46.5	32	40.5	30.5	87	31.5	18.5	23	43.5	18.5	82	90.5	14.5	30.5	27	86.5	72.5	74.5	11	33	
63	39.5	13.5	27.5	43	52.5	28.5	47.5	67	32	37.5	57.5	46.5	59	56	34.5	30.5	61.5	34	49.5	49	36	23.5	38	65.5	45.5	35	45.5	26.5	24.5	15.5	30.5	38.5	44	70	32.5	19	27.5	57.5	39	33	47	40	52	47.5	1	39.5	48	41	59.5	50	17.5	24	42	47.5	37.5	16.5	21.5	6	30.5	30	33.5	39	37	42	0	12.5	21.5	49.5	28	59.5	18	27.5	29.5	0	20.5	34	35.5	29.5	49	58	33.5	60	37.5	43.5	65	18.5	25.5	25	15.5	40.5	60	62.5	36.5	17.5	49	58.5	44.5	46.5	53	49	
69.5	33	12	21	36.5	59	22	46	65.5	30.5	36	56	45	57.5	57.5	33	24	62	27.5	48	42.5	29.5	22	36.5	64	39	28.5	43	20	12	14	29	32	39.5	68.5	26	17.5	25	56	32.5	26.5	45.5	33.5	50.5	46	13.5	33	46.5	34.5	64	43.5	11	17.5	35.5	46	36	15	9	18.5	24	28.5	35	34.5	35.5	35.5	12.5	0	20	43	21.5	53	16.5	25	23	12.5	14	32.5	34	23	47.5	56.5	27	53.5	31	45	63.5	12	19	18.5	14	34	58.5	61	30	11	42.5	57	43	45	46.5	42.5	
55.5	47	16	35	50.5	45	36	30	49.5	19.5	16	40	29	41.5	71.5	13	38	46	41.5	32	56.5	43.5	16	20.5	48	53	42.5	57	34	32	8	23	46	53.5	52.5	40	16.5	45	40	46.5	40.5	29.5	47.5	34.5	30	22.5	47	30.5	48.5	48	57.5	25	31.5	49.5	30	30	19	29	27.5	38	17.5	49	48.5	24.5	49.5	21.5	20	0	57	35.5	67	5.5	45	43	21.5	28	16.5	18	43	31.5	40.5	41	67.5	45	59	47.5	26	33	32.5	18	48	42.5	45	44	25	56.5	41	27	29	60.5	56.5	
72.5	30	49	38	31.5	62	39	77	82.5	57.5	57	87	82	90.5	20.5	60	39	71	29.5	85	25.5	33.5	59	71.5	79	34	25.5	20	43	45	51	54	31	23.5	79.5	17	54.5	32	87	30.5	23.5	82.5	30.5	87.5	83	50.5	30	83.5	31.5	69	24.5	38	29.5	27.5	67	47	52	48	49.5	31	59.5	28	28.5	52.5	32.5	49.5	43	57	0	33.5	30	53.5	32	34	49.5	41	69.5	69	34	60.5	91.5	36	24.5	32	18	74.5	39	26	30.5	51	31	69.5	82	27	38	35.5	86	80	78	21.5	20.5	
79	23.5	27.5	16.5	27	68.5	17.5	61.5	81	46	51.5	71.5	60.5	73	42	48.5	19.5	77.5	18	63.5	33	30	37.5	52	79.5	29.5	19	31.5	25.5	33.5	29.5	44.5	22.5	18	84	16.5	33	38.5	71.5	33	17	61	24	66	61.5	29	23.5	62	25	75.5	34	16.5	4	14	61.5	51.5	30.5	30.5	34	14.5	44	34.5	35	51	26	28	21.5	35.5	33.5	0	43.5	32	38.5	40.5	28	19.5	48	49.5	40.5	63	72	32.5	44	26.5	29.5	79	17.5	9.5	3	29.5	24.5	74	76.5	20.5	16.5	33	72.5	58.5	60.5	37	33	
82.5	20	59	48	36.5	72	49	87	92.5	67.5	67	97	92	100.5	15.5	70	49	81	39.5	95	30.5	43.5	69	81.5	89	34	30.5	30	53	55	61	64	41	33.5	89.5	33	64.5	42	97	40.5	28.5	92.5	35.5	97.5	93	60.5	40	93.5	26.5	79	29.5	48	39.5	37.5	77	57	62	58	59.5	41	69.5	38	38.5	62.5	37.5	59.5	53	67	30	43.5	0	63.5	42	44	59.5	51	79.5	79	44	70.5	101.5	46	19.5	42	28	84.5	49	36	40.5	61	31	79.5	92	27	48	30.5	96	90	88	26.5	30.5	
59	43.5	12.5	31.5	47	46.5	32.5	31.5	51	14	21.5	41.5	30.5	43	68	18.5	34.5	47.5	38	33.5	53	40	12.5	22	49.5	49.5	39	53.5	30.5	28.5	4.5	19.5	42.5	50	54	36.5	13	41.5	41.5	43	37	31	44	36	31.5	19	43.5	32	45	49.5	54	21.5	28	46	31.5	26.5	15.5	25.5	24	34.5	12	45.5	45	19	46	18	16.5	5.5	53.5	32	63.5	0	41.5	39.5	18	24.5	18	19.5	39.5	33	42	37.5	64	41.5	55.5	49	22.5	29.5	29	14.5	44.5	44	46.5	40.5	21.5	53	42.5	28.5	30.5	57	53	
44.5	58	33	34	43.5	34	33	49	54.5	29.5	29	59	70	62.5	32.5	32	31	43	42.5	57	37.5	20.5	33	43.5	51	46	51.5	22	25	13	39	26	33	20.5	51.5	49	32.5	0	59	17.5	51.5	64.5	46.5	59.5	59	26.5	32	63.5	55.5	41	36.5	34	42.5	24.5	39	19	30	16	21.5	41	31.5	10	15.5	24.5	44.5	27.5	25	45	32	38.5	42	41.5	0	2	27.5	31	57.5	41	2	32.5	63.5	18	36.5	24	20	46.5	33	44	41.5	31	51	41.5	54	55	34	47.5	58	62	50	33.5	27.5	
46.5	56	35	36	45.5	36	35	51	56.5	31.5	31	61	68	64.5	34.5	34	33	45	44.5	59	39.5	22.5	35	45.5	53	48	51.5	24	27	11	37	28	35	22.5	53.5	49	34.5	2	61	19.5	49.5	66.5	48.5	61.5	61	28.5	34	65.5	57.5	43	38.5	34	40.5	26.5	41	21	32	14	23.5	43	33.5	12	17.5	26.5	46.5	29.5	23	43	34	40.5	44	39.5	2	0	29.5	33	55.5	43	0	34.5	65.5	20	38.5	26	22	48.5	35	42	41.5	33	53	43.5	56	53	34	49.5	60	64	52	35.5	29.5	
63	39.5	13.5	27.5	43	52.5	28.5	47.5	67	32	37.5	57.5	46.5	59	56	34.5	30.5	61.5	34	49.5	49	36	23.5	38	65.5	45.5	35	45.5	26.5	24.5	15.5	30.5	38.5	44	70	32.5	19	27.5	57.5	39	33	47	40	52	47.5	1	39.5	48	41	59.5	50	17.5	24	42	47.5	37.5	16.5	21.5	6	30.5	30	33.5	39	37	42	0	12.5	21.5	49.5	28	59.5	18	27.5	29.5	0	20.5	34	35.5	29.5	49	58	33.5	60	37.5	43.5	65	18.5	25.5	25	15.5	40.5	60	62.5	36.5	17.5	49	58.5	44.5	46.5	53	49	
71.5	31	20	19	34.5	61	20	54	73.5	38.5	44	64	53	65.5	49.5	41	22	70	25.5	56	40.5	27.5	30	44.5	72	37	26.5	39	6	26	22	37	30	37.5	76.5	24	25.5	31	64	30.5	24.5	53.5	31.5	58.5	54	21.5	31	54.5	32.5	68	41.5	3	15.5	33.5	54	44	23	23	26.5	22	36.5	21	32.5	43.5	33.5	20.5	14	28	41	19.5	51	24.5	31	33	20.5	0	40.5	42	33	55.5	64.5	13	51.5	29	37	71.5	2	17	16.5	22	32	66.5	69	28	3	40.5	65	51	53	44.5	40.5	
43	59.5	28.5	47.5	63	32.5	48.5	17.5	37	32	32.5	27.5	16.5	29	84	29.5	50.5	33.5	54	19.5	69	56	28.5	18	35.5	65.5	55	69.5	46.5	44.5	20.5	35.5	58.5	66	40	52.5	29	57.5	27.5	59	53	17	60	22	17.5	35	59.5	18	61	35.5	70	37.5	44	62	22.5	42.5	31.5	41.5	40	50.5	30	61.5	61	37	62	34	32.5	16.5	69.5	48	79.5	18	57.5	55.5	34	40.5	0	20.5	55.5	29	28	53.5	80	57.5	71.5	35	38.5	45.5	45	30.5	60.5	30	32.5	56.5	37.5	69	28.5	14.5	16.5	73	69	
41.5	61	30	49	64.5	31	50	34	51.5	33.5	34	44	33	45.5	69.5	31	52	40	55.5	36	70.5	57.5	30	24.5	48	67	56.5	59	48	46	22	37	60	57.5	48.5	54	30.5	41	44	54.5	54.5	33.5	61.5	38.5	34	36.5	61	34.5	62.5	38	71.5	39	45.5	61.5	34	36	33	43	41.5	52	31.5	47	52.5	36.5	63.5	35.5	34	18	69	49.5	79	19.5	41	43	35.5	42	20.5	0	43	29.5	44.5	55	73.5	59	57	43.5	40	47	46.5	32	62	38.5	49	58	39	70.5	45	31	33	70.5	64.5	
46.5	56	35	36	45.5	36	35	51	56.5	31.5	31	61	68	64.5	34.5	34	33	45	44.5	59	39.5	22.5	35	45.5	53	48	51.5	24	27	11	37	28	35	22.5	53.5	49	34.5	2	61	19.5	49.5	66.5	48.5	61.5	61	28.5	34	65.5	57.5	43	38.5	34	40.5	26.5	41	21	32	14	23.5	43	33.5	12	17.5	26.5	46.5	29.5	23	43	34	40.5	44	39.5	2	0	29.5	33	55.5	43	0	34.5	65.5	20	38.5	26	22	48.5	35	42	41.5	33	53	43.5	56	53	34	49.5	60	64	52	35.5	29.5	
28	74.5	43.5	62.5	72	17.5	61.5	32.5	38	33	27.5	42.5	41.5	46	61	30.5	59.5	26.5	69	40.5	66	49	41.5	11	34.5	74.5	70	50.5	53.5	45.5	35.5	34.5	61.5	49	35	67.5	44	32.5	42.5	46	68	42	75	43	42.5	50	60.5	43	76	24.5	65	52.5	59	53	22.5	27.5	46.5	48.5	45	65.5	35	38.5	44	28	73	49	47.5	31.5	60.5	63	70.5	33	32.5	34.5	49	55.5	29	29.5	34.5	0	47	46.5	65	52.5	48.5	30	53.5	60.5	60	45.5	75.5	25	37.5	71.5	52.5	76	41.5	39.5	33.5	62	56	
19	83.5	52.5	71.5	87	33.5	72.5	36.5	9	56	56.5	26.5	15.5	1	92	53.5	74.5	32.5	78	28.5	93	80	52.5	42	30.5	89.5	79	81.5	70.5	68.5	44.5	59.5	82.5	80	12	76.5	53	63.5	26.5	77	77	21	84	26	26.5	59	83.5	22	85	30.5	94	61.5	68	84	46.5	58.5	55.5	65.5	64	74.5	54	69.5	75	59	86	58	56.5	40.5	91.5	72	101.5	42	63.5	65.5	58	64.5	28	44.5	65.5	47	0	77.5	96	81.5	79.5	31	62.5	69.5	69	54.5	84.5	36	31.5	80.5	61.5	93	27.5	23.5	35.5	93	87	
58.5	44	33	32	47.5	48	33	63	68.5	43.5	43	73	66	76.5	36.5	46	35	57	38.5	69	41.5	24.5	43	57.5	65	50	39.5	26	7	31	35	40	37	24.5	65.5	37	38.5	18	73	21.5	37.5	66.5	44.5	71.5	67	34.5	36	67.5	45.5	55	40.5	16	28.5	28.5	53	33	36	34	35.5	35	45.5	8	19.5	38.5	46.5	33.5	27	41	36	32.5	46	37.5	18	20	33.5	13	53.5	55	20	46.5	77.5	0	40.5	28	24	60.5	15	30	29.5	35	45	55.5	68	41	16	51.5	72	64	64	37.5	31.5	
77	25.5	59.5	46.5	31	66.5	45.5	81.5	87	62	61.5	91.5	92.5	95	4	64.5	43.5	75.5	40	89.5	25	38	65.5	76	83.5	28.5	31	24.5	47.5	49.5	61.5	58.5	35.5	28	84	33.5	65	36.5	91.5	35	29	93	34	92	91.5	59	34.5	94	19	73.5	24	48.5	40	32	71.5	51.5	62.5	52.5	54	41.5	64	32.5	33	57	32	60	53.5	67.5	24.5	44	19.5	64	36.5	38.5	60	51.5	80	73.5	38.5	65	96	40.5	0	36.5	22.5	79	49.5	36.5	41	61.5	31.5	74	86.5	27.5	48.5	11	90.5	90.5	82.5	21	25	
64.5	38	37	10	41.5	54	9	69	74.5	49.5	49	79	70	82.5	32.5	52	7	63	32.5	73	37.5	25.5	47	61.5	71	44	33.5	22	35	37	39	46	33	20.5	71.5	31	42.5	24	79	22.5	31.5	70.5	38.5	75.5	71	38.5	32	71.5	39.5	61	36.5	26	22.5	24.5	59	39	40	40	41.5	29	51.5	20	20.5	44.5	40.5	37.5	31	45	32	26.5	42	41.5	24	26	37.5	29	57.5	59	26	52.5	81.5	28	36.5	0	20	66.5	27	24	23.5	39	39	61.5	74	35	26	47.5	78	68	70	33.5	27.5	
60.5	42	49	30	29.5	50	29	65	70.5	45.5	45	75	84	78.5	18.5	48	27	59	28.5	73	23.5	21.5	49	59.5	67	32	37.5	2	31	33	53	42	13	11.5	67.5	35	48.5	20	75	18.5	35.5	80.5	32.5	75.5	75	42.5	12	79.5	41.5	57	22.5	40	31.5	15.5	55	35	46	36	37.5	21	47.5	16	16.5	40.5	30.5	43.5	45	59	18	29.5	28	55.5	20	22	43.5	37	71.5	57	22	48.5	79.5	24	22.5	20	0	62.5	39	26	32.5	47	37	57.5	70	39	40	33.5	74	78	66	19.5	13.5	
12	90.5	59.5	76.5	86	16.5	75.5	31.5	22	47	41.5	26.5	27.5	30	75	44.5	73.5	15.5	85	29.5	80	63	55.5	41	18.5	88.5	86	64.5	67.5	59.5	51.5	48.5	75.5	63	19	83.5	60	46.5	26.5	60	84	18	89	13	31.5	64	74.5	17	92	13.5	79	68.5	75	67	31.5	41.5	62.5	62.5	59	81.5	49	52.5	58	42	87	65	63.5	47.5	74.5	79	84.5	49	46.5	48.5	65	71.5	35	43.5	48.5	30	31	60.5	79	66.5	62.5	0	69.5	76.5	76	61.5	91.5	19	21.5	87.5	68.5	90	25.5	30.5	32.5	76	70	
73.5	29	18	17	32.5	63	18	52	71.5	36.5	42	62	51	63.5	51.5	39	20	68	23.5	54	38.5	25.5	28	42.5	70	35	24.5	39	8	24	20	35	28	35.5	74.5	22	23.5	33	62	28.5	22.5	51.5	29.5	56.5	52	19.5	29	52.5	30.5	70	39.5	1	13.5	31.5	52	42	21	21	24.5	20	34.5	23	30.5	41.5	31.5	18.5	12	26	39	17.5	49	22.5	33	35	18.5	2	38.5	40	35	53.5	62.5	15	49.5	27	39	69.5	0	15	14.5	20	30	64.5	67	26	1	38.5	63	49	51	42.5	38.5	
86.5	16	25	14	19.5	74	15	59	78.5	43.5	49	69	58	70.5	40.5	46	17	75	10.5	61	25.5	27.5	35	49.5	77	22	11.5	24	23	31	27	42	13	27.5	81.5	9	30.5	44	69	30.5	9.5	58.5	16.5	63.5	59	26.5	14	59.5	17.5	77	26.5	14	5.5	23.5	59	49	28	28	31.5	5	41.5	38	32.5	48.5	18.5	25.5	19	33	26	9.5	36	29.5	44	42	25.5	17	45.5	47	42	60.5	69.5	30	36.5	24	26	76.5	15	0	6.5	27	17	71.5	74	13	14	25.5	70	56	58	29.5	25.5	
82	20.5	24.5	13.5	24	71.5	14.5	58.5	78	43	48.5	68.5	57.5	70	45	45.5	16.5	74.5	15	60.5	30	27	34.5	49	76.5	26.5	16	30.5	22.5	30.5	26.5	41.5	19.5	21	81	13.5	30	41.5	68.5	30	14	58	21	63	58.5	26	20.5	59	22	76.5	31	13.5	1	17	58.5	48.5	27.5	27.5	31	11.5	41	37.5	32	48	23	25	18.5	32.5	30.5	3	40.5	29	41.5	41.5	25	16.5	45	46.5	41.5	60	69	29.5	41	23.5	32.5	76	14.5	6.5	0	26.5	21.5	71	73.5	17.5	13.5	30	69.5	55.5	57.5	34	30	
61.5	41	2	29	44.5	51	30	44	63.5	28.5	34	54	43	55.5	59.5	31	32	60	35.5	46	50.5	37.5	20	34.5	62	47	36.5	49	28	26	12	27	40	47.5	66.5	34	15.5	31	54	40.5	34.5	43.5	41.5	48.5	44	16.5	41	44.5	42.5	58	51.5	19	25.5	43.5	44	34	1	23	21.5	32	26.5	37	42.5	33.5	43.5	15.5	14	18	51	29.5	61	14.5	31	33	15.5	22	30.5	32	33	45.5	54.5	35	61.5	39	47	61.5	20	27	26.5	0	42	56.5	59	38	19	50.5	55	41	43	54.5	50.5	
91.5	11	40	29	19.5	81	30	74	93.5	58.5	64	84	73	85.5	29.5	61	32	90	20.5	76	25.5	42.5	50	64.5	92	5	11.5	39	38	46	42	57	30	42.5	96.5	14	45.5	51	84	45.5	9.5	73.5	16.5	78.5	74	41.5	31	74.5	12.5	88	26.5	29	20.5	38.5	74	64	43	43	46.5	22	56.5	47	47.5	63.5	18.5	40.5	34	48	31	24.5	31	44.5	51	53	40.5	32	60.5	62	53	75.5	84.5	45	31.5	39	37	91.5	30	17	21.5	42	0	86.5	89	4	29	20.5	85	71	73	29.5	35.5	
17	85.5	54.5	71.5	81	11.5	70.5	26.5	27	42	36.5	31.5	32.5	35	70	39.5	68.5	15.5	80	29.5	75	58	50.5	36	23.5	83.5	81	59.5	62.5	54.5	46.5	43.5	70.5	58	24	78.5	55	41.5	31.5	55	79	33	84	32	31.5	59	69.5	34	87	13.5	74	63.5	70	62	26.5	36.5	57.5	57.5	54	76.5	44	47.5	53	37	82	60	58.5	42.5	69.5	74	79.5	44	41.5	43.5	60	66.5	30	38.5	43.5	25	36	55.5	74	61.5	57.5	19	64.5	71.5	71	56.5	86.5	0	26.5	82.5	63.5	85	30.5	30.5	27.5	71	65	
14.5	88	57	76	91.5	24	77	39	24.5	54.5	49	5	16	32.5	82.5	52	79	23	82.5	33	87.5	70.5	57	46.5	3	94	83.5	72	75	67	49	56	83	70.5	21.5	81	57.5	54	5	67.5	81.5	25.5	88.5	30.5	31	63.5	82	26.5	89.5	21	86.5	66	72.5	74.5	39	49	60	70	66.5	79	56.5	60	65.5	49.5	90.5	62.5	61	45	82	76.5	92	46.5	54	56	62.5	69	32.5	49	56	37.5	31.5	68	86.5	74	70	21.5	67	74	73.5	59	89	26.5	0	85	66	97.5	4	28	40	83.5	77.5	
95.5	7	36	25	15.5	85	26	70	89.5	54.5	60	80	69	81.5	31.5	57	28	86	16.5	72	21.5	38.5	46	60.5	88	9	7.5	37	34	42	38	53	26	38.5	92.5	10	41.5	55	80	41.5	5.5	69.5	12.5	74.5	70	37.5	27	70.5	8.5	88	22.5	25	16.5	34.5	70	60	39	39	42.5	18	52.5	49	43.5	59.5	14.5	36.5	30	44	27	20.5	27	40.5	55	53	36.5	28	56.5	58	53	71.5	80.5	41	27.5	35	39	87.5	26	13	17.5	38	4	82.5	85	0	25	16.5	81	67	69	25.5	31.5	
74.5	28	17	16	31.5	64	17	51	70.5	35.5	41	61	50	62.5	52.5	38	19	67	22.5	53	37.5	24.5	27	41.5	69	34	23.5	38	9	23	19	34	27	34.5	73.5	21	22.5	34	61	27.5	21.5	50.5	28.5	55.5	51	18.5	28	51.5	29.5	69	38.5	0	12.5	30.5	51	41	20	20	23.5	19	33.5	24	29.5	40.5	30.5	17.5	11	25	38	16.5	48	21.5	34	34	17.5	3	37.5	39	34	52.5	61.5	16	48.5	26	40	68.5	1	14	13.5	19	29	63.5	66	25	0	37.5	62	48	50	41.5	37.5	
88	14.5	48.5	37.5	28	77.5	38.5	82.5	98	67	72.5	92.5	81.5	94	15	69.5	40.5	86.5	29	84.5	34	49	58.5	73	94.5	25.5	20	35.5	46.5	54.5	50.5	65.5	38.5	39	95	22.5	54	47.5	92.5	46	18	82	25	87	82.5	50	39.5	83	8	84.5	35	37.5	29	43	82.5	62.5	51.5	51.5	55	30.5	65	43.5	44	68	27	49	42.5	56.5	35.5	33	30.5	53	47.5	49.5	49	40.5	69	70.5	49.5	76	93	51.5	11	47.5	33.5	90	38.5	25.5	30	50.5	20.5	85	97.5	16.5	37.5	0	93.5	79.5	81.5	32	36	
18.5	84	53	72	87.5	28	73	37	28.5	56.5	53	1	12	28.5	86.5	54	75	27	78.5	29	91.5	74.5	53	42.5	7	90	79.5	76	71	69	45	60	83	74.5	25.5	77	53.5	58	1	71.5	77.5	21.5	84.5	26.5	27	59.5	84	22.5	85.5	25	90.5	62	68.5	78.5	43	53	56	66	64.5	75	54.5	64	69.5	53.5	86.5	58.5	57	41	86	72.5	96	42.5	58	60	58.5	65	28.5	45	60	41.5	27.5	72	90.5	78	74	25.5	63	70	69.5	55	85	30.5	4	81	62	93.5	0	24	36	87.5	81.5	
32.5	70	39	58	73.5	32	59	23	32.5	42.5	43	23	12	24.5	90.5	40	61	19	64.5	5	79.5	66.5	39	28.5	31	76	65.5	80	57	55	31	46	69	76.5	35.5	63	39.5	62	23	69.5	63.5	12.5	70.5	17.5	3	45.5	70	13.5	71.5	21	80.5	48	54.5	72.5	33	53	42	52	50.5	61	40.5	68	71.5	47.5	72.5	44.5	43	27	80	58.5	90	28.5	62	64	44.5	51	14.5	31	64	39.5	23.5	64	90.5	68	78	30.5	49	56	55.5	41	71	30.5	28	67	48	79.5	24	0	22	83.5	79.5	
30.5	72	41	60	75.5	16	61	1	40.5	44.5	45	35	24	36.5	78.5	42	63	29	66.5	27	81.5	66.5	41	30.5	37	78	67.5	68	59	57	33	48	71	66.5	37.5	65	41.5	50	35	63.5	65.5	24.5	72.5	29.5	25	47.5	72	25.5	73.5	27	82.5	50	56.5	70.5	35	45	44	54	52.5	63	42.5	56	61.5	45.5	74.5	46.5	45	29	78	60.5	88	30.5	50	52	46.5	53	16.5	33	52	33.5	35.5	64	82.5	70	66	32.5	51	58	57.5	43	73	27.5	40	69	50	81.5	36	22	0	79.5	73.5	
74	28.5	52.5	41.5	10	63.5	42.5	78.5	84	59	58.5	88.5	85.5	92	17	61.5	40.5	72.5	33	86.5	4	35	62.5	73	80.5	30.5	18	21.5	44.5	46.5	54.5	55.5	32.5	25	81	26.5	58	33.5	88.5	32	20	86	13	89	86.5	54	31.5	87	30	70.5	3	41.5	33	29	68.5	48.5	55.5	49.5	51	34.5	61	29.5	30	54	11	53	46.5	60.5	21.5	37	26.5	57	33.5	35.5	53	44.5	73	70.5	35.5	62	93	37.5	21	33.5	19.5	76	42.5	29.5	34	54.5	29.5	71	83.5	25.5	41.5	32	87.5	83.5	79.5	0	22	
68	34.5	48.5	37.5	32	57.5	36.5	72.5	78	53	52.5	82.5	81.5	86	21	55.5	34.5	66.5	15	80.5	26	29	56.5	67	74.5	34.5	30	15.5	38.5	40.5	50.5	49.5	26.5	19	75	27.5	54	27.5	82.5	26	28	82	35	83	82.5	50	25.5	83	36	64.5	25	37.5	29	23	62.5	42.5	51.5	43.5	45	30.5	55	23.5	24	48	33	49	42.5	56.5	20.5	33	30.5	53	27.5	29.5	49	40.5	69	64.5	29.5	56	87	31.5	25	27.5	13.5	70	38.5	25.5	30	50.5	35.5	65	77.5	31.5	37.5	36	81.5	79.5	73.5	22	0	
