Number of items: 100
Horizon: 15
Time limit: 750
Load limit: 6000
Initial item inventory level
70
64
45
22
94
172
69
84
82
60
60
23
89
85
93
87
83
45
172
42
148
207
249
132
59
90
294
53
80
59
27
204
30
78
198
134
171
114
210
146
48
228
258
213
23
122
261
90
92
174
45
52
168
126
52
219
78
201
33
21
79
138
258
21
93
61
112
42
255
94
228
42
87
159
50
92
62
213
240
237
28
122
62
69
156
120
77
15
65
68
84
270
135
168
189
126
118
41
159
258
Maximum inventory capacity per item
140
96
60
44
141
258
138
168
123
90
90
46
178
170
186
174
166
60
258
84
222
276
332
176
118
135
392
106
120
118
54
272
40
117
264
201
228
152
280
219
64
304
344
284
46
183
348
180
184
261
90
78
252
168
78
292
104
268
44
42
158
184
344
42
186
122
168
63
340
141
304
56
116
212
100
138
93
284
320
316
56
183
93
92
208
160
154
30
130
102
168
360
180
252
252
168
177
82
212
344
Reserve storage replenishment rate per item and per period
420	0	0	420	0	0	420	0	0	420	0	0	420	0	0	
192	0	0	192	0	0	192	0	0	192	0	0	192	0	0	
90	0	0	90	0	0	90	0	0	90	0	0	90	0	0	
132	0	0	132	0	0	132	0	0	132	0	0	132	0	0	
282	0	0	282	0	0	282	0	0	282	0	0	282	0	0	
516	0	0	516	0	0	516	0	0	516	0	0	516	0	0	
414	0	0	414	0	0	414	0	0	414	0	0	414	0	0	
504	0	0	504	0	0	504	0	0	504	0	0	504	0	0	
246	0	0	246	0	0	246	0	0	246	0	0	246	0	0	
180	0	0	180	0	0	180	0	0	180	0	0	180	0	0	
180	0	0	180	0	0	180	0	0	180	0	0	180	0	0	
138	0	0	138	0	0	138	0	0	138	0	0	138	0	0	
534	0	0	534	0	0	534	0	0	534	0	0	534	0	0	
510	0	0	510	0	0	510	0	0	510	0	0	510	0	0	
558	0	0	558	0	0	558	0	0	558	0	0	558	0	0	
522	0	0	522	0	0	522	0	0	522	0	0	522	0	0	
498	0	0	498	0	0	498	0	0	498	0	0	498	0	0	
90	0	0	90	0	0	90	0	0	90	0	0	90	0	0	
516	0	0	516	0	0	516	0	0	516	0	0	516	0	0	
252	0	0	252	0	0	252	0	0	252	0	0	252	0	0	
444	0	0	444	0	0	444	0	0	444	0	0	444	0	0	
414	0	0	414	0	0	414	0	0	414	0	0	414	0	0	
498	0	0	498	0	0	498	0	0	498	0	0	498	0	0	
264	0	0	264	0	0	264	0	0	264	0	0	264	0	0	
354	0	0	354	0	0	354	0	0	354	0	0	354	0	0	
270	0	0	270	0	0	270	0	0	270	0	0	270	0	0	
588	0	0	588	0	0	588	0	0	588	0	0	588	0	0	
318	0	0	318	0	0	318	0	0	318	0	0	318	0	0	
240	0	0	240	0	0	240	0	0	240	0	0	240	0	0	
354	0	0	354	0	0	354	0	0	354	0	0	354	0	0	
162	0	0	162	0	0	162	0	0	162	0	0	162	0	0	
408	0	0	408	0	0	408	0	0	408	0	0	408	0	0	
60	0	0	60	0	0	60	0	0	60	0	0	60	0	0	
234	0	0	234	0	0	234	0	0	234	0	0	234	0	0	
396	0	0	396	0	0	396	0	0	396	0	0	396	0	0	
402	0	0	402	0	0	402	0	0	402	0	0	402	0	0	
342	0	0	342	0	0	342	0	0	342	0	0	342	0	0	
228	0	0	228	0	0	228	0	0	228	0	0	228	0	0	
420	0	0	420	0	0	420	0	0	420	0	0	420	0	0	
438	0	0	438	0	0	438	0	0	438	0	0	438	0	0	
96	0	0	96	0	0	96	0	0	96	0	0	96	0	0	
456	0	0	456	0	0	456	0	0	456	0	0	456	0	0	
516	0	0	516	0	0	516	0	0	516	0	0	516	0	0	
426	0	0	426	0	0	426	0	0	426	0	0	426	0	0	
138	0	0	138	0	0	138	0	0	138	0	0	138	0	0	
366	0	0	366	0	0	366	0	0	366	0	0	366	0	0	
522	0	0	522	0	0	522	0	0	522	0	0	522	0	0	
540	0	0	540	0	0	540	0	0	540	0	0	540	0	0	
552	0	0	552	0	0	552	0	0	552	0	0	552	0	0	
522	0	0	522	0	0	522	0	0	522	0	0	522	0	0	
270	0	0	270	0	0	270	0	0	270	0	0	270	0	0	
156	0	0	156	0	0	156	0	0	156	0	0	156	0	0	
504	0	0	504	0	0	504	0	0	504	0	0	504	0	0	
252	0	0	252	0	0	252	0	0	252	0	0	252	0	0	
156	0	0	156	0	0	156	0	0	156	0	0	156	0	0	
438	0	0	438	0	0	438	0	0	438	0	0	438	0	0	
156	0	0	156	0	0	156	0	0	156	0	0	156	0	0	
402	0	0	402	0	0	402	0	0	402	0	0	402	0	0	
66	0	0	66	0	0	66	0	0	66	0	0	66	0	0	
126	0	0	126	0	0	126	0	0	126	0	0	126	0	0	
474	0	0	474	0	0	474	0	0	474	0	0	474	0	0	
276	0	0	276	0	0	276	0	0	276	0	0	276	0	0	
516	0	0	516	0	0	516	0	0	516	0	0	516	0	0	
126	0	0	126	0	0	126	0	0	126	0	0	126	0	0	
558	0	0	558	0	0	558	0	0	558	0	0	558	0	0	
366	0	0	366	0	0	366	0	0	366	0	0	366	0	0	
336	0	0	336	0	0	336	0	0	336	0	0	336	0	0	
126	0	0	126	0	0	126	0	0	126	0	0	126	0	0	
510	0	0	510	0	0	510	0	0	510	0	0	510	0	0	
282	0	0	282	0	0	282	0	0	282	0	0	282	0	0	
456	0	0	456	0	0	456	0	0	456	0	0	456	0	0	
84	0	0	84	0	0	84	0	0	84	0	0	84	0	0	
174	0	0	174	0	0	174	0	0	174	0	0	174	0	0	
318	0	0	318	0	0	318	0	0	318	0	0	318	0	0	
300	0	0	300	0	0	300	0	0	300	0	0	300	0	0	
276	0	0	276	0	0	276	0	0	276	0	0	276	0	0	
186	0	0	186	0	0	186	0	0	186	0	0	186	0	0	
426	0	0	426	0	0	426	0	0	426	0	0	426	0	0	
480	0	0	480	0	0	480	0	0	480	0	0	480	0	0	
474	0	0	474	0	0	474	0	0	474	0	0	474	0	0	
168	0	0	168	0	0	168	0	0	168	0	0	168	0	0	
366	0	0	366	0	0	366	0	0	366	0	0	366	0	0	
186	0	0	186	0	0	186	0	0	186	0	0	186	0	0	
138	0	0	138	0	0	138	0	0	138	0	0	138	0	0	
312	0	0	312	0	0	312	0	0	312	0	0	312	0	0	
240	0	0	240	0	0	240	0	0	240	0	0	240	0	0	
462	0	0	462	0	0	462	0	0	462	0	0	462	0	0	
90	0	0	90	0	0	90	0	0	90	0	0	90	0	0	
390	0	0	390	0	0	390	0	0	390	0	0	390	0	0	
204	0	0	204	0	0	204	0	0	204	0	0	204	0	0	
504	0	0	504	0	0	504	0	0	504	0	0	504	0	0	
540	0	0	540	0	0	540	0	0	540	0	0	540	0	0	
270	0	0	270	0	0	270	0	0	270	0	0	270	0	0	
504	0	0	504	0	0	504	0	0	504	0	0	504	0	0	
378	0	0	378	0	0	378	0	0	378	0	0	378	0	0	
252	0	0	252	0	0	252	0	0	252	0	0	252	0	0	
354	0	0	354	0	0	354	0	0	354	0	0	354	0	0	
246	0	0	246	0	0	246	0	0	246	0	0	246	0	0	
318	0	0	318	0	0	318	0	0	318	0	0	318	0	0	
516	0	0	516	0	0	516	0	0	516	0	0	516	0	0	
Forward storage demand rate per item and per period
70	51	65	120	25	67	65	77	89	87	115	73	133	85	69	
32	35	50	43	5	31	35	44	53	24	24	45	28	2	39	
15	21	23	17	24	18	15	12	16	27	8	15	20	4	24	
22	20	13	37	24	10	24	24	15	8	35	31	15	37	16	
47	80	70	45	23	51	23	21	33	36	26	57	56	74	34	
86	148	113	43	94	47	117	125	87	92	75	122	136	121	122	
69	33	121	57	13	53	68	91	92	70	70	63	108	43	21	
84	75	92	80	129	91	46	60	97	37	165	95	85	93	144	
41	18	33	27	26	33	59	55	9	23	65	35	45	62	69	
30	31	27	10	22	41	18	19	34	43	10	17	41	17	34	
30	35	23	42	27	51	29	34	29	54	17	36	29	46	42	
23	17	35	40	1	24	23	37	18	27	16	20	27	28	39	
89	34	141	54	84	30	60	144	116	106	121	67	139	154	79	
85	120	94	69	44	75	110	32	78	82	88	75	79	38	63	
93	90	19	34	141	65	92	49	110	13	82	58	114	19	127	
87	51	95	137	49	74	80	119	93	48	56	72	97	127	146	
83	96	142	132	82	88	121	26	79	77	130	49	97	106	62	
15	16	6	16	21	18	14	19	15	15	24	9	21	9	5	
86	76	90	19	32	120	136	152	129	86	26	138	68	108	105	
42	25	61	53	5	13	62	58	53	37	47	7	40	50	45	
74	17	87	101	93	68	64	60	125	54	29	112	95	137	123	
69	97	48	73	91	34	96	83	81	83	64	125	93	69	49	
83	134	70	62	41	28	95	97	109	73	79	60	84	126	57	
44	67	67	8	44	63	39	54	34	58	29	17	27	42	41	
59	57	9	70	95	80	82	77	14	73	65	73	89	69	73	
45	45	53	8	28	54	50	42	55	26	61	81	67	38	25	
98	100	72	46	106	79	44	73	107	26	138	24	138	11	132	
53	30	28	16	44	21	37	66	43	23	81	36	29	52	53	
40	69	24	45	36	38	36	30	33	41	25	52	70	49	29	
59	41	45	12	51	92	45	98	30	14	73	90	39	55	43	
27	28	26	19	17	34	19	50	22	24	27	14	33	37	26	
68	67	49	22	54	65	70	69	30	81	43	51	5	52	53	
10	5	12	16	14	11	10	8	1	7	14	10	11	8	8	
39	54	53	19	32	42	32	47	48	23	50	26	40	72	58	
66	64	57	51	60	57	47	114	91	63	18	77	102	105	43	
67	32	57	70	86	102	41	98	36	61	121	95	62	89	55	
57	33	23	56	56	62	105	64	92	36	33	17	73	34	6	
38	74	48	1	40	43	27	16	8	35	12	52	11	55	27	
70	51	92	74	23	64	104	55	101	73	103	42	21	77	130	
73	94	97	45	37	41	61	73	36	72	44	22	86	70	54	
16	10	4	21	13	8	20	17	18	22	14	2	9	26	2	
76	80	93	117	116	66	63	75	79	101	76	54	82	122	55	
86	92	83	83	54	72	32	104	60	87	26	72	105	87	32	
71	48	81	63	39	104	77	100	48	26	88	94	73	98	91	
23	25	38	32	39	20	16	15	15	31	12	23	40	19	35	
61	48	71	62	65	16	78	85	79	42	102	72	49	34	23	
87	55	56	161	115	20	28	122	102	36	110	112	54	91	42	
90	97	116	65	93	95	98	68	73	105	124	103	49	55	89	
92	110	82	83	83	81	71	51	42	95	161	74	86	83	98	
87	118	143	51	42	56	27	85	88	93	119	72	65	73	102	
45	37	33	87	33	29	19	41	44	49	23	46	34	72	17	
26	29	15	16	22	15	12	34	27	13	21	7	27	26	26	
84	96	99	77	34	145	61	61	161	113	101	45	135	100	119	
42	70	45	33	29	13	15	50	51	23	48	15	35	34	71	
26	29	30	11	30	24	39	22	28	21	14	31	2	37	28	
73	63	34	47	127	56	77	80	59	102	19	41	93	22	48	
26	20	4	9	20	44	6	24	25	19	16	31	15	31	21	
67	86	118	57	52	77	83	62	33	79	27	92	84	73	11	
11	10	5	13	14	12	10	16	17	10	9	6	8	18	10	
21	24	11	18	28	22	9	16	34	20	21	26	24	13	23	
79	55	36	135	26	60	51	95	112	121	80	49	53	60	109	
46	46	38	50	37	65	19	40	54	40	37	81	21	1	46	
86	108	33	71	75	104	88	82	54	86	73	35	57	37	95	
21	16	8	19	26	24	32	13	13	6	19	24	16	31	5	
93	97	54	38	71	52	76	100	5	28	119	100	14	87	96	
61	56	74	15	69	80	39	89	37	49	24	60	93	50	106	
56	54	49	79	4	41	94	2	66	28	36	30	83	41	51	
21	32	18	35	21	18	22	12	24	32	16	33	21	6	18	
85	87	93	49	126	88	81	107	34	95	94	123	17	98	88	
47	32	43	80	54	41	32	15	32	57	46	76	69	58	46	
76	88	30	27	32	88	32	75	47	105	133	89	29	41	76	
14	20	9	10	18	17	14	8	13	8	9	8	24	12	9	
29	23	18	22	24	27	24	21	18	38	41	34	31	20	28	
53	19	59	35	60	56	57	67	82	88	59	82	34	65	86	
50	81	53	72	44	52	4	59	51	17	39	53	25	47	58	
46	7	25	32	73	53	42	33	28	12	45	83	26	29	40	
31	31	19	22	28	39	34	38	44	30	22	7	46	28	44	
71	61	75	94	65	101	23	85	53	40	43	105	86	119	4	
80	75	82	74	84	99	73	71	126	86	130	65	121	115	105	
79	21	111	79	71	90	87	26	47	125	66	92	76	51	31	
28	22	20	37	35	23	34	35	5	17	50	34	28	38	26	
61	46	109	35	36	62	52	76	67	67	32	77	107	82	77	
31	48	12	25	37	39	36	26	33	32	22	52	35	30	17	
23	27	20	34	5	15	16	22	31	19	35	32	18	17	22	
52	41	55	60	66	17	50	88	40	84	54	42	20	57	26	
40	35	31	46	28	53	53	56	38	18	32	47	47	60	6	
77	65	55	89	64	51	57	92	125	80	53	33	95	43	125	
15	14	20	18	9	14	13	17	9	15	18	20	11	11	16	
65	42	65	66	8	66	91	63	84	105	27	93	32	15	75	
34	42	12	58	15	47	30	57	16	17	28	30	19	35	27	
84	85	144	82	137	112	125	58	93	90	131	67	88	62	116	
90	66	51	53	53	138	105	45	93	63	16	108	119	91	128	
45	51	34	75	26	48	43	50	39	27	59	49	19	30	41	
84	67	95	95	108	68	74	78	100	122	116	42	71	58	144	
63	68	76	93	59	89	41	79	20	70	55	21	58	67	90	
42	41	31	52	15	59	30	26	49	68	28	62	54	31	46	
59	37	61	89	74	32	87	21	98	44	44	64	55	92	88	
41	13	39	55	60	56	41	23	19	30	65	60	62	34	65	
53	87	41	17	62	46	43	68	76	25	62	60	51	42	10	
86	68	63	56	71	46	85	35	34	128	38	73	136	30	103	
Distance matrix
0	48.5	42	30	23	80.5	55	65	63.5	31	74	37	69.5	49	76.5	81.5	56.5	63.5	36.5	52	67.5	6.5	42	30	31	86.5	40.5	30.5	22.5	48.5	76	73	10	50	32.5	13.5	65.5	70.5	69	58	63	84	63.5	55	89.5	44	39.5	42	58.5	61.5	50.5	66	49.5	68	73	73	23.5	82.5	52.5	59	46.5	56	48.5	62.5	84	36.5	84	43.5	48.5	55.5	34.5	61.5	22	57.5	56	81.5	23.5	64.5	45	34.5	58	74	84	68.5	65	44	45.5	33	98.5	87.5	66	47	6	60	29.5	35	35.5	75	27	52	54.5	
48.5	0	39.5	26.5	33.5	66	6.5	66.5	23	25.5	77.5	34.5	67	22.5	40	65	30	63	30	39.5	29	50	45.5	31.5	25.5	50	8	26	34	18	55.5	58.5	46.5	31.5	24	43	61	56	32.5	43.5	58.5	47.5	43	56.5	67	17.5	17	19.5	18	35	2	25.5	1	33.5	76.5	28.5	33	64	4	32.5	30	59.5	0	64	67.5	12	47.5	43	0	41	38	25	34.5	49	45.5	65	33	52	36.5	22	53.5	37.5	57.5	58	16.5	47.5	11	23.5	58	69	35.5	34.5	44.5	21.5	27	21.5	39	56.5	29.5	29.5	32	
42	39.5	0	52	35	52.5	33	37	29.5	33	46	19	41.5	31	46.5	53.5	28.5	35.5	23.5	24	35.5	43.5	14	22	43	56.5	37.5	47.5	49.5	35.5	48	45	52	8	55.5	40.5	37.5	42.5	39	30	35	54	35.5	27	61.5	36	48.5	34	29.5	33.5	37.5	32	38.5	40	45	35	60.5	54.5	35.5	31	23.5	28	39.5	34.5	56	33.5	54	15.5	39.5	27.5	11.5	31.5	44	29.5	28	53.5	50.5	36.5	3	53.5	30	44	56	40.5	23	16	42.5	35	64.5	59.5	38	5	38	18	36.5	37	12.5	47	59	10	26.5	
30	26.5	52	0	33	84.5	25	75	41.5	39	84	47	79.5	41	58.5	83.5	48.5	73.5	46.5	58	47.5	31.5	52	40	29	68.5	34.5	24.5	27.5	36.5	74	77	40	50	17.5	28.5	75.5	74.5	51	62	73	66	61.5	65	85.5	36	15.5	38	36.5	53.5	24.5	44	25.5	52	83	47	26.5	82.5	22.5	51	48.5	66	26.5	72.5	86	38.5	66	53.5	26.5	59.5	44.5	43.5	8	67.5	64	83.5	26.5	70.5	55	15.5	68	56	76	76.5	35	54	19.5	37	76.5	87.5	54	53	26	40	35.5	35	45.5	75	23	48	50.5	
23	33.5	35	33	0	73.5	32	58	48.5	24	67	30	62.5	42	65.5	74.5	49.5	56.5	29.5	45	54.5	24.5	35	23	8	75.5	33.5	28.5	30.5	41.5	69	66	33	43	34.5	21.5	58.5	63.5	58	51	56	73	56.5	48	82.5	37	27.5	35	43.5	54.5	31.5	51	32.5	59	66	54	41.5	75.5	29.5	52	39.5	49	33.5	55.5	77	29.5	73	36.5	33.5	48.5	27.5	50.5	25	50.5	49	74.5	31.5	57.5	38	32.5	51	63	77	61.5	42	37	26.5	26	83.5	80.5	59	40	19	47	22.5	28	28.5	68	40	45	47.5	
80.5	66	52.5	84.5	73.5	0	59.5	25.5	51	71.5	19.5	57.5	25	65.5	38	1	58	29	62	52.5	47	82	42.5	60.5	81.5	28	74	84	88	66	36.5	33.5	90.5	60.5	82	79	31	36	45.5	48.5	33.5	30.5	49	35.5	35	70.5	75	72.5	56	53	64	48.5	65	46.5	18.5	41.5	91	2	62	55.5	62	26.5	66	28	29.5	72	30.5	49	66	51	50	53	82.5	43	46.5	1	89	40	55.5	80	38.5	40.5	30.5	34	49.5	44.5	69	73.5	26	33	48.5	57.5	76.5	54.5	75	75.5	51	35.5	87.5	62.5	60	
55	6.5	33	25	32	59.5	0	60	16.5	24	71	28	60.5	16	33.5	58.5	23.5	56.5	23.5	33	22.5	48.5	43	25	24	43.5	14.5	24.5	32.5	11.5	49	52	45	25	22.5	41.5	54.5	49.5	26	37	52	41	36.5	50	60.5	11	15.5	13	11.5	28.5	4.5	19	5.5	27	72	22	31.5	57.5	2.5	26	23.5	59	6.5	57.5	61	18.5	41	36.5	6.5	34.5	35.5	18.5	33	42.5	39	58.5	31.5	45.5	30	20.5	47	31	51	51.5	10	41	9.5	22	51.5	62.5	29	28	49	15	25.5	20	34.5	50	28	23	25.5	
65	66.5	37	75	58	25.5	60	0	51.5	56	19	42	14.5	54	36.5	26.5	46.5	13.5	46.5	37	47.5	66.5	27	45	66	31.5	60.5	70.5	72.5	58.5	11	8	75	45	82.5	63.5	15.5	20.5	44	33	18	19	33.5	20	34.5	59	75.5	57	56.5	41.5	64.5	49	65.5	43	18	42	83.5	27.5	62.5	44	46.5	11	66.5	12.5	29	56.5	19	33.5	66.5	35.5	34.5	51.5	67	27.5	31	26.5	73.5	24.5	40	80.5	23	39	29	18.5	50	29	69.5	58	41.5	32.5	41	42	61	55	59.5	60	35.5	10	82	47	44.5	
63.5	23	29.5	41.5	48.5	51	16.5	51.5	0	40.5	62.5	34.5	52	22.5	25	50	7	48	35	24.5	14	65	30.5	41.5	40.5	35	31	41	49	23	40.5	43.5	61.5	21.5	39	58	46	41	17.5	28.5	43.5	32.5	28	41.5	52	27.5	32	29.5	13	20	21	10.5	22	18.5	61.5	13.5	48	49	19	17.5	25	44.5	23	49	52.5	35	32.5	20	23	26	33	2	49.5	34	30.5	50	48	37	26.5	37	38.5	22.5	42.5	43	6.5	32.5	26	38.5	43	54	20.5	24.5	59.5	11.5	42	36.5	34	41.5	44.5	19.5	9	
31	25.5	33	39	24	71.5	24	56	40.5	0	65	28	60.5	40	57.5	72.5	47.5	54.5	27.5	43	46.5	32.5	33	21	32	67.5	31.5	36.5	38.5	35.5	67	64	41	41	36.5	29.5	56.5	61.5	50	49	54	65	54.5	46	80.5	35	29.5	33	35.5	52.5	23.5	43	24.5	51	64	46	45.5	73.5	21.5	50	37.5	47	25.5	53.5	75	27.5	65	34.5	25.5	46.5	25.5	42.5	33	48.5	47	72.5	39.5	55.5	36	34.5	49	55	75	59.5	34	35	23.5	2	75.5	78.5	53	38	27	39	25.5	4	26.5	66	42	43	45.5	
74	77.5	46	84	67	19.5	71	19	62.5	65	0	51	18.5	63	45.5	20.5	55.5	22.5	55.5	46	56.5	75.5	36	54	75	35.5	69.5	79.5	81.5	67.5	30	27	84	54	93.5	72.5	24.5	29.5	53	42	27	38	42.5	29	23.5	68	86.5	66	67.5	50.5	75.5	60	76.5	52	1	53	92.5	21.5	73.5	53	55.5	20	77.5	21.5	10	65.5	38	42.5	77.5	44.5	43.5	60.5	76	36.5	40	20.5	82.5	33.5	49	91.5	32	48	28	27.5	61	38	80.5	67	32.5	21.5	50	51	70	64	68.5	69	44.5	29	91	56	53.5	
37	34.5	19	47	30	57.5	28	42	34.5	28	51	0	46.5	12	51.5	58.5	33.5	40.5	18.5	29	40.5	38.5	19	17	38	61.5	32.5	42.5	44.5	30.5	53	50	47	27	50.5	35.5	42.5	47.5	44	35	40	59	40.5	32	66.5	31	43.5	29	29.5	38.5	32.5	37	33.5	45	50	40	55.5	59.5	30.5	36	23.5	33	34.5	39.5	61	28.5	59	20.5	34.5	32.5	11.5	36.5	39	34.5	33	58.5	45.5	41.5	22	48.5	35	49	61	45.5	28	21	37.5	30	69.5	64.5	43	24	33	33	31.5	32	12.5	52	54	29	31.5	
69.5	67	41.5	79.5	62.5	25	60.5	14.5	52	60.5	18.5	46.5	0	58.5	39	26	51	18	51	41.5	48	71	31.5	49.5	70.5	17	65	75	77	63	25.5	22.5	79.5	49.5	83	68	20	25	46.5	37.5	22.5	31.5	38	24.5	34	63.5	76	61.5	57	46	65	49.5	66	47.5	17.5	42.5	88	27	63	48.5	51	15.5	67	17	28.5	61	31.5	38	67	40	39	54	71.5	32	35.5	26	78	29	44.5	81	27.5	41.5	28.5	23	50.5	33.5	70	62.5	37	32	45.5	46.5	65.5	55.5	64	64.5	40	24.5	86.5	51.5	49	
49	22.5	31	41	42	65.5	16	54	22.5	40	63	12	58.5	0	39.5	64.5	29.5	52.5	30.5	39	28.5	50.5	31	29	40	49.5	30.5	40.5	48.5	22.5	55	58	59	31	38.5	47.5	54.5	55.5	32	43	52	47	42.5	44	66.5	27	31.5	29	17.5	34.5	20.5	25	21.5	33	62	28	47.5	63.5	18.5	32	29.5	45	22.5	51.5	67	34.5	47	32.5	22.5	40.5	23.5	24.5	49	46.5	45	64.5	47.5	51.5	34	36.5	47	37	57	57.5	16	33	25.5	38	57.5	68.5	35	34	45	21	41.5	36	24.5	56	44	29	31.5	
76.5	40	46.5	58.5	65.5	38	33.5	36.5	25	57.5	45.5	51.5	39	39.5	0	37	32	35	52	36.5	21	78	38.5	56.5	57.5	22	48	58	66	40	27.5	30.5	78.5	38.5	56	75	33	28	19.5	30.5	30.5	19.5	25	31.5	39	44.5	49	46.5	30	27	38	22.5	39	20.5	44.5	15.5	65	36	36	29.5	42	27.5	40	34	39.5	52	19.5	45	40	33	46	27	66.5	31	32.5	37	65	12	43.5	54	30.5	14.5	29.5	30	23.5	40.5	43	55.5	30	41	22.5	41.5	72.5	28.5	59	53.5	47	28.5	61.5	36.5	34	
81.5	65	53.5	83.5	74.5	1	58.5	26.5	50	72.5	20.5	58.5	26	64.5	37	0	57	30	63	53.5	46	83	43.5	61.5	82.5	27	73	83	89	65	37.5	34.5	91.5	61.5	81	80	32	37	44.5	49.5	34.5	29.5	50	36.5	34	69.5	74	71.5	55	52	63	47.5	64	45.5	19.5	40.5	90	1	61	54.5	63	27.5	65	29	30.5	73	29.5	50	65	52	51	52	83.5	44	47.5	0	90	41	56.5	79	39.5	39.5	29.5	35	48.5	45.5	68	74.5	25	34	47.5	58.5	77.5	53.5	76	76.5	52	36.5	86.5	61.5	59	
56.5	30	28.5	48.5	49.5	58	23.5	46.5	7	47.5	55.5	33.5	51	29.5	32	57	0	45	38	31.5	21	58	23.5	36.5	47.5	42	38	48	56	30	47.5	50.5	66.5	28.5	46	55	47	48	24.5	35.5	44.5	39.5	35	36.5	59	34.5	39	36.5	20	27	28	17.5	29	25.5	54.5	20.5	55	56	26	24.5	32	37.5	30	44	59.5	42	39.5	13	30	33	26	5	56.5	39	37.5	57	55	44	31.5	44	39.5	29.5	49.5	50	13.5	25.5	33	45.5	50	61	27.5	31.5	52.5	18.5	49	43.5	27	48.5	51.5	26.5	2	
63.5	63	35.5	73.5	56.5	29	56.5	13.5	48	54.5	22.5	40.5	18	52.5	35	30	45	0	45	35.5	44	65	25.5	43.5	64.5	35	59	69	71	57	24.5	21.5	73.5	43.5	79	62	2	7	42.5	31.5	16.5	32.5	32	18.5	38	57.5	72	55.5	53	40	61	45.5	62	41.5	21.5	38.5	82	31	59	42.5	45	9.5	63	1	32.5	55	32.5	32	63	34	33	50	65.5	26	29.5	30	72	23	38.5	77	21.5	37.5	32.5	5	46.5	27.5	66	56.5	43	36	39.5	40.5	59.5	51.5	58	58.5	34	23.5	80.5	45.5	43	
36.5	30	23.5	46.5	29.5	62	23.5	46.5	35	27.5	55.5	18.5	51	30.5	52	63	38	45	0	33.5	41	38	23.5	16.5	37.5	62	32	42	44	12	57.5	54.5	46.5	31.5	46	35	47	52	44.5	39.5	44.5	59.5	45	36.5	71	30.5	39	28.5	30	43	28	37.5	29	45.5	54.5	40.5	55	64	26	40.5	28	37.5	30	44	65.5	28	59.5	25	30	37	16	37	38.5	39	37.5	63	45	46	26.5	44	39.5	49.5	65.5	50	28.5	25.5	33	29.5	70	69	47.5	28.5	32.5	33.5	31	31.5	17	56.5	51.5	33.5	36	
52	39.5	24	58	45	52.5	33	37	24.5	43	46	29	41.5	39	36.5	53.5	31.5	35.5	33.5	0	25.5	53.5	10	32	53	46.5	47.5	57.5	59.5	39.5	48	45	62	32	55.5	50.5	37.5	42.5	29	30	35	44	35.5	27	61.5	44	48.5	44	29.5	31.5	37.5	14	38.5	30	45	25	64.5	54.5	35.5	7	33.5	28	39.5	34.5	56	43.5	44	20.5	39.5	27.5	21.5	26.5	54	29.5	28	53.5	60.5	36.5	27	53.5	30	34	54	40.5	23	8	42.5	45	54.5	59.5	32	29	48	28	46.5	47	22.5	47	61	34	31.5	
67.5	29	35.5	47.5	54.5	47	22.5	47.5	14	46.5	56.5	40.5	48	28.5	21	46	21	44	41	25.5	0	69	29.5	47.5	46.5	31	37	47	55	29	36.5	39.5	67.5	27.5	45	64	42	37	13.5	24.5	39.5	28.5	24	37.5	48	33.5	38	35.5	19	6	27	11.5	28	14.5	55.5	9.5	54	45	25	18.5	31	38.5	29	45	48.5	41	28.5	34	29	12	37	16	55.5	30	26.5	46	54	33	32.5	43	34.5	18.5	38.5	39	12.5	31.5	32	44.5	39	50	16.5	30.5	63.5	17.5	48	42.5	38	37.5	50.5	25.5	23	
6.5	50	43.5	31.5	24.5	82	48.5	66.5	65	32.5	75.5	38.5	71	50.5	78	83	58	65	38	53.5	69	0	43.5	31.5	32.5	88	42	32	24	50	77.5	74.5	16.5	51.5	26	15	67	72	70.5	59.5	64.5	85.5	65	56.5	91	45.5	39	43.5	60	63	48	67.5	49	69.5	74.5	70.5	17	84	46	60.5	48	57.5	50	64	85.5	38	85.5	45	50	57	36	63	23.5	59	57.5	83	25	66	46.5	34	59.5	75.5	85.5	70	58.5	45.5	43	34.5	100	89	67.5	48.5	7.5	61.5	31	36.5	37	76.5	28.5	53.5	56	
42	45.5	14	52	35	42.5	43	27	30.5	33	36	19	31.5	31	38.5	43.5	23.5	25.5	23.5	10	29.5	43.5	0	22	43	48.5	37.5	47.5	49.5	35.5	38	35	52	22	65.5	40.5	27.5	32.5	31	20	25	46	25.5	17	51.5	36	56.5	34	35.5	23.5	47.5	24	46.5	30	35	35	60.5	44.5	45.5	17	23.5	18	45.5	24.5	46	33.5	46	10.5	45.5	17.5	11.5	28.5	44	19.5	18	43.5	50.5	26.5	17	61.5	20	36	46	30.5	33	2	52.5	35	60.5	49.5	28	19	38	32	36.5	37	12.5	37	59	24	21.5	
30	31.5	22	40	23	60.5	25	45	41.5	21	54	17	49.5	29	56.5	61.5	36.5	43.5	16.5	32	47.5	31.5	22	0	31	66.5	25.5	35.5	37.5	28.5	56	53	40	30	47.5	28.5	45.5	50.5	49	38	43	64	43.5	35	69.5	14	40.5	12	36.5	41.5	29.5	44	30.5	48	53	47	48.5	62.5	27.5	39	26.5	36	31.5	42.5	64	21.5	64	23.5	31.5	35.5	14.5	41.5	32	37.5	36	61.5	38.5	44.5	25	45.5	38	54	64	48.5	35	24	34.5	23	76.5	67.5	46	27	26	40	24.5	25	15.5	55	47	32	34.5	
31	25.5	43	29	8	81.5	24	66	40.5	32	75	38	70.5	40	57.5	82.5	47.5	64.5	37.5	53	46.5	32.5	43	31	0	67.5	33.5	28.5	36.5	35.5	73	74	41	49	26.5	29.5	66.5	71.5	50	59	64	65	60.5	56	84.5	35	19.5	37	35.5	52.5	23.5	43	24.5	51	74	46	35.5	81.5	21.5	50	47.5	57	25.5	63.5	85	37.5	65	44.5	25.5	56.5	35.5	42.5	33	58.5	57	82.5	35.5	65.5	46	24.5	59	55	75	69.5	34	45	18.5	34	75.5	86.5	53	48	27	39	30.5	34	36.5	74	32	47	49.5	
86.5	50	56.5	68.5	75.5	28	43.5	31.5	35	67.5	35.5	61.5	17	49.5	22	27	42	35	62	46.5	31	88	48.5	66.5	67.5	0	58	68	76	50	22.5	25.5	88.5	48.5	66	85	33	28	29.5	40.5	35.5	14.5	35	41.5	29	54.5	59	56.5	40	37	48	32.5	49	30.5	34.5	25.5	75	26	46	39.5	52	32.5	50	34	29.5	62	14.5	55	50	43	56	37	76.5	41	42.5	27	75	34	53.5	64	40.5	24.5	19.5	30	33.5	50.5	53	65.5	20	31	32.5	51.5	82.5	38.5	69	63.5	57	23.5	71.5	46.5	44	
40.5	8	37.5	34.5	33.5	74	14.5	60.5	31	31.5	69.5	32.5	65	30.5	48	73	38	59	32	47.5	37	42	37.5	25.5	33.5	58	0	34	42	26	63.5	66.5	50.5	39.5	32	39	61	64	40.5	51.5	58.5	55.5	51	50.5	75	25.5	25	27.5	26	43	10	33.5	9	41.5	68.5	36.5	41	72	12	40.5	38	51.5	8	58	75.5	4	55.5	39	8	49	30	33	42.5	53	51.5	73	41	60	40.5	30	53.5	45.5	65.5	64	24.5	39.5	19	31.5	66	77	43.5	42.5	36.5	29.5	35	29.5	31	64.5	37.5	37.5	40	
30.5	26	47.5	24.5	28.5	84	24.5	70.5	41	36.5	79.5	42.5	75	40.5	58	83	48	69	42	57.5	47	32	47.5	35.5	28.5	68	34	0	32	36	73.5	76.5	40.5	49.5	22	29	71	74	50.5	61.5	68.5	65.5	61	60.5	85	35.5	9	37.5	36	53	24	43.5	25	51.5	78.5	46.5	31	82	22	50.5	48	61.5	26	68	85.5	38	65.5	49	26	59	40	43	32.5	63	61.5	83	31	70	50.5	20	63.5	55.5	75.5	74	34.5	49.5	19	36.5	76	87	53.5	52.5	26.5	39.5	35	34.5	41	74.5	27.5	47.5	50	
22.5	34	49.5	27.5	30.5	88	32.5	72.5	49	38.5	81.5	44.5	77	48.5	66	89	56	71	44	59.5	55	24	49.5	37.5	36.5	76	42	32	0	44	81.5	80.5	32.5	57.5	20	9	73	78	58.5	65.5	70.5	73.5	69	62.5	93	43.5	23	45.5	44	61	32	51.5	33	59.5	80.5	54.5	29	90	30	58.5	54	63.5	34	70	91.5	44	73.5	51	34	63	42	51	29.5	65	63.5	89	1	72	52.5	12	65.5	63.5	83.5	76	42.5	51.5	27	40.5	84	95	61.5	54.5	18.5	47.5	37	42.5	43	82.5	25.5	55.5	58	
48.5	18	35.5	36.5	41.5	66	11.5	58.5	23	35.5	67.5	30.5	63	22.5	40	65	30	57	12	39.5	29	50	35.5	28.5	35.5	50	26	36	44	0	55.5	58.5	56.5	31.5	34	47	59	56	32.5	43.5	56.5	47.5	43	48.5	67	22.5	27	24.5	18	35	16	25.5	17	33.5	66.5	28.5	43	64	14	32.5	30	49.5	18	56	67.5	30	47.5	37	18	41	28	25	44.5	49	45.5	65	43	52	36.5	32	51.5	37.5	57.5	58	16.5	37.5	21	33.5	58	69	35.5	34.5	44.5	21.5	37	31.5	29	56.5	39.5	29.5	32	
76	55.5	48	74	69	36.5	49	11	40.5	67	30	53	25.5	55	27.5	37.5	47.5	24.5	57.5	48	36.5	77.5	38	56	73	22.5	63.5	73.5	81.5	55.5	0	3	86	54	71.5	74.5	26.5	31.5	35	44	29	8	40.5	31	39.5	60	64.5	62	45.5	42.5	53.5	38	54.5	36	29	31	80.5	36.5	51.5	45	57.5	22	55.5	23.5	40	67.5	8	44.5	55.5	46.5	45.5	42.5	78	38.5	42	37.5	80.5	35.5	51	69.5	34	30	30	29.5	39	40	58.5	69	30.5	41.5	38	53	72	44	70.5	69	46.5	1	77	52	49.5	
73	58.5	45	77	66	33.5	52	8	43.5	64	27	50	22.5	58	30.5	34.5	50.5	21.5	54.5	45	39.5	74.5	35	53	74	25.5	66.5	76.5	80.5	58.5	3	0	83	53	74.5	71.5	23.5	28.5	38	41	26	11	41.5	28	42.5	63	67.5	65	48.5	45.5	56.5	41	57.5	39	26	34	83.5	35.5	54.5	48	54.5	19	58.5	20.5	37	64.5	11	41.5	58.5	43.5	42.5	45.5	75	35.5	39	34.5	81.5	32.5	48	72.5	31	33	33	26.5	42	37	61.5	66	33.5	40.5	41	50	69	47	67.5	68	43.5	2	80	55	52.5	
10	46.5	52	40	33	90.5	45	75	61.5	41	84	47	79.5	59	78.5	91.5	66.5	73.5	46.5	62	67.5	16.5	52	40	41	88.5	50.5	40.5	32.5	56.5	86	83	0	60	22.5	23.5	75.5	80.5	71	68	73	86	73.5	65	99.5	54	35.5	52	56.5	71.5	44.5	64	45.5	72	83	67	31.5	92.5	42.5	69	56.5	66	46.5	72.5	94	46.5	86	53.5	46.5	65.5	44.5	63.5	32	67.5	66	91.5	33.5	74.5	55	30.5	68	76	94	78.5	55	54	39.5	43	96.5	97.5	74	57	16	60	39.5	45	45.5	85	33	62	64.5	
50	31.5	8	50	43	60.5	25	45	21.5	41	54	27	49.5	31	38.5	61.5	28.5	43.5	31.5	32	27.5	51.5	22	30	49	48.5	39.5	49.5	57.5	31.5	54	53	60	0	47.5	48.5	45.5	50.5	31	38	43	46	41.5	35	65.5	36	40.5	38	21.5	33.5	29.5	24	30.5	32	53	27	56.5	62.5	27.5	31	31.5	36	31.5	42.5	64	41.5	46	23.5	31.5	35.5	19.5	23.5	52	37.5	36	61.5	56.5	44.5	5	45.5	38	36	56	48.5	15	24	34.5	43	56.5	67.5	34	3	46	10	44.5	45	20.5	55	53	2	30.5	
32.5	24	55.5	17.5	34.5	82	22.5	82.5	39	36.5	93.5	50.5	83	38.5	56	81	46	79	46	55.5	45	26	65.5	47.5	26.5	66	32	22	20	34	71.5	74.5	22.5	47.5	0	29	77	72	48.5	59.5	74.5	63.5	59	72.5	83	33.5	13	35.5	34	51	22	41.5	23	49.5	94.5	44.5	9	80	20	48.5	46	81.5	24	80	83.5	36	63.5	59	24	57	58	41	25.5	65	61.5	81	19	68	52.5	8	69.5	53.5	73.5	74	32.5	63.5	17	34.5	74	85	51.5	50.5	31.5	37.5	33	32.5	57	72.5	10.5	45.5	48	
13.5	43	40.5	28.5	21.5	79	41.5	63.5	58	29.5	72.5	35.5	68	47.5	75	80	55	62	35	50.5	64	15	40.5	28.5	29.5	85	39	29	9	47	74.5	71.5	23.5	48.5	29	0	64	69	67.5	56.5	61.5	82.5	62	53.5	88	42.5	32	40.5	53	60	41	60.5	42	66.5	71.5	63.5	32	81	39	57.5	45	54.5	43	61	82.5	35	82.5	42	43	54	33	60	20.5	56	54.5	80	10	63	43.5	21	56.5	72.5	82.5	67	51.5	42.5	36	31.5	93	86	64.5	45.5	9.5	56.5	28	33.5	34	73.5	30.5	50.5	53	
65.5	61	37.5	75.5	58.5	31	54.5	15.5	46	56.5	24.5	42.5	20	54.5	33	32	47	2	47	37.5	42	67	27.5	45.5	66.5	33	61	71	73	59	26.5	23.5	75.5	45.5	77	64	0	5	40.5	33.5	18.5	30.5	34	20.5	40	59.5	70	57.5	51	42	59	43.5	60	41.5	23.5	36.5	84	33	57	44.5	47	11.5	61	3	34.5	57	30.5	34	61	36	35	48	67.5	28	31.5	32	74	25	40.5	75	23.5	35.5	34.5	3	44.5	29.5	64	58.5	41	38	41.5	42.5	61.5	49.5	60	60.5	36	25.5	82.5	47.5	45	
70.5	56	42.5	74.5	63.5	36	49.5	20.5	41	61.5	29.5	47.5	25	55.5	28	37	48	7	52	42.5	37	72	32.5	50.5	71.5	28	64	74	78	56	31.5	28.5	80.5	50.5	72	69	5	0	35.5	38.5	23.5	25.5	39	25.5	45	60.5	65	62.5	46	43	54	38.5	55	36.5	28.5	31.5	81	38	52	45.5	52	16.5	56	8	39.5	62	25.5	39	56	41	40	43	72.5	33	36.5	37	79	30	45.5	70	28.5	30.5	35.5	2	39.5	34.5	59	63.5	36	43	38.5	47.5	66.5	44.5	65	65.5	41	30.5	77.5	52.5	50	
69	32.5	39	51	58	45.5	26	44	17.5	50	53	44	46.5	32	19.5	44.5	24.5	42.5	44.5	29	13.5	70.5	31	49	50	29.5	40.5	50.5	58.5	32.5	35	38	71	31	48.5	67.5	40.5	35.5	0	11	38	27	22.5	34	46.5	37	41.5	39	22.5	19.5	30.5	15	31.5	1	52	4	57.5	43.5	28.5	22	34.5	35	32.5	41.5	47	44.5	27	37.5	32.5	25.5	38.5	19.5	59	28.5	13	44.5	57.5	31.5	36	46.5	33	17	37	37.5	16	33	35.5	48	37.5	48.5	3	34	65	21	51.5	46	39.5	36	54	29	26.5	
58	43.5	30	62	51	48.5	37	33	28.5	49	42	35	37.5	43	30.5	49.5	35.5	31.5	39.5	30	24.5	59.5	20	38	59	40.5	51.5	61.5	65.5	43.5	44	41	68	38	59.5	56.5	33.5	38.5	11	0	31	38	31.5	23	57.5	48	52.5	50	33.5	30.5	41.5	26	42.5	10	41	15	68.5	50.5	39.5	33	39.5	24	43.5	30.5	52	49.5	38	26.5	43.5	28.5	27.5	30.5	60	25.5	2	49.5	66.5	32.5	33	57.5	26	28	48	36.5	27	22	46.5	51	48.5	55.5	8	35	54	32	52.5	53	28.5	43	65	40	37.5	
63	58.5	35	73	56	33.5	52	18	43.5	54	27	40	22.5	52	30.5	34.5	44.5	16.5	44.5	35	39.5	64.5	25	43	64	35.5	58.5	68.5	70.5	56.5	29	26	73	43	74.5	61.5	18.5	23.5	38	31	0	33	31.5	18	42.5	57	67.5	55	48.5	39.5	56.5	41	57.5	39	26	34	81.5	35.5	54.5	42	44.5	7	58.5	15.5	37	54.5	33	31.5	58.5	33.5	32.5	45.5	65	25.5	29	34.5	71.5	22.5	38	72.5	21	33	37	21.5	42	27	61.5	56	43.5	40.5	39	40	59	47	57.5	58	33.5	28	80	45	42.5	
84	47.5	54	66	73	30.5	41	19	32.5	65	38	59	31.5	47	19.5	29.5	39.5	32.5	59.5	44	28.5	85.5	46	64	65	14.5	55.5	65.5	73.5	47.5	8	11	86	46	63.5	82.5	30.5	25.5	27	38	33	0	32.5	39	31.5	52	56.5	54	37.5	34.5	45.5	30	46.5	28	37	23	72.5	28.5	43.5	37	49.5	30	47.5	31.5	32	59.5	0	52.5	47.5	40.5	53.5	34.5	74	38.5	40	29.5	72.5	31.5	51	61.5	38	22	22	27.5	31	48	50.5	63	22.5	33.5	30	49	80	36	66.5	61	54.5	9	69	44	41.5	
63.5	43	35.5	61.5	56.5	49	36.5	33.5	28	54.5	42.5	40.5	38	42.5	25	50	35	32	45	35.5	24	65	25.5	43.5	60.5	35	51	61	69	43	40.5	41.5	73.5	41.5	59	62	34	39	22.5	31.5	31.5	32.5	0	23.5	52	47.5	52	49.5	33	30	41	25.5	42	23.5	41.5	18.5	68	49	39	32.5	45	24.5	43	31	52.5	55	32.5	32	43	34	33	30	65.5	6	29.5	50	68	33	38.5	57	26.5	22.5	42.5	37	26.5	27.5	46	56.5	43	54	25.5	40.5	59.5	31.5	58	56.5	34	41.5	64.5	39.5	37	
55	56.5	27	65	48	35.5	50	20	41.5	46	29	32	24.5	44	31.5	36.5	36.5	18.5	36.5	27	37.5	56.5	17	35	56	41.5	50.5	60.5	62.5	48.5	31	28	65	35	72.5	53.5	20.5	25.5	34	23	18	39	23.5	0	44.5	49	65.5	47	46.5	31.5	54.5	39	55.5	33	28	32	73.5	37.5	52.5	34	36.5	11	56.5	17.5	39	46.5	39	23.5	56.5	25.5	24.5	41.5	57	17.5	21	36.5	63.5	19.5	30	70.5	3	19	39	23.5	40	19	59.5	48	51.5	42.5	31	32	51	45	49.5	50	25.5	30	72	37	34.5	
89.5	67	61.5	85.5	82.5	35	60.5	34.5	52	80.5	23.5	66.5	34	66.5	39	34	59	38	71	61.5	48	91	51.5	69.5	84.5	29	75	85	93	67	39.5	42.5	99.5	65.5	83	88	40	45	46.5	57.5	42.5	31.5	52	44.5	0	71.5	76	73.5	57	54	65	49.5	66	47.5	22.5	42.5	92	33	63	56.5	69	35.5	67	37	31.5	79	31.5	58	67	60	59	54	91.5	52	55.5	34	92	49	64.5	81	47.5	41.5	31.5	43	50.5	53.5	70	82.5	9	2	49.5	66.5	85.5	55.5	84	80.5	60	40.5	88.5	63.5	61	
44	17.5	36	36	37	70.5	11	59	27.5	35	68	31	63.5	27	44.5	69.5	34.5	57.5	30.5	44	33.5	45.5	36	14	35	54.5	25.5	35.5	43.5	22.5	60	63	54	36	33.5	42.5	59.5	60.5	37	48	57	52	47.5	49	71.5	0	26.5	2	22.5	39.5	15.5	30	16.5	38	67	33	42.5	68.5	13.5	37	34.5	50	17.5	56.5	72	29.5	52	37.5	17.5	45.5	28.5	29.5	44	51.5	50	69.5	42.5	56.5	39	31.5	52	42	62	62.5	21	38	20.5	33	62.5	73.5	40	39	40	26	36.5	31	29.5	61	39	34	36.5	
39.5	17	48.5	15.5	27.5	75	15.5	75.5	32	29.5	86.5	43.5	76	31.5	49	74	39	72	39	48.5	38	39	56.5	40.5	19.5	59	25	9	23	27	64.5	67.5	35.5	40.5	13	32	70	65	41.5	52.5	67.5	56.5	52	65.5	76	26.5	0	28.5	27	44	15	34.5	16	42.5	87.5	37.5	22	73	13	41.5	39	70.5	17	73	76.5	29	56.5	52	17	50	49	34	23.5	58	54.5	74	22	61	45.5	11	62.5	46.5	66.5	67	25.5	56.5	10	27.5	67	78	44.5	43.5	35.5	30.5	26	25.5	50	65.5	18.5	38.5	41	
42	19.5	34	38	35	72.5	13	57	29.5	33	66	29	61.5	29	46.5	71.5	36.5	55.5	28.5	44	35.5	43.5	34	12	37	56.5	27.5	37.5	45.5	24.5	62	65	52	38	35.5	40.5	57.5	62.5	39	50	55	54	49.5	47	73.5	2	28.5	0	24.5	41.5	17.5	32	18.5	40	65	35	44.5	70.5	15.5	39	36.5	48	19.5	54.5	74	31.5	54	35.5	19.5	47.5	26.5	31.5	44	49.5	48	71.5	44.5	56.5	37	33.5	50	44	64	60.5	23	36	22.5	35	64.5	75.5	42	39	38	28	36.5	33	27.5	63	41	36	38.5	
58.5	18	29.5	36.5	43.5	56	11.5	56.5	13	35.5	67.5	29.5	57	17.5	30	55	20	53	30	29.5	19	60	35.5	36.5	35.5	40	26	36	44	18	45.5	48.5	56.5	21.5	34	53	51	46	22.5	33.5	48.5	37.5	33	46.5	57	22.5	27	24.5	0	25	16	15.5	17	23.5	66.5	18.5	43	54	14	22.5	12	49.5	18	54	57.5	30	37.5	33	18	31	24	15	44.5	39	35.5	55	43	42	26.5	32	43.5	27.5	47.5	48	6.5	37.5	21	33.5	48	59	25.5	24.5	54.5	11.5	37	31.5	23	46.5	39.5	19.5	22	
61.5	35	33.5	53.5	54.5	53	28.5	41.5	20	52.5	50.5	38.5	46	34.5	27	52	27	40	43	31.5	6	63	23.5	41.5	52.5	37	43	53	61	35	42.5	45.5	71.5	33.5	51	60	42	43	19.5	30.5	39.5	34.5	30	31.5	54	39.5	44	41.5	25	0	33	17.5	34	20.5	49.5	15.5	60	51	31	24.5	37	32.5	35	39	54.5	47	34.5	30	35	6	31	22	61.5	34	32.5	52	60	39	36.5	49	34.5	24.5	44.5	45	18.5	25.5	38	50.5	45	56	22.5	36.5	57.5	23.5	54	48.5	32	43.5	56.5	31.5	29	
50.5	2	37.5	24.5	31.5	64	4.5	64.5	21	23.5	75.5	32.5	65	20.5	38	63	28	61	28	37.5	27	48	47.5	29.5	23.5	48	10	24	32	16	53.5	56.5	44.5	29.5	22	41	59	54	30.5	41.5	56.5	45.5	41	54.5	65	15.5	15	17.5	16	33	0	23.5	1	31.5	76.5	26.5	31	62	2	30.5	28	61.5	2	62	65.5	14	45.5	41	2	39	40	23	32.5	47	43.5	63	31	50	34.5	20	51.5	35.5	55.5	56	14.5	45.5	9	21.5	56	67	33.5	32.5	46.5	19.5	25	19.5	39	54.5	27.5	27.5	30	
66	25.5	32	44	51	48.5	19	49	10.5	43	60	37	49.5	25	22.5	47.5	17.5	45.5	37.5	14	11.5	67.5	24	44	43	32.5	33.5	43.5	51.5	25.5	38	41	64	24	41.5	60.5	43.5	38.5	15	26	41	30	25.5	39	49.5	30	34.5	32	15.5	17.5	23.5	0	24.5	16	59	11	50.5	46.5	21.5	7	27.5	42	25.5	46.5	50	37.5	30	30.5	25.5	23.5	35.5	12.5	52	31.5	28	47.5	50.5	34.5	29	39.5	36	20	40	40.5	9	22	28.5	41	40.5	51.5	18	27	62	14	44.5	39	36.5	39	47	22	19.5	
49.5	1	38.5	25.5	32.5	65	5.5	65.5	22	24.5	76.5	33.5	66	21.5	39	64	29	62	29	38.5	28	49	46.5	30.5	24.5	49	9	25	33	17	54.5	57.5	45.5	30.5	23	42	60	55	31.5	42.5	57.5	46.5	42	55.5	66	16.5	16	18.5	17	34	1	24.5	0	32.5	77.5	27.5	32	63	3	31.5	29	60.5	1	63	66.5	13	46.5	42	1	40	39	24	33.5	48	44.5	64	32	51	35.5	21	52.5	36.5	56.5	57	15.5	46.5	10	22.5	57	68	34.5	33.5	45.5	20.5	26	20.5	40	55.5	28.5	28.5	31	
68	33.5	40	52	59	46.5	27	43	18.5	51	52	45	47.5	33	20.5	45.5	25.5	41.5	45.5	30	14.5	69.5	30	48	51	30.5	41.5	51.5	59.5	33.5	36	39	72	32	49.5	66.5	41.5	36.5	1	10	39	28	23.5	33	47.5	38	42.5	40	23.5	20.5	31.5	16	32.5	0	51	5	58.5	44.5	29.5	23	35.5	34	33.5	40.5	48	45.5	28	36.5	33.5	26.5	37.5	20.5	60	29.5	12	45.5	58.5	32.5	37	47.5	34	18	38	38.5	17	32	36.5	49	38.5	49.5	2	35	64	22	52.5	47	38.5	37	55	30	27.5	
73	76.5	45	83	66	18.5	72	18	61.5	64	1	50	17.5	62	44.5	19.5	54.5	21.5	54.5	45	55.5	74.5	35	53	74	34.5	68.5	78.5	80.5	66.5	29	26	83	53	94.5	71.5	23.5	28.5	52	41	26	37	41.5	28	22.5	67	87.5	65	66.5	49.5	76.5	59	77.5	51	0	54	91.5	20.5	74.5	52	54.5	19	76.5	20.5	11	64.5	37	41.5	76.5	43.5	42.5	59.5	75	35.5	39	19.5	81.5	32.5	48	92.5	31	47	27	26.5	62	37	81.5	66	31.5	20.5	49	50	69	63	67.5	68	43.5	28	90	55	52.5	
73	28.5	35	47	54	41.5	22	42	13.5	46	53	40	42.5	28	15.5	40.5	20.5	38.5	40.5	25	9.5	70.5	35	47	46	25.5	36.5	46.5	54.5	28.5	31	34	67	27	44.5	63.5	36.5	31.5	4	15	34	23	18.5	32	42.5	33	37.5	35	18.5	15.5	26.5	11	27.5	5	54	0	53.5	39.5	24.5	18	30.5	39	28.5	39.5	43	40.5	23	33.5	28.5	21.5	42.5	15.5	55	24.5	17	40.5	53.5	27.5	32	42.5	29	13	33	33.5	12	33	31.5	44	33.5	44.5	7	30	69	17	47.5	42	41.5	32	50	25	22.5	
23.5	33	60.5	26.5	41.5	91	31.5	83.5	48	45.5	92.5	55.5	88	47.5	65	90	55	82	55	64.5	54	17	60.5	48.5	35.5	75	41	31	29	43	80.5	83.5	31.5	56.5	9	32	84	81	57.5	68.5	81.5	72.5	68	73.5	92	42.5	22	44.5	43	60	31	50.5	32	58.5	91.5	53.5	0	89	29	57.5	55	74.5	33	81	92.5	45	72.5	62	33	66	53	50	34.5	74	70.5	90	28	77	61.5	17	76.5	62.5	82.5	83	41.5	62.5	26	43.5	83	94	60.5	59.5	24.5	46.5	42	41.5	54	81.5	19.5	54.5	57	
82.5	64	54.5	82.5	75.5	2	57.5	27.5	49	73.5	21.5	59.5	27	63.5	36	1	56	31	64	54.5	45	84	44.5	62.5	81.5	26	72	82	90	64	36.5	35.5	92.5	62.5	80	81	33	38	43.5	50.5	35.5	28.5	49	37.5	33	68.5	73	70.5	54	51	62	46.5	63	44.5	20.5	39.5	89	0	60	53.5	64	28.5	64	30	31.5	74	28.5	51	64	53	52	51	84.5	45	48.5	1	89	42	57.5	78	40.5	38.5	28.5	36	47.5	46.5	67	75.5	24	35	46.5	59.5	78.5	52.5	77	77.5	53	37.5	85.5	60.5	58	
52.5	4	35.5	22.5	29.5	62	2.5	62.5	19	21.5	73.5	30.5	63	18.5	36	61	26	59	26	35.5	25	46	45.5	27.5	21.5	46	12	22	30	14	51.5	54.5	42.5	27.5	20	39	57	52	28.5	39.5	54.5	43.5	39	52.5	63	13.5	13	15.5	14	31	2	21.5	3	29.5	74.5	24.5	29	60	0	28.5	26	61.5	4	60	63.5	16	43.5	39	4	37	38	21	30.5	45	41.5	61	29	48	32.5	18	49.5	33.5	53.5	54	12.5	43.5	7	19.5	54	65	31.5	30.5	46.5	17.5	23	17.5	37	52.5	25.5	25.5	28	
59	32.5	31	51	52	55.5	26	44	17.5	50	53	36	48.5	32	29.5	54.5	24.5	42.5	40.5	7	18.5	60.5	17	39	50	39.5	40.5	50.5	58.5	32.5	45	48	69	31	48.5	57.5	44.5	45.5	22	33	42	37	32.5	34	56.5	37	41.5	39	22.5	24.5	30.5	7	31.5	23	52	18	57.5	53.5	28.5	0	34.5	35	32.5	41.5	57	44.5	37	27.5	32.5	30.5	28.5	19.5	59	36.5	35	54.5	57.5	41.5	34	46.5	37	27	47	47.5	16	15	35.5	48	47.5	58.5	25	34	55	21	51.5	46	29.5	46	54	29	26.5	
46.5	30	23.5	48.5	39.5	62	23.5	46.5	25	37.5	55.5	23.5	51	29.5	42	63	32	45	28	33.5	31	48	23.5	26.5	47.5	52	38	48	54	30	57.5	54.5	56.5	31.5	46	45	47	52	34.5	39.5	44.5	49.5	45	36.5	69	34.5	39	36.5	12	37	28	27.5	29	35.5	54.5	30.5	55	64	26	34.5	0	37.5	30	44	65.5	38	49.5	25	30	37	12	27	48.5	39	37.5	63	55	46	26.5	44	39.5	39.5	59.5	50	18.5	25.5	33	39.5	60	69	37.5	28.5	42.5	23.5	41	41.5	11	56.5	51.5	31.5	34	
56	59.5	28	66	49	26.5	59	11	44.5	47	20	33	15.5	45	27.5	27.5	37.5	9.5	37.5	28	38.5	57.5	18	36	57	32.5	51.5	61.5	63.5	49.5	22	19	66	36	81.5	54.5	11.5	16.5	35	24	7	30	24.5	11	35.5	50	70.5	48	49.5	32.5	61.5	42	60.5	34	19	39	74.5	28.5	61.5	35	37.5	0	59.5	8.5	30	47.5	30	24.5	59.5	26.5	25.5	42.5	58	18.5	22	27.5	64.5	15.5	31	75.5	14	30	30	14.5	49	20	66.5	49	44.5	33.5	32	33	52	46	50.5	51	26.5	21	73	38	35.5	
48.5	0	39.5	26.5	33.5	66	6.5	66.5	23	25.5	77.5	34.5	67	22.5	40	65	30	63	30	39.5	29	50	45.5	31.5	25.5	50	8	26	34	18	55.5	58.5	46.5	31.5	24	43	61	56	32.5	43.5	58.5	47.5	43	56.5	67	17.5	17	19.5	18	35	2	25.5	1	33.5	76.5	28.5	33	64	4	32.5	30	59.5	0	64	67.5	12	47.5	43	0	41	38	25	34.5	49	45.5	65	33	52	36.5	22	53.5	37.5	57.5	58	16.5	47.5	11	23.5	58	69	35.5	34.5	44.5	21.5	27	21.5	39	56.5	29.5	29.5	32	
62.5	64	34.5	72.5	55.5	28	57.5	12.5	49	53.5	21.5	39.5	17	51.5	34	29	44	1	44	34.5	45	64	24.5	42.5	63.5	34	58	68	70	56	23.5	20.5	72.5	42.5	80	61	3	8	41.5	30.5	15.5	31.5	31	17.5	37	56.5	73	54.5	54	39	62	46.5	63	40.5	20.5	39.5	81	30	60	41.5	44	8.5	64	0	31.5	54	31.5	31	64	33	32	49	64.5	25	28.5	29	71	22	37.5	78	20.5	36.5	31.5	6	47.5	26.5	67	55.5	44	35	38.5	39.5	58.5	52.5	57	57.5	33	22.5	79.5	44.5	42	
84	67.5	56	86	77	29.5	61	29	52.5	75	10	61	28.5	67	39.5	30.5	59.5	32.5	65.5	56	48.5	85.5	46	64	85	29.5	75.5	85.5	91.5	67.5	40	37	94	64	83.5	82.5	34.5	39.5	47	52	37	32	52.5	39	31.5	72	76.5	74	57.5	54.5	65.5	50	66.5	48	11	43	92.5	31.5	63.5	57	65.5	30	67.5	31.5	0	75.5	32	52.5	67.5	54.5	53.5	54.5	86	46.5	50	30.5	92.5	43.5	59	81.5	42	42	32	37.5	51	48	70.5	77	22.5	31.5	50	61	80	56	78.5	79	54.5	39	89	64	61.5	
36.5	12	33.5	38.5	29.5	72	18.5	56.5	35	27.5	65.5	28.5	61	34.5	52	73	42	55	28	43.5	41	38	33.5	21.5	37.5	62	4	38	44	30	67.5	64.5	46.5	41.5	36	35	57	62	44.5	49.5	54.5	59.5	55	46.5	79	29.5	29	31.5	30	47	14	37.5	13	45.5	64.5	40.5	45	74	16	44.5	38	47.5	12	54	75.5	0	59.5	35	12	47	26	37	38.5	49	47.5	73	45	56	36.5	34	49.5	49.5	69.5	60	28.5	35.5	23	29.5	70	79	47.5	38.5	32.5	33.5	31	31.5	27	66.5	41.5	41.5	44	
84	47.5	54	66	73	30.5	41	19	32.5	65	38	59	31.5	47	19.5	29.5	39.5	32.5	59.5	44	28.5	85.5	46	64	65	14.5	55.5	65.5	73.5	47.5	8	11	86	46	63.5	82.5	30.5	25.5	27	38	33	0	32.5	39	31.5	52	56.5	54	37.5	34.5	45.5	30	46.5	28	37	23	72.5	28.5	43.5	37	49.5	30	47.5	31.5	32	59.5	0	52.5	47.5	40.5	53.5	34.5	74	38.5	40	29.5	72.5	31.5	51	61.5	38	22	22	27.5	31	48	50.5	63	22.5	33.5	30	49	80	36	66.5	61	54.5	9	69	44	41.5	
43.5	43	15.5	53.5	36.5	49	36.5	33.5	20	34.5	42.5	20.5	38	32.5	45	50	13	32	25	20.5	34	45	10.5	23.5	44.5	55	39	49	51	37	44.5	41.5	53.5	23.5	59	42	34	39	37.5	26.5	31.5	52.5	32	23.5	58	37.5	52	35.5	33	30	41	30.5	42	36.5	41.5	33.5	62	51	39	27.5	25	24.5	43	31	52.5	35	52.5	0	43	24	13	18	45.5	26	24.5	50	52	33	18.5	57	26.5	42.5	52.5	37	26.5	12.5	46	36.5	63	56	34.5	20.5	39.5	31.5	38	38.5	14	43.5	60.5	25.5	11	
48.5	0	39.5	26.5	33.5	66	6.5	66.5	23	25.5	77.5	34.5	67	22.5	40	65	30	63	30	39.5	29	50	45.5	31.5	25.5	50	8	26	34	18	55.5	58.5	46.5	31.5	24	43	61	56	32.5	43.5	58.5	47.5	43	56.5	67	17.5	17	19.5	18	35	2	25.5	1	33.5	76.5	28.5	33	64	4	32.5	30	59.5	0	64	67.5	12	47.5	43	0	41	38	25	34.5	49	45.5	65	33	52	36.5	22	53.5	37.5	57.5	58	16.5	47.5	11	23.5	58	69	35.5	34.5	44.5	21.5	27	21.5	39	56.5	29.5	29.5	32	
55.5	41	27.5	59.5	48.5	51	34.5	35.5	26	46.5	44.5	32.5	40	40.5	33	52	33	34	37	27.5	12	57	17.5	35.5	56.5	43	49	59	63	41	46.5	43.5	65.5	35.5	57	54	36	41	25.5	28.5	33.5	40.5	34	25.5	60	45.5	50	47.5	31	6	39	23.5	40	26.5	43.5	21.5	66	53	37	30.5	37	26.5	41	33	54.5	47	40.5	24	41	0	25	28	57.5	28	26.5	52	64	35	30.5	55	28.5	30.5	50.5	39	24.5	19.5	44	48.5	51	58	28.5	32.5	51.5	29.5	50	50.5	26	45.5	62.5	37.5	35	
34.5	38	11.5	44.5	27.5	50	35.5	34.5	33	25.5	43.5	11.5	39	23.5	46	51	26	33	16	21.5	37	36	11.5	14.5	35.5	56	30	40	42	28	45.5	42.5	44.5	19.5	58	33	35	40	38.5	27.5	32.5	53.5	33	24.5	59	28.5	49	26.5	24	31	40	35.5	39	37.5	42.5	42.5	53	52	38	28.5	12	25.5	38	32	53.5	26	53.5	13	38	25	0	31	36.5	27	25.5	51	43	34	14.5	54	27.5	43.5	53.5	38	30.5	13.5	45	27.5	68	57	35.5	16.5	30.5	29.5	29	29.5	1	44.5	51.5	21.5	24	
61.5	25	31.5	43.5	50.5	53	18.5	51.5	2	42.5	60.5	36.5	54	24.5	27	52	5	50	37	26.5	16	63	28.5	41.5	42.5	37	33	43	51	25	42.5	45.5	63.5	23.5	41	60	48	43	19.5	30.5	45.5	34.5	30	41.5	54	29.5	34	31.5	15	22	23	12.5	24	20.5	59.5	15.5	50	51	21	19.5	27	42.5	25	49	54.5	37	34.5	18	25	28	31	0	51.5	36	32.5	52	50	39	28.5	39	40.5	24.5	44.5	45	8.5	30.5	28	40.5	45	56	22.5	26.5	57.5	13.5	44	38.5	32	43.5	46.5	21.5	7	
22	34.5	44	8	25	82.5	33	67	49.5	33	76	39	71.5	49	66.5	83.5	56.5	65.5	38.5	54	55.5	23.5	44	32	33	76.5	42.5	32.5	29.5	44.5	78	75	32	52	25.5	20.5	67.5	72.5	59	60	65	74	65.5	57	91.5	44	23.5	44	44.5	61.5	32.5	52	33.5	60	75	55	34.5	84.5	30.5	59	48.5	58	34.5	64.5	86	38.5	74	45.5	34.5	57.5	36.5	51.5	0	59.5	58	83.5	30.5	66.5	47	23.5	60	64	84	70.5	43	46	27.5	35	84.5	89.5	62	49	18	48	31.5	37	37.5	77	31	54	56.5	
57.5	49	29.5	67.5	50.5	43	42.5	27.5	34	48.5	36.5	34.5	32	46.5	31	44	39	26	39	29.5	30	59	19.5	37.5	58.5	41	53	63	65	49	38.5	35.5	67.5	37.5	65	56	28	33	28.5	25.5	25.5	38.5	6	17.5	52	51.5	58	49.5	39	34	47	31.5	48	29.5	35.5	24.5	74	45	45	36.5	39	18.5	49	25	46.5	49	38.5	26	49	28	27	36	59.5	0	23.5	44	66	27	32.5	63	20.5	28.5	46.5	31	32.5	21.5	52	50.5	49	50	31.5	34.5	53.5	37.5	52	52.5	28	37.5	70.5	39.5	37	
56	45.5	28	64	49	46.5	39	31	30.5	47	40	33	35.5	45	32.5	47.5	37.5	29.5	37.5	28	26.5	57.5	18	36	57	42.5	51.5	61.5	63.5	45.5	42	39	66	36	61.5	54.5	31.5	36.5	13	2	29	40	29.5	21	55.5	50	54.5	48	35.5	32.5	43.5	28	44.5	12	39	17	70.5	48.5	41.5	35	37.5	22	45.5	28.5	50	47.5	40	24.5	45.5	26.5	25.5	32.5	58	23.5	0	47.5	64.5	30.5	31	59.5	24	30	50	34.5	29	20	48.5	49	50.5	53.5	10	33	52	34	50.5	51	26.5	41	67	38	35.5	
81.5	65	53.5	83.5	74.5	1	58.5	26.5	50	72.5	20.5	58.5	26	64.5	37	0	57	30	63	53.5	46	83	43.5	61.5	82.5	27	73	83	89	65	37.5	34.5	91.5	61.5	81	80	32	37	44.5	49.5	34.5	29.5	50	36.5	34	69.5	74	71.5	55	52	63	47.5	64	45.5	19.5	40.5	90	1	61	54.5	63	27.5	65	29	30.5	73	29.5	50	65	52	51	52	83.5	44	47.5	0	90	41	56.5	79	39.5	39.5	29.5	35	48.5	45.5	68	74.5	25	34	47.5	58.5	77.5	53.5	76	76.5	52	36.5	86.5	61.5	59	
23.5	33	50.5	26.5	31.5	89	31.5	73.5	48	39.5	82.5	45.5	78	47.5	65	90	55	72	45	60.5	54	25	50.5	38.5	35.5	75	41	31	1	43	80.5	81.5	33.5	56.5	19	10	74	79	57.5	66.5	71.5	72.5	68	63.5	92	42.5	22	44.5	43	60	31	50.5	32	58.5	81.5	53.5	28	89	29	57.5	55	64.5	33	71	92.5	45	72.5	52	33	64	43	50	30.5	66	64.5	90	0	73	53.5	11	66.5	62.5	82.5	77	41.5	52.5	26	41.5	83	94	60.5	55.5	19.5	46.5	38	41.5	44	81.5	24.5	54.5	57	
64.5	52	36.5	70.5	57.5	40	45.5	24.5	37	55.5	33.5	41.5	29	51.5	12	41	44	23	46	36.5	33	66	26.5	44.5	65.5	34	60	70	72	52	35.5	32.5	74.5	44.5	68	63	25	30	31.5	32.5	22.5	31.5	33	19.5	49	56.5	61	56.5	42	39	50	34.5	51	32.5	32.5	27.5	77	42	48	41.5	46	15.5	52	22	43.5	56	31.5	33	52	35	34	39	66.5	27	30.5	41	73	0	39.5	66	22.5	26.5	41.5	28	35.5	28.5	55	57.5	42	47	34.5	41.5	60.5	40.5	59	59.5	35	34.5	73.5	46.5	44	
45	36.5	3	55	38	55.5	30	40	26.5	36	49	22	44.5	34	43.5	56.5	31.5	38.5	26.5	27	32.5	46.5	17	25	46	53.5	40.5	50.5	52.5	36.5	51	48	55	5	52.5	43.5	40.5	45.5	36	33	38	51	38.5	30	64.5	39	45.5	37	26.5	36.5	34.5	29	35.5	37	48	32	61.5	57.5	32.5	34	26.5	31	36.5	37.5	59	36.5	51	18.5	36.5	30.5	14.5	28.5	47	32.5	31	56.5	53.5	39.5	0	50.5	33	41	59	43.5	20	19	39.5	38	61.5	62.5	39	2	41	15	39.5	40	15.5	50	58	7	29.5	
34.5	22	53.5	15.5	32.5	80	20.5	80.5	37	34.5	91.5	48.5	81	36.5	54	79	44	77	44	53.5	43	34	61.5	45.5	24.5	64	30	20	12	32	69.5	72.5	30.5	45.5	8	21	75	70	46.5	57.5	72.5	61.5	57	70.5	81	31.5	11	33.5	32	49	20	39.5	21	47.5	92.5	42.5	17	78	18	46.5	44	75.5	22	78	81.5	34	61.5	57	22	55	54	39	23.5	63	59.5	79	11	66	50.5	0	67.5	51.5	71.5	72	30.5	61.5	15	32.5	72	83	49.5	48.5	30.5	35.5	31	30.5	55	70.5	13.5	43.5	46	
58	53.5	30	68	51	38.5	47	23	38.5	49	32	35	27.5	47	30.5	39.5	39.5	21.5	39.5	30	34.5	59.5	20	38	59	40.5	53.5	63.5	65.5	51.5	34	31	68	38	69.5	56.5	23.5	28.5	33	26	21	38	26.5	3	47.5	52	62.5	50	43.5	34.5	51.5	36	52.5	34	31	29	76.5	40.5	49.5	37	39.5	14	53.5	20.5	42	49.5	38	26.5	53.5	28.5	27.5	40.5	60	20.5	24	39.5	66.5	22.5	33	67.5	0	16	42	26.5	37	22	56.5	51	48.5	45.5	34	35	54	42	52.5	53	28.5	33	75	40	37.5	
74	37.5	44	56	63	40.5	31	39	22.5	55	48	49	41.5	37	14.5	39.5	29.5	37.5	49.5	34	18.5	75.5	36	54	55	24.5	45.5	55.5	63.5	37.5	30	33	76	36	53.5	72.5	35.5	30.5	17	28	33	22	22.5	19	41.5	42	46.5	44	27.5	24.5	35.5	20	36.5	18	47	13	62.5	38.5	33.5	27	39.5	30	37.5	36.5	42	49.5	22	42.5	37.5	30.5	43.5	24.5	64	28.5	30	39.5	62.5	26.5	41	51.5	16	0	32	32.5	21	38	40.5	53	32.5	43.5	20	39	70	26	56.5	51	44.5	31	59	34	31.5	
84	57.5	56	76	77	30.5	51	29	42.5	75	28	61	28.5	57	29.5	29.5	49.5	32.5	65.5	54	38.5	85.5	46	64	75	19.5	65.5	75.5	83.5	57.5	30	33	94	56	73.5	82.5	34.5	35.5	37	48	37	22	42.5	39	31.5	62	66.5	64	47.5	44.5	55.5	40	56.5	38	27	33	82.5	28.5	53.5	47	59.5	30	57.5	31.5	32	69.5	22	52.5	57.5	50.5	53.5	44.5	84	46.5	50	29.5	82.5	41.5	59	71.5	42	32	0	37.5	41	48	60.5	73	22.5	33.5	40	59	80	46	76.5	71	54.5	31	79	54	51.5	
68.5	58	40.5	76.5	61.5	34	51.5	18.5	43	59.5	27.5	45.5	23	57.5	30	35	50	5	50	40.5	39	70	30.5	48.5	69.5	30	64	74	76	58	29.5	26.5	78.5	48.5	74	67	3	2	37.5	36.5	21.5	27.5	37	23.5	43	62.5	67	60.5	48	45	56	40.5	57	38.5	26.5	33.5	83	36	54	47.5	50	14.5	58	6	37.5	60	27.5	37	58	39	38	45	70.5	31	34.5	35	77	28	43.5	72	26.5	32.5	37.5	0	41.5	32.5	61	61.5	38	41	40.5	45.5	64.5	46.5	63	63.5	39	28.5	79.5	50.5	48	
65	16.5	23	35	42	49.5	10	50	6.5	34	61	28	50.5	16	23.5	48.5	13.5	46.5	28.5	23	12.5	58.5	33	35	34	33.5	24.5	34.5	42.5	16.5	39	42	55	15	32.5	51.5	44.5	39.5	16	27	42	31	26.5	40	50.5	21	25.5	23	6.5	18.5	14.5	9	15.5	17	62	12	41.5	47.5	12.5	16	18.5	49	16.5	47.5	51	28.5	31	26.5	16.5	24.5	30.5	8.5	43	32.5	29	48.5	41.5	35.5	20	30.5	37	21	41	41.5	0	31	19.5	32	41.5	52.5	19	18	59	5	35.5	30	29.5	40	38	13	15.5	
44	47.5	16	54	37	44.5	41	29	32.5	35	38	21	33.5	33	40.5	45.5	25.5	27.5	25.5	8	31.5	45.5	2	24	45	50.5	39.5	49.5	51.5	37.5	40	37	54	24	63.5	42.5	29.5	34.5	33	22	27	48	27.5	19	53.5	38	56.5	36	37.5	25.5	45.5	22	46.5	32	37	33	62.5	46.5	43.5	15	25.5	20	47.5	26.5	48	35.5	48	12.5	47.5	19.5	13.5	30.5	46	21.5	20	45.5	52.5	28.5	19	61.5	22	38	48	32.5	31	0	50.5	37	62.5	51.5	30	21	40	34	38.5	39	14.5	39	61	26	23.5	
45.5	11	42.5	19.5	26.5	69	9.5	69.5	26	23.5	80.5	37.5	70	25.5	43	68	33	66	33	42.5	32	43	52.5	34.5	18.5	53	19	19	27	21	58.5	61.5	39.5	34.5	17	36	64	59	35.5	46.5	61.5	50.5	46	59.5	70	20.5	10	22.5	21	38	9	28.5	10	36.5	81.5	31.5	26	67	7	35.5	33	66.5	11	67	70.5	23	50.5	46	11	44	45	28	27.5	52	48.5	68	26	55	39.5	15	56.5	40.5	60.5	61	19.5	50.5	0	21.5	61	72	38.5	37.5	41.5	24.5	16	19.5	44	59.5	22.5	32.5	35	
33	23.5	35	37	26	73.5	22	58	38.5	2	67	30	62.5	38	55.5	74.5	45.5	56.5	29.5	45	44.5	34.5	35	23	34	65.5	31.5	36.5	40.5	33.5	69	66	43	43	34.5	31.5	58.5	63.5	48	51	56	63	56.5	48	82.5	33	27.5	35	33.5	50.5	21.5	41	22.5	49	66	44	43.5	75.5	19.5	48	39.5	49	23.5	55.5	77	29.5	63	36.5	23.5	48.5	27.5	40.5	35	50.5	49	74.5	41.5	57.5	38	32.5	51	53	73	61.5	32	37	21.5	0	73.5	80.5	51	40	29	37	27.5	2	28.5	68	40	45	47.5	
98.5	58	64.5	76.5	83.5	26	51.5	41.5	43	75.5	32.5	69.5	37	57.5	30	25	50	43	70	54.5	39	100	60.5	76.5	75.5	20	66	76	84	58	30.5	33.5	96.5	56.5	74	93	41	36	37.5	48.5	43.5	22.5	43	51.5	9	62.5	67	64.5	48	45	56	40.5	57	38.5	31.5	33.5	83	24	54	47.5	60	44.5	58	44	22.5	70	22.5	63	58	51	68	45	84.5	49	50.5	25	83	42	61.5	72	48.5	32.5	22.5	38	41.5	62.5	61	73.5	0	11	40.5	59.5	94.5	46.5	77	71.5	69	31.5	79.5	54.5	52	
87.5	69	59.5	87.5	80.5	33	62.5	32.5	54	78.5	21.5	64.5	32	68.5	41	34	61	36	69	59.5	50	89	49.5	67.5	86.5	31	77	87	95	69	41.5	40.5	97.5	67.5	85	86	38	43	48.5	55.5	40.5	33.5	54	42.5	2	73.5	78	75.5	59	56	67	51.5	68	49.5	20.5	44.5	94	35	65	58.5	69	33.5	69	35	31.5	79	33.5	56	69	58	57	56	89.5	50	53.5	34	94	47	62.5	83	45.5	43.5	33.5	41	52.5	51.5	72	80.5	11	0	51.5	64.5	83.5	57.5	82	82.5	58	42.5	90.5	65.5	63	
66	35.5	38	54	59	48.5	29	41	20.5	53	50	43	45.5	35	22.5	47.5	27.5	39.5	47.5	32	16.5	67.5	28	46	53	32.5	43.5	53.5	61.5	35.5	38	41	74	34	51.5	64.5	41.5	38.5	3	8	39	30	25.5	31	49.5	40	44.5	42	25.5	22.5	33.5	18	34.5	2	49	7	60.5	46.5	31.5	25	37.5	32	35.5	38.5	50	47.5	30	34.5	35.5	28.5	35.5	22.5	62	31.5	10	47.5	60.5	34.5	39	49.5	34	20	40	40.5	19	30	38.5	51	40.5	51.5	0	37	62	24	54.5	49	36.5	39	57	32	29.5	
47	34.5	5	53	40	57.5	28	42	24.5	38	51	24	46.5	34	41.5	58.5	31.5	40.5	28.5	29	30.5	48.5	19	27	48	51.5	42.5	52.5	54.5	34.5	53	50	57	3	50.5	45.5	42.5	47.5	34	35	40	49	40.5	32	66.5	39	43.5	39	24.5	36.5	32.5	27	33.5	35	50	30	59.5	59.5	30.5	34	28.5	33	34.5	39.5	61	38.5	49	20.5	34.5	32.5	16.5	26.5	49	34.5	33	58.5	55.5	41.5	2	48.5	35	39	59	45.5	18	21	37.5	40	59.5	64.5	37	0	43	13	41.5	42	17.5	52	56	5	31.5	
6	44.5	38	26	19	76.5	49	61	59.5	27	70	33	65.5	45	72.5	77.5	52.5	59.5	32.5	48	63.5	7.5	38	26	27	82.5	36.5	26.5	18.5	44.5	72	69	16	46	31.5	9.5	61.5	66.5	65	54	59	80	59.5	51	85.5	40	35.5	38	54.5	57.5	46.5	62	45.5	64	69	69	24.5	78.5	46.5	55	42.5	52	44.5	58.5	80	32.5	80	39.5	44.5	51.5	30.5	57.5	18	53.5	52	77.5	19.5	60.5	41	30.5	54	70	80	64.5	59	40	41.5	29	94.5	83.5	62	43	0	56	25.5	31	31.5	71	21	48	50.5	
60	21.5	18	40	47	54.5	15	55	11.5	39	64	33	55.5	21	28.5	53.5	18.5	51.5	33.5	28	17.5	61.5	32	40	39	38.5	29.5	39.5	47.5	21.5	44	47	60	10	37.5	56.5	49.5	44.5	21	32	47	36	31.5	45	55.5	26	30.5	28	11.5	23.5	19.5	14	20.5	22	63	17	46.5	52.5	17.5	21	23.5	46	21.5	52.5	56	33.5	36	31.5	21.5	29.5	29.5	13.5	48	37.5	34	53.5	46.5	40.5	15	35.5	42	26	46	46.5	5	34	24.5	37	46.5	57.5	24	13	56	0	40.5	35	30.5	45	43	8	20.5	
29.5	27	36.5	35.5	22.5	75	25.5	59.5	42	25.5	68.5	31.5	64	41.5	59	76	49	58	31	46.5	48	31	36.5	24.5	30.5	69	35	35	37	37	70.5	67.5	39.5	44.5	33	28	60	65	51.5	52.5	57.5	66.5	58	49.5	84	36.5	26	36.5	37	54	25	44.5	26	52.5	67.5	47.5	42	77	23	51.5	41	50.5	27	57	78.5	31	66.5	38	27	50	29	44	31.5	52	50.5	76	38	59	39.5	31	52.5	56.5	76.5	63	35.5	38.5	16	27.5	77	82	54.5	41.5	25.5	40.5	0	29.5	30	69.5	38.5	46.5	49	
35	21.5	37	35	28	75.5	20	60	36.5	4	69	32	64.5	36	53.5	76.5	43.5	58.5	31.5	47	42.5	36.5	37	25	34	63.5	29.5	34.5	42.5	31.5	69	68	45	45	32.5	33.5	60.5	65.5	46	53	58	61	56.5	50	80.5	31	25.5	33	31.5	48.5	19.5	39	20.5	47	68	42	41.5	77.5	17.5	46	41.5	51	21.5	57.5	79	31.5	61	38.5	21.5	50.5	29.5	38.5	37	52.5	51	76.5	41.5	59.5	40	30.5	53	51	71	63.5	30	39	19.5	2	71.5	82.5	49	42	31	35	29.5	0	30.5	70	38	43	45.5	
35.5	39	12.5	45.5	28.5	51	34.5	35.5	34	26.5	44.5	12.5	40	24.5	47	52	27	34	17	22.5	38	37	12.5	15.5	36.5	57	31	41	43	29	46.5	43.5	45.5	20.5	57	34	36	41	39.5	28.5	33.5	54.5	34	25.5	60	29.5	50	27.5	23	32	39	36.5	40	38.5	43.5	41.5	54	53	37	29.5	11	26.5	39	33	54.5	27	54.5	14	39	26	1	32	37.5	28	26.5	52	44	35	15.5	55	28.5	44.5	54.5	39	29.5	14.5	44	28.5	69	58	36.5	17.5	31.5	30.5	30	30.5	0	45.5	52.5	22.5	25	
75	56.5	47	75	68	35.5	50	10	41.5	66	29	52	24.5	56	28.5	36.5	48.5	23.5	56.5	47	37.5	76.5	37	55	74	23.5	64.5	74.5	82.5	56.5	1	2	85	55	72.5	73.5	25.5	30.5	36	43	28	9	41.5	30	40.5	61	65.5	63	46.5	43.5	54.5	39	55.5	37	28	32	81.5	37.5	52.5	46	56.5	21	56.5	22.5	39	66.5	9	43.5	56.5	45.5	44.5	43.5	77	37.5	41	36.5	81.5	34.5	50	70.5	33	31	31	28.5	40	39	59.5	68	31.5	42.5	39	52	71	45	69.5	70	45.5	0	78	53	50.5	
27	29.5	59	23	40	87.5	28	82	44.5	42	91	54	86.5	44	61.5	86.5	51.5	80.5	51.5	61	50.5	28.5	59	47	32	71.5	37.5	27.5	25.5	39.5	77	80	33	53	10.5	30.5	82.5	77.5	54	65	80	69	64.5	72	88.5	39	18.5	41	39.5	56.5	27.5	47	28.5	55	90	50	19.5	85.5	25.5	54	51.5	73	29.5	79.5	89	41.5	69	60.5	29.5	62.5	51.5	46.5	31	70.5	67	86.5	24.5	73.5	58	13.5	75	59	79	79.5	38	61	22.5	40	79.5	90.5	57	56	21	43	38.5	38	52.5	78	0	51	53.5	
52	29.5	10	48	45	62.5	23	47	19.5	43	56	29	51.5	29	36.5	61.5	26.5	45.5	33.5	34	25.5	53.5	24	32	47	46.5	37.5	47.5	55.5	29.5	52	55	62	2	45.5	50.5	47.5	52.5	29	40	45	44	39.5	37	63.5	34	38.5	36	19.5	31.5	27.5	22	28.5	30	55	25	54.5	60.5	25.5	29	31.5	38	29.5	44.5	64	41.5	44	25.5	29.5	37.5	21.5	21.5	54	39.5	38	61.5	54.5	46.5	7	43.5	40	34	54	50.5	13	26	32.5	45	54.5	65.5	32	5	48	8	46.5	43	22.5	53	51	0	28.5	
54.5	32	26.5	50.5	47.5	60	25.5	44.5	9	45.5	53.5	31.5	49	31.5	34	59	2	43	36	31.5	23	56	21.5	34.5	49.5	44	40	50	58	32	49.5	52.5	64.5	30.5	48	53	45	50	26.5	37.5	42.5	41.5	37	34.5	61	36.5	41	38.5	22	29	30	19.5	31	27.5	52.5	22.5	57	58	28	26.5	34	35.5	32	42	61.5	44	41.5	11	32	35	24	7	56.5	37	35.5	59	57	44	29.5	46	37.5	31.5	51.5	48	15.5	23.5	35	47.5	52	63	29.5	31.5	50.5	20.5	49	45.5	25	50.5	53.5	28.5	0	
