Number of items: 100
Horizon: 6
Time limit: 750
Load limit: 6000
Initial item inventory level
22
291
30
30
198
102
234
20
144
234
76
186
38
36
231
38
258
140
60
98
63
11
74
136
144
154
48
162
14
53
207
20
22
192
168
168
192
72
74
98
158
52
42
91
171
219
48
69
142
27
207
87
30
45
89
77
96
91
98
80
29
297
219
100
249
76
45
228
66
72
32
124
54
192
32
43
89
32
171
249
90
132
124
159
52
66
204
189
76
231
282
57
219
70
70
44
207
36
99
36
Maximum inventory capacity per item
33
388
60
60
297
153
312
30
216
312
114
248
57
48
308
57
344
210
120
196
84
22
148
204
216
231
96
216
28
106
276
40
33
256
224
252
288
96
148
147
237
104
84
182
228
292
64
138
213
54
276
174
40
60
178
154
128
182
147
160
58
396
292
150
332
114
90
304
88
144
48
186
108
256
64
86
178
48
228
332
120
176
186
212
78
132
272
252
114
308
376
114
292
105
140
66
276
72
198
72
Reserve storage replenishment rate per item and per period
66	0	0	66	0	0	
582	0	0	582	0	0	
180	0	0	180	0	0	
180	0	0	180	0	0	
594	0	0	594	0	0	
306	0	0	306	0	0	
468	0	0	468	0	0	
60	0	0	60	0	0	
432	0	0	432	0	0	
468	0	0	468	0	0	
228	0	0	228	0	0	
372	0	0	372	0	0	
114	0	0	114	0	0	
72	0	0	72	0	0	
462	0	0	462	0	0	
114	0	0	114	0	0	
516	0	0	516	0	0	
420	0	0	420	0	0	
360	0	0	360	0	0	
588	0	0	588	0	0	
126	0	0	126	0	0	
66	0	0	66	0	0	
444	0	0	444	0	0	
408	0	0	408	0	0	
432	0	0	432	0	0	
462	0	0	462	0	0	
288	0	0	288	0	0	
324	0	0	324	0	0	
84	0	0	84	0	0	
318	0	0	318	0	0	
414	0	0	414	0	0	
120	0	0	120	0	0	
66	0	0	66	0	0	
384	0	0	384	0	0	
336	0	0	336	0	0	
504	0	0	504	0	0	
576	0	0	576	0	0	
144	0	0	144	0	0	
444	0	0	444	0	0	
294	0	0	294	0	0	
474	0	0	474	0	0	
312	0	0	312	0	0	
252	0	0	252	0	0	
546	0	0	546	0	0	
342	0	0	342	0	0	
438	0	0	438	0	0	
96	0	0	96	0	0	
414	0	0	414	0	0	
426	0	0	426	0	0	
162	0	0	162	0	0	
414	0	0	414	0	0	
522	0	0	522	0	0	
60	0	0	60	0	0	
90	0	0	90	0	0	
534	0	0	534	0	0	
462	0	0	462	0	0	
192	0	0	192	0	0	
546	0	0	546	0	0	
294	0	0	294	0	0	
480	0	0	480	0	0	
174	0	0	174	0	0	
594	0	0	594	0	0	
438	0	0	438	0	0	
300	0	0	300	0	0	
498	0	0	498	0	0	
228	0	0	228	0	0	
270	0	0	270	0	0	
456	0	0	456	0	0	
132	0	0	132	0	0	
432	0	0	432	0	0	
96	0	0	96	0	0	
372	0	0	372	0	0	
324	0	0	324	0	0	
384	0	0	384	0	0	
192	0	0	192	0	0	
258	0	0	258	0	0	
534	0	0	534	0	0	
96	0	0	96	0	0	
342	0	0	342	0	0	
498	0	0	498	0	0	
180	0	0	180	0	0	
264	0	0	264	0	0	
372	0	0	372	0	0	
318	0	0	318	0	0	
156	0	0	156	0	0	
396	0	0	396	0	0	
408	0	0	408	0	0	
378	0	0	378	0	0	
228	0	0	228	0	0	
462	0	0	462	0	0	
564	0	0	564	0	0	
342	0	0	342	0	0	
438	0	0	438	0	0	
210	0	0	210	0	0	
420	0	0	420	0	0	
132	0	0	132	0	0	
414	0	0	414	0	0	
216	0	0	216	0	0	
594	0	0	594	0	0	
216	0	0	216	0	0	
Forward storage demand rate per item and per period
11	11	4	8	8	4	
97	63	164	52	38	110	
30	38	30	42	11	37	
30	10	36	10	3	42	
99	89	109	115	125	95	
51	73	34	46	54	56	
78	115	91	44	37	89	
10	9	14	15	7	11	
72	108	108	80	81	67	
78	51	70	53	34	65	
38	8	43	43	23	48	
62	42	64	67	33	41	
19	19	18	18	10	6	
12	16	14	22	0	18	
77	16	78	94	99	24	
19	22	31	16	17	5	
86	77	104	116	94	70	
70	46	42	66	111	53	
60	108	61	39	47	11	
98	113	50	120	99	136	
21	19	22	16	19	11	
11	11	6	13	7	16	
74	17	89	86	93	68	
68	87	47	21	102	101	
72	67	62	70	85	101	
77	112	111	50	70	12	
48	8	71	43	55	39	
54	36	95	43	53	61	
14	10	5	15	14	17	
53	65	77	55	68	86	
69	67	117	36	124	90	
20	33	18	33	14	29	
11	3	5	9	12	12	
64	94	69	45	40	34	
56	102	33	44	25	48	
84	54	59	94	63	150	
96	50	85	139	75	97	
24	30	23	21	20	25	
74	108	116	115	99	97	
49	35	21	55	16	39	
79	86	134	116	84	35	
52	46	49	48	63	71	
42	18	61	27	53	47	
91	63	31	17	89	71	
57	53	75	66	65	65	
73	82	24	71	73	47	
16	3	17	9	11	15	
69	91	91	127	64	72	
71	73	49	65	42	59	
27	17	50	32	24	22	
69	65	52	59	17	84	
87	66	58	35	97	163	
10	12	14	13	12	11	
15	18	7	12	9	18	
89	58	92	114	74	108	
77	65	63	83	74	83	
32	51	37	26	24	31	
91	19	87	131	95	31	
49	31	43	24	33	59	
80	144	68	37	96	50	
29	6	36	17	4	14	
99	50	99	65	133	20	
73	45	86	42	113	63	
50	66	44	47	57	40	
83	97	129	114	149	53	
38	65	12	61	22	60	
45	48	70	27	63	24	
76	91	107	86	73	80	
22	20	8	9	25	30	
72	90	92	61	58	70	
16	14	18	26	13	16	
62	79	72	48	87	82	
54	54	76	94	79	53	
64	21	120	52	15	87	
32	16	27	48	19	28	
43	70	29	59	72	5	
89	78	84	101	100	97	
16	9	13	15	21	15	
57	78	69	28	55	6	
83	49	84	92	95	111	
30	31	8	24	26	31	
44	46	31	50	48	34	
62	26	84	59	64	50	
53	67	101	55	40	34	
26	38	25	15	41	23	
66	47	37	73	31	46	
68	61	41	46	110	71	
63	23	99	12	49	78	
38	25	45	42	36	26	
77	147	111	36	52	121	
94	76	129	84	103	63	
57	33	32	35	60	23	
73	59	30	106	72	102	
35	30	29	21	13	36	
70	108	62	71	46	103	
22	23	3	13	12	22	
69	98	122	113	72	43	
36	43	51	56	18	39	
99	67	70	133	169	68	
36	46	46	36	14	28	
Distance matrix
0	20	24.5	74.5	15	51.5	27	36	73	68	37.5	29	57.5	39.5	36.5	58.5	52.5	53.5	62.5	71	47.5	66.5	82.5	26	76	64.5	89	52.5	68	28	25.5	47.5	17	34	53	59	89	91.5	22.5	35.5	77.5	48.5	94.5	39	42.5	86	15.5	68	49	64.5	75	32	80	39.5	53.5	69.5	79.5	28	32	45.5	54	28.5	74	34.5	56	86	41.5	7	75	45.5	76.5	74.5	44.5	33.5	25	78.5	22	71	73.5	55.5	20	43.5	34	100	89	35.5	14.5	85	14	41	84.5	84	44	80	32	35.5	23.5	47.5	78	59.5	35.5	
20	0	24.5	74.5	25	51.5	27	36	67	68	37.5	29	57.5	35.5	36.5	46.5	32.5	41.5	42.5	71	47.5	66.5	72.5	26	76	60.5	71	52.5	62	8	25.5	47.5	3	34	37	59	89	91.5	27.5	35.5	77.5	46.5	80.5	39	42.5	86	30.5	68	49	64.5	65	32	80	39.5	51.5	69.5	75.5	8	32	39.5	54	31.5	74	25.5	56	84	41.5	17	75	39.5	58.5	74.5	44.5	31.5	25	78.5	32	71	61.5	55.5	20	43.5	14	80	71	29.5	19.5	85	6	41	84.5	66	44	80	32	24.5	23.5	47.5	78	59.5	35.5	
24.5	24.5	0	64	29.5	41	16.5	25.5	62.5	57.5	13	18.5	47	15	26	42	28	37	38	60.5	37	56	68	15.5	65.5	54	66.5	42	57.5	32.5	1	37	21.5	23.5	32.5	48.5	78.5	81	32	25	67	38	76	28.5	32	75.5	35	57.5	38.5	54	60.5	21.5	69.5	29	43	59	69	32.5	21.5	35	43.5	42	63.5	36	45.5	75.5	31	21.5	64.5	35	54	64	34	33	19.5	68	36.5	60.5	57	45	14.5	33	36.5	75.5	66.5	35	24	74.5	18.5	30.5	74	61.5	33.5	69.5	26.5	35	1	37	67.5	49	25	
74.5	74.5	64	0	79.5	61	61.5	40.5	47.5	12.5	77	63.5	57	79	56	62	68	67	58	15.5	37	46	38	50.5	20.5	54	31.5	52	52.5	82.5	65	57	71.5	58.5	67.5	43.5	28.5	31	82	65	37	68	20	63.5	62	25.5	85	22.5	33.5	34	45.5	46.5	34.5	49	63	19	39	82.5	66.5	75	38.5	92	38.5	86	50.5	30.5	41	71.5	39.5	75	44	24	54	83	69.5	4	86.5	15.5	47	45	64.5	63	86.5	25.5	31.5	85	74	29.5	68.5	55.5	10	36.5	48.5	24.5	76.5	85	63	47	22.5	29	55	
15	25	29.5	79.5	0	56.5	32	41	72	73	42.5	34	62.5	40.5	41.5	51.5	37.5	46.5	47.5	76	52.5	71.5	77.5	31	81	65.5	76	57.5	67	33	30.5	52.5	22	39	42	64	94	96.5	27.5	40.5	82.5	51.5	85.5	44	47.5	91	25.5	73	54	69.5	70	37	85	44.5	56.5	74.5	80.5	33	37	44.5	59	26.5	79	25.5	61	89	46.5	8	80	44.5	63.5	79.5	49.5	36.5	30	83.5	7	76	66.5	60.5	25	48.5	31	85	76	34.5	19.5	90	19	46	89.5	71	49	85	37	24.5	28.5	52.5	83	64.5	40.5	
51.5	51.5	41	61	56.5	0	38.5	22.5	35.5	54.5	36	40.5	26	34	33	7	21	20	11	57.5	34	37	41	27.5	62.5	29	39.5	31	30.5	45.5	42	4	48.5	35.5	20.5	39.5	59.5	62	51	38	46	25	49	34.5	31	62.5	58	54.5	35.5	49	33.5	23.5	48.5	12	2	56	44	45.5	41.5	28	40.5	45	44.5	39	32.5	52.5	28	48.5	43.5	28	27	59	7	40	46.5	65	51.5	57.5	30	38	41.5	30	39.5	48.5	39.5	38	51	53.5	45.5	32.5	59	34.5	30.5	58.5	41.5	38	40	34	60.5	46	32	
27	27	16.5	61.5	32	38.5	0	23	60	55	29.5	2	44.5	31.5	23.5	39.5	25.5	34.5	35.5	58	34.5	53.5	65.5	13	63	51.5	64	39.5	55	35	17.5	34.5	24	21	30	46	76	78.5	34.5	22.5	64.5	35.5	73.5	26	29.5	73	37.5	55	36	51.5	58	19	67	26.5	40.5	56.5	66.5	35	5	32.5	41	44.5	61	38.5	43	73	28.5	24	62	32.5	51.5	61.5	31.5	35.5	22	65.5	39	58	54.5	42.5	17	30.5	39	73	64	37.5	26.5	72	21	28	71.5	59	31	67	29	37.5	15.5	34.5	65	46.5	22.5	
36	36	25.5	40.5	41	22.5	23	0	39	34	38.5	25	23.5	40.5	17.5	29.5	41.5	34.5	31.5	37	13.5	32.5	48.5	12	42	30.5	55	18.5	34	44	26.5	18.5	33	20	39	25	55	57.5	43.5	26.5	43.5	29.5	60.5	25	23.5	52	46.5	34	15	30.5	41	8	46	10.5	24.5	35.5	45.5	44	28	36.5	20	59.5	40	55.5	22	52	7.5	33	41	36.5	42.5	40.5	15.5	44.5	31	44.5	48	37	39.5	21.5	26	24.5	50	64	55	46.5	35.5	51	30	17	50.5	50	8	46	38	56.5	24.5	13.5	44	25.5	16.5	
73	67	62.5	47.5	72	35.5	60	39	0	41	49.5	58	29.5	47.5	50.5	28.5	34.5	33.5	24.5	44	35.5	20.5	19.5	49	41	22.5	18	34.5	19	59	61.5	39.5	70	53	34	28	38	40.5	64.5	51.5	24.5	38.5	27.5	48	44.5	41	71.5	39	32	27.5	2	45	27	47.5	33.5	42.5	22.5	59	55	41.5	33	58.5	23	52.5	31	31	39.5	70	22	41.5	10.5	37.5	42.5	53.5	62	43.5	65	44	13.5	31.5	63	43.5	53	27	18	51.5	72.5	32	67	46	37.5	13	43	37	55	51.5	61.5	39.5	39	32.5	51.5	
68	68	57.5	12.5	73	54.5	55	34	41	0	70.5	57	50.5	72.5	49.5	61.5	69.5	66.5	59.5	3	30.5	39.5	35.5	44	8	47.5	33	45.5	46	76	58.5	50.5	65	52	69	37	27	29.5	75.5	58.5	30.5	61.5	32.5	57	55.5	24	78.5	16	27	27.5	43	40	28	42.5	56.5	12.5	32.5	76	60	68.5	32	91.5	32	87.5	44	18	34.5	65	33	68.5	45.5	17.5	47.5	76.5	63	16.5	80	3	46.5	38.5	58	56.5	82	32	33	78.5	67.5	17	62	49	22.5	38	42	12	70	86.5	56.5	40.5	10	22.5	48.5	
37.5	37.5	13	77	42.5	36	29.5	38.5	49.5	70.5	0	31.5	40	2	39	29	15	24	25	73.5	50	51	55	28.5	76.5	43	53.5	45	44.5	29.5	12	40	34.5	36.5	19.5	53.5	73.5	76	35	32	60	29	63	33.5	35	76.5	42	70.5	51.5	63	47.5	34.5	62.5	42	34	72	58	29.5	30.5	22	56.5	29	58.5	23	46.5	66.5	44	34.5	57.5	22	41	73	43	24	32.5	79	35.5	73.5	44	52	27.5	34	23.5	62.5	53.5	22	37	67.5	31.5	41.5	73	48.5	46.5	72.5	25.5	22	14	50	74.5	62	38	
29	29	18.5	63.5	34	40.5	2	25	58	57	31.5	0	46.5	31.5	25.5	37.5	23.5	32.5	33.5	60	36.5	55.5	63.5	15	65	51.5	62	41.5	53	37	19.5	36.5	26	23	28	48	78	80.5	36.5	24.5	66.5	37.5	71.5	28	31.5	75	39.5	57	38	53.5	56	21	69	28.5	42.5	58.5	66.5	37	3	30.5	43	42.5	63	36.5	45	75	30.5	26	64	30.5	49.5	63.5	33.5	37.5	24	67.5	41	60	52.5	44.5	19	32.5	37	71	62	35.5	28.5	74	23	30	73.5	57	33	69	31	35.5	17.5	36.5	67	48.5	24.5	
57.5	57.5	47	57	62.5	26	44.5	23.5	29.5	50.5	40	46.5	0	38	39	19	25	24	15	53.5	30	31	35	33.5	56.5	23	33.5	5	24.5	49.5	48	30	54.5	41.5	24.5	33.5	53.5	56	55	42	40	29	43	38.5	35	56.5	62	50.5	31.5	43	27.5	29.5	42.5	32	24	52	38	49.5	45.5	32	36.5	49	38.5	43	26.5	46.5	16	54.5	37.5	32	21	53	33	44	52.5	59	55.5	53.5	24	32	47.5	34	43.5	42.5	33.5	42	57	47.5	51.5	36.5	53	28.5	31.5	52.5	45.5	42	46	10	54.5	42	38	
39.5	35.5	15	79	40.5	34	31.5	40.5	47.5	72.5	2	31.5	38	0	39	27	13	22	23	75.5	52	49	53	30.5	74.5	41	51.5	43	42.5	27.5	14	38	36.5	36.5	17.5	51.5	71.5	74	33	30	58	27	61	31.5	33	74.5	40	72.5	53.5	61	45.5	36.5	60.5	44	32	74	56	27.5	28.5	20	56.5	27	56.5	21	44.5	64.5	46	36.5	55.5	20	39	71	41	22	30.5	77	33.5	75.5	42	50	29.5	32	21.5	60.5	51.5	20	39	65.5	33.5	39.5	71	46.5	46.5	70.5	23.5	20	16	48	72.5	64	40	
36.5	36.5	26	56	41.5	33	23.5	17.5	50.5	49.5	39	25.5	39	39	0	30	26	17	26	52.5	29	48	56	12.5	57.5	44	54.5	34	45.5	44.5	27	29	33.5	20.5	25.5	40.5	70.5	73	44	27	59	12	64	25.5	6	67.5	47	49.5	30.5	46	48.5	13.5	61.5	21	35	51	59	44.5	28.5	33	35.5	50	55.5	44	37.5	67.5	23	33.5	56.5	33	42	56	26	45	31.5	60	48.5	52.5	45	37	26.5	7	44.5	63.5	54.5	43	36	66.5	30.5	22.5	66	49.5	25.5	61.5	38.5	43	25	29	59.5	41	1	
58.5	46.5	42	62	51.5	7	39.5	29.5	28.5	61.5	29	37.5	19	27	30	0	14	13	4	60.5	39	30	34	34.5	55.5	22	32.5	24	23.5	38.5	41	11	49.5	32.5	13.5	32.5	52.5	55	44	31	39	18	42	27.5	24	55.5	51	53.5	42.5	42	26.5	30.5	41.5	19	5	57	37	38.5	34.5	21	37.5	38	37.5	32	25.5	45.5	35	55.5	36.5	21	20	52	14	33	41.5	58	44.5	60.5	23	31	46.5	23	32.5	41.5	32.5	31	52	46.5	52.5	25.5	52	27.5	27.5	51.5	34.5	31	43	29	53.5	47	31	
52.5	32.5	28	68	37.5	21	25.5	41.5	34.5	69.5	15	23.5	25	13	26	14	0	9	10	66.5	45	36	40	31.5	61.5	28	38.5	30	29.5	24.5	27	25	35.5	23.5	4.5	38.5	58.5	61	30	17	45	14	48	18.5	20	61.5	37	59.5	48.5	48	32.5	35.5	47.5	33	19	63	43	24.5	20.5	7	43.5	24	43.5	18	31.5	51.5	41	45.5	42.5	7	26	58	28	19	27.5	64	30.5	66.5	29	37	32.5	19	18.5	47.5	38.5	17	38	52.5	38.5	26.5	58	33.5	33.5	57.5	20.5	17	29	35	59.5	53	27	
53.5	41.5	37	67	46.5	20	34.5	34.5	33.5	66.5	24	32.5	24	22	17	13	9	0	9	65.5	44	35	39	29.5	60.5	27	37.5	29	28.5	33.5	36	24	44.5	27.5	8.5	37.5	57.5	60	39	26	44	5	47	22.5	11	60.5	46	58.5	47.5	47	31.5	30.5	46.5	32	18	62	42	33.5	29.5	16	42.5	33	42.5	27	30.5	50.5	40	50.5	41.5	16	25	57	27	28	36.5	63	39.5	65.5	28	36	41.5	10	27.5	46.5	37.5	26	47	51.5	47.5	25.5	57	32.5	32.5	56.5	29.5	26	38	34	58.5	52	18	
62.5	42.5	38	58	47.5	11	35.5	31.5	24.5	59.5	25	33.5	15	23	26	4	10	9	0	56.5	35	26	30	36.5	51.5	18	28.5	20	19.5	34.5	37	15	45.5	28.5	9.5	28.5	48.5	51	40	27	35	14	38	23.5	20	51.5	47	49.5	38.5	38	22.5	30.5	37.5	23	9	53	33	34.5	30.5	17	33.5	34	33.5	28	21.5	41.5	31	55.5	32.5	17	16	48	18	29	37.5	54	40.5	56.5	19	27	42.5	19	28.5	37.5	28.5	27	48	42.5	48.5	21.5	48	23.5	23.5	47.5	30.5	27	39	25	49.5	43	27	
71	71	60.5	15.5	76	57.5	58	37	44	3	73.5	60	53.5	75.5	52.5	60.5	66.5	65.5	56.5	0	33.5	42.5	36.5	47	5	50.5	30	48.5	49	79	61.5	53.5	68	55	66	40	30	32.5	78.5	61.5	33.5	64.5	29.5	60	58.5	27	81.5	19	30	30.5	44	43	31	45.5	59.5	15.5	35.5	79	63	71.5	35	90.5	35	84.5	47	15	37.5	68	36	71.5	42.5	20.5	50.5	79.5	66	19.5	83	0	45.5	41.5	61	59.5	85	29	30	81.5	70.5	14	65	52	25.5	35	45	9	73	83.5	59.5	43.5	7	25.5	51.5	
47.5	47.5	37	37	52.5	34	34.5	13.5	35.5	30.5	50	36.5	30	52	29	39	45	44	35	33.5	0	29	45	23.5	38.5	17	43.5	25	30.5	55.5	38	30	44.5	31.5	44.5	21.5	51.5	54	55	38	40	41	53	36.5	35	48.5	58	30.5	11.5	27	37.5	19.5	42.5	22	36	32	42	55.5	39.5	48	16.5	69	36.5	63	23.5	48.5	14	44.5	37.5	48	31	37	27	56	42.5	41	59.5	33.5	34	8	37.5	36	61.5	52.5	43.5	58	47	47.5	41.5	28.5	47	38.5	21.5	42.5	49.5	62	36	20	40.5	22	28	
66.5	66.5	56	46	71.5	37	53.5	32.5	20.5	39.5	51	55.5	31	49	48	30	36	35	26	42.5	29	0	26	42.5	47.5	24	24.5	36	20.5	60.5	57	41	63.5	50.5	35.5	29.5	44.5	47	66	53	31	40	34	49.5	46	47.5	73	39.5	25.5	34	18.5	38.5	33.5	41	35	41	29	60.5	56.5	43	30.5	60	29.5	54	32.5	37.5	33	63.5	28.5	43	10	44	44	55	61.5	50	66.5	42.5	7	33	56.5	45	54.5	33.5	24.5	53	66	38.5	60.5	47.5	44	19.5	40.5	43.5	56.5	53	55	39	45.5	31	47	
82.5	72.5	68	38	77.5	41	65.5	48.5	19.5	35.5	55	63.5	35	53	56	34	40	39	30	36.5	45	26	0	58.5	31.5	28	8.5	40	24.5	64.5	67	45	75.5	58.5	39.5	33.5	28.5	31	70	57	5	44	18	53.5	50	31.5	77	29.5	41.5	28	17.5	54.5	17.5	53	39	33	3	64.5	60.5	47	38.5	64	18.5	58	36.5	21.5	49	79.5	17.5	47	16	28	48	59	67.5	34	70.5	36.5	19	37	72.5	49	58.5	17.5	8.5	57	78	22.5	76.5	51.5	28	8.5	48.5	27.5	60.5	57	69	45	29.5	33	57	
26	26	15.5	50.5	31	27.5	13	12	49	44	28.5	15	33.5	30.5	12.5	34.5	31.5	29.5	36.5	47	23.5	42.5	58.5	0	52	40.5	65	28.5	44	34	16.5	23.5	23	8	27	35	65	67.5	33.5	16.5	53.5	24.5	70.5	13	18.5	62	36.5	44	25	40.5	51	8	56	15.5	29.5	45.5	55.5	34	18	26.5	30	49.5	50	45.5	32	62	17.5	23	51	26.5	52.5	50.5	20.5	34.5	21	54.5	38	47	49.5	31.5	16	19.5	40	74	65	36.5	25.5	61	20	17	60.5	60	20	56	28	46.5	14.5	23.5	54	35.5	11.5	
76	76	65.5	20.5	81	62.5	63	42	41	8	76.5	65	56.5	74.5	57.5	55.5	61.5	60.5	51.5	5	38.5	47.5	31.5	52	0	49.5	25	53.5	46	84	66.5	58.5	73	60	61	45	35	37.5	83.5	66.5	36.5	65.5	24.5	65	63.5	32	86.5	24	35	35.5	39	48	34	50.5	60.5	20.5	34.5	84	68	68.5	40	85.5	40	79.5	52	10	42.5	73	39	68.5	37.5	25.5	55.5	80.5	71	24.5	88	5	40.5	46.5	66	64.5	80	24	25	78.5	75.5	9	70	57	30.5	30	50	4	78	78.5	64.5	48.5	2	30.5	56.5	
64.5	60.5	54	54	65.5	29	51.5	30.5	22.5	47.5	43	51.5	23	41	44	22	28	27	18	50.5	17	24	28	40.5	49.5	0	26.5	28	17.5	52.5	55	33	61.5	46.5	27.5	26.5	46.5	49	58	45	33	32	36	41.5	38	49.5	65	47.5	28.5	36	20.5	36.5	35.5	39	27	49	31	52.5	48.5	35	31.5	52	31.5	46	24.5	39.5	31	61.5	30.5	35	14	46	36	47	55.5	52	58.5	50.5	17	9	54.5	37	46.5	35.5	26.5	45	64	40.5	58.5	39.5	46	21.5	36.5	45.5	48.5	45	53	33	47.5	39	45	
89	71	66.5	31.5	76	39.5	64	55	18	33	53.5	62	33.5	51.5	54.5	32.5	38.5	37.5	28.5	30	43.5	24.5	8.5	65	25	26.5	0	38.5	23	63	65.5	43.5	74	57	38	32	22	24.5	68.5	55.5	13.5	42.5	11.5	52	48.5	25	75.5	21	42	26.5	16	59	9	51.5	37.5	26.5	11.5	63	59	45.5	37	62.5	17	56.5	35	15	49.5	84	16	45.5	14.5	21.5	46.5	57.5	66	27.5	69	30	17.5	35.5	71	47.5	57	11	0	55.5	76.5	16	77	50	21.5	7	47	21	59	55.5	67.5	43.5	23	31.5	55.5	
52.5	52.5	42	52	57.5	31	39.5	18.5	34.5	45.5	45	41.5	5	43	34	24	30	29	20	48.5	25	36	40	28.5	53.5	28	38.5	0	29.5	54.5	43	35	49.5	36.5	29.5	36.5	58.5	61	60	43	45	34	48	41.5	40	61.5	63	45.5	26.5	42	32.5	24.5	47.5	27	29	47	43	54.5	44.5	37	31.5	54	43.5	48	31.5	51.5	11	49.5	42.5	37	26	52	32	49	47.5	56	60.5	48.5	29	33	42.5	39	48.5	47.5	38.5	47	52	52.5	46.5	33.5	58	33.5	26.5	57.5	50.5	47	41	5	55.5	37	33	
68	62	57.5	52.5	67	30.5	55	34	19	46	44.5	53	24.5	42.5	45.5	23.5	29.5	28.5	19.5	49	30.5	20.5	24.5	44	46	17.5	23	29.5	0	54	56.5	34.5	65	48	29	9	43	45.5	59.5	46.5	29.5	33.5	32.5	43	39.5	46	66.5	44	19	32.5	17	40	32	42.5	28.5	47.5	27.5	54	50	36.5	14	53.5	28	47.5	26	36	34.5	65	27	36.5	10.5	42.5	37.5	48.5	57	48.5	60	49	13.5	26.5	58	38.5	48	32	23	46.5	67.5	37	62	41	42.5	18	38	42	50	46.5	56.5	34.5	44	37.5	46.5	
28	8	32.5	82.5	33	45.5	35	44	59	76	29.5	37	49.5	27.5	44.5	38.5	24.5	33.5	34.5	79	55.5	60.5	64.5	34	84	52.5	63	54.5	54	0	33.5	49.5	11	42	29	63	83	85.5	29.5	41.5	69.5	38.5	72.5	43	44.5	86	36.5	76	57	72.5	57	40	72	47.5	43.5	77.5	67.5	0	40	31.5	62	23.5	68	17.5	56	76	49.5	25	67	31.5	50.5	82.5	52.5	23.5	33	86.5	30	79	53.5	61.5	28	43.5	6	72	63	21.5	27.5	77	14	49	82.5	58	52	82	30	16.5	31.5	55.5	84	67.5	43.5	
25.5	25.5	1	65	30.5	42	17.5	26.5	61.5	58.5	12	19.5	48	14	27	41	27	36	37	61.5	38	57	67	16.5	66.5	55	65.5	43	56.5	33.5	0	38	22.5	24.5	31.5	49.5	79.5	82	33	26	68	39	75	29.5	33	76.5	36	58.5	39.5	55	59.5	22.5	70.5	30	44	60	70	33.5	22.5	34	44.5	41	64.5	35	46.5	76.5	32	22.5	65.5	34	53	65	35	34	20.5	69	37.5	61.5	56	46	15.5	34	35.5	74.5	65.5	34	25	75.5	19.5	31.5	75	60.5	34.5	70.5	27.5	34	2	38	68.5	50	26	
47.5	47.5	37	57	52.5	4	34.5	18.5	39.5	50.5	40	36.5	30	38	29	11	25	24	15	53.5	30	41	45	23.5	58.5	33	43.5	35	34.5	49.5	38	0	44.5	31.5	24.5	41.5	63.5	66	55	38	50	29	53	36.5	35	66.5	58	50.5	31.5	47	37.5	19.5	52.5	8	6	52	48	49.5	39.5	32	36.5	49	48.5	43	36.5	56.5	24	44.5	47.5	32	31	57	3	44	42.5	61	55.5	53.5	34	38	37.5	34	43.5	52.5	43.5	42	47	57.5	41.5	28.5	63	38.5	26.5	62.5	45.5	42	36	30	60.5	42	28	
17	3	21.5	71.5	22	48.5	24	33	70	65	34.5	26	54.5	36.5	33.5	49.5	35.5	44.5	45.5	68	44.5	63.5	75.5	23	73	61.5	74	49.5	65	11	22.5	44.5	0	31	40	56	86	88.5	24.5	32.5	74.5	45.5	83.5	36	39.5	83	27.5	65	46	61.5	68	29	77	36.5	50.5	66.5	76.5	11	29	42.5	51	34.5	71	28.5	53	83	38.5	14	72	42.5	61.5	71.5	41.5	30.5	22	75.5	29	68	64.5	52.5	17	40.5	17	83	74	32.5	16.5	82	3	38	81.5	69	41	77	29	27.5	20.5	44.5	75	56.5	32.5	
34	34	23.5	58.5	39	35.5	21	20	53	52	36.5	23	41.5	36.5	20.5	32.5	23.5	27.5	28.5	55	31.5	50.5	58.5	8	60	46.5	57	36.5	48	42	24.5	31.5	31	0	19	43	73	75.5	41.5	24.5	61.5	32.5	66.5	5	26.5	70	44.5	52	33	48.5	51	16	64	23.5	37.5	53.5	61.5	42	26	30.5	38	47.5	58	41.5	40	70	25.5	31	59	30.5	44.5	58.5	28.5	42.5	29	62.5	46	55	47.5	39.5	24	27.5	42	66	57	40.5	33.5	69	28	25	68.5	52	28	64	36	40.5	22.5	31.5	62	43.5	19.5	
53	37	32.5	67.5	42	20.5	30	39	34	69	19.5	28	24.5	17.5	25.5	13.5	4.5	8.5	9.5	66	44.5	35.5	39.5	27	61	27.5	38	29.5	29	29	31.5	24.5	40	19	0	38	58	60.5	34.5	21.5	44.5	13.5	47.5	14	19.5	61	41.5	59	48	47.5	32	35	47	32.5	18.5	62.5	42.5	29	25	11.5	43	28.5	43	22.5	31	51	40.5	50	42	11.5	25.5	57.5	27.5	23.5	32	63.5	35	66	28.5	36.5	37	18.5	23	47	38	21.5	42.5	52	43	26	57.5	33	33	57	25	21.5	33.5	34.5	59	52.5	26.5	
59	59	48.5	43.5	64	39.5	46	25	28	37	53.5	48	33.5	51.5	40.5	32.5	38.5	37.5	28.5	40	21.5	29.5	33.5	35	45	26.5	32	36.5	9	63	49.5	41.5	56	43	38	0	52	54.5	66.5	49.5	38.5	42.5	41.5	48	46.5	55	69.5	37	10	33.5	26	31	41	33.5	37.5	38.5	36.5	63	51	45.5	5	62.5	37	56.5	35	45	25.5	56	36	45.5	19.5	43.5	38.5	57.5	54	47.5	69	40	22.5	29.5	49	47.5	57	41	32	55.5	58.5	46	53	40	51.5	27	33	49	59	55.5	47.5	31.5	47	28.5	39.5	
89	89	78.5	28.5	94	59.5	76	55	38	27	73.5	78	53.5	71.5	70.5	52.5	58.5	57.5	48.5	30	51.5	44.5	28.5	65	35	46.5	22	58.5	43	83	79.5	63.5	86	73	58	52	0	24.5	88.5	75.5	33.5	62.5	16.5	72	68.5	3	95.5	37	48	46.5	36	61	31	63.5	57.5	33.5	31.5	83	79	65.5	53	82.5	37	76.5	55	25	55.5	86	36	65.5	34.5	36.5	66.5	77.5	84	32.5	89	30	37.5	55.5	79	67.5	77	11	22	75.5	88.5	26	83	70	26.5	27	63	31	79	75.5	77.5	61.5	33	43.5	69.5	
91.5	91.5	81	31	96.5	62	78.5	57.5	40.5	29.5	76	80.5	56	74	73	55	61	60	51	32.5	54	47	31	67.5	37.5	49	24.5	61	45.5	85.5	82	66	88.5	75.5	60.5	54.5	24.5	0	91	78	36	65	19	74.5	71	27.5	98	39.5	50.5	49	38.5	63.5	33.5	66	60	36	34	85.5	81.5	68	55.5	85	39.5	79	57.5	27.5	58	88.5	38.5	68	37	39	69	80	86.5	35	91.5	32.5	40	58	81.5	70	79.5	13.5	24.5	78	91	28.5	85.5	72.5	29	29.5	65.5	33.5	81.5	78	80	64	35.5	46	72	
22.5	27.5	32	82	27.5	51	34.5	43.5	64.5	75.5	35	36.5	55	33	44	44	30	39	40	78.5	55	66	70	33.5	83.5	58	68.5	60	59.5	29.5	33	55	24.5	41.5	34.5	66.5	88.5	91	0	43	75	44	78	46.5	50	91.5	33	75.5	56.5	72	62.5	39.5	77.5	47	49	77	73	29.5	39.5	37	61.5	24	73.5	12	61.5	81.5	49	19.5	72.5	37	56	82	52	29	32.5	86	30.5	78.5	59	63	27.5	49	23.5	77.5	68.5	27	8	82.5	21.5	48.5	88	63.5	51.5	87.5	35.5	13	31	55	85.5	67	43	
35.5	35.5	25	65	40.5	38	22.5	26.5	51.5	58.5	32	24.5	42	30	27	31	17	26	27	61.5	38	53	57	16.5	66.5	45	55.5	43	46.5	41.5	26	38	32.5	24.5	21.5	49.5	75.5	78	43	0	62	31	65	29.5	33	76.5	46	58.5	39.5	55	49.5	22.5	64.5	30	36	60	60	41.5	27.5	10	44.5	41	60.5	35	46.5	68.5	32	32.5	59.5	10	43	65	35	36	30.5	69	47.5	61.5	46	46	25.5	34	35.5	64.5	55.5	34	35	69.5	29.5	31.5	75	50.5	34.5	70.5	37.5	34	24	38	68.5	50	26	
77.5	77.5	67	37	82.5	46	64.5	43.5	24.5	30.5	60	66.5	40	58	59	39	45	44	35	33.5	40	31	5	53.5	36.5	33	13.5	45	29.5	69.5	68	50	74.5	61.5	44.5	38.5	33.5	36	75	62	0	49	23	58.5	55	36.5	82	30.5	36.5	33	22.5	49.5	22.5	52	44	32	2	69.5	65.5	52	41.5	69	23.5	63	41.5	26.5	44	74.5	22.5	52	21	33	53	64	72.5	39	75.5	33.5	24	42	67.5	54	63.5	22.5	13.5	62	77	27.5	71.5	56.5	33	13.5	51.5	32.5	65.5	62	66	50	34.5	32	58	
48.5	46.5	38	68	51.5	25	35.5	29.5	38.5	61.5	29	37.5	29	27	12	18	14	5	14	64.5	41	40	44	24.5	65.5	32	42.5	34	33.5	38.5	39	29	45.5	32.5	13.5	42.5	62.5	65	44	31	49	0	52	27.5	6	65.5	51	61.5	42.5	52	36.5	25.5	51.5	33	23	63	47	38.5	34.5	21	47.5	38	47.5	32	35.5	55.5	35	45.5	46.5	21	30	62	32	33	41.5	68	44.5	64.5	33	41	38.5	5	32.5	51.5	42.5	31	48	56.5	42.5	30.5	62	37.5	37.5	61.5	34.5	31	37	39	63.5	53	13	
94.5	80.5	76	20	85.5	49	73.5	60.5	27.5	32.5	63	71.5	43	61	64	42	48	47	38	29.5	53	34	18	70.5	24.5	36	11.5	48	32.5	72.5	75	53	83.5	66.5	47.5	41.5	16.5	19	78	65	23	52	0	61.5	58	19.5	85	32.5	51.5	36	25.5	66.5	20.5	61	47	31	21	72.5	68.5	55	46.5	72	26.5	66	44.5	14.5	59	91.5	25.5	55	24	26	56	67	75.5	16	78.5	29.5	27	45	80.5	57	66.5	5.5	11.5	65	86	15.5	86.5	59.5	10	16.5	56.5	20.5	68.5	65	77	53	22.5	41	65	
39	39	28.5	63.5	44	34.5	26	25	48	57	33.5	28	38.5	31.5	25.5	27.5	18.5	22.5	23.5	60	36.5	49.5	53.5	13	65	41.5	52	41.5	43	43	29.5	36.5	36	5	14	48	72	74.5	46.5	29.5	58.5	27.5	61.5	0	31.5	75	49.5	57	38	53.5	46	21	61	28.5	32.5	58.5	56.5	43	31	25.5	43	42.5	57	36.5	45	65	30.5	36	56	25.5	39.5	63.5	33.5	37.5	34	67.5	49	60	42.5	44.5	29	32.5	37	61	52	35.5	38.5	66	33	30	71.5	47	33	69	39	35.5	27.5	36.5	67	48.5	24.5	
42.5	42.5	32	62	47.5	31	29.5	23.5	44.5	55.5	35	31.5	35	33	6	24	20	11	20	58.5	35	46	50	18.5	63.5	38	48.5	40	39.5	44.5	33	35	39.5	26.5	19.5	46.5	68.5	71	50	33	55	6	58	31.5	0	71.5	53	55.5	36.5	52	42.5	19.5	57.5	27	29	57	53	44.5	34.5	27	41.5	44	53.5	38	41.5	61.5	29	39.5	52.5	27	36	62	32	39	37.5	66	50.5	58.5	39	43	32.5	1	38.5	57.5	48.5	37	42	62.5	36.5	28.5	68	43.5	31.5	67.5	40.5	37	31	35	65.5	47	7	
86	86	75.5	25.5	91	62.5	73	52	41	24	76.5	75	56.5	74.5	67.5	55.5	61.5	60.5	51.5	27	48.5	47.5	31.5	62	32	49.5	25	61.5	46	86	76.5	66.5	83	70	61	55	3	27.5	91.5	76.5	36.5	65.5	19.5	75	71.5	0	96.5	34	45	45.5	39	58	34	60.5	60.5	30.5	34.5	86	78	68.5	50	85.5	40	79.5	58	28	52.5	83	39	68.5	37.5	35.5	65.5	80.5	81	29.5	92	27	40.5	56.5	76	70.5	80	14	25	78.5	85.5	29	80	67	29.5	30	60	34	82	78.5	74.5	58.5	34	40.5	66.5	
15.5	30.5	35	85	25.5	58	37.5	46.5	71.5	78.5	42	39.5	62	40	47	51	37	46	47	81.5	58	73	77	36.5	86.5	65	75.5	63	66.5	36.5	36	58	27.5	44.5	41.5	69.5	95.5	98	33	46	82	51	85	49.5	53	96.5	0	78.5	59.5	75	69.5	42.5	84.5	50	56	80	80	36.5	42.5	44	64.5	13	80.5	25	66.5	88.5	52	17.5	79.5	44	63	85	55	36	35.5	89	32.5	81.5	66	66	30.5	54	30.5	84.5	75.5	34	25	89.5	24.5	51.5	95	70.5	54.5	90.5	42.5	24	34	58	88.5	70	46	
68	68	57.5	22.5	73	54.5	55	34	39	16	70.5	57	50.5	72.5	49.5	53.5	59.5	58.5	49.5	19	30.5	39.5	29.5	44	24	47.5	21	45.5	44	76	58.5	50.5	65	52	59	37	37	39.5	75.5	58.5	30.5	61.5	32.5	57	55.5	34	78.5	0	27	27.5	37	40	12	42.5	56.5	17.5	32.5	76	60	66.5	32	83.5	32	77.5	44	34	34.5	65	33	66.5	35.5	22.5	47.5	76.5	63	26.5	80	19	38.5	38.5	58	56.5	78	32	21	76.5	67.5	33	62	49	32.5	28	42	28	70	76.5	56.5	40.5	26	22.5	48.5	
49	49	38.5	33.5	54	35.5	36	15	32	27	51.5	38	31.5	53.5	30.5	42.5	48.5	47.5	38.5	30	11.5	25.5	41.5	25	35	28.5	42	26.5	19	57	39.5	31.5	46	33	48	10	48	50.5	56.5	39.5	36.5	42.5	51.5	38	36.5	45	59.5	27	0	23.5	34	21	39	23.5	37.5	28.5	38.5	57	41	49.5	5	72.5	33	66.5	25	45	15.5	46	34	49.5	29.5	33.5	28.5	57.5	44	37.5	61	30	32.5	19.5	39	37.5	63	51	42	59.5	48.5	44	43	30	43.5	37	23	39	51	65.5	37.5	21.5	37	18.5	29.5	
64.5	64.5	54	34	69.5	49	51.5	30.5	27.5	27.5	63	53.5	43	61	46	42	48	47	38	30.5	27	34	28	40.5	35.5	36	26.5	42	32.5	72.5	55	47	61.5	48.5	47.5	33.5	46.5	49	72	55	33	52	36	53.5	52	45.5	75	27.5	23.5	0	25.5	36.5	35.5	39	47	29	31	72.5	56.5	55	28.5	72	31.5	66	40.5	39.5	31	61.5	30.5	55	24	34	44	67	59.5	38	76.5	30.5	27	35	54.5	53	66.5	35.5	26.5	65	64	40.5	58.5	45.5	44	21.5	38.5	39.5	66.5	65	53	37	37.5	5	45	
75	65	60.5	45.5	70	33.5	58	41	2	43	47.5	56	27.5	45.5	48.5	26.5	32.5	31.5	22.5	44	37.5	18.5	17.5	51	39	20.5	16	32.5	17	57	59.5	37.5	68	51	32	26	36	38.5	62.5	49.5	22.5	36.5	25.5	46	42.5	39	69.5	37	34	25.5	0	47	25	45.5	31.5	40.5	20.5	57	53	39.5	31	56.5	21	50.5	29	29	41.5	72	20	39.5	8.5	35.5	40.5	51.5	60	41.5	63	44	11.5	29.5	65	41.5	51	25	16	49.5	70.5	30	69	44	35.5	11	41	35	53	49.5	61.5	37.5	37	30.5	49.5	
32	32	21.5	46.5	37	23.5	19	8	45	40	34.5	21	29.5	36.5	13.5	30.5	35.5	30.5	30.5	43	19.5	38.5	54.5	8	48	36.5	59	24.5	40	40	22.5	19.5	29	16	35	31	61	63.5	39.5	22.5	49.5	25.5	66.5	21	19.5	58	42.5	40	21	36.5	47	0	52	11.5	25.5	41.5	51.5	40	24	32.5	26	55.5	46	51.5	28	58	13.5	29	47	32.5	46.5	46.5	16.5	40.5	27	50.5	44	43	45.5	27.5	22	20.5	46	68	59	42.5	31.5	57	26	9	56.5	54	16	52	34	52.5	20.5	19.5	50	31.5	12.5	
80	80	69.5	34.5	85	48.5	67	46	27	28	62.5	69	42.5	60.5	61.5	41.5	47.5	46.5	37.5	31	42.5	33.5	17.5	56	34	35.5	9	47.5	32	72	70.5	52.5	77	64	47	41	31	33.5	77.5	64.5	22.5	51.5	20.5	61	57.5	34	84.5	12	39	35.5	25	52	0	54.5	46.5	29.5	20.5	72	68	54.5	44	71.5	26	65.5	44	24	46.5	77	25	54.5	23.5	30.5	55.5	66.5	75	36.5	78	31	26.5	44.5	70	56.5	66	20	9	64.5	79.5	25	74	59	30.5	16	54	30	68	64.5	68.5	52.5	32	34.5	60.5	
39.5	39.5	29	49	44.5	12	26.5	10.5	47.5	42.5	42	28.5	32	44	21	19	33	32	23	45.5	22	41	53	15.5	50.5	39	51.5	27	42.5	47.5	30	8	36.5	23.5	32.5	33.5	63.5	66	47	30	52	33	61	28.5	27	60.5	50	42.5	23.5	39	45.5	11.5	54.5	0	14	44	54	47.5	31.5	40	28.5	57	48.5	51	30.5	60.5	16	36.5	49.5	40	39	49	5	48	34.5	53	51.5	45.5	42	30	29.5	28	51.5	60.5	51.5	50	39	59.5	33.5	20.5	59	46.5	18.5	54.5	41.5	50	28	22	52.5	34	20	
53.5	51.5	43	63	56.5	2	40.5	24.5	33.5	56.5	34	42.5	24	32	35	5	19	18	9	59.5	36	35	39	29.5	60.5	27	37.5	29	28.5	43.5	44	6	50.5	37.5	18.5	37.5	57.5	60	49	36	44	23	47	32.5	29	60.5	56	56.5	37.5	47	31.5	25.5	46.5	14	0	58	42	43.5	39.5	26	42.5	43	42.5	37	30.5	50.5	30	50.5	41.5	26	25	57	9	38	46.5	63	49.5	59.5	28	36	43.5	28	37.5	46.5	37.5	36	53	51.5	47.5	30.5	57	32.5	32.5	56.5	39.5	36	42	34	58.5	48	34	
69.5	69.5	59	19	74.5	56	56.5	35.5	42.5	12.5	72	58.5	52	74	51	57	63	62	53	15.5	32	41	33	45.5	20.5	49	26.5	47	47.5	77.5	60	52	66.5	53.5	62.5	38.5	33.5	36	77	60	32	63	31	58.5	57	30.5	80	17.5	28.5	29	40.5	41.5	29.5	44	58	0	34	77.5	61.5	70	33.5	87	33.5	81	45.5	30.5	36	66.5	34.5	70	39	5	49	78	64.5	23	81.5	15.5	42	40	59.5	58	81.5	30.5	26.5	80	69	29.5	63.5	50.5	29	31.5	43.5	24.5	71.5	80	58	42	22.5	24	50	
79.5	75.5	69	39	80.5	44	66.5	45.5	22.5	32.5	58	66.5	38	56	59	37	43	42	33	35.5	42	29	3	55.5	34.5	31	11.5	43	27.5	67.5	70	48	76.5	61.5	42.5	36.5	31.5	34	73	60	2	47	21	56.5	53	34.5	80	32.5	38.5	31	20.5	51.5	20.5	54	42	34	0	67.5	63.5	50	41.5	67	21.5	61	39.5	24.5	46	76.5	20.5	50	19	31	51	62	70.5	37	73.5	35.5	22	40	69.5	52	61.5	20.5	11.5	60	79	25.5	73.5	54.5	31	11.5	51.5	30.5	63.5	60	68	48	32.5	34	60	
28	8	32.5	82.5	33	45.5	35	44	59	76	29.5	37	49.5	27.5	44.5	38.5	24.5	33.5	34.5	79	55.5	60.5	64.5	34	84	52.5	63	54.5	54	0	33.5	49.5	11	42	29	63	83	85.5	29.5	41.5	69.5	38.5	72.5	43	44.5	86	36.5	76	57	72.5	57	40	72	47.5	43.5	77.5	67.5	0	40	31.5	62	23.5	68	17.5	56	76	49.5	25	67	31.5	50.5	82.5	52.5	23.5	33	86.5	30	79	53.5	61.5	28	43.5	6	72	63	21.5	27.5	77	14	49	82.5	58	52	82	30	16.5	31.5	55.5	84	67.5	43.5	
32	32	21.5	66.5	37	41.5	5	28	55	60	30.5	3	45.5	28.5	28.5	34.5	20.5	29.5	30.5	63	39.5	56.5	60.5	18	68	48.5	59	44.5	50	40	22.5	39.5	29	26	25	51	79	81.5	39.5	27.5	65.5	34.5	68.5	31	34.5	78	42.5	60	41	56.5	53	24	68	31.5	39.5	61.5	63.5	40	0	27.5	46	39.5	64	33.5	48	72	33.5	29	63	27.5	46.5	66.5	36.5	34.5	27	70.5	44	63	49.5	47.5	22	35.5	34	68	59	32.5	31.5	73	26	33	76.5	54	36	72	34	32.5	20.5	39.5	70	51.5	27.5	
45.5	39.5	35	75	44.5	28	32.5	36.5	41.5	68.5	22	30.5	32	20	33	21	7	16	17	71.5	48	43	47	26.5	68.5	35	45.5	37	36.5	31.5	34	32	42.5	30.5	11.5	45.5	65.5	68	37	10	52	21	55	25.5	27	68.5	44	66.5	49.5	55	39.5	32.5	54.5	40	26	70	50	31.5	27.5	0	50.5	31	50.5	25	38.5	58.5	42	42.5	49.5	0	33	65	35	26	34.5	71	37.5	71.5	36	44	35.5	26	25.5	54.5	45.5	24	45	59.5	39.5	33.5	65	40.5	40.5	64.5	27.5	24	34	42	66.5	60	34	
54	54	43.5	38.5	59	40.5	41	20	33	32	56.5	43	36.5	56.5	35.5	37.5	43.5	42.5	33.5	35	16.5	30.5	38.5	30	40	31.5	37	31.5	14	62	44.5	36.5	51	38	43	5	53	55.5	61.5	44.5	41.5	47.5	46.5	43	41.5	50	64.5	32	5	28.5	31	26	44	28.5	42.5	33.5	41.5	62	46	50.5	0	67.5	38	61.5	30	50	20.5	51	39	50.5	24.5	38.5	33.5	62.5	49	42.5	66	35	27.5	24.5	44	42.5	62	46	37	60.5	53.5	49	48	35	48.5	32	28	44	56	60.5	42.5	26.5	42	23.5	34.5	
28.5	31.5	42	92	26.5	45	44.5	59.5	58.5	91.5	29	42.5	49	27	50	38	24	33	34	90.5	69	60	64	49.5	85.5	52	62.5	54	53.5	23.5	41	49	34.5	47.5	28.5	62.5	82.5	85	24	41	69	38	72	42.5	44	85.5	13	83.5	72.5	72	56.5	55.5	71.5	57	43	87	67	23.5	39.5	31	67.5	0	67.5	12	55.5	75.5	65	30.5	66.5	31	50	82	52	23	36.5	88	19.5	90.5	53	61	41.5	43	17.5	71.5	62.5	21	32	76.5	37.5	50.5	82	57.5	57.5	81.5	29.5	11	43	59	83.5	77	51	
74	74	63.5	38.5	79	44.5	61	40	23	32	58.5	63	38.5	56.5	55.5	37.5	43.5	42.5	33.5	35	36.5	29.5	18.5	50	40	31.5	17	43.5	28	68	64.5	48.5	71	58	43	37	37	39.5	73.5	60.5	23.5	47.5	26.5	57	53.5	40	80.5	32	33	31.5	21	46	26	48.5	42.5	33.5	21.5	68	64	50.5	38	67.5	0	61.5	40	30	40.5	71	1	50.5	19.5	36.5	51.5	62.5	69	42.5	74	35	22.5	40.5	64	52.5	62	26	17	60.5	73.5	31	68	55	36.5	10	48	36	64	60.5	62.5	46.5	38	28.5	54.5	
34.5	25.5	36	86	25.5	39	38.5	55.5	52.5	87.5	23	36.5	43	21	44	32	18	27	28	84.5	63	54	58	45.5	79.5	46	56.5	48	47.5	17.5	35	43	28.5	41.5	22.5	56.5	76.5	79	12	35	63	32	66	36.5	38	79.5	25	77.5	66.5	66	50.5	51.5	65.5	51	37	81	61	17.5	33.5	25	61.5	12	61.5	0	49.5	69.5	59	31.5	60.5	25	44	76	46	17	30.5	82	18.5	84.5	47	55	35.5	37	11.5	65.5	56.5	15	20	70.5	31.5	44.5	76	51.5	51.5	75.5	23.5	1	37	53	77.5	71	45	
56	56	45.5	50.5	61	32.5	43	22	31	44	46.5	45	26.5	44.5	37.5	25.5	31.5	30.5	21.5	47	23.5	32.5	36.5	32	52	24.5	35	31.5	26	56	46.5	36.5	53	40	31	35	55	57.5	61.5	46.5	41.5	35.5	44.5	45	41.5	58	66.5	44	25	40.5	29	28	44	30.5	30.5	45.5	39.5	56	48	38.5	30	55.5	40	49.5	0	48	22.5	53	39	38.5	22.5	50.5	35.5	50.5	51	54.5	62	47	25.5	31.5	46	40.5	50	44	35	48.5	55.5	49	50	37	54.5	30	30	54	52	48.5	44.5	28.5	54	35.5	36.5	
86	84	75.5	30.5	89	52.5	73	52	31	18	66.5	75	46.5	64.5	67.5	45.5	51.5	50.5	41.5	15	48.5	37.5	21.5	62	10	39.5	15	51.5	36	76	76.5	56.5	83	70	51	45	25	27.5	81.5	68.5	26.5	55.5	14.5	65	61.5	28	88.5	34	45	39.5	29	58	24	60.5	50.5	30.5	24.5	76	72	58.5	50	75.5	30	69.5	48	0	52.5	83	29	58.5	27.5	29.5	59.5	70.5	79	30.5	82	15	30.5	48.5	76	60.5	70	14	15	68.5	85.5	1	80	63	24.5	20	60	6	72	68.5	74.5	56.5	8	40.5	66.5	
41.5	41.5	31	41	46.5	28	28.5	7.5	39.5	34.5	44	30.5	16	46	23	35	41	40	31	37.5	14	33	49	17.5	42.5	31	49.5	11	34.5	49.5	32	24	38.5	25.5	40.5	25.5	55.5	58	49	32	44	35	59	30.5	29	52.5	52	34.5	15.5	31	41.5	13.5	46.5	16	30	36	46	49.5	33.5	42	20.5	65	40.5	59	22.5	52.5	0	38.5	41.5	42	37	41	21	50	36.5	45	53.5	37.5	40	22	31.5	30	55.5	58.5	49.5	52	41	51.5	35.5	22.5	51	44.5	15.5	46.5	43.5	58	30	6	44.5	26	22	
7	17	21.5	71.5	8	48.5	24	33	70	65	34.5	26	54.5	36.5	33.5	55.5	45.5	50.5	55.5	68	44.5	63.5	79.5	23	73	61.5	84	49.5	65	25	22.5	44.5	14	31	50	56	86	88.5	19.5	32.5	74.5	45.5	91.5	36	39.5	83	17.5	65	46	61.5	72	29	77	36.5	50.5	66.5	76.5	25	29	42.5	51	30.5	71	31.5	53	83	38.5	0	72	42.5	71.5	71.5	41.5	30.5	22	75.5	15	68	70.5	52.5	17	40.5	31	93	84	32.5	11.5	82	11	38	81.5	79	41	77	29	32.5	20.5	44.5	75	56.5	32.5	
75	75	64.5	39.5	80	43.5	62	41	22	33	57.5	64	37.5	55.5	56.5	36.5	42.5	41.5	32.5	36	37.5	28.5	17.5	51	39	30.5	16	42.5	27	67	65.5	47.5	72	59	42	36	36	38.5	72.5	59.5	22.5	46.5	25.5	56	52.5	39	79.5	33	34	30.5	20	47	25	49.5	41.5	34.5	20.5	67	63	49.5	39	66.5	1	60.5	39	29	41.5	72	0	49.5	18.5	35.5	50.5	61.5	70	41.5	73	36	21.5	39.5	65	51.5	61	25	16	59.5	74.5	30	69	54	35.5	9	49	35	63	59.5	63.5	47.5	37	29.5	55.5	
45.5	39.5	35	75	44.5	28	32.5	36.5	41.5	68.5	22	30.5	32	20	33	21	7	16	17	71.5	48	43	47	26.5	68.5	35	45.5	37	36.5	31.5	34	32	42.5	30.5	11.5	45.5	65.5	68	37	10	52	21	55	25.5	27	68.5	44	66.5	49.5	55	39.5	32.5	54.5	40	26	70	50	31.5	27.5	0	50.5	31	50.5	25	38.5	58.5	42	42.5	49.5	0	33	65	35	26	34.5	71	37.5	71.5	36	44	35.5	26	25.5	54.5	45.5	24	45	59.5	39.5	33.5	65	40.5	40.5	64.5	27.5	24	34	42	66.5	60	34	
76.5	58.5	54	44	63.5	27	51.5	42.5	10.5	45.5	41	49.5	21	39	42	20	26	25	16	42.5	31	10	16	52.5	37.5	14	14.5	26	10.5	50.5	53	31	61.5	44.5	25.5	19.5	34.5	37	56	43	21	30	24	39.5	36	37.5	63	35.5	29.5	24	8.5	46.5	23.5	39	25	39	19	50.5	46.5	33	24.5	50	19.5	44	22.5	27.5	37	71.5	18.5	33	0	34	34	45	53.5	40	56.5	42.5	3	23	58.5	35	44.5	23.5	14.5	43	64	28.5	64.5	37.5	34	9.5	34.5	33.5	46.5	43	55	31	35.5	29	43	
74.5	74.5	64	24	79.5	59	61.5	40.5	37.5	17.5	73	63.5	53	71	56	52	58	57	48	20.5	37	44	28	50.5	25.5	46	21.5	52	42.5	82.5	65	57	71.5	58.5	57.5	43.5	36.5	39	82	65	33	62	26	63.5	62	35.5	85	22.5	33.5	34	35.5	46.5	30.5	49	57	5	31	82.5	66.5	65	38.5	82	36.5	76	50.5	29.5	41	71.5	35.5	65	34	0	54	77	69.5	28	86.5	20.5	37	45	64.5	63	76.5	25.5	21.5	75	74	30.5	68.5	55.5	34	26.5	48.5	29.5	76.5	75	63	47	27.5	29	55	
44.5	44.5	34	54	49.5	7	31.5	15.5	42.5	47.5	43	33.5	33	41	26	14	28	27	18	50.5	27	44	48	20.5	55.5	36	46.5	32	37.5	52.5	35	3	41.5	28.5	27.5	38.5	66.5	69	52	35	53	32	56	33.5	32	65.5	55	47.5	28.5	44	40.5	16.5	55.5	5	9	49	51	52.5	36.5	35	33.5	52	51.5	46	35.5	59.5	21	41.5	50.5	35	34	54	0	47	39.5	58	56.5	50.5	37	35	34.5	33	46.5	55.5	46.5	45	44	60.5	38.5	25.5	64	41.5	23.5	59.5	46.5	45	33	27	57.5	39	25	
33.5	31.5	33	83	36.5	40	35.5	44.5	53.5	76.5	24	37.5	44	22	45	33	19	28	29	79.5	56	55	59	34.5	80.5	47	57.5	49	48.5	23.5	34	44	30.5	42.5	23.5	57.5	77.5	80	29	36	64	33	67	37.5	39	80.5	36	76.5	57.5	67	51.5	40.5	66.5	48	38	78	62	23.5	34.5	26	62.5	23	62.5	17	50.5	70.5	50	30.5	61.5	26	45	77	47	0	31.5	83	29.5	79.5	48	56	28.5	38	17.5	66.5	57.5	2	33	71.5	27.5	45.5	77	52.5	52.5	76.5	24.5	16	32	54	78.5	68	44	
25	25	19.5	69.5	30	46.5	22	31	62	63	32.5	24	52.5	30.5	31.5	41.5	27.5	36.5	37.5	66	42.5	61.5	67.5	21	71	55.5	66	47.5	57	33	20.5	42.5	22	29	32	54	84	86.5	32.5	30.5	72.5	41.5	75.5	34	37.5	81	35.5	63	44	59.5	60	27	75	34.5	46.5	64.5	70.5	33	27	34.5	49	36.5	69	30.5	51	79	36.5	22	70	34.5	53.5	69.5	39.5	31.5	0	73.5	37	66	56.5	50.5	5	38.5	31	75	66	29.5	24.5	80	19	36	79.5	61	39	75	7	29.5	18.5	42.5	73	54.5	30.5	
78.5	78.5	68	4	83.5	65	65.5	44.5	43.5	16.5	79	67.5	59	77	60	58	64	63	54	19.5	41	50	34	54.5	24.5	52	27.5	56	48.5	86.5	69	61	75.5	62.5	63.5	47.5	32.5	35	86	69	39	68	16	67.5	66	29.5	89	26.5	37.5	38	41.5	50.5	36.5	53	63	23	37	86.5	70.5	71	42.5	88	42.5	82	54.5	30.5	45	75.5	41.5	71	40	28	58	83	73.5	0	90.5	19.5	43	49	68.5	67	82.5	21.5	27.5	81	78	31.5	72.5	59.5	6	32.5	52.5	28.5	80.5	81	67	51	26.5	33	59	
22	32	36.5	86.5	7	51.5	39	48	65	80	35.5	41	55.5	33.5	48.5	44.5	30.5	39.5	40.5	83	59.5	66.5	70.5	38	88	58.5	69	60.5	60	30	37.5	55.5	29	46	35	69	89	91.5	30.5	47.5	75.5	44.5	78.5	49	50.5	92	32.5	80	61	76.5	63	44	78	51.5	49.5	81.5	73.5	30	44	37.5	66	19.5	74	18.5	62	82	53.5	15	73	37.5	56.5	86.5	56.5	29.5	37	90.5	0	83	59.5	67.5	32	49.5	24	78	69	27.5	26.5	83	26	53	88.5	64	56	88	36	17.5	35.5	59.5	90	71.5	47.5	
71	71	60.5	15.5	76	57.5	58	37	44	3	73.5	60	53.5	75.5	52.5	60.5	66.5	65.5	56.5	0	33.5	42.5	36.5	47	5	50.5	30	48.5	49	79	61.5	53.5	68	55	66	40	30	32.5	78.5	61.5	33.5	64.5	29.5	60	58.5	27	81.5	19	30	30.5	44	43	31	45.5	59.5	15.5	35.5	79	63	71.5	35	90.5	35	84.5	47	15	37.5	68	36	71.5	42.5	20.5	50.5	79.5	66	19.5	83	0	45.5	41.5	61	59.5	85	29	30	81.5	70.5	14	65	52	25.5	35	45	9	73	83.5	59.5	43.5	7	25.5	51.5	
73.5	61.5	57	47	66.5	30	54.5	39.5	13.5	46.5	44	52.5	24	42	45	23	29	28	19	45.5	34	7	19	49.5	40.5	17	17.5	29	13.5	53.5	56	34	64.5	47.5	28.5	22.5	37.5	40	59	46	24	33	27	42.5	39	40.5	66	38.5	32.5	27	11.5	45.5	26.5	42	28	42	22	53.5	49.5	36	27.5	53	22.5	47	25.5	30.5	40	70.5	21.5	36	3	37	37	48	56.5	43	59.5	45.5	0	26	61.5	38	47.5	26.5	17.5	46	67	31.5	67.5	40.5	37	12.5	37.5	36.5	49.5	46	58	34	38.5	32	46	
55.5	55.5	45	45	60.5	38	42.5	21.5	31.5	38.5	52	44.5	32	50	37	31	37	36	27	41.5	8	33	37	31.5	46.5	9	35.5	33	26.5	61.5	46	38	52.5	39.5	36.5	29.5	55.5	58	63	46	42	41	45	44.5	43	56.5	66	38.5	19.5	35	29.5	27.5	44.5	30	36	40	40	61.5	47.5	44	24.5	61	40.5	55	31.5	48.5	22	52.5	39.5	44	23	45	35	56	50.5	49	67.5	41.5	26	0	45.5	44	55.5	44.5	35.5	54	55	49.5	49.5	36.5	55	30.5	29.5	50.5	57.5	54	44	28	48.5	30	36	
20	20	14.5	64.5	25	41.5	17	26	63	58	27.5	19	47.5	29.5	26.5	46.5	32.5	41.5	42.5	61	37.5	56.5	72.5	16	66	54.5	71	42.5	58	28	15.5	37.5	17	24	37	49	79	81.5	27.5	25.5	67.5	38.5	80.5	29	32.5	76	30.5	58	39	54.5	65	22	70	29.5	43.5	59.5	69.5	28	22	35.5	44	41.5	64	35.5	46	76	31.5	17	65	35.5	58.5	64.5	34.5	28.5	5	68.5	32	61	61.5	45.5	0	33.5	34	80	71	30.5	19.5	75	14	31	74.5	66	34	70	12	34.5	13.5	37.5	68	49.5	25.5	
43.5	43.5	33	63	48.5	30	30.5	24.5	43.5	56.5	34	32.5	34	32	7	23	19	10	19	59.5	36	45	49	19.5	64.5	37	47.5	39	38.5	43.5	34	34	40.5	27.5	18.5	47.5	67.5	70	49	34	54	5	57	32.5	1	70.5	54	56.5	37.5	53	41.5	20.5	56.5	28	28	58	52	43.5	35.5	26	42.5	43	52.5	37	40.5	60.5	30	40.5	51.5	26	35	63	33	38	38.5	67	49.5	59.5	38	44	33.5	0	37.5	56.5	47.5	36	43	61.5	37.5	29.5	67	42.5	32.5	66.5	39.5	36	32	36	66.5	48	8	
34	14	36.5	86.5	31	39.5	39	50	53	82	23.5	37	43.5	21.5	44.5	32.5	18.5	27.5	28.5	85	61.5	54.5	58.5	40	80	46.5	57	48.5	48	6	35.5	43.5	17	42	23	57	77	79.5	23.5	35.5	63.5	32.5	66.5	37	38.5	80	30.5	78	63	66.5	51	46	66	51.5	37.5	81.5	61.5	6	34	25.5	62	17.5	62	11.5	50	70	55.5	31	61	25.5	44.5	76.5	46.5	17.5	31	82.5	24	85	47.5	55.5	34	37.5	0	66	57	15.5	31.5	71	20	45	76.5	52	52	76	24	10.5	37.5	53.5	78	71.5	45.5	
100	80	75.5	25.5	85	48.5	73	64	27	32	62.5	71	42.5	60.5	63.5	41.5	47.5	46.5	37.5	29	52.5	33.5	17.5	74	24	35.5	11	47.5	32	72	74.5	52.5	83	66	47	41	11	13.5	77.5	64.5	22.5	51.5	5.5	61	57.5	14	84.5	32	51	35.5	25	68	20	60.5	46.5	30.5	20.5	72	68	54.5	46	71.5	26	65.5	44	14	58.5	93	25	54.5	23.5	25.5	55.5	66.5	75	21.5	78	29	26.5	44.5	80	56.5	66	0	11	64.5	85.5	15	86	59	15.5	16	56	20	68	64.5	76.5	52.5	22	40.5	64.5	
89	71	66.5	31.5	76	39.5	64	55	18	33	53.5	62	33.5	51.5	54.5	32.5	38.5	37.5	28.5	30	43.5	24.5	8.5	65	25	26.5	0	38.5	23	63	65.5	43.5	74	57	38	32	22	24.5	68.5	55.5	13.5	42.5	11.5	52	48.5	25	75.5	21	42	26.5	16	59	9	51.5	37.5	26.5	11.5	63	59	45.5	37	62.5	17	56.5	35	15	49.5	84	16	45.5	14.5	21.5	46.5	57.5	66	27.5	69	30	17.5	35.5	71	47.5	57	11	0	55.5	76.5	16	77	50	21.5	7	47	21	59	55.5	67.5	43.5	23	31.5	55.5	
35.5	29.5	35	85	34.5	38	37.5	46.5	51.5	78.5	22	35.5	42	20	43	31	17	26	27	81.5	58	53	57	36.5	78.5	45	55.5	47	46.5	21.5	34	42	32.5	40.5	21.5	55.5	75.5	78	27	34	62	31	65	35.5	37	78.5	34	76.5	59.5	65	49.5	42.5	64.5	50	36	80	60	21.5	32.5	24	60.5	21	60.5	15	48.5	68.5	52	32.5	59.5	24	43	75	45	2	29.5	81	27.5	81.5	46	54	30.5	36	15.5	64.5	55.5	0	35	69.5	29.5	43.5	75	50.5	50.5	74.5	22.5	14	34	52	76.5	70	44	
14.5	19.5	24	74	19.5	51	26.5	35.5	72.5	67.5	37	28.5	57	39	36	52	38	47	48	70.5	47	66	78	25.5	75.5	64	76.5	52	67.5	27.5	25	47	16.5	33.5	42.5	58.5	88.5	91	8	35	77	48	86	38.5	42	85.5	25	67.5	48.5	64	70.5	31.5	79.5	39	53	69	79	27.5	31.5	45	53.5	32	73.5	20	55.5	85.5	41	11.5	74.5	45	64	74	44	33	24.5	78	26.5	70.5	67	55	19.5	43	31.5	85.5	76.5	35	0	84.5	13.5	40.5	84	71.5	43.5	79.5	31.5	21	23	47	77.5	59	35	
85	85	74.5	29.5	90	53.5	72	51	32	17	67.5	74	47.5	65.5	66.5	46.5	52.5	51.5	42.5	14	47.5	38.5	22.5	61	9	40.5	16	52.5	37	77	75.5	57.5	82	69	52	46	26	28.5	82.5	69.5	27.5	56.5	15.5	66	62.5	29	89.5	33	44	40.5	30	57	25	59.5	51.5	29.5	25.5	77	73	59.5	49	76.5	31	70.5	49	1	51.5	82	30	59.5	28.5	30.5	60.5	71.5	80	31.5	83	14	31.5	49.5	75	61.5	71	15	16	69.5	84.5	0	79	64	25.5	21	59	5	73	69.5	73.5	57.5	7	39.5	65.5	
14	6	18.5	68.5	19	45.5	21	30	67	62	31.5	23	51.5	33.5	30.5	52.5	38.5	47.5	48.5	65	41.5	60.5	76.5	20	70	58.5	77	46.5	62	14	19.5	41.5	3	28	43	53	83	85.5	21.5	29.5	71.5	42.5	86.5	33	36.5	80	24.5	62	43	58.5	69	26	74	33.5	47.5	63.5	73.5	14	26	39.5	48	37.5	68	31.5	50	80	35.5	11	69	39.5	64.5	68.5	38.5	27.5	19	72.5	26	65	67.5	49.5	14	37.5	20	86	77	29.5	13.5	79	0	35	78.5	72	38	74	26	30.5	17.5	41.5	72	53.5	29.5	
41	41	30.5	55.5	46	32.5	28	17	46	49	41.5	30	36.5	39.5	22.5	25.5	26.5	25.5	21.5	52	28.5	47.5	51.5	17	57	39.5	50	33.5	41	49	31.5	28.5	38	25	26	40	70	72.5	48.5	31.5	56.5	30.5	59.5	30	28.5	67	51.5	49	30	45.5	44	9	59	20.5	30.5	50.5	54.5	49	33	33.5	35	50.5	55	44.5	37	63	22.5	38	54	33.5	37.5	55.5	25.5	45.5	36	59.5	53	52	40.5	36.5	31	29.5	45	59	50	43.5	40.5	64	35	0	65.5	45	25	61	43	43.5	29.5	28.5	59	40.5	21.5	
84.5	84.5	74	10	89.5	59	71.5	50.5	37.5	22.5	73	73.5	53	71	66	52	58	57	48	25.5	47	44	28	60.5	30.5	46	21.5	58	42.5	82.5	75	63	81.5	68.5	57.5	51.5	26.5	29	88	75	33	62	10	71.5	68	29.5	95	32.5	43.5	44	35.5	56.5	30.5	59	57	29	31	82.5	76.5	65	48.5	82	36.5	76	54.5	24.5	51	81.5	35.5	65	34	34	64	77	79.5	6	88.5	25.5	37	55	74.5	67	76.5	15.5	21.5	75	84	25.5	78.5	65.5	0	26.5	58.5	30.5	78.5	75	73	57	32.5	39	65	
84	66	61.5	36.5	71	34.5	59	50	13	38	48.5	57	28.5	46.5	49.5	27.5	33.5	32.5	23.5	35	38.5	19.5	8.5	60	30	21.5	7	33.5	18	58	60.5	38.5	69	52	33	27	27	29.5	63.5	50.5	13.5	37.5	16.5	47	43.5	30	70.5	28	37	21.5	11	54	16	46.5	32.5	31.5	11.5	58	54	40.5	32	57.5	10	51.5	30	20	44.5	79	9	40.5	9.5	26.5	41.5	52.5	61	32.5	64	35	12.5	30.5	66	42.5	52	16	7	50.5	71.5	21	72	45	26.5	0	42	26	54	50.5	62.5	38.5	28	26.5	50.5	
44	44	33.5	48.5	49	30.5	31	8	43	42	46.5	33	31.5	46.5	25.5	27.5	33.5	32.5	23.5	45	21.5	40.5	48.5	20	50	36.5	47	26.5	38	52	34.5	26.5	41	28	33	33	63	65.5	51.5	34.5	51.5	37.5	56.5	33	31.5	60	54.5	42	23	38.5	41	16	54	18.5	32.5	43.5	51.5	52	36	40.5	28	57.5	48	51.5	30	60	15.5	41	49	40.5	34.5	48.5	23.5	52.5	39	52.5	56	45	37.5	29.5	34	32.5	52	56	47	50.5	43.5	59	38	25	58.5	42	0	54	46	50.5	32.5	21.5	52	33.5	24.5	
80	80	69.5	24.5	85	58.5	67	46	37	12	72.5	69	52.5	70.5	61.5	51.5	57.5	56.5	47.5	9	42.5	43.5	27.5	56	4	45.5	21	57.5	42	82	70.5	62.5	77	64	57	49	31	33.5	87.5	70.5	32.5	61.5	20.5	69	67.5	34	90.5	28	39	39.5	35	52	30	54.5	56.5	24.5	30.5	82	72	64.5	44	81.5	36	75.5	54	6	46.5	77	35	64.5	33.5	29.5	59.5	76.5	75	28.5	88	9	36.5	50.5	70	66.5	76	20	21	74.5	79.5	5	74	61	30.5	26	54	0	78	74.5	68.5	52.5	2	34.5	60.5	
32	32	26.5	76.5	37	41.5	29	38	55	70	25.5	31	45.5	23.5	38.5	34.5	20.5	29.5	30.5	73	49.5	56.5	60.5	28	78	48.5	59	50.5	50	30	27.5	45.5	29	36	25	59	79	81.5	35.5	37.5	65.5	34.5	68.5	39	40.5	82	42.5	70	51	66.5	53	34	68	41.5	39.5	71.5	63.5	30	34	27.5	56	29.5	64	23.5	52	72	43.5	29	63	27.5	46.5	76.5	46.5	24.5	7	80.5	36	73	49.5	57.5	12	39.5	24	68	59	22.5	31.5	73	26	43	78.5	54	46	78	0	22.5	25.5	49.5	80	61.5	37.5	
35.5	24.5	35	85	24.5	38	37.5	56.5	51.5	86.5	22	35.5	42	20	43	31	17	26	27	83.5	62	53	57	46.5	78.5	45	55.5	47	46.5	16.5	34	42	27.5	40.5	21.5	55.5	75.5	78	13	34	62	31	65	35.5	37	78.5	24	76.5	65.5	65	49.5	52.5	64.5	50	36	80	60	16.5	32.5	24	60.5	11	60.5	1	48.5	68.5	58	32.5	59.5	24	43	75	45	16	29.5	81	17.5	83.5	46	54	34.5	36	10.5	64.5	55.5	14	21	69.5	30.5	43.5	75	50.5	50.5	74.5	22.5	0	36	52	76.5	70	44	
23.5	23.5	1	63	28.5	40	15.5	24.5	61.5	56.5	14	17.5	46	16	25	43	29	38	39	59.5	36	55	69	14.5	64.5	53	67.5	41	56.5	31.5	2	36	20.5	22.5	33.5	47.5	77.5	80	31	24	66	37	77	27.5	31	74.5	34	56.5	37.5	53	61.5	20.5	68.5	28	42	58	68	31.5	20.5	34	42.5	43	62.5	37	44.5	74.5	30	20.5	63.5	34	55	63	33	32	18.5	67	35.5	59.5	58	44	13.5	32	37.5	76.5	67.5	34	23	73.5	17.5	29.5	73	62.5	32.5	68.5	25.5	36	0	36	66.5	48	24	
47.5	47.5	37	47	52.5	34	34.5	13.5	39.5	40.5	50	36.5	10	48	29	29	35	34	25	43.5	20	39	45	23.5	48.5	33	43.5	5	34.5	55.5	38	30	44.5	31.5	34.5	31.5	61.5	64	55	38	50	39	53	36.5	35	58.5	58	40.5	21.5	37	37.5	19.5	52.5	22	34	42	48	55.5	39.5	42	26.5	59	46.5	53	28.5	56.5	6	44.5	47.5	42	31	47	27	54	42.5	51	59.5	43.5	34	28	37.5	36	53.5	52.5	43.5	52	47	57.5	41.5	28.5	57	38.5	21.5	52.5	49.5	52	36	0	50.5	32	28	
78	78	67.5	22.5	83	60.5	65	44	39	10	74.5	67	54.5	72.5	59.5	53.5	59.5	58.5	49.5	7	40.5	45.5	29.5	54	2	47.5	23	55.5	44	84	68.5	60.5	75	62	59	47	33	35.5	85.5	68.5	34.5	63.5	22.5	67	65.5	34	88.5	26	37	37.5	37	50	32	52.5	58.5	22.5	32.5	84	70	66.5	42	83.5	38	77.5	54	8	44.5	75	37	66.5	35.5	27.5	57.5	78.5	73	26.5	90	7	38.5	48.5	68	66.5	78	22	23	76.5	77.5	7	72	59	32.5	28	52	2	80	76.5	66.5	50.5	0	32.5	58.5	
59.5	59.5	49	29	64.5	46	46.5	25.5	32.5	22.5	62	48.5	42	64	41	47	53	52	43	25.5	22	31	33	35.5	30.5	39	31.5	37	37.5	67.5	50	42	56.5	43.5	52.5	28.5	43.5	46	67	50	32	53	41	48.5	47	40.5	70	22.5	18.5	5	30.5	31.5	34.5	34	48	24	34	67.5	51.5	60	23.5	77	28.5	71	35.5	40.5	26	56.5	29.5	60	29	29	39	68	54.5	33	71.5	25.5	32	30	49.5	48	71.5	40.5	31.5	70	59	39.5	53.5	40.5	39	26.5	33.5	34.5	61.5	70	48	32	32.5	0	40	
35.5	35.5	25	55	40.5	32	22.5	16.5	51.5	48.5	38	24.5	38	40	1	31	27	18	27	51.5	28	47	57	11.5	56.5	45	55.5	33	46.5	43.5	26	28	32.5	19.5	26.5	39.5	69.5	72	43	26	58	13	65	24.5	7	66.5	46	48.5	29.5	45	49.5	12.5	60.5	20	34	50	60	43.5	27.5	34	34.5	51	54.5	45	36.5	66.5	22	32.5	55.5	34	43	55	25	44	30.5	59	47.5	51.5	46	36	25.5	8	45.5	64.5	55.5	44	35	65.5	29.5	21.5	65	50.5	24.5	60.5	37.5	44	24	28	58.5	40	0	
