Number of items: 100
Horizon: 15
Time limit: 750
Load limit: 6000
Initial item inventory level
135
124
52
87
190
100
158
76
261
162
90
186
68
38
261
48
136
44
195
237
50
122
116
117
92
52
192
37
32
96
61
49
34
32
108
12
240
126
184
76
100
87
24
188
140
237
102
152
180
207
138
162
48
261
54
126
144
44
45
81
97
15
132
31
72
51
96
78
63
285
159
264
86
62
55
69
39
225
42
123
186
183
31
84
192
282
118
86
210
62
28
10
111
201
116
17
138
243
219
22
Maximum inventory capacity per item
180
186
104
174
285
150
237
114
348
216
135
248
102
76
348
72
204
88
260
316
75
183
174
156
184
78
256
74
64
128
122
98
68
64
144
24
320
189
276
152
150
116
48
282
210
316
153
228
240
276
184
243
96
348
81
189
216
66
90
162
194
30
176
62
96
68
192
156
126
380
212
352
129
124
110
92
78
300
84
164
279
244
62
168
256
376
177
172
280
93
42
20
148
268
174
34
184
324
292
44
Reserve storage replenishment rate per item and per period
270	0	0	270	0	0	270	0	0	270	0	0	270	0	0	
372	0	0	372	0	0	372	0	0	372	0	0	372	0	0	
312	0	0	312	0	0	312	0	0	312	0	0	312	0	0	
522	0	0	522	0	0	522	0	0	522	0	0	522	0	0	
570	0	0	570	0	0	570	0	0	570	0	0	570	0	0	
300	0	0	300	0	0	300	0	0	300	0	0	300	0	0	
474	0	0	474	0	0	474	0	0	474	0	0	474	0	0	
228	0	0	228	0	0	228	0	0	228	0	0	228	0	0	
522	0	0	522	0	0	522	0	0	522	0	0	522	0	0	
324	0	0	324	0	0	324	0	0	324	0	0	324	0	0	
270	0	0	270	0	0	270	0	0	270	0	0	270	0	0	
372	0	0	372	0	0	372	0	0	372	0	0	372	0	0	
204	0	0	204	0	0	204	0	0	204	0	0	204	0	0	
228	0	0	228	0	0	228	0	0	228	0	0	228	0	0	
522	0	0	522	0	0	522	0	0	522	0	0	522	0	0	
144	0	0	144	0	0	144	0	0	144	0	0	144	0	0	
408	0	0	408	0	0	408	0	0	408	0	0	408	0	0	
264	0	0	264	0	0	264	0	0	264	0	0	264	0	0	
390	0	0	390	0	0	390	0	0	390	0	0	390	0	0	
474	0	0	474	0	0	474	0	0	474	0	0	474	0	0	
150	0	0	150	0	0	150	0	0	150	0	0	150	0	0	
366	0	0	366	0	0	366	0	0	366	0	0	366	0	0	
348	0	0	348	0	0	348	0	0	348	0	0	348	0	0	
234	0	0	234	0	0	234	0	0	234	0	0	234	0	0	
552	0	0	552	0	0	552	0	0	552	0	0	552	0	0	
156	0	0	156	0	0	156	0	0	156	0	0	156	0	0	
384	0	0	384	0	0	384	0	0	384	0	0	384	0	0	
222	0	0	222	0	0	222	0	0	222	0	0	222	0	0	
192	0	0	192	0	0	192	0	0	192	0	0	192	0	0	
192	0	0	192	0	0	192	0	0	192	0	0	192	0	0	
366	0	0	366	0	0	366	0	0	366	0	0	366	0	0	
294	0	0	294	0	0	294	0	0	294	0	0	294	0	0	
204	0	0	204	0	0	204	0	0	204	0	0	204	0	0	
192	0	0	192	0	0	192	0	0	192	0	0	192	0	0	
216	0	0	216	0	0	216	0	0	216	0	0	216	0	0	
72	0	0	72	0	0	72	0	0	72	0	0	72	0	0	
480	0	0	480	0	0	480	0	0	480	0	0	480	0	0	
378	0	0	378	0	0	378	0	0	378	0	0	378	0	0	
552	0	0	552	0	0	552	0	0	552	0	0	552	0	0	
456	0	0	456	0	0	456	0	0	456	0	0	456	0	0	
300	0	0	300	0	0	300	0	0	300	0	0	300	0	0	
174	0	0	174	0	0	174	0	0	174	0	0	174	0	0	
144	0	0	144	0	0	144	0	0	144	0	0	144	0	0	
564	0	0	564	0	0	564	0	0	564	0	0	564	0	0	
420	0	0	420	0	0	420	0	0	420	0	0	420	0	0	
474	0	0	474	0	0	474	0	0	474	0	0	474	0	0	
306	0	0	306	0	0	306	0	0	306	0	0	306	0	0	
456	0	0	456	0	0	456	0	0	456	0	0	456	0	0	
360	0	0	360	0	0	360	0	0	360	0	0	360	0	0	
414	0	0	414	0	0	414	0	0	414	0	0	414	0	0	
276	0	0	276	0	0	276	0	0	276	0	0	276	0	0	
486	0	0	486	0	0	486	0	0	486	0	0	486	0	0	
288	0	0	288	0	0	288	0	0	288	0	0	288	0	0	
522	0	0	522	0	0	522	0	0	522	0	0	522	0	0	
162	0	0	162	0	0	162	0	0	162	0	0	162	0	0	
378	0	0	378	0	0	378	0	0	378	0	0	378	0	0	
432	0	0	432	0	0	432	0	0	432	0	0	432	0	0	
132	0	0	132	0	0	132	0	0	132	0	0	132	0	0	
270	0	0	270	0	0	270	0	0	270	0	0	270	0	0	
486	0	0	486	0	0	486	0	0	486	0	0	486	0	0	
582	0	0	582	0	0	582	0	0	582	0	0	582	0	0	
90	0	0	90	0	0	90	0	0	90	0	0	90	0	0	
264	0	0	264	0	0	264	0	0	264	0	0	264	0	0	
186	0	0	186	0	0	186	0	0	186	0	0	186	0	0	
144	0	0	144	0	0	144	0	0	144	0	0	144	0	0	
102	0	0	102	0	0	102	0	0	102	0	0	102	0	0	
576	0	0	576	0	0	576	0	0	576	0	0	576	0	0	
468	0	0	468	0	0	468	0	0	468	0	0	468	0	0	
378	0	0	378	0	0	378	0	0	378	0	0	378	0	0	
570	0	0	570	0	0	570	0	0	570	0	0	570	0	0	
318	0	0	318	0	0	318	0	0	318	0	0	318	0	0	
528	0	0	528	0	0	528	0	0	528	0	0	528	0	0	
258	0	0	258	0	0	258	0	0	258	0	0	258	0	0	
372	0	0	372	0	0	372	0	0	372	0	0	372	0	0	
330	0	0	330	0	0	330	0	0	330	0	0	330	0	0	
138	0	0	138	0	0	138	0	0	138	0	0	138	0	0	
234	0	0	234	0	0	234	0	0	234	0	0	234	0	0	
450	0	0	450	0	0	450	0	0	450	0	0	450	0	0	
252	0	0	252	0	0	252	0	0	252	0	0	252	0	0	
246	0	0	246	0	0	246	0	0	246	0	0	246	0	0	
558	0	0	558	0	0	558	0	0	558	0	0	558	0	0	
366	0	0	366	0	0	366	0	0	366	0	0	366	0	0	
186	0	0	186	0	0	186	0	0	186	0	0	186	0	0	
504	0	0	504	0	0	504	0	0	504	0	0	504	0	0	
384	0	0	384	0	0	384	0	0	384	0	0	384	0	0	
564	0	0	564	0	0	564	0	0	564	0	0	564	0	0	
354	0	0	354	0	0	354	0	0	354	0	0	354	0	0	
516	0	0	516	0	0	516	0	0	516	0	0	516	0	0	
420	0	0	420	0	0	420	0	0	420	0	0	420	0	0	
186	0	0	186	0	0	186	0	0	186	0	0	186	0	0	
84	0	0	84	0	0	84	0	0	84	0	0	84	0	0	
60	0	0	60	0	0	60	0	0	60	0	0	60	0	0	
222	0	0	222	0	0	222	0	0	222	0	0	222	0	0	
402	0	0	402	0	0	402	0	0	402	0	0	402	0	0	
348	0	0	348	0	0	348	0	0	348	0	0	348	0	0	
102	0	0	102	0	0	102	0	0	102	0	0	102	0	0	
276	0	0	276	0	0	276	0	0	276	0	0	276	0	0	
486	0	0	486	0	0	486	0	0	486	0	0	486	0	0	
438	0	0	438	0	0	438	0	0	438	0	0	438	0	0	
132	0	0	132	0	0	132	0	0	132	0	0	132	0	0	
Forward storage demand rate per item and per period
45	63	34	58	32	54	52	49	25	55	30	49	65	57	59	
62	36	56	45	88	38	38	118	4	13	31	95	81	13	77	
52	80	47	53	30	55	13	37	23	60	11	86	58	41	44	
87	93	6	37	68	56	89	108	124	83	41	101	75	163	85	
95	58	81	43	87	88	137	135	42	67	128	120	41	24	172	
50	45	16	21	81	61	11	47	55	64	91	48	14	38	13	
79	13	111	66	100	44	68	78	41	77	81	66	85	54	43	
38	36	23	13	38	56	42	28	69	29	21	40	48	13	24	
87	120	112	83	105	86	61	10	127	79	91	102	137	67	126	
54	54	80	45	50	27	56	76	11	56	35	58	32	90	38	
45	26	48	60	39	59	41	58	43	65	42	27	52	73	28	
62	47	69	48	84	63	118	62	18	78	43	54	82	65	33	
34	40	34	31	30	26	21	23	25	5	5	41	25	27	28	
38	26	4	44	39	24	28	23	43	41	58	33	31	32	27	
87	99	21	67	48	138	133	170	93	91	94	124	130	163	89	
24	39	34	15	33	16	41	42	10	3	35	41	23	37	15	
68	31	60	114	31	65	19	43	79	123	112	66	97	62	68	
44	55	72	45	49	26	24	53	49	37	13	27	40	70	36	
65	72	98	89	112	63	5	52	69	79	74	54	11	99	88	
79	86	12	59	42	124	125	69	95	96	115	88	117	118	43	
25	34	11	27	22	21	24	20	29	31	13	15	8	8	25	
61	104	22	43	65	50	57	47	109	84	80	47	64	18	50	
58	16	64	76	65	46	68	55	83	38	77	109	65	24	60	
39	22	66	26	34	47	32	13	32	54	24	29	36	50	20	
92	138	96	100	66	124	87	109	78	106	111	57	93	41	87	
26	31	6	30	11	19	27	30	26	39	29	19	24	19	28	
64	63	64	88	74	57	55	75	71	51	20	67	32	37	88	
37	25	49	24	61	17	42	43	26	59	29	13	19	15	53	
32	21	47	32	23	21	38	30	21	30	53	48	41	40	40	
32	8	29	41	49	44	60	52	36	58	44	39	25	15	25	
61	65	39	88	97	15	23	81	91	90	89	106	6	71	48	
49	90	32	14	8	90	59	65	33	75	36	32	31	83	41	
34	61	37	24	39	23	27	26	35	44	66	19	34	40	50	
32	34	45	57	36	25	41	26	42	44	60	35	46	32	16	
36	40	59	33	53	47	47	55	34	58	64	40	58	23	41	
12	5	6	9	22	3	8	12	16	14	21	7	11	6	17	
80	66	54	44	35	48	57	43	44	66	82	56	117	99	108	
63	30	54	81	69	118	90	76	110	79	96	71	57	91	62	
92	118	69	159	70	153	30	51	116	105	85	58	94	97	64	
76	119	68	60	105	40	76	51	86	119	68	66	80	120	109	
50	75	46	28	16	59	87	16	65	30	38	67	67	84	7	
29	51	10	30	35	48	45	20	12	39	16	52	29	19	11	
24	29	6	30	18	18	4	43	32	13	34	33	19	14	37	
94	74	81	66	85	77	141	50	91	144	93	102	70	36	147	
70	72	84	51	74	105	64	49	5	51	51	16	63	73	63	
79	75	56	97	55	102	75	143	48	101	83	93	116	54	88	
51	45	45	32	77	57	49	73	43	86	41	45	10	37	43	
76	47	61	28	105	48	117	111	70	102	12	39	61	106	61	
60	70	53	95	56	99	33	60	75	34	57	57	80	35	96	
69	48	88	79	62	127	67	55	65	42	61	47	65	57	81	
46	8	7	60	55	32	41	57	72	57	60	65	36	58	39	
81	63	35	108	37	93	106	19	74	47	47	91	46	16	66	
48	24	34	40	67	47	43	17	22	40	50	32	38	83	32	
87	72	42	71	85	52	131	51	130	105	117	99	99	65	130	
27	34	27	6	28	27	18	22	37	29	17	6	2	29	30	
63	59	71	95	98	87	58	20	29	44	48	29	69	12	34	
72	133	36	52	43	119	43	87	128	38	37	28	94	28	125	
22	20	31	22	36	10	16	4	22	28	28	9	26	27	30	
45	37	30	62	69	29	45	67	32	74	60	53	63	24	49	
81	55	50	96	37	101	130	105	57	112	92	32	127	35	75	
97	94	70	163	93	107	82	69	96	145	98	113	50	138	168	
15	10	8	29	20	12	22	12	22	8	15	18	13	7	16	
44	45	60	27	19	58	49	47	30	23	54	24	35	70	79	
31	50	45	40	18	13	24	10	16	30	29	56	26	28	40	
24	11	37	17	33	26	13	31	27	19	25	27	31	30	14	
17	23	16	5	15	20	19	15	22	8	26	17	11	13	9	
96	124	64	64	89	71	102	130	132	97	103	86	124	131	80	
78	71	73	84	84	141	79	87	60	134	88	43	100	106	75	
63	72	66	19	7	42	95	96	20	45	12	77	77	73	86	
95	111	84	85	124	83	94	60	149	117	113	84	36	92	91	
53	73	30	23	86	92	74	66	17	67	52	56	60	43	32	
88	83	24	42	106	47	91	136	104	119	103	73	64	80	56	
43	22	49	40	14	41	33	65	75	52	42	54	63	47	54	
62	69	36	51	79	30	65	47	68	54	64	101	18	81	44	
55	66	49	65	81	73	25	55	79	72	65	72	87	59	33	
23	23	30	23	25	8	21	31	32	5	16	26	14	31	23	
39	40	47	36	4	55	57	53	41	56	55	52	49	34	30	
75	27	88	58	60	28	67	28	97	62	85	56	129	56	58	
42	17	2	48	36	37	37	4	39	64	37	34	73	67	58	
41	13	60	54	42	25	43	28	39	39	44	7	51	37	69	
93	130	76	113	18	175	62	50	22	75	97	76	101	39	181	
61	40	56	75	43	62	43	39	50	45	32	78	76	76	54	
31	26	57	15	42	11	47	47	31	46	28	46	55	46	25	
84	55	79	119	55	122	81	100	27	48	40	50	61	74	26	
64	50	33	48	24	58	42	80	120	69	55	51	121	40	36	
94	113	123	58	119	96	41	110	57	159	51	96	61	134	64	
59	87	53	56	51	32	37	96	77	56	55	25	99	81	48	
86	23	53	117	60	148	89	61	51	89	103	16	124	113	105	
70	56	33	72	99	59	53	76	91	102	62	127	59	118	79	
31	16	27	10	10	14	53	56	13	50	23	22	43	35	25	
14	18	27	5	20	12	13	19	21	8	12	9	4	12	6	
10	17	9	2	10	9	6	10	11	8	6	14	8	15	9	
37	23	48	44	48	56	10	34	61	27	48	40	61	37	37	
67	73	50	81	12	86	18	19	48	61	64	114	130	71	57	
58	17	5	108	56	23	73	38	70	76	55	40	82	42	73	
17	6	11	6	7	19	16	13	14	3	6	18	10	23	14	
46	13	33	26	19	67	39	65	4	56	63	45	22	82	68	
81	76	18	117	39	19	95	60	88	49	121	17	101	79	40	
73	82	45	93	55	78	76	88	17	51	135	87	26	92	101	
22	34	24	16	29	21	9	29	19	30	28	17	25	9	21	
Distance matrix
0	22	17	56	73	67	12	93.5	74.5	85.5	57.5	77	77.5	27	60.5	14.5	35.5	99	29	66.5	29	68	37.5	42	59.5	59	59	11	25.5	38.5	59	62	40	36	17.5	62	52.5	82.5	42	74	60	85.5	56.5	65.5	74.5	79.5	36	69.5	58	57.5	92	40.5	56	23.5	50.5	63	42	31.5	41	19.5	53.5	67	47.5	41	42.5	39	27.5	1	29.5	30.5	44	28.5	15.5	70.5	18.5	43	14.5	57	100.5	51	20	51.5	95	17.5	44.5	17.5	63.5	62	29.5	64.5	68	69	67.5	26	89	31	50.5	30	25.5	58.5	73.5	
22	0	19	52	65	69	34	79.5	76.5	87.5	59.5	61	79.5	31	62.5	21.5	22.5	79	7	56.5	7	70	39.5	26	61.5	61	59	11	32.5	40.5	49	64	42	38	34.5	56	50.5	60.5	44	76	48	67.5	58.5	67.5	58.5	63.5	14	71.5	60	35.5	76	42.5	58	25.5	52.5	65	36	31.5	27	26.5	49.5	51	45.5	43	44.5	17	29.5	23	28.5	27.5	44	30.5	17.5	52.5	20.5	35	31.5	41	82.5	53	22	53.5	83	34.5	38.5	19.5	65.5	56	28.5	66.5	50	71	55.5	32	69	33	52.5	28	32.5	54.5	75.5	
17	19	0	43	60	54	29	80.5	61.5	72.5	44.5	64	64.5	34	47.5	16.5	37.5	84	26	53.5	26	55	24.5	25	46.5	46	46	8	27.5	25.5	46	49	27	23	29.5	49	39.5	65.5	29	61	47	72.5	43.5	52.5	61.5	66.5	33	56.5	45	40.5	79	27.5	43	10.5	37.5	50	29	23.5	24	21.5	40.5	54	34.5	28	29.5	34	14.5	18	31.5	42.5	31	15.5	7.5	57.5	5.5	30	26.5	44	87.5	38	3	38.5	82	29.5	31.5	9.5	50.5	49	41.5	51.5	55	56	54.5	43	74	14	37.5	37	37.5	45.5	60.5	
56	52	43	0	31	53	62	45.5	44.5	53.5	31.5	27	63.5	47	46.5	55.5	38.5	45	45	22.5	45	36	36.5	32	45.5	45	25	47	48.5	24.5	3	42	16	38	56.5	22	21.5	26.5	32	60	4	33.5	42.5	51.5	24.5	29.5	38	55.5	44	16.5	42	31.5	42	34.5	28.5	49	32	42.5	33	54.5	20.5	17	26.5	33	31.5	35	46.5	57	44.5	43.5	30	39.5	46.5	18.5	39.5	31	59.5	17	48.5	37	46	27.5	49	56.5	29.5	48.5	45.5	22	44.5	44.5	16	55	21.5	48	35	43	36.5	44	48.5	20.5	45.5	
73	65	60	31	0	40	75	28.5	27.5	36.5	29.5	4	50.5	60	33.5	72.5	51.5	28	58	20.5	58	5	49.5	45	32.5	14	28	64	61.5	36.5	28	11	43	51	69.5	25	34.5	9.5	45	43	27	16.5	30.5	36.5	12.5	12.5	51	42.5	31	29.5	25	46.5	17	51.5	36.5	36	45	55.5	46	67.5	33.5	20	39.5	46	44.5	48	59.5	74	57.5	56.5	43	56.5	63.5	16.5	56.5	44	72.5	30	31.5	34	63	35.5	32	69.5	42.5	65.5	28.5	25	57.5	27.5	19	38	19.5	61	18	56	28.5	57	61.5	28.5	28.5	
67	69	54	53	40	0	79	30.5	26.5	22.5	39.5	44	14.5	84	12.5	66.5	87.5	34	76	48.5	76	35	59.5	79	21.5	26	46	58	77.5	30.5	56	29	37	63	79.5	49	54.5	40.5	59	7	57	37.5	28.5	17.5	46.5	41.5	83	6.5	15	65.5	25	42.5	23	45.5	42.5	10	69	73.5	78	71.5	55.5	54	59.5	48	44.5	84	59.5	68	81.5	92.5	61	50.5	57.5	52.5	50.5	70	76.5	64	37.5	28	57	43.5	32	79.5	66.5	59.5	25.5	49	91.5	26.5	55	16	49.5	93	34	68	22.5	87	87.5	50.5	25.5	
12	34	29	62	75	79	0	89.5	86.5	97.5	69.5	71	89.5	31	72.5	26.5	27.5	89	39	66.5	39	80	49.5	36	71.5	71	69	23	37.5	50.5	59	74	52	48	29.5	66	60.5	70.5	54	86	58	77.5	68.5	77.5	68.5	73.5	32	81.5	70	45.5	86	52.5	68	35.5	62.5	75	46	41.5	37	31.5	59.5	61	55.5	53	54.5	29	39.5	11	33.5	22.5	54	40.5	27.5	62.5	30.5	45	26.5	51	92.5	63	32	63.5	93	29.5	48.5	29.5	75.5	66	23.5	76.5	60	81	65.5	14	79	43	62.5	28	27.5	64.5	85.5	
93.5	79.5	80.5	45.5	28.5	30.5	89.5	0	27	8	44	24.5	34	74.5	39	87	66	7.5	72.5	35	72.5	33.5	64	59.5	42	42.5	42.5	84.5	76	57	42.5	39.5	61.5	65.5	84	39.5	49	19	59.5	27.5	41.5	16	45	36	27	22	65.5	24	41.5	44	9.5	61	45.5	72	51	36.5	59.5	70	60.5	82	48	34.5	54	60.5	59	62.5	74	94.5	72	71	57.5	73	84	31	77	58.5	87	44.5	11	50.5	81.5	50	11.5	84	57	84	38	39.5	72	37	33.5	32.5	34	75.5	12.5	70.5	49	71.5	76	43	28	
74.5	76.5	61.5	44.5	27.5	26.5	86.5	27	0	35	43	23.5	37	73.5	14	74	65	26.5	71.5	34	71.5	32.5	63	58.5	29	33.5	41.5	65.5	75	38	41.5	36.5	44.5	64.5	83	38.5	48	18	58.5	33.5	40.5	11	36	9	26	21	64.5	29	22.5	43	23.5	50	30.5	53	50	22.5	58.5	69	59.5	79	47	33.5	53	55.5	52	61.5	67	75.5	71	70	56.5	58	65	30	58	57.5	84	43.5	30	35.5	64.5	49	30.5	83	56	67	33	38.5	71	34	32.5	28.5	33	74.5	16.5	69.5	30	70.5	75	42	1	
85.5	87.5	72.5	53.5	36.5	22.5	97.5	8	35	0	52	32.5	28	82.5	31	85	74	15.5	80.5	43	80.5	41.5	72	67.5	40	44.5	50.5	76.5	84	49	50.5	47.5	55.5	73.5	92	47.5	57	27	67.5	29.5	49.5	24	47	36	35	30	73.5	16	33.5	52	17.5	61	41.5	64	59	28.5	67.5	78	68.5	90	56	42.5	62	66.5	63	70.5	78	86.5	80	79	65.5	69	76	39	69	66.5	95	52.5	19	46.5	75.5	58	19.5	92	65	78	44	47.5	80	45	41.5	34.5	42	83.5	20.5	78.5	41	79.5	84	51	36	
57.5	59.5	44.5	31.5	29.5	39.5	69.5	44	43	52	0	25.5	50	60.5	33	57	52	43.5	58.5	9	58.5	34.5	50	45.5	32	31.5	28.5	48.5	62	21	28.5	34.5	27.5	51.5	70	25.5	35	25	45.5	46.5	27.5	32	29	38	23	28	51.5	42	30.5	30	40.5	33	28.5	36	33	35.5	45.5	56	46.5	62	34	20.5	40	38.5	35	48.5	50	58.5	58	57	43.5	41	48	13	41	44.5	67	30.5	47	23.5	47.5	34	47.5	70	43	50	36	25.5	58	37	19.5	41.5	10	61.5	33.5	56.5	23	57.5	62	29	44	
77	61	64	27	4	44	71	24.5	23.5	32.5	25.5	0	50.5	56	37.5	68.5	47.5	24	54	16.5	54	9	45.5	41	28.5	18	24	68	57.5	40.5	24	15	43	47	65.5	21	30.5	5.5	41	39	23	12.5	26.5	32.5	8.5	8.5	47	46.5	35	25.5	21	42.5	21	55.5	32.5	40	41	51.5	42	63.5	29.5	16	35.5	42	40.5	44	55.5	78	53.5	52.5	39	54.5	67.5	12.5	60.5	40	68.5	26	27.5	32	63	31.5	28	65.5	38.5	65.5	24.5	21	53.5	23.5	15	34	15.5	57	14	52	32.5	53	57.5	24.5	24.5	
77.5	79.5	64.5	63.5	50.5	14.5	89.5	34	37	28	50	50.5	0	94.5	23	77	92	28.5	86.5	59	86.5	45.5	70	85.5	32	36.5	56.5	68.5	88	41	66.5	39.5	47.5	73.5	90	59.5	65	45	69.5	21.5	67.5	42	39	28	53	48	91.5	12	25.5	70	35.5	53	33.5	56	53	20.5	79.5	84	86.5	82	66	60.5	70	58.5	55	88.5	70	78.5	92	97	71.5	61	68	57	61	80.5	87	70.5	23	38.5	67.5	54	32.5	90	77	70	36	59.5	98	37	59.5	26.5	60	101.5	38.5	78.5	33	97.5	98	61	36	
27	31	34	47	60	84	31	74.5	73.5	82.5	60.5	56	94.5	0	77.5	31.5	12.5	74	24	51.5	24	65	40.5	21	76.5	74	54	28	22.5	55.5	44	71	57	37	25.5	51	45.5	55.5	41	89	43	62.5	71.5	82.5	53.5	58.5	17	86.5	75	30.5	71	57.5	73	40.5	57.5	80	31	26.5	22	28.5	44.5	46	40.5	52	55.5	14	40.5	28	18.5	12.5	39	45.5	32.5	47.5	35.5	30	28.5	36	77.5	68	37	56.5	78	25.5	33.5	34.5	74.5	51	13.5	73.5	45	84	50.5	17	64	32	67.5	3	17.5	49.5	74.5	
60.5	62.5	47.5	46.5	33.5	12.5	72.5	39	14	31	33	37.5	23	77.5	0	60	79	40.5	69.5	42	69.5	28.5	53	72.5	15	19.5	39.5	51.5	71	24	49.5	22.5	30.5	56.5	73	42.5	48	32	52.5	19.5	50.5	25	22	5	40	35	76.5	15	8.5	57	37.5	36	16.5	39	36	8.5	62.5	67	71.5	65	49	47.5	53	41.5	38	75.5	53	61.5	75	84	54.5	44	51	44	44	63.5	70	57.5	44	21.5	50.5	37	40.5	73	60	53	19	42.5	85	20	46.5	14.5	43	86.5	30.5	61.5	16	80.5	81	44	13	
14.5	21.5	16.5	55.5	72.5	66.5	26.5	87	74	85	57	68.5	77	31.5	60	0	21	86.5	28.5	64	28.5	67.5	37	33.5	59	58.5	58.5	10.5	11	38	56.5	61.5	39.5	35.5	27	61.5	52	68	41.5	73.5	55.5	75	56	65	66	71	29.5	69	57.5	43	83.5	40	55.5	23	50	62.5	41.5	31	34.5	5	53	58.5	47	40.5	42	26.5	27	15.5	15	30	43.5	28	15	60	18	42.5	24	48.5	90	50.5	19.5	51	90.5	27	44	17	63	61.5	31	64	57.5	68.5	63	34.5	76.5	30.5	50	30.5	35	58	73	
35.5	22.5	37.5	38.5	51.5	87.5	27.5	66	65	74	52	47.5	92	12.5	79	21	0	65.5	15.5	43	15.5	56.5	32	12.5	70	65.5	45.5	31.5	10	59	35.5	62.5	54.5	28.5	22	42.5	37	47	32.5	80.5	34.5	54	63	74	45	50	8.5	90	76.5	22	62.5	49	68.5	44	49	81.5	22.5	18	13.5	16	36	37.5	32	43.5	47	5.5	32	36.5	6	9	30.5	41	34	39	39	21.5	25	27.5	69	63.5	34.5	48	69.5	22	25	32	66	42.5	10	65	36.5	75.5	42	13.5	55.5	23.5	69	9.5	14	41	66	
99	79	84	45	28	34	89	7.5	26.5	15.5	43.5	24	28.5	74	40.5	86.5	65.5	0	72	34.5	72	33	63.5	59	41.5	42	42	90	75.5	62.5	42	39	61	65	83.5	39	48.5	18.5	59	27	41	15.5	44.5	35.5	26.5	21.5	65	31.5	43	43.5	9	60.5	45	77.5	50.5	38	59	69.5	60	81.5	47.5	34	53.5	60	58.5	62	73.5	100	71.5	70.5	57	72.5	85.5	30.5	82.5	58	86.5	44	5.5	50	81	49.5	4	83.5	56.5	83.5	37.5	39	71.5	36.5	33	32	33.5	75	12	70	50.5	71	75.5	42.5	27.5	
29	7	26	45	58	76	39	72.5	71.5	80.5	58.5	54	86.5	24	69.5	28.5	15.5	72	0	49.5	0	63	38.5	19	68.5	68	52	18	25.5	47.5	42	69	49	35	33.5	49	43.5	53.5	39	83	41	60.5	65.5	74.5	51.5	56.5	7	78.5	67	28.5	69	49.5	65	32.5	55.5	72	29	24.5	20	31.5	42.5	44	38.5	50	51.5	10	36.5	30	21.5	20.5	37	37.5	24.5	45.5	27.5	28	36.5	34	75.5	60	29	54.5	76	33.5	31.5	26.5	72.5	49	21.5	71.5	43	78	48.5	25	62	30	59.5	21	25.5	47.5	72.5	
66.5	56.5	53.5	22.5	20.5	48.5	66.5	35	34	43	9	16.5	59	51.5	42	64	43	34.5	49.5	0	49.5	25.5	41	36.5	39	34.5	19.5	57.5	53	30	19.5	31.5	36.5	42.5	61	16.5	26	16	36.5	49.5	18.5	23	32	43	14	19	42.5	51	39.5	21	31.5	38	37.5	45	28	44.5	36.5	47	37.5	59	25	11.5	31	37.5	36	39.5	51	67.5	49	48	34.5	50	57	4	50	35.5	64	21.5	38	32.5	56.5	27	38.5	61	34	59	35	16.5	49	34	10.5	44.5	1	52.5	24.5	47.5	32	48.5	53	20	35	
29	7	26	45	58	76	39	72.5	71.5	80.5	58.5	54	86.5	24	69.5	28.5	15.5	72	0	49.5	0	63	38.5	19	68.5	68	52	18	25.5	47.5	42	69	49	35	33.5	49	43.5	53.5	39	83	41	60.5	65.5	74.5	51.5	56.5	7	78.5	67	28.5	69	49.5	65	32.5	55.5	72	29	24.5	20	31.5	42.5	44	38.5	50	51.5	10	36.5	30	21.5	20.5	37	37.5	24.5	45.5	27.5	28	36.5	34	75.5	60	29	54.5	76	33.5	31.5	26.5	72.5	49	21.5	71.5	43	78	48.5	25	62	30	59.5	21	25.5	47.5	72.5	
68	70	55	36	5	35	80	33.5	32.5	41.5	34.5	9	45.5	65	28.5	67.5	56.5	33	63	25.5	63	0	54.5	50	27.5	9	33	59	66.5	31.5	33	6	38	56	74.5	30	39.5	14.5	50	42	32	21.5	29.5	33.5	17.5	17.5	56	37.5	26	34.5	30	43.5	12	46.5	41.5	31	50	60.5	51	72.5	38.5	25	44.5	49	45.5	53	60.5	69	62.5	61.5	48	51.5	58.5	21.5	51.5	49	77.5	35	36.5	29	58	40.5	37	74.5	47.5	60.5	31.5	30	62.5	32.5	24	37	24.5	66	23	61	23.5	62	66.5	33.5	33.5	
37.5	39.5	24.5	36.5	49.5	59.5	49.5	64	63	72	50	45.5	70	40.5	53	37	32	63.5	38.5	41	38.5	54.5	0	25.5	52	51.5	43.5	28.5	42	31	33.5	54.5	32.5	31.5	50	40.5	35	45	30.5	66.5	32.5	52	49	58	43	48	31.5	62	50.5	20	60.5	33	48.5	14	43	55.5	25.5	36	26.5	42	34	35.5	30	33.5	35	28.5	30	38.5	38	37	28.5	9	28	37	21	24.5	47	25.5	67	43.5	27.5	44	67.5	50	7	30	56	40.5	38	57	34.5	61.5	40	41.5	53.5	36.5	43	37.5	42	39	64	
42	26	25	32	45	79	36	59.5	58.5	67.5	45.5	41	85.5	21	72.5	33.5	12.5	59	19	36.5	19	50	25.5	0	63.5	59	39	33	22.5	50.5	29	56	48	22	30.5	36	30.5	40.5	26	74	28	47.5	56.5	67.5	38.5	43.5	12	81.5	70	15.5	56	42.5	62	35.5	42.5	75	16	16.5	1	28.5	29.5	31	25.5	37	40.5	9	25.5	43	18.5	17.5	24	34.5	32.5	32.5	30.5	15	33.5	21	62.5	57	22	41.5	63	30.5	18.5	30.5	59.5	36	18.5	58.5	30	69	35.5	22	49	11	62.5	18	22.5	34.5	59.5	
59.5	61.5	46.5	45.5	32.5	21.5	71.5	42	29	40	32	28.5	32	76.5	15	59	70	41.5	68.5	39	68.5	27.5	52	63.5	0	18.5	38.5	50.5	70	23	46.5	21.5	29.5	55.5	72	41.5	47	23	51.5	28.5	45.5	30	21	20	31	20	69.5	24	12.5	48	38.5	35	15.5	38	35	17.5	61.5	66	64.5	64	48	38.5	52	40.5	37	66.5	52	60.5	74	75	53.5	43	50	35	43	62.5	69	48.5	45	20.5	49.5	36	45.5	72	59	52	4	41.5	76	5	37.5	23.5	38	79.5	31.5	60.5	15	75.5	80	43	28	
59	61	46	45	14	26	71	42.5	33.5	44.5	31.5	18	36.5	74	19.5	58.5	65.5	42	68	34.5	68	9	51.5	59	18.5	0	38	50	69.5	22.5	42	3	29	55	71.5	39	46.5	23.5	51	33	41	30.5	20.5	24.5	26.5	26.5	65	28.5	17	43.5	39	34.5	3	37.5	34.5	22	59	65.5	60	63.5	47.5	34	51.5	40	36.5	62	51.5	60	71.5	70.5	53	42.5	49.5	30.5	42.5	58	68.5	44	45.5	20	49	35.5	46	71.5	56.5	51.5	22.5	39	71.5	23.5	33	28	33.5	75	32	60	14.5	71	75.5	42.5	32.5	
59	59	46	25	28	46	69	42.5	41.5	50.5	28.5	24	56.5	54	39.5	58.5	45.5	42	52	19.5	52	33	43.5	39	38.5	38	0	50	55.5	22.5	22	39	29	45	63.5	3	28.5	23.5	39	53	21	30.5	35.5	44.5	21.5	26.5	45	48.5	37	23.5	39	34.5	35	37.5	30.5	42	39	49.5	40	61.5	27.5	8	33.5	40	36.5	42	51.5	60	51.5	50.5	37	42.5	49.5	15.5	42.5	38	66.5	24	45.5	30	49	29.5	46	63.5	36.5	51.5	42.5	3	51.5	41.5	9	48	18.5	55	32	50	29.5	51	55.5	22.5	42.5	
11	11	8	47	64	58	23	84.5	65.5	76.5	48.5	68	68.5	28	51.5	10.5	31.5	90	18	57.5	18	59	28.5	33	50.5	50	50	0	21.5	29.5	50	53	31	27	23.5	53	43.5	71.5	33	65	51	76.5	47.5	56.5	65.5	70.5	25	60.5	49	46.5	83	31.5	47	14.5	41.5	54	33	22.5	32	15.5	44.5	58	38.5	32	33.5	28	18.5	12	25.5	36.5	35	19.5	6.5	61.5	9.5	34	20.5	48	91.5	42	11	42.5	86	23.5	35.5	8.5	54.5	53	35.5	55.5	59	60	58.5	37	80	22	41.5	31	31.5	49.5	64.5	
25.5	32.5	27.5	48.5	61.5	77.5	37.5	76	75	84	62	57.5	88	22.5	71	11	10	75.5	25.5	53	25.5	66.5	42	22.5	70	69.5	55.5	21.5	0	49	45.5	72.5	50.5	38.5	32	52.5	47	57	42.5	84.5	44.5	64	67	76	55	60	18.5	80	68.5	32	72.5	51	66.5	34	59	73.5	32.5	28	23.5	6	46	47.5	42	51.5	53	15.5	38	26.5	4	19	40.5	39	26	49	29	31.5	35	37.5	79	61.5	30.5	58	79.5	32	35	28	74	52.5	20	75	46.5	79.5	52	23.5	65.5	33.5	61	19.5	24	51	76	
38.5	40.5	25.5	24.5	36.5	30.5	50.5	57	38	49	21	40.5	41	55.5	24	38	59	62.5	47.5	30	47.5	31.5	31	50.5	23	22.5	22.5	29.5	49	0	27.5	25.5	8.5	34.5	51	25.5	26	44	30.5	37.5	28.5	49	20	29	38	43	54.5	33	21.5	39	55.5	14	19.5	17	12	26.5	40.5	45	49.5	43	27	30.5	31	19.5	16	57.5	31	39.5	53	64	32.5	22	29	34	22	41.5	48	35.5	64	14.5	28.5	13	58.5	51	38	31	27	25.5	63	28	31.5	32.5	31	64.5	52.5	39.5	14	58.5	59	20	37	
59	49	46	3	28	56	59	42.5	41.5	50.5	28.5	24	66.5	44	49.5	56.5	35.5	42	42	19.5	42	33	33.5	29	46.5	42	22	50	45.5	27.5	0	39	19	35	53.5	19	18.5	23.5	29	57	1	30.5	39.5	50.5	21.5	26.5	35	58.5	47	13.5	39	30.5	45	37.5	25.5	52	29	39.5	30	51.5	17.5	14	23.5	30	28.5	32	43.5	60	41.5	40.5	27	42.5	49.5	15.5	42.5	28	56.5	14	45.5	40	49	24.5	46	53.5	26.5	51.5	42.5	19	41.5	41.5	13	52	18.5	45	32	40	39.5	41	45.5	17.5	42.5	
62	64	49	42	11	29	74	39.5	36.5	47.5	34.5	15	39.5	71	22.5	61.5	62.5	39	69	31.5	69	6	54.5	56	21.5	3	39	53	72.5	25.5	39	0	32	58	74.5	36	45.5	20.5	54	36	38	27.5	23.5	27.5	23.5	23.5	62	31.5	20	40.5	36	37.5	6	40.5	37.5	25	56	66.5	57	66.5	44.5	31	50.5	43	39.5	59	54.5	63	68.5	67.5	54	45.5	52.5	27.5	45.5	55	71.5	41	42.5	23	52	38.5	43	74.5	53.5	54.5	25.5	36	68.5	26.5	30	31	30.5	72	29	63	17.5	68	72.5	39.5	35.5	
40	42	27	16	43	37	52	61.5	44.5	55.5	27.5	43	47.5	57	30.5	39.5	54.5	61	49	36.5	49	38	32.5	48	29.5	29	29	31	50.5	8.5	19	32	0	36	52.5	32	27.5	42.5	32	44	20	49.5	26.5	35.5	40.5	45.5	54	39.5	28	32.5	58	15.5	26	18.5	20.5	33	42	46.5	49	44.5	28.5	33	32.5	21	17.5	51	32.5	41	54.5	59.5	34	23.5	30.5	34.5	23.5	43	49.5	33	64.5	21	30	21.5	65	52.5	39.5	32.5	33.5	32	60.5	34.5	32	39	37.5	64	51	41	20.5	60	60.5	28.5	43.5	
36	38	23	38	51	63	48	65.5	64.5	73.5	51.5	47	73.5	37	56.5	35.5	28.5	65	35	42.5	35	56	31.5	22	55.5	55	45	27	38.5	34.5	35	58	36	0	46.5	42	36.5	46.5	32	70	34	53.5	52.5	61.5	44.5	49.5	28	65.5	54	21.5	62	36.5	52	19.5	46.5	59	6	32.5	23	40.5	35.5	37	31.5	37	38.5	25	28.5	37	34.5	33.5	30	24.5	26.5	38.5	19.5	7	45.5	27	68.5	47	26	47.5	69	46.5	24.5	28.5	59.5	42	34.5	60.5	36	65	41.5	38	55	33	46.5	34	38.5	40.5	65.5	
17.5	34.5	29.5	56.5	69.5	79.5	29.5	84	83	92	70	65.5	90	25.5	73	27	22	83.5	33.5	61	33.5	74.5	50	30.5	72	71.5	63.5	23.5	32	51	53.5	74.5	52.5	46.5	0	60.5	55	65	50.5	86.5	52.5	72	69	78	63	68	26.5	82	70.5	40	80.5	53	68.5	36	63	75.5	40.5	36	31.5	32	54	55.5	50	53.5	55	23.5	40	18.5	28	13	48.5	41	28	57	31	39.5	3	45.5	87	63.5	32.5	64	87.5	0	43	30	76	60.5	12	77	54.5	81.5	60	21.5	73.5	41.5	63	22.5	8	59	84	
62	56	49	22	25	49	66	39.5	38.5	47.5	25.5	21	59.5	51	42.5	61.5	42.5	39	49	16.5	49	30	40.5	36	41.5	39	3	53	52.5	25.5	19	36	32	42	60.5	0	25.5	20.5	36	54	18	27.5	36.5	47.5	18.5	23.5	42	51.5	40	20.5	36	37.5	38	40.5	27.5	45	36	46.5	37	58.5	24.5	5	30.5	37	35.5	39	50.5	63	48.5	47.5	34	45.5	52.5	12.5	45.5	35	63.5	21	42.5	33	52	26.5	43	60.5	33.5	54.5	39.5	0	48.5	38.5	6	49	15.5	52	29	47	32.5	48	52.5	19.5	39.5	
52.5	50.5	39.5	21.5	34.5	54.5	60.5	49	48	57	35	30.5	65	45.5	48	52	37	48.5	43.5	26	43.5	39.5	35	30.5	47	46.5	28.5	43.5	47	26	18.5	45.5	27.5	36.5	55	25.5	0	30	30.5	61.5	17.5	37	44	53	28	33	36.5	57	45.5	15	45.5	12	43.5	31	32	50.5	30.5	41	31.5	53	1	20.5	25	31.5	10	33.5	45	53.5	43	42	28.5	36	43	22	36	29.5	58	15.5	52	38.5	42.5	31	52.5	55	28	45	49	25.5	43	48	19.5	56.5	25	46.5	38.5	41.5	38	42.5	47	24	49	
82.5	60.5	65.5	26.5	9.5	40.5	70.5	19	18	27	25	5.5	45	55.5	32	68	47	18.5	53.5	16	53.5	14.5	45	40.5	23	23.5	23.5	71.5	57	44	23.5	20.5	42.5	46.5	65	20.5	30	0	40.5	33.5	22.5	7	26	27	8	3	46.5	43	29.5	25	15.5	42	26.5	59	32	34.5	40.5	51	41.5	63	29	15.5	35	41.5	40	43.5	55	81.5	53	52	38.5	54	67	12	64	39.5	68	25.5	22	31.5	62.5	31	22.5	65	38	65	19	20.5	53	18	14.5	28.5	15	56.5	8.5	51.5	32	52.5	57	24	19	
42	44	29	32	45	59	54	59.5	58.5	67.5	45.5	41	69.5	41	52.5	41.5	32.5	59	39	36.5	39	50	30.5	26	51.5	51	39	33	42.5	30.5	29	54	32	32	50.5	36	30.5	40.5	0	66	28	47.5	48.5	57.5	38.5	43.5	32	61.5	50	15.5	56	32.5	48	20.5	42.5	55	26	36.5	27	46.5	29.5	31	25.5	33	34.5	29	34.5	43	38.5	37.5	2	25.5	32.5	32.5	25.5	25	51.5	21	62.5	43	32	41.5	63	50.5	23.5	34.5	55.5	36	38.5	56.5	30	61	35.5	42	49	37	42.5	38	42.5	34.5	59.5	
74	76	61	60	43	7	86	27.5	33.5	29.5	46.5	39	21.5	89	19.5	73.5	80.5	27	83	49.5	83	42	66.5	74	28.5	33	53	65	84.5	37.5	57	36	44	70	86.5	54	61.5	33.5	66	0	56	30.5	35.5	24.5	41.5	36.5	80	13.5	22	58.5	18	49.5	30	52.5	49.5	17	74	80.5	75	78.5	62.5	49	66.5	55	51.5	77	66.5	75	86.5	85.5	68	57.5	64.5	45.5	57.5	73	83.5	59	30.5	35	64	50.5	31	86.5	71.5	66.5	32.5	54	86.5	33.5	48	23	48.5	90	27	75	29.5	86	90.5	57.5	32.5	
60	48	47	4	27	57	58	41.5	40.5	49.5	27.5	23	67.5	43	50.5	55.5	34.5	41	41	18.5	41	32	32.5	28	45.5	41	21	51	44.5	28.5	1	38	20	34	52.5	18	17.5	22.5	28	56	0	29.5	38.5	49.5	20.5	25.5	34	59.5	48	12.5	38	29.5	44	38.5	24.5	53	28	38.5	29	50.5	16.5	13	22.5	29	27.5	31	42.5	61	40.5	39.5	26	41.5	50.5	14.5	43.5	27	55.5	13	44.5	39	50	23.5	45	52.5	25.5	52.5	41.5	18	40.5	40.5	12	51	17.5	44	31	39	40.5	40	44.5	16.5	41.5	
85.5	67.5	72.5	33.5	16.5	37.5	77.5	16	11	24	32	12.5	42	62.5	25	75	54	15.5	60.5	23	60.5	21.5	52	47.5	30	30.5	30.5	76.5	64	49	30.5	27.5	49.5	53.5	72	27.5	37	7	47.5	30.5	29.5	0	33	20	15	10	53.5	40	31.5	32	12.5	49	33.5	64	39	31.5	47.5	58	48.5	70	36	22.5	42	48.5	47	50.5	62	86.5	60	59	45.5	61	74	19	69	46.5	75	32.5	19	38.5	69.5	38	19.5	72	45	72	26	27.5	60	25	21.5	25.5	22	63.5	5.5	58.5	39	59.5	64	31	12	
56.5	58.5	43.5	42.5	30.5	28.5	68.5	45	36	47	29	26.5	39	71.5	22	56	63	44.5	65.5	32	65.5	29.5	49	56.5	21	20.5	35.5	47.5	67	20	39.5	23.5	26.5	52.5	69	36.5	44	26	48.5	35.5	38.5	33	0	27	18	29	62.5	31	19.5	41	41.5	32	17.5	35	32	24.5	56.5	63	57.5	61	45	31.5	49	37.5	34	59.5	49	57.5	69	68	50.5	40	47	28	40	55.5	66	41.5	48	17.5	46.5	33	48.5	69	54	49	25	36.5	69	26	30.5	30.5	31	72.5	34.5	57.5	6	68.5	73	40	35	
65.5	67.5	52.5	51.5	36.5	17.5	77.5	36	9	36	38	32.5	28	82.5	5	65	74	35.5	74.5	43	74.5	33.5	58	67.5	20	24.5	44.5	56.5	76	29	50.5	27.5	35.5	61.5	78	47.5	53	27	57.5	24.5	49.5	20	27	0	35	30	73.5	20	13.5	52	32.5	41	21.5	44	41	13.5	67.5	72	68.5	70	54	42.5	58	46.5	43	70.5	58	66.5	80	79	59.5	49	56	39	49	66.5	75	52.5	39	26.5	55.5	42	39.5	78	65	58	24	47.5	80	25	41.5	19.5	42	83.5	25.5	66.5	21	79.5	84	49	8	
74.5	58.5	61.5	24.5	12.5	46.5	68.5	27	26	35	23	8.5	53	53.5	40	66	45	26.5	51.5	14	51.5	17.5	43	38.5	31	26.5	21.5	65.5	55	38	21.5	23.5	40.5	44.5	63	18.5	28	8	38.5	41.5	20.5	15	18	35	0	11	44.5	49	37.5	23	23.5	40	29.5	53	30	42.5	38.5	49	39.5	61	27	13.5	33	39.5	38	41.5	53	75.5	51	50	36.5	52	65	10	58	37.5	66	23.5	30	29.5	60.5	29	30.5	63	36	63	27	18.5	51	26	12.5	36.5	13	54.5	16.5	49.5	24	50.5	55	22	27	
79.5	63.5	66.5	29.5	12.5	41.5	73.5	22	21	30	28	8.5	48	58.5	35	71	50	21.5	56.5	19	56.5	17.5	48	43.5	20	26.5	26.5	70.5	60	43	26.5	23.5	45.5	49.5	68	23.5	33	3	43.5	36.5	25.5	10	29	30	11	0	49.5	44	32.5	28	18.5	45	29.5	58	35	37.5	43.5	54	44.5	66	32	18.5	38	44.5	43	46.5	58	80.5	56	55	41.5	57	70	15	63	42.5	71	28.5	25	34.5	65.5	34	25.5	68	41	68	16	23.5	56	15	17.5	31.5	18	59.5	11.5	54.5	35	55.5	60	27	22	
36	14	33	38	51	83	32	65.5	64.5	73.5	51.5	47	91.5	17	76.5	29.5	8.5	65	7	42.5	7	56	31.5	12	69.5	65	45	25	18.5	54.5	35	62	54	28	26.5	42	36.5	46.5	32	80	34	53.5	62.5	73.5	44.5	49.5	0	85.5	74	21.5	62	48.5	68	39.5	48.5	79	22	17.5	13	24.5	35.5	37	31.5	43	46.5	3	31.5	37	14.5	13.5	30	40.5	31.5	38.5	34.5	21	29.5	27	68.5	63	34	47.5	69	26.5	24.5	31.5	65.5	42	14.5	64.5	36	75	41.5	18	55	23	66.5	14	18.5	40.5	65.5	
69.5	71.5	56.5	55.5	42.5	6.5	81.5	24	29	16	42	46.5	12	86.5	15	69	90	31.5	78.5	51	78.5	37.5	62	81.5	24	28.5	48.5	60.5	80	33	58.5	31.5	39.5	65.5	82	51.5	57	43	61.5	13.5	59.5	40	31	20	49	44	85.5	0	17.5	68	31.5	45	25.5	48	45	12.5	71.5	76	80.5	74	58	56.5	62	50.5	47	86.5	62	70.5	84	95	63.5	53	60	55	53	72.5	79	66.5	35	30.5	59.5	46	29.5	82	69	62	28	51.5	94	29	57.5	18.5	52	95.5	36.5	70.5	25	89.5	90	53	28	
58	60	45	44	31	15	70	41.5	22.5	33.5	30.5	35	25.5	75	8.5	57.5	76.5	43	67	39.5	67	26	50.5	70	12.5	17	37	49	68.5	21.5	47	20	28	54	70.5	40	45.5	29.5	50	22	48	31.5	19.5	13.5	37.5	32.5	74	17.5	0	54.5	40	33.5	14	36.5	33.5	11	60	64.5	69	62.5	46.5	45	50.5	39	35.5	73	50.5	59	72.5	81.5	52	41.5	48.5	41.5	41.5	61	67.5	55	46.5	19	48	34.5	43	70.5	57.5	50.5	16.5	40	82.5	17.5	44	17	40.5	84	33	59	13.5	78	78.5	41.5	21.5	
57.5	35.5	40.5	16.5	29.5	65.5	45.5	44	43	52	30	25.5	70	30.5	57	43	22	43.5	28.5	21	28.5	34.5	20	15.5	48	43.5	23.5	46.5	32	39	13.5	40.5	32.5	21.5	40	20.5	15	25	15.5	58.5	12.5	32	41	52	23	28	21.5	68	54.5	0	40.5	27	46.5	34	27	59.5	15.5	26	16.5	38	14	15.5	10	21.5	25	18.5	30	56.5	28	27	13.5	29	42	17	39	14.5	43	5.5	47	41.5	37.5	26	47.5	40	13	40	44	20.5	28	43	14.5	53.5	20	31.5	33.5	26.5	47	27.5	32	19	44	
92	76	79	42	25	25	86	9.5	23.5	17.5	40.5	21	35.5	71	37.5	83.5	62.5	9	69	31.5	69	30	60.5	56	38.5	39	39	83	72.5	55.5	39	36	58	62	80.5	36	45.5	15.5	56	18	38	12.5	41.5	32.5	23.5	18.5	62	31.5	40	40.5	0	57.5	42	70.5	47.5	35	56	66.5	57	78.5	44.5	31	50.5	57	55.5	59	70.5	93	68.5	67.5	54	69.5	82.5	27.5	75.5	55	83.5	41	12.5	47	78	46.5	13	80.5	53.5	80.5	34.5	36	68.5	33.5	30	29	30.5	72	9	67	47.5	68	72.5	39.5	24.5	
40.5	42.5	27.5	31.5	46.5	42.5	52.5	61	50	61	33	42.5	53	57.5	36	40	49	60.5	49.5	38	49.5	43.5	33	42.5	35	34.5	34.5	31.5	51	14	30.5	37.5	15.5	36.5	53	37.5	12	42	32.5	49.5	29.5	49	32	41	40	45	48.5	45	33.5	27	57.5	0	31.5	19	26	38.5	42.5	47	43.5	45	13	32.5	33	21.5	2	45.5	33	41.5	55	54	34.5	24	31	34	24	41.5	50	27.5	64	26.5	30.5	27	64.5	53	40	33	39	37.5	55	40	31.5	44.5	37	58.5	50.5	41.5	26	54.5	59	34	49	
56	58	43	42	17	23	68	45.5	30.5	41.5	28.5	21	33.5	73	16.5	55.5	68.5	45	65	37.5	65	12	48.5	62	15.5	3	35	47	66.5	19.5	45	6	26	52	68.5	38	43.5	26.5	48	30	44	33.5	17.5	21.5	29.5	29.5	68	25.5	14	46.5	42	31.5	0	34.5	31.5	19	58	62.5	63	60.5	44.5	37	48.5	37	33.5	65	48.5	57	70.5	73.5	50	39.5	46.5	33.5	39.5	59	65.5	47	48.5	17	46	32.5	49	68.5	55.5	48.5	19.5	38	74.5	20.5	36	25	36.5	78	35	57	11.5	74	76.5	39.5	29.5	
23.5	25.5	10.5	34.5	51.5	45.5	35.5	72	53	64	36	55.5	56	40.5	39	23	44	77.5	32.5	45	32.5	46.5	14	35.5	38	37.5	37.5	14.5	34	17	37.5	40.5	18.5	19.5	36	40.5	31	59	20.5	52.5	38.5	64	35	44	53	58	39.5	48	36.5	34	70.5	19	34.5	0	29	41.5	25.5	30	34.5	28	32	45.5	26	19.5	21	42.5	16	24.5	38	49	22.5	5	14	49	7	26.5	33	35.5	79	29.5	13.5	30	73.5	36	21	16	42	40.5	48	43	46.5	47.5	46	49.5	67.5	24.5	29	43.5	44	37	52	
50.5	52.5	37.5	28.5	36.5	42.5	62.5	51	50	59	33	32.5	53	57.5	36	50	49	50.5	55.5	28	55.5	41.5	43	42.5	35	34.5	30.5	41.5	59	12	25.5	37.5	20.5	46.5	63	27.5	32	32	42.5	49.5	24.5	39	32	41	30	35	48.5	45	33.5	27	47.5	26	31.5	29	0	38.5	42.5	53	43.5	55	31	22.5	37	31.5	28	45.5	43	51.5	55	54	40.5	34	41	24	34	41.5	60	27.5	54	26.5	40.5	1	54.5	63	40	43	39	27.5	55	40	21.5	44.5	27	58.5	40.5	51.5	26	54.5	59	8	49	
63	65	50	49	36	10	75	36.5	22.5	28.5	35.5	40	20.5	80	8.5	62.5	81.5	38	72	44.5	72	31	55.5	75	17.5	22	42	54	73.5	26.5	52	25	33	59	75.5	45	50.5	34.5	55	17	53	31.5	24.5	13.5	42.5	37.5	79	12.5	11	59.5	35	38.5	19	41.5	38.5	0	65	69.5	74	67.5	51.5	50	55.5	44	40.5	78	55.5	64	77.5	86.5	57	46.5	53.5	46.5	46.5	66	72.5	60	41.5	24	53	39.5	38	75.5	62.5	55.5	21.5	45	87.5	22.5	49	6	45.5	89	26	64	18.5	83	83.5	46.5	21.5	
42	36	29	32	45	69	46	59.5	58.5	67.5	45.5	41	79.5	31	62.5	41.5	22.5	59	29	36.5	29	50	25.5	16	61.5	59	39	33	32.5	40.5	29	56	42	6	40.5	36	30.5	40.5	26	74	28	47.5	56.5	67.5	38.5	43.5	22	71.5	60	15.5	56	42.5	58	25.5	42.5	65	0	26.5	17	38.5	29.5	31	25.5	37	40.5	19	30.5	43	28.5	27.5	24	30.5	32.5	32.5	25.5	1	43.5	21	62.5	53	32	41.5	63	40.5	18.5	34.5	59.5	36	28.5	58.5	30	69	35.5	32	49	27	52.5	28	32.5	34.5	59.5	
31.5	31.5	23.5	42.5	55.5	73.5	41.5	70	69	78	56	51.5	84	26.5	67	31	18	69.5	24.5	47	24.5	60.5	36	16.5	66	65.5	49.5	22.5	28	45	39.5	66.5	46.5	32.5	36	46.5	41	51	36.5	80.5	38.5	58	63	72	49	54	17.5	76	64.5	26	66.5	47	62.5	30	53	69.5	26.5	0	17.5	34	40	41.5	36	47.5	49	14.5	34	32.5	24	23	34.5	35	16	43	25	25.5	39	31.5	73	57.5	26.5	52	73.5	36	29	14	70	46.5	24	69	40.5	75.5	46	27.5	59.5	27.5	57	23.5	28	45	70	
41	27	24	33	46	78	37	60.5	59.5	68.5	46.5	42	86.5	22	71.5	34.5	13.5	60	20	37.5	20	51	26.5	1	64.5	60	40	32	23.5	49.5	30	57	49	23	31.5	37	31.5	41.5	27	75	29	48.5	57.5	68.5	39.5	44.5	13	80.5	69	16.5	57	43.5	63	34.5	43.5	74	17	17.5	0	29.5	30.5	32	26.5	38	41.5	10	26.5	42	19.5	18.5	25	35.5	31.5	33.5	29.5	16	34.5	22	63.5	58	21	42.5	64	31.5	19.5	31.5	60.5	37	19.5	59.5	31	70	36.5	23	50	10	61.5	19	23.5	35.5	60.5	
19.5	26.5	21.5	54.5	67.5	71.5	31.5	82	79	90	62	63.5	82	28.5	65	5	16	81.5	31.5	59	31.5	72.5	42	28.5	64	63.5	61.5	15.5	6	43	51.5	66.5	44.5	40.5	32	58.5	53	63	46.5	78.5	50.5	70	61	70	61	66	24.5	74	62.5	38	78.5	45	60.5	28	55	67.5	38.5	34	29.5	0	52	53.5	48	45.5	47	21.5	32	20.5	10	25	46.5	33	20	55	23	37.5	29	43.5	85	55.5	24.5	56	85.5	32	41	22	68	58.5	26	69	52.5	73.5	58	29.5	71.5	35.5	55	25.5	30	57	78	
53.5	49.5	40.5	20.5	33.5	55.5	59.5	48	47	56	34	29.5	66	44.5	49	53	36	47.5	42.5	25	42.5	38.5	34	29.5	48	47.5	27.5	44.5	46	27	17.5	44.5	28.5	35.5	54	24.5	1	29	29.5	62.5	16.5	36	45	54	27	32	35.5	58	46.5	14	44.5	13	44.5	32	31	51.5	29.5	40	30.5	52	0	19.5	24	30.5	11	32.5	44	54.5	42	41	27.5	37	44	21	37	28.5	57	14.5	51	39.5	43.5	30	51.5	54	27	46	48	24.5	42	47	18.5	57.5	24	45.5	37.5	40.5	39	41.5	46	23	48	
67	51	54	17	20	54	61	34.5	33.5	42.5	20.5	16	60.5	46	47.5	58.5	37.5	34	44	11.5	44	25	35.5	31	38.5	34	8	58	47.5	30.5	14	31	33	37	55.5	5	20.5	15.5	31	49	13	22.5	31.5	42.5	13.5	18.5	37	56.5	45	15.5	31	32.5	37	45.5	22.5	50	31	41.5	32	53.5	19.5	0	25.5	32	30.5	34	45.5	68	43.5	42.5	29	44.5	57.5	7.5	50.5	30	58.5	16	37.5	32	53	21.5	38	55.5	28.5	55.5	34.5	5	43.5	33.5	1	44	10.5	47	24	42	37.5	43	47.5	14.5	34.5	
47.5	45.5	34.5	26.5	39.5	59.5	55.5	54	53	62	40	35.5	70	40.5	53	47	32	53.5	38.5	31	38.5	44.5	30	25.5	52	51.5	33.5	38.5	42	31	23.5	50.5	32.5	31.5	50	30.5	25	35	25.5	66.5	22.5	42	49	58	33	38	31.5	62	50.5	10	50.5	33	48.5	26	37	55.5	25.5	36	26.5	48	24	25.5	0	31.5	35	28.5	40	48.5	38	37	23.5	31	38	27	31	24.5	53	15.5	57	43.5	37.5	36	57.5	50	23	40	54	30.5	38	53	24.5	61.5	30	41.5	43.5	36.5	43	37.5	42	29	54	
41	43	28	33	46	48	53	60.5	55.5	66.5	38.5	42	58.5	52	41.5	40.5	43.5	60	50	37.5	50	49	33.5	37	40.5	40	40	32	51.5	19.5	30	43	21	37	53.5	37	31.5	41.5	33	55	29	48.5	37.5	46.5	39.5	44.5	43	50.5	39	21.5	57	21.5	37	19.5	31.5	44	37	47.5	38	45.5	30.5	32	31.5	0	23.5	40	33.5	42	49.5	48.5	35	24.5	31.5	33.5	24.5	36	50.5	16	63.5	32	31	32.5	64	53.5	34.5	33.5	44.5	37	49.5	45.5	31	50	36.5	53	50	42	31.5	49	53.5	35.5	54.5	
42.5	44.5	29.5	31.5	44.5	44.5	54.5	59	52	63	35	40.5	55	55.5	38	42	47	58.5	51.5	36	51.5	45.5	35	40.5	37	36.5	36.5	33.5	53	16	28.5	39.5	17.5	38.5	55	35.5	10	40	34.5	51.5	27.5	47	34	43	38	43	46.5	47	35.5	25	55.5	2	33.5	21	28	40.5	40.5	49	41.5	47	11	30.5	35	23.5	0	43.5	35	43.5	53	52	36.5	26	33	32	26	39.5	52	25.5	62	28.5	32.5	29	62.5	55	38	35	41	35.5	53	42	29.5	46.5	35	56.5	48.5	43.5	28	52.5	57	34	51	
39	17	34	35	48	84	29	62.5	61.5	70.5	48.5	44	88.5	14	75.5	26.5	5.5	62	10	39.5	10	53	28.5	9	66.5	62	42	28	15.5	57.5	32	59	51	25	23.5	39	33.5	43.5	29	77	31	50.5	59.5	70.5	41.5	46.5	3	86.5	73	18.5	59	45.5	65	42.5	45.5	78	19	14.5	10	21.5	32.5	34	28.5	40	43.5	0	28.5	40	11.5	10.5	27	37.5	30.5	35.5	37.5	18	26.5	24	65.5	60	31	44.5	66	23.5	21.5	28.5	62.5	39	11.5	61.5	33	72	38.5	15	52	20	65.5	11	15.5	37.5	62.5	
27.5	29.5	14.5	46.5	59.5	59.5	39.5	74	67	78	50	55.5	70	40.5	53	27	32	73.5	36.5	51	36.5	60.5	30	25.5	52	51.5	51.5	18.5	38	31	43.5	54.5	32.5	28.5	40	50.5	45	55	34.5	66.5	42.5	62	49	58	53	58	31.5	62	50.5	30	70.5	33	48.5	16	43	55.5	30.5	34	26.5	32	44	45.5	40	33.5	35	28.5	0	28.5	38	37	36.5	21	18	47	9	29.5	37	35.5	77	43.5	17.5	44	77.5	40	33	20	56	50.5	38	57	44.5	61.5	50	41.5	63.5	28.5	43	37.5	42	49	66	
1	23	18	57	74	68	11	94.5	75.5	86.5	58.5	78	78.5	28	61.5	15.5	36.5	100	30	67.5	30	69	38.5	43	60.5	60	60	12	26.5	39.5	60	63	41	37	18.5	63	53.5	81.5	43	75	61	86.5	57.5	66.5	75.5	80.5	37	70.5	59	56.5	93	41.5	57	24.5	51.5	64	43	32.5	42	20.5	54.5	68	48.5	42	43.5	40	28.5	0	30.5	31.5	45	29.5	16.5	71.5	19.5	44	15.5	58	101.5	52	21	52.5	96	18.5	45.5	18.5	64.5	63	30.5	65.5	69	70	68.5	25	90	32	51.5	31	26.5	59.5	74.5	
29.5	28.5	31.5	44.5	57.5	81.5	33.5	72	71	80	58	53.5	92	18.5	75	15	6	71.5	21.5	49	21.5	62.5	38	18.5	74	71.5	51.5	25.5	4	53	41.5	68.5	54.5	34.5	28	48.5	43	53	38.5	86.5	40.5	60	69	80	51	56	14.5	84	72.5	28	68.5	55	70.5	38	55	77.5	28.5	24	19.5	10	42	43.5	38	49.5	53	11.5	38	30.5	0	15	36.5	43	30	45	33	27.5	31	33.5	75	65.5	34.5	54	75.5	28	31	32	72	48.5	16	71	42.5	81.5	48	19.5	61.5	29.5	65	15.5	20	47	72	
30.5	27.5	42.5	43.5	56.5	92.5	22.5	71	70	79	57	52.5	97	12.5	84	30	9	70.5	20.5	48	20.5	61.5	37	17.5	75	70.5	50.5	36.5	19	64	40.5	67.5	59.5	33.5	13	47.5	42	52	37.5	85.5	39.5	59	68	79	50	55	13.5	95	81.5	27	67.5	54	73.5	49	54	86.5	27.5	23	18.5	25	41	42.5	37	48.5	52	10.5	37	31.5	15	0	35.5	46	39	44	44	26.5	16	32.5	74	68.5	39.5	53	74.5	13	30	37	71	47.5	1	70	41.5	80.5	47	8.5	60.5	28.5	74	9.5	5	46	71	
44	44	31	30	43	61	54	57.5	56.5	65.5	43.5	39	71.5	39	54.5	43.5	30.5	57	37	34.5	37	48	28.5	24	53.5	53	37	35	40.5	32.5	27	54	34	30	48.5	34	28.5	38.5	2	68	26	45.5	50.5	59.5	36.5	41.5	30	63.5	52	13.5	54	34.5	50	22.5	40.5	57	24	34.5	25	46.5	27.5	29	23.5	35	36.5	27	36.5	45	36.5	35.5	0	27.5	34.5	30.5	27.5	23	51.5	19	60.5	45	34	39.5	61	48.5	21.5	36.5	57.5	34	36.5	56.5	28	63	33.5	40	47	35	44.5	36	40.5	32.5	57.5	
28.5	30.5	15.5	39.5	56.5	50.5	40.5	73	58	69	41	54.5	61	45.5	44	28	41	72.5	37.5	50	37.5	51.5	9	34.5	43	42.5	42.5	19.5	39	22	42.5	45.5	23.5	24.5	41	45.5	36	54	25.5	57.5	41.5	61	40	49	52	57	40.5	53	41.5	29	69.5	24	39.5	5	34	46.5	30.5	35	35.5	33	37	44.5	31	24.5	26	37.5	21	29.5	43	46	27.5	0	19	46	12	31.5	38	34.5	76	34.5	18.5	35	76.5	41	16	21	47	45.5	47	48	43.5	52.5	49	50.5	62.5	29.5	34	46.5	49	42	57	
15.5	17.5	7.5	46.5	63.5	57.5	27.5	84	65	76	48	67.5	68	32.5	51	15	34	85.5	24.5	57	24.5	58.5	28	32.5	50	49.5	49.5	6.5	26	29	49.5	52.5	30.5	26.5	28	52.5	43	67	32.5	64.5	50.5	74	47	56	65	70	31.5	60	48.5	42	82.5	31	46.5	14	41	53.5	32.5	16	31.5	20	44	57.5	38	31.5	33	30.5	18	16.5	30	39	34.5	19	0	59	9	33.5	25	47.5	89	41.5	10.5	42	85.5	28	35	2	54	52.5	40	55	56.5	59.5	58	41.5	75.5	21.5	41	35.5	36	49	64	
70.5	52.5	57.5	18.5	16.5	52.5	62.5	31	30	39	13	12.5	57	47.5	44	60	39	30.5	45.5	4	45.5	21.5	37	32.5	35	30.5	15.5	61.5	49	34	15.5	27.5	34.5	38.5	57	12.5	22	12	32.5	45.5	14.5	19	28	39	10	15	38.5	55	41.5	17	27.5	34	33.5	49	24	46.5	32.5	43	33.5	55	21	7.5	27	33.5	32	35.5	47	71.5	45	44	30.5	46	59	0	54	31.5	60	17.5	34	28.5	54.5	23	34.5	57	30	57	31	12.5	45	30	6.5	40.5	3	48.5	20.5	43.5	34	44.5	49	16	31	
18.5	20.5	5.5	39.5	56.5	50.5	30.5	77	58	69	41	60.5	61	35.5	44	18	39	82.5	27.5	50	27.5	51.5	21	30.5	43	42.5	42.5	9.5	29	22	42.5	45.5	23.5	19.5	31	45.5	36	64	25.5	57.5	43.5	69	40	49	58	63	34.5	53	41.5	39	75.5	24	39.5	7	34	46.5	25.5	25	29.5	23	37	50.5	31	24.5	26	37.5	9	19.5	33	44	27.5	12	9	54	0	26.5	28	40.5	84	34.5	8.5	35	78.5	31	28	11	47	45.5	43	48	51.5	52.5	51	44.5	72.5	19.5	34	38.5	39	42	57	
43	35	30	31	44	70	45	58.5	57.5	66.5	44.5	40	80.5	30	63.5	42.5	21.5	58	28	35.5	28	49	24.5	15	62.5	58	38	34	31.5	41.5	28	55	43	7	39.5	35	29.5	39.5	25	73	27	46.5	55.5	66.5	37.5	42.5	21	72.5	61	14.5	55	41.5	59	26.5	41.5	66	1	25.5	16	37.5	28.5	30	24.5	36	39.5	18	29.5	44	27.5	26.5	23	31.5	33.5	31.5	26.5	0	42.5	20	61.5	54	33	40.5	62	39.5	17.5	35.5	58.5	35	27.5	57.5	29	68	34.5	31	48	26	53.5	27	31.5	33.5	58.5	
14.5	31.5	26.5	59.5	72.5	76.5	26.5	87	84	95	67	68.5	87	28.5	70	24	25	86.5	36.5	64	36.5	77.5	47	33.5	69	68.5	66.5	20.5	35	48	56.5	71.5	49.5	45.5	3	63.5	58	68	51.5	83.5	55.5	75	66	75	66	71	29.5	79	67.5	43	83.5	50	65.5	33	60	72.5	43.5	39	34.5	29	57	58.5	53	50.5	52	26.5	37	15.5	31	16	51.5	38	25	60	28	42.5	0	48.5	90	60.5	29.5	61	90.5	3	46	27	73	63.5	15	74	57.5	78.5	63	24.5	76.5	40.5	60	25.5	11	62	83	
57	41	44	17	30	64	51	44.5	43.5	52.5	30.5	26	70.5	36	57.5	48.5	27.5	44	34	21.5	34	35	25.5	21	48.5	44	24	48	37.5	35.5	14	41	33	27	45.5	21	15.5	25.5	21	59	13	32.5	41.5	52.5	23.5	28.5	27	66.5	55	5.5	41	27.5	47	35.5	27.5	60	21	31.5	22	43.5	14.5	16	15.5	16	25.5	24	35.5	58	33.5	32.5	19	34.5	47.5	17.5	40.5	20	48.5	0	47.5	42	43	26.5	48	45.5	18.5	45.5	44.5	21	33.5	43.5	15	54	20.5	37	34	32	47.5	33	37.5	19.5	44.5	
100.5	82.5	87.5	48.5	31.5	37.5	92.5	11	30	19	47	27.5	23	77.5	44	90	69	5.5	75.5	38	75.5	36.5	67	62.5	45	45.5	45.5	91.5	79	64	45.5	42.5	64.5	68.5	87	42.5	52	22	62.5	30.5	44.5	19	48	39	30	25	68.5	35	46.5	47	12.5	64	48.5	79	54	41.5	62.5	73	63.5	85	51	37.5	57	63.5	62	65.5	77	101.5	75	74	60.5	76	89	34	84	61.5	90	47.5	0	53.5	84.5	53	9.5	87	60	87	41	42.5	75	40	36.5	35.5	37	78.5	15.5	73.5	54	74.5	79	46	31	
51	53	38	37	34	28	63	50.5	35.5	46.5	23.5	32	38.5	68	21.5	50.5	63.5	50	60	32.5	60	29	43.5	57	20.5	20	30	42	61.5	14.5	40	23	21	47	63.5	33	38.5	31.5	43	35	39	38.5	17.5	26.5	29.5	34.5	63	30.5	19	41.5	47	26.5	17	29.5	26.5	24	53	57.5	58	55.5	39.5	32	43.5	32	28.5	60	43.5	52	65.5	68.5	45	34.5	41.5	28.5	34.5	54	60.5	42	53.5	0	41	27.5	54	63.5	50.5	43.5	24.5	33	69.5	25.5	31	30	31.5	73	40	52	11.5	69	71.5	34.5	34.5	
20	22	3	46	63	57	32	81.5	64.5	75.5	47.5	63	67.5	37	50.5	19.5	34.5	81	29	56.5	29	58	27.5	22	49.5	49	49	11	30.5	28.5	49	52	30	26	32.5	52	42.5	62.5	32	64	50	69.5	46.5	55.5	60.5	65.5	34	59.5	48	37.5	78	30.5	46	13.5	40.5	53	32	26.5	21	24.5	43.5	53	37.5	31	32.5	31	17.5	21	34.5	39.5	34	18.5	10.5	54.5	8.5	33	29.5	43	84.5	41	0	41.5	85	32.5	34.5	12.5	53.5	52	40.5	54.5	52	59	57.5	44	71	11	40.5	40	40.5	48.5	63.5	
51.5	53.5	38.5	27.5	35.5	43.5	63.5	50	49	58	34	31.5	54	56.5	37	51	48	49.5	54.5	27	54.5	40.5	44	41.5	36	35.5	29.5	42.5	58	13	24.5	38.5	21.5	47.5	64	26.5	31	31	41.5	50.5	23.5	38	33	42	29	34	47.5	46	34.5	26	46.5	27	32.5	30	1	39.5	41.5	52	42.5	56	30	21.5	36	32.5	29	44.5	44	52.5	54	53	39.5	35	42	23	35	40.5	61	26.5	53	27.5	41.5	0	53.5	64	39	44	40	26.5	54	41	20.5	45.5	26	57.5	39.5	52.5	27	53.5	58	7	50	
95	83	82	49	32	32	93	11.5	30.5	19.5	47.5	28	32.5	78	40.5	90.5	69.5	4	76	38.5	76	37	67.5	63	45.5	46	46	86	79.5	58.5	46	43	65	69	87.5	43	52.5	22.5	63	31	45	19.5	48.5	39.5	30.5	25.5	69	29.5	43	47.5	13	64.5	49	73.5	54.5	38	63	73.5	64	85.5	51.5	38	57.5	64	62.5	66	77.5	96	75.5	74.5	61	76.5	85.5	34.5	78.5	62	90.5	48	9.5	54	85	53.5	0	87.5	60.5	87.5	41.5	43	75.5	40.5	37	36	37.5	79	16	74	50.5	75	79.5	46.5	31.5	
17.5	34.5	29.5	56.5	69.5	79.5	29.5	84	83	92	70	65.5	90	25.5	73	27	22	83.5	33.5	61	33.5	74.5	50	30.5	72	71.5	63.5	23.5	32	51	53.5	74.5	52.5	46.5	0	60.5	55	65	50.5	86.5	52.5	72	69	78	63	68	26.5	82	70.5	40	80.5	53	68.5	36	63	75.5	40.5	36	31.5	32	54	55.5	50	53.5	55	23.5	40	18.5	28	13	48.5	41	28	57	31	39.5	3	45.5	87	63.5	32.5	64	87.5	0	43	30	76	60.5	12	77	54.5	81.5	60	21.5	73.5	41.5	63	22.5	8	59	84	
44.5	38.5	31.5	29.5	42.5	66.5	48.5	57	56	65	43	38.5	77	33.5	60	44	25	56.5	31.5	34	31.5	47.5	7	18.5	59	56.5	36.5	35.5	35	38	26.5	53.5	39.5	24.5	43	33.5	28	38	23.5	71.5	25.5	45	54	65	36	41	24.5	69	57.5	13	53.5	40	55.5	21	40	62.5	18.5	29	19.5	41	27	28.5	23	34.5	38	21.5	33	45.5	31	30	21.5	16	35	30	28	17.5	46	18.5	60	50.5	34.5	39	60.5	43	0	37	57	33.5	31	56	27.5	66.5	33	34.5	46.5	29.5	50	30.5	35	32	57	
17.5	19.5	9.5	48.5	65.5	59.5	29.5	84	67	78	50	65.5	70	34.5	53	17	32	83.5	26.5	59	26.5	60.5	30	30.5	52	51.5	51.5	8.5	28	31	51.5	54.5	32.5	28.5	30	54.5	45	65	34.5	66.5	52.5	72	49	58	63	68	31.5	62	50.5	40	80.5	33	48.5	16	43	55.5	34.5	14	31.5	22	46	55.5	40	33.5	35	28.5	20	18.5	32	37	36.5	21	2	57	11	35.5	27	45.5	87	43.5	12.5	44	87.5	30	37	0	56	54.5	38	57	54.5	61.5	60	41.5	73.5	23.5	43	37.5	38	51	66	
63.5	65.5	50.5	45.5	28.5	25.5	75.5	38	33	44	36	24.5	36	74.5	19	63	66	37.5	72.5	35	72.5	31.5	56	59.5	4	22.5	42.5	54.5	74	27	42.5	25.5	33.5	59.5	76	39.5	49	19	55.5	32.5	41.5	26	25	24	27	16	65.5	28	16.5	44	34.5	39	19.5	42	39	21.5	59.5	70	60.5	68	48	34.5	54	44.5	41	62.5	56	64.5	72	71	57.5	47	54	31	47	58.5	73	44.5	41	24.5	53.5	40	41.5	76	57	56	0	39.5	72	1	33.5	27.5	34	75.5	27.5	64.5	19	71.5	76	43	32	
62	56	49	22	25	49	66	39.5	38.5	47.5	25.5	21	59.5	51	42.5	61.5	42.5	39	49	16.5	49	30	40.5	36	41.5	39	3	53	52.5	25.5	19	36	32	42	60.5	0	25.5	20.5	36	54	18	27.5	36.5	47.5	18.5	23.5	42	51.5	40	20.5	36	37.5	38	40.5	27.5	45	36	46.5	37	58.5	24.5	5	30.5	37	35.5	39	50.5	63	48.5	47.5	34	45.5	52.5	12.5	45.5	35	63.5	21	42.5	33	52	26.5	43	60.5	33.5	54.5	39.5	0	48.5	38.5	6	49	15.5	52	29	47	32.5	48	52.5	19.5	39.5	
29.5	28.5	41.5	44.5	57.5	91.5	23.5	72	71	80	58	53.5	98	13.5	85	31	10	71.5	21.5	49	21.5	62.5	38	18.5	76	71.5	51.5	35.5	20	63	41.5	68.5	60.5	34.5	12	48.5	43	53	38.5	86.5	40.5	60	69	80	51	56	14.5	94	82.5	28	68.5	55	74.5	48	55	87.5	28.5	24	19.5	26	42	43.5	38	49.5	53	11.5	38	30.5	16	1	36.5	47	40	45	43	27.5	15	33.5	75	69.5	40.5	54	75.5	12	31	38	72	48.5	0	71	42.5	81.5	48	9.5	61.5	29.5	75	10.5	4	47	72	
64.5	66.5	51.5	44.5	27.5	26.5	76.5	37	34	45	37	23.5	37	73.5	20	64	65	36.5	71.5	34	71.5	32.5	57	58.5	5	23.5	41.5	55.5	75	28	41.5	26.5	34.5	60.5	77	38.5	48	18	56.5	33.5	40.5	25	26	25	26	15	64.5	29	17.5	43	33.5	40	20.5	43	40	22.5	58.5	69	59.5	69	47	33.5	53	45.5	42	61.5	57	65.5	71	70	56.5	48	55	30	48	57.5	74	43.5	40	25.5	54.5	41	40.5	77	56	57	1	38.5	71	0	32.5	28.5	33	74.5	26.5	65.5	20	70.5	75	42	33	
68	50	55	16	19	55	60	33.5	32.5	41.5	19.5	15	59.5	45	46.5	57.5	36.5	33	43	10.5	43	24	34.5	30	37.5	33	9	59	46.5	31.5	13	30	32	36	54.5	6	19.5	14.5	30	48	12	21.5	30.5	41.5	12.5	17.5	36	57.5	44	14.5	30	31.5	36	46.5	21.5	49	30	40.5	31	52.5	18.5	1	24.5	31	29.5	33	44.5	69	42.5	41.5	28	43.5	56.5	6.5	51.5	29	57.5	15	36.5	31	52	20.5	37	54.5	27.5	54.5	33.5	6	42.5	32.5	0	43	9.5	46	23	41	36.5	42	46.5	13.5	33.5	
69	71	56	55	38	16	81	32.5	28.5	34.5	41.5	34	26.5	84	14.5	68.5	75.5	32	78	44.5	78	37	61.5	69	23.5	28	48	60	79.5	32.5	52	31	39	65	81.5	49	56.5	28.5	61	23	51	25.5	30.5	19.5	36.5	31.5	75	18.5	17	53.5	29	44.5	25	47.5	44.5	6	69	75.5	70	73.5	57.5	44	61.5	50	46.5	72	61.5	70	81.5	80.5	63	52.5	59.5	40.5	52.5	68	78.5	54	35.5	30	59	45.5	36	81.5	66.5	61.5	27.5	49	81.5	28.5	43	0	43.5	85	20	70	24.5	81	85.5	52.5	27.5	
67.5	55.5	54.5	21.5	19.5	49.5	65.5	34	33	42	10	15.5	60	50.5	43	63	42	33.5	48.5	1	48.5	24.5	40	35.5	38	33.5	18.5	58.5	52	31	18.5	30.5	37.5	41.5	60	15.5	25	15	35.5	48.5	17.5	22	31	42	13	18	41.5	52	40.5	20	30.5	37	36.5	46	27	45.5	35.5	46	36.5	58	24	10.5	30	36.5	35	38.5	50	68.5	48	47	33.5	49	58	3	51	34.5	63	20.5	37	31.5	57.5	26	37.5	60	33	60	34	15.5	48	33	9.5	43.5	0	51.5	23.5	46.5	33	47.5	52	19	34	
26	32	43	48	61	93	14	75.5	74.5	83.5	61.5	57	101.5	17	86.5	34.5	13.5	75	25	52.5	25	66	41.5	22	79.5	75	55	37	23.5	64.5	45	72	64	38	21.5	52	46.5	56.5	42	90	44	63.5	72.5	83.5	54.5	59.5	18	95.5	84	31.5	72	58.5	78	49.5	58.5	89	32	27.5	23	29.5	45.5	47	41.5	53	56.5	15	41.5	25	19.5	8.5	40	50.5	41.5	48.5	44.5	31	24.5	37	78.5	73	44	57.5	79	21.5	34.5	41.5	75.5	52	9.5	74.5	46	85	51.5	0	65	33	76.5	14	13.5	50.5	75.5	
89	69	74	35	18	34	79	12.5	16.5	20.5	33.5	14	38.5	64	30.5	76.5	55.5	12	62	24.5	62	23	53.5	49	31.5	32	32	80	65.5	52.5	32	29	51	55	73.5	29	38.5	8.5	49	27	31	5.5	34.5	25.5	16.5	11.5	55	36.5	33	33.5	9	50.5	35	67.5	40.5	26	49	59.5	50	71.5	37.5	24	43.5	50	48.5	52	63.5	90	61.5	60.5	47	62.5	75.5	20.5	72.5	48	76.5	34	15.5	40	71	39.5	16	73.5	46.5	73.5	27.5	29	61.5	26.5	23	20	23.5	65	0	60	40.5	61	65.5	32.5	17.5	
31	33	14	43	56	68	43	70.5	69.5	78.5	56.5	52	78.5	32	61.5	30.5	23.5	70	30	47.5	30	61	36.5	11	60.5	60	50	22	33.5	39.5	40	63	41	33	41.5	47	41.5	51.5	37	75	39	58.5	57.5	66.5	49.5	54.5	23	70.5	59	26.5	67	41.5	57	24.5	51.5	64	27	27.5	10	35.5	40.5	42	36.5	42	43.5	20	28.5	32	29.5	28.5	35	29.5	21.5	43.5	19.5	26	40.5	32	73.5	52	11	52.5	74	41.5	29.5	23.5	64.5	47	29.5	65.5	41	70	46.5	33	60	0	51.5	29	33.5	45.5	70.5	
50.5	52.5	37.5	36.5	28.5	22.5	62.5	49	30	41	23	32.5	33	67.5	16	50	69	50.5	59.5	32	59.5	23.5	43	62.5	15	14.5	29.5	41.5	61	14	39.5	17.5	20.5	46.5	63	32.5	38	32	42.5	29.5	40.5	39	6	21	24	35	66.5	25	13.5	47	47.5	26	11.5	29	26	18.5	52.5	57	61.5	55	39	37.5	43	31.5	28	65.5	43	51.5	65	74	44.5	34	41	34	34	53.5	60	47.5	54	11.5	40.5	27	50.5	63	50	43	19	32.5	75	20	36.5	24.5	33	76.5	40.5	51.5	0	70.5	71	34	29	
30	28	37	44	57	87	28	71.5	70.5	79.5	57.5	53	97.5	3	80.5	30.5	9.5	71	21	48.5	21	62	37.5	18	75.5	71	51	31	19.5	58.5	41	68	60	34	22.5	48	42.5	52.5	38	86	40	59.5	68.5	79.5	50.5	55.5	14	89.5	78	27.5	68	54.5	74	43.5	54.5	83	28	23.5	19	25.5	41.5	43	37.5	49	52.5	11	37.5	31	15.5	9.5	36	46.5	35.5	44.5	38.5	27	25.5	33	74.5	69	40	53.5	75	22.5	30.5	37.5	71.5	48	10.5	70.5	42	81	47.5	14	61	29	70.5	0	14.5	46.5	71.5	
25.5	32.5	37.5	48.5	61.5	87.5	27.5	76	75	84	62	57.5	98	17.5	81	35	14	75.5	25.5	53	25.5	66.5	42	22.5	80	75.5	55.5	31.5	24	59	45.5	72.5	60.5	38.5	8	52.5	47	57	42.5	90.5	44.5	64	73	84	55	60	18.5	90	78.5	32	72.5	59	76.5	44	59	83.5	32.5	28	23.5	30	46	47.5	42	53.5	57	15.5	42	26.5	20	5	40.5	49	36	49	39	31.5	11	37.5	79	71.5	40.5	58	79.5	8	35	38	76	52.5	4	75	46.5	85.5	52	13.5	65.5	33.5	71	14.5	0	51	76	
58.5	54.5	45.5	20.5	28.5	50.5	64.5	43	42	51	29	24.5	61	49.5	44	58	41	42.5	47.5	20	47.5	33.5	39	34.5	43	42.5	22.5	49.5	51	20	17.5	39.5	28.5	40.5	59	19.5	24	24	34.5	57.5	16.5	31	40	49	22	27	40.5	53	41.5	19	39.5	34	39.5	37	8	46.5	34.5	45	35.5	57	23	14.5	29	35.5	34	37.5	49	59.5	47	46	32.5	42	49	16	42	33.5	62	19.5	46	34.5	48.5	7	46.5	59	32	51	43	19.5	47	42	13.5	52.5	19	50.5	32.5	45.5	34	46.5	51	0	43	
73.5	75.5	60.5	45.5	28.5	25.5	85.5	28	1	36	44	24.5	36	74.5	13	73	66	27.5	72.5	35	72.5	33.5	64	59.5	28	32.5	42.5	64.5	76	37	42.5	35.5	43.5	65.5	84	39.5	49	19	59.5	32.5	41.5	12	35	8	27	22	65.5	28	21.5	44	24.5	49	29.5	52	49	21.5	59.5	70	60.5	78	48	34.5	54	54.5	51	62.5	66	74.5	72	71	57.5	57	64	31	57	58.5	83	44.5	31	34.5	63.5	50	31.5	84	57	66	32	39.5	72	33	33.5	27.5	34	75.5	17.5	70.5	29	71.5	76	43	0	
