Number of items: 100
Horizon: 12
Time limit: 750
Load limit: 6000
Initial item inventory level
40
207
116
136
64
65
130
120
25
74
138
162
252
93
82
100
156
32
44
270
78
63
59
204
74
68
49
96
75
270
198
25
225
76
46
39
40
88
126
84
54
219
47
50
222
148
112
75
104
45
219
24
96
166
273
170
16
124
192
47
26
46
166
33
153
51
100
104
72
24
120
180
190
63
22
180
80
88
264
19
80
69
91
162
39
96
100
36
54
174
65
94
104
246
42
64
258
28
154
174
Maximum inventory capacity per item
80
276
174
204
128
130
195
180
50
111
184
216
336
124
123
150
234
48
88
360
117
84
118
272
111
102
98
192
150
360
264
50
300
114
92
78
80
176
189
126
81
292
94
75
296
222
168
100
156
90
292
48
144
249
364
255
32
186
288
94
39
69
249
66
204
102
150
156
108
36
180
270
285
84
33
270
160
176
352
38
120
92
182
243
78
192
150
54
72
261
130
141
156
328
63
128
344
42
231
261
Reserve storage replenishment rate per item and per period
240	0	0	240	0	0	240	0	0	240	0	0	
414	0	0	414	0	0	414	0	0	414	0	0	
348	0	0	348	0	0	348	0	0	348	0	0	
408	0	0	408	0	0	408	0	0	408	0	0	
384	0	0	384	0	0	384	0	0	384	0	0	
390	0	0	390	0	0	390	0	0	390	0	0	
390	0	0	390	0	0	390	0	0	390	0	0	
360	0	0	360	0	0	360	0	0	360	0	0	
150	0	0	150	0	0	150	0	0	150	0	0	
222	0	0	222	0	0	222	0	0	222	0	0	
276	0	0	276	0	0	276	0	0	276	0	0	
324	0	0	324	0	0	324	0	0	324	0	0	
504	0	0	504	0	0	504	0	0	504	0	0	
186	0	0	186	0	0	186	0	0	186	0	0	
246	0	0	246	0	0	246	0	0	246	0	0	
300	0	0	300	0	0	300	0	0	300	0	0	
468	0	0	468	0	0	468	0	0	468	0	0	
96	0	0	96	0	0	96	0	0	96	0	0	
264	0	0	264	0	0	264	0	0	264	0	0	
540	0	0	540	0	0	540	0	0	540	0	0	
234	0	0	234	0	0	234	0	0	234	0	0	
126	0	0	126	0	0	126	0	0	126	0	0	
354	0	0	354	0	0	354	0	0	354	0	0	
408	0	0	408	0	0	408	0	0	408	0	0	
222	0	0	222	0	0	222	0	0	222	0	0	
204	0	0	204	0	0	204	0	0	204	0	0	
294	0	0	294	0	0	294	0	0	294	0	0	
576	0	0	576	0	0	576	0	0	576	0	0	
450	0	0	450	0	0	450	0	0	450	0	0	
540	0	0	540	0	0	540	0	0	540	0	0	
396	0	0	396	0	0	396	0	0	396	0	0	
150	0	0	150	0	0	150	0	0	150	0	0	
450	0	0	450	0	0	450	0	0	450	0	0	
228	0	0	228	0	0	228	0	0	228	0	0	
276	0	0	276	0	0	276	0	0	276	0	0	
234	0	0	234	0	0	234	0	0	234	0	0	
240	0	0	240	0	0	240	0	0	240	0	0	
528	0	0	528	0	0	528	0	0	528	0	0	
378	0	0	378	0	0	378	0	0	378	0	0	
252	0	0	252	0	0	252	0	0	252	0	0	
162	0	0	162	0	0	162	0	0	162	0	0	
438	0	0	438	0	0	438	0	0	438	0	0	
282	0	0	282	0	0	282	0	0	282	0	0	
150	0	0	150	0	0	150	0	0	150	0	0	
444	0	0	444	0	0	444	0	0	444	0	0	
444	0	0	444	0	0	444	0	0	444	0	0	
336	0	0	336	0	0	336	0	0	336	0	0	
150	0	0	150	0	0	150	0	0	150	0	0	
312	0	0	312	0	0	312	0	0	312	0	0	
270	0	0	270	0	0	270	0	0	270	0	0	
438	0	0	438	0	0	438	0	0	438	0	0	
144	0	0	144	0	0	144	0	0	144	0	0	
288	0	0	288	0	0	288	0	0	288	0	0	
498	0	0	498	0	0	498	0	0	498	0	0	
546	0	0	546	0	0	546	0	0	546	0	0	
510	0	0	510	0	0	510	0	0	510	0	0	
96	0	0	96	0	0	96	0	0	96	0	0	
372	0	0	372	0	0	372	0	0	372	0	0	
576	0	0	576	0	0	576	0	0	576	0	0	
282	0	0	282	0	0	282	0	0	282	0	0	
78	0	0	78	0	0	78	0	0	78	0	0	
138	0	0	138	0	0	138	0	0	138	0	0	
498	0	0	498	0	0	498	0	0	498	0	0	
198	0	0	198	0	0	198	0	0	198	0	0	
306	0	0	306	0	0	306	0	0	306	0	0	
306	0	0	306	0	0	306	0	0	306	0	0	
300	0	0	300	0	0	300	0	0	300	0	0	
312	0	0	312	0	0	312	0	0	312	0	0	
216	0	0	216	0	0	216	0	0	216	0	0	
72	0	0	72	0	0	72	0	0	72	0	0	
360	0	0	360	0	0	360	0	0	360	0	0	
540	0	0	540	0	0	540	0	0	540	0	0	
570	0	0	570	0	0	570	0	0	570	0	0	
126	0	0	126	0	0	126	0	0	126	0	0	
66	0	0	66	0	0	66	0	0	66	0	0	
540	0	0	540	0	0	540	0	0	540	0	0	
480	0	0	480	0	0	480	0	0	480	0	0	
528	0	0	528	0	0	528	0	0	528	0	0	
528	0	0	528	0	0	528	0	0	528	0	0	
114	0	0	114	0	0	114	0	0	114	0	0	
240	0	0	240	0	0	240	0	0	240	0	0	
138	0	0	138	0	0	138	0	0	138	0	0	
546	0	0	546	0	0	546	0	0	546	0	0	
486	0	0	486	0	0	486	0	0	486	0	0	
234	0	0	234	0	0	234	0	0	234	0	0	
576	0	0	576	0	0	576	0	0	576	0	0	
300	0	0	300	0	0	300	0	0	300	0	0	
108	0	0	108	0	0	108	0	0	108	0	0	
108	0	0	108	0	0	108	0	0	108	0	0	
522	0	0	522	0	0	522	0	0	522	0	0	
390	0	0	390	0	0	390	0	0	390	0	0	
282	0	0	282	0	0	282	0	0	282	0	0	
312	0	0	312	0	0	312	0	0	312	0	0	
492	0	0	492	0	0	492	0	0	492	0	0	
126	0	0	126	0	0	126	0	0	126	0	0	
384	0	0	384	0	0	384	0	0	384	0	0	
516	0	0	516	0	0	516	0	0	516	0	0	
84	0	0	84	0	0	84	0	0	84	0	0	
462	0	0	462	0	0	462	0	0	462	0	0	
522	0	0	522	0	0	522	0	0	522	0	0	
Forward storage demand rate per item and per period
40	55	31	48	58	14	44	49	53	46	41	36	
69	85	82	70	59	126	15	23	78	27	85	58	
58	38	100	52	46	46	22	63	33	42	35	60	
68	72	50	62	62	82	47	107	9	78	22	73	
64	97	111	56	48	75	61	84	112	58	40	53	
65	77	34	55	79	73	114	59	70	63	88	78	
65	51	76	75	73	63	55	20	99	101	86	87	
60	36	80	103	79	74	73	27	76	56	35	60	
25	27	21	37	9	43	20	27	27	17	29	18	
37	39	56	43	27	35	19	33	61	3	69	56	
46	64	66	46	45	57	40	19	33	15	7	26	
54	36	29	37	87	50	80	51	45	53	14	25	
84	146	81	139	49	115	61	14	99	110	25	105	
31	37	50	48	14	22	29	36	22	17	53	22	
41	71	12	36	73	53	2	48	28	42	20	37	
50	63	56	61	70	60	37	47	51	61	43	31	
78	138	84	52	28	65	58	106	81	55	23	57	
16	17	11	11	26	10	7	20	13	2	14	6	
44	57	55	33	78	45	57	82	28	49	75	64	
90	125	120	119	137	82	114	127	107	64	53	49	
39	49	23	20	31	42	52	51	63	42	22	37	
21	19	18	19	21	18	32	24	23	16	5	19	
59	50	55	59	74	54	68	49	88	56	55	56	
68	31	124	20	90	61	68	111	92	87	125	57	
37	23	38	29	42	28	25	43	28	57	14	60	
34	31	38	21	27	40	62	16	38	49	46	27	
49	54	34	65	26	35	53	57	10	48	39	33	
96	3	122	36	146	95	182	114	154	87	50	24	
75	90	134	86	65	72	58	74	88	40	79	26	
90	65	64	40	88	98	43	125	144	131	96	48	
66	77	51	80	67	40	55	55	107	45	58	64	
25	14	41	39	26	10	3	2	21	33	36	26	
75	123	11	33	55	71	75	63	123	96	23	74	
38	30	17	59	17	47	38	31	39	47	52	54	
46	27	54	27	42	60	35	42	63	37	44	42	
39	73	66	17	33	31	40	39	57	54	16	44	
40	28	36	49	28	15	42	52	54	27	47	38	
88	46	31	75	71	66	120	134	158	121	53	135	
63	37	71	72	59	92	97	95	75	51	37	68	
42	37	24	60	39	25	39	19	39	38	46	37	
27	26	32	36	33	29	39	28	4	39	26	21	
73	73	38	73	42	75	40	53	117	92	124	30	
47	21	67	61	81	32	85	24	57	43	56	3	
25	17	29	21	21	25	41	31	28	26	21	23	
74	87	116	38	120	60	126	72	35	62	20	12	
74	95	128	72	76	23	20	31	86	57	63	21	
56	22	36	88	28	42	69	39	58	19	52	78	
25	14	23	23	20	36	23	37	34	18	18	35	
52	55	39	82	32	24	53	20	53	29	54	46	
45	88	40	39	29	27	31	60	48	63	83	16	
73	58	42	104	69	38	69	79	94	73	100	118	
24	40	7	18	40	17	29	33	15	8	32	28	
48	48	21	35	58	21	51	31	53	47	72	24	
83	147	68	86	58	89	64	56	36	132	81	51	
91	128	73	66	148	83	137	66	165	153	162	51	
85	133	107	87	157	48	112	61	35	64	45	56	
16	12	16	2	11	16	10	18	5	16	24	4	
62	58	22	5	99	49	55	64	82	79	99	48	
96	77	66	40	77	123	137	135	39	51	90	56	
47	38	44	21	72	27	33	49	38	22	37	59	
13	9	5	6	20	20	24	23	14	18	6	25	
23	19	6	24	24	32	4	33	16	45	20	20	
83	50	31	72	115	108	131	77	21	118	110	72	
33	37	43	28	23	17	36	32	57	26	7	29	
51	60	41	27	70	15	85	66	59	32	45	35	
51	51	63	13	75	73	18	46	67	39	19	24	
50	83	69	91	77	41	27	47	20	76	65	25	
52	14	44	42	89	23	56	95	69	58	51	36	
36	20	26	28	50	40	52	20	29	61	24	32	
12	6	17	22	16	11	5	8	19	5	11	11	
60	62	40	75	77	30	53	70	41	36	110	43	
90	98	160	32	167	75	67	137	105	82	56	78	
95	100	37	93	185	154	125	75	141	38	138	115	
21	18	16	20	27	17	27	31	15	13	16	28	
11	10	2	7	12	9	5	19	11	8	17	11	
90	106	157	135	113	88	65	113	122	140	105	18	
80	39	90	30	53	122	55	89	42	35	22	144	
88	31	96	152	122	62	109	48	53	37	98	74	
88	36	103	122	135	97	173	135	108	112	75	65	
19	6	17	26	14	18	20	18	20	18	8	11	
40	33	1	36	37	34	42	43	47	10	58	31	
23	26	11	19	16	2	2	38	10	35	24	27	
91	85	96	171	131	148	133	171	69	41	71	128	
81	95	69	100	57	64	41	59	87	56	32	55	
39	38	31	23	62	17	59	13	44	29	39	65	
96	87	35	137	100	142	104	61	100	116	83	59	
50	49	49	81	46	92	54	48	76	76	52	77	
18	21	11	9	21	10	16	13	21	17	25	20	
18	12	16	24	21	18	31	20	16	21	7	12	
87	73	88	87	40	41	90	78	91	82	32	142	
65	104	56	24	24	40	68	89	69	98	112	91	
47	71	15	46	74	36	44	40	31	77	68	72	
52	34	66	33	62	23	45	31	11	6	68	28	
82	102	48	141	36	100	97	55	39	115	69	140	
21	13	8	20	27	36	4	25	17	21	20	18	
64	63	9	85	54	78	38	82	80	78	66	100	
86	115	56	89	58	96	71	55	115	36	78	62	
14	7	9	19	20	2	25	8	2	13	13	18	
77	90	94	62	14	81	34	45	108	32	26	127	
87	90	115	75	112	14	39	111	100	113	151	147	
Distance matrix
0	3.5	31.5	90	44	73	5	32	65.5	38	71	24.5	33.5	57	64.5	63	70	66.5	48.5	74.5	42	39	79.5	24	30.5	61.5	21	15.5	87.5	36.5	11	43	61.5	73	50	27	42	55.5	28.5	34	36	60.5	59	49.5	62.5	13	90.5	30.5	32	88.5	54	55.5	9	80.5	7	35.5	27	18	46	71	39.5	26	47.5	79	85	73.5	27	80.5	29.5	36	56	85.5	63	42	46	61	80.5	23	55.5	66.5	32.5	64.5	25	71.5	76.5	70.5	43.5	69	90	88	23	49.5	19	34	46	76	100	25.5	26.5	42.5	12	
3.5	0	30	88.5	42.5	71.5	8.5	30.5	64	36.5	69.5	23	32	55.5	63	61.5	68.5	65	47	73	40.5	37.5	78	22.5	29	60	19.5	12	86	35	14.5	41.5	60	71.5	48.5	25.5	40.5	54	27	32.5	34.5	59	57.5	48	59	11.5	89	27	30.5	87	52.5	54	12.5	79	5.5	34	25.5	16.5	44.5	69.5	38	24.5	46	77.5	83.5	72	25.5	79	28	34.5	54.5	84	61.5	40.5	44.5	59.5	79	21.5	54	65	31	63	28.5	70	75	69	42	67.5	88.5	86.5	21.5	48	17.5	32.5	44.5	74.5	96.5	24	25	39	10.5	
31.5	30	0	78.5	44.5	45.5	36.5	38.5	58	15.5	57.5	31	40	31.5	71	35.5	58.5	37	55	49	26.5	45.5	54	30.5	37	32	27.5	38	76	43	42.5	15.5	32	79.5	28.5	33.5	46.5	48	3	24.5	42.5	63	49.5	54	31	24.5	63	23	36.5	85	60.5	28	40.5	87	28.5	42	26.5	24.5	32.5	77.5	34	32.5	46	79.5	73.5	60	33.5	53	2	32.5	52.5	88	45.5	16.5	42.5	67.5	63	29.5	48	73	39	39	28.5	78	57	77	20	69.5	68.5	70.5	30.5	54	34.5	24.5	42.5	82.5	68.5	28	33	11	23.5	
90	88.5	78.5	0	66	37	95	72	44.5	72	39	79.5	58.5	53	39.5	47	40	43.5	53.5	35.5	68	59	30.5	84	65.5	48.5	81	94.5	22.5	61.5	99	67	48.5	17	60	67	68	54.5	81.5	76	66	49.5	51	60.5	47.5	83	19.5	79.5	78	26.5	44	54.5	99	30.5	87	70.5	83	78	64	31	70.5	76	62.5	31	25	36.5	67	29.5	80.5	74	54	29.5	47	68	64	49	29.5	83	54.5	41.5	77.5	45.5	85	36.5	33.5	25.5	66.5	41	20	22	87	60.5	91	76	64	14	10	84.5	71.5	67.5	82	
44	42.5	44.5	66	0	33	49	26	45.5	38	45	33.5	17.5	13	48.5	23	46	24.5	32.5	36.5	34	23	41.5	38	19.5	19.5	35	54.5	63.5	20.5	55	33	19.5	57	26	21	2	35.5	47.5	42	8	44.5	37	33.5	18.5	37	50.5	45.5	36	72.5	38	20.5	53	64.5	41	24.5	49	32	30	55	36.5	30	31.5	63	61	47.5	21	40.5	46.5	40	40	69.5	33	34	2	45	50.5	37	35.5	50.5	31.5	26.5	51	55.5	44.5	54.5	32.5	53	56	58	53	33.5	53	42	2	60	56	50.5	25.5	33.5	36	
73	71.5	45.5	37	33	0	72	45	16.5	39	16	52.5	41.5	20	37.5	14	17	10.5	28.5	7.5	35	38	12.5	53	46.5	15.5	56	61.5	34.5	40.5	66	34	15.5	54	27	50	35	21.5	48.5	43	41	21.5	18	27.5	14.5	64	21.5	46.5	45	43.5	33	21.5	68	51.5	70	41.5	50	59	31	46	37.5	51	29.5	38	32	18.5	50	11.5	47.5	41	21	46.5	14	35	31	26	21.5	54	21.5	35.5	44.5	12.5	52	40.5	15.5	51.5	33.5	28	27	29	54	27.5	58	43	31	51	27	51.5	50.5	34.5	65	
5	8.5	36.5	95	49	72	0	37	70.5	37	76	29.5	38.5	58	69.5	62	75	63.5	53.5	75.5	47	44	80.5	29	35.5	58.5	26	20.5	92.5	41.5	6	42	58.5	78	55	32	47	60.5	33.5	39	41	65.5	64	54.5	57.5	18	89.5	29.5	37	93.5	59	54.5	4	85.5	12	40.5	32	23	51	76	44.5	31	52.5	84	90	78.5	32	79.5	34.5	41	61	90.5	68	43	51	66	85.5	28	60.5	71.5	37.5	65.5	20	76.5	81.5	75.5	46.5	74	95	93	28	54.5	24	39	51	81	95	30.5	31.5	37.5	17	
32	30.5	38.5	72	26	45	37	0	47.5	40	53	21.5	15.5	31	46.5	35	52	36.5	30.5	48.5	34	21	53.5	26	12.5	31.5	23	42.5	69.5	18.5	43	35	31.5	55	18	5	24	37.5	35.5	36	18	42.5	41	31.5	30.5	25	62.5	47.5	24	70.5	36	27.5	41	62.5	29	17.5	49	20	14	53	26.5	18	29.5	61	67	55.5	5	52.5	36.5	28	38	67.5	45	36	28	43	62.5	25	37.5	48.5	19.5	38.5	53	53.5	56.5	52.5	34.5	51	68	70	45	31.5	41	36	28	58	68	42.5	13.5	35.5	24	
65.5	64	58	44.5	45.5	16.5	70.5	47.5	0	51.5	23.5	55	34	32.5	35	26.5	24.5	23	29	9	47.5	34.5	20	59.5	41	28	56.5	74	42	37	76.5	46.5	28	43.5	39.5	42.5	47.5	34	61	55.5	41.5	5	30.5	40	27	58.5	29	59	57.5	51	24.5	34	74.5	51	62.5	46	62.5	53.5	43.5	41.5	50	51.5	42	45.5	39.5	26	42.5	19	60	53.5	33.5	54	26.5	47.5	43.5	31.5	29	58.5	34	37	53	25	64.5	42	23	41	46	35.5	34.5	36.5	66.5	40	70.5	55.5	43.5	46.5	34.5	64	47	47	57.5	
38	36.5	15.5	72	38	39	37	40	51.5	0	51	32.5	51.5	25	72.5	29	52	30.5	58.5	42.5	20	53	47.5	28	46.5	25.5	31	26.5	69.5	50.5	31	9	25.5	89	22	45	40	41.5	18.5	18	46	56.5	43	47.5	24.5	25	56.5	11.5	30	78.5	68	21.5	33	86.5	35	41.5	15	34	26	81	27.5	36	39.5	73	67	53.5	45	46.5	17.5	26	46	81.5	39	10	36	61	56.5	29	41.5	70.5	34.5	32.5	17	75.5	50.5	86.5	13.5	63	62	64	19	47.5	23	18	36	86	62	16.5	40.5	4.5	26	
71	69.5	57.5	39	45	16	76	53	23.5	51	0	60.5	39.5	32	35.5	26	1	22.5	34.5	14.5	47	40	14.5	65	46.5	27.5	62	73.5	36.5	42.5	78	46	27.5	44	39	48	47	33.5	60.5	55	47	28.5	30	39.5	26.5	64	23.5	58.5	57	45.5	17	33.5	80	51.5	68	51.5	62	59	43	42	49.5	57	41.5	40	34	20.5	48	13.5	59.5	53	33	48.5	26	47	43	10	23.5	64	33.5	37.5	56.5	24.5	64	42.5	17.5	41.5	45.5	30	29	31	66	39.5	70	55	43	47	29	63.5	52.5	46.5	63	
24.5	23	31	79.5	33.5	52.5	29.5	21.5	55	32.5	60.5	0	23	38.5	54	42.5	59.5	44	38	56	31.5	28.5	61	18.5	20	39	15.5	35	77	26	35.5	27.5	39	62.5	35.5	16.5	31.5	45	28	28.5	25.5	50	48.5	39	38	17.5	70	40	21.5	78	43.5	35	33.5	70	21.5	25	41.5	12.5	35.5	60.5	29	15.5	37	68.5	74.5	63	16.5	60	29	25.5	45.5	75	52.5	28.5	35.5	50.5	70	17.5	45	56	22	46	45.5	61	64	60	19	58.5	75.5	77.5	37.5	39	33.5	28.5	35.5	65.5	75.5	35	16	28	16.5	
33.5	32	40	58.5	17.5	41.5	38.5	15.5	34	51.5	39.5	23	0	30.5	33	31.5	38.5	35	17	43	35.5	7.5	48	27.5	9	28	24.5	44	56	3	44.5	46.5	28	41.5	33.5	10.5	15.5	24	37	37.5	9.5	29	27.5	18	29	26.5	59	59	25.5	57	22.5	34	42.5	49	30.5	14	50.5	21.5	29.5	39.5	28	19.5	14	47.5	53.5	42	10.5	49	38	29.5	24.5	54	31.5	45.5	19.5	29.5	49	26.5	24	35	21	33	58.5	40	45	39	42	37.5	58.5	56.5	46.5	18	42.5	37.5	19.5	44.5	66.5	44	15	49	25.5	
57	55.5	31.5	53	13	20	58	31	32.5	25	32	38.5	30.5	0	53.5	10	33	11.5	39.5	23.5	21	34	28.5	39	32.5	6.5	42	47.5	50.5	31.5	52	20	6.5	70	13	34	15	22.5	34.5	29	21	37.5	24	28.5	5.5	50	37.5	32.5	31	59.5	49	7.5	54	67.5	54	27.5	36	45	17	62	23.5	37	20.5	54	48	34.5	34	27.5	33.5	27	27	62.5	20	21	11	42	37.5	40	22.5	51.5	30.5	13.5	38	56.5	31.5	67.5	19.5	44	43	45	40	28.5	44	29	11	67	43	37.5	36.5	20.5	49	
64.5	63	71	39.5	48.5	37.5	69.5	46.5	35	72.5	35.5	54	33	53.5	0	47.5	34.5	44	28	36	66.5	33.5	31	58.5	40	49	55.5	75	37	36	75.5	67.5	49	22.5	60.5	41.5	46.5	45	68	68.5	40.5	30	43.5	39	48	57.5	30	80	56.5	38	18.5	55	73.5	30	61.5	45	81.5	52.5	60.5	20.5	59	50.5	47	28.5	34.5	33	41.5	30	69	60.5	40.5	35	47.5	68.5	50.5	25.5	16	57.5	45	2	52	46	85.5	21	34	20	67	23.5	35.5	37.5	77.5	39	73.5	68.5	50.5	25.5	35.5	75	46	68	56.5	
63	61.5	35.5	47	23	14	62	35	26.5	29	26	42.5	31.5	10	47.5	0	27	5.5	33.5	17.5	25	24	22.5	43	36.5	5.5	46	51.5	44.5	30.5	56	24	5.5	64	17	40	25	16.5	38.5	33	31	31.5	18	22.5	4.5	54	31.5	36.5	35	53.5	43	11.5	58	61.5	60	31.5	40	49	21	56	27.5	41	19.5	48	42	28.5	40	21.5	37.5	31	21	56.5	14	25	21	36	31.5	44	16.5	45.5	34.5	7.5	42	50.5	25.5	61.5	23.5	38	37	39	44	22.5	48	33	21	61	37	41.5	40.5	24.5	55	
70	68.5	58.5	40	46	17	75	52	24.5	52	1	59.5	38.5	33	34.5	27	0	23.5	33.5	15.5	48	39	15.5	64	45.5	28.5	61	74.5	37.5	41.5	79	47	28.5	43	40	47	48	34.5	61.5	56	46	29.5	31	40.5	27.5	63	24.5	59.5	58	46.5	16	34.5	79	50.5	67	50.5	63	58	44	41	50.5	56	42.5	41	35	21.5	47	14.5	60.5	54	34	49.5	27	48	44	9	24.5	63	34.5	36.5	57.5	25.5	65	41.5	18.5	40.5	46.5	31	30	32	67	40.5	71	56	44	46	30	64.5	51.5	47.5	62	
66.5	65	37	43.5	24.5	10.5	63.5	36.5	23	30.5	22.5	44	35	11.5	44	5.5	23.5	0	30	14	26.5	29.5	19	44.5	38	7	47.5	53	41	32	57.5	25.5	7	60.5	18.5	41.5	26.5	11	40	34.5	32.5	28	14.5	17	6	55.5	28	38	36.5	50	39.5	13	59.5	58	61.5	33	41.5	50.5	22.5	52.5	29	42.5	21	44.5	38.5	25	41.5	18	39	32.5	17.5	53	10.5	26.5	22.5	32.5	28	45.5	11	42	36	2	43.5	47	22	58	25	34.5	33.5	35.5	45.5	17	49.5	34.5	22.5	57.5	33.5	43	42	26	56.5	
48.5	47	55	53.5	32.5	28.5	53.5	30.5	29	58.5	34.5	38	17	39.5	28	33.5	33.5	30	0	32	50.5	17.5	37	42.5	24	35	39.5	59	51	20	59.5	53.5	35	36.5	46.5	25.5	30.5	29	52	52.5	24.5	24	27.5	23	34	41.5	46	66	40.5	52	17.5	41	57.5	44	45.5	29	65.5	36.5	44.5	34.5	43	34.5	31	42.5	48.5	37	25.5	36	53	44.5	24.5	49	31.5	54.5	34.5	24.5	44	41.5	29	30	36	32	71.5	35	40	34	53	32.5	51.5	51.5	61.5	23	57.5	52.5	34.5	39.5	51.5	59	30	54	40.5	
74.5	73	49	35.5	36.5	7.5	75.5	48.5	9	42.5	14.5	56	43	23.5	36	17.5	15.5	14	32	0	38.5	41.5	11	56.5	50	19	59.5	65	33	44	69.5	37.5	19	52.5	30.5	51.5	38.5	25	52	46.5	44.5	14	21.5	31	18	67.5	20	50	48.5	42	31.5	25	71.5	50	71.5	45	53.5	62.5	34.5	44.5	41	54.5	33	36.5	30.5	17	51.5	10	51	44.5	24.5	45	17.5	38.5	34.5	24.5	20	57.5	25	34	48	16	55.5	39	14	50	37	26.5	25.5	27.5	57.5	31	61.5	46.5	34.5	49.5	25.5	55	54	38	66.5	
42	40.5	26.5	68	34	35	47	34	47.5	20	47	31.5	35.5	21	66.5	25	48	26.5	50.5	38.5	0	41	43.5	34	32.5	21.5	33	42.5	65.5	38.5	47	15	21.5	75	18	29	36	37.5	29.5	24	38	52.5	39	43.5	20.5	35	52.5	27.5	10	74.5	56	17.5	49	82.5	39	37.5	31	30	22	73	23.5	16	35.5	69	63	49.5	29	42.5	28.5	6	42	77.5	35	16	32	57	52.5	35	37.5	66.5	30.5	28.5	33	71.5	46.5	72.5	14.5	59	58	60	35	43.5	39	24	32	78	58	32.5	28.5	15.5	34	
39	37.5	45.5	59	23	38	44	21	34.5	53	40	28.5	7.5	34	33.5	24	39	29.5	17.5	41.5	41	0	46.5	33	14.5	29.5	30	49.5	56.5	10.5	50	48	29.5	42	39	16	21	24.5	42.5	43	15	29.5	28	18.5	28.5	32	55.5	60.5	31	57.5	23	35.5	48	49.5	36	19.5	56	27	35	40	33.5	25	21.5	48	54	42.5	16	45.5	43.5	35	25	54.5	32	49	25	30	49.5	32	24.5	35.5	26.5	31.5	64	40.5	45.5	39.5	47.5	38	59	57	52	18.5	48	43	25	45	61	49.5	20.5	48.5	31	
79.5	78	54	30.5	41.5	12.5	80.5	53.5	20	47.5	14.5	61	48	28.5	31	22.5	15.5	19	37	11	43.5	46.5	0	61.5	55	24	64.5	70	28	49	74.5	42.5	24	47.5	35.5	56.5	43.5	30	57	51.5	49.5	25	26.5	36	23	72.5	15	55	53.5	37	31.5	30	76.5	45	76.5	50	58.5	67.5	39.5	39.5	46	59.5	38	31.5	25.5	6	56.5	1	56	49.5	29.5	40	22.5	43.5	39.5	24.5	15	62.5	30	29	53	21	60.5	34	3	45	42	21.5	20.5	22.5	62.5	36	66.5	51.5	39.5	44.5	20.5	60	59	43	71.5	
24	22.5	30.5	84	38	53	29	26	59.5	28	65	18.5	27.5	39	58.5	43	64	44.5	42.5	56.5	34	33	61.5	0	24.5	39.5	3	34.5	81.5	30.5	35	19	39.5	67	36	21	36	49.5	27.5	10	30	54.5	53	43.5	38.5	17	70.5	35.5	26	82.5	48	35.5	33	74.5	21	29.5	39	6	40	65	33.5	20	41.5	73	79	67.5	21	60.5	28.5	30	50	79.5	53	18	40	55	70.5	1	49.5	60.5	26.5	46.5	41	65.5	64.5	64.5	27.5	63	76	78	37	43.5	33	10	40	70	76	34.5	20.5	23.5	16	
30.5	29	37	65.5	19.5	46.5	35.5	12.5	41	46.5	46.5	20	9	32.5	40	36.5	45.5	38	24	50	32.5	14.5	55	24.5	0	33	21.5	41	63	12	41.5	41.5	33	48.5	30.5	7.5	17.5	31	34	34.5	11.5	36	34.5	25	32	23.5	64	54	22.5	64	29.5	25	39.5	56	27.5	5	47.5	18.5	26.5	46.5	25	16.5	23	54.5	60.5	49	7.5	54	35	26.5	31.5	61	38.5	42.5	21.5	36.5	56	23.5	31	42	18	40	55.5	47	52	46	39	44.5	65.5	63.5	43.5	25	39.5	34.5	21.5	51.5	69.5	41	12	42	22.5	
61.5	60	32	48.5	19.5	15.5	58.5	31.5	28	25.5	27.5	39	28	6.5	49	5.5	28.5	7	35	19	21.5	29.5	24	39.5	33	0	42.5	48	46	25	52.5	20.5	0	65.5	13.5	36.5	21.5	18	35	29.5	27.5	33	19.5	24	1	50.5	33	33	31.5	55	44.5	8	54.5	63	56.5	28	36.5	45.5	17.5	57.5	24	37.5	14	49.5	43.5	30	36.5	23	34	27.5	22.5	58	15.5	21.5	17.5	37.5	33	40.5	18	47	31	9	38.5	52	27	63	20	39.5	38.5	40.5	40.5	24	44.5	29.5	17.5	62.5	38.5	38	37	21	51.5	
21	19.5	27.5	81	35	56	26	23	56.5	31	62	15.5	24.5	42	55.5	46	61	47.5	39.5	59.5	33	30	64.5	3	21.5	42.5	0	31.5	78.5	27.5	32	22	42.5	64	39	18	33	46.5	24.5	13	27	51.5	50	40.5	41.5	14	73.5	38.5	23	79.5	45	38.5	30	71.5	18	26.5	38	3	37	62	30.5	17	38.5	70	76	64.5	18	63.5	25.5	27	47	76.5	54	21	37	52	71.5	2	46.5	57.5	23.5	49.5	44	62.5	67.5	61.5	30.5	60	79	79	34	40.5	30	13	37	67	79	31.5	17.5	26.5	13	
15.5	12	38	94.5	54.5	61.5	20.5	42.5	74	26.5	73.5	35	44	47.5	75	51.5	74.5	53	59	65	42.5	49.5	70	34.5	41	48	31.5	0	92	47	26.5	31.5	48	83.5	44.5	37.5	52.5	64	39	40.5	46.5	71	65.5	60	47	23.5	79	15	42.5	99	64.5	44	24.5	91	17.5	46	27.5	28.5	48.5	81.5	50	36.5	58	89.5	89.5	76	37.5	69	40	46.5	66.5	96	61.5	32.5	56.5	71.5	79	33.5	64	77	43	55	24.5	82	73	81	36	79.5	84.5	86.5	31.5	60	29.5	40.5	56.5	86.5	84.5	34	37	27	22.5	
87.5	86	76	22.5	63.5	34.5	92.5	69.5	42	69.5	36.5	77	56	50.5	37	44.5	37.5	41	51	33	65.5	56.5	28	81.5	63	46	78.5	92	0	59	96.5	64.5	46	25.5	57.5	64.5	65.5	52	79	73.5	63.5	47	48.5	58	45	80.5	17	77	75.5	29	41.5	52	96.5	33	84.5	68	80.5	75.5	61.5	28.5	68	73.5	60	28.5	22.5	34	64.5	27	78	71.5	51.5	32	44.5	65.5	61.5	46.5	27	80.5	52	39	75	43	82.5	34	31	17	64	38.5	17.5	19.5	84.5	58	88.5	73.5	61.5	28.5	12.5	82	69	65	79.5	
36.5	35	43	61.5	20.5	40.5	41.5	18.5	37	50.5	42.5	26	3	31.5	36	30.5	41.5	32	20	44	38.5	10.5	49	30.5	12	25	27.5	47	59	0	47.5	45.5	25	44.5	36.5	13.5	18.5	27	40	40.5	12.5	32	30.5	21	26	29.5	58	58	28.5	60	25.5	33	45.5	52	33.5	17	53.5	24.5	32.5	42.5	31	22.5	11	50.5	56.5	45	13.5	48	41	32.5	27.5	57	34.5	46.5	22.5	32.5	52	29.5	27	38	24	34	61.5	43	48	42	45	40.5	61.5	59.5	49.5	21	45.5	40.5	22.5	47.5	63.5	47	18	46	28.5	
11	14.5	42.5	99	55	66	6	43	76.5	31	78	35.5	44.5	52	75.5	56	79	57.5	59.5	69.5	47	50	74.5	35	41.5	52.5	32	26.5	96.5	47.5	0	36	52.5	84	49	38	53	66.5	39.5	45	47	71.5	70	60.5	51.5	24	83.5	23.5	43	99.5	65	48.5	2	91.5	18	46.5	32	29	53	82	50.5	37	58.5	90	94	80.5	38	73.5	40.5	47	67	96.5	66	37	57	72	83.5	34	66.5	77.5	43.5	59.5	14	82.5	77.5	81.5	40.5	80	89	91	34	60.5	30	45	57	87	89	36.5	37.5	31.5	23	
43	41.5	15.5	67	33	34	42	35	46.5	9	46	27.5	46.5	20	67.5	24	47	25.5	53.5	37.5	15	48	42.5	19	41.5	20.5	22	31.5	64.5	45.5	36	0	20.5	84	17	40	35	36.5	18.5	9	41	51.5	38	42.5	19.5	34	51.5	16.5	25	73.5	63	16.5	38	81.5	40	36.5	20	25	21	76	22.5	31	34.5	68	62	48.5	40	41.5	17.5	21	41	76.5	34	1	31	56	51.5	20	36.5	65.5	29.5	27.5	22	70.5	45.5	81.5	8.5	58	57	59	24	42.5	28	9	31	81	57	21.5	35.5	4.5	35	
61.5	60	32	48.5	19.5	15.5	58.5	31.5	28	25.5	27.5	39	28	6.5	49	5.5	28.5	7	35	19	21.5	29.5	24	39.5	33	0	42.5	48	46	25	52.5	20.5	0	65.5	13.5	36.5	21.5	18	35	29.5	27.5	33	19.5	24	1	50.5	33	33	31.5	55	44.5	8	54.5	63	56.5	28	36.5	45.5	17.5	57.5	24	37.5	14	49.5	43.5	30	36.5	23	34	27.5	22.5	58	15.5	21.5	17.5	37.5	33	40.5	18	47	31	9	38.5	52	27	63	20	39.5	38.5	40.5	40.5	24	44.5	29.5	17.5	62.5	38.5	38	37	21	51.5	
73	71.5	79.5	17	57	54	78	55	43.5	89	44	62.5	41.5	70	22.5	64	43	60.5	36.5	52.5	75	42	47.5	67	48.5	65.5	64	83.5	25.5	44.5	84	84	65.5	0	73	50	55	53.5	76.5	77	49	38.5	52	47.5	64.5	66	36.5	96.5	65	21.5	27	71.5	82	13.5	70	53.5	90	61	69	14	67.5	59	55.5	22	28	41.5	50	46.5	77.5	69	49	18.5	56	85	59	34	38.5	66	53.5	24.5	60.5	62.5	98	19.5	44.5	8.5	81.5	32	33	31	86	47.5	82	77	59	3	27	83.5	54.5	84.5	65	
50	48.5	28.5	60	26	27	55	18	39.5	22	39	35.5	33.5	13	60.5	17	40	18.5	46.5	30.5	18	39	35.5	36	30.5	13.5	39	44.5	57.5	36.5	49	17	13.5	73	0	23	28	29.5	31.5	26	34	44.5	31	35.5	12.5	43	44.5	29.5	28	66.5	54	9.5	51	74.5	47	29.5	33	38	4	69	20.5	34	27.5	61	55	41.5	23	34.5	30.5	24	34	69.5	27	18	24	49	44.5	37	29.5	58.5	27.5	20.5	35	63.5	38.5	70.5	16.5	51	50	52	37	35.5	41	26	24	74	50	34.5	31.5	17.5	42	
27	25.5	33.5	67	21	50	32	5	42.5	45	48	16.5	10.5	34	41.5	40	47	41.5	25.5	51.5	29	16	56.5	21	7.5	36.5	18	37.5	64.5	13.5	38	40	36.5	50	23	0	19	32.5	30.5	31	13	37.5	36	26.5	35.5	20	67.5	52.5	19	65.5	31	32.5	36	57.5	24	12.5	44	15	19	48	21.5	13	24.5	56	62	50.5	0	57.5	31.5	23	33	62.5	40	39	23	38	57.5	20	32.5	43.5	14.5	41.5	52	48.5	53.5	47.5	35.5	46	67	65	40	26.5	36	31	23	53	73	37.5	8.5	40.5	19	
42	40.5	46.5	68	2	35	47	24	47.5	40	47	31.5	15.5	15	46.5	25	48	26.5	30.5	38.5	36	21	43.5	36	17.5	21.5	33	52.5	65.5	18.5	53	35	21.5	55	28	19	0	37.5	45.5	44	6	42.5	39	31.5	20.5	35	52.5	47.5	34	70.5	36	22.5	51	62.5	39	22.5	51	30	32	53	36.5	28	29.5	61	63	49.5	19	42.5	46.5	38	38	67.5	35	36	4	43	52.5	35	37.5	48.5	29.5	28.5	53	53.5	46.5	52.5	34.5	51	58	60	55	31.5	51	44	4	58	58	52.5	23.5	35.5	34	
55.5	54	48	54.5	35.5	21.5	60.5	37.5	34	41.5	33.5	45	24	22.5	45	16.5	34.5	11	29	25	37.5	24.5	30	49.5	31	18	46.5	64	52	27	66.5	36.5	18	53.5	29.5	32.5	37.5	0	51	45.5	31.5	39	25.5	6	17	48.5	39	49	47.5	61	34.5	24	64.5	61	52.5	36	52.5	43.5	33.5	51.5	40	41.5	32	55.5	49.5	36	32.5	29	50	43.5	28.5	64	21.5	37.5	33.5	41.5	39	48.5	0	47	43	9	54.5	52	33	51	36	45.5	44.5	46.5	56.5	6	60.5	45.5	33.5	56.5	44.5	54	37	37	47.5	
28.5	27	3	81.5	47.5	48.5	33.5	35.5	61	18.5	60.5	28	37	34.5	68	38.5	61.5	40	52	52	29.5	42.5	57	27.5	34	35	24.5	39	79	40	39.5	18.5	35	76.5	31.5	30.5	45.5	51	0	27.5	39.5	64	52.5	53	34	21.5	66	26	35.5	88	57.5	31	37.5	84	25.5	39	29.5	21.5	35.5	74.5	37	29.5	49	82.5	76.5	63	30.5	56	1	35.5	55.5	89	48.5	19.5	45.5	64.5	66	26.5	51	70	36	42	31.5	75	60	74	23	72.5	71.5	73.5	33.5	53	37.5	27.5	45.5	79.5	71.5	31	30	14	20.5	
34	32.5	24.5	76	42	43	39	36	55.5	18	55	28.5	37.5	29	68.5	33	56	34.5	52.5	46.5	24	43	51.5	10	34.5	29.5	13	40.5	73.5	40.5	45	9	29.5	77	26	31	44	45.5	27.5	0	40	60.5	47	51.5	28.5	27	60.5	25.5	34	82.5	58	25.5	43	84.5	31	39.5	29	16	30	75	31.5	30	43.5	77	71	57.5	31	50.5	26.5	30	50	85.5	43	8	40	65	60.5	11	45.5	70.5	36.5	36.5	31	75.5	54.5	74.5	17.5	67	66	68	33	51.5	37	0	40	80	66	30.5	30.5	13.5	26	
36	34.5	42.5	66	8	41	41	18	41.5	46	47	25.5	9.5	21	40.5	31	46	32.5	24.5	44.5	38	15	49.5	30	11.5	27.5	27	46.5	63.5	12.5	47	41	27.5	49	34	13	6	31.5	39.5	40	0	36.5	35	25.5	26.5	29	58.5	53.5	28	64.5	30	28.5	45	56.5	33	16.5	53	24	32	47	30.5	22	23.5	55	61	49.5	13	48.5	40.5	32	32	61.5	39	42	10	37	56.5	29	31.5	42.5	23.5	34.5	59	47.5	52.5	46.5	40.5	45	64	64	49	25.5	45	40	10	52	64	46.5	17.5	41.5	28	
60.5	59	63	49.5	44.5	21.5	65.5	42.5	5	56.5	28.5	50	29	37.5	30	31.5	29.5	28	24	14	52.5	29.5	25	54.5	36	33	51.5	71	47	32	71.5	51.5	33	38.5	44.5	37.5	42.5	39	64	60.5	36.5	0	35.5	35	32	53.5	34	64	52.5	54	19.5	39	69.5	46	57.5	41	67.5	48.5	48.5	36.5	55	46.5	43	44.5	44.5	31	37.5	24	65	56.5	36.5	51	31.5	52.5	46.5	26.5	34	53.5	39	32	48	30	69.5	37	28	36	51	34.5	39.5	41.5	71.5	35	69.5	60.5	46.5	41.5	39.5	69	42	52	52.5	
59	57.5	49.5	51	37	18	64	41	30.5	43	30	48.5	27.5	24	43.5	18	31	14.5	27.5	21.5	39	28	26.5	53	34.5	19.5	50	65.5	48.5	30.5	70	38	19.5	52	31	36	39	25.5	52.5	47	35	35.5	0	31.5	18.5	52	35.5	50.5	49	57.5	33	25.5	68	59.5	56	39.5	54	47	35	50	41.5	45	33.5	52	46	32.5	36	25.5	51.5	45	3	60.5	4	39	35	40	35.5	52	25.5	45.5	46.5	16.5	56	50.5	29.5	49.5	37.5	42	41	43	58	31.5	62	47	35	55	41	55.5	40.5	38.5	51	
49.5	48	54	60.5	33.5	27.5	54.5	31.5	40	47.5	39.5	39	18	28.5	39	22.5	40.5	17	23	31	43.5	18.5	36	43.5	25	24	40.5	60	58	21	60.5	42.5	24	47.5	35.5	26.5	31.5	6	53	51.5	25.5	35	31.5	0	23	42.5	45	55	41.5	63	28.5	30	58.5	55	46.5	30	58.5	37.5	39.5	45.5	44	35.5	32	53.5	55.5	42	26.5	35	54	45.5	30.5	60	27.5	43.5	35.5	35.5	45	42.5	6	41	37	15	60.5	46	39	45	42	43.5	50.5	52.5	62.5	0	58.5	51.5	35.5	50.5	50.5	60	31	43	41.5	
62.5	59	31	47.5	18.5	14.5	57.5	30.5	27	24.5	26.5	38	29	5.5	48	4.5	27.5	6	34	18	20.5	28.5	23	38.5	32	1	41.5	47	45	26	51.5	19.5	1	64.5	12.5	35.5	20.5	17	34	28.5	26.5	32	18.5	23	0	49.5	32	32	30.5	54	43.5	7	53.5	62	55.5	27	35.5	44.5	16.5	56.5	23	36.5	15	48.5	42.5	29	35.5	22	33	26.5	21.5	57	14.5	20.5	16.5	36.5	32	39.5	17	46	30	8	37.5	51	26	62	19	38.5	37.5	39.5	39.5	23	43.5	28.5	16.5	61.5	37.5	37	36	20	50.5	
13	11.5	24.5	83	37	64	18	25	58.5	25	64	17.5	26.5	50	57.5	54	63	55.5	41.5	67.5	35	32	72.5	17	23.5	50.5	14	23.5	80.5	29.5	24	34	50.5	66	43	20	35	48.5	21.5	27	29	53.5	52	42.5	49.5	0	81.5	36.5	25	81.5	47	46.5	22	73.5	10	28.5	30	11	39	64	32.5	19	40.5	72	78	66.5	20	71.5	22.5	29	49	78.5	56	35	39	54	73.5	16	48.5	59.5	25.5	57.5	38	64.5	69.5	63.5	36.5	62	83	81	26	42.5	22	27	39	69	87	23.5	19.5	29.5	1	
90.5	89	63	19.5	50.5	21.5	89.5	62.5	29	56.5	23.5	70	59	37.5	30	31.5	24.5	28	46	20	52.5	55.5	15	70.5	64	33	73.5	79	17	58	83.5	51.5	33	36.5	44.5	67.5	52.5	39	66	60.5	58.5	34	35.5	45	32	81.5	0	64	62.5	26	40.5	39	85.5	34	87.5	59	67.5	76.5	48.5	28.5	55	68.5	47	20.5	14.5	21	67.5	14	65	58.5	38.5	29	31.5	52.5	48.5	33.5	14	71.5	39	28	62	30	69.5	19	18	34	51	25.5	9.5	11.5	71.5	45	75.5	60.5	48.5	33.5	9.5	69	68	52	82.5	
30.5	27	23	79.5	45.5	46.5	29.5	47.5	59	11.5	58.5	40	59	32.5	80	36.5	59.5	38	66	50	27.5	60.5	55	35.5	54	33	38.5	15	77	58	23.5	16.5	33	96.5	29.5	52.5	47.5	49	26	25.5	53.5	64	50.5	55	32	36.5	64	0	37.5	86	75.5	29	25.5	94	32.5	49	12.5	41.5	33.5	88.5	35	43.5	47	80.5	74.5	61	52.5	54	25	33.5	53.5	89	46.5	17.5	43.5	68.5	64	36.5	49	78	42	40	9.5	83	58	94	21	70.5	69.5	71.5	16.5	55	20.5	25.5	43.5	93.5	69.5	19	48	12	37.5	
32	30.5	36.5	78	36	45	37	24	57.5	30	57	21.5	25.5	31	56.5	35	58	36.5	40.5	48.5	10	31	53.5	26	22.5	31.5	23	42.5	75.5	28.5	43	25	31.5	65	28	19	34	47.5	35.5	34	28	52.5	49	41.5	30.5	25	62.5	37.5	0	80.5	46	27.5	41	72.5	29	27.5	41	20	32	63	31.5	6	39.5	71	73	59.5	19	52.5	36.5	4	48	77.5	45	26	38	53	62.5	25	47.5	58.5	24.5	38.5	43	63.5	56.5	62.5	24.5	61	68	70	45	41.5	41	34	38	68	68	42.5	18.5	25.5	24	
88.5	87	85	26.5	72.5	43.5	93.5	70.5	51	78.5	45.5	78	57	59.5	38	53.5	46.5	50	52	42	74.5	57.5	37	82.5	64	55	79.5	99	29	60	99.5	73.5	55	21.5	66.5	65.5	70.5	61	88	82.5	64.5	54	57.5	63	54	81.5	26	86	80.5	0	42.5	61	97.5	8	85.5	69	89.5	76.5	70.5	29.5	77	74.5	69	37.5	31.5	43	65.5	36	87	80.5	60.5	3	53.5	74.5	70.5	49.5	36	81.5	61	40	76	52	91.5	35	40	24	73	47.5	26.5	28.5	93.5	63	97.5	82.5	70.5	24.5	16.5	91	70	74	80.5	
54	52.5	60.5	44	38	33	59	36	24.5	68	17	43.5	22.5	49	18.5	43	16	39.5	17.5	31.5	56	23	31.5	48	29.5	44.5	45	64.5	41.5	25.5	65	63	44.5	27	54	31	36	34.5	57.5	58	30	19.5	33	28.5	43.5	47	40.5	75.5	46	42.5	0	50.5	63	34.5	51	34.5	71	42	50	25	48.5	40	36.5	33	39	27.5	31	30.5	58.5	50	30	39.5	37	64	40	7	34.5	47	34.5	20.5	41.5	41.5	79	25.5	30.5	24.5	62.5	23	44	42	67	28.5	63	58	40	30	46	64.5	35.5	63.5	46	
55.5	54	28	54.5	20.5	21.5	54.5	27.5	34	21.5	33.5	35	34	7.5	55	11.5	34.5	13	41	25	17.5	35.5	30	35.5	25	8	38.5	44	52	33	48.5	16.5	8	71.5	9.5	32.5	22.5	24	31	25.5	28.5	39	25.5	30	7	46.5	39	29	27.5	61	50.5	0	50.5	69	52.5	20	32.5	41.5	13.5	63.5	20	33.5	22	55.5	49.5	36	32.5	29	30	23.5	28.5	64	21.5	17.5	18.5	43.5	39	36.5	24	53	27	15	34.5	58	33	69	16	45.5	44.5	46.5	36.5	30	40.5	25.5	18.5	68.5	44.5	34	33	17	47.5	
9	12.5	40.5	99	53	68	4	41	74.5	33	80	33.5	42.5	54	73.5	58	79	59.5	57.5	71.5	49	48	76.5	33	39.5	54.5	30	24.5	96.5	45.5	2	38	54.5	82	51	36	51	64.5	37.5	43	45	69.5	68	58.5	53.5	22	85.5	25.5	41	97.5	63	50.5	0	89.5	16	44.5	34	27	55	80	48.5	35	56.5	88	94	82.5	36	75.5	38.5	45	65	94.5	68	39	55	70	85.5	32	64.5	75.5	41.5	61.5	16	80.5	79.5	79.5	42.5	78	91	93	32	58.5	28	43	55	85	91	34.5	35.5	33.5	21	
80.5	79	87	30.5	64.5	51.5	85.5	62.5	51	86.5	51.5	70	49	67.5	30	61.5	50.5	58	44	50	82.5	49.5	45	74.5	56	63	71.5	91	33	52	91.5	81.5	63	13.5	74.5	57.5	62.5	61	84	84.5	56.5	46	59.5	55	62	73.5	34	94	72.5	8	34.5	69	89.5	0	77.5	61	97.5	68.5	76.5	21.5	75	66.5	63	29.5	35.5	49	57.5	44	85	76.5	56.5	5	61.5	82.5	66.5	41.5	44	73.5	61	32	68	60	99.5	27	48	16	81	39.5	34.5	36.5	93.5	55	89.5	84.5	66.5	16.5	24.5	91	62	82	72.5	
7	5.5	28.5	87	41	70	12	29	62.5	35	68	21.5	30.5	54	61.5	60	67	61.5	45.5	71.5	39	36	76.5	21	27.5	56.5	18	17.5	84.5	33.5	18	40	56.5	70	47	24	39	52.5	25.5	31	33	57.5	56	46.5	55.5	10	87.5	32.5	29	85.5	51	52.5	16	77.5	0	32.5	20	15	43	68	36.5	23	44.5	76	82	70.5	24	77.5	26.5	33	53	82.5	60	39	43	58	77.5	20	52.5	63.5	29.5	61.5	32	68.5	73.5	67.5	40.5	66	87	85	16	46.5	12	31	43	73	93	22.5	23.5	35.5	9	
35.5	34	42	70.5	24.5	41.5	40.5	17.5	46	41.5	51.5	25	14	27.5	45	31.5	50.5	33	29	45	37.5	19.5	50	29.5	5	28	26.5	46	68	17	46.5	36.5	28	53.5	29.5	12.5	22.5	36	39	39.5	16.5	41	39.5	30	27	28.5	59	49	27.5	69	34.5	20	44.5	61	32.5	0	52.5	23.5	31.5	51.5	30	21.5	28	59.5	65.5	54	12.5	49	40	31.5	36.5	66	41.5	37.5	26.5	41.5	59	28.5	36	47	23	35	54.5	52	53	51	36	49.5	64.5	66.5	48.5	30	44.5	39.5	26.5	56.5	64.5	46	17	37	27.5	
27	25.5	26.5	83	49	50	32	49	62.5	15	62	41.5	50.5	36	81.5	40	63	41.5	65.5	53.5	31	56	58.5	39	47.5	36.5	38	27.5	80.5	53.5	32	20	36.5	90	33	44	51	52.5	29.5	29	53	67.5	54	58.5	35.5	30	67.5	12.5	41	89.5	71	32.5	34	97.5	20	52.5	0	35	37	88	38.5	43	50.5	84	78	64.5	44	57.5	28.5	37	57	92.5	50	21	47	72	67.5	40	52.5	81.5	45.5	43.5	18	86.5	61.5	87.5	24.5	74	73	75	4	58.5	8	29	47	93	73	22.5	43.5	15.5	29	
18	16.5	24.5	78	32	59	23	20	53.5	34	59	12.5	21.5	45	52.5	49	58	50.5	36.5	62.5	30	27	67.5	6	18.5	45.5	3	28.5	75.5	24.5	29	25	45.5	61	38	15	30	43.5	21.5	16	24	48.5	47	37.5	44.5	11	76.5	41.5	20	76.5	42	41.5	27	68.5	15	23.5	35	0	34	59	27.5	14	35.5	67	73	61.5	15	66.5	22.5	24	44	73.5	51	24	34	49	68.5	5	43.5	54.5	20.5	52.5	43	59.5	64.5	58.5	31.5	57	78	76	31	37.5	27	16	34	64	82	28.5	14.5	29.5	10	
46	44.5	32.5	64	30	31	51	14	43.5	26	43	35.5	29.5	17	60.5	21	44	22.5	44.5	34.5	22	35	39.5	40	26.5	17.5	37	48.5	61.5	32.5	53	21	17.5	69	4	19	32	33.5	35.5	30	32	48.5	35	39.5	16.5	39	48.5	33.5	32	70.5	50	13.5	55	76.5	43	31.5	37	34	0	67	24.5	32	31.5	65	59	45.5	19	38.5	34.5	28	38	73.5	31	22	28	53	48.5	39	33.5	62.5	31.5	24.5	39	67.5	42.5	66.5	20.5	55	54	56	41	39.5	45	30	28	72	54	38.5	27.5	21.5	38	
71	69.5	77.5	31	55	46	76	53	41.5	81	42	60.5	39.5	62	20.5	56	41	52.5	34.5	44.5	73	40	39.5	65	46.5	57.5	62	81.5	28.5	42.5	82	76	57.5	14	69	48	53	51.5	74.5	75	47	36.5	50	45.5	56.5	64	28.5	88.5	63	29.5	25	63.5	80	21.5	68	51.5	88	59	67	0	65.5	57	53.5	8	14	39.5	48	38.5	75.5	67	47	26.5	54	77	57	32	36.5	64	51.5	22.5	58.5	54.5	94	17.5	42.5	11.5	75.5	30	19	17	84	45.5	80	75	57	17	29	81.5	52.5	76.5	63	
39.5	38	34	70.5	36.5	37.5	44.5	26.5	50	27.5	49.5	29	28	23.5	59	27.5	50.5	29	43	41	23.5	33.5	46	33.5	25	24	30.5	50	68	31	50.5	22.5	24	67.5	20.5	21.5	36.5	40	37	31.5	30.5	55	41.5	44	23	32.5	55	35	31.5	77	48.5	20	48.5	75	36.5	30	38.5	27.5	24.5	65.5	0	25.5	38	71.5	65.5	52	21.5	45	36	29.5	44.5	80	37.5	23.5	34.5	55.5	55	32.5	40	61	7	31	40.5	66	49	65	22	61.5	60.5	62.5	42.5	44	46.5	31.5	34.5	70.5	60.5	40	13	23	31.5	
26	24.5	32.5	76	30	51	31	18	51.5	36	57	15.5	19.5	37	50.5	41	56	42.5	34.5	54.5	16	25	59.5	20	16.5	37.5	17	36.5	73.5	22.5	37	31	37.5	59	34	13	28	41.5	29.5	30	22	46.5	45	35.5	36.5	19	68.5	43.5	6	74.5	40	33.5	35	66.5	23	21.5	43	14	32	57	25.5	0	33.5	65	71	59.5	13	58.5	30.5	10	42	71.5	49	32	32	47	66.5	19	41.5	52.5	18.5	44.5	49	57.5	62.5	56.5	30.5	55	74	74	39	35.5	35	30	32	62	74	36.5	12.5	31.5	18	
47.5	46	46	62.5	31.5	29.5	52.5	29.5	42	39.5	41.5	37	14	20.5	47	19.5	42.5	21	31	33	35.5	21.5	38	41.5	23	14	38.5	58	60	11	58.5	34.5	14	55.5	27.5	24.5	29.5	32	49	43.5	23.5	43	33.5	32	15	40.5	47	47	39.5	69	36.5	22	56.5	63	44.5	28	50.5	35.5	31.5	53.5	38	33.5	0	61.5	57.5	44	24.5	37	48	41.5	36.5	68	29.5	35.5	31.5	43.5	47	40.5	32	49	35	23	52.5	54	41	53	34	51.5	52.5	54.5	54.5	32	56.5	43.5	31.5	58.5	52.5	52	29	35	39.5	
79	77.5	79.5	31	63	38	84	61	45.5	73	40	68.5	47.5	54	28.5	48	41	44.5	42.5	36.5	69	48	31.5	73	54.5	49.5	70	89.5	28.5	50.5	90	68	49.5	22	61	56	61	55.5	82.5	77	55	44.5	52	53.5	48.5	72	20.5	80.5	71	37.5	33	55.5	88	29.5	76	59.5	84	67	65	8	71.5	65	61.5	0	6	37.5	56	30.5	81.5	75	55	34.5	48	69	65	40	30.5	72	55.5	30.5	66.5	46.5	86	25.5	34.5	19.5	67.5	38	11	9	88	53.5	88	77	65	25	21	85.5	60.5	68.5	71	
85	83.5	73.5	25	61	32	90	67	39.5	67	34	74.5	53.5	48	34.5	42	35	38.5	48.5	30.5	63	54	25.5	79	60.5	43.5	76	89.5	22.5	56.5	94	62	43.5	28	55	62	63	49.5	76.5	71	61	44.5	46	55.5	42.5	78	14.5	74.5	73	31.5	39	49.5	94	35.5	82	65.5	78	73	59	14	65.5	71	57.5	6	0	31.5	62	24.5	75.5	69	49	34.5	42	63	59	44	24.5	78	49.5	36.5	72.5	40.5	80	31.5	28.5	25.5	61.5	36	5	3	82	55.5	86	71	59	31	15	79.5	66.5	62.5	77	
73.5	72	60	36.5	47.5	18.5	78.5	55.5	26	53.5	20.5	63	42	34.5	33	28.5	21.5	25	37	17	49.5	42.5	6	67.5	49	30	64.5	76	34	45	80.5	48.5	30	41.5	41.5	50.5	49.5	36	63	57.5	49.5	31	32.5	42	29	66.5	21	61	59.5	43	27.5	36	82.5	49	70.5	54	64.5	61.5	45.5	39.5	52	59.5	44	37.5	31.5	0	50.5	7	62	55.5	35.5	46	28.5	49.5	45.5	30.5	21	66.5	36	35	59	27	66.5	40	3	39	48	27.5	26.5	28.5	68.5	42	72.5	57.5	45.5	44.5	26.5	66	55	49	65.5	
27	25.5	33.5	67	21	50	32	5	42.5	45	48	16.5	10.5	34	41.5	40	47	41.5	25.5	51.5	29	16	56.5	21	7.5	36.5	18	37.5	64.5	13.5	38	40	36.5	50	23	0	19	32.5	30.5	31	13	37.5	36	26.5	35.5	20	67.5	52.5	19	65.5	31	32.5	36	57.5	24	12.5	44	15	19	48	21.5	13	24.5	56	62	50.5	0	57.5	31.5	23	33	62.5	40	39	23	38	57.5	20	32.5	43.5	14.5	41.5	52	48.5	53.5	47.5	35.5	46	67	65	40	26.5	36	31	23	53	73	37.5	8.5	40.5	19	
80.5	79	53	29.5	40.5	11.5	79.5	52.5	19	46.5	13.5	60	49	27.5	30	21.5	14.5	18	36	10	42.5	45.5	1	60.5	54	23	63.5	69	27	48	73.5	41.5	23	46.5	34.5	57.5	42.5	29	56	50.5	48.5	24	25.5	35	22	71.5	14	54	52.5	36	30.5	29	75.5	44	77.5	49	57.5	66.5	38.5	38.5	45	58.5	37	30.5	24.5	7	57.5	0	55	48.5	28.5	39	21.5	42.5	38.5	23.5	14	61.5	29	28	52	20	59.5	33	4	44	41	20.5	19.5	21.5	61.5	35	65.5	50.5	38.5	43.5	19.5	59	58	42	72.5	
29.5	28	2	80.5	46.5	47.5	34.5	36.5	60	17.5	59.5	29	38	33.5	69	37.5	60.5	39	53	51	28.5	43.5	56	28.5	35	34	25.5	40	78	41	40.5	17.5	34	77.5	30.5	31.5	46.5	50	1	26.5	40.5	65	51.5	54	33	22.5	65	25	36.5	87	58.5	30	38.5	85	26.5	40	28.5	22.5	34.5	75.5	36	30.5	48	81.5	75.5	62	31.5	55	0	34.5	54.5	90	47.5	18.5	44.5	65.5	65	27.5	50	71	37	41	30.5	76	59	75	22	71.5	70.5	72.5	32.5	54	36.5	26.5	44.5	80.5	70.5	30	31	13	21.5	
36	34.5	32.5	74	40	41	41	28	53.5	26	53	25.5	29.5	27	60.5	31	54	32.5	44.5	44.5	6	35	49.5	30	26.5	27.5	27	46.5	71.5	32.5	47	21	27.5	69	24	23	38	43.5	35.5	30	32	56.5	45	45.5	26.5	29	58.5	33.5	4	80.5	50	23.5	45	76.5	33	31.5	37	24	28	67	29.5	10	41.5	75	69	55.5	23	48.5	34.5	0	48	81.5	41	22	38	57	58.5	29	43.5	62.5	28.5	34.5	39	67.5	52.5	66.5	20.5	65	64	66	41	45.5	45	30	38	72	64	38.5	22.5	21.5	28	
56	54.5	52.5	54	40	21	61	38	33.5	46	33	45.5	24.5	27	40.5	21	34	17.5	24.5	24.5	42	25	29.5	50	31.5	22.5	47	66.5	51.5	27.5	67	41	22.5	49	34	33	38	28.5	55.5	50	32	36.5	3	30.5	21.5	49	38.5	53.5	48	60.5	30	28.5	65	56.5	53	36.5	57	44	38	47	44.5	42	36.5	55	49	35.5	33	28.5	54.5	48	0	61.5	7	42	38	37	38.5	49	28.5	42.5	43.5	19.5	59	47.5	32.5	46.5	40.5	45	44	46	61	30.5	65	50	38	52	44	58.5	37.5	41.5	48	
85.5	84	88	29.5	69.5	46.5	90.5	67.5	54	81.5	48.5	75	54	62.5	35	56.5	49.5	53	49	45	77.5	54.5	40	79.5	61	58	76.5	96	32	57	96.5	76.5	58	18.5	69.5	62.5	67.5	64	89	85.5	61.5	51	60.5	60	57	78.5	29	89	77.5	3	39.5	64	94.5	5	82.5	66	92.5	73.5	73.5	26.5	80	71.5	68	34.5	34.5	46	62.5	39	90	81.5	61.5	0	56.5	77.5	71.5	46.5	39	78.5	64	37	73	55	94.5	32	43	21	76	44.5	29.5	31.5	96.5	60	94.5	85.5	71.5	21.5	19.5	94	67	77	77.5	
63	61.5	45.5	47	33	14	68	45	26.5	39	26	52.5	31.5	20	47.5	14	27	10.5	31.5	17.5	35	32	22.5	53	38.5	15.5	54	61.5	44.5	34.5	66	34	15.5	56	27	40	35	21.5	48.5	43	39	31.5	4	27.5	14.5	56	31.5	46.5	45	53.5	37	21.5	68	61.5	60	41.5	50	51	31	54	37.5	49	29.5	48	42	28.5	40	21.5	47.5	41	7	56.5	0	35	31	36	31.5	54	21.5	45.5	44.5	12.5	52	50.5	25.5	53.5	33.5	38	37	39	54	27.5	58	43	31	59	37	51.5	44.5	34.5	55	
42	40.5	16.5	68	34	35	43	36	47.5	10	47	28.5	45.5	21	68.5	25	48	26.5	54.5	38.5	16	49	43.5	18	42.5	21.5	21	32.5	65.5	46.5	37	1	21.5	85	18	39	36	37.5	19.5	8	42	52.5	39	43.5	20.5	35	52.5	17.5	26	74.5	64	17.5	39	82.5	39	37.5	21	24	22	77	23.5	32	35.5	69	63	49.5	39	42.5	18.5	22	42	77.5	35	0	32	57	52.5	19	37.5	66.5	30.5	28.5	23	71.5	46.5	82.5	9.5	59	58	60	25	43.5	29	8	32	82	58	22.5	36.5	5.5	34	
46	44.5	42.5	64	2	31	51	28	43.5	36	43	35.5	19.5	11	50.5	21	44	22.5	34.5	34.5	32	25	39.5	40	21.5	17.5	37	56.5	61.5	22.5	57	31	17.5	59	24	23	4	33.5	45.5	40	10	46.5	35	35.5	16.5	39	48.5	43.5	38	70.5	40	18.5	55	66.5	43	26.5	47	34	28	57	34.5	32	31.5	65	59	45.5	23	38.5	44.5	38	38	71.5	31	32	0	47	48.5	39	33.5	52.5	33.5	24.5	49	57.5	42.5	56.5	30.5	55	54	56	51	35.5	55	40	0	62	54	48.5	27.5	31.5	38	
61	59.5	67.5	49	45	26	66	43	31.5	61	10	50.5	29.5	42	25.5	36	9	32.5	24.5	24.5	57	30	24.5	55	36.5	37.5	52	71.5	46.5	32.5	72	56	37.5	34	49	38	43	41.5	64.5	65	37	26.5	40	35.5	36.5	54	33.5	68.5	53	49.5	7	43.5	70	41.5	58	41.5	72	49	53	32	55.5	47	43.5	40	44	30.5	38	23.5	65.5	57	37	46.5	36	57	47	0	33.5	54	41.5	27.5	48.5	34.5	74	32.5	27.5	31.5	55.5	30	39	41	74	35.5	70	65	47	37	39	71.5	42.5	56.5	53	
80.5	79	63	29.5	50.5	21.5	85.5	62.5	29	56.5	23.5	70	49	37.5	16	31.5	24.5	28	44	20	52.5	49.5	15	70.5	56	33	71.5	79	27	52	83.5	51.5	33	38.5	44.5	57.5	52.5	39	66	60.5	56.5	34	35.5	45	32	73.5	14	64	62.5	36	34.5	39	85.5	44	77.5	59	67.5	68.5	48.5	36.5	55	66.5	47	30.5	24.5	21	57.5	14	65	58.5	38.5	39	31.5	52.5	48.5	33.5	0	71.5	39	14	62	30	69.5	33	18	36	51	25.5	19.5	21.5	71.5	45	75.5	60.5	48.5	41.5	19.5	69	62	52	72.5	
23	21.5	29.5	83	37	54	28	25	58.5	29	64	17.5	26.5	40	57.5	44	63	45.5	41.5	57.5	35	32	62.5	1	23.5	40.5	2	33.5	80.5	29.5	34	20	40.5	66	37	20	35	48.5	26.5	11	29	53.5	52	42.5	39.5	16	71.5	36.5	25	81.5	47	36.5	32	73.5	20	28.5	40	5	39	64	32.5	19	40.5	72	78	66.5	20	61.5	27.5	29	49	78.5	54	19	39	54	71.5	0	48.5	59.5	25.5	47.5	42	64.5	65.5	63.5	28.5	62	77	79	36	42.5	32	11	39	69	77	33.5	19.5	24.5	15	
55.5	54	48	54.5	35.5	21.5	60.5	37.5	34	41.5	33.5	45	24	22.5	45	16.5	34.5	11	29	25	37.5	24.5	30	49.5	31	18	46.5	64	52	27	66.5	36.5	18	53.5	29.5	32.5	37.5	0	51	45.5	31.5	39	25.5	6	17	48.5	39	49	47.5	61	34.5	24	64.5	61	52.5	36	52.5	43.5	33.5	51.5	40	41.5	32	55.5	49.5	36	32.5	29	50	43.5	28.5	64	21.5	37.5	33.5	41.5	39	48.5	0	47	43	9	54.5	52	33	51	36	45.5	44.5	46.5	56.5	6	60.5	45.5	33.5	56.5	44.5	54	37	37	47.5	
66.5	65	73	41.5	50.5	35.5	71.5	48.5	37	70.5	37.5	56	35	51.5	2	45.5	36.5	42	30	34	66.5	35.5	29	60.5	42	47	57.5	77	39	38	77.5	65.5	47	24.5	58.5	43.5	48.5	47	70	70.5	42.5	32	45.5	41	46	59.5	28	78	58.5	40	20.5	53	75.5	32	63.5	47	81.5	54.5	62.5	22.5	61	52.5	49	30.5	36.5	35	43.5	28	71	62.5	42.5	37	45.5	66.5	52.5	27.5	14	59.5	47	0	54	44	83.5	23	32	22	65	25.5	33.5	35.5	79.5	41	75.5	70.5	52.5	27.5	33.5	77	48	66	58.5	
32.5	31	39	77.5	31.5	44.5	37.5	19.5	53	34.5	56.5	22	21	30.5	52	34.5	57.5	36	36	48	30.5	26.5	53	26.5	18	31	23.5	43	75	24	43.5	29.5	31	60.5	27.5	14.5	29.5	43	36	36.5	23.5	48	46.5	37	30	25.5	62	42	24.5	76	41.5	27	41.5	68	29.5	23	45.5	20.5	31.5	58.5	7	18.5	35	66.5	72.5	59	14.5	52	37	28.5	43.5	73	44.5	30.5	33.5	48.5	62	25.5	43	54	0	38	47.5	59	56	58	29	56.5	67.5	69.5	45.5	37	41.5	36.5	33.5	63.5	67.5	43	6	30	24.5	
64.5	63	39	45.5	26.5	12.5	65.5	38.5	25	32.5	24.5	46	33	13.5	46	7.5	25.5	2	32	16	28.5	31.5	21	46.5	40	9	49.5	55	43	34	59.5	27.5	9	62.5	20.5	41.5	28.5	9	42	36.5	34.5	30	16.5	15	8	57.5	30	40	38.5	52	41.5	15	61.5	60	61.5	35	43.5	52.5	24.5	54.5	31	44.5	23	46.5	40.5	27	41.5	20	41	34.5	19.5	55	12.5	28.5	24.5	34.5	30	47.5	9	44	38	0	45.5	49	24	60	27	36.5	35.5	37.5	47.5	15	51.5	36.5	24.5	59.5	35.5	45	44	28	56.5	
25	28.5	28.5	85	51	52	20	53	64.5	17	64	45.5	58.5	38	85.5	42	65	43.5	71.5	55.5	33	64	60.5	41	55.5	38.5	44	24.5	82.5	61.5	14	22	38.5	98	35	52	53	54.5	31.5	31	59	69.5	56	60.5	37.5	38	69.5	9.5	43	91.5	79	34.5	16	99.5	32	54.5	18	43	39	94	40.5	49	52.5	86	80	66.5	52	59.5	30.5	39	59	94.5	52	23	49	74	69.5	42	54.5	83.5	47.5	45.5	0	88.5	63.5	95.5	26.5	76	75	77	22	60.5	26	31	49	99	75	24.5	51.5	17.5	37	
71.5	70	78	36.5	55.5	40.5	76.5	53.5	42	75.5	42.5	61	40	56.5	21	50.5	41.5	47	35	39	71.5	40.5	34	65.5	47	52	62.5	82	34	43	82.5	70.5	52	19.5	63.5	48.5	53.5	52	75	75.5	47.5	37	50.5	46	51	64.5	19	83	63.5	35	25.5	58	80.5	27	68.5	52	86.5	59.5	67.5	17.5	66	57.5	54	25.5	31.5	40	48.5	33	76	67.5	47.5	32	50.5	71.5	57.5	32.5	33	64.5	52	23	59	49	88.5	0	37	17	70	30.5	28.5	30.5	84.5	46	80.5	75.5	57.5	22.5	28.5	82	53	71	63.5	
76.5	75	57	33.5	44.5	15.5	81.5	56.5	23	50.5	17.5	64	45	31.5	34	25.5	18.5	22	40	14	46.5	45.5	3	64.5	52	27	67.5	73	31	48	77.5	45.5	27	44.5	38.5	53.5	46.5	33	60	54.5	52.5	28	29.5	39	26	69.5	18	58	56.5	40	30.5	33	79.5	48	73.5	53	61.5	64.5	42.5	42.5	49	62.5	41	34.5	28.5	3	53.5	4	59	52.5	32.5	43	25.5	46.5	42.5	27.5	18	65.5	33	32	56	24	63.5	37	0	42	45	24.5	23.5	25.5	65.5	39	69.5	54.5	42.5	47.5	23.5	63	58	46	68.5	
70.5	69	77	25.5	54.5	51.5	75.5	52.5	41	86.5	41.5	60	39	67.5	20	61.5	40.5	58	34	50	72.5	39.5	45	64.5	46	63	61.5	81	17	42	81.5	81.5	63	8.5	70.5	47.5	52.5	51	74	74.5	46.5	36	49.5	45	62	63.5	34	94	62.5	24	24.5	69	79.5	16	67.5	51	87.5	58.5	66.5	11.5	65	56.5	53	19.5	25.5	39	47.5	44	75	66.5	46.5	21	53.5	82.5	56.5	31.5	36	63.5	51	22	58	60	95.5	17	42	0	79	29.5	30.5	28.5	83.5	45	79.5	74.5	56.5	11.5	29.5	81	52	82	62.5	
43.5	42	20	66.5	32.5	33.5	46.5	34.5	46	13.5	45.5	19	42	19.5	67	23.5	46.5	25	53	37	14.5	47.5	42	27.5	39	20	30.5	36	64	45	40.5	8.5	20	81.5	16.5	35.5	34.5	36	23	17.5	40.5	51	37.5	42	19	36.5	51	21	24.5	73	62.5	16	42.5	81	40.5	36	24.5	31.5	20.5	75.5	22	30.5	34	67.5	61.5	48	35.5	41	22	20.5	40.5	76	33.5	9.5	30.5	55.5	51	28.5	36	65	29	27	26.5	70	45	79	0	57.5	56.5	58.5	28.5	42	32.5	17.5	30.5	80.5	56.5	26	35	9	35.5	
69	67.5	69.5	41	53	28	74	51	35.5	63	30	58.5	37.5	44	23.5	38	31	34.5	32.5	26.5	59	38	21.5	63	44.5	39.5	60	79.5	38.5	40.5	80	58	39.5	32	51	46	51	45.5	72.5	67	45	34.5	42	43.5	38.5	62	25.5	70.5	61	47.5	23	45.5	78	39.5	66	49.5	74	57	55	30	61.5	55	51.5	38	36	27.5	46	20.5	71.5	65	45	44.5	38	59	55	30	25.5	62	45.5	25.5	56.5	36.5	76	30.5	24.5	29.5	57.5	0	31	33	78	43.5	78	67	55	35	31	75.5	50.5	58.5	61	
90	88.5	68.5	20	56	27	95	68	34.5	62	29	75.5	58.5	43	35.5	37	30	33.5	51.5	25.5	58	59	20.5	76	65.5	38.5	79	84.5	17.5	61.5	89	57	38.5	33	50	67	58	44.5	71.5	66	64	39.5	41	50.5	37.5	83	9.5	69.5	68	26.5	44	44.5	91	34.5	87	64.5	73	78	54	19	60.5	74	52.5	11	5	26.5	67	19.5	70.5	64	44	29.5	37	58	54	39	19.5	77	44.5	33.5	67.5	35.5	75	28.5	23.5	30.5	56.5	31	0	2	77	50.5	81	66	54	34	10	74.5	71.5	57.5	82	
88	86.5	70.5	22	58	29	93	70	36.5	64	31	77.5	56.5	45	37.5	39	32	35.5	51.5	27.5	60	57	22.5	78	63.5	40.5	79	86.5	19.5	59.5	91	59	40.5	31	52	65	60	46.5	73.5	68	64	41.5	43	52.5	39.5	81	11.5	71.5	70	28.5	42	46.5	93	36.5	85	66.5	75	76	56	17	62.5	74	54.5	9	3	28.5	65	21.5	72.5	66	46	31.5	39	60	56	41	21.5	79	46.5	35.5	69.5	37.5	77	30.5	25.5	28.5	58.5	33	2	0	79	52.5	83	68	56	34	12	76.5	69.5	59.5	80	
23	21.5	30.5	87	53	54	28	45	66.5	19	66	37.5	46.5	40	77.5	44	67	45.5	61.5	57.5	35	52	62.5	37	43.5	40.5	34	31.5	84.5	49.5	34	24	40.5	86	37	40	55	56.5	33.5	33	49	71.5	58	62.5	39.5	26	71.5	16.5	45	93.5	67	36.5	32	93.5	16	48.5	4	31	41	84	42.5	39	54.5	88	82	68.5	40	61.5	32.5	41	61	96.5	54	25	51	74	71.5	36	56.5	79.5	45.5	47.5	22	84.5	65.5	83.5	28.5	78	77	79	0	62.5	4	33	51	89	77	26.5	39.5	19.5	25	
49.5	48	54	60.5	33.5	27.5	54.5	31.5	40	47.5	39.5	39	18	28.5	39	22.5	40.5	17	23	31	43.5	18.5	36	43.5	25	24	40.5	60	58	21	60.5	42.5	24	47.5	35.5	26.5	31.5	6	53	51.5	25.5	35	31.5	0	23	42.5	45	55	41.5	63	28.5	30	58.5	55	46.5	30	58.5	37.5	39.5	45.5	44	35.5	32	53.5	55.5	42	26.5	35	54	45.5	30.5	60	27.5	43.5	35.5	35.5	45	42.5	6	41	37	15	60.5	46	39	45	42	43.5	50.5	52.5	62.5	0	58.5	51.5	35.5	50.5	50.5	60	31	43	41.5	
19	17.5	34.5	91	53	58	24	41	70.5	23	70	33.5	42.5	44	73.5	48	71	49.5	57.5	61.5	39	48	66.5	33	39.5	44.5	30	29.5	88.5	45.5	30	28	44.5	82	41	36	51	60.5	37.5	37	45	69.5	62	58.5	43.5	22	75.5	20.5	41	97.5	63	40.5	28	89.5	12	44.5	8	27	45	80	46.5	35	56.5	88	86	72.5	36	65.5	36.5	45	65	94.5	58	29	55	70	75.5	32	60.5	75.5	41.5	51.5	26	80.5	69.5	79.5	32.5	78	81	83	4	58.5	0	37	55	85	81	30.5	35.5	23.5	21	
34	32.5	24.5	76	42	43	39	36	55.5	18	55	28.5	37.5	29	68.5	33	56	34.5	52.5	46.5	24	43	51.5	10	34.5	29.5	13	40.5	73.5	40.5	45	9	29.5	77	26	31	44	45.5	27.5	0	40	60.5	47	51.5	28.5	27	60.5	25.5	34	82.5	58	25.5	43	84.5	31	39.5	29	16	30	75	31.5	30	43.5	77	71	57.5	31	50.5	26.5	30	50	85.5	43	8	40	65	60.5	11	45.5	70.5	36.5	36.5	31	75.5	54.5	74.5	17.5	67	66	68	33	51.5	37	0	40	80	66	30.5	30.5	13.5	26	
46	44.5	42.5	64	2	31	51	28	43.5	36	43	35.5	19.5	11	50.5	21	44	22.5	34.5	34.5	32	25	39.5	40	21.5	17.5	37	56.5	61.5	22.5	57	31	17.5	59	24	23	4	33.5	45.5	40	10	46.5	35	35.5	16.5	39	48.5	43.5	38	70.5	40	18.5	55	66.5	43	26.5	47	34	28	57	34.5	32	31.5	65	59	45.5	23	38.5	44.5	38	38	71.5	31	32	0	47	48.5	39	33.5	52.5	33.5	24.5	49	57.5	42.5	56.5	30.5	55	54	56	51	35.5	55	40	0	62	54	48.5	27.5	31.5	38	
76	74.5	82.5	14	60	51	81	58	46.5	86	47	65.5	44.5	67	25.5	61	46	57.5	39.5	49.5	78	45	44.5	70	51.5	62.5	67	86.5	28.5	47.5	87	81	62.5	3	74	53	58	56.5	79.5	80	52	41.5	55	50.5	61.5	69	33.5	93.5	68	24.5	30	68.5	85	16.5	73	56.5	93	64	72	17	70.5	62	58.5	25	31	44.5	53	43.5	80.5	72	52	21.5	59	82	62	37	41.5	69	56.5	27.5	63.5	59.5	99	22.5	47.5	11.5	80.5	35	34	34	89	50.5	85	80	62	0	24	86.5	57.5	81.5	68	
100	96.5	68.5	10	56	27	95	68	34.5	62	29	75.5	66.5	43	35.5	37	30	33.5	51.5	25.5	58	61	20.5	76	69.5	38.5	79	84.5	12.5	63.5	89	57	38.5	27	50	73	58	44.5	71.5	66	64	39.5	41	50.5	37.5	87	9.5	69.5	68	16.5	46	44.5	91	24.5	93	64.5	73	82	54	29	60.5	74	52.5	21	15	26.5	73	19.5	70.5	64	44	19.5	37	58	54	39	19.5	77	44.5	33.5	67.5	35.5	75	28.5	23.5	29.5	56.5	31	10	12	77	50.5	81	66	54	24	0	74.5	73.5	57.5	88	
25.5	24	28	84.5	50.5	51.5	30.5	42.5	64	16.5	63.5	35	44	37.5	75	41.5	64.5	43	59	55	32.5	49.5	60	34.5	41	38	31.5	34	82	47	36.5	21.5	38	83.5	34.5	37.5	52.5	54	31	30.5	46.5	69	55.5	60	37	23.5	69	19	42.5	91	64.5	34	34.5	91	22.5	46	22.5	28.5	38.5	81.5	40	36.5	52	85.5	79.5	66	37.5	59	30	38.5	58.5	94	51.5	22.5	48.5	71.5	69	33.5	54	77	43	45	24.5	82	63	81	26	75.5	74.5	76.5	26.5	60	30.5	30.5	48.5	86.5	74.5	0	37	17	22.5	
26.5	25	33	71.5	25.5	50.5	31.5	13.5	47	40.5	52.5	16	15	36.5	46	40.5	51.5	42	30	54	28.5	20.5	59	20.5	12	37	17.5	37	69	18	37.5	35.5	37	54.5	31.5	8.5	23.5	37	30	30.5	17.5	42	40.5	31	36	19.5	68	48	18.5	70	35.5	33	35.5	62	23.5	17	43.5	14.5	27.5	52.5	13	12.5	29	60.5	66.5	55	8.5	58	31	22.5	37.5	67	44.5	36.5	27.5	42.5	62	19.5	37	48	6	44	51.5	53	58	52	35	50.5	71.5	69.5	39.5	31	35.5	30.5	27.5	57.5	73.5	37	0	36	18.5	
42.5	39	11	67.5	33.5	34.5	37.5	35.5	47	4.5	46.5	28	49	20.5	68	24.5	47.5	26	54	38	15.5	48.5	43	23.5	42	21	26.5	27	65	46	31.5	4.5	21	84.5	17.5	40.5	35.5	37	14	13.5	41.5	52	38.5	43	20	29.5	52	12	25.5	74	63.5	17	33.5	82	35.5	37	15.5	29.5	21.5	76.5	23	31.5	35	68.5	62.5	49	40.5	42	13	21.5	41.5	77	34.5	5.5	31.5	56.5	52	24.5	37	66	30	28	17.5	71	46	82	9	58.5	57.5	59.5	19.5	43	23.5	13.5	31.5	81.5	57.5	17	36	0	30.5	
12	10.5	23.5	82	36	65	17	24	57.5	26	63	16.5	25.5	49	56.5	55	62	56.5	40.5	66.5	34	31	71.5	16	22.5	51.5	13	22.5	79.5	28.5	23	35	51.5	65	42	19	34	47.5	20.5	26	28	52.5	51	41.5	50.5	1	82.5	37.5	24	80.5	46	47.5	21	72.5	9	27.5	29	10	38	63	31.5	18	39.5	71	77	65.5	19	72.5	21.5	28	48	77.5	55	34	38	53	72.5	15	47.5	58.5	24.5	56.5	37	63.5	68.5	62.5	35.5	61	82	80	25	41.5	21	26	38	68	88	22.5	18.5	30.5	0	
