Number of items: 100
Horizon: 6
Time limit: 750
Load limit: 6000
Initial item inventory level
240
26
62
140
180
210
84
70
27
195
96
166
22
38
178
182
84
72
198
183
142
34
102
192
165
198
152
87
213
44
158
189
22
68
288
178
249
58
182
28
72
132
154
48
122
51
72
94
114
94
222
87
160
38
177
138
162
19
171
90
11
66
234
92
168
231
130
51
72
182
31
82
174
176
72
172
99
23
66
146
252
52
192
102
40
237
255
198
126
198
153
79
24
177
20
152
38
30
35
33
Maximum inventory capacity per item
320
52
93
210
240
280
168
105
54
260
144
249
33
57
267
273
126
144
264
244
213
51
153
288
220
264
228
174
284
66
237
252
44
102
384
267
332
116
273
42
108
176
231
64
183
102
108
141
171
188
296
116
240
76
236
184
216
38
228
120
22
88
312
138
224
308
195
102
96
273
62
123
261
264
96
258
198
46
88
219
336
104
288
136
80
316
340
264
189
264
204
158
36
236
30
228
57
60
70
44
Reserve storage replenishment rate per item and per period
480	0	0	480	0	0	
156	0	0	156	0	0	
186	0	0	186	0	0	
420	0	0	420	0	0	
360	0	0	360	0	0	
420	0	0	420	0	0	
504	0	0	504	0	0	
210	0	0	210	0	0	
162	0	0	162	0	0	
390	0	0	390	0	0	
288	0	0	288	0	0	
498	0	0	498	0	0	
66	0	0	66	0	0	
114	0	0	114	0	0	
534	0	0	534	0	0	
546	0	0	546	0	0	
252	0	0	252	0	0	
432	0	0	432	0	0	
396	0	0	396	0	0	
366	0	0	366	0	0	
426	0	0	426	0	0	
102	0	0	102	0	0	
306	0	0	306	0	0	
576	0	0	576	0	0	
330	0	0	330	0	0	
396	0	0	396	0	0	
456	0	0	456	0	0	
522	0	0	522	0	0	
426	0	0	426	0	0	
132	0	0	132	0	0	
474	0	0	474	0	0	
378	0	0	378	0	0	
132	0	0	132	0	0	
204	0	0	204	0	0	
576	0	0	576	0	0	
534	0	0	534	0	0	
498	0	0	498	0	0	
348	0	0	348	0	0	
546	0	0	546	0	0	
84	0	0	84	0	0	
216	0	0	216	0	0	
264	0	0	264	0	0	
462	0	0	462	0	0	
96	0	0	96	0	0	
366	0	0	366	0	0	
306	0	0	306	0	0	
216	0	0	216	0	0	
282	0	0	282	0	0	
342	0	0	342	0	0	
564	0	0	564	0	0	
444	0	0	444	0	0	
174	0	0	174	0	0	
480	0	0	480	0	0	
228	0	0	228	0	0	
354	0	0	354	0	0	
276	0	0	276	0	0	
324	0	0	324	0	0	
114	0	0	114	0	0	
342	0	0	342	0	0	
180	0	0	180	0	0	
66	0	0	66	0	0	
132	0	0	132	0	0	
468	0	0	468	0	0	
276	0	0	276	0	0	
336	0	0	336	0	0	
462	0	0	462	0	0	
390	0	0	390	0	0	
306	0	0	306	0	0	
144	0	0	144	0	0	
546	0	0	546	0	0	
186	0	0	186	0	0	
246	0	0	246	0	0	
522	0	0	522	0	0	
528	0	0	528	0	0	
144	0	0	144	0	0	
516	0	0	516	0	0	
594	0	0	594	0	0	
138	0	0	138	0	0	
132	0	0	132	0	0	
438	0	0	438	0	0	
504	0	0	504	0	0	
312	0	0	312	0	0	
576	0	0	576	0	0	
204	0	0	204	0	0	
240	0	0	240	0	0	
474	0	0	474	0	0	
510	0	0	510	0	0	
396	0	0	396	0	0	
378	0	0	378	0	0	
396	0	0	396	0	0	
306	0	0	306	0	0	
474	0	0	474	0	0	
72	0	0	72	0	0	
354	0	0	354	0	0	
60	0	0	60	0	0	
456	0	0	456	0	0	
114	0	0	114	0	0	
180	0	0	180	0	0	
210	0	0	210	0	0	
66	0	0	66	0	0	
Forward storage demand rate per item and per period
80	40	136	106	92	94	
26	13	29	16	10	38	
31	51	19	6	21	27	
70	71	132	25	14	103	
60	40	63	44	71	48	
70	111	69	95	76	18	
84	50	152	86	81	72	
35	21	28	47	28	19	
27	17	39	21	28	35	
65	69	41	101	25	57	
48	71	52	18	56	13	
83	83	145	34	141	108	
11	18	20	12	11	9	
19	30	26	16	11	27	
89	36	104	121	119	68	
91	78	95	173	35	103	
42	69	42	40	50	45	
72	72	31	57	21	116	
66	72	78	83	8	89	
61	98	79	53	73	46	
71	34	82	99	43	58	
17	18	26	22	16	13	
51	41	40	12	48	27	
96	92	107	107	122	77	
55	64	103	100	63	22	
66	72	91	41	39	42	
76	125	88	147	111	75	
87	24	97	75	14	107	
71	10	62	53	22	4	
22	25	30	28	24	18	
79	5	90	69	142	42	
63	49	71	46	49	60	
22	10	30	22	10	29	
34	31	28	31	43	45	
96	108	50	172	92	113	
89	103	134	79	62	124	
83	93	70	123	89	134	
58	12	69	77	75	56	
91	30	103	43	82	144	
14	11	18	12	11	6	
36	33	49	25	33	42	
44	50	30	48	31	51	
77	66	56	71	89	86	
16	10	24	30	28	20	
61	89	29	103	80	43	
51	74	54	51	43	19	
36	33	47	18	12	7	
47	86	23	78	29	48	
57	31	93	70	86	15	
94	74	121	92	44	69	
74	76	41	52	78	29	
29	9	53	23	8	33	
80	77	45	110	64	31	
38	60	25	7	50	39	
59	30	84	47	86	92	
46	47	79	42	69	79	
54	23	48	51	61	61	
19	30	28	8	12	10	
57	54	43	34	41	41	
30	30	42	36	13	39	
11	6	11	13	14	10	
22	22	23	11	22	21	
78	137	81	64	140	104	
46	51	72	71	31	38	
56	52	54	27	85	56	
77	81	60	55	73	51	
65	24	61	17	73	47	
51	9	94	53	36	68	
24	36	26	33	23	13	
91	33	119	93	51	79	
31	48	18	48	30	47	
41	59	40	52	74	76	
87	88	138	84	37	46	
88	90	114	71	27	27	
24	11	21	39	29	27	
86	50	96	89	65	59	
99	69	34	142	91	112	
23	22	24	14	14	22	
22	22	26	20	24	12	
73	98	53	16	85	98	
84	67	148	50	84	69	
52	48	29	72	45	62	
96	144	116	105	110	36	
34	22	26	6	32	31	
40	39	14	28	44	31	
79	48	93	94	69	87	
85	121	126	57	89	132	
66	41	40	51	97	26	
63	88	68	26	94	25	
66	70	56	102	60	40	
51	57	39	86	82	29	
79	72	105	120	73	75	
12	15	16	8	14	15	
59	62	17	95	17	54	
10	5	12	8	10	12	
76	88	26	97	39	47	
19	17	27	15	29	8	
30	40	39	34	20	16	
35	43	40	10	49	17	
11	17	10	15	14	11	
Distance matrix
0	85.5	70	90	47	58	84.5	64.5	36.5	9	68	100	70.5	31	79	65	22	57.5	82.5	28	73.5	64.5	91	66	34.5	49	29	61.5	48.5	67	37.5	49.5	50	40	56.5	59	23.5	51	70	83	50	56	40.5	43	94	38	44.5	66	16	77.5	84	16	16.5	84.5	46.5	70.5	89.5	41	62	67	79.5	63.5	64	77.5	59.5	18	53	78	39.5	66.5	82.5	83.5	55	80.5	29	52.5	88	33	51.5	76	75	85.5	23	57	47.5	21.5	69	41	63	73.5	89	79.5	54	75	69	54.5	86.5	29	27	75.5	42	
85.5	0	24.5	24.5	42.5	31.5	35	21	53	80.5	36.5	14.5	19	58.5	10.5	24.5	67.5	32	37	61.5	36	25	23.5	23.5	55	40.5	60.5	28	41	27.5	52	40	39.5	49.5	33	30.5	66	36.5	24.5	21.5	39.5	33.5	49	46.5	10.5	51.5	45	23.5	73.5	42	30.5	73.5	73	25	43	29	10	48.5	27.5	22.5	20	26	25.5	12	30	71.5	36.5	26.5	50	19	17	16	34.5	9	60.5	37	16.5	56.5	38	13.5	39.5	34	66.5	32.5	42	68	20.5	48.5	26.5	16	15.5	10	35.5	14.5	20.5	35	33	60.5	62.5	14	47.5	
70	24.5	0	40	63	52	34.5	19.5	73.5	79	18	30	35.5	79	31	45	72	22.5	32.5	82	23.5	39.5	39	36	75.5	59	59	48.5	33.5	3	62.5	60.5	60	50	21.5	51	86.5	21	0	33	60	26	69.5	67	26	72	49.5	44	86	27.5	34	66	61.5	34.5	63.5	20.5	25.5	51	48	27	29.5	28.5	46	32.5	24.5	68	57	28	54.5	21.5	32.5	31.5	55	29.5	79	57.5	32	43	46.5	34	25	35.5	63	53	62.5	86.5	41	69	47	36.5	31	30.5	44	35	41	49.5	36.5	69	83	34.5	68	
90	24.5	40	0	63	52	30.5	39.5	73.5	99	28	10	39.5	79	31	45	88	42.5	32.5	82	28.5	45.5	1	44	75.5	61	79	48.5	53.5	37	72.5	60.5	60	70	41.5	51	86.5	41	40	27	60	46	69.5	67	16	72	65.5	44	94	27.5	6	86	81.5	25.5	63.5	35.5	20.5	69	48	43	30.5	46.5	46	32.5	44.5	88	57	32	70.5	41.5	27.5	26.5	55	29.5	81	57.5	22	63	58.5	34	15	29.5	83	53	62.5	88.5	41	69	47	36.5	21	30.5	56	35	41	55.5	28.5	81	83	34.5	68	
47	42.5	63	63	0	25	73.5	61.5	26.5	54	65	53	47.5	32	34	18	41	54.5	75.5	35	70.5	43.5	62	47	28.5	24	34	26.5	45.5	64	25.5	18.5	3	33	53.5	24	39.5	48	63	60	23	53	22.5	20	49	25	33.5	37	47	74.5	69	43	38.5	63.5	16.5	67.5	48.5	32	31	56	58.5	54.5	19	40.5	56.5	45	20	65	28.5	61.5	55.5	54.5	18	37.5	34	10.5	55	30	36.5	47	72	72.5	40	26	20.5	41.5	24	22	30	34.5	54	38.5	39	48	24	33.5	71.5	34	36	42.5	21	
58	31.5	52	52	25	0	62.5	52.5	35.5	63	56	42	36.5	41	23	7	50	45.5	64.5	44	61.5	32.5	51	36	37.5	23	43	15.5	36.5	55	34.5	22.5	22	32	44.5	1	48.5	39	52	49	22	44	31.5	29	38	34	27.5	26	56	65.5	58	54	49.5	52.5	25.5	56.5	37.5	31	20	45	47.5	43.5	6	29.5	47.5	54	19	54	32.5	50.5	44.5	43.5	17	26.5	43	19.5	44	31	25.5	36	63	61.5	49	1	24.5	50.5	13	31	19	23.5	43	27.5	28	37	13	22.5	60.5	43	45	31.5	30	
84.5	35	34.5	30.5	73.5	62.5	0	34	84	93.5	22.5	20.5	50	89.5	41.5	55.5	86.5	37	2	92.5	23	54	29.5	50.5	86	71.5	73.5	59	48	31.5	77	71	70.5	64.5	36	61.5	97	35.5	34.5	37.5	70.5	40.5	80	77.5	26.5	82.5	64	54.5	100.5	7	28.5	80.5	76	34	74	30	31	65.5	58.5	41.5	39	43	56.5	43	39	82.5	67.5	32.5	69	36	38	37	65.5	40	91.5	68	32.5	57.5	61	44.5	19.5	1	77.5	63.5	73	99	51.5	79.5	57.5	47	31.5	41	58.5	45.5	51.5	64	2	83.5	93.5	45	78.5	
64.5	21	19.5	39.5	61.5	52.5	34	0	74	73.5	17.5	35.5	30	79.5	31.5	45.5	66.5	17	32	82.5	23	34	40.5	30.5	74	53.5	53.5	49	28	16.5	57	59	60.5	44.5	16	51.5	83	15.5	19.5	32.5	54.5	20.5	70	67.5	31.5	72.5	44	40.5	80.5	27	33.5	60.5	56	34	64	20	31	45.5	46.5	21.5	29	23	46.5	33	19	62.5	57.5	27.5	49	2	32	33	55.5	30	73.5	58	37.5	37.5	41	30.5	24.5	35	57.5	51.5	57	81	41.5	65.5	47.5	37	36.5	31	38.5	29.5	41.5	44	36	63.5	83.5	35	66.5	
36.5	53	73.5	73.5	26.5	35.5	84	74	0	29.5	85.5	63.5	58	7.5	44.5	28.5	21.5	71	86	10.5	85	54	72.5	57.5	14	34.5	34.5	37	60	76.5	31	29	23.5	43.5	72	34.5	15	72.5	73.5	70.5	33.5	67.5	18	10.5	59.5	15.5	44	47.5	22.5	91	79.5	27.5	32	74	12	78	59	42.5	41.5	66.5	69	65	29.5	51	69	25.5	30.5	75.5	39	72	66	65	28.5	48	14.5	16	65.5	50.5	47	57.5	88.5	83	30.5	36.5	31	17	34.5	22.5	40.5	45	64.5	49	49.5	58.5	34.5	44	82	24.5	11.5	53	21.5	
9	80.5	79	99	54	63	93.5	73.5	29.5	0	77	91	79.5	30	72	56	31	66.5	91.5	19	82.5	73.5	100	75	41.5	58	38	64.5	57.5	76	46.5	56.5	51	49	65.5	62	32.5	60	79	92	59	65	45.5	38	87	43	53.5	75	7	86.5	93	25	25.5	93.5	39.5	79.5	86.5	50	69	76	88.5	72.5	57	78.5	68.5	27	58	87	48.5	75.5	91.5	92.5	56	75.5	38	43.5	93	42	60.5	85	84	94.5	32	64	56.5	30.5	62	50	68	72.5	92	76.5	63	84	62	63.5	95.5	38	18	80.5	49	
68	36.5	18	28	65	56	22.5	17.5	85.5	77	0	32	33.5	89	43	57	70	20.5	20.5	94	11.5	37.5	29	34	77.5	57	57	54.5	31.5	15	60.5	62.5	68	48	19.5	57	86.5	19	18	15	58	24	73.5	79	26	76	47.5	44	84	15.5	22	64	59.5	22.5	75.5	13.5	32.5	49	50	25	22.5	26.5	58	40.5	22.5	66	61	10	52.5	19.5	25.5	26.5	63	41.5	77	69.5	20	41	44.5	34	13	23.5	61	55	60.5	84.5	53	69	51	46.5	21	42.5	42	33	53	47.5	24.5	67	95	38.5	70	
100	14.5	30	10	53	42	20.5	35.5	63.5	91	32	0	29.5	69	21	35	78	42.5	22.5	72	26.5	35.5	9	34	65.5	51	71	38.5	51.5	33	62.5	50.5	50	60	43.5	41	76.5	49	30	17	50	44	59.5	57	6	62	55.5	34	84	27.5	16	84	83.5	15.5	53.5	29.5	10.5	59	38	33	20.5	36.5	36	22.5	40.5	82	47	22	60.5	33.5	17.5	16.5	45	19.5	71	47.5	12	67	48.5	24	25	19.5	77	43	52.5	78.5	31	59	37	26.5	11	20.5	46	25	31	45.5	18.5	71	73	24.5	58	
70.5	19	35.5	39.5	47.5	36.5	50	30	58	79.5	33.5	29.5	0	63.5	15.5	29.5	72.5	13	48	66.5	39	30	38.5	28.5	60	45.5	59.5	33	34	32.5	57	45	44.5	50.5	14	35.5	71	21.5	35.5	36.5	44.5	26.5	54	51.5	25.5	56.5	50	28.5	78.5	43	45.5	66.5	62	40	48	36	25	51.5	32.5	32.5	35	7	30.5	7	11	68.5	41.5	41.5	55	32	32	31	39.5	10	65.5	42	31.5	43.5	43	23.5	40.5	49	63.5	37.5	47	73	25.5	53.5	31.5	21	30.5	9	40.5	24.5	25.5	40	48	65.5	67.5	5	52.5	
31	58.5	79	79	32	41	89.5	79.5	7.5	30	89	69	63.5	0	50	34	27	76.5	91.5	11	90.5	59.5	78	63	19.5	40	40	42.5	65.5	82	36.5	34.5	29	49	77.5	40	15.5	72	79	76	39	73	23.5	16	65	21	49.5	53	23	96.5	85	33	37.5	79.5	17.5	83.5	64.5	48	47	72	74.5	70.5	35	56.5	74.5	31	36	81	44.5	77.5	71.5	70.5	34	53.5	20	21.5	71	54	52.5	63	94	88.5	36	42	36.5	17.5	40	28	46	50.5	70	54.5	55	64	40	49.5	87.5	30	12	58.5	27	
79	10.5	31	31	34	23	41.5	31.5	44.5	72	43	21	15.5	50	0	16	59	28.5	43.5	53	42.5	16.5	30	13	46.5	32	52	19.5	32.5	34	43.5	31.5	31	41	29.5	22	57.5	28	31	28	31	23	40.5	38	17	43	36.5	15	65	48.5	37	65	64.5	31.5	34.5	35.5	16.5	40	19	24	26.5	22.5	17	8.5	26.5	63	28	33	41.5	29.5	23.5	22.5	26	5.5	52	28.5	23	48	29.5	15	46	40.5	58	24	33.5	59.5	12	40	18	7.5	22	6.5	27	16	12	26.5	39.5	52	54	10.5	39	
65	24.5	45	45	18	7	55.5	45.5	28.5	56	57	35	29.5	34	16	0	43	42.5	57.5	37	56.5	25.5	44	29	30.5	16	36	8.5	31.5	48	27.5	15.5	15	25	43.5	6	41.5	44	45	42	15	39	24.5	22	31	27	20.5	19	49	62.5	51	49	48.5	45.5	18.5	49.5	30.5	24	13	38	40.5	36.5	1	22.5	40.5	47	12	47	25.5	43.5	37.5	36.5	10	19.5	36	12.5	37	32	18.5	29	60	54.5	42	8	17.5	43.5	6	24	12	16.5	36	20.5	21	30	6	15.5	53.5	36	38	24.5	23	
22	67.5	72	88	41	50	86.5	66.5	21.5	31	70	78	72.5	27	59	43	0	59.5	84.5	30	75.5	66.5	87	68	28.5	49	31	51.5	50.5	69	39.5	43.5	38	42	58.5	49	34.5	53	72	85	48	58	32.5	25	74	30	46.5	62	38	79.5	86	6	18.5	86.5	26.5	72.5	73.5	43	56	69	81.5	65.5	44	65.5	61.5	4	45	80	41.5	68.5	80.5	79.5	43	62.5	7	30.5	80	35	53.5	72	77	87.5	25	51	45.5	36.5	49	37	55	59.5	79	63.5	56	73	49	56.5	88.5	31	31	67.5	36	
57.5	32	22.5	42.5	54.5	45.5	37	17	71	66.5	20.5	42.5	13	76.5	28.5	42.5	59.5	0	35	79.5	26	27	43.5	23.5	67	46.5	46.5	44	21	19.5	50	52	57.5	37.5	1	46.5	76	8.5	22.5	35.5	47.5	13.5	63	64.5	38.5	65.5	37	33.5	73.5	30	36.5	53.5	49	37	61	23	38	38.5	39.5	19.5	32	6	43.5	20	2	55.5	50.5	30.5	42	19	35	36	52.5	23	66.5	55	40.5	30.5	34	28.5	27.5	38	50.5	44.5	50	74	38.5	58.5	40.5	34	41.5	22	31.5	27.5	38.5	37	39	56.5	80.5	18	59.5	
82.5	37	32.5	32.5	75.5	64.5	2	32	86	91.5	20.5	22.5	48	91.5	43.5	57.5	84.5	35	0	94.5	21	52	31.5	48.5	88	71.5	71.5	61	46	29.5	75	73	72.5	62.5	34	63.5	99	33.5	32.5	35.5	72.5	38.5	82	79.5	28.5	84.5	62	56.5	98.5	5	26.5	78.5	74	32	76	28	33	63.5	60.5	39.5	37	41	58.5	45	37	80.5	69.5	30.5	67	34	40	39	67.5	42	91.5	70	34.5	55.5	59	46.5	17.5	3	75.5	65.5	75	99	53.5	81.5	59.5	49	33.5	43	56.5	47.5	53.5	62	4	81.5	95.5	47	80.5	
28	61.5	82	82	35	44	92.5	82.5	10.5	19	94	72	66.5	11	53	37	30	79.5	94.5	0	93.5	62.5	81	66	22.5	43	43	45.5	68.5	85	39.5	37.5	32	52	80.5	43	13.5	79	82	79	42	76	26.5	19	68	24	52.5	56	12	99.5	88	36	40.5	82.5	20.5	86.5	67.5	51	50	75	77.5	73.5	38	59.5	77.5	34	39	84	47.5	80.5	74.5	73.5	37	56.5	23	24.5	74	59	55.5	66	97	91.5	39	45	39.5	15.5	43	31	49	53.5	73	57.5	58	67	43	52.5	90.5	33	1	61.5	30	
73.5	36	23.5	28.5	70.5	61.5	23	23	85	82.5	11.5	26.5	39	90.5	42.5	56.5	75.5	26	21	93.5	0	43	29.5	39.5	83	62.5	62.5	60	37	20.5	66	68	71.5	53.5	25	62.5	92	24.5	23.5	26.5	63.5	29.5	79	78.5	27.5	81.5	53	49.5	89.5	16	22.5	69.5	65	11	75	19	32	54.5	55.5	30.5	28	32	57.5	44	28	71.5	66.5	21.5	58	25	31	32	66.5	41	82.5	69	31.5	46.5	50	39.5	13.5	24	66.5	60.5	66	90	52.5	74.5	56.5	48	32.5	42	47.5	38.5	52.5	53	25	72.5	94.5	44	75.5	
64.5	25	39.5	45.5	43.5	32.5	54	34	54	73.5	37.5	35.5	30	59.5	16.5	25.5	66.5	27	52	62.5	43	0	44.5	29.5	56	41.5	53.5	29	28	36.5	53	41	40.5	44.5	26	31.5	67	20.5	39.5	42.5	40.5	25.5	50	47.5	31.5	52.5	44	24.5	74.5	47	51.5	60.5	56	46	44	40	31	45.5	28.5	36.5	41	33	26.5	23	29	62.5	37.5	47.5	49	36	38	37	35.5	20	61.5	38	37.5	37.5	39	29.5	44.5	55	57.5	33.5	43	69	21.5	49.5	27.5	9	36.5	21	36.5	30.5	21.5	36	54	61.5	63.5	25	48.5	
91	23.5	39	1	62	51	29.5	40.5	72.5	100	29	9	38.5	78	30	44	87	43.5	31.5	81	29.5	44.5	0	43	74.5	60	80	47.5	54.5	38	71.5	59.5	59	69	42.5	50	85.5	42	39	26	59	47	68.5	66	15	71	64.5	43	93	28.5	7	87	82.5	24.5	62.5	36.5	19.5	68	47	42	29.5	45.5	45	31.5	45.5	89	56	31	69.5	42.5	26.5	25.5	54	28.5	80	56.5	21	64	57.5	33	16	28.5	84	52	61.5	87.5	40	68	46	35.5	20	29.5	55	34	40	54.5	27.5	80	82	33.5	67	
66	23.5	36	44	47	36	50.5	30.5	57.5	75	34	34	28.5	63	13	29	68	23.5	48.5	66	39.5	29.5	43	0	59.5	45	55	32.5	29.5	33	56.5	44.5	44	46	22.5	35	70.5	15	36	41	44	10	53.5	51	30	56	45.5	28	78	43.5	50	62	57.5	44.5	47.5	36.5	29.5	47	32	33	39.5	29.5	30	21.5	25.5	64	41	44	50.5	32.5	36.5	35.5	39	18.5	65	41.5	36	39	42.5	28	41	51.5	59	37	46.5	72.5	25	53	31	20.5	35	19.5	40	29	25	39.5	52.5	65	67	23.5	52	
34.5	55	75.5	75.5	28.5	37.5	86	74	14	41.5	77.5	65.5	60	19.5	46.5	30.5	28.5	67	88	22.5	83	56	74.5	59.5	0	36.5	36.5	39	58	76.5	33	31	25.5	45.5	66	36.5	27	60.5	75.5	72.5	35.5	65.5	20	12.5	61.5	17.5	46	49.5	34.5	87	81.5	30.5	18	76	14	80	61	44.5	43.5	68.5	71	67	31.5	53	69	32.5	32.5	77.5	41	74	68	67	30.5	50	21.5	18	67.5	42.5	49	59.5	84.5	85	32.5	38.5	33	29	36.5	24.5	42.5	47	66.5	51	51.5	60.5	36.5	46	84	26.5	23.5	55	23.5	
49	40.5	59	61	24	23	71.5	53.5	34.5	58	57	51	45.5	40	32	16	49	46.5	71.5	43	62.5	41.5	60	45	36.5	0	38	24.5	37.5	56	33.5	21.5	21	9	45.5	22	47.5	40	59	58	1	45	30.5	28	47	33	31.5	35	55	66.5	67	45	40.5	61.5	24.5	59.5	46.5	8	29	54	56.5	52.5	17	38.5	48.5	47	4	63	31.5	55.5	53.5	52.5	6	35.5	42	18.5	53	16	34.5	45	64	70.5	42	24	23.5	49.5	22	30	28	32.5	52	36.5	37	46	22	31.5	69.5	42	44	40.5	29	
29	60.5	59	79	34	43	73.5	53.5	34.5	38	57	71	59.5	40	52	36	31	46.5	71.5	43	62.5	53.5	80	55	36.5	38	0	44.5	37.5	56	26.5	36.5	31	29	45.5	42	47.5	40	59	72	39	45	30.5	28	67	33	33.5	55	45	66.5	73	25	20.5	73.5	24.5	59.5	66.5	30	49	56	68.5	52.5	37	58.5	48.5	27	38	67	28.5	55.5	71.5	72.5	36	55.5	38	23.5	73	22	40.5	65	64	74.5	22	44	36.5	45.5	42	12	48	52.5	72	56.5	43	64	42	43.5	75.5	28	44	60.5	13	
61.5	28	48.5	48.5	26.5	15.5	59	49	37	64.5	54.5	38.5	33	42.5	19.5	8.5	51.5	44	61	45.5	60	29	47.5	32.5	39	24.5	44.5	0	35	51.5	36	24	23.5	33.5	43	14.5	50	37.5	48.5	45.5	23.5	42.5	33	30.5	34.5	35.5	29	22.5	57.5	64	54.5	57.5	53	49	27	53	34	32.5	16.5	41.5	44	40	9.5	26	44	55.5	20.5	50.5	34	47	41	40	18.5	23	44.5	21	40.5	34.5	10	32.5	61.5	58	50.5	16.5	26	52	9.5	32.5	15.5	20	39.5	24	24.5	33.5	9.5	7	57	44.5	46.5	28	31.5	
48.5	41	33.5	53.5	45.5	36.5	48	28	60	57.5	31.5	51.5	34	65.5	32.5	31.5	50.5	21	46	68.5	37	28	54.5	29.5	58	37.5	37.5	35	0	30.5	41	43	46.5	28.5	20	37.5	67	14.5	33.5	46.5	38.5	19.5	54	53.5	47.5	56.5	28	29.5	64.5	41	47.5	44.5	40	48	50	34	47	29.5	30.5	30.5	43	27	32.5	39	23	46.5	41.5	41.5	33	30	46	47	41.5	36	57.5	44	51.5	21.5	25	39.5	38.5	49	41.5	35.5	41	65	27.5	49.5	31.5	33	52.5	37	22.5	38.5	27.5	28	50	47.5	69.5	39	50.5	
67	27.5	3	37	64	55	31.5	16.5	76.5	76	15	33	32.5	82	34	48	69	19.5	29.5	85	20.5	36.5	38	33	76.5	56	56	51.5	30.5	0	59.5	61.5	63	47	18.5	54	85.5	18	3	30	57	23	72.5	70	29	75	46.5	43	83	24.5	31	63	58.5	31.5	66.5	17.5	28.5	48	49	24	26.5	25.5	49	35.5	21.5	65	60	25	51.5	18.5	29.5	30.5	58	32.5	76	60.5	35	40	43.5	33	22	32.5	60	54	59.5	83.5	44	68	50	39.5	34	33.5	41	32	44	46.5	33.5	66	86	37.5	69	
37.5	52	62.5	72.5	25.5	34.5	77	57	31	46.5	60.5	62.5	57	36.5	43.5	27.5	39.5	50	75	39.5	66	53	71.5	56.5	33	33.5	26.5	36	41	59.5	0	28	22.5	32.5	49	33.5	44	43.5	62.5	69.5	32.5	48.5	27	24.5	58.5	29.5	37	46.5	51.5	70	76.5	33.5	29	73	21	63	58	33.5	40.5	59.5	68	56	28.5	50	52	35.5	29.5	70.5	32	59	65	64	27.5	47	38.5	15	64.5	25.5	44	56.5	67.5	78	30.5	35.5	30	46	33.5	26.5	39.5	44	63.5	48	46.5	57.5	33.5	43	79	36.5	40.5	52	25.5	
49.5	40	60.5	60.5	18.5	22.5	71	59	29	56.5	62.5	50.5	45	34.5	31.5	15.5	43.5	52	73	37.5	68	41	59.5	44.5	31	21.5	36.5	24	43	61.5	28	0	15.5	30.5	51	21.5	42	45.5	60.5	57.5	20.5	50.5	25	22.5	46.5	27.5	31	34.5	49.5	72	66.5	45.5	41	61	19	65	46	29.5	28.5	53.5	56	52	16.5	38	54	47.5	17.5	62.5	10	59	53	52	15.5	35	36.5	13	52.5	27.5	34	44.5	69.5	70	42.5	23.5	2	44	21.5	24.5	27.5	32	51.5	36	36.5	45.5	21.5	31	69	36.5	38.5	40	23.5	
50	39.5	60	60	3	22	70.5	60.5	23.5	51	68	50	44.5	29	31	15	38	57.5	72.5	32	71.5	40.5	59	44	25.5	21	31	23.5	46.5	63	22.5	15.5	0	30	56.5	21	36.5	51	60	57	20	54	19.5	17	46	22	30.5	34	44	77.5	66	44	41.5	60.5	13.5	64.5	45.5	29	28	53	55.5	51.5	16	37.5	55.5	42	17	62	25.5	58.5	52.5	51.5	15	34.5	31	7.5	52	33	33.5	44	75	69.5	37	23	17.5	38.5	21	19	27	31.5	51	35.5	36	45	21	30.5	68.5	31	33	39.5	18	
40	49.5	50	70	33	32	64.5	44.5	43.5	49	48	60	50.5	49	41	25	42	37.5	62.5	52	53.5	44.5	69	46	45.5	9	29	33.5	28.5	47	32.5	30.5	30	0	36.5	31	56.5	31	50	63	10	36	39.5	37	56	42	24.5	44	56	57.5	64	36	31.5	64.5	33.5	50.5	55.5	1	38	47	59.5	43.5	26	47.5	39.5	38	13	58	24.5	46.5	62.5	61.5	15	44.5	49	27.5	62	7	31.5	54	55	65.5	33	33	32.5	56.5	31	39	37	41.5	61	45.5	34	55	31	34.5	66.5	39	53	49.5	38	
56.5	33	21.5	41.5	53.5	44.5	36	16	72	65.5	19.5	43.5	14	77.5	29.5	43.5	58.5	1	34	80.5	25	26	42.5	22.5	66	45.5	45.5	43	20	18.5	49	51	56.5	36.5	0	45.5	75	7.5	21.5	34.5	46.5	12.5	62	65.5	39.5	64.5	36	32.5	72.5	29	35.5	52.5	48	36	62	22	39	37.5	38.5	18.5	31	7	44.5	21	3	54.5	49.5	29.5	41	18	34	35	51.5	24	65.5	56	39.5	29.5	33	27.5	26.5	37	49.5	43.5	49	73	39.5	57.5	39.5	35	40.5	23	30.5	26.5	39.5	36	38	55.5	81.5	19	58.5	
59	30.5	51	51	24	1	61.5	51.5	34.5	62	57	41	35.5	40	22	6	49	46.5	63.5	43	62.5	31.5	50	35	36.5	22	42	14.5	37.5	54	33.5	21.5	21	31	45.5	0	47.5	40	51	48	21	45	30.5	28	37	33	26.5	25	55	66.5	57	55	50.5	51.5	24.5	55.5	36.5	30	19	44	46.5	42.5	5	28.5	46.5	53	18	53	31.5	49.5	43.5	42.5	16	25.5	42	18.5	43	32	24.5	35	64	60.5	48	2	23.5	49.5	12	30	18	22.5	42	26.5	27	36	12	21.5	59.5	42	44	30.5	29	
23.5	66	86.5	86.5	39.5	48.5	97	83	15	32.5	86.5	76.5	71	15.5	57.5	41.5	34.5	76	99	13.5	92	67	85.5	70.5	27	47.5	47.5	50	67	85.5	44	42	36.5	56.5	75	47.5	0	69.5	86.5	83.5	46.5	74.5	31	23.5	72.5	28.5	57	60.5	25.5	96	92.5	34.5	35	87	25	89	72	55.5	54.5	79.5	82	78	42.5	64	78	36.5	43.5	88.5	52	85	79	78	41.5	61	27.5	29	78.5	51.5	60	70.5	93.5	96	41.5	49.5	44	2	47.5	35.5	53.5	58	77.5	62	62.5	71.5	47.5	57	95	37.5	14.5	66	34.5	
51	36.5	21	41	48	39	35.5	15.5	72.5	60	19	49	21.5	72	28	44	53	8.5	33.5	79	24.5	20.5	42	15	60.5	40	40	37.5	14.5	18	43.5	45.5	51	31	7.5	40	69.5	0	21	34	41	5	56.5	64	45	59	30.5	27	67	28.5	35	47	42.5	35.5	62.5	21.5	40.5	32	33	18	30.5	14.5	45	28.5	10.5	49	44	29	35.5	17.5	33.5	34.5	46	31.5	60	56.5	39	24	27.5	27	26	36.5	44	38	43.5	67.5	40	52	34	29.5	40	30.5	25	26	40	30.5	37.5	50	78	26.5	53	
70	24.5	0	40	63	52	34.5	19.5	73.5	79	18	30	35.5	79	31	45	72	22.5	32.5	82	23.5	39.5	39	36	75.5	59	59	48.5	33.5	3	62.5	60.5	60	50	21.5	51	86.5	21	0	33	60	26	69.5	67	26	72	49.5	44	86	27.5	34	66	61.5	34.5	63.5	20.5	25.5	51	48	27	29.5	28.5	46	32.5	24.5	68	57	28	54.5	21.5	32.5	31.5	55	29.5	79	57.5	32	43	46.5	34	25	35.5	63	53	62.5	86.5	41	69	47	36.5	31	30.5	44	35	41	49.5	36.5	69	83	34.5	68	
83	21.5	33	27	60	49	37.5	32.5	70.5	92	15	17	36.5	76	28	42	85	35.5	35.5	79	26.5	42.5	26	41	72.5	58	72	45.5	46.5	30	69.5	57.5	57	63	34.5	48	83.5	34	33	0	57	39	66.5	64	11	69	62.5	41	91	30.5	33	79	74.5	27.5	60.5	28.5	17.5	64	45	40	27.5	41.5	43	29.5	37.5	81	54	5	67.5	34.5	24.5	23.5	52	26.5	78	54.5	5	56	55.5	31	28	36.5	76	50	59.5	85.5	38	66	44	33.5	6	27.5	53	32	38	52.5	35.5	78	80	31.5	65	
50	39.5	60	60	23	22	70.5	54.5	33.5	59	58	50	44.5	39	31	15	48	47.5	72.5	42	63.5	40.5	59	44	35.5	1	39	23.5	38.5	57	32.5	20.5	20	10	46.5	21	46.5	41	60	57	0	46	29.5	27	46	32	30.5	34	54	67.5	66	46	41.5	60.5	23.5	60.5	45.5	9	28	53	55.5	51.5	16	37.5	49.5	48	3	62	30.5	56.5	52.5	51.5	5	34.5	41	17.5	52	17	33.5	44	65	69.5	43	23	22.5	48.5	21	29	27	31.5	51	35.5	36	45	21	30.5	68.5	41	43	39.5	28	
56	33.5	26	46	53	44	40.5	20.5	67.5	65	24	44	26.5	73	23	39	58	13.5	38.5	76	29.5	25.5	47	10	65.5	45	45	42.5	19.5	23	48.5	50.5	54	36	12.5	45	74.5	5	26	39	46	0	61.5	61	40	64	35.5	32	72	33.5	40	52	47.5	40.5	57.5	26.5	39.5	37	38	23	35.5	19.5	40	31.5	15.5	54	49	34	40.5	22.5	38.5	39.5	49	28.5	65	51.5	44	29	32.5	32	31	41.5	49	43	48.5	72.5	35	57	39	30.5	45	29.5	30	31	35	35.5	42.5	55	77	31.5	58	
40.5	49	69.5	69.5	22.5	31.5	80	70	18	45.5	73.5	59.5	54	23.5	40.5	24.5	32.5	63	82	26.5	79	50	68.5	53.5	20	30.5	30.5	33	54	72.5	27	25	19.5	39.5	62	30.5	31	56.5	69.5	66.5	29.5	61.5	0	11.5	55.5	16.5	40	43.5	38.5	83	75.5	36.5	32	70	6	74	55	38.5	37.5	62.5	65	61	25.5	47	65	36.5	26.5	71.5	35	68	62	61	24.5	44	25.5	12	61.5	38.5	43	53.5	80.5	79	31.5	32.5	27	33	30.5	18.5	36.5	41	60.5	45	45.5	54.5	30.5	40	78	25.5	27.5	49	17.5	
43	46.5	67	67	20	29	77.5	67.5	10.5	38	79	57	51.5	16	38	22	25	64.5	79.5	19	78.5	47.5	66	51	12.5	28	28	30.5	53.5	70	24.5	22.5	17	37	65.5	28	23.5	64	67	64	27	61	11.5	0	53	5	37.5	41	31	84.5	73	31	30.5	67.5	5.5	71.5	52.5	36	35	60	62.5	58.5	23	44.5	62.5	29	24	69	32.5	65.5	59.5	58.5	22	41.5	18	9.5	59	44	40.5	51	82	76.5	20	30	24.5	25.5	28	16	34	38.5	58	42.5	43	52	28	37.5	75.5	14	20	46.5	15	
94	10.5	26	16	49	38	26.5	31.5	59.5	87	26	6	25.5	65	17	31	74	38.5	28.5	68	27.5	31.5	15	30	61.5	47	67	34.5	47.5	29	58.5	46.5	46	56	39.5	37	72.5	45	26	11	46	40	55.5	53	0	58	51.5	30	80	33.5	22	80	79.5	16.5	49.5	25.5	6.5	55	34	29	16.5	32.5	32	18.5	36.5	78	43	16	56.5	29.5	13.5	12.5	41	15.5	67	43.5	6	63	44.5	20	31	25.5	73	39	48.5	74.5	27	55	33	22.5	5	16.5	42	21	27	41.5	24.5	67	69	20.5	54	
38	51.5	72	72	25	34	82.5	72.5	15.5	43	76	62	56.5	21	43	27	30	65.5	84.5	24	81.5	52.5	71	56	17.5	33	33	35.5	56.5	75	29.5	27.5	22	42	64.5	33	28.5	59	72	69	32	64	16.5	5	58	0	42.5	46	36	85.5	78	34	29.5	72.5	10.5	76.5	57.5	41	40	65	67.5	63.5	28	49.5	67.5	34	29	74	37.5	70.5	64.5	63.5	27	46.5	23	14.5	64	41	45.5	56	83	81.5	15	35	29.5	30.5	33	21	39	43.5	63	47.5	48	57	33	42.5	80.5	9	25	51.5	20	
44.5	45	49.5	65.5	33.5	27.5	64	44	44	53.5	47.5	55.5	50	49.5	36.5	20.5	46.5	37	62	52.5	53	44	64.5	45.5	46	31.5	33.5	29	28	46.5	37	31	30.5	24.5	36	26.5	57	30.5	49.5	62.5	30.5	35.5	40	37.5	51.5	42.5	0	39.5	60.5	57	63.5	40.5	36	64	34	50	51	25.5	33.5	46.5	59	43	21.5	43	39	42.5	27.5	57.5	29	46	58	57	25.5	40	51.5	28	57.5	17.5	31	49.5	54.5	65	37.5	28.5	33	59	26.5	39.5	32.5	37	56.5	41	33.5	50.5	26.5	34	66	43.5	53.5	45	38.5	
66	23.5	44	44	37	26	54.5	40.5	47.5	75	44	34	28.5	53	15	19	62	33.5	56.5	56	49.5	24.5	43	28	49.5	35	55	22.5	29.5	43	46.5	34.5	34	44	32.5	25	60.5	27	44	41	34	32	43.5	41	30	46	39.5	0	68	53.5	50	62	57.5	44.5	37.5	46.5	29.5	43	22	37	39.5	35.5	20	21.5	35.5	64	31	46	44.5	42.5	36.5	35.5	29	18.5	55	31.5	36	39	32.5	28	51	53.5	59	27	36.5	62.5	15	43	21	15.5	35	19.5	30	29	15	29.5	52.5	55	57	23.5	42	
16	73.5	86	94	47	56	100.5	80.5	22.5	7	84	84	78.5	23	65	49	38	73.5	98.5	12	89.5	74.5	93	78	34.5	55	45	57.5	64.5	83	51.5	49.5	44	56	72.5	55	25.5	67	86	91	54	72	38.5	31	80	36	60.5	68	0	93.5	100	32	32.5	94.5	32.5	86.5	79.5	57	62	83	89.5	79.5	50	71.5	75.5	34	51	94	55.5	82.5	86.5	85.5	49	68.5	35	36.5	86	49	67.5	78	91	101.5	39	57	51.5	27.5	55	43	61	65.5	85	69.5	70	79	55	64.5	102.5	45	11	73.5	42	
77.5	42	27.5	27.5	74.5	65.5	7	27	91	86.5	15.5	27.5	43	96.5	48.5	62.5	79.5	30	5	99.5	16	47	28.5	43.5	87	66.5	66.5	64	41	24.5	70	72	77.5	57.5	29	66.5	96	28.5	27.5	30.5	67.5	33.5	83	84.5	33.5	85.5	57	53.5	93.5	0	21.5	73.5	69	27	81	23	38	58.5	59.5	34.5	32	36	63.5	50	32	75.5	70.5	25.5	62	29	35	36	72.5	47	86.5	75	35.5	50.5	54	43.5	12.5	8	70.5	64.5	70	94	58.5	78.5	60.5	54	36.5	48	51.5	42.5	58.5	57	9	76.5	100.5	48	79.5	
84	30.5	34	6	69	58	28.5	33.5	79.5	93	22	16	45.5	85	37	51	86	36.5	26.5	88	22.5	51.5	7	50	81.5	67	73	54.5	47.5	31	76.5	66.5	66	64	35.5	57	92.5	35	34	33	66	40	75.5	73	22	78	63.5	50	100	21.5	0	80	75.5	31.5	69.5	29.5	26.5	65	54	41	36.5	42.5	52	38.5	38.5	82	63	32	68.5	35.5	33.5	32.5	61	35.5	87	63.5	28	57	60.5	40	9	29.5	77	59	68.5	94.5	47	75	53	42.5	27	36.5	58	41	47	61.5	30.5	83	89	40.5	74	
16	73.5	66	86	43	54	80.5	60.5	27.5	25	64	84	66.5	33	65	49	6	53.5	78.5	36	69.5	60.5	87	62	30.5	45	25	57.5	44.5	63	33.5	45.5	44	36	52.5	55	34.5	47	66	79	46	52	36.5	31	80	34	40.5	62	32	73.5	80	0	12.5	80.5	32.5	66.5	79.5	37	58	63	75.5	59.5	50	71.5	55.5	2	49	74	35.5	62.5	78.5	79.5	49	68.5	13	36.5	84	29	47.5	72	71	81.5	19	53	43.5	32.5	55	37	59	65.5	85	69.5	50	71	55	50.5	82.5	25	37	71.5	38	
16.5	73	61.5	81.5	38.5	49.5	76	56	32	25.5	59.5	83.5	62	37.5	64.5	48.5	18.5	49	74	40.5	65	56	82.5	57.5	18	40.5	20.5	53	40	58.5	29	41	41.5	31.5	48	50.5	35	42.5	61.5	74.5	41.5	47.5	32	30.5	79.5	29.5	36	57.5	32.5	69	75.5	12.5	0	76	32	62	79	32.5	53.5	58.5	71	55	49.5	69	51	14.5	44.5	69.5	31	58	74	75	46.5	68	25.5	36	79.5	24.5	43	67.5	66.5	77	14.5	48.5	39	33	54.5	32.5	54.5	65	80.5	69	45.5	66.5	54.5	46	78	20.5	41.5	67	33.5	
84.5	25	34.5	25.5	63.5	52.5	34	34	74	93.5	22.5	15.5	40	79.5	31.5	45.5	86.5	37	32	82.5	11	46	24.5	44.5	76	61.5	73.5	49	48	31.5	73	61	60.5	64.5	36	51.5	87	35.5	34.5	27.5	60.5	40.5	70	67.5	16.5	72.5	64	44.5	94.5	27	31.5	80.5	76	0	64	30	21	65.5	48.5	41.5	31	43	46.5	33	39	82.5	57.5	32.5	69	36	28	27	55.5	30	81.5	58	22.5	57.5	59	34.5	24.5	35	77.5	53.5	63	89	41.5	69.5	47.5	37	21.5	31	56.5	35.5	41.5	56	34	81.5	83.5	35	68.5	
46.5	43	63.5	63.5	16.5	25.5	74	64	12	39.5	75.5	53.5	48	17.5	34.5	18.5	26.5	61	76	20.5	75	44	62.5	47.5	14	24.5	24.5	27	50	66.5	21	19	13.5	33.5	62	24.5	25	62.5	63.5	60.5	23.5	57.5	6	5.5	49.5	10.5	34	37.5	32.5	81	69.5	32.5	32	64	0	68	49	32.5	31.5	56.5	59	55	19.5	41	59	30.5	20.5	65.5	29	62	56	55	18.5	38	19.5	6	55.5	40.5	37	47.5	78.5	73	25.5	26.5	21	27	24.5	12.5	30.5	35	54.5	39	39.5	48.5	24.5	34	72	19.5	21.5	43	11.5	
70.5	29	20.5	35.5	67.5	56.5	30	20	78	79.5	13.5	29.5	36	83.5	35.5	49.5	72.5	23	28	86.5	19	40	36.5	36.5	80	59.5	59.5	53	34	17.5	63	65	64.5	50.5	22	55.5	89	21.5	20.5	28.5	60.5	26.5	74	71.5	25.5	76.5	50	46.5	86.5	23	29.5	66.5	62	30	68	0	19	51.5	52.5	27.5	9	29	50.5	37	25	68.5	61.5	23.5	55	22	12	13	59.5	34	79.5	62	31.5	43.5	47	36.5	20.5	31	63.5	57.5	63	87	45.5	71.5	51.5	41	30.5	35	44.5	35.5	45.5	50	32	69.5	87.5	39	72.5	
89.5	10	25.5	20.5	48.5	37.5	31	31	59	86.5	32.5	10.5	25	64.5	16.5	30.5	73.5	38	33	67.5	32	31	19.5	29.5	61	46.5	66.5	34	47	28.5	58	46	45.5	55.5	39	36.5	72	40.5	25.5	17.5	45.5	39.5	55	52.5	6.5	57.5	51	29.5	79.5	38	26.5	79.5	79	21	49	19	0	54.5	33.5	28.5	10	32	31.5	18	36	77.5	42.5	22.5	56	29	7	6	40.5	15	66.5	43	12.5	62.5	44	19.5	35.5	30	72.5	38.5	48	74	26.5	54.5	32.5	22	11.5	16	41.5	20.5	26.5	41	29	66.5	68.5	20	53.5	
41	48.5	51	69	32	31	65.5	45.5	42.5	50	49	59	51.5	48	40	24	43	38.5	63.5	51	54.5	45.5	68	47	44.5	8	30	32.5	29.5	48	33.5	29.5	29	1	37.5	30	55.5	32	51	64	9	37	38.5	36	55	41	25.5	43	57	58.5	65	37	32.5	65.5	32.5	51.5	54.5	0	37	48	60.5	44.5	25	46.5	40.5	39	12	59	25.5	47.5	61.5	60.5	14	43.5	50	26.5	61	8	32.5	53	56	66.5	34	32	31.5	57.5	30	38	36	40.5	60	44.5	35	54	30	35.5	67.5	40	52	48.5	37	
62	27.5	48	48	31	20	58.5	46.5	41.5	69	50	38	32.5	47	19	13	56	39.5	60.5	50	55.5	28.5	47	32	43.5	29	49	16.5	30.5	49	40.5	28.5	28	38	38.5	19	54.5	33	48	45	28	38	37.5	35	34	40	33.5	22	62	59.5	54	58	53.5	48.5	31.5	52.5	33.5	37	0	41	43.5	39.5	14	25.5	41.5	60	25	50	38.5	46.5	40.5	39.5	23	22.5	49	25.5	40	35	26.5	32	57	57.5	55	21	30.5	56.5	7	37	1	19.5	39	23.5	8	33	7	23.5	56.5	49	51	27.5	36	
67	22.5	27	43	56	45	41.5	21.5	66.5	76	25	33	32.5	72	24	38	69	19.5	39.5	75	30.5	36.5	42	33	68.5	54	56	41.5	30.5	24	59.5	53.5	53	47	18.5	44	79.5	18	27	40	53	23	62.5	60	29	65	46.5	37	83	34.5	41	63	58.5	41.5	56.5	27.5	28.5	48	41	0	36.5	25.5	39	25.5	21.5	65	50	35	51.5	23.5	35.5	34.5	48	22.5	74	50.5	35	40	43.5	9	32	42.5	60	46	55.5	81.5	34	62	40	29.5	34	23.5	41	8	34	46.5	43.5	66	76	27.5	61	
79.5	20	29.5	30.5	58.5	47.5	39	29	69	88.5	22.5	20.5	35	74.5	26.5	40.5	81.5	32	37	77.5	28	41	29.5	39.5	71	56.5	68.5	44	43	26.5	68	56	55.5	59.5	31	46.5	82	30.5	29.5	27.5	55.5	35.5	65	62.5	16.5	67.5	59	39.5	89.5	32	36.5	75.5	71	31	59	9	10	60.5	43.5	36.5	0	38	41.5	28	34	77.5	52.5	32.5	64	31	3	4	50.5	25	76.5	53	22.5	52.5	54	29.5	29.5	40	72.5	48.5	58	84	36.5	64.5	42.5	32	21.5	26	51.5	30.5	36.5	51	39	76.5	78.5	30	63.5	
63.5	26	28.5	46.5	54.5	43.5	43	23	65	72.5	26.5	36.5	7	70.5	22.5	36.5	65.5	6	41	73.5	32	33	45.5	29.5	67	52.5	52.5	40	27	25.5	56	52	51.5	43.5	7	42.5	78	14.5	28.5	41.5	51.5	19.5	61	58.5	32.5	63.5	43	35.5	79.5	36	42.5	59.5	55	43	55	29	32	44.5	39.5	25.5	38	0	37.5	14	4	61.5	48.5	36.5	48	25	39	38	46.5	17	72.5	49	38.5	36.5	40	30.5	33.5	44	56.5	44.5	54	80	32.5	60.5	38.5	28	37.5	16	37.5	31.5	32.5	43	45	62.5	74.5	12	59.5	
64	25.5	46	46	19	6	56.5	46.5	29.5	57	58	36	30.5	35	17	1	44	43.5	58.5	38	57.5	26.5	45	30	31.5	17	37	9.5	32.5	49	28.5	16.5	16	26	44.5	5	42.5	45	46	43	16	40	25.5	23	32	28	21.5	20	50	63.5	52	50	49.5	46.5	19.5	50.5	31.5	25	14	39	41.5	37.5	0	23.5	41.5	48	13	48	26.5	44.5	38.5	37.5	11	20.5	37	13.5	38	33	19.5	30	61	55.5	43	7	18.5	44.5	7	25	13	17.5	37	21.5	22	31	7	16.5	54.5	37	39	25.5	24	
77.5	12	32.5	32.5	40.5	29.5	43	33	51	78.5	40.5	22.5	7	56.5	8.5	22.5	65.5	20	45	59.5	44	23	31.5	21.5	53	38.5	58.5	26	39	35.5	50	38	37.5	47.5	21	28.5	64	28.5	32.5	29.5	37.5	31.5	47	44.5	18.5	49.5	43	21.5	71.5	50	38.5	71.5	69	33	41	37	18	46.5	25.5	25.5	28	14	23.5	0	18	69.5	34.5	34.5	48	31	25	24	32.5	3	58.5	35	24.5	50.5	36	16.5	47.5	42	64.5	30.5	40	66	18.5	46.5	24.5	14	23.5	2	33.5	17.5	18.5	33	41	58.5	60.5	2	45.5	
59.5	30	24.5	44.5	56.5	47.5	39	19	69	68.5	22.5	40.5	11	74.5	26.5	40.5	61.5	2	37	77.5	28	29	45.5	25.5	69	48.5	48.5	44	23	21.5	52	54	55.5	39.5	3	46.5	78	10.5	24.5	37.5	49.5	15.5	65	62.5	36.5	67.5	39	35.5	75.5	32	38.5	55.5	51	39	59	25	36	40.5	41.5	21.5	34	4	41.5	18	0	57.5	52.5	32.5	44	21	37	38	50.5	21	68.5	53	42.5	32.5	36	30.5	29.5	40	52.5	46.5	52	76	36.5	60.5	42.5	32	41.5	20	33.5	29.5	36.5	39	41	58.5	78.5	16	61.5	
18	71.5	68	88	45	54	82.5	62.5	25.5	27	66	82	68.5	31	63	47	4	55.5	80.5	34	71.5	62.5	89	64	32.5	47	27	55.5	46.5	65	35.5	47.5	42	38	54.5	53	36.5	49	68	81	48	54	36.5	29	78	34	42.5	64	34	75.5	82	2	14.5	82.5	30.5	68.5	77.5	39	60	65	77.5	61.5	48	69.5	57.5	0	49	76	37.5	64.5	80.5	81.5	47	66.5	11	34.5	84	31	49.5	74	73	83.5	21	55	45.5	34.5	53	39	59	63.5	83	67.5	52	73	53	52.5	84.5	27	35	71.5	40	
53	36.5	57	57	20	19	67.5	57.5	30.5	58	61	47	41.5	36	28	12	45	50.5	69.5	39	66.5	37.5	56	41	32.5	4	38	20.5	41.5	60	29.5	17.5	17	13	49.5	18	43.5	44	57	54	3	49	26.5	24	43	29	27.5	31	51	70.5	63	49	44.5	57.5	20.5	61.5	42.5	12	25	50	52.5	48.5	13	34.5	52.5	49	0	59	27.5	55.5	49.5	48.5	2	31.5	38	14.5	49	20	30.5	41	68	66.5	44	20	19.5	45.5	18	26	24	28.5	48	32.5	33	42	18	27.5	65.5	38	40	36.5	25	
78	26.5	28	32	65	54	32.5	27.5	75.5	87	10	22	41.5	81	33	47	80	30.5	30.5	84	21.5	47.5	31	44	77.5	63	67	50.5	41.5	25	70.5	62.5	62	58	29.5	53	88.5	29	28	5	62	34	71.5	69	16	74	57.5	46	94	25.5	32	74	69.5	32.5	65.5	23.5	22.5	59	50	35	32.5	36.5	48	34.5	32.5	76	59	0	62.5	29.5	29.5	28.5	57	31.5	83	59.5	10	51	54.5	36	23	33.5	71	55	64.5	90.5	43	71	49	38.5	11	32.5	52	37	43	57.5	34.5	77	85	36.5	70	
39.5	50	54.5	70.5	28.5	32.5	69	49	39	48.5	52.5	60.5	55	44.5	41.5	25.5	41.5	42	67	47.5	58	49	69.5	50.5	41	31.5	28.5	34	33	51.5	32	10	25.5	24.5	41	31.5	52	35.5	54.5	67.5	30.5	40.5	35	32.5	56.5	37.5	29	44.5	55.5	62	68.5	35.5	31	69	29	55	56	25.5	38.5	51.5	64	48	26.5	48	44	37.5	27.5	62.5	0	51	63	62	25.5	45	46.5	23	62.5	17.5	36	54.5	59.5	70	32.5	33.5	8	54	31.5	34.5	37.5	42	61.5	46	38.5	55.5	31.5	39	71	38.5	48.5	50	33.5	
66.5	19	21.5	41.5	61.5	50.5	36	2	72	75.5	19.5	33.5	32	77.5	29.5	43.5	68.5	19	34	80.5	25	36	42.5	32.5	74	55.5	55.5	47	30	18.5	59	59	58.5	46.5	18	49.5	85	17.5	21.5	34.5	56.5	22.5	68	65.5	29.5	70.5	46	42.5	82.5	29	35.5	62.5	58	36	62	22	29	47.5	46.5	23.5	31	25	44.5	31	21	64.5	55.5	29.5	51	0	34	35	53.5	28	75.5	56	35.5	39.5	43	32.5	26.5	37	59.5	51.5	59	83	39.5	67.5	45.5	35	34.5	29	40.5	31.5	39.5	46	38	65.5	81.5	33	66.5	
82.5	17	32.5	27.5	55.5	44.5	38	32	66	91.5	25.5	17.5	32	71.5	23.5	37.5	80.5	35	40	74.5	31	38	26.5	36.5	68	53.5	71.5	41	46	29.5	65	53	52.5	62.5	34	43.5	79	33.5	32.5	24.5	52.5	38.5	62	59.5	13.5	64.5	58	36.5	86.5	35	33.5	78.5	74	28	56	12	7	61.5	40.5	35.5	3	39	38.5	25	37	80.5	49.5	29.5	63	34	0	1	47.5	22	73.5	50	19.5	55.5	51	26.5	32.5	37	75.5	45.5	55	81	33.5	61.5	39.5	29	18.5	23	48.5	27.5	33.5	48	36	73.5	75.5	27	60.5	
83.5	16	31.5	26.5	54.5	43.5	37	33	65	92.5	26.5	16.5	31	70.5	22.5	36.5	79.5	36	39	73.5	32	37	25.5	35.5	67	52.5	72.5	40	47	30.5	64	52	51.5	61.5	35	42.5	78	34.5	31.5	23.5	51.5	39.5	61	58.5	12.5	63.5	57	35.5	85.5	36	32.5	79.5	75	27	55	13	6	60.5	39.5	34.5	4	38	37.5	24	38	81.5	48.5	28.5	62	35	1	0	46.5	21	72.5	49	18.5	56.5	50	25.5	33.5	36	76.5	44.5	54	80	32.5	60.5	38.5	28	17.5	22	47.5	26.5	32.5	47	35	72.5	74.5	26	59.5	
55	34.5	55	55	18	17	65.5	55.5	28.5	56	63	45	39.5	34	26	10	43	52.5	67.5	37	66.5	35.5	54	39	30.5	6	36	18.5	41.5	58	27.5	15.5	15	15	51.5	16	41.5	46	55	52	5	49	24.5	22	41	27	25.5	29	49	72.5	61	49	46.5	55.5	18.5	59.5	40.5	14	23	48	50.5	46.5	11	32.5	50.5	47	2	57	25.5	53.5	47.5	46.5	0	29.5	36	12.5	47	22	28.5	39	70	64.5	42	18	17.5	43.5	16	24	22	26.5	46	30.5	31	40	16	25.5	63.5	36	38	34.5	23	
80.5	9	29.5	29.5	37.5	26.5	40	30	48	75.5	41.5	19.5	10	53.5	5.5	19.5	62.5	23	42	56.5	41	20	28.5	18.5	50	35.5	55.5	23	36	32.5	47	35	34.5	44.5	24	25.5	61	31.5	29.5	26.5	34.5	28.5	44	41.5	15.5	46.5	40	18.5	68.5	47	35.5	68.5	68	30	38	34	15	43.5	22.5	22.5	25	17	20.5	3	21	66.5	31.5	31.5	45	28	22	21	29.5	0	55.5	32	21.5	51.5	33	13.5	44.5	39	61.5	27.5	37	63	15.5	43.5	21.5	11	20.5	1	30.5	14.5	15.5	30	38	55.5	57.5	5	42.5	
29	60.5	79	81	34	43	91.5	73.5	14.5	38	77	71	65.5	20	52	36	7	66.5	91.5	23	82.5	61.5	80	65	21.5	42	38	44.5	57.5	76	38.5	36.5	31	49	65.5	42	27.5	60	79	78	41	65	25.5	18	67	23	51.5	55	35	86.5	87	13	25.5	81.5	19.5	79.5	66.5	50	49	74	76.5	72.5	37	58.5	68.5	11	38	83	46.5	75.5	73.5	72.5	36	55.5	0	23.5	73	42	54.5	65	84	90.5	32	44	38.5	29.5	42	30	48	52.5	72	56.5	57	66	42	51.5	89.5	32	24	60.5	29	
52.5	37	57.5	57.5	10.5	19.5	68	58	16	43.5	69.5	47.5	42	21.5	28.5	12.5	30.5	55	70	24.5	69	38	56.5	41.5	18	18.5	23.5	21	44	60.5	15	13	7.5	27.5	56	18.5	29	56.5	57.5	54.5	17.5	51.5	12	9.5	43.5	14.5	28	31.5	36.5	75	63.5	36.5	36	58	6	62	43	26.5	25.5	50.5	53	49	13.5	35	53	34.5	14.5	59.5	23	56	50	49	12.5	32	23.5	0	49.5	34.5	31	41.5	72.5	67	29.5	20.5	15	31	18.5	11.5	24.5	29	48.5	33	33.5	42.5	18.5	28	66	23.5	25.5	37	10.5	
88	16.5	32	22	55	44	32.5	37.5	65.5	93	20	12	31.5	71	23	37	80	40.5	34.5	74	31.5	37.5	21	36	67.5	53	73	40.5	51.5	35	64.5	52.5	52	62	39.5	43	78.5	39	32	5	52	44	61.5	59	6	64	57.5	36	86	35.5	28	84	79.5	22.5	55.5	31.5	12.5	61	40	35	22.5	38.5	38	24.5	42.5	84	49	10	62.5	35.5	19.5	18.5	47	21.5	73	49.5	0	61	50.5	26	33	31.5	79	45	54.5	80.5	33	61	39	28.5	1	22.5	48	27	33	47.5	30.5	73	75	26.5	60	
33	56.5	43	63	30	31	57.5	37.5	50.5	42	41	67	43.5	54	48	32	35	30.5	55.5	59	46.5	37.5	64	39	42.5	16	22	34.5	21.5	40	25.5	27.5	33	7	29.5	32	51.5	24	43	56	17	29	38.5	44	63	41	17.5	39	49	50.5	57	29	24.5	57.5	40.5	43.5	62.5	8	35	40	52.5	36.5	33	50.5	32.5	31	20	51	17.5	39.5	55.5	56.5	22	51.5	42	34.5	61	0	24.5	49	48	58.5	26	30	25.5	49.5	38	34	36	46.5	62	52.5	27	48	38	27.5	59.5	32	60	48.5	35	
51.5	38	46.5	58.5	36.5	25.5	61	41	47	60.5	44.5	48.5	43	52.5	29.5	18.5	53.5	34	59	55.5	50	39	57.5	42.5	49	34.5	40.5	10	25	43.5	44	34	33.5	31.5	33	24.5	60	27.5	46.5	55.5	33.5	32.5	43	40.5	44.5	45.5	31	32.5	67.5	54	60.5	47.5	43	59	37	47	44	32.5	26.5	43.5	54	40	19.5	36	36	49.5	30.5	54.5	36	43	51	50	28.5	33	54.5	31	50.5	24.5	0	42.5	51.5	62	44.5	26.5	36	62	19.5	42.5	25.5	30	49.5	34	30.5	43.5	19.5	3	63	50.5	56.5	38	41.5	
76	13.5	34	34	47	36	44.5	30.5	57.5	85	34	24	23.5	63	15	29	72	28.5	46.5	66	39.5	29.5	33	28	59.5	45	65	32.5	39.5	33	56.5	44.5	44	54	27.5	35	70.5	27	34	31	44	32	53.5	51	20	56	49.5	28	78	43.5	40	72	67.5	34.5	47.5	36.5	19.5	53	32	9	29.5	30.5	30	16.5	30.5	74	41	36	54.5	32.5	26.5	25.5	39	13.5	65	41.5	26	49	42.5	0	41	43.5	69	37	46.5	72.5	25	53	31	20.5	25	14.5	40	1	25	39.5	42.5	65	67	18.5	52	
75	39.5	25	15	72	63	19.5	24.5	88.5	84	13	25	40.5	94	46	60	77	27.5	17.5	97	13.5	44.5	16	41	84.5	64	64	61.5	38.5	22	67.5	69.5	75	55	26.5	64	93.5	26	25	28	65	31	80.5	82	31	83	54.5	51	91	12.5	9	71	66.5	24.5	78.5	20.5	35.5	56	57	32	29.5	33.5	61	47.5	29.5	73	68	23	59.5	26.5	32.5	33.5	70	44.5	84	72.5	33	48	51.5	41	0	20.5	68	62	67.5	91.5	56	76	58	51.5	34	45.5	49	40	56	54.5	21.5	74	98	45.5	77	
85.5	34	35.5	29.5	72.5	61.5	1	35	83	94.5	23.5	19.5	49	88.5	40.5	54.5	87.5	38	3	91.5	24	55	28.5	51.5	85	70.5	74.5	58	49	32.5	78	70	69.5	65.5	37	60.5	96	36.5	35.5	36.5	69.5	41.5	79	76.5	25.5	81.5	65	53.5	101.5	8	29.5	81.5	77	35	73	31	30	66.5	57.5	42.5	40	44	55.5	42	40	83.5	66.5	33.5	70	37	37	36	64.5	39	90.5	67	31.5	58.5	62	43.5	20.5	0	78.5	62.5	72	98	50.5	78.5	56.5	46	30.5	40	59.5	44.5	50.5	65	1	84.5	92.5	44	77.5	
23	66.5	63	83	40	49	77.5	57.5	30.5	32	61	77	63.5	36	58	42	25	50.5	75.5	39	66.5	57.5	84	59	32.5	42	22	50.5	41.5	60	30.5	42.5	37	33	49.5	48	41.5	44	63	76	43	49	31.5	20	73	15	37.5	59	39	70.5	77	19	14.5	77.5	25.5	63.5	72.5	34	55	60	72.5	56.5	43	64.5	52.5	21	44	71	32.5	59.5	75.5	76.5	42	61.5	32	29.5	79	26	44.5	69	68	78.5	0	50	40.5	39.5	48	34	54	58.5	78	62.5	47	68	48	47.5	79.5	6	40	66.5	35	
57	32.5	53	53	26	1	63.5	51.5	36.5	64	55	43	37.5	42	24	8	51	44.5	65.5	45	60.5	33.5	52	37	38.5	24	44	16.5	35.5	54	35.5	23.5	23	33	43.5	2	49.5	38	53	50	23	43	32.5	30	39	35	28.5	27	57	64.5	59	53	48.5	53.5	26.5	57.5	38.5	32	21	46	48.5	44.5	7	30.5	46.5	55	20	55	33.5	51.5	45.5	44.5	18	27.5	44	20.5	45	30	26.5	37	62	62.5	50	0	25.5	51.5	14	32	20	24.5	44	28.5	29	38	14	23.5	61.5	44	46	32.5	31	
47.5	42	62.5	62.5	20.5	24.5	73	57	31	56.5	60.5	52.5	47	36.5	33.5	17.5	45.5	50	75	39.5	66	43	61.5	46.5	33	23.5	36.5	26	41	59.5	30	2	17.5	32.5	49	23.5	44	43.5	62.5	59.5	22.5	48.5	27	24.5	48.5	29.5	33	36.5	51.5	70	68.5	43.5	39	63	21	63	48	31.5	30.5	55.5	58	54	18.5	40	52	45.5	19.5	64.5	8	59	55	54	17.5	37	38.5	15	54.5	25.5	36	46.5	67.5	72	40.5	25.5	0	46	23.5	26.5	29.5	34	53.5	38	38.5	47.5	23.5	33	71	38.5	40.5	42	25.5	
21.5	68	86.5	88.5	41.5	50.5	99	81	17	30.5	84.5	78.5	73	17.5	59.5	43.5	36.5	74	99	15.5	90	69	87.5	72.5	29	49.5	45.5	52	65	83.5	46	44	38.5	56.5	73	49.5	2	67.5	86.5	85.5	48.5	72.5	33	25.5	74.5	30.5	59	62.5	27.5	94	94.5	32.5	33	89	27	87	74	57.5	56.5	81.5	84	80	44.5	66	76	34.5	45.5	90.5	54	83	81	80	43.5	63	29.5	31	80.5	49.5	62	72.5	91.5	98	39.5	51.5	46	0	49.5	37.5	55.5	60	79.5	64	64.5	73.5	49.5	59	97	39.5	16.5	68	36.5	
69	20.5	41	41	24	13	51.5	41.5	34.5	62	53	31	25.5	40	12	6	49	38.5	53.5	43	52.5	21.5	40	25	36.5	22	42	9.5	27.5	44	33.5	21.5	21	31	39.5	12	47.5	40	41	38	21	35	30.5	28	27	33	26.5	15	55	58.5	47	55	54.5	41.5	24.5	45.5	26.5	30	7	34	36.5	32.5	7	18.5	36.5	53	18	43	31.5	39.5	33.5	32.5	16	15.5	42	18.5	33	38	19.5	25	56	50.5	48	14	23.5	49.5	0	30	6	12.5	32	16.5	15	26	0	16.5	49.5	42	44	20.5	29	
41	48.5	69	69	22	31	79.5	65.5	22.5	50	69	59	53.5	28	40	24	37	58.5	81.5	31	74.5	49.5	68	53	24.5	30	12	32.5	49.5	68	26.5	24.5	19	39	57.5	30	35.5	52	69	66	29	57	18.5	16	55	21	39.5	43	43	78.5	75	37	32.5	69.5	12.5	71.5	54.5	38	37	62	64.5	60.5	25	46.5	60.5	39	26	71	34.5	67.5	61.5	60.5	24	43.5	30	11.5	61	34	42.5	53	76	78.5	34	32	26.5	37.5	30	0	36	40.5	60	44.5	45	54	30	39.5	77.5	30	32	48.5	1	
63	26.5	47	47	30	19	57.5	47.5	40.5	68	51	37	31.5	46	18	12	55	40.5	59.5	49	56.5	27.5	46	31	42.5	28	48	15.5	31.5	50	39.5	27.5	27	37	39.5	18	53.5	34	47	44	27	39	36.5	34	33	39	32.5	21	61	60.5	53	59	54.5	47.5	30.5	51.5	32.5	36	1	40	42.5	38.5	13	24.5	42.5	59	24	49	37.5	45.5	39.5	38.5	22	21.5	48	24.5	39	36	25.5	31	58	56.5	54	20	29.5	55.5	6	36	0	18.5	38	22.5	9	32	6	22.5	55.5	48	50	26.5	35	
73.5	16	36.5	36.5	34.5	23.5	47	37	45	72.5	46.5	26.5	21	50.5	7.5	16.5	59.5	34	49	53.5	48	9	35.5	20.5	47	32.5	52.5	20	33	39.5	44	32	31.5	41.5	35	22.5	58	29.5	36.5	33.5	31.5	30.5	41	38.5	22.5	43.5	37	15.5	65.5	54	42.5	65.5	65	37	35	41	22	40.5	19.5	29.5	32	28	17.5	14	32	63.5	28.5	38.5	42	35	29	28	26.5	11	52.5	29	28.5	46.5	30	20.5	51.5	46	58.5	24.5	34	60	12.5	40.5	18.5	0	27.5	12	27.5	21.5	12.5	27	45	52.5	54.5	16	39.5	
89	15.5	31	21	54	43	31.5	36.5	64.5	92	21	11	30.5	70	22	36	79	41.5	33.5	73	32.5	36.5	20	35	66.5	52	72	39.5	52.5	34	63.5	51.5	51	61	40.5	42	77.5	40	31	6	51	45	60.5	58	5	63	56.5	35	85	36.5	27	85	80.5	21.5	54.5	30.5	11.5	60	39	34	21.5	37.5	37	23.5	41.5	83	48	11	61.5	34.5	18.5	17.5	46	20.5	72	48.5	1	62	49.5	25	34	30.5	78	44	53.5	79.5	32	60	38	27.5	0	21.5	47	26	32	46.5	29.5	72	74	25.5	59	
79.5	10	30.5	30.5	38.5	27.5	41	31	49	76.5	42.5	20.5	9	54.5	6.5	20.5	63.5	22	43	57.5	42	21	29.5	19.5	51	36.5	56.5	24	37	33.5	48	36	35.5	45.5	23	26.5	62	30.5	30.5	27.5	35.5	29.5	45	42.5	16.5	47.5	41	19.5	69.5	48	36.5	69.5	69	31	39	35	16	44.5	23.5	23.5	26	16	21.5	2	20	67.5	32.5	32.5	46	29	23	22	30.5	1	56.5	33	22.5	52.5	34	14.5	45.5	40	62.5	28.5	38	64	16.5	44.5	22.5	12	21.5	0	31.5	15.5	16.5	31	39	56.5	58.5	4	43.5	
54	35.5	44	56	39	28	58.5	38.5	49.5	63	42	46	40.5	55	27	21	56	31.5	56.5	58	47.5	36.5	55	40	51.5	37	43	24.5	22.5	41	46.5	36.5	36	34	30.5	27	62.5	25	44	53	36	30	45.5	43	42	48	33.5	30	70	51.5	58	50	45.5	56.5	39.5	44.5	41.5	35	8	41	51.5	37.5	22	33.5	33.5	52	33	52	38.5	40.5	48.5	47.5	31	30.5	57	33.5	48	27	30.5	40	49	59.5	47	29	38.5	64.5	15	45	9	27.5	47	31.5	0	41	15	31.5	60.5	53	59	35.5	44	
75	14.5	35	35	48	37	45.5	29.5	58.5	84	33	25	24.5	64	16	30	73	27.5	47.5	67	38.5	30.5	34	29	60.5	46	64	33.5	38.5	32	57.5	45.5	45	55	26.5	36	71.5	26	35	32	45	31	54.5	52	21	57	50.5	29	79	42.5	41	71	66.5	35.5	48.5	35.5	20.5	54	33	8	30.5	31.5	31	17.5	29.5	73	42	37	55.5	31.5	27.5	26.5	40	14.5	66	42.5	27	48	43.5	1	40	44.5	68	38	47.5	73.5	26	54	32	21.5	26	15.5	41	0	26	40.5	43.5	66	68	19.5	53	
69	20.5	41	41	24	13	51.5	41.5	34.5	62	53	31	25.5	40	12	6	49	38.5	53.5	43	52.5	21.5	40	25	36.5	22	42	9.5	27.5	44	33.5	21.5	21	31	39.5	12	47.5	40	41	38	21	35	30.5	28	27	33	26.5	15	55	58.5	47	55	54.5	41.5	24.5	45.5	26.5	30	7	34	36.5	32.5	7	18.5	36.5	53	18	43	31.5	39.5	33.5	32.5	16	15.5	42	18.5	33	38	19.5	25	56	50.5	48	14	23.5	49.5	0	30	6	12.5	32	16.5	15	26	0	16.5	49.5	42	44	20.5	29	
54.5	35	49.5	55.5	33.5	22.5	64	44	44	63.5	47.5	45.5	40	49.5	26.5	15.5	56.5	37	62	52.5	53	36	54.5	39.5	46	31.5	43.5	7	28	46.5	43	31	30.5	34.5	36	21.5	57	30.5	49.5	52.5	30.5	35.5	40	37.5	41.5	42.5	34	29.5	64.5	57	61.5	50.5	46	56	34	50	41	35.5	23.5	46.5	51	43	16.5	33	39	52.5	27.5	57.5	39	46	48	47	25.5	30	51.5	28	47.5	27.5	3	39.5	54.5	65	47.5	23.5	33	59	16.5	39.5	22.5	27	46.5	31	31.5	40.5	16.5	0	64	51.5	53.5	35	38.5	
86.5	33	36.5	28.5	71.5	60.5	2	36	82	95.5	24.5	18.5	48	87.5	39.5	53.5	88.5	39	4	90.5	25	54	27.5	52.5	84	69.5	75.5	57	50	33.5	79	69	68.5	66.5	38	59.5	95	37.5	36.5	35.5	68.5	42.5	78	75.5	24.5	80.5	66	52.5	102.5	9	30.5	82.5	78	34	72	32	29	67.5	56.5	43.5	39	45	54.5	41	41	84.5	65.5	34.5	71	38	36	35	63.5	38	89.5	66	30.5	59.5	63	42.5	21.5	1	79.5	61.5	71	97	49.5	77.5	55.5	45	29.5	39	60.5	43.5	49.5	64	0	85.5	91.5	43	76.5	
29	60.5	69	81	34	43	83.5	63.5	24.5	38	67	71	65.5	30	52	36	31	56.5	81.5	33	72.5	61.5	80	65	26.5	42	28	44.5	47.5	66	36.5	36.5	31	39	55.5	42	37.5	50	69	78	41	55	25.5	14	67	9	43.5	55	45	76.5	83	25	20.5	81.5	19.5	69.5	66.5	40	49	66	76.5	62.5	37	58.5	58.5	27	38	77	38.5	65.5	73.5	72.5	36	55.5	32	23.5	73	32	50.5	65	74	84.5	6	44	38.5	39.5	42	30	48	52.5	72	56.5	53	66	42	51.5	85.5	0	34	60.5	29	
27	62.5	83	83	36	45	93.5	83.5	11.5	18	95	73	67.5	12	54	38	31	80.5	95.5	1	94.5	63.5	82	67	23.5	44	44	46.5	69.5	86	40.5	38.5	33	53	81.5	44	14.5	78	83	80	43	77	27.5	20	69	25	53.5	57	11	100.5	89	37	41.5	83.5	21.5	87.5	68.5	52	51	76	78.5	74.5	39	60.5	78.5	35	40	85	48.5	81.5	75.5	74.5	38	57.5	24	25.5	75	60	56.5	67	98	92.5	40	46	40.5	16.5	44	32	50	54.5	74	58.5	59	68	44	53.5	91.5	34	0	62.5	31	
75.5	14	34.5	34.5	42.5	31.5	45	35	53	80.5	38.5	24.5	5	58.5	10.5	24.5	67.5	18	47	61.5	44	25	33.5	23.5	55	40.5	60.5	28	39	37.5	52	40	39.5	49.5	19	30.5	66	26.5	34.5	31.5	39.5	31.5	49	46.5	20.5	51.5	45	23.5	73.5	48	40.5	71.5	67	35	43	39	20	48.5	27.5	27.5	30	12	25.5	2	16	71.5	36.5	36.5	50	33	27	26	34.5	5	60.5	37	26.5	48.5	38	18.5	45.5	44	66.5	32.5	42	68	20.5	48.5	26.5	16	25.5	4	35.5	19.5	20.5	35	43	60.5	62.5	0	47.5	
42	47.5	68	68	21	30	78.5	66.5	21.5	49	70	58	52.5	27	39	23	36	59.5	80.5	30	75.5	48.5	67	52	23.5	29	13	31.5	50.5	69	25.5	23.5	18	38	58.5	29	34.5	53	68	65	28	58	17.5	15	54	20	38.5	42	42	79.5	74	38	33.5	68.5	11.5	72.5	53.5	37	36	61	63.5	59.5	24	45.5	61.5	40	25	70	33.5	66.5	60.5	59.5	23	42.5	29	10.5	60	35	41.5	52	77	77.5	35	31	25.5	36.5	29	1	35	39.5	59	43.5	44	53	29	38.5	76.5	29	31	47.5	0	
