Number of items: 100
Horizon: 9
Time limit: 750
Load limit: 6000
Initial item inventory level
291
108
10
30
88
104
58
31
231
198
267
146
57
246
146
48
88
122
33
78
33
150
44
78
102
46
171
150
270
33
26
30
39
54
93
116
216
134
126
234
87
207
47
267
48
87
270
34
104
194
82
118
65
170
16
96
55
189
291
159
33
184
36
100
78
30
36
28
72
68
88
81
152
126
39
58
28
180
70
132
50
120
86
50
84
297
122
94
240
52
94
80
110
106
166
34
64
112
102
110
Maximum inventory capacity per item
388
144
20
40
176
156
116
62
308
264
356
219
76
328
219
96
132
183
66
117
44
200
88
117
153
69
228
225
360
44
39
45
52
72
186
174
288
201
189
312
116
276
94
356
72
116
360
51
156
291
164
177
130
255
32
192
110
252
388
212
44
276
54
150
104
45
54
56
96
102
176
108
228
168
78
87
42
240
140
198
75
180
129
100
126
396
183
141
320
104
141
120
165
159
249
68
96
168
136
165
Reserve storage replenishment rate per item and per period
582	0	0	582	0	0	582	0	0	
216	0	0	216	0	0	216	0	0	
60	0	0	60	0	0	60	0	0	
60	0	0	60	0	0	60	0	0	
528	0	0	528	0	0	528	0	0	
312	0	0	312	0	0	312	0	0	
348	0	0	348	0	0	348	0	0	
186	0	0	186	0	0	186	0	0	
462	0	0	462	0	0	462	0	0	
396	0	0	396	0	0	396	0	0	
534	0	0	534	0	0	534	0	0	
438	0	0	438	0	0	438	0	0	
114	0	0	114	0	0	114	0	0	
492	0	0	492	0	0	492	0	0	
438	0	0	438	0	0	438	0	0	
288	0	0	288	0	0	288	0	0	
264	0	0	264	0	0	264	0	0	
366	0	0	366	0	0	366	0	0	
198	0	0	198	0	0	198	0	0	
234	0	0	234	0	0	234	0	0	
66	0	0	66	0	0	66	0	0	
300	0	0	300	0	0	300	0	0	
264	0	0	264	0	0	264	0	0	
234	0	0	234	0	0	234	0	0	
306	0	0	306	0	0	306	0	0	
138	0	0	138	0	0	138	0	0	
342	0	0	342	0	0	342	0	0	
450	0	0	450	0	0	450	0	0	
540	0	0	540	0	0	540	0	0	
66	0	0	66	0	0	66	0	0	
78	0	0	78	0	0	78	0	0	
90	0	0	90	0	0	90	0	0	
78	0	0	78	0	0	78	0	0	
108	0	0	108	0	0	108	0	0	
558	0	0	558	0	0	558	0	0	
348	0	0	348	0	0	348	0	0	
432	0	0	432	0	0	432	0	0	
402	0	0	402	0	0	402	0	0	
378	0	0	378	0	0	378	0	0	
468	0	0	468	0	0	468	0	0	
174	0	0	174	0	0	174	0	0	
414	0	0	414	0	0	414	0	0	
282	0	0	282	0	0	282	0	0	
534	0	0	534	0	0	534	0	0	
144	0	0	144	0	0	144	0	0	
174	0	0	174	0	0	174	0	0	
540	0	0	540	0	0	540	0	0	
102	0	0	102	0	0	102	0	0	
312	0	0	312	0	0	312	0	0	
582	0	0	582	0	0	582	0	0	
492	0	0	492	0	0	492	0	0	
354	0	0	354	0	0	354	0	0	
390	0	0	390	0	0	390	0	0	
510	0	0	510	0	0	510	0	0	
96	0	0	96	0	0	96	0	0	
576	0	0	576	0	0	576	0	0	
330	0	0	330	0	0	330	0	0	
378	0	0	378	0	0	378	0	0	
582	0	0	582	0	0	582	0	0	
318	0	0	318	0	0	318	0	0	
66	0	0	66	0	0	66	0	0	
552	0	0	552	0	0	552	0	0	
108	0	0	108	0	0	108	0	0	
300	0	0	300	0	0	300	0	0	
156	0	0	156	0	0	156	0	0	
90	0	0	90	0	0	90	0	0	
108	0	0	108	0	0	108	0	0	
168	0	0	168	0	0	168	0	0	
144	0	0	144	0	0	144	0	0	
204	0	0	204	0	0	204	0	0	
528	0	0	528	0	0	528	0	0	
162	0	0	162	0	0	162	0	0	
456	0	0	456	0	0	456	0	0	
252	0	0	252	0	0	252	0	0	
234	0	0	234	0	0	234	0	0	
174	0	0	174	0	0	174	0	0	
84	0	0	84	0	0	84	0	0	
360	0	0	360	0	0	360	0	0	
420	0	0	420	0	0	420	0	0	
396	0	0	396	0	0	396	0	0	
150	0	0	150	0	0	150	0	0	
360	0	0	360	0	0	360	0	0	
258	0	0	258	0	0	258	0	0	
300	0	0	300	0	0	300	0	0	
252	0	0	252	0	0	252	0	0	
594	0	0	594	0	0	594	0	0	
366	0	0	366	0	0	366	0	0	
282	0	0	282	0	0	282	0	0	
480	0	0	480	0	0	480	0	0	
312	0	0	312	0	0	312	0	0	
282	0	0	282	0	0	282	0	0	
240	0	0	240	0	0	240	0	0	
330	0	0	330	0	0	330	0	0	
318	0	0	318	0	0	318	0	0	
498	0	0	498	0	0	498	0	0	
204	0	0	204	0	0	204	0	0	
192	0	0	192	0	0	192	0	0	
336	0	0	336	0	0	336	0	0	
204	0	0	204	0	0	204	0	0	
330	0	0	330	0	0	330	0	0	
Forward storage demand rate per item and per period
97	86	154	175	101	104	78	163	88	
36	36	34	52	24	47	57	12	42	
10	8	13	7	12	8	10	10	4	
10	7	13	12	6	11	10	8	9	
88	86	102	79	137	147	50	105	69	
52	20	83	79	78	96	80	36	47	
58	33	40	58	76	53	94	55	36	
31	38	32	41	38	31	43	38	55	
77	93	134	79	107	88	83	91	13	
66	62	37	49	106	109	40	64	20	
89	98	137	58	104	116	83	74	85	
73	56	62	31	123	53	53	112	100	
19	30	10	21	20	1	22	15	24	
82	39	64	129	108	147	11	62	75	
73	108	62	80	60	55	137	121	39	
48	38	29	54	29	17	41	23	38	
44	72	51	47	42	43	43	57	21	
61	62	71	78	92	84	40	48	12	
33	33	34	51	4	35	32	35	20	
39	30	49	71	30	30	46	25	28	
11	8	6	10	21	16	11	4	16	
50	52	49	37	49	66	19	40	74	
44	30	55	26	43	27	76	46	16	
39	32	51	9	60	21	54	39	16	
51	44	47	24	49	25	56	56	76	
23	44	29	28	33	26	19	14	34	
57	38	58	8	51	63	44	61	51	
75	53	74	83	127	78	87	31	100	
90	28	7	131	51	165	171	18	124	
11	12	9	9	13	10	10	12	9	
13	8	11	7	21	13	18	20	20	
15	11	3	12	12	8	11	16	22	
13	12	3	17	19	17	5	18	14	
18	12	34	13	21	28	17	15	18	
93	33	115	69	97	68	152	161	83	
58	74	37	98	25	46	71	67	49	
72	78	54	79	101	55	99	41	102	
67	95	95	70	40	109	88	86	64	
63	78	90	71	81	86	40	54	70	
78	139	97	129	115	81	139	66	59	
29	34	9	38	28	21	47	30	44	
69	111	84	78	71	56	27	69	50	
47	22	5	75	33	38	4	19	8	
89	121	60	129	142	108	112	100	74	
24	29	10	36	24	43	23	38	31	
29	33	35	37	19	29	16	21	31	
90	101	125	39	138	157	68	125	67	
17	17	11	23	19	19	19	21	19	
52	30	70	69	37	56	34	60	43	
97	175	119	109	35	89	26	82	192	
82	91	78	130	30	122	66	63	57	
59	42	86	25	66	95	57	60	86	
65	53	105	54	71	69	92	21	62	
85	143	36	131	46	86	88	85	61	
16	18	2	26	7	14	11	28	18	
96	68	93	119	135	90	30	166	85	
55	50	13	32	41	66	63	63	59	
63	56	91	103	60	35	65	66	23	
97	67	90	34	121	60	81	40	113	
53	23	82	73	55	40	36	51	95	
11	11	2	8	6	10	11	6	17	
92	155	84	130	98	105	131	115	53	
18	29	23	17	9	14	28	9	9	
50	73	65	84	16	96	56	80	66	
26	16	11	39	36	37	39	25	41	
15	12	23	0	18	19	16	13	12	
18	5	20	20	11	16	22	10	27	
28	22	19	43	25	29	31	19	40	
24	26	23	27	13	31	21	37	21	
34	29	33	27	13	44	59	25	21	
88	51	97	161	37	68	88	147	53	
27	34	30	40	10	19	16	23	22	
76	73	78	63	81	73	50	115	27	
42	66	56	45	41	27	54	49	35	
39	44	41	28	38	13	53	61	38	
29	29	30	28	29	35	49	30	27	
14	10	9	2	4	8	9	12	17	
60	15	80	50	78	26	50	36	43	
70	35	87	93	62	49	92	79	88	
66	50	86	47	28	72	59	80	70	
25	17	5	18	8	27	14	10	24	
60	59	64	58	33	47	23	67	40	
43	51	48	38	42	47	29	48	22	
50	74	46	26	38	52	58	34	84	
42	14	21	57	4	13	33	33	40	
99	73	66	107	34	118	84	19	46	
61	95	37	60	86	67	88	34	16	
47	67	75	35	78	78	43	72	51	
80	59	57	118	67	52	68	129	90	
52	27	16	77	90	68	72	51	93	
47	15	17	5	84	56	20	61	35	
40	58	43	44	27	72	34	35	41	
55	17	47	56	57	46	74	49	67	
53	92	96	45	47	68	32	75	50	
83	105	122	39	45	58	96	1	65	
34	40	36	13	4	44	41	38	18	
32	34	51	52	54	15	34	34	40	
56	24	54	13	59	61	59	28	88	
34	20	15	53	36	59	45	39	23	
55	91	35	72	24	21	25	21	100	
Distance matrix
0	56.5	81	8	79.5	66	30	46.5	25.5	15.5	40	26.5	53.5	52	36	27	11	74	41	35	45	56.5	18.5	43.5	40.5	54.5	71.5	30	50	42.5	22.5	69.5	33.5	38.5	51	76	31.5	40.5	30	30.5	60.5	66.5	25.5	89	81.5	29.5	78	75.5	98.5	38	75	68	55.5	30.5	34	62	18.5	91	73.5	60	22.5	43	27	31	30	85	75	49	56.5	73.5	71	65	54	52.5	90.5	35	69	71.5	49.5	59.5	54	79.5	36	72	73.5	49.5	70	39	36.5	44.5	101.5	19.5	68	57.5	40.5	72	73.5	27	29.5	11	74.5	
56.5	0	32.5	64.5	31	17.5	46.5	28	57	67	66.5	78	15	28.5	22.5	63.5	67.5	34.5	37.5	41.5	63.5	0	70	55	22	26	15	56.5	36.5	44	64	39	55	70	17.5	27.5	43	62	56.5	42	48	28	37	40.5	33	41	29.5	27	50	54.5	26.5	40.5	47	52	70.5	38.5	40	42.5	25	36.5	44	19.5	73.5	37.5	76.5	28.5	26.5	25.5	52	25	22.5	41.5	10.5	56	42	71.5	20.5	15	59	3	20.5	31	22.5	23.5	25	59	21.5	35.5	58	36	47	41	19.5	19	52	36.5	17	53.5	61	57.5	18	
81	32.5	0	89	19.5	27	69	52.5	73.5	83.5	59	72.5	39.5	47	47	72	88	25	58	64	54	32.5	80.5	55.5	46.5	44.5	27.5	69	49	56.5	76.5	29.5	65.5	60.5	42	23	67.5	58.5	69	66.5	38.5	32.5	61.5	20	17.5	65.5	3	36.5	25.5	61	34	31	43.5	68.5	65	37	64.5	28	25.5	39	68.5	44	72	62	69	14	6	50	42.5	25.5	10	34	35	46.5	33.5	64	30	27.5	49.5	35.5	45	19.5	47	33	34.5	49.5	31	60	62.5	54.5	22.5	65.5	13	41.5	58.5	27	25.5	72	69.5	82	24.5	
8	64.5	89	0	87.5	74	38	54.5	33.5	23.5	42	30.5	61.5	60	44	35	3	68	49	43	37	64.5	26.5	51.5	48.5	62.5	79.5	38	58	50.5	30.5	67.5	41.5	38.5	59	84	39.5	46.5	38	38.5	56.5	74.5	33.5	93	85.5	37.5	86	83.5	98.5	46	83	64	61.5	38.5	38	70	26.5	99	81.5	68	30.5	51	35	39	32	77	83	57	50.5	81.5	79	67	62	44.5	98.5	37	77	79.5	47.5	67.5	62	87.5	44	80	81.5	47.5	78	47	44.5	52.5	95.5	27.5	76	65.5	48.5	70	81.5	35	37.5	19	82.5	
79.5	31	19.5	87.5	0	30.5	65.5	49	70	80	55.5	69	38	43.5	45.5	68.5	84.5	21.5	54.5	60.5	50.5	31	77	52	45	41	24	65.5	45.5	53	73	26	62	57	40.5	19.5	64	55	65.5	65	35	29	60	21.5	2	64	22.5	40	27	57.5	35.5	27.5	40	65	61.5	33.5	63	29.5	6	35.5	67	42.5	68.5	60.5	65.5	10.5	25.5	46.5	39	6	29.5	30.5	33.5	43	35	60.5	33.5	24	46	34	41.5	0	45.5	36.5	38	46	34.5	56.5	59	51	24	64	32.5	38	55	23.5	22	68.5	66	80.5	21	
66	17.5	27	74	30.5	0	56	37.5	66.5	76.5	76	87.5	24.5	38	32	73	77	50	47	51	79	17.5	79.5	64.5	31.5	35.5	32.5	66	46	53.5	73.5	50.5	64.5	79.5	27	32	52.5	71.5	66	51.5	61.5	37.5	46.5	23	32.5	50.5	24	11.5	34.5	64	9	54	56.5	61.5	80	48	49.5	27	24.5	46	53.5	29	83	47	86	39	21	35	67.5	24.5	17	51	20	71.5	26.5	81	3	32.5	70.5	20.5	30	30.5	32	8	9.5	70.5	4	45	67.5	45.5	37.5	50.5	14	28.5	61.5	48	34.5	63	70.5	67	35.5	
30	46.5	69	38	65.5	56	0	36.5	30.5	40.5	30	43.5	43.5	42	26	37	41	46	31	25	25	46.5	43.5	31.5	30.5	44.5	61.5	30	40	32.5	37.5	45.5	28.5	31.5	41	64	21.5	29.5	30	20.5	34.5	56.5	15.5	71	63.5	19.5	68	65.5	76.5	8	65	42	39.5	25.5	36	48	13.5	79	63.5	50	17.5	33	43	21	40	55	65	39	28.5	63.5	61	45	44	22.5	80.5	35	59	61.5	25.5	49.5	44	65.5	26	62	63.5	25.5	60	29	31.5	34.5	73.5	14.5	58	47.5	30.5	48	61.5	27	34.5	31	60.5	
46.5	28	52.5	54.5	49	37.5	36.5	0	47	57	48.5	62	25	23.5	12.5	53.5	57.5	29.5	27.5	31.5	43.5	28	60	45	6	26	43	46.5	26.5	34	54	29	45	50	22.5	47.5	33	48	46.5	32	28	38	27	54.5	47	31	49.5	47	60	44.5	46.5	25.5	33	42	54.5	31.5	30	62.5	45	31.5	34	14.5	61.5	27.5	58.5	38.5	46.5	20.5	32	45	42.5	28.5	25.5	36	62	53.5	40.5	43	39	31	25.5	49	12.5	43.5	45	39	41.5	25.5	48	26	57	31	39.5	29	42	31.5	45	43.5	51	47.5	44	
25.5	57	73.5	33.5	70	66.5	30.5	47	0	36	24.5	33	54	52.5	36.5	32.5	36.5	50.5	41.5	35.5	19.5	57	39	36	41	55	68	30.5	50.5	43	33	50	34	13	51.5	68.5	32	29	30.5	31	39	63	26	75.5	68	30	76.5	76	81	36.5	75.5	46.5	44	31	25.5	52.5	19	83.5	74	54.5	23	43.5	32.5	31.5	29.5	59.5	75.5	49.5	33	74	71.5	49.5	54.5	27	89	24.5	69.5	68	30	60	54.5	70	36.5	72.5	74	30	70.5	39.5	33	45	78	20	68.5	58	39	52.5	66	27.5	4	26.5	65	
15.5	67	83.5	23.5	80	76.5	40.5	57	36	0	34.5	11	64	62.5	46.5	37.5	26.5	60.5	51.5	45.5	29.5	67	3	46	51	65	78	40.5	60.5	53	33	60	44	31	61.5	78.5	42	39	40.5	41	49	73	36	85.5	78	40	86.5	86	91	46.5	85.5	56.5	54	41	30.5	62.5	29	93.5	84	64.5	33	53.5	27.5	41.5	24.5	69.5	85.5	59.5	43	84	81.5	59.5	64.5	37	99	29.5	79.5	78	40	70	64.5	80	46.5	82.5	84	40	80.5	49.5	43	55	88	30	78.5	68	49	62.5	76	37.5	40	21.5	75	
40	66.5	59	42	55.5	76	30	48.5	24.5	34.5	0	23.5	61.5	48	46	23	39	36	39	35	5	66.5	31.5	21.5	50.5	50.5	53.5	10	40	32.5	27.5	35.5	21.5	11.5	59	54	33.5	14.5	10	34.5	24.5	48.5	35.5	61	53.5	35.5	62	85.5	66.5	22	75	32	29.5	24.5	16	38	28.5	69	61.5	40	32.5	53	23	39	20	45	65	51	18.5	61.5	69	35	64	12.5	74.5	15	79	53.5	15.5	65.5	56	55.5	46	82	81.5	15.5	80	41	18.5	40.5	63.5	29.5	72	57.5	24.5	38	51.5	13	20.5	39	50.5	
26.5	78	72.5	30.5	69	87.5	43.5	62	33	11	23.5	0	75	61.5	57.5	26.5	27.5	49.5	52.5	48.5	18.5	78	8	35	62	64	67	33.5	53.5	46	26	49	35	20	72.5	67.5	47	28	33.5	48	38	62	47	74.5	67	49	75.5	97	80	35.5	88.5	45.5	43	38	19.5	51.5	40	82.5	75	53.5	44	64.5	16.5	52.5	13.5	58.5	78.5	64.5	32	75	82.5	48.5	75.5	26	88	18.5	90.5	67	29	79	69.5	69	57.5	93.5	95	29	91.5	54.5	32	54	77	41	85.5	71	38	51.5	65	36.5	29	32.5	64	
53.5	15	39.5	61.5	38	24.5	43.5	25	54	64	61.5	75	0	25.5	19.5	60.5	64.5	27.5	34.5	38.5	56.5	15	67	52	19	23	30	53.5	33.5	41	61	32	52	63	14.5	34.5	40	59	53.5	39	41	13	34	47.5	40	38	36.5	34	53	51.5	33.5	33.5	44	49	67.5	35.5	37	49.5	32	33.5	41	16.5	70.5	34.5	71.5	31.5	33.5	22.5	45	32	29.5	36.5	12.5	49	49	66.5	27.5	30	52	18	17.5	38	19.5	30.5	32	52	28.5	32.5	55	33	50	38	26.5	4	49	29.5	32	50.5	58	54.5	33	
52	28.5	47	60	43.5	38	42	23.5	52.5	62.5	48	61.5	25.5	0	18	59	63	24	33	37	43	28.5	65.5	44.5	17.5	26.5	41.5	52	32	39.5	59.5	23.5	50.5	49.5	23	42	38.5	47.5	52	37.5	27.5	36.5	32.5	49	41.5	36.5	50	47.5	54.5	50	47	16	32.5	47.5	54	10	35.5	57	45.5	8	39.5	9	61	33	58	33	47	3	31.5	45.5	43	13	26	35.5	62.5	53	41	41.5	38.5	31.5	26	43.5	18	44	45.5	38.5	42	31	51.5	31.5	51.5	36.5	40	29.5	47.5	26	39.5	49	56.5	53	38.5	
36	22.5	47	44	45.5	32	26	12.5	36.5	46.5	46	57.5	19.5	18	0	43	47	40	17	21	49	22.5	49.5	34.5	6.5	20.5	37.5	36	14	23.5	43.5	35.5	34.5	49.5	17	42	22.5	41.5	36	21.5	31.5	32.5	16.5	55	47.5	20.5	44	41.5	64.5	34	41	34	26.5	31.5	50	28	19.5	57	39.5	26	23.5	9	53	17	56	49	41	15	37.5	39.5	37	31	20	41.5	56.5	51	35	37.5	40.5	25.5	20	45.5	0	38	39.5	40.5	36	15	37.5	15.5	67.5	20.5	34	23.5	31.5	38	39.5	33	40.5	37	40.5	
27	63.5	72	35	68.5	73	37	53.5	32.5	37.5	23	26.5	60.5	59	43	0	38	49	48	42	18	63.5	34.5	34.5	47.5	61.5	66.5	33	53	45.5	30.5	48.5	34.5	19.5	58	67	38.5	27.5	33	37.5	37.5	61.5	32.5	74	66.5	36.5	75	82.5	79.5	35	82	45	42.5	37.5	7	51	25.5	82	74.5	53	29.5	50	26	38	23	58	78	56	31.5	74.5	78	48	61	25.5	87.5	8	76	66.5	28.5	66.5	61	68.5	43	79	80.5	28.5	77	46	31.5	51.5	76.5	26.5	75	64.5	37.5	51	64.5	34	28.5	28	63.5	
11	67.5	88	3	84.5	77	41	57.5	36.5	26.5	39	27.5	64.5	63	47	38	0	65	52	46	34	67.5	29.5	50.5	51.5	65.5	82.5	41	61	53.5	33.5	64.5	44.5	35.5	62	83	42.5	43.5	41	41.5	53.5	77.5	36.5	90	82.5	40.5	89	86.5	95.5	49	86	61	58.5	41.5	35	67	29.5	98	84.5	69	33.5	54	32	42	29	74	86	60	47.5	84.5	82	64	65	41.5	101.5	34	80	82.5	44.5	70.5	65	84.5	47	83	84.5	44.5	81	50	47.5	55.5	92.5	30.5	79	68.5	51.5	67	80.5	38	40.5	22	79.5	
74	34.5	25	68	21.5	50	46	29.5	50.5	60.5	36	49.5	27.5	24	40	49	65	0	35	41	31	34.5	57.5	32.5	35.5	21.5	19.5	46	26	33.5	53.5	6.5	42.5	37.5	23	20	44.5	35.5	46	45.5	15.5	14.5	50.5	27	19.5	46.5	28	55.5	32.5	38	41	8	20.5	45.5	42	14	57.5	35	27.5	16	53.5	33	49	45	46	11	31	27	19.5	27.5	35	11	32	23.5	40.5	41	47	19.5	26.5	31.5	20	21.5	40	54	47.5	26.5	46	37	39.5	31.5	29.5	56.5	38	23.5	35.5	2	17.5	49	46.5	65	16.5	
41	37.5	58	49	54.5	47	31	27.5	41.5	51.5	39	52.5	34.5	33	17	48	52	35	0	26	34	37.5	54.5	35.5	21.5	35.5	52.5	41	31	28.5	48.5	34.5	39.5	40.5	32	53	27.5	38.5	41	26.5	23.5	47.5	21.5	60	52.5	25.5	59	56.5	65.5	39	56	31	28.5	36.5	45	37	24.5	68	54.5	39	28.5	24	52	22	49	44	56	30	22.5	54.5	52	34	35	26.5	71.5	44	50	52.5	29.5	40.5	35	54.5	17	53	54.5	29.5	51	2	42.5	25.5	62.5	25.5	49	38.5	36.5	37	50.5	38	45.5	42	49.5	
35	41.5	64	43	60.5	51	25	31.5	35.5	45.5	35	48.5	38.5	37	21	42	46	41	26	0	30	41.5	48.5	31.5	25.5	39.5	56.5	35	35	27.5	42.5	40.5	33.5	36.5	36	59	21.5	34.5	35	20.5	29.5	51.5	15.5	66	58.5	19.5	63	60.5	71.5	33	60	37	34.5	30.5	41	43	18.5	74	58.5	45	22.5	28	48	4	45	50	60	34	23.5	58.5	56	40	39	22.5	75.5	40	54	56.5	25.5	44.5	39	60.5	21	57	58.5	25.5	55	24	36.5	29.5	68.5	19.5	53	42.5	30.5	43	56.5	32	39.5	36	55.5	
45	63.5	54	37	50.5	79	25	43.5	19.5	29.5	5	18.5	56.5	43	49	18	34	31	34	30	0	63.5	26.5	16.5	49.5	45.5	48.5	15	35	27.5	22.5	30.5	16.5	6.5	54	49	28.5	9.5	15	29.5	19.5	43.5	34.5	56	48.5	30.5	57	84.5	61.5	17	70	27	24.5	19.5	11	33	31.5	64	56.5	35	27.5	52	18	34	15	40	60	46	13.5	56.5	64	30	61	7.5	69.5	10	76	48.5	10.5	60.5	51	50.5	49	83	76.5	10.5	75	36	13.5	35.5	58.5	30.5	67	52.5	19.5	33	46.5	18	15.5	34	45.5	
56.5	0	32.5	64.5	31	17.5	46.5	28	57	67	66.5	78	15	28.5	22.5	63.5	67.5	34.5	37.5	41.5	63.5	0	70	55	22	26	15	56.5	36.5	44	64	39	55	70	17.5	27.5	43	62	56.5	42	48	28	37	40.5	33	41	29.5	27	50	54.5	26.5	40.5	47	52	70.5	38.5	40	42.5	25	36.5	44	19.5	73.5	37.5	76.5	28.5	26.5	25.5	52	25	22.5	41.5	10.5	56	42	71.5	20.5	15	59	3	20.5	31	22.5	23.5	25	59	21.5	35.5	58	36	47	41	19.5	19	52	36.5	17	53.5	61	57.5	18	
18.5	70	80.5	26.5	77	79.5	43.5	60	39	3	31.5	8	67	65.5	49.5	34.5	29.5	57.5	54.5	48.5	26.5	70	0	43	54	68	75	41.5	61.5	54	34	57	43	28	64.5	75.5	45	36	41.5	44	46	70	39	82.5	75	43	83.5	89	88	43.5	88.5	53.5	51	44	27.5	59.5	32	90.5	83	61.5	36	56.5	24.5	44.5	21.5	66.5	86.5	62.5	40	83	84.5	56.5	67.5	34	96	26.5	82.5	75	37	73	67.5	77	49.5	85.5	87	37	83.5	52.5	40	58	85	33	81.5	71	46	59.5	73	40.5	37	24.5	72	
43.5	55	55.5	51.5	52	64.5	31.5	45	36	46	21.5	35	52	44.5	34.5	34.5	50.5	32.5	35.5	31.5	16.5	55	43	0	39	47	50	31.5	36.5	29	39	32	28	23	49.5	50.5	12	21	31.5	13	21	45	18	57.5	50	14	58.5	74	63	23.5	71.5	28.5	26	31	27.5	34.5	27	65.5	58	36.5	31	41.5	34.5	29.5	31.5	41.5	61.5	47.5	15	58	65.5	31.5	52.5	9	71	26.5	67.5	50	6	58	52.5	52	34.5	70.5	72	6	68.5	37.5	25	37	60	28	66.5	54	3	34.5	48	34.5	32	44.5	47	
40.5	22	46.5	48.5	45	31.5	30.5	6	41	51	50.5	62	19	17.5	6.5	47.5	51.5	35.5	21.5	25.5	49.5	22	54	39	0	20	37	40.5	20.5	28	48	35	39	54	16.5	41.5	27	46	40.5	26	34	32	21	54.5	47	25	43.5	41	64	38.5	40.5	31.5	31	36	54.5	27.5	24	56.5	39	25.5	28	8.5	57.5	21.5	60.5	44.5	40.5	14.5	38	39	36.5	30.5	19.5	42	56	55.5	34.5	37	45	25	19.5	45	6.5	37.5	39	45	35.5	19.5	42	20	63	25	33.5	23	36	37.5	39	37.5	45	41.5	40	
54.5	26	44.5	62.5	41	35.5	44.5	26	55	65	50.5	64	23	26.5	20.5	61.5	65.5	21.5	35.5	39.5	45.5	26	68	47	20	0	39	54.5	34.5	42	62	15	53	52	20.5	39.5	41	50	54.5	40	30	34	35	46.5	39	39	47.5	45	52	52.5	44.5	22.5	35	50	56.5	28.5	38	54.5	43	30.5	42	17.5	63.5	35.5	60.5	30.5	44.5	23.5	34	43	40.5	25.5	23.5	38	60	55.5	38.5	39	41	29	23.5	41	20.5	41.5	43	41	39.5	33.5	54	34	49	39	37.5	27	50	23.5	37	51.5	59	55.5	36	
71.5	15	27.5	79.5	24	32.5	61.5	43	68	78	53.5	67	30	41.5	37.5	66.5	82.5	19.5	52.5	56.5	48.5	15	75	50	37	39	0	63.5	43.5	51	71	24	60	55	32.5	22.5	58	53	63.5	57	33	27	52	29.5	22	56	30.5	42	35	55.5	41.5	25.5	38	63	59.5	31.5	55	37.5	30	33.5	59	34.5	66.5	52.5	63.5	13.5	33.5	40.5	37	30	37.5	28.5	25.5	41	43	58.5	35.5	0	44	12	35.5	24	37.5	38.5	40	44	36.5	50.5	57	49	32	56	34.5	34	53	21.5	2	66.5	64	72.5	3	
30	56.5	69	38	65.5	66	30	46.5	30.5	40.5	10	33.5	53.5	52	36	33	41	46	41	35	15	56.5	41.5	31.5	40.5	54.5	63.5	0	50	42.5	37.5	45.5	31.5	21.5	51	64	31.5	24.5	0	30.5	34.5	58.5	25.5	71	63.5	29.5	72	75.5	76.5	32	75	42	39.5	30.5	26	48	18.5	79	71.5	50	22.5	43	33	31	30	55	75	49	28.5	71.5	71	45	54	22.5	84.5	25	69	63.5	25.5	59.5	54	65.5	36	72	73.5	25.5	70	39	28.5	44.5	73.5	19.5	68	57.5	34.5	48	61.5	3	30.5	31	60.5	
50	36.5	49	58	45.5	46	40	26.5	50.5	60.5	40	53.5	33.5	32	14	53	61	26	31	35	35	36.5	61.5	36.5	20.5	34.5	43.5	50	0	37.5	57.5	25.5	46.5	41.5	31	44	36.5	39.5	50	35.5	19.5	38.5	30.5	51	43.5	34.5	52	55.5	56.5	42	55	22	24.5	45.5	46	28	33.5	59	51.5	30	37.5	23	53	31	50	35	55	29	23.5	51.5	51	25	34	27.5	64.5	45	49	43.5	30.5	39.5	34	45.5	14	52	53.5	30.5	50	29	43.5	29.5	53.5	34.5	48	37.5	39.5	28	41.5	47	50.5	51	40.5	
42.5	44	56.5	50.5	53	53.5	32.5	34	43	53	32.5	46	41	39.5	23.5	45.5	53.5	33.5	28.5	27.5	27.5	44	54	29	28	42	51	42.5	37.5	0	50	33	39	34	38.5	51.5	29	32	42.5	28	22	46	23	58.5	51	27	59.5	63	64	34.5	62.5	29.5	27	38	38.5	35.5	26	66.5	59	37.5	30	30.5	45.5	23.5	42.5	42.5	62.5	36.5	14	59	58.5	32.5	41.5	20	72	37.5	56.5	51	23	47	41.5	53	23.5	59.5	61	23	57.5	26.5	36	32	61	27	55.5	45	32	35.5	49	39.5	43	43.5	48	
22.5	64	76.5	30.5	73	73.5	37.5	54	33	33	27.5	26	61	59.5	43.5	30.5	33.5	53.5	48.5	42.5	22.5	64	34	39	48	62	71	37.5	57.5	50	0	53	39	24	58.5	71.5	39	32	37.5	38	42	66	33	78.5	71	37	79.5	83	84	39.5	82.5	49.5	47	38	23.5	55.5	26	86.5	79	57.5	30	50.5	25.5	38.5	22.5	62.5	82.5	56.5	36	79	78.5	52.5	61.5	30	92	22.5	76.5	71	33	67	61.5	73	43.5	79.5	81	33	77.5	46.5	36	52	81	27	75.5	65	42	55.5	69	34.5	33	23.5	68	
69.5	39	29.5	67.5	26	50.5	45.5	29	50	60	35.5	49	32	23.5	35.5	48.5	64.5	6.5	34.5	40.5	30.5	39	57	32	35	15	24	45.5	25.5	33	53	0	42	37	29.5	24.5	44	35	45.5	45	15	19	50	31.5	24	46	32.5	60	37	37.5	45.5	7.5	20	45	41.5	13.5	53	39.5	32	15.5	53	32.5	48.5	44.5	45.5	15.5	35.5	26.5	19	32	39.5	10.5	36.5	23	45	40.5	51.5	24	26	36	26.5	26	35.5	56.5	52	26	50.5	36.5	39	31	34	54	42.5	28	35	8.5	22	48.5	46	64.5	21	
33.5	55	65.5	41.5	62	64.5	28.5	45	34	44	21.5	35	52	50.5	34.5	34.5	44.5	42.5	39.5	33.5	16.5	55	43	28	39	53	60	31.5	46.5	39	39	42	0	23	49.5	60.5	30	7	31.5	29	31	55	24	67.5	60	28	68.5	74	73	28.5	73.5	38.5	36	3	27.5	44.5	15	75.5	68	46.5	11	41.5	34.5	29.5	31.5	51.5	71.5	47.5	25	68	69.5	41.5	52.5	19	81	26.5	67.5	60	22	58	52.5	62	34.5	70.5	72	22	68.5	37.5	3	43	70	14	66.5	56	31	44.5	58	30.5	32	34.5	57	
38.5	70	60.5	38.5	57	79.5	31.5	50	13	31	11.5	20	63	49.5	49.5	19.5	35.5	37.5	40.5	36.5	6.5	70	28	23	54	52	55	21.5	41.5	34	24	37	23	0	60.5	55.5	35	16	21.5	36	26	50	39	62.5	55	37	63.5	89	68	23.5	76.5	33.5	31	26	12.5	39.5	32	70.5	63	41.5	34	56.5	19.5	40.5	16.5	46.5	66.5	52.5	20	63	70.5	36.5	67.5	14	76	11.5	82.5	55	17	67	57.5	57	49.5	85.5	83	17	81.5	42.5	20	42	65	33	73.5	59	26	39.5	53	24.5	9	35.5	52	
51	17.5	42	59	40.5	27	41	22.5	51.5	61.5	59	72.5	14.5	23	17	58	62	23	32	36	54	17.5	64.5	49.5	16.5	20.5	32.5	51	31	38.5	58.5	29.5	49.5	60.5	0	37	37.5	56.5	51	36.5	38.5	27.5	31.5	50	42.5	35.5	39	36.5	55.5	49	36	31	41.5	46.5	65	33	34.5	52	34.5	31	38.5	14	68	32	69	34	36	20	42.5	34.5	32	34	15	46.5	51.5	64	30	32.5	49.5	20.5	3	40.5	17	33	34.5	49.5	31	30	52.5	30.5	52.5	35.5	29	18.5	46.5	21	34.5	48	55.5	52	35.5	
76	27.5	23	84	19.5	32	64	47.5	68.5	78.5	54	67.5	34.5	42	42	67	83	20	53	59	49	27.5	75.5	50.5	41.5	39.5	22.5	64	44	51.5	71.5	24.5	60.5	55.5	37	0	62.5	53.5	64	61.5	33.5	27.5	56.5	25	17.5	60.5	26	41.5	30.5	56	39	26	38.5	63.5	60	32	59.5	33	25.5	34	63.5	39	67	57	64	9	29	45	37.5	25.5	33	29	30	41.5	38.5	59	35	22.5	44.5	30.5	40	19.5	42	38	39.5	44.5	36	55	57.5	49.5	27.5	60.5	34	36.5	53.5	22	20.5	67	64.5	77	19.5	
31.5	43	67.5	39.5	64	52.5	21.5	33	32	42	33.5	47	40	38.5	22.5	38.5	42.5	44.5	27.5	21.5	28.5	43	45	12	27	41	58	31.5	36.5	29	39	44	30	35	37.5	62.5	0	33	31.5	1	33	53	6	69.5	62	2	64.5	62	75	29.5	61.5	40.5	38	27	39.5	46.5	15	77.5	60	46.5	19	29.5	46.5	17.5	43.5	53.5	61.5	35.5	27	60	57.5	43.5	40.5	21	77	38.5	55.5	58	18	46	40.5	64	22.5	58.5	60	18	56.5	25.5	33	31	72	16	54.5	44	9	46.5	60	28.5	36	32.5	59	
40.5	62	58.5	46.5	55	71.5	29.5	48	29	39	14.5	28	59	47.5	41.5	27.5	43.5	35.5	38.5	34.5	9.5	62	36	21	46	50	53	24.5	39.5	32	32	35	7	16	56.5	53.5	33	0	24.5	34	24	48	31	60.5	53	35	61.5	81	66	21.5	74.5	31.5	29	10	20.5	37.5	22	68.5	61	39.5	18	48.5	27.5	36.5	24.5	44.5	64.5	50.5	18	61	68.5	34.5	59.5	12	74	19.5	74.5	53	15	65	55.5	55	41.5	77.5	79	15	75.5	40.5	4	40	63	21	71.5	57	24	37.5	51	27.5	25	41.5	50	
30	56.5	69	38	65.5	66	30	46.5	30.5	40.5	10	33.5	53.5	52	36	33	41	46	41	35	15	56.5	41.5	31.5	40.5	54.5	63.5	0	50	42.5	37.5	45.5	31.5	21.5	51	64	31.5	24.5	0	30.5	34.5	58.5	25.5	71	63.5	29.5	72	75.5	76.5	32	75	42	39.5	30.5	26	48	18.5	79	71.5	50	22.5	43	33	31	30	55	75	49	28.5	71.5	71	45	54	22.5	84.5	25	69	63.5	25.5	59.5	54	65.5	36	72	73.5	25.5	70	39	28.5	44.5	73.5	19.5	68	57.5	34.5	48	61.5	3	30.5	31	60.5	
30.5	42	66.5	38.5	65	51.5	20.5	32	31	41	34.5	48	39	37.5	21.5	37.5	41.5	45.5	26.5	20.5	29.5	42	44	13	26	40	57	30.5	35.5	28	38	45	29	36	36.5	61.5	1	34	30.5	0	34	52	5	70.5	63	1	63.5	61	76	28.5	60.5	41.5	39	26	40.5	47.5	14	76.5	59	45.5	18	28.5	47.5	16.5	44.5	54.5	60.5	34.5	28	59	56.5	44.5	39.5	22	76	39.5	54.5	57	19	45	39.5	65	21.5	57.5	59	19	55.5	24.5	32	30	73	15	53.5	43	10	47.5	59	27.5	35	31.5	60	
60.5	48	38.5	56.5	35	61.5	34.5	28	39	49	24.5	38	41	27.5	31.5	37.5	53.5	15.5	23.5	29.5	19.5	48	46	21	34	30	33	34.5	19.5	22	42	15	31	26	38.5	33.5	33	24	34.5	34	0	28	39	40.5	33	35	41.5	69	46	26.5	54.5	11.5	5	34	30.5	17.5	44	48.5	41	19.5	42	36.5	37.5	33.5	34.5	24.5	44.5	30.5	8	41	48.5	14.5	45.5	12	54	29.5	60.5	33	15	45	35.5	35	31.5	67.5	61	15	59.5	25.5	28	16	43	45	51.5	37	24	17.5	31	37.5	35	53.5	30	
66.5	28	32.5	74.5	29	37.5	56.5	38	63	73	48.5	62	13	36.5	32.5	61.5	77.5	14.5	47.5	51.5	43.5	28	70	45	32	34	27	58.5	38.5	46	66	19	55	50	27.5	27.5	53	48	58.5	52	28	0	47	34.5	27	51	35.5	47	40	50.5	46.5	20.5	33	58	54.5	26.5	50	42.5	35	28.5	54	29.5	61.5	47.5	58.5	18.5	38.5	35.5	32	35	42.5	23.5	25.5	36	48	53.5	40.5	27	39	31	30.5	29	32.5	43.5	45	39	41.5	45.5	52	44	37	51	39.5	9	48	16.5	25	61.5	59	67.5	24	
25.5	37	61.5	33.5	60	46.5	15.5	27	26	36	35.5	47	34	32.5	16.5	32.5	36.5	50.5	21.5	15.5	34.5	37	39	18	21	35	52	25.5	30.5	23	33	50	24	39	31.5	56.5	6	31	25.5	5	39	47	0	69.5	62	4	58.5	56	79	23.5	55.5	46.5	36	21	39.5	42.5	9	71.5	54	40.5	13	23.5	42.5	11.5	45.5	59.5	55.5	29.5	33	54	51.5	45.5	34.5	27	71	40.5	49.5	52	24	40	34.5	60	16.5	52.5	54	24	50.5	19.5	27	25	78	10	48.5	38	15	52.5	54	22.5	30	26.5	55	
89	40.5	20	93	21.5	23	71	54.5	75.5	85.5	61	74.5	47.5	49	55	74	90	27	60	66	56	40.5	82.5	57.5	54.5	46.5	29.5	71	51	58.5	78.5	31.5	67.5	62.5	50	25	69.5	60.5	71	70.5	40.5	34.5	69.5	0	19.5	71.5	23	34.5	17.5	63	14	33	45.5	70.5	67	39	72.5	20	27.5	41	76.5	52	74	70	71	16	26	52	44.5	27.5	30	36	43	48.5	25.5	66	20	29.5	51.5	41.5	47	21.5	55	31	32.5	51.5	19	62	64.5	56.5	14.5	73.5	33	43.5	60.5	29	27.5	74	71.5	90	26.5	
81.5	33	17.5	85.5	2	32.5	63.5	47	68	78	53.5	67	40	41.5	47.5	66.5	82.5	19.5	52.5	58.5	48.5	33	75	50	47	39	22	63.5	43.5	51	71	24	60	55	42.5	17.5	62	53	63.5	63	33	27	62	19.5	0	64	20.5	42	25	55.5	33.5	25.5	38	63	59.5	31.5	65	27.5	8	33.5	69	44.5	66.5	62.5	63.5	8.5	23.5	44.5	37	8	27.5	28.5	35.5	41	33	58.5	35.5	22	44	34	39.5	2	47.5	38.5	40	44	36.5	54.5	57	49	22	66	30.5	36	53	21.5	20	66.5	64	82.5	19	
29.5	41	65.5	37.5	64	50.5	19.5	31	30	40	35.5	49	38	36.5	20.5	36.5	40.5	46.5	25.5	19.5	30.5	41	43	14	25	39	56	29.5	34.5	27	37	46	28	37	35.5	60.5	2	35	29.5	1	35	51	4	71.5	64	0	62.5	60	77	27.5	59.5	42.5	40	25	41.5	46.5	13	75.5	58	44.5	17	27.5	46.5	15.5	45.5	55.5	59.5	33.5	29	58	55.5	45.5	38.5	23	75	40.5	53.5	56	20	44	38.5	64	20.5	56.5	58	20	54.5	23.5	31	29	74	14	52.5	42	11	48.5	58	26.5	34	30.5	59	
78	29.5	3	86	22.5	24	68	49.5	76.5	86.5	62	75.5	36.5	50	44	75	89	28	59	63	57	29.5	83.5	58.5	43.5	47.5	30.5	72	52	59.5	79.5	32.5	68.5	63.5	39	26	64.5	61.5	72	63.5	41.5	35.5	58.5	23	20.5	62.5	0	33.5	28.5	64	33	34	46.5	71.5	68	40	61.5	31	28.5	42	65.5	41	75	59	72	17	3	47	45.5	28.5	7	37	32	49.5	36.5	67	27	30.5	52.5	32.5	42	22.5	44	30	31.5	52.5	28	57	65.5	57.5	25.5	62.5	10	40.5	61.5	30	28.5	75	72.5	79	27.5	
75.5	27	36.5	83.5	40	11.5	65.5	47	76	86	85.5	97	34	47.5	41.5	82.5	86.5	55.5	56.5	60.5	84.5	27	89	74	41	45	42	75.5	55.5	63	83	60	74	89	36.5	41.5	62	81	75.5	61	69	47	56	34.5	42	60	33.5	0	23	73.5	20.5	61.5	66	71	89.5	57.5	59	26.5	34	55.5	63	38.5	92.5	56.5	95.5	44.5	30.5	44.5	73	34	26.5	60.5	29.5	77	15	90.5	14.5	42	80	30	39.5	40	41.5	7.5	14	80	15.5	54.5	77	55	26	60	23.5	38	71	57.5	44	72.5	80	76.5	45	
98.5	50	25.5	98.5	27	34.5	76.5	60	81	91	66.5	80	53	54.5	64.5	79.5	95.5	32.5	65.5	71.5	61.5	50	88	63	64	52	35	76.5	56.5	64	84	37	73	68	55.5	30.5	75	66	76.5	76	46	40	79	17.5	25	77	28.5	23	0	68.5	31.5	38.5	51	76	72.5	44.5	82	15.5	33	46.5	84	61.5	79.5	75.5	76.5	21.5	31.5	57.5	50	33	35.5	41.5	52.5	54	8	71.5	37.5	35	57	47	52.5	27	64.5	30.5	33	57	36.5	67.5	70	62	3	83	38.5	49	66	34.5	33	79.5	77	95.5	32	
38	54.5	61	46	57.5	64	8	44.5	36.5	46.5	22	35.5	51.5	50	34	35	49	38	39	33	17	54.5	43.5	23.5	38.5	52.5	55.5	32	42	34.5	39.5	37.5	28.5	23.5	49	56	29.5	21.5	32	28.5	26.5	50.5	23.5	63	55.5	27.5	64	73.5	68.5	0	73	34	31.5	31.5	28	40	21.5	71	63.5	42	25.5	41	35	29	32	47	67	47	20.5	63.5	69	37	52	14.5	76.5	27	67	55.5	17.5	57.5	52	57.5	34	70	71.5	17.5	68	37	25.5	42.5	65.5	22.5	66	55.5	26.5	40	53.5	35	32.5	39	52.5	
75	26.5	34	83	35.5	9	65	46.5	75.5	85.5	75	88.5	33.5	47	41	82	86	41	56	60	70	26.5	88.5	71.5	40.5	44.5	41.5	75	55	62.5	82.5	45.5	73.5	76.5	36	39	61.5	74.5	75	60.5	54.5	46.5	55.5	14	33.5	59.5	33	20.5	31.5	73	0	47	59.5	70.5	81	53	58.5	34	33.5	55	62.5	38	88	56	85	30	30	44	58.5	33.5	26	50	29	62.5	35.5	80	6	41.5	65.5	29.5	39	35.5	41	17	18.5	65.5	5	54	76.5	54.5	28.5	59.5	23	37.5	70.5	43	41.5	72	79.5	76	40.5	
68	40.5	31	64	27.5	54	42	25.5	46.5	56.5	32	45.5	33.5	16	34	45	61	8	31	37	27	40.5	53.5	28.5	31.5	22.5	25.5	42	22	29.5	49.5	7.5	38.5	33.5	31	26	40.5	31.5	42	41.5	11.5	20.5	46.5	33	25.5	42.5	34	61.5	38.5	34	47	0	16.5	41.5	38	6	51.5	41	33.5	8	49.5	25	45	41	42	17	37	19	15.5	33.5	41	3	38	19.5	46.5	37	53	25.5	22.5	37.5	28	27.5	34	60	53.5	22.5	52	33	35.5	27.5	35.5	52.5	44	29.5	31.5	10	23.5	45	42.5	61	22.5	
55.5	47	43.5	61.5	40	56.5	39.5	33	44	54	29.5	43	44	32.5	26.5	42.5	58.5	20.5	28.5	34.5	24.5	47	51	26	31	35	38	39.5	24.5	27	47	20	36	31	41.5	38.5	38	29	39.5	39	5	33	36	45.5	38	40	46.5	66	51	31.5	59.5	16.5	0	39	35.5	22.5	39	53.5	46	24.5	43	33.5	42.5	36.5	39.5	29.5	49.5	35.5	13	46	53.5	19.5	44.5	17	59	34.5	59.5	38	20	50	40.5	40	26.5	62.5	64	20	60.5	30.5	33	11	48	40	56.5	42	29	22.5	36	42.5	40	56.5	35	
30.5	52	68.5	38.5	65	61.5	25.5	42	31	41	24.5	38	49	47.5	31.5	37.5	41.5	45.5	36.5	30.5	19.5	52	44	31	36	50	63	30.5	45.5	38	38	45	3	26	46.5	63.5	27	10	30.5	26	34	58	21	70.5	63	25	71.5	71	76	31.5	70.5	41.5	39	0	30.5	47.5	12	78.5	69	49.5	8	38.5	37.5	26.5	34.5	54.5	70.5	44.5	28	69	66.5	44.5	49.5	22	84	29.5	64.5	63	25	55	49.5	65	31.5	67.5	69	25	65.5	34.5	6	40	73	11	63.5	53	34	47.5	61	27.5	35	31.5	60	
34	70.5	65	38	61.5	80	36	54.5	25.5	30.5	16	19.5	67.5	54	50	7	35	42	45	41	11	70.5	27.5	27.5	54.5	56.5	59.5	26	46	38.5	23.5	41.5	27.5	12.5	65	60	39.5	20.5	26	40.5	30.5	54.5	39.5	67	59.5	41.5	68	89.5	72.5	28	81	38	35.5	30.5	0	44	32.5	75	67.5	46	36.5	57	19	45	16	51	71	57	24.5	67.5	75	41	68	18.5	80.5	1	83	59.5	21.5	71.5	62	61.5	50	86	87.5	21.5	84	47	24.5	46.5	69.5	33.5	78	63.5	30.5	44	57.5	29	21.5	35	56.5	
62	38.5	37	70	33.5	48	48	31.5	52.5	62.5	38	51.5	35.5	10	28	51	67	14	37	43	33	38.5	59.5	34.5	27.5	28.5	31.5	48	28	35.5	55.5	13.5	44.5	39.5	33	32	46.5	37.5	48	47.5	17.5	26.5	42.5	39	31.5	46.5	40	57.5	44.5	40	53	6	22.5	47.5	44	0	45.5	47	39.5	2	49.5	19	51	43	48	23	43	13	21.5	39.5	47	3	36	25.5	52.5	43	51	31.5	28.5	41.5	34	33.5	28	54	55.5	28.5	52	39	41.5	33.5	41.5	46.5	50	35.5	37.5	16	29.5	51	48.5	63	28.5	
18.5	40	64.5	26.5	63	49.5	13.5	30	19	29	28.5	40	37	35.5	19.5	25.5	29.5	57.5	24.5	18.5	31.5	40	32	27	24	38	55	18.5	33.5	26	26	53	15	32	34.5	59.5	15	22	18.5	14	44	50	9	72.5	65	13	61.5	59	82	21.5	58.5	51.5	39	12	32.5	45.5	0	74.5	57	43.5	4	26.5	35.5	14.5	38.5	66.5	58.5	32.5	40	57	54.5	48.5	37.5	34	74	33.5	52.5	55	33	43	37.5	63	19.5	55.5	57	33	53.5	22.5	18	28	85	1	51.5	41	24	55.5	57	15.5	23	19.5	58	
91	42.5	28	99	29.5	27	79	62.5	83.5	93.5	69	82.5	49.5	57	57	82	98	35	68	74	64	42.5	90.5	65.5	56.5	54.5	37.5	79	59	66.5	86.5	39.5	75.5	70.5	52	33	77.5	68.5	79	76.5	48.5	42.5	71.5	20	27.5	75.5	31	26.5	15.5	71	34	41	53.5	78.5	75	47	74.5	0	35.5	49	78.5	54	82	72	79	24	34	60	52.5	35.5	38	44	45	56.5	23.5	74	30	37.5	59.5	45.5	55	29.5	57	19	29.5	59.5	31	70	72.5	64.5	12.5	75.5	39	51.5	68.5	37	35.5	82	79.5	92	34.5	
73.5	25	25.5	81.5	6	24.5	63.5	45	74	84	61.5	75	32	45.5	39.5	74.5	84.5	27.5	54.5	58.5	56.5	25	83	58	39	43	30	71.5	51.5	59	79	32	68	63	34.5	25.5	60	61	71.5	59	41	35	54	27.5	8	58	28.5	34	33	63.5	33.5	33.5	46	69	67.5	39.5	57	35.5	0	41.5	61	36.5	74.5	54.5	71.5	16.5	31.5	42.5	45	0	29.5	36.5	27.5	49	41	66.5	27.5	30	52	28	37.5	6	39.5	30.5	32	52	28.5	52.5	65	53	30	58	26.5	36	61	29.5	28	70.5	72	74.5	27	
60	36.5	39	68	35.5	46	50	31.5	54.5	64.5	40	53.5	33.5	8	26	53	69	16	39	45	35	36.5	61.5	36.5	25.5	30.5	33.5	50	30	37.5	57.5	15.5	46.5	41.5	31	34	46.5	39.5	50	45.5	19.5	28.5	40.5	41	33.5	44.5	42	55.5	46.5	42	55	8	24.5	49.5	46	2	43.5	49	41.5	0	47.5	17	53	41	50	25	45	11	23.5	41.5	49	5	34	27.5	54.5	45	49	33.5	30.5	39.5	34	35.5	26	52	53.5	30.5	50	39	43.5	35.5	43.5	44.5	48	37.5	39.5	18	31.5	53	50.5	61	30.5	
22.5	44	68.5	30.5	67	53.5	17.5	34	23	33	32.5	44	41	39.5	23.5	29.5	33.5	53.5	28.5	22.5	27.5	44	36	31	28	42	59	22.5	37.5	30	30	53	11	34	38.5	63.5	19	18	22.5	18	42	54	13	76.5	69	17	65.5	63	84	25.5	62.5	49.5	43	8	36.5	49.5	4	78.5	61	47.5	0	30.5	39.5	18.5	42.5	62.5	62.5	36.5	36	61	58.5	52.5	41.5	30	78	37.5	56.5	59	33	47	41.5	67	23.5	59.5	61	33	57.5	26.5	14	32	81	3	55.5	45	28	55.5	61	19.5	27	23.5	62	
43	19.5	44	51	42.5	29	33	14.5	43.5	53.5	53	64.5	16.5	9	9	50	54	33	24	28	52	19.5	56.5	41.5	8.5	17.5	34.5	43	23	30.5	50.5	32.5	41.5	56.5	14	39	29.5	48.5	43	28.5	36.5	29.5	23.5	52	44.5	27.5	41	38.5	61.5	41	38	25	33.5	38.5	57	19	26.5	54	36.5	17	30.5	0	60	24	63	42	38	6	40.5	36.5	34	22	17	44.5	53.5	58	32	34.5	47.5	22.5	17	42.5	9	35	36.5	47.5	33	22	44.5	22.5	60.5	27.5	31	20.5	38.5	35	36.5	40	47.5	44	37.5	
27	73.5	72	35	68.5	83	43	61.5	32.5	27.5	23	16.5	70.5	61	53	26	32	49	52	48	18	73.5	24.5	34.5	57.5	63.5	66.5	33	53	45.5	25.5	48.5	34.5	19.5	68	67	46.5	27.5	33	47.5	37.5	61.5	42.5	74	66.5	46.5	75	92.5	79.5	35	88	45	42.5	37.5	19	51	35.5	82	74.5	53	39.5	60	0	48	3	58	78	64	31.5	74.5	82	48	71	25.5	87.5	18	86	66.5	28.5	76.5	69	68.5	53	89	90.5	28.5	87	54	31.5	53.5	76.5	36.5	85	70.5	37.5	51	64.5	36	28.5	16	63.5	
31	37.5	62	39	60.5	47	21	27.5	31.5	41.5	39	52.5	34.5	33	17	38	42	45	22	4	34	37.5	44.5	29.5	21.5	35.5	52.5	31	31	23.5	38.5	44.5	29.5	40.5	32	57	17.5	36.5	31	16.5	33.5	47.5	11.5	70	62.5	15.5	59	56.5	75.5	29	56	41	36.5	26.5	45	43	14.5	72	54.5	41	18.5	24	48	0	49	54	56	30	27.5	54.5	52	44	35	26.5	71.5	44	50	52.5	29.5	40.5	35	60.5	17	53	54.5	29.5	51	20	32.5	25.5	72.5	15.5	49	38.5	26.5	47	54.5	28	35.5	32	55.5	
30	76.5	69	32	65.5	86	40	58.5	29.5	24.5	20	13.5	71.5	58	56	23	29	46	49	45	15	76.5	21.5	31.5	60.5	60.5	63.5	30	50	42.5	22.5	45.5	31.5	16.5	69	64	43.5	24.5	30	44.5	34.5	58.5	45.5	71	63.5	45.5	72	95.5	76.5	32	85	42	39.5	34.5	16	48	38.5	79	71.5	50	42.5	63	3	49	0	55	75	61	28.5	71.5	79	45	74	22.5	84.5	15	89	63.5	25.5	75.5	66	65.5	56	92	91.5	25.5	90	51	28.5	50.5	73.5	39.5	82	67.5	34.5	48	61.5	33	25.5	19	60.5	
85	28.5	14	77	10.5	39	55	38.5	59.5	69.5	45	58.5	31.5	33	49	58	74	11	44	50	40	28.5	66.5	41.5	44.5	30.5	13.5	55	35	42.5	62.5	15.5	51.5	46.5	34	9	53.5	44.5	55	54.5	24.5	18.5	59.5	16	8.5	55.5	17	44.5	21.5	47	30	17	29.5	54.5	51	23	66.5	24	16.5	25	62.5	42	58	54	55	0	20	36	28.5	16.5	24	20	31	32.5	29.5	50	36	13.5	35.5	25.5	31	10.5	49	43	36.5	35.5	35	46	48.5	40.5	18.5	65.5	27	27.5	44.5	13	11.5	58	55.5	74	10.5	
75	26.5	6	83	25.5	21	65	46.5	75.5	85.5	65	78.5	33.5	47	41	78	86	31	56	60	60	26.5	86.5	61.5	40.5	44.5	33.5	75	55	62.5	82.5	35.5	71.5	66.5	36	29	61.5	64.5	75	60.5	44.5	38.5	55.5	26	23.5	59.5	3	30.5	31.5	67	30	37	49.5	70.5	71	43	58.5	34	31.5	45	62.5	38	78	56	75	20	0	44	48.5	31.5	4	40	29	52.5	39.5	70	24	33.5	55.5	29.5	39	25.5	41	27	28.5	55.5	25	54	68.5	54.5	28.5	59.5	7	37.5	64.5	33	31.5	72	75.5	76	30.5	
49	25.5	50	57	46.5	35	39	20.5	49.5	59.5	51	64.5	22.5	3	15	56	60	27	30	34	46	25.5	62.5	47.5	14.5	23.5	40.5	49	29	36.5	56.5	26.5	47.5	52.5	20	45	35.5	50.5	49	34.5	30.5	35.5	29.5	52	44.5	33.5	47	44.5	57.5	47	44	19	35.5	44.5	57	13	32.5	60	42.5	11	36.5	6	64	30	61	36	44	0	34.5	42.5	40	16	23	38.5	59.5	56	38	40.5	41.5	28.5	23	46.5	15	41	42.5	41.5	39	28	50.5	28.5	54.5	33.5	37	26.5	44.5	29	42.5	46	53.5	50	41.5	
56.5	52	42.5	50.5	39	67.5	28.5	32	33	43	18.5	32	45	31.5	37.5	31.5	47.5	19.5	22.5	23.5	13.5	52	40	15	38	34	37	28.5	23.5	14	36	19	25	20	42.5	37.5	27	18	28.5	28	8	32	33	44.5	37	29	45.5	73	50	20.5	58.5	15.5	13	28	24.5	21.5	40	52.5	45	23.5	36	40.5	31.5	27.5	28.5	28.5	48.5	34.5	0	45	52.5	18.5	49.5	6	58	23.5	64.5	37	9	49	39.5	39	37.5	71.5	65	9	63.5	24.5	22	24	47	39	55.5	41	18	21.5	35	31.5	29	47.5	34	
73.5	25	25.5	81.5	6	24.5	63.5	45	74	84	61.5	75	32	45.5	39.5	74.5	84.5	27.5	54.5	58.5	56.5	25	83	58	39	43	30	71.5	51.5	59	79	32	68	63	34.5	25.5	60	61	71.5	59	41	35	54	27.5	8	58	28.5	34	33	63.5	33.5	33.5	46	69	67.5	39.5	57	35.5	0	41.5	61	36.5	74.5	54.5	71.5	16.5	31.5	42.5	45	0	29.5	36.5	27.5	49	41	66.5	27.5	30	52	28	37.5	6	39.5	30.5	32	52	28.5	52.5	65	53	30	58	26.5	36	61	29.5	28	70.5	72	74.5	27	
71	22.5	10	79	29.5	17	61	42.5	71.5	81.5	69	82.5	29.5	43	37	78	82	35	52	56	64	22.5	84.5	65.5	36.5	40.5	37.5	71	51	58.5	78.5	39.5	69.5	70.5	32	33	57.5	68.5	71	56.5	48.5	42.5	51.5	30	27.5	55.5	7	26.5	35.5	69	26	41	53.5	66.5	75	47	54.5	38	29.5	49	58.5	34	82	52	79	24	4	40	52.5	29.5	0	44	25	56.5	41.5	74	20	37.5	59.5	25.5	35	29.5	37	23	24.5	59.5	21	50	72.5	50.5	32.5	55.5	3	33.5	66.5	37	35.5	68	75.5	72	34.5	
65	41.5	34	67	30.5	51	45	28.5	49.5	59.5	35	48.5	36.5	13	31	48	64	11	34	40	30	41.5	56.5	31.5	30.5	25.5	28.5	45	25	32.5	52.5	10.5	41.5	36.5	34	29	43.5	34.5	45	44.5	14.5	23.5	45.5	36	28.5	45.5	37	60.5	41.5	37	50	3	19.5	44.5	41	3	48.5	44	36.5	5	52.5	22	48	44	45	20	40	16	18.5	36.5	44	0	39	22.5	49.5	40	54	28.5	25.5	40.5	31	30.5	31	57	56.5	25.5	55	36	38.5	30.5	38.5	49.5	47	32.5	34.5	13	26.5	48	45.5	64	25.5	
54	10.5	35	62	33.5	20	44	25.5	54.5	64.5	64	75.5	12.5	26	20	61	65	32	35	39	61	10.5	67.5	52.5	19.5	23.5	25.5	54	34	41.5	61.5	36.5	52.5	67.5	15	30	40.5	59.5	54	39.5	45.5	25.5	34.5	43	35.5	38.5	32	29.5	52.5	52	29	38	44.5	49.5	68	36	37.5	45	27.5	34	41.5	17	71	35	74	31	29	23	49.5	27.5	25	39	0	53.5	44.5	69	23	25.5	56.5	13.5	18	33.5	20	26	27.5	56.5	24	33	55.5	33.5	49.5	38.5	22	16.5	49.5	34	27.5	51	58.5	55	28.5	
52.5	56	46.5	44.5	43	71.5	22.5	36	27	37	12.5	26	49	35.5	41.5	25.5	41.5	23.5	26.5	22.5	7.5	56	34	9	42	38	41	22.5	27.5	20	30	23	19	14	46.5	41.5	21	12	22.5	22	12	36	27	48.5	41	23	49.5	77	54	14.5	62.5	19.5	17	22	18.5	25.5	34	56.5	49	27.5	30	44.5	25.5	26.5	22.5	32.5	52.5	38.5	6	49	56.5	22.5	53.5	0	62	17.5	68.5	41	3	53	43.5	43	41.5	75.5	69	3	67.5	28.5	16	28	51	33	59.5	45	12	25.5	39	25.5	23	41.5	38	
90.5	42	33.5	98.5	35	26.5	80.5	62	89	99	74.5	88	49	62.5	56.5	87.5	101.5	40.5	71.5	75.5	69.5	42	96	71	56	60	43	84.5	64.5	72	92	45	81	76	51.5	38.5	77	74	84.5	76	54	48	71	25.5	33	75	36.5	15	8	76.5	35.5	46.5	59	84	80.5	52.5	74	23.5	41	54.5	78	53.5	87.5	71.5	84.5	29.5	39.5	59.5	58	41	41.5	49.5	44.5	62	0	79.5	29.5	43	65	45	54.5	35	56.5	22.5	29	65	30.5	69.5	78	70	11	75	38.5	53	74	42.5	41	87.5	85	91.5	40	
35	71.5	64	37	60.5	81	35	53.5	24.5	29.5	15	18.5	66.5	53	51	8	34	41	44	40	10	71.5	26.5	26.5	55.5	55.5	58.5	25	45	37.5	22.5	40.5	26.5	11.5	64	59	38.5	19.5	25	39.5	29.5	53.5	40.5	66	58.5	40.5	67	90.5	71.5	27	80	37	34.5	29.5	1	43	33.5	74	66.5	45	37.5	58	18	44	15	50	70	56	23.5	66.5	74	40	69	17.5	79.5	0	84	58.5	20.5	70.5	61	60.5	51	87	86.5	20.5	85	46	23.5	45.5	68.5	34.5	77	62.5	29.5	43	56.5	28	20.5	34	55.5	
69	20.5	30	77	33.5	3	59	40.5	69.5	79.5	79	90.5	27.5	41	35	76	80	47	50	54	76	20.5	82.5	67.5	34.5	38.5	35.5	69	49	56.5	76.5	51.5	67.5	82.5	30	35	55.5	74.5	69	54.5	60.5	40.5	49.5	20	35.5	53.5	27	14.5	37.5	67	6	53	59.5	64.5	83	51	52.5	30	27.5	49	56.5	32	86	50	89	36	24	38	64.5	27.5	20	54	23	68.5	29.5	84	0	35.5	71.5	23.5	33	33.5	35	11	12.5	71.5	1	48	70.5	48.5	34.5	53.5	17	31.5	64.5	49	37.5	66	73.5	70	38.5	
71.5	15	27.5	79.5	24	32.5	61.5	43	68	78	53.5	67	30	41.5	37.5	66.5	82.5	19.5	52.5	56.5	48.5	15	75	50	37	39	0	63.5	43.5	51	71	24	60	55	32.5	22.5	58	53	63.5	57	33	27	52	29.5	22	56	30.5	42	35	55.5	41.5	25.5	38	63	59.5	31.5	55	37.5	30	33.5	59	34.5	66.5	52.5	63.5	13.5	33.5	40.5	37	30	37.5	28.5	25.5	41	43	58.5	35.5	0	44	12	35.5	24	37.5	38.5	40	44	36.5	50.5	57	49	32	56	34.5	34	53	21.5	2	66.5	64	72.5	3	
49.5	59	49.5	47.5	46	70.5	25.5	39	30	40	15.5	29	52	38.5	40.5	28.5	44.5	26.5	29.5	25.5	10.5	59	37	6	45	41	44	25.5	30.5	23	33	26	22	17	49.5	44.5	18	15	25.5	19	15	39	24	51.5	44	20	52.5	80	57	17.5	65.5	22.5	20	25	21.5	28.5	33	59.5	52	30.5	33	47.5	28.5	29.5	25.5	35.5	55.5	41.5	9	52	59.5	25.5	56.5	3	65	20.5	71.5	44	0	56	46.5	46	40.5	76.5	72	0	70.5	31.5	19	31	54	34	62.5	48	9	28.5	42	28.5	26	44.5	41	
59.5	3	35.5	67.5	34	20.5	49.5	31	60	70	65.5	79	18	31.5	25.5	66.5	70.5	31.5	40.5	44.5	60.5	3	73	58	25	29	12	59.5	39.5	47	67	36	58	67	20.5	30.5	46	65	59.5	45	45	31	40	41.5	34	44	32.5	30	47	57.5	29.5	37.5	50	55	71.5	41.5	43	45.5	28	39.5	47	22.5	76.5	40.5	75.5	25.5	29.5	28.5	49	28	25.5	40.5	13.5	53	45	70.5	23.5	12	56	0	23.5	34	25.5	26.5	28	56	24.5	38.5	61	39	44	44	22.5	22	55	33.5	14	56.5	64	60.5	15	
54	20.5	45	62	41.5	30	44	25.5	54.5	64.5	56	69.5	17.5	26	20	61	65	20	35	39	51	20.5	67.5	52.5	19.5	23.5	35.5	54	34	41.5	61.5	26.5	52.5	57.5	3	40	40.5	55.5	54	39.5	35.5	30.5	34.5	47	39.5	38.5	42	39.5	52.5	52	39	28	40.5	49.5	62	34	37.5	55	37.5	34	41.5	17	69	35	66	31	39	23	39.5	37.5	35	31	18	43.5	54.5	61	33	35.5	46.5	23.5	0	41.5	20	36	37.5	46.5	34	33	55.5	33.5	49.5	38.5	32	21.5	49.5	18	37.5	51	58.5	55	36.5	
79.5	31	19.5	87.5	0	30.5	65.5	49	70	80	55.5	69	38	43.5	45.5	68.5	84.5	21.5	54.5	60.5	50.5	31	77	52	45	41	24	65.5	45.5	53	73	26	62	57	40.5	19.5	64	55	65.5	65	35	29	60	21.5	2	64	22.5	40	27	57.5	35.5	27.5	40	65	61.5	33.5	63	29.5	6	35.5	67	42.5	68.5	60.5	65.5	10.5	25.5	46.5	39	6	29.5	30.5	33.5	43	35	60.5	33.5	24	46	34	41.5	0	45.5	36.5	38	46	34.5	56.5	59	51	24	64	32.5	38	55	23.5	22	68.5	66	80.5	21	
36	22.5	47	44	45.5	32	26	12.5	36.5	46.5	46	57.5	19.5	18	0	43	47	40	17	21	49	22.5	49.5	34.5	6.5	20.5	37.5	36	14	23.5	43.5	35.5	34.5	49.5	17	42	22.5	41.5	36	21.5	31.5	32.5	16.5	55	47.5	20.5	44	41.5	64.5	34	41	34	26.5	31.5	50	28	19.5	57	39.5	26	23.5	9	53	17	56	49	41	15	37.5	39.5	37	31	20	41.5	56.5	51	35	37.5	40.5	25.5	20	45.5	0	38	39.5	40.5	36	15	37.5	15.5	67.5	20.5	34	23.5	31.5	38	39.5	33	40.5	37	40.5	
72	23.5	33	80	36.5	8	62	43.5	72.5	82.5	82	93.5	30.5	44	38	79	83	54	53	57	83	23.5	85.5	70.5	37.5	41.5	38.5	72	52	59.5	79.5	56.5	70.5	85.5	33	38	58.5	77.5	72	57.5	67.5	43.5	52.5	31	38.5	56.5	30	7.5	30.5	70	17	60	62.5	67.5	86	54	55.5	19	30.5	52	59.5	35	89	53	92	43	27	41	71.5	30.5	23	57	26	75.5	22.5	87	11	38.5	76.5	26.5	36	36.5	38	0	10.5	76.5	12	51	73.5	51.5	31.5	56.5	20	34.5	67.5	54	40.5	69	76.5	73	41.5	
73.5	25	34.5	81.5	38	9.5	63.5	45	74	84	81.5	95	32	45.5	39.5	80.5	84.5	47.5	54.5	58.5	76.5	25	87	72	39	43	40	73.5	53.5	61	81	52	72	83	34.5	39.5	60	79	73.5	59	61	45	54	32.5	40	58	31.5	14	33	71.5	18.5	53.5	64	69	87.5	55.5	57	29.5	32	53.5	61	36.5	90.5	54.5	91.5	36.5	28.5	42.5	65	32	24.5	56.5	27.5	69	29	86.5	12.5	40	72	28	37.5	38	39.5	10.5	0	72	13.5	52.5	75	53	30	58	21.5	36	69	49.5	42	70.5	78	74.5	43	
49.5	59	49.5	47.5	46	70.5	25.5	39	30	40	15.5	29	52	38.5	40.5	28.5	44.5	26.5	29.5	25.5	10.5	59	37	6	45	41	44	25.5	30.5	23	33	26	22	17	49.5	44.5	18	15	25.5	19	15	39	24	51.5	44	20	52.5	80	57	17.5	65.5	22.5	20	25	21.5	28.5	33	59.5	52	30.5	33	47.5	28.5	29.5	25.5	35.5	55.5	41.5	9	52	59.5	25.5	56.5	3	65	20.5	71.5	44	0	56	46.5	46	40.5	76.5	72	0	70.5	31.5	19	31	54	34	62.5	48	9	28.5	42	28.5	26	44.5	41	
70	21.5	31	78	34.5	4	60	41.5	70.5	80.5	80	91.5	28.5	42	36	77	81	46	51	55	75	21.5	83.5	68.5	35.5	39.5	36.5	70	50	57.5	77.5	50.5	68.5	81.5	31	36	56.5	75.5	70	55.5	59.5	41.5	50.5	19	36.5	54.5	28	15.5	36.5	68	5	52	60.5	65.5	84	52	53.5	31	28.5	50	57.5	33	87	51	90	35	25	39	63.5	28.5	21	55	24	67.5	30.5	85	1	36.5	70.5	24.5	34	34.5	36	12	13.5	70.5	0	49	71.5	49.5	33.5	54.5	18	32.5	65.5	48	38.5	67	74.5	71	39.5	
39	35.5	60	47	56.5	45	29	25.5	39.5	49.5	41	54.5	32.5	31	15	46	50	37	2	24	36	35.5	52.5	37.5	19.5	33.5	50.5	39	29	26.5	46.5	36.5	37.5	42.5	30	55	25.5	40.5	39	24.5	25.5	45.5	19.5	62	54.5	23.5	57	54.5	67.5	37	54	33	30.5	34.5	47	39	22.5	70	52.5	39	26.5	22	54	20	51	46	54	28	24.5	52.5	50	36	33	28.5	69.5	46	48	50.5	31.5	38.5	33	56.5	15	51	52.5	31.5	49	0	40.5	23.5	64.5	23.5	47	36.5	34.5	39	52.5	36	43.5	40	51.5	
36.5	58	62.5	44.5	59	67.5	31.5	48	33	43	18.5	32	55	51.5	37.5	31.5	47.5	39.5	42.5	36.5	13.5	58	40	25	42	54	57	28.5	43.5	36	36	39	3	20	52.5	57.5	33	4	28.5	32	28	52	27	64.5	57	31	65.5	77	70	25.5	76.5	35.5	33	6	24.5	41.5	18	72.5	65	43.5	14	44.5	31.5	32.5	28.5	48.5	68.5	50.5	22	65	72.5	38.5	55.5	16	78	23.5	70.5	57	19	61	55.5	59	37.5	73.5	75	19	71.5	40.5	0	44	67	17	69.5	59	28	41.5	55	31.5	29	37.5	54	
44.5	36	54.5	52.5	51	45.5	34.5	26	45	55	40.5	54	33	31.5	15.5	51.5	55.5	31.5	25.5	29.5	35.5	36	58	37	20	34	49	44.5	29.5	32	52	31	43	42	30.5	49.5	31	40	44.5	30	16	44	25	56.5	49	29	57.5	55	62	42.5	54.5	27.5	11	40	46.5	33.5	28	64.5	53	35.5	32	22.5	53.5	25.5	50.5	40.5	54.5	28.5	24	53	50.5	30.5	33.5	28	70	45.5	48.5	49	31	39	33.5	51	15.5	51.5	53	31	49.5	23.5	44	0	59	29	47.5	37	40	33.5	47	41.5	49	45.5	46	
101.5	47	22.5	95.5	24	37.5	73.5	57	78	88	63.5	77	50	51.5	67.5	76.5	92.5	29.5	62.5	68.5	58.5	47	85	60	63	49	32	73.5	53.5	61	81	34	70	65	52.5	27.5	72	63	73.5	73	43	37	78	14.5	22	74	25.5	26	3	65.5	28.5	35.5	48	73	69.5	41.5	85	12.5	30	43.5	81	60.5	76.5	72.5	73.5	18.5	28.5	54.5	47	30	32.5	38.5	49.5	51	11	68.5	34.5	32	54	44	49.5	24	67.5	31.5	30	54	33.5	64.5	67	59	0	84	35.5	46	63	31.5	30	76.5	74	92.5	29	
19.5	41	65.5	27.5	64	50.5	14.5	31	20	30	29.5	41	38	36.5	20.5	26.5	30.5	56.5	25.5	19.5	30.5	41	33	28	25	39	56	19.5	34.5	27	27	54	14	33	35.5	60.5	16	21	19.5	15	45	51	10	73.5	66	14	62.5	60	83	22.5	59.5	52.5	40	11	33.5	46.5	1	75.5	58	44.5	3	27.5	36.5	15.5	39.5	65.5	59.5	33.5	39	58	55.5	49.5	38.5	33	75	34.5	53.5	56	34	44	38.5	64	20.5	56.5	58	34	54.5	23.5	17	29	84	0	52.5	42	25	56.5	58	16.5	24	20.5	59	
68	19.5	13	76	32.5	14	58	39.5	68.5	78.5	72	85.5	26.5	40	34	75	79	38	49	53	67	19.5	81.5	66.5	33.5	37.5	34.5	68	48	55.5	75.5	42.5	66.5	73.5	29	34	54.5	71.5	68	53.5	51.5	39.5	48.5	33	30.5	52.5	10	23.5	38.5	66	23	44	56.5	63.5	78	50	51.5	39	26.5	48	55.5	31	85	49	82	27	7	37	55.5	26.5	3	47	22	59.5	38.5	77	17	34.5	62.5	22.5	32	32.5	34	20	21.5	62.5	18	47	69.5	47.5	35.5	52.5	0	30.5	63.5	40	36.5	65	72.5	69	37.5	
57.5	19	41.5	65.5	38	28.5	47.5	29	58	68	57.5	71	4	29.5	23.5	64.5	68.5	23.5	38.5	42.5	52.5	19	71	54	23	27	34	57.5	37.5	45	65	28	56	59	18.5	36.5	44	57	57.5	43	37	9	38	43.5	36	42	40.5	38	49	55.5	37.5	29.5	42	53	63.5	35.5	41	51.5	36	37.5	45	20.5	70.5	38.5	67.5	27.5	37.5	26.5	41	36	33.5	32.5	16.5	45	53	62.5	31.5	34	48	22	21.5	38	23.5	34.5	36	48	32.5	36.5	59	37	46	42	30.5	0	53	25.5	34	54.5	62	58.5	33	
40.5	52	58.5	48.5	55	61.5	30.5	42	39	49	24.5	38	49	47.5	31.5	37.5	51.5	35.5	36.5	30.5	19.5	52	46	3	36	50	53	34.5	39.5	32	42	35	31	26	46.5	53.5	9	24	34.5	10	24	48	15	60.5	53	11	61.5	71	66	26.5	70.5	31.5	29	34	30.5	37.5	24	68.5	61	39.5	28	38.5	37.5	26.5	34.5	44.5	64.5	44.5	18	61	66.5	34.5	49.5	12	74	29.5	64.5	53	9	55	49.5	55	31.5	67.5	69	9	65.5	34.5	28	40	63	25	63.5	53	0	37.5	51	37.5	35	41.5	50	
72	36.5	27	70	23.5	48	48	31.5	52.5	62.5	38	51.5	29.5	26	38	51	67	2	37	43	33	36.5	59.5	34.5	37.5	23.5	21.5	48	28	35.5	55.5	8.5	44.5	39.5	21	22	46.5	37.5	48	47.5	17.5	16.5	52.5	29	21.5	48.5	30	57.5	34.5	40	43	10	22.5	47.5	44	16	55.5	37	29.5	18	55.5	35	51	47	48	13	33	29	21.5	29.5	37	13	34	25.5	42.5	43	49	21.5	28.5	33.5	18	23.5	38	54	49.5	28.5	48	39	41.5	33.5	31.5	56.5	40	25.5	37.5	0	19.5	51	48.5	67	18.5	
73.5	17	25.5	81.5	22	34.5	61.5	45	66	76	51.5	65	32	39.5	39.5	64.5	80.5	17.5	50.5	56.5	46.5	17	73	48	39	37	2	61.5	41.5	49	69	22	58	53	34.5	20.5	60	51	61.5	59	31	25	54	27.5	20	58	28.5	44	33	53.5	41.5	23.5	36	61	57.5	29.5	57	35.5	28	31.5	61	36.5	64.5	54.5	61.5	11.5	31.5	42.5	35	28	35.5	26.5	27.5	39	41	56.5	37.5	2	42	14	37.5	22	39.5	40.5	42	42	38.5	52.5	55	47	30	58	36.5	34	51	19.5	0	64.5	62	74.5	1	
27	53.5	72	35	68.5	63	27	43.5	27.5	37.5	13	36.5	50.5	49	33	34	38	49	38	32	18	53.5	40.5	34.5	37.5	51.5	66.5	3	47	39.5	34.5	48.5	30.5	24.5	48	67	28.5	27.5	3	27.5	37.5	61.5	22.5	74	66.5	26.5	75	72.5	79.5	35	72	45	42.5	27.5	29	51	15.5	82	70.5	53	19.5	40	36	28	33	58	72	46	31.5	70.5	68	48	51	25.5	87.5	28	66	66.5	28.5	56.5	51	68.5	33	69	70.5	28.5	67	36	31.5	41.5	76.5	16.5	65	54.5	37.5	51	64.5	0	31.5	28	63.5	
29.5	61	69.5	37.5	66	70.5	34.5	51	4	40	20.5	29	58	56.5	40.5	28.5	40.5	46.5	45.5	39.5	15.5	61	37	32	45	59	64	30.5	50.5	43	33	46	32	9	55.5	64.5	36	25	30.5	35	35	59	30	71.5	64	34	72.5	80	77	32.5	79.5	42.5	40	35	21.5	48.5	23	79.5	72	50.5	27	47.5	28.5	35.5	25.5	55.5	75.5	53.5	29	72	75.5	45.5	58.5	23	85	20.5	73.5	64	26	64	58.5	66	40.5	76.5	78	26	74.5	43.5	29	49	74	24	72.5	62	35	48.5	62	31.5	0	30.5	61	
11	57.5	82	19	80.5	67	31	47.5	26.5	21.5	39	32.5	54.5	53	37	28	22	65	42	36	34	57.5	24.5	44.5	41.5	55.5	72.5	31	51	43.5	23.5	64.5	34.5	35.5	52	77	32.5	41.5	31	31.5	53.5	67.5	26.5	90	82.5	30.5	79	76.5	95.5	39	76	61	56.5	31.5	35	63	19.5	92	74.5	61	23.5	44	16	32	19	74	76	50	47.5	74.5	72	64	55	41.5	91.5	34	70	72.5	44.5	60.5	55	80.5	37	73	74.5	44.5	71	40	37.5	45.5	92.5	20.5	69	58.5	41.5	67	74.5	28	30.5	0	75.5	
74.5	18	24.5	82.5	21	35.5	60.5	44	65	75	50.5	64	33	38.5	40.5	63.5	79.5	16.5	49.5	55.5	45.5	18	72	47	40	36	3	60.5	40.5	48	68	21	57	52	35.5	19.5	59	50	60.5	60	30	24	55	26.5	19	59	27.5	45	32	52.5	40.5	22.5	35	60	56.5	28.5	58	34.5	27	30.5	62	37.5	63.5	55.5	60.5	10.5	30.5	41.5	34	27	34.5	25.5	28.5	38	40	55.5	38.5	3	41	15	36.5	21	40.5	41.5	43	41	39.5	51.5	54	46	29	59	37.5	33	50	18.5	1	63.5	61	75.5	0	
