Number of items: 125
Horizon: 3
Time limit: 1000
Load limit: 7500
Initial item inventory level
28
21
176
47
180
98
64
116
120
16
50
27
40
28
45
96
90
148
112
67
180
58
28
25
122
198
164
49
17
146
32
116
160
80
12
140
86
61
82
45
32
15
128
126
37
22
18
72
146
68
67
184
128
29
48
80
58
73
27
114
186
186
130
64
26
100
126
76
140
93
68
46
41
13
22
46
31
164
50
76
168
65
48
27
96
110
50
43
88
32
112
38
44
42
36
85
94
79
69
73
134
15
52
172
91
12
85
32
184
48
142
27
66
114
194
22
33
178
122
59
60
32
180
168
81
Maximum inventory capacity per item
56
42
264
94
270
147
96
174
180
32
100
54
60
42
90
192
180
222
168
134
270
87
56
50
183
297
246
98
34
219
48
174
240
160
24
210
129
122
123
90
64
30
192
189
74
44
36
108
219
136
134
276
192
58
72
120
116
146
54
171
279
279
195
96
52
150
189
152
210
186
136
92
82
26
33
69
62
246
100
114
252
130
72
54
144
165
75
86
176
64
168
57
88
84
72
170
141
158
138
146
201
30
78
258
182
24
170
64
276
72
213
54
132
171
291
44
66
267
183
118
120
64
270
252
162
Reserve storage replenishment rate per item and per period
168	0	0	
126	0	0	
528	0	0	
282	0	0	
540	0	0	
294	0	0	
192	0	0	
348	0	0	
360	0	0	
96	0	0	
300	0	0	
162	0	0	
120	0	0	
84	0	0	
270	0	0	
576	0	0	
540	0	0	
444	0	0	
336	0	0	
402	0	0	
540	0	0	
174	0	0	
168	0	0	
150	0	0	
366	0	0	
594	0	0	
492	0	0	
294	0	0	
102	0	0	
438	0	0	
96	0	0	
348	0	0	
480	0	0	
480	0	0	
72	0	0	
420	0	0	
258	0	0	
366	0	0	
246	0	0	
270	0	0	
192	0	0	
90	0	0	
384	0	0	
378	0	0	
222	0	0	
132	0	0	
108	0	0	
216	0	0	
438	0	0	
408	0	0	
402	0	0	
552	0	0	
384	0	0	
174	0	0	
144	0	0	
240	0	0	
348	0	0	
438	0	0	
162	0	0	
342	0	0	
558	0	0	
558	0	0	
390	0	0	
192	0	0	
156	0	0	
300	0	0	
378	0	0	
456	0	0	
420	0	0	
558	0	0	
408	0	0	
276	0	0	
246	0	0	
78	0	0	
66	0	0	
138	0	0	
186	0	0	
492	0	0	
300	0	0	
228	0	0	
504	0	0	
390	0	0	
144	0	0	
162	0	0	
288	0	0	
330	0	0	
150	0	0	
258	0	0	
528	0	0	
192	0	0	
336	0	0	
114	0	0	
264	0	0	
252	0	0	
216	0	0	
510	0	0	
282	0	0	
474	0	0	
414	0	0	
438	0	0	
402	0	0	
90	0	0	
156	0	0	
516	0	0	
546	0	0	
72	0	0	
510	0	0	
192	0	0	
552	0	0	
144	0	0	
426	0	0	
162	0	0	
396	0	0	
342	0	0	
582	0	0	
132	0	0	
198	0	0	
534	0	0	
366	0	0	
354	0	0	
360	0	0	
192	0	0	
540	0	0	
504	0	0	
486	0	0	
Forward storage demand rate per item and per period
28	28	33	
21	12	25	
88	120	144	
47	44	64	
90	89	67	
49	40	83	
32	34	41	
58	53	61	
60	46	66	
16	17	9	
50	44	62	
27	23	43	
20	20	15	
14	14	12	
45	43	26	
96	81	70	
90	78	146	
74	49	78	
56	67	46	
67	97	100	
90	151	32	
29	26	18	
28	29	32	
25	28	24	
61	48	27	
99	187	116	
82	52	29	
49	68	43	
17	13	16	
73	60	126	
16	10	17	
58	69	24	
80	67	4	
80	44	95	
12	15	9	
70	39	81	
43	39	42	
61	49	9	
41	25	64	
45	48	20	
32	29	10	
15	14	11	
64	91	84	
63	72	15	
37	28	46	
22	16	22	
18	21	11	
36	19	26	
73	93	24	
68	117	10	
67	103	81	
92	127	66	
64	75	29	
29	37	33	
24	21	18	
40	33	34	
58	80	50	
73	79	53	
27	8	36	
57	34	59	
93	83	175	
93	149	70	
65	78	80	
32	34	18	
26	10	8	
50	44	19	
63	24	66	
76	31	55	
70	11	68	
93	145	131	
68	50	81	
46	54	49	
41	54	41	
13	7	20	
11	6	9	
23	19	30	
31	17	43	
82	82	134	
50	45	44	
38	67	24	
84	42	30	
65	29	69	
24	35	4	
27	25	14	
48	79	59	
55	35	45	
25	22	32	
43	53	61	
88	92	98	
32	10	21	
56	39	101	
19	22	14	
44	48	27	
42	44	45	
36	33	61	
85	33	158	
47	69	15	
79	134	111	
69	108	58	
73	84	107	
67	54	55	
15	9	22	
26	15	22	
86	79	134	
91	145	26	
12	15	13	
85	73	80	
32	31	18	
92	84	166	
24	25	28	
71	59	132	
27	23	25	
66	61	79	
57	31	54	
97	128	117	
22	13	31	
33	45	49	
89	129	95	
61	67	46	
59	25	48	
60	37	20	
32	55	39	
90	114	164	
84	115	89	
81	96	104	
Distance matrix
0	86.5	66.5	27	27.5	29.5	70	51.5	47	38.5	47	57.5	52	42.5	73	79.5	50	23	77.5	62.5	40	75	79	42.5	67	73.5	48	15	60	26.5	58.5	15.5	32	47	26.5	28.5	30.5	38.5	60.5	53	63.5	59.5	16.5	59.5	93	38.5	86	56	44.5	61.5	55	44	37	80.5	27.5	67	82	48	12.5	4	47.5	85	33	36	70.5	32	83	57	85	71.5	43	79	79.5	40	79	20	80	30.5	97	78.5	62	33	77	71	73	38	8.5	28	16	70.5	53.5	7.5	57	31.5	28	35	49.5	60.5	27	25.5	51	82.5	81.5	50.5	69	10	54	87.5	50.5	70	89	74	45	78	44	60.5	26.5	91.5	76	54.5	47	90.5	80.5	1	72.5	69	
86.5	0	38	83.5	91	71	48.5	53	71.5	80	63.5	39	48.5	74	45.5	39	68.5	95.5	39	56	78.5	43.5	35.5	76	51.5	13	70.5	101.5	58.5	92	60	97	86.5	71.5	68	70	62	70	58	65.5	55	59	78	31	25.5	80	32.5	52.5	66	57	51.5	74.5	81.5	38	69	33.5	36.5	44.5	94	90.5	71	31.5	69.5	62.5	48	86.5	35.5	61.5	33.5	47	49.5	39.5	39	78.5	39.5	96.5	38.5	72	21.5	40	38.5	69.5	23.5	37.5	19.5	54.5	80	90.5	82.5	42	35	89	33.5	63	90.5	61.5	61	58	63.5	87	67.5	36	37	52	35.5	86.5	50.5	31	52	48.5	29.5	20.5	61.5	24.5	70.5	58	92	27	22.5	56	71.5	28	6	87.5	46	49.5	
66.5	38	0	63.5	81	51	36.5	33	53.5	60	43.5	19	28.5	54	29.5	29	58.5	85.5	29	44	68.5	33.5	30.5	64	41.5	25	54.5	81.5	48.5	78	50	77	68.5	61.5	48	50	42	50	42	55.5	45	41	58	7	40.5	70	27.5	32.5	46	47	31.5	60.5	71.5	32	49	18.5	33.5	24.5	74	70.5	59	36.5	49.5	42.5	32	76.5	34.5	51.5	23.5	37	29.5	30.5	29	68.5	30.5	76.5	28.5	52	36.5	12	18.5	49.5	28.5	22.5	24.5	34.5	60	74.5	62.5	4	15	69	13.5	43	80.5	41.5	41	48	43.5	67	47.5	16	33	32	20.5	66.5	30.5	31	32	36.5	24.5	25.5	41.5	29.5	50.5	48	78	27	27.5	36	61.5	28	32	67.5	36	35.5	
27	83.5	63.5	0	35.5	26.5	63	48.5	44	35.5	44	54.5	49	39.5	70	58.5	23	40	74.5	55.5	13	58	76	35.5	46	70.5	45	42	33	36.5	39.5	37.5	5	36	23.5	25.5	27.5	35.5	57.5	30	54.5	56.5	18.5	56.5	80	24.5	67	53	41.5	36.5	52	39	10	77.5	24.5	64	79	45	34.5	31	40.5	82	30	33	67.5	31	80	46	58	46.5	40	74	58.5	13	74	37	53	27.5	76	69.5	59	30	74	68	70	35	20.5	35	23	67.5	50.5	29.5	54	28.5	35	32	46.5	47.5	24	27.5	48	65.5	76.5	47.5	66	27	51	70.5	47.5	63	64	71	42	75	41	47.5	36.5	66.5	73	51.5	36	67.5	77.5	28	55.5	64	
27.5	91	81	35.5	0	48	62.5	66	45.5	39	55.5	80	70.5	45	69.5	58	22.5	14.5	80	55	22.5	57.5	83.5	35	45.5	96	44.5	22.5	32.5	21	39	12	30.5	35.5	49	49	53	49	57	29.5	54	58	39	82	79.5	19	66.5	66.5	53	36	67.5	38.5	25.5	77	50	85.5	80.5	70.5	15	31.5	40	87.5	49.5	56.5	67	10.5	79.5	45.5	57.5	46	65.5	73.5	58	22.5	73.5	22.5	52.5	47	75.5	69	80.5	49.5	95.5	81.5	95.5	60.5	31	24.5	36.5	77	76	20	79.5	54	14.5	57.5	58	47	49.5	32	51.5	65	76	67	83.5	32.5	68.5	70	67	62.5	63.5	96.5	57.5	94.5	48.5	47	21	66	96.5	63	35.5	67	97	28.5	55	63.5	
29.5	71	51	26.5	48	0	54.5	36	31.5	9	31.5	42	36.5	27	57.5	56	25.5	52.5	62	47	35.5	55.5	63.5	13	43.5	58	32.5	44.5	30.5	41	37	40	31.5	31.5	3	1	15	23	45	27.5	48	44	21	44	77.5	37	64.5	40.5	29	34	39.5	28.5	36.5	65	2	51.5	66.5	32.5	37	33.5	32	69.5	17.5	20.5	55	43.5	67.5	41.5	55.5	44	27.5	63.5	56	35.5	63.5	39.5	50.5	1	73.5	63	46.5	17.5	61.5	55.5	57.5	22.5	23	37.5	25.5	55	38	32	41.5	16	47.5	19.5	34	45	11.5	30	35.5	63	66	35	53.5	29.5	38.5	68	35	54.5	61.5	58.5	29.5	62.5	28.5	45	41	64	60.5	39	31.5	65	65	30.5	53	53.5	
70	48.5	36.5	63	62.5	54.5	0	36.5	43	51.5	43	27.5	32	47.5	27	15.5	40	67	37.5	27.5	50	5	41	47.5	23	43.5	42	75	30	63.5	31.5	74.5	58	43	51.5	53.5	45.5	51.5	29.5	37	26.5	30.5	61.5	29.5	37	51.5	24	34	45.5	28.5	35	46	53	34.5	52.5	37	38	28	77.5	74	42.5	45	53	46	24.5	58	37	33	15	18.5	33	31	15.5	50	31	70	10	55.5	33	26.5	32	53	47	39	43	38	63.5	62	66	34.5	23.5	72.5	27	46.5	62	45	40.5	29.5	47	64.5	39	22.5	33.5	35.5	39	70	34	27.5	35.5	0	21	44	45	48	46	29.5	63.5	23.5	46	35.5	43	24.5	50.5	71	17.5	1	
51.5	53	33	48.5	66	36	36.5	0	38.5	45	28.5	24	18.5	39	39.5	34	43.5	70.5	44	11	53.5	33.5	45.5	49	26.5	40	39.5	66.5	33.5	63	35	62	53.5	46.5	33	35	27	35	9	40.5	12	8	43	26	55.5	55	42.5	22.5	31	32	21.5	45.5	56.5	47	34	33.5	48.5	14.5	59	55.5	44	51.5	34.5	27.5	37	61.5	49.5	36.5	33.5	20	14.5	45.5	34	53.5	45.5	61.5	28.5	37	51.5	45	28.5	34.5	43.5	37.5	39.5	19.5	45	59.5	47.5	37	20	54	23.5	28	65.5	26.5	26	33	28.5	52	32.5	41	48	1	35.5	51.5	20.5	46	1	36.5	39.5	40.5	26.5	44.5	35.5	33	63	42	42.5	3	46.5	43	47	52.5	31	35.5	
47	71.5	53.5	44	45.5	31.5	43	38.5	0	34.5	34	44.5	39	30.5	50	38.5	23	50	60.5	35.5	33	38	64	30.5	26	60.5	1	58	13	46.5	19.5	57.5	41	26	28.5	30.5	22.5	30.5	37.5	20	34.5	38.5	38.5	46.5	60	34.5	47	43	31.5	16.5	42	29	36	57.5	29.5	54	61	35	54.5	51	25.5	68	30	11	47.5	41	60	26	38	26.5	30	54	38.5	33	54	53	33	32.5	56	49.5	49	30	64	58	60	25	40.5	45	43	57.5	40.5	49.5	44	23.5	45	12	36.5	27.5	24	47.5	32	45.5	56.5	37.5	56	47	41	50.5	37.5	43	44	61	32	65	3	27.5	46.5	46.5	63	41.5	26	47.5	67.5	48	35.5	44	
38.5	80	60	35.5	39	9	51.5	45	34.5	0	40.5	51	45.5	34	58.5	47	16.5	43.5	69	44	26.5	46.5	72.5	4	34.5	67	33.5	51.5	21.5	40	28	49	34.5	24.5	12	10	24	32	46	18.5	43	47	30	53	68.5	28	55.5	49.5	38	25	48.5	27.5	29.5	66	11	60.5	69.5	41.5	46	42.5	29	76.5	26.5	29.5	56	34.5	68.5	34.5	46.5	35	36.5	62.5	47	26.5	62.5	46.5	41.5	8	64.5	58	55.5	26.5	70.5	64.5	66.5	31.5	32	38.5	34.5	64	47	41	50.5	25	38.5	28.5	43	36	20.5	39	40.5	54	65	44	62.5	38.5	47.5	59	44	51.5	52.5	67.5	38.5	71.5	37.5	36	40	55	69.5	48	24.5	56	74	39.5	44	52.5	
47	63.5	43.5	44	55.5	31.5	43	28.5	34	40.5	0	34.5	29	34.5	50	38.5	33	60	54.5	35.5	43	38	56	40.5	26	50.5	35	62	23	56.5	24.5	57.5	49	36	28.5	30.5	22.5	30.5	37.5	30	34.5	36.5	38.5	36.5	60	44.5	47	33	26.5	21.5	32	39	46	57.5	29.5	44	59	25	54.5	51	35.5	62	30	23	47.5	51	60	10	38	26.5	20	54	38.5	43	54	57	33	32.5	56	49.5	39	30	54	48	50	9	40.5	55	43	47.5	30.5	49.5	34	23.5	55	22	26.5	27.5	24	47.5	4	45.5	56.5	27.5	46	47	31	50.5	27.5	43	44	51	2	55	31	27.5	56.5	46.5	53	31.5	36	47.5	57.5	48	35.5	44	
57.5	39	19	54.5	80	42	27.5	24	44.5	51	34.5	0	19.5	45	25.5	22	57.5	80.5	30	35	67.5	32.5	31.5	55	40.5	26	45.5	72.5	47.5	69	49	68	59.5	54.5	39	41	33	41	33	54.5	36	32	49	12	45.5	69	36.5	23.5	37	46	22.5	51.5	64.5	33	40	19.5	34.5	15.5	65	61.5	50	37.5	40.5	33.5	13	75.5	35.5	44.5	27.5	36	20.5	31.5	22	67.5	31.5	67.5	27.5	43	45.5	31	14.5	40.5	29.5	23.5	25.5	25.5	51	65.5	53.5	23	4	60	9.5	34	75.5	32.5	32	43	34.5	58	38.5	35	34	23	21.5	57.5	21.5	40	23	27.5	33.5	26.5	32.5	30.5	41.5	43	69	36	28.5	27	54.5	37	33	58.5	35	26.5	
52	48.5	28.5	49	70.5	36.5	32	18.5	39	45.5	29	19.5	0	39.5	35	33.5	48	75	39.5	29.5	58	33	41	49.5	31	35.5	40	67	38	63.5	39.5	62.5	54	49	33.5	35.5	27.5	35.5	27.5	45	30.5	26.5	43.5	21.5	55	59.5	42	4	31.5	36.5	3	46	59	42.5	34.5	29	44	4	59.5	56	44.5	47	35	28	32.5	66	45	39	33	26.5	15	41	33.5	58	41	62	28	37.5	51	40.5	24	35	39	33	35	20	45.5	60	48	32.5	15.5	54.5	19	28.5	70	27	26.5	37.5	29	52.5	33	40.5	43.5	17.5	31	52	2	45.5	17.5	32	39	36	27	40	36	37.5	63.5	41.5	38	21.5	49	42.5	42.5	53	30.5	31	
42.5	74	54	39.5	45	27	47.5	39	30.5	34	34.5	45	39.5	0	54.5	43	22.5	49.5	65	40	32.5	42.5	66.5	30	30.5	61	29.5	57.5	17.5	46	24	53	40.5	25.5	24	26	12	4	42	19.5	39	43	34	47	64.5	34	51.5	43.5	32	21	42.5	28.5	35.5	62	25	54.5	65.5	35.5	50	46.5	5	72.5	25.5	23.5	52	40.5	64.5	30.5	42.5	31	30.5	58.5	43	32.5	58.5	52.5	37.5	28	60.5	54	49.5	25.5	64.5	58.5	60.5	25.5	36	44.5	38.5	58	41	45	44.5	11	44.5	22.5	37	32	19.5	43	36.5	50	61	38	56.5	42.5	41.5	55	38	47.5	48.5	61.5	32.5	65.5	31.5	32	46	51	63.5	42	25.5	52	68	43.5	40	48.5	
73	45.5	29.5	70	69.5	57.5	27	39.5	50	58.5	50	25.5	35	54.5	0	17.5	47	74	34.5	34.5	57	22	38	54.5	30	36.5	49	82	37	70.5	38.5	81.5	65	50	54.5	56.5	48.5	56.5	36.5	44	33.5	37.5	64.5	22.5	34	58.5	21	39	52.5	35.5	38	53	60	31.5	55.5	30	35	31	80.5	77	49.5	42	56	49	26.5	65	34	40	12	25.5	36	28	17.5	57	28	77	17	58.5	30	23.5	11	56	40	34	36	41	66.5	69	69	31.5	21.5	75.5	16	49.5	69	48	47.5	36.5	50	71.5	46	19.5	30.5	38.5	32	73	37	24.5	38.5	27	18	37	48	41	53	36.5	70.5	20.5	39	42.5	50	21.5	43.5	74	24.5	28	
79.5	39	29	58.5	58	56	15.5	34	38.5	47	38.5	22	33.5	43	17.5	0	35.5	62.5	28	23	45.5	10.5	31.5	43	18.5	48	37.5	70.5	25.5	59	27	70	53.5	38.5	59	57	55	47	25	32.5	22	26	69	34	27.5	47	14.5	29.5	41	24	30.5	41.5	48.5	25	58	33.5	28.5	37.5	73	81.5	38	35.5	52.5	49.5	9	53.5	27.5	28.5	5.5	14	42.5	21.5	0	45.5	21.5	65.5	5.5	55	23.5	17	28.5	52.5	43.5	29.5	47.5	47.5	73	57.5	69.5	25	26	78	31.5	54	57.5	50.5	36	25	56.5	60	34.5	13	24	35	31.5	75.5	31.5	18	35	15.5	11.5	46.5	40.5	42.5	41.5	25	59	14	44.5	31	38.5	15	45	80.5	13	16.5	
50	68.5	58.5	23	22.5	25.5	40	43.5	23	16.5	33	57.5	48	22.5	47	35.5	0	27	57.5	32.5	10	35	61	12.5	23	81.5	22	35	10	23.5	16.5	34.5	18	13	28.5	26.5	34.5	26.5	34.5	7	31.5	35.5	33.5	65.5	57	11.5	44	44	30.5	13.5	45	16	13	54.5	27.5	63	58	52	37.5	46	17.5	65	27	34	44.5	18	57	23	35	23.5	47	51	35.5	10	51	30	30	24.5	53	46.5	58	27	73	59	77	42	41.5	22	34	54.5	61.5	42.5	63	33.5	22	35	35.5	24.5	33	24.5	29	42.5	53.5	44.5	61	40	46	47.5	44.5	40	41	76	35	72	26	24.5	23.5	43.5	74	40.5	13	44.5	74.5	49	32.5	41	
23	95.5	85.5	40	14.5	52.5	67	70.5	50	43.5	60	80.5	75	49.5	74	62.5	27	0	84.5	59.5	27	62	88	39.5	50	96.5	49	8	37	25.5	43.5	26.5	35	40	49.5	51.5	53.5	53.5	61.5	34	58.5	62.5	39.5	82.5	84	23.5	71	71	57.5	40.5	72	43	30	81.5	50.5	90	85	71	29.5	19	44.5	92	54	59	71.5	15	84	50	62	50.5	66	78	62.5	27	78	27	57	51.5	80	73.5	85	54	100	86	96	61	31.5	29	39	81.5	76.5	30.5	80	54.5	19	58	62.5	51.5	50	36.5	56	69.5	80.5	71.5	88	33	73	74.5	71.5	67	68	97	62	99	53	51.5	25.5	70.5	99	67.5	40	71.5	101.5	22	59.5	68	
77.5	39	29	74.5	80	62	37.5	44	60.5	69	54.5	30	39.5	65	34.5	28	57.5	84.5	0	45	67.5	32.5	31.5	65	40.5	26	59.5	92.5	47.5	81	49	88	75.5	60.5	59	61	53	61	47	54.5	44	48	69	22	29.5	69	21.5	43.5	57	46	42.5	63.5	70.5	3	60	24.5	30.5	35.5	85	81.5	60	37.5	60.5	53.5	37	75.5	29.5	50.5	22.5	36	40.5	28.5	28	67.5	28.5	87.5	27.5	63	25.5	29	29.5	60.5	29.5	28.5	25.5	45.5	71	79.5	73.5	33	26	80	24.5	54	79.5	52.5	52	47	54.5	78	56.5	25	4	43	26.5	77.5	41.5	10	43	37.5	18.5	26.5	52.5	30.5	61.5	47	81	14	28.5	47	60.5	13	33	78.5	35	38.5	
62.5	56	44	55.5	55	47	27.5	11	35.5	44	35.5	35	29.5	40	34.5	23	32.5	59.5	45	0	42.5	22.5	48.5	40	15.5	51	34.5	67.5	22.5	56	24	67	50.5	35.5	44	46	38	44	2	29.5	1	3	54	37	44.5	44	31.5	31.5	38	21	32.5	38.5	45.5	42	45	44.5	45.5	25.5	70	66.5	35	52.5	45.5	38.5	32	50.5	44.5	25.5	22.5	9	25.5	38.5	23	42.5	38.5	62.5	17.5	48	40.5	34	39.5	45.5	54.5	46.5	50.5	30.5	56	54.5	58.5	42	31	65	34.5	39	54.5	37.5	33	22	39.5	57	31.5	30	41	12	46.5	62.5	31.5	35	12	27.5	28.5	51.5	37.5	55.5	38.5	22	56	31	53.5	8	35.5	32	58	63.5	20	28.5	
40	78.5	68.5	13	22.5	35.5	50	53.5	33	26.5	43	67.5	58	32.5	57	45.5	10	27	67.5	42.5	0	45	71	22.5	33	83.5	32	35	20	23.5	26.5	34.5	8	23	36.5	36.5	40.5	36.5	44.5	17	41.5	45.5	31.5	69.5	67	11.5	54	54	40.5	23.5	55	26	3	64.5	37.5	73	68	58	37.5	44	27.5	75	37	44	54.5	18	67	33	45	33.5	53	61	45.5	0	61	30	40	34.5	63	56.5	68	37	83	69	83	48	33.5	22	34	64.5	63.5	42.5	67	41.5	22	45	45.5	34.5	37	24.5	39	52.5	63.5	54.5	71	40	56	57.5	54.5	50	51	84	45	82	36	34.5	23.5	53.5	84	50.5	23	54.5	84.5	41	42.5	51	
75	43.5	33.5	58	57.5	55.5	5	33.5	38	46.5	38	32.5	33	42.5	22	10.5	35	62	32.5	22.5	45	0	36	42.5	18	48.5	37	70	25	58.5	26.5	69.5	53	38	56.5	56.5	50.5	46.5	24.5	32	21.5	25.5	66.5	34.5	32	46.5	19	29	40.5	23.5	30	41	48	29.5	57.5	38	33	33	72.5	79	37.5	40	52	49	19.5	53	32	28	10	13.5	38	26	10.5	45	26	65	5	54.5	28	21.5	33	52	48	34	48	43	68.5	57	69	29.5	28.5	77.5	32	51.5	57	50	35.5	24.5	52	59.5	34	17.5	28.5	34.5	36	75	31	22.5	34.5	5	16	49	40	47	41	24.5	58.5	18.5	49	30.5	38	19.5	49.5	76	12.5	6	
79	35.5	30.5	76	83.5	63.5	41	45.5	64	72.5	56	31.5	41	66.5	38	31.5	61	88	31.5	48.5	71	36	0	68.5	44	22.5	63	94	51	84.5	52.5	89.5	79	64	60.5	62.5	54.5	62.5	50.5	58	47.5	51.5	70.5	23.5	28	72.5	25	45	58.5	49.5	44	67	74	30.5	61.5	26	3	37	86.5	83	63.5	34	62	55	40.5	79	4	54	26	39.5	42	32	31.5	71	32	89	31	64.5	24	32.5	31	62	26	30	22	47	72.5	83	75	34.5	27.5	81.5	26	55.5	83	54	53.5	50.5	56	79.5	60	28.5	29.5	44.5	28	79	43	23.5	44.5	41	22	23	54	27	63	50.5	84.5	19.5	25	48.5	64	20.5	29.5	80	38.5	42	
42.5	76	64	35.5	35	13	47.5	49	30.5	4	40.5	55	49.5	30	54.5	43	12.5	39.5	65	40	22.5	42.5	68.5	0	30.5	71	29.5	47.5	17.5	36	24	47	30.5	20.5	16	14	28	34	42	14.5	39	43	34	57	64.5	24	51.5	51.5	38	21	52.5	23.5	25.5	62	15	64.5	65.5	45.5	50	46.5	25	72.5	30.5	33.5	52	30.5	64.5	30.5	42.5	31	40.5	58.5	43	22.5	58.5	42.5	37.5	12	60.5	54	59.5	30.5	74.5	66.5	70.5	35.5	36	34.5	38.5	62	51	45	54.5	29	34.5	32.5	43	32	24.5	37	36.5	50	61	48	66.5	42.5	51.5	55	48	47.5	48.5	71.5	42.5	75.5	33.5	32	36	51	73.5	48	20.5	52	78	43.5	40	48.5	
67	51.5	41.5	46	45.5	43.5	23	26.5	26	34.5	26	40.5	31	30.5	30	18.5	23	50	40.5	15.5	33	18	44	30.5	0	60.5	25	58	13	46.5	14.5	57.5	41	26	46.5	44.5	42.5	34.5	17.5	20	14.5	18.5	56.5	46.5	40	34.5	27	27	28.5	11.5	28	29	36	37.5	45.5	46	41	35	60.5	69	25.5	48	40	37	27.5	41	40	16	18	6.5	24	34	18.5	33	34	53	13	42.5	36	29.5	41	40	56	42	60	35	60.5	45	57	37.5	40.5	65.5	44	41.5	45	38	23.5	12.5	44	47.5	22	25.5	36.5	27.5	44	63	29	30.5	27.5	23	24	59	28	55	29	12.5	46.5	26.5	57	23.5	26	27.5	57.5	68	15.5	24	
73.5	13	25	70.5	96	58	43.5	40	60.5	67	50.5	26	35.5	61	36.5	48	81.5	96.5	26	51	83.5	48.5	22.5	71	60.5	0	61.5	88.5	71.5	85	67	84	75.5	70.5	55	57	49	57	49	76.5	52	48	65	18	26.5	87	39.5	39.5	53	70	38.5	67.5	80.5	29	56	20.5	25.5	31.5	81	77.5	66	18.5	56.5	49.5	39	95.5	26.5	60.5	46.5	60	36.5	32.5	48	83.5	32.5	83.5	51.5	59	30.5	37	25.5	56.5	10.5	24.5	6.5	41.5	67	81.5	69.5	29	22	76	20.5	50	91.5	48.5	48	59	50.5	74	54.5	41	30	39	22.5	73.5	37.5	36	39	43.5	42.5	7.5	48.5	11.5	57.5	59	85	40	9.5	43	70.5	39	7	74.5	51	42.5	
48	70.5	54.5	45	44.5	32.5	42	39.5	1	33.5	35	45.5	40	29.5	49	37.5	22	49	59.5	34.5	32	37	63	29.5	25	61.5	0	57	12	45.5	18.5	56.5	40	25	29.5	31.5	23.5	31.5	36.5	19	33.5	37.5	39.5	47.5	59	33.5	46	44	32.5	15.5	43	28	35	56.5	30.5	55	60	36	55.5	52	24.5	67	31	12	46.5	40	59	25	37	25.5	31	53	37.5	32	53	52	32	33.5	55	48.5	50	31	65	59	61	26	41.5	44	44	56.5	41.5	50.5	45	24.5	44	13	37.5	26.5	25	46.5	31	44.5	55.5	38.5	57	48	42	49.5	38.5	42	43	62	33	66	4	26.5	45.5	45.5	64	42.5	25	46.5	68.5	49	34.5	43	
15	101.5	81.5	42	22.5	44.5	75	66.5	58	51.5	62	72.5	67	57.5	82	70.5	35	8	92.5	67.5	35	70	94	47.5	58	88.5	57	0	45	33.5	51.5	30.5	43	48	41.5	43.5	45.5	53.5	69.5	42	66.5	70.5	31.5	74.5	92	31.5	79	71	59.5	48.5	70	51	38	89.5	42.5	82	93	63	27.5	11	52.5	100	48	51	79.5	23	92	58	70	58.5	58	86	70.5	35	86	35	65	45.5	88	81.5	77	48	92	86	88	53	23.5	37	31	85.5	68.5	22.5	72	46.5	27	50	64.5	59.5	42	40.5	64	77.5	88.5	65.5	84	25	69	82.5	65.5	75	76	89	60	93	59	59.5	33.5	78.5	91	69.5	48	79.5	95.5	14	67.5	76	
60	58.5	48.5	33	32.5	30.5	30	33.5	13	21.5	23	47.5	38	17.5	37	25.5	10	37	47.5	22.5	20	25	51	17.5	13	71.5	12	45	0	33.5	6.5	44.5	28	13	33.5	31.5	29.5	21.5	24.5	7	21.5	25.5	43.5	55.5	47	21.5	34	34	20.5	3.5	35	16	23	44.5	32.5	53	48	42	47.5	56	12.5	55	27	24	34.5	28	47	13	25	13.5	37	41	25.5	20	41	40	20	29.5	43	36.5	48	27	63	49	67	32	51.5	32	44	44.5	51.5	52.5	53	28.5	32	25	25.5	14.5	33	34.5	19	32.5	43.5	34.5	51	50	36	37.5	34.5	30	31	66	25	62	16	14.5	33.5	33.5	64	30.5	13	34.5	64.5	59	22.5	31	
26.5	92	78	36.5	21	41	63.5	63	46.5	40	56.5	69	63.5	46	70.5	59	23.5	25.5	81	56	23.5	58.5	84.5	36	46.5	85	45.5	33.5	33.5	0	40	33	31.5	36.5	38	40	42	50	58	30.5	55	59	28	71	80.5	20	67.5	67.5	54	37	66.5	39.5	26.5	78	39	78.5	81.5	59.5	34	30.5	41	88.5	44.5	47.5	68	16.5	80.5	46.5	58.5	47	54.5	74.5	59	23.5	74.5	28.5	53.5	42	76.5	70	73.5	44.5	88.5	82.5	84.5	49.5	18	25.5	27.5	78	65	29	68.5	43	20.5	46.5	59	48	38.5	33	52.5	66	77	62	80.5	26.5	65.5	71	62	63.5	64.5	85.5	56.5	89.5	49.5	48	0	67	87.5	64	36.5	68	92	27.5	56	64.5	
58.5	60	50	39.5	39	37	31.5	35	19.5	28	24.5	49	39.5	24	38.5	27	16.5	43.5	49	24	26.5	26.5	52.5	24	14.5	67	18.5	51.5	6.5	40	0	51	34.5	19.5	40	38	34	28	26	13.5	23	27	50	53	48.5	28	35.5	35.5	14	3	36.5	22.5	29.5	46	39	54.5	49.5	41.5	54	62.5	19	56.5	33.5	30.5	36	34.5	48.5	14.5	26.5	15	36.5	42.5	27	26.5	42.5	46.5	21.5	36	44.5	38	49.5	33.5	64.5	50.5	66.5	31.5	52	38.5	50.5	46	47	59	50.5	35	38.5	31.5	27	16	35.5	41	20.5	34	45	36	52.5	56.5	37.5	39	36	31.5	32.5	67.5	26.5	63.5	22.5	16	40	35	65.5	32	19.5	36	66	59.5	24	32.5	
15.5	97	77	37.5	12	40	74.5	62	57.5	49	57.5	68	62.5	53	81.5	70	34.5	26.5	88	67	34.5	69.5	89.5	47	57.5	84	56.5	30.5	44.5	33	51	0	42.5	47.5	37	39	41	49	69	41.5	66	70	27	70	91.5	31	78.5	66.5	55	48	65.5	50.5	37.5	89	38	77.5	92.5	58.5	3	19.5	52	95.5	43.5	46.5	79	22.5	91.5	57.5	69.5	58	53.5	85.5	70	34.5	85.5	30.5	64.5	41	87.5	81	72.5	43.5	87.5	81.5	83.5	48.5	19	36.5	26.5	81	64	8	67.5	42	26.5	45.5	60	59	37.5	36	61.5	77	88	61	79.5	20.5	64.5	82	61	74.5	75.5	84.5	55.5	88.5	54.5	59	33	78	86.5	65	47.5	79	91	16.5	67	75.5	
32	86.5	68.5	5	30.5	31.5	58	53.5	41	34.5	49	59.5	54	40.5	65	53.5	18	35	75.5	50.5	8	53	79	30.5	41	75.5	40	43	28	31.5	34.5	42.5	0	31	28.5	30.5	32.5	40.5	52.5	25	49.5	53.5	23.5	61.5	75	19.5	62	58	46.5	31.5	57	34	5	72.5	29.5	69	76	50	39.5	36	35.5	83	35	38	62.5	26	75	41	53	41.5	45	69	53.5	8	69	38	48	32.5	71	64.5	64	35	79	73	75	40	25.5	30	28	72.5	55.5	34.5	59	33.5	30	37	51.5	42.5	29	32.5	47	60.5	71.5	52.5	71	32	56	65.5	52.5	58	59	76	47	80	44	42.5	31.5	61.5	78	56.5	31	62.5	82.5	33	50.5	59	
47	71.5	61.5	36	35.5	31.5	43	46.5	26	24.5	36	54.5	49	25.5	50	38.5	13	40	60.5	35.5	23	38	64	20.5	26	70.5	25	48	13	36.5	19.5	47.5	31	0	28.5	30.5	27.5	29.5	37.5	6	34.5	38.5	38.5	56.5	60	24.5	47	47	33.5	16.5	48	3	26	57.5	29.5	64	61	45	50.5	51	20.5	68	14	33	47.5	31	60	26	38	26.5	40	54	38.5	23	54	43	33	32.5	56	49.5	59	14	74	62	70	35	40.5	35	43	57.5	50.5	49.5	54	28.5	35	32	38.5	27.5	20	37.5	32	45.5	56.5	47.5	64	47	49	50.5	47.5	43	44	71	38	75	29	27.5	36.5	46.5	73	43.5	0	47.5	77.5	48	35.5	44	
26.5	68	48	23.5	49	3	51.5	33	28.5	12	28.5	39	33.5	24	54.5	59	28.5	49.5	59	44	36.5	56.5	60.5	16	46.5	55	29.5	41.5	33.5	38	40	37	28.5	28.5	0	2	12	20	42	30.5	45	41	18	41	74.5	40	67.5	37.5	26	37	36.5	25.5	33.5	62	1	48.5	63.5	29.5	34	30.5	29	66.5	14.5	17.5	52	46.5	64.5	38.5	58.5	47	24.5	60.5	59	36.5	60.5	36.5	53.5	4	76.5	60	43.5	14.5	58.5	52.5	54.5	19.5	20	34.5	22.5	52	35	29	38.5	13	44.5	16.5	31	42	8.5	27	32.5	64	63	32	50.5	26.5	35.5	69	32	51.5	64.5	55.5	26.5	59.5	25.5	42	38	67	57.5	36	28.5	68	62	27.5	54	50.5	
28.5	70	50	25.5	49	1	53.5	35	30.5	10	30.5	41	35.5	26	56.5	57	26.5	51.5	61	46	36.5	56.5	62.5	14	44.5	57	31.5	43.5	31.5	40	38	39	30.5	30.5	2	0	14	22	44	28.5	47	43	20	43	76.5	38	65.5	39.5	28	35	38.5	27.5	35.5	64	1	50.5	65.5	31.5	36	32.5	31	68.5	16.5	19.5	54	44.5	66.5	40.5	56.5	45	26.5	62.5	57	36.5	62.5	38.5	51.5	2	74.5	62	45.5	16.5	60.5	54.5	56.5	21.5	22	36.5	24.5	54	37	31	40.5	15	46.5	18.5	33	44	10.5	29	34.5	64	65	34	52.5	28.5	37.5	69	34	53.5	62.5	57.5	28.5	61.5	27.5	44	40	65	59.5	38	30.5	66	64	29.5	54	52.5	
30.5	62	42	27.5	53	15	45.5	27	22.5	24	22.5	33	27.5	12	48.5	55	34.5	53.5	53	38	40.5	50.5	54.5	28	42.5	49	23.5	45.5	29.5	42	34	41	32.5	27.5	12	14	0	8	36	31.5	39	35	22	35	68.5	44	61.5	31.5	20	33	30.5	24.5	37.5	56	13	42.5	57.5	23.5	38	34.5	17	60.5	13.5	11.5	46	52.5	58.5	32.5	54.5	43	18.5	54.5	55	40.5	54.5	40.5	49.5	16	72.5	54	37.5	13.5	52.5	46.5	48.5	13.5	24	38.5	26.5	46	29	33	32.5	1	48.5	10.5	25	36	7.5	31	26.5	58	57	26	44.5	30.5	29.5	63	26	45.5	60.5	49.5	20.5	53.5	19.5	36	42	63	51.5	30	27.5	64	56	31.5	48	44.5	
38.5	70	50	35.5	49	23	51.5	35	30.5	32	30.5	41	35.5	4	56.5	47	26.5	53.5	61	44	36.5	46.5	62.5	34	34.5	57	31.5	53.5	21.5	50	28	49	40.5	29.5	20	22	8	0	44	23.5	43	43	30	43	68.5	38	55.5	39.5	28	25	38.5	32.5	39.5	64	21	50.5	65.5	31.5	46	42.5	9	68.5	21.5	19.5	54	44.5	66.5	34.5	46.5	35	26.5	62.5	47	36.5	62.5	48.5	41.5	24	64.5	58	45.5	21.5	60.5	54.5	56.5	21.5	32	46.5	34.5	54	37	41	40.5	7	48.5	18.5	33	36	15.5	39	34.5	54	65	34	52.5	38.5	37.5	59	34	51.5	52.5	57.5	28.5	61.5	27.5	36	50	55	59.5	38	29.5	56	64	39.5	44	52.5	
60.5	58	42	57.5	57	45	29.5	9	37.5	46	37.5	33	27.5	42	36.5	25	34.5	61.5	47	2	44.5	24.5	50.5	42	17.5	49	36.5	69.5	24.5	58	26	69	52.5	37.5	42	44	36	44	0	31.5	3	1	52	35	46.5	46	33.5	31.5	40	23	30.5	40.5	47.5	44	43	42.5	47.5	23.5	68	64.5	37	54.5	43.5	36.5	34	52.5	46.5	27.5	24.5	11	23.5	40.5	25	44.5	40.5	64.5	19.5	46	42.5	36	37.5	43.5	52.5	46.5	48.5	28.5	54	56.5	56.5	44	29	63	32.5	37	56.5	35.5	35	24	37.5	59	33.5	32	43	10	44.5	60.5	29.5	37	10	29.5	30.5	49.5	35.5	53.5	40.5	24	58	33	51.5	6	37.5	34	56	61.5	22	30.5	
53	65.5	55.5	30	29.5	27.5	37	40.5	20	18.5	30	54.5	45	19.5	44	32.5	7	34	54.5	29.5	17	32	58	14.5	20	76.5	19	42	7	30.5	13.5	41.5	25	6	30.5	28.5	31.5	23.5	31.5	0	28.5	32.5	40.5	62.5	54	18.5	41	41	27.5	10.5	42	9	20	51.5	29.5	60	55	49	44.5	53	14.5	62	20	31	41.5	25	54	20	32	20.5	44	48	32.5	17	48	37	27	26.5	50	43.5	55	20	70	56	74	39	46.5	29	41	51.5	56.5	49.5	60	30.5	29	32	32.5	21.5	26	31.5	26	39.5	50.5	41.5	58	47	43	44.5	41.5	37	38	73	32	69	23	21.5	30.5	40.5	71	37.5	6	41.5	71.5	54	29.5	38	
63.5	55	45	54.5	54	48	26.5	12	34.5	43	34.5	36	30.5	39	33.5	22	31.5	58.5	44	1	41.5	21.5	47.5	39	14.5	52	33.5	66.5	21.5	55	23	66	49.5	34.5	45	47	39	43	3	28.5	0	4	55	38	43.5	43	30.5	30.5	37	20	31.5	37.5	44.5	41	46	45.5	44.5	26.5	69	67.5	34	51.5	46.5	39.5	31	49.5	43.5	24.5	21.5	8	26.5	37.5	22	41.5	37.5	61.5	16.5	49	39.5	33	40.5	46.5	55.5	45.5	51.5	31.5	57	53.5	59.5	41	32	66	35.5	40	53.5	38.5	32	21	40.5	56	30.5	29	40	13	47.5	63.5	32.5	34	13	26.5	27.5	52.5	36.5	56.5	37.5	21	55	30	54.5	9	34.5	31	59	64.5	19	27.5	
59.5	59	41	56.5	58	44	30.5	8	38.5	47	36.5	32	26.5	43	37.5	26	35.5	62.5	48	3	45.5	25.5	51.5	43	18.5	48	37.5	70.5	25.5	59	27	70	53.5	38.5	41	43	35	43	1	32.5	4	0	51	34	47.5	47	34.5	30.5	39	24	29.5	41.5	48.5	45	42	41.5	48.5	22.5	67	63.5	38	55.5	42.5	35.5	35	53.5	47.5	28.5	25.5	12	22.5	41.5	26	45.5	41.5	65.5	20.5	45	43.5	37	36.5	42.5	51.5	45.5	47.5	27.5	53	57.5	55.5	45	28	62	31.5	36	57.5	34.5	34	25	36.5	60	34.5	33	44	9	43.5	59.5	28.5	38	9	30.5	31.5	48.5	34.5	52.5	41.5	25	59	34	50.5	5	38.5	35	55	60.5	23	31.5	
16.5	78	58	18.5	39	21	61.5	43	38.5	30	38.5	49	43.5	34	64.5	69	33.5	39.5	69	54	31.5	66.5	70.5	34	56.5	65	39.5	31.5	43.5	28	50	27	23.5	38.5	18	20	22	30	52	40.5	55	51	0	51	84.5	22	77.5	47.5	36	47	46.5	35.5	28.5	72	19	58.5	73.5	39.5	24	20.5	39	76.5	24.5	27.5	62	36.5	74.5	48.5	68.5	57	34.5	70.5	69	31.5	70.5	26.5	63.5	22	86.5	70	53.5	24.5	68.5	62.5	64.5	29.5	10	24.5	12.5	62	45	19	48.5	23	34.5	26.5	41	52	18.5	9	42.5	74	73	42	60.5	16.5	45.5	79	42	61.5	74.5	65.5	36.5	69.5	35.5	52	28	77	67.5	46	38.5	78	72	17.5	64	60.5	
59.5	31	7	56.5	82	44	29.5	26	46.5	53	36.5	12	21.5	47	22.5	34	65.5	82.5	22	37	69.5	34.5	23.5	57	46.5	18	47.5	74.5	55.5	71	53	70	61.5	56.5	41	43	35	43	35	62.5	38	34	51	0	37.5	73	30.5	25.5	39	54	24.5	53.5	66.5	25	42	11.5	26.5	17.5	67	63.5	52	29.5	42.5	35.5	25	81.5	27.5	46.5	30.5	44	22.5	23.5	34	69.5	23.5	69.5	35.5	45	41.5	19	11.5	42.5	21.5	15.5	17.5	27.5	53	67.5	55.5	11	8	62	6.5	36	77.5	34.5	34	45	36.5	60	40.5	23	26	25	13.5	59.5	23.5	32	25	29.5	31.5	18.5	34.5	22.5	43.5	45	71	34	20.5	29	56.5	35	25	60.5	37	28.5	
93	25.5	40.5	80	79.5	77.5	37	55.5	60	68.5	60	45.5	55	64.5	34	27.5	57	84	29.5	44.5	67	32	28	64.5	40	26.5	59	92	47	80.5	48.5	91.5	75	60	74.5	76.5	68.5	68.5	46.5	54	43.5	47.5	84.5	37.5	0	68.5	21	51	62.5	45.5	52	63	70	26.5	75.5	40	25	51	94.5	97	59.5	8	74	69	36.5	75	24	50	22	35.5	56	28	27.5	67	28	87	27	76.5	4	28.5	45	74	16	36	20	61	86.5	79	89	36.5	41.5	95.5	40	69.5	79	68	57.5	46.5	70	81.5	56	24.5	25.5	56.5	38	93	53	19.5	56.5	37	18	19	62	15	63	46.5	80.5	15.5	17	52.5	60	16.5	31.5	94	34.5	38	
38.5	80	70	24.5	19	37	51.5	55	34.5	28	44.5	69	59.5	34	58.5	47	11.5	23.5	69	44	11.5	46.5	72.5	24	34.5	87	33.5	31.5	21.5	20	28	31	19.5	24.5	40	38	44	38	46	18.5	43	47	22	73	68.5	0	55.5	55.5	42	25	56.5	27.5	14.5	66	39	74.5	69.5	61.5	34	42.5	29	76.5	38.5	45.5	56	14.5	68.5	34.5	46.5	35	56.5	62.5	47	11.5	62.5	26.5	41.5	36	64.5	58	69.5	38.5	84.5	70.5	86.5	51.5	32	18.5	30.5	66	67	39	70.5	45	18.5	46.5	47	36	40.5	13	40.5	54	65	56	72.5	36.5	57.5	59	56	51.5	52.5	87.5	46.5	83.5	37.5	36	20	55	85.5	52	24.5	56	86	39.5	44	52.5	
86	32.5	27.5	67	66.5	64.5	24	42.5	47	55.5	47	36.5	42	51.5	21	14.5	44	71	21.5	31.5	54	19	25	51.5	27	39.5	46	79	34	67.5	35.5	78.5	62	47	67.5	65.5	61.5	55.5	33.5	41	30.5	34.5	77.5	30.5	21	55.5	0	38	49.5	32.5	39	50	57	18.5	66.5	19	22	44	81.5	90	46.5	29	61	58	23.5	62	21	37	9	22.5	49	7	14.5	54	7	74	14	63.5	17	15.5	32	61	37	15	39	54	79.5	66	78	23.5	34.5	86.5	33	62.5	66	59	44.5	33.5	63	68.5	43	11.5	17.5	43.5	17	84	40	11.5	43.5	24	3	40	49	36	50	33.5	67.5	7.5	38	39.5	47	8.5	38.5	87	21.5	25	
56	52.5	32.5	53	66.5	40.5	34	22.5	43	49.5	33	23.5	4	43.5	39	29.5	44	71	43.5	31.5	54	29	45	51.5	27	39.5	44	71	34	67.5	35.5	66.5	58	47	37.5	39.5	31.5	39.5	31.5	41	30.5	30.5	47.5	25.5	51	55.5	38	0	35.5	32.5	1	50	57	46.5	38.5	33	48	8	63.5	60	46.5	51	39	32	36.5	62	49	37	29	22.5	19	45	29.5	54	45	66	24	41.5	47	40.5	28	39	43	37	39	24	49.5	64	52	36.5	19.5	58.5	23	32.5	66	31	30.5	33.5	33	56.5	37	36.5	47.5	21.5	35	56	2	41.5	21.5	34	35	40	31	44	40	33.5	67.5	37.5	42	25.5	47	38.5	46.5	57	26.5	35	
44.5	66	46	41.5	53	29	45.5	31	31.5	38	26.5	37	31.5	32	52.5	41	30.5	57.5	57	38	40.5	40.5	58.5	38	28.5	53	32.5	59.5	20.5	54	14	55	46.5	33.5	26	28	20	28	40	27.5	37	39	36	39	62.5	42	49.5	35.5	0	17	34.5	36.5	43.5	60	27	46.5	61.5	27.5	52	48.5	33	64.5	27.5	20.5	50	48.5	62.5	28.5	40.5	29	22.5	56.5	41	40.5	56.5	54.5	35.5	30	58.5	52	41.5	27.5	56.5	50.5	52.5	17.5	38	52.5	40.5	50	33	47	36.5	21	52.5	19.5	29	30	21.5	45	30.5	48	59	30	48.5	44.5	33.5	53	30	45.5	46.5	53.5	24.5	57.5	28.5	30	54	49	55.5	34	33.5	50	60	45.5	38	46.5	
61.5	57	47	36.5	36	34	28.5	32	16.5	25	21.5	46	36.5	21	35.5	24	13.5	40.5	46	21	23.5	23.5	49.5	21	11.5	70	15.5	48.5	3.5	37	3	48	31.5	16.5	37	35	33	25	23	10.5	20	24	47	54	45.5	25	32.5	32.5	17	0	33.5	19.5	26.5	43	36	51.5	46.5	40.5	51	59.5	16	53.5	30.5	27.5	33	31.5	45.5	11.5	23.5	12	35.5	39.5	24	23.5	39.5	43.5	18.5	33	41.5	35	46.5	30.5	61.5	47.5	65.5	30.5	55	35.5	47.5	43	50	56	51.5	32	35.5	28.5	24	13	36.5	38	17.5	31	42	33	49.5	53.5	34.5	36	33	28.5	29.5	64.5	23.5	60.5	19.5	13	37	32	62.5	29	16.5	33	63	62.5	21	29.5	
55	51.5	31.5	52	67.5	39.5	35	21.5	42	48.5	32	22.5	3	42.5	38	30.5	45	72	42.5	32.5	55	30	44	52.5	28	38.5	43	70	35	66.5	36.5	65.5	57	48	36.5	38.5	30.5	38.5	30.5	42	31.5	29.5	46.5	24.5	52	56.5	39	1	34.5	33.5	0	49	58	45.5	37.5	32	47	7	62.5	59	47.5	50	38	31	35.5	63	48	38	30	23.5	18	44	30.5	55	44	65	25	40.5	48	41.5	27	38	42	36	38	23	48.5	63	51	35.5	18.5	57.5	22	31.5	67	30	29.5	34.5	32	55.5	36	37.5	46.5	20.5	34	55	1	42.5	20.5	35	36	39	30	43	39	34.5	66.5	38.5	41	24.5	48	39.5	45.5	56	27.5	34	
44	74.5	60.5	39	38.5	28.5	46	45.5	29	27.5	39	51.5	46	28.5	53	41.5	16	43	63.5	38.5	26	41	67	23.5	29	67.5	28	51	16	39.5	22.5	50.5	34	3	25.5	27.5	24.5	32.5	40.5	9	37.5	41.5	35.5	53.5	63	27.5	50	50	36.5	19.5	49	0	29	60.5	26.5	61	64	42	51.5	48	23.5	71	11	30	50.5	34	63	29	41	29.5	37	57	41.5	26	57	46	36	29.5	59	52.5	56	11	71	65	67	32	37.5	38	40	60.5	47.5	46.5	51	25.5	38	29	41.5	30.5	17	40.5	35	48.5	59.5	44.5	63	44	48	53.5	44.5	46	47	68	39	72	32	30.5	39.5	49.5	70	46.5	3	50.5	74.5	45	38.5	47	
37	81.5	71.5	10	25.5	36.5	53	56.5	36	29.5	46	64.5	59	35.5	60	48.5	13	30	70.5	45.5	3	48	74	25.5	36	80.5	35	38	23	26.5	29.5	37.5	5	26	33.5	35.5	37.5	39.5	47.5	20	44.5	48.5	28.5	66.5	70	14.5	57	57	43.5	26.5	58	29	0	67.5	34.5	74	71	55	40.5	41	30.5	78	40	43	57.5	21	70	36	48	36.5	50	64	48.5	3	64	33	43	37.5	66	59.5	69	40	84	72	80	45	30.5	25	33	67.5	60.5	39.5	64	38.5	25	42	48.5	37.5	34	27.5	42	55.5	66.5	57.5	74	37	59	60.5	57.5	53	54	81	48	85	39	37.5	26.5	56.5	83	53.5	26	57.5	87.5	38	45.5	54	
80.5	38	32	77.5	77	65	34.5	47	57.5	66	57.5	33	42.5	62	31.5	25	54.5	81.5	3	42	64.5	29.5	30.5	62	37.5	29	56.5	89.5	44.5	78	46	89	72.5	57.5	62	64	56	64	44	51.5	41	45	72	25	26.5	66	18.5	46.5	60	43	45.5	60.5	67.5	0	63	27.5	27.5	38.5	88	84.5	57	34.5	63.5	56.5	34	72.5	26.5	47.5	19.5	33	43.5	25.5	25	64.5	25.5	84.5	24.5	66	22.5	26	32.5	63.5	32.5	31.5	28.5	48.5	74	76.5	76.5	34	29	83	27.5	57	76.5	55.5	55	44	57.5	79	53.5	22	1	46	29.5	80.5	44.5	7	46	34.5	15.5	29.5	55.5	33.5	60.5	44	78	11	31.5	50	57.5	10	36	81.5	32	35.5	
27.5	69	49	24.5	50	2	52.5	34	29.5	11	29.5	40	34.5	25	55.5	58	27.5	50.5	60	45	37.5	57.5	61.5	15	45.5	56	30.5	42.5	32.5	39	39	38	29.5	29.5	1	1	13	21	43	29.5	46	42	19	42	75.5	39	66.5	38.5	27	36	37.5	26.5	34.5	63	0	49.5	64.5	30.5	35	31.5	30	67.5	15.5	18.5	53	45.5	65.5	39.5	57.5	46	25.5	61.5	58	37.5	61.5	37.5	52.5	3	75.5	61	44.5	15.5	59.5	53.5	55.5	20.5	21	35.5	23.5	53	36	30	39.5	14	45.5	17.5	32	43	9.5	28	33.5	65	64	33	51.5	27.5	36.5	70	33	52.5	63.5	56.5	27.5	60.5	26.5	43	39	66	58.5	37	29.5	67	63	28.5	55	51.5	
67	33.5	18.5	64	85.5	51.5	37	33.5	54	60.5	44	19.5	29	54.5	30	33.5	63	90	24.5	44.5	73	38	26	64.5	46	20.5	55	82	53	78.5	54.5	77.5	69	64	48.5	50.5	42.5	50.5	42.5	60	45.5	41.5	58.5	11.5	40	74.5	19	33	46.5	51.5	32	61	74	27.5	49.5	0	29	25	74.5	71	59.5	32	50	43	32.5	81	30	54	28	41.5	30	12	33.5	73	12	77	33	52.5	36	30.5	19	50	24	4	20	35	60.5	75	63	22.5	15.5	69.5	14	43.5	85	42	41.5	52.5	44	67.5	48	30.5	28.5	32.5	2	67	31	30.5	32.5	37	22	21	42	25	51	52.5	78.5	26.5	23	36.5	64	27.5	27.5	68	40.5	36	
82	36.5	33.5	79	80.5	66.5	38	48.5	61	69.5	59	34.5	44	65.5	35	28.5	58	85	30.5	45.5	68	33	3	65.5	41	25.5	60	93	48	81.5	49.5	92.5	76	61	63.5	65.5	57.5	65.5	47.5	55	44.5	48.5	73.5	26.5	25	69.5	22	48	61.5	46.5	47	64	71	27.5	64.5	29	0	40	89.5	86	60.5	33	65	58	37.5	76	1	51	23	36.5	45	29	28.5	68	29	88	28	67.5	21	29.5	34	65	29	33	25	50	75.5	80	78	37.5	30.5	84.5	29	58.5	80	57	56.5	47.5	59	82.5	57	25.5	26.5	47.5	31	82	46	20.5	47.5	38	19	26	57	30	64	47.5	81.5	16.5	28	51.5	61	17.5	32.5	83	35.5	39	
48	44.5	24.5	45	70.5	32.5	28	14.5	35	41.5	25	15.5	4	35.5	31	37.5	52	71	35.5	25.5	58	33	37	45.5	35	31.5	36	63	42	59.5	41.5	58.5	50	45	29.5	31.5	23.5	31.5	23.5	49	26.5	22.5	39.5	17.5	51	61.5	44	8	27.5	40.5	7	42	55	38.5	30.5	25	40	0	55.5	52	40.5	43	31	24	28.5	70	41	35	37	30.5	11	37	37.5	58	37	58	32	33.5	55	36.5	20	31	35	29	31	16	41.5	56	44	28.5	11.5	50.5	15	24.5	66	23	22.5	33.5	25	48.5	29	40.5	39.5	13.5	27	48	6	45.5	13.5	28	43	32	23	36	32	33.5	59.5	45.5	34	17.5	45	46.5	38.5	49	30.5	27	
12.5	94	74	34.5	15	37	77.5	59	54.5	46	54.5	65	59.5	50	80.5	73	37.5	29.5	85	70	37.5	72.5	86.5	50	60.5	81	55.5	27.5	47.5	34	54	3	39.5	50.5	34	36	38	46	68	44.5	69	67	24	67	94.5	34	81.5	63.5	52	51	62.5	51.5	40.5	88	35	74.5	89.5	55.5	0	16.5	55	92.5	40.5	43.5	78	25.5	90.5	60.5	72.5	61	50.5	86.5	73	37.5	86.5	27.5	67.5	38	90.5	84	69.5	40.5	84.5	78.5	80.5	45.5	16	35.5	23.5	78	61	5	64.5	39	29.5	42.5	57	62	34.5	33	58.5	80	89	58	76.5	17.5	61.5	85	58	77.5	78.5	81.5	52.5	85.5	51.5	62	34	81	83.5	62	50.5	82	88	13.5	70	76.5	
4	90.5	70.5	31	31.5	33.5	74	55.5	51	42.5	51	61.5	56	46.5	77	81.5	46	19	81.5	66.5	44	79	83	46.5	69	77.5	52	11	56	30.5	62.5	19.5	36	51	30.5	32.5	34.5	42.5	64.5	53	67.5	63.5	20.5	63.5	97	42.5	90	60	48.5	59.5	59	48	41	84.5	31.5	71	86	52	16.5	0	51.5	89	37	40	74.5	34	87	61	81	69.5	47	83	81.5	44	83	24	76	34.5	99	82.5	66	37	81	75	77	42	12.5	32	20	74.5	57.5	11.5	61	35.5	32	39	53.5	64.5	31	29.5	55	86.5	85.5	54.5	73	14	58	91.5	54.5	74	87	78	49	82	48	64.5	30.5	89.5	80	58.5	51	90.5	84.5	3	76.5	73	
47.5	71	59	40.5	40	32	42.5	44	25.5	29	35.5	50	44.5	5	49.5	38	17.5	44.5	60	35	27.5	37.5	63.5	25	25.5	66	24.5	52.5	12.5	41	19	52	35.5	20.5	29	31	17	9	37	14.5	34	38	39	52	59.5	29	46.5	46.5	33	16	47.5	23.5	30.5	57	30	59.5	60.5	40.5	55	51.5	0	67.5	30.5	28.5	47	35.5	59.5	25.5	37.5	26	35.5	53.5	38	27.5	53.5	47.5	32.5	33	55.5	49	54.5	30.5	69.5	61.5	65.5	30.5	41	39.5	43.5	57	46	50	49.5	16	39.5	27.5	38	27	24.5	42	31.5	45	56	43	61.5	47.5	46.5	50	43	42.5	43.5	66.5	37.5	70.5	28.5	27	41	46	68.5	43	20.5	47	73	48.5	35	43.5	
85	31.5	36.5	82	87.5	69.5	45	51.5	68	76.5	62	37.5	47	72.5	42	35.5	65	92	37.5	52.5	75	40	34	72.5	48	18.5	67	100	55	88.5	56.5	95.5	83	68	66.5	68.5	60.5	68.5	54.5	62	51.5	55.5	76.5	29.5	8	76.5	29	51	64.5	53.5	50	71	78	34.5	67.5	32	33	43	92.5	89	67.5	0	68	61	44.5	83	32	58	30	43.5	48	36	35.5	75	36	95	35	70.5	12	36.5	37	68	8	36	12	53	78.5	87	81	40.5	33.5	87.5	32	61.5	87	60	59.5	54.5	62	85.5	64	32.5	33.5	50.5	34	85	49	27.5	50.5	45	26	11	60	7	69	54.5	88.5	23.5	9	54.5	68	24.5	25.5	86	42.5	46	
33	69.5	49.5	30	49.5	17.5	53	34.5	30	26.5	30	40.5	35	25.5	56	52.5	27	54	60.5	45.5	37	52	62	30.5	40	56.5	31	48	27	44.5	33.5	43.5	35	14	14.5	16.5	13.5	21.5	43.5	20	46.5	42.5	24.5	42.5	74	38.5	61	39	27.5	30.5	38	11	40	63.5	15.5	50	65	31	40.5	37	30.5	68	0	19	53.5	45	66	40	52	40.5	26	62	52.5	37	62	43	47	18.5	70	61.5	45	0	60	54	56	21	26.5	41	29	53.5	36.5	35.5	40	14.5	49	18	32.5	41.5	6	33.5	34	59.5	64.5	33.5	52	33	37	64.5	33.5	53	58	57	28	61	27	41.5	44.5	60.5	59	37.5	14	61.5	63.5	34	49.5	52	
36	62.5	42.5	33	56.5	20.5	46	27.5	11	29.5	23	33.5	28	23.5	49	49.5	34	59	53.5	38.5	44	49	55	33.5	37	49.5	12	51	24	47.5	30.5	46.5	38	33	17.5	19.5	11.5	19.5	36.5	31	39.5	35.5	27.5	35.5	69	45.5	58	32	20.5	27.5	31	30	43	56.5	18.5	43	58	24	43.5	40	28.5	61	19	0	46.5	52	59	33	49	37.5	19	55	49.5	44	55	46	44	21.5	67	54.5	38	19	53	47	49	14	29.5	44	32	46.5	29.5	38.5	33	12.5	54	1	25.5	36.5	13	36.5	27	56.5	57.5	26.5	45	36	30	61.5	26.5	46	55	50	21	54	8	36.5	47.5	57.5	52	30.5	33	58.5	56.5	37	46.5	45	
70.5	48	32	67.5	67	55	24.5	37	47.5	56	47.5	13	32.5	52	26.5	9	44.5	71.5	37	32	54.5	19.5	40.5	52	27.5	39	46.5	79.5	34.5	68	36	79	62.5	47.5	52	54	46	54	34	41.5	31	35	62	25	36.5	56	23.5	36.5	50	33	35.5	50.5	57.5	34	53	32.5	37.5	28.5	78	74.5	47	44.5	53.5	46.5	0	62.5	36.5	37.5	14.5	23	33.5	30.5	9	54.5	30.5	74.5	14.5	56	32.5	26	27.5	53.5	42.5	36.5	38.5	38.5	64	66.5	66.5	34	17	73	22.5	47	66.5	45.5	45	34	47.5	69	43.5	22	33	36	34.5	70.5	34.5	27	36	24.5	20.5	39.5	45.5	43.5	50.5	34	68	23	41.5	40	47.5	24	46	71.5	22	25.5	
32	86.5	76.5	31	10.5	43.5	58	61.5	41	34.5	51	75.5	66	40.5	65	53.5	18	15	75.5	50.5	18	53	79	30.5	41	95.5	40	23	28	16.5	34.5	22.5	26	31	46.5	44.5	52.5	44.5	52.5	25	49.5	53.5	36.5	81.5	75	14.5	62	62	48.5	31.5	63	34	21	72.5	45.5	81	76	70	25.5	34	35.5	83	45	52	62.5	0	75	41	53	41.5	65	69	53.5	18	69	12	48	42.5	71	64.5	76	45	91	77	95	60	30.5	20	32	72.5	75.5	30.5	79	51.5	4	53	53.5	42.5	49	27.5	47	60.5	71.5	62.5	79	22	64	65.5	62.5	58	59	94	53	90	44	42.5	16.5	61.5	92	58.5	31	62.5	92.5	33	50.5	59	
83	35.5	34.5	80	79.5	67.5	37	49.5	60	68.5	60	35.5	45	64.5	34	27.5	57	84	29.5	44.5	67	32	4	64.5	40	26.5	59	92	47	80.5	48.5	91.5	75	60	64.5	66.5	58.5	66.5	46.5	54	43.5	47.5	74.5	27.5	24	68.5	21	49	62.5	45.5	48	63	70	26.5	65.5	30	1	41	90.5	87	59.5	32	66	59	36.5	75	0	50	22	35.5	46	28	27.5	67	28	87	27	68.5	20	28.5	35	66	30	34	26	51	76.5	79	79	36.5	31.5	85.5	30	59.5	79	58	57.5	46.5	60	81.5	56	24.5	25.5	48.5	32	83	47	19.5	48.5	37	18	27	58	31	63	46.5	80.5	15.5	29	52.5	60	16.5	33.5	84	34.5	38	
57	61.5	51.5	46	45.5	41.5	33	36.5	26	34.5	10	44.5	39	30.5	40	28.5	23	50	50.5	25.5	33	28	54	30.5	16	60.5	25	58	13	46.5	14.5	57.5	41	26	38.5	40.5	32.5	34.5	27.5	20	24.5	28.5	48.5	46.5	50	34.5	37	37	28.5	11.5	38	29	36	47.5	39.5	54	51	35	60.5	61	25.5	58	40	33	37.5	41	50	0	28	16.5	30	44	28.5	33	44	53	23	42.5	46	39.5	49	40	64	52	60	19	50.5	45	53	47.5	40.5	59.5	44	33.5	45	32	28.5	17.5	34	47.5	6	35.5	46.5	37.5	54	57	39	40.5	37.5	33	34	61	12	65	29	17.5	46.5	36.5	63	33.5	26	37.5	67.5	58	25.5	34	
85	33.5	23.5	58	57.5	55.5	15	33.5	38	46.5	38	27.5	33	42.5	12	5.5	35	62	22.5	22.5	45	10	26	42.5	18	46.5	37	70	25	58.5	26.5	69.5	53	38	58.5	56.5	54.5	46.5	24.5	32	21.5	25.5	68.5	30.5	22	46.5	9	29	40.5	23.5	30	41	48	19.5	57.5	28	23	37	72.5	81	37.5	30	52	49	14.5	53	22	28	0	13.5	42	16	5.5	45	16	65	5	54.5	18	11.5	23	52	38	24	42	47	76.5	57	69	19.5	31.5	77.5	28	53.5	57	50	35.5	24.5	58	59.5	34	7.5	18.5	34.5	26	75	31	12.5	34.5	15	6	41	40	37	41	24.5	58.5	8.5	39	30.5	38	9.5	39.5	84	12.5	16	
71.5	47	37	46.5	46	44	18.5	20	26.5	35	26.5	36	26.5	31	25.5	14	23.5	50.5	36	9	33.5	13.5	39.5	31	6.5	60	25.5	58.5	13.5	47	15	58	41.5	26.5	47	45	43	35	11	20.5	8	12	57	44	35.5	35	22.5	22.5	29	12	23.5	29.5	36.5	33	46	41.5	36.5	30.5	61	69.5	26	43.5	40.5	37.5	23	41.5	35.5	16.5	13.5	0	30.5	29.5	14	33.5	29.5	53.5	8.5	43	31.5	25	36.5	40.5	51.5	37.5	55.5	35.5	65	45.5	57.5	33	40	66	41.5	42	45.5	38.5	24	13	46.5	48	22.5	21	32	21	39.5	63.5	24.5	26	21	18.5	19.5	54.5	28.5	50.5	29.5	13	47	22	52.5	17	26.5	23	53	72.5	11	19.5	
43	49.5	29.5	40	65.5	27.5	33	14.5	30	36.5	20	20.5	15	30.5	36	42.5	47	66	40.5	25.5	53	38	42	40.5	24	36.5	31	58	37	54.5	36.5	53.5	45	40	24.5	26.5	18.5	26.5	23.5	44	26.5	22.5	34.5	22.5	56	56.5	49	19	22.5	35.5	18	37	50	43.5	25.5	30	45	11	50.5	47	35.5	48	26	19	33.5	65	46	30	42	30.5	0	42	42.5	53	42	53	37	28.5	60	41.5	25	26	40	34	36	11	36.5	51	39	33.5	16.5	45.5	20	19.5	61	18	17.5	28.5	20	43.5	24	45.5	44.5	13.5	32	43	17	50.5	13.5	33	48	37	18	41	27	28.5	54.5	50.5	39	17.5	40	51.5	43.5	44	35.5	32	
79	39.5	30.5	74	73.5	63.5	31	45.5	54	62.5	54	31.5	41	58.5	28	21.5	51	78	28.5	38.5	61	26	32	58.5	34	32.5	53	86	41	74.5	42.5	85.5	69	54	60.5	62.5	54.5	62.5	40.5	48	37.5	41.5	70.5	23.5	28	62.5	7	45	56.5	39.5	44	57	64	25.5	61.5	12	29	37	86.5	83	53.5	36	62	55	30.5	69	28	44	16	29.5	42	0	21.5	61	0	81	21	64.5	24	22.5	31	62	36	8	32	47	72.5	73	75	30.5	27.5	81.5	26	55.5	73	54	51.5	40.5	56	75.5	50	18.5	24.5	44.5	10	79	43	18.5	44.5	31	10	33	54	37	57	40.5	74.5	14.5	35	46.5	54	15.5	39.5	80	28.5	32	
79.5	39	29	58.5	58	56	15.5	34	38.5	47	38.5	22	33.5	43	17.5	0	35.5	62.5	28	23	45.5	10.5	31.5	43	18.5	48	37.5	70.5	25.5	59	27	70	53.5	38.5	59	57	55	47	25	32.5	22	26	69	34	27.5	47	14.5	29.5	41	24	30.5	41.5	48.5	25	58	33.5	28.5	37.5	73	81.5	38	35.5	52.5	49.5	9	53.5	27.5	28.5	5.5	14	42.5	21.5	0	45.5	21.5	65.5	5.5	55	23.5	17	28.5	52.5	43.5	29.5	47.5	47.5	73	57.5	69.5	25	26	78	31.5	54	57.5	50.5	36	25	56.5	60	34.5	13	24	35	31.5	75.5	31.5	18	35	15.5	11.5	46.5	40.5	42.5	41.5	25	59	14	44.5	31	38.5	15	45	80.5	13	16.5	
40	78.5	68.5	13	22.5	35.5	50	53.5	33	26.5	43	67.5	58	32.5	57	45.5	10	27	67.5	42.5	0	45	71	22.5	33	83.5	32	35	20	23.5	26.5	34.5	8	23	36.5	36.5	40.5	36.5	44.5	17	41.5	45.5	31.5	69.5	67	11.5	54	54	40.5	23.5	55	26	3	64.5	37.5	73	68	58	37.5	44	27.5	75	37	44	54.5	18	67	33	45	33.5	53	61	45.5	0	61	30	40	34.5	63	56.5	68	37	83	69	83	48	33.5	22	34	64.5	63.5	42.5	67	41.5	22	45	45.5	34.5	37	24.5	39	52.5	63.5	54.5	71	40	56	57.5	54.5	50	51	84	45	82	36	34.5	23.5	53.5	84	50.5	23	54.5	84.5	41	42.5	51	
79	39.5	30.5	74	73.5	63.5	31	45.5	54	62.5	54	31.5	41	58.5	28	21.5	51	78	28.5	38.5	61	26	32	58.5	34	32.5	53	86	41	74.5	42.5	85.5	69	54	60.5	62.5	54.5	62.5	40.5	48	37.5	41.5	70.5	23.5	28	62.5	7	45	56.5	39.5	44	57	64	25.5	61.5	12	29	37	86.5	83	53.5	36	62	55	30.5	69	28	44	16	29.5	42	0	21.5	61	0	81	21	64.5	24	22.5	31	62	36	8	32	47	72.5	73	75	30.5	27.5	81.5	26	55.5	73	54	51.5	40.5	56	75.5	50	18.5	24.5	44.5	10	79	43	18.5	44.5	31	10	33	54	37	57	40.5	74.5	14.5	35	46.5	54	15.5	39.5	80	28.5	32	
20	96.5	76.5	37	22.5	39.5	70	61.5	53	46.5	57	67.5	62	52.5	77	65.5	30	27	87.5	62.5	30	65	89	42.5	53	83.5	52	35	40	28.5	46.5	30.5	38	43	36.5	38.5	40.5	48.5	64.5	37	61.5	65.5	26.5	69.5	87	26.5	74	66	54.5	43.5	65	46	33	84.5	37.5	77	88	58	27.5	24	47.5	95	43	46	74.5	12	87	53	65	53.5	53	81	65.5	30	81	0	60	40.5	83	76.5	72	43	87	81	83	48	18.5	32	26	80.5	63.5	22.5	67	41.5	8	45	59.5	54.5	37	35.5	59	72.5	83.5	60.5	79	10	64	77.5	60.5	70	71	84	55	88	54	54.5	28.5	73.5	86	64.5	43	74.5	90.5	21	62.5	71	
80	38.5	28.5	53	52.5	50.5	10	28.5	33	41.5	33	27.5	28	37.5	17	5.5	30	57	27.5	17.5	40	5	31	37.5	13	51.5	32	65	20	53.5	21.5	64.5	48	33	53.5	51.5	49.5	41.5	19.5	27	16.5	20.5	63.5	35.5	27	41.5	14	24	35.5	18.5	25	36	43	24.5	52.5	33	28	32	67.5	76	32.5	35	47	44	14.5	48	27	23	5	8.5	37	21	5.5	40	21	60	0	49.5	23	16.5	28	47	43	29	47	42	71.5	52	64	24.5	31.5	72.5	33	48.5	52	45	30.5	19.5	53	54.5	29	12.5	23.5	29.5	31	70	26	17.5	29.5	10	11	46	35	42	36	19.5	53.5	13.5	44	25.5	33	14.5	44.5	79	7.5	11	
30.5	72	52	27.5	47	1	55.5	37	32.5	8	32.5	43	37.5	28	58.5	55	24.5	51.5	63	48	34.5	54.5	64.5	12	42.5	59	33.5	45.5	29.5	42	36	41	32.5	32.5	4	2	16	24	46	26.5	49	45	22	45	76.5	36	63.5	41.5	30	33	40.5	29.5	37.5	66	3	52.5	67.5	33.5	38	34.5	33	70.5	18.5	21.5	56	42.5	68.5	42.5	54.5	43	28.5	64.5	55	34.5	64.5	40.5	49.5	0	72.5	64	47.5	18.5	62.5	56.5	58.5	23.5	24	38.5	26.5	56	39	33	42.5	17	46.5	20.5	35	44	12.5	31	36.5	62	67	36	54.5	30.5	39.5	67	36	55.5	60.5	59.5	30.5	63.5	29.5	44	42	63	61.5	40	32.5	64	66	31.5	52	54.5	
97	21.5	36.5	76	75.5	73.5	33	51.5	56	64.5	56	45.5	51	60.5	30	23.5	53	80	25.5	40.5	63	28	24	60.5	36	30.5	55	88	43	76.5	44.5	87.5	71	56	76.5	74.5	72.5	64.5	42.5	50	39.5	43.5	86.5	41.5	4	64.5	17	47	58.5	41.5	48	59	66	22.5	75.5	36	21	55	90.5	99	55.5	12	70	67	32.5	71	20	46	18	31.5	60	24	23.5	63	24	83	23	72.5	0	24.5	41	70	20	32	24	65	90.5	75	87	32.5	45.5	95.5	44	71.5	75	68	53.5	42.5	74	77.5	52	20.5	21.5	52.5	34	93	49	15.5	52.5	33	14	23	58	19	59	42.5	76.5	11.5	21	48.5	56	12.5	27.5	98	30.5	34	
78.5	40	12	69.5	69	63	26.5	45	49.5	58	49.5	31	40.5	54	23.5	17	46.5	73.5	29	34	56.5	21.5	32.5	54	29.5	37	48.5	81.5	36.5	70	38	81	64.5	49.5	60	62	54	58	36	43.5	33	37	70	19	28.5	58	15.5	40.5	52	35	41.5	52.5	59.5	26	61	30.5	29.5	36.5	84	82.5	49	36.5	61.5	54.5	26	64.5	28.5	39.5	11.5	25	41.5	22.5	17	56.5	22.5	76.5	16.5	64	24.5	0	30.5	61.5	40.5	30.5	36.5	46.5	72	68.5	74.5	8	27	81	25.5	55	68.5	53.5	47	36	55.5	71	45.5	4	25	44	32.5	78.5	42.5	19	44	26.5	12.5	37.5	51.5	41.5	52.5	36	70	15	39.5	42	49.5	16	44	79.5	24	27.5	
62	38.5	18.5	59	80.5	46.5	32	28.5	49	55.5	39	14.5	24	49.5	11	28.5	58	85	29.5	39.5	68	33	31	59.5	41	25.5	50	77	48	73.5	49.5	72.5	64	59	43.5	45.5	37.5	45.5	37.5	55	40.5	36.5	53.5	11.5	45	69.5	32	28	41.5	46.5	27	56	69	32.5	44.5	19	34	20	69.5	66	54.5	37	45	38	27.5	76	35	49	23	36.5	25	31	28.5	68	31	72	28	47.5	41	30.5	0	45	29	23	25	30	55.5	70	58	22.5	10.5	64.5	5	38.5	80	37	36.5	47.5	39	62.5	43	30.5	33.5	27.5	21	62	26	35.5	27.5	32	29	26	37	30	46	47.5	73.5	31.5	28	31.5	59	32.5	32.5	63	35.5	31	
33	69.5	49.5	30	49.5	17.5	53	34.5	30	26.5	30	40.5	35	25.5	56	52.5	27	54	60.5	45.5	37	52	62	30.5	40	56.5	31	48	27	44.5	33.5	43.5	35	14	14.5	16.5	13.5	21.5	43.5	20	46.5	42.5	24.5	42.5	74	38.5	61	39	27.5	30.5	38	11	40	63.5	15.5	50	65	31	40.5	37	30.5	68	0	19	53.5	45	66	40	52	40.5	26	62	52.5	37	62	43	47	18.5	70	61.5	45	0	60	54	56	21	26.5	41	29	53.5	36.5	35.5	40	14.5	49	18	32.5	41.5	6	33.5	34	59.5	64.5	33.5	52	33	37	64.5	33.5	53	58	57	28	61	27	41.5	44.5	60.5	59	37.5	14	61.5	63.5	34	49.5	52	
77	23.5	28.5	74	95.5	61.5	47	43.5	64	70.5	54	29.5	39	64.5	40	43.5	73	100	29.5	54.5	83	48	26	74.5	56	10.5	65	92	63	88.5	64.5	87.5	79	74	58.5	60.5	52.5	60.5	52.5	70	55.5	51.5	68.5	21.5	16	84.5	37	43	56.5	61.5	42	71	84	32.5	59.5	24	29	35	84.5	81	69.5	8	60	53	42.5	91	30	64	38	51.5	40	36	43.5	83	36	87	43	62.5	20	40.5	29	60	0	28	4	45	70.5	85	73	32.5	25.5	79.5	24	53.5	95	52	51.5	62.5	54	77.5	58	40.5	33.5	42.5	26	77	41	35.5	42.5	47	34	3	52	1	61	62.5	88.5	31.5	1	46.5	74	32.5	17.5	78	50.5	46	
71	37.5	22.5	68	81.5	55.5	39	37.5	58	64.5	48	23.5	33	58.5	34	29.5	59	86	28.5	46.5	69	34	30	66.5	42	24.5	59	86	49	82.5	50.5	81.5	73	62	52.5	54.5	46.5	54.5	46.5	56	45.5	45.5	62.5	15.5	36	70.5	15	37	50.5	47.5	36	65	72	31.5	53.5	4	33	29	78.5	75	61.5	36	54	47	36.5	77	34	52	24	37.5	34	8	29.5	69	8	81	29	56.5	32	30.5	23	54	28	0	24	39	64.5	79	67	26.5	19.5	73.5	18	47.5	81	46	45.5	48.5	48	71.5	52	26.5	32.5	36.5	2	71	35	26.5	36.5	39	18	25	46	29	55	48.5	82.5	22.5	27	40.5	62	23.5	31.5	72	36.5	40	
73	19.5	24.5	70	95.5	57.5	43	39.5	60	66.5	50	25.5	35	60.5	36	47.5	77	96	25.5	50.5	83	48	22	70.5	60	6.5	61	88	67	84.5	66.5	83.5	75	70	54.5	56.5	48.5	56.5	48.5	74	51.5	47.5	64.5	17.5	20	86.5	39	39	52.5	65.5	38	67	80	28.5	55.5	20	25	31	80.5	77	65.5	12	56	49	38.5	95	26	60	42	55.5	36	32	47.5	83	32	83	47	58.5	24	36.5	25	56	4	24	0	41	66.5	81	69	28.5	21.5	75.5	20	49.5	91	48	47.5	58.5	50	73.5	54	40.5	29.5	38.5	22	73	37	35.5	38.5	43	38	1	48	5	57	58.5	84.5	35.5	3	42.5	70	36.5	13.5	74	50.5	42	
38	54.5	34.5	35	60.5	22.5	38	19.5	25	31.5	9	25.5	20	25.5	41	47.5	42	61	45.5	30.5	48	43	47	35.5	35	41.5	26	53	32	49.5	31.5	48.5	40	35	19.5	21.5	13.5	21.5	28.5	39	31.5	27.5	29.5	27.5	61	51.5	54	24	17.5	30.5	23	32	45	48.5	20.5	35	50	16	45.5	42	30.5	53	21	14	38.5	60	51	19	47	35.5	11	47	47.5	48	47	48	42	23.5	65	46.5	30	21	45	39	41	0	31.5	46	34	38.5	21.5	40.5	25	14.5	56	13	17.5	28.5	15	38.5	13	50.5	49.5	18.5	37	38	22	55.5	18.5	38	53	42	7	46	22	28.5	49.5	55.5	44	22.5	35	56.5	48.5	39	40.5	37	
8.5	80	60	20.5	31	23	63.5	45	40.5	32	40.5	51	45.5	36	66.5	73	41.5	31.5	71	56	33.5	68.5	72.5	36	60.5	67	41.5	23.5	51.5	18	52	19	25.5	40.5	20	22	24	32	54	46.5	57	53	10	53	86.5	32	79.5	49.5	38	55	48.5	37.5	30.5	74	21	60.5	75.5	41.5	16	12.5	41	78.5	26.5	29.5	64	30.5	76.5	50.5	76.5	65	36.5	72.5	73	33.5	72.5	18.5	71.5	24	90.5	72	55.5	26.5	70.5	64.5	66.5	31.5	0	21.5	9.5	64	47	11	50.5	25	26.5	28.5	43	54	20.5	19	44.5	76	75	44	62.5	8.5	47.5	81	44	63.5	82.5	67.5	38.5	71.5	37.5	54	18	85	69.5	48	40.5	84	74	9.5	66	62.5	
28	90.5	74.5	35	24.5	37.5	62	59.5	45	38.5	55	65.5	60	44.5	69	57.5	22	29	79.5	54.5	22	57	83	34.5	45	81.5	44	37	32	25.5	38.5	36.5	30	35	34.5	36.5	38.5	46.5	56.5	29	53.5	57.5	24.5	67.5	79	18.5	66	64	52.5	35.5	63	38	25	76.5	35.5	75	80	56	35.5	32	39.5	87	41	44	66.5	20	79	45	57	45.5	51	73	57.5	22	73	32	52	38.5	75	68.5	70	41	85	79	81	46	21.5	0	12	76.5	61.5	30.5	65	39.5	24	43	57.5	46.5	35	31.5	51	64.5	75.5	58.5	77	28	62	69.5	58.5	62	63	82	53	86	48	46.5	25.5	65.5	84	62.5	35	66.5	88.5	29	54.5	63	
16	82.5	62.5	23	36.5	25.5	66	47.5	43	34.5	43	53.5	48	38.5	69	69.5	34	39	73.5	58.5	34	69	75	38.5	57	69.5	44	31	44	27.5	50.5	26.5	28	43	22.5	24.5	26.5	34.5	56.5	41	59.5	55.5	12.5	55.5	89	30.5	78	52	40.5	47.5	51	40	33	76.5	23.5	63	78	44	23.5	20	43.5	81	29	32	66.5	32	79	53	69	57.5	39	75	69.5	34	75	26	64	26.5	87	74.5	58	29	73	67	69	34	9.5	12	0	66.5	49.5	18.5	53	27.5	34	31	45.5	56.5	23	21.5	47	76.5	77.5	46.5	65	16	50	81.5	46.5	66	75	70	41	74	40	56.5	27.5	77.5	72	50.5	43	78.5	76.5	17	66.5	65	
70.5	42	4	67.5	77	55	34.5	37	57.5	64	47.5	23	32.5	58	31.5	25	54.5	81.5	33	42	64.5	29.5	34.5	62	37.5	29	56.5	85.5	44.5	78	46	81	72.5	57.5	52	54	46	54	44	51.5	41	45	62	11	36.5	66	23.5	36.5	50	43	35.5	60.5	67.5	34	53	22.5	37.5	28.5	78	74.5	57	40.5	53.5	46.5	34	72.5	36.5	47.5	19.5	33	33.5	30.5	25	64.5	30.5	80.5	24.5	56	32.5	8	22.5	53.5	32.5	26.5	28.5	38.5	64	76.5	66.5	0	19	73	17.5	47	76.5	45.5	45	44	47.5	71	51.5	12	33	36	24.5	70.5	34.5	27	36	34.5	20.5	29.5	45.5	33.5	54.5	44	78	23	31.5	40	57.5	24	36	71.5	32	35.5	
53.5	35	15	50.5	76	38	23.5	20	40.5	47	30.5	4	15.5	41	21.5	26	61.5	76.5	26	31	63.5	28.5	27.5	51	40.5	22	41.5	68.5	51.5	65	47	64	55.5	50.5	35	37	29	37	29	56.5	32	28	45	8	41.5	67	34.5	19.5	33	50	18.5	47.5	60.5	29	36	15.5	30.5	11.5	61	57.5	46	33.5	36.5	29.5	17	75.5	31.5	40.5	31.5	40	16.5	27.5	26	63.5	27.5	63.5	31.5	39	45.5	27	10.5	36.5	25.5	19.5	21.5	21.5	47	61.5	49.5	19	0	56	5.5	30	71.5	28.5	28	39	30.5	54	34.5	31	30	19	17.5	53.5	17.5	36	19	23.5	37.5	22.5	28.5	26.5	37.5	39	65	40	24.5	23	50.5	39	29	54.5	31	22.5	
7.5	89	69	29.5	20	32	72.5	54	49.5	41	49.5	60	54.5	45	75.5	78	42.5	30.5	80	65	42.5	77.5	81.5	45	65.5	76	50.5	22.5	52.5	29	59	8	34.5	49.5	29	31	33	41	63	49.5	66	62	19	62	95.5	39	86.5	58.5	47	56	57.5	46.5	39.5	83	30	69.5	84.5	50.5	5	11.5	50	87.5	35.5	38.5	73	30.5	85.5	59.5	77.5	66	45.5	81.5	78	42.5	81.5	22.5	72.5	33	95.5	81	64.5	35.5	79.5	73.5	75.5	40.5	11	30.5	18.5	73	56	0	59.5	34	30.5	37.5	52	63	29.5	28	53.5	85	84	53	71.5	12.5	56.5	90	53	72.5	83.5	76.5	47.5	80.5	46.5	63	29	86	78.5	57	49.5	87	83	8.5	75	71.5	
57	33.5	13.5	54	79.5	41.5	27	23.5	44	50.5	34	9.5	19	44.5	16	31.5	63	80	24.5	34.5	67	32	26	54.5	44	20.5	45	72	53	68.5	50.5	67.5	59	54	38.5	40.5	32.5	40.5	32.5	60	35.5	31.5	48.5	6.5	40	70.5	33	23	36.5	51.5	22	51	64	27.5	39.5	14	29	15	64.5	61	49.5	32	40	33	22.5	79	30	44	28	41.5	20	26	31.5	67	26	67	33	42.5	44	25.5	5	40	24	18	20	25	50.5	65	53	17.5	5.5	59.5	0	33.5	75	32	31.5	42.5	34	57.5	38	29.5	28.5	22.5	16	57	21	34.5	22.5	27	34	21	32	25	41	42.5	68.5	36.5	23	26.5	54	37.5	27.5	58	34.5	26	
31.5	63	43	28.5	54	16	46.5	28	23.5	25	23.5	34	28.5	11	49.5	54	33.5	54.5	54	39	41.5	51.5	55.5	29	41.5	50	24.5	46.5	28.5	43	35	42	33.5	28.5	13	15	1	7	37	30.5	40	36	23	36	69.5	45	62.5	32.5	21	32	31.5	25.5	38.5	57	14	43.5	58.5	24.5	39	35.5	16	61.5	14.5	12.5	47	51.5	59.5	33.5	53.5	42	19.5	55.5	54	41.5	55.5	41.5	48.5	17	71.5	55	38.5	14.5	53.5	47.5	49.5	14.5	25	39.5	27.5	47	30	34	33.5	0	49.5	11.5	26	37	8.5	32	27.5	59	58	27	45.5	31.5	30.5	64	27	46.5	59.5	50.5	21.5	54.5	20.5	37	43	62	52.5	31	28.5	63	57	32.5	49	45.5	
28	90.5	80.5	35	14.5	47.5	62	65.5	45	38.5	55	75.5	70	44.5	69	57.5	22	19	79.5	54.5	22	57	83	34.5	45	91.5	44	27	32	20.5	38.5	26.5	30	35	44.5	46.5	48.5	48.5	56.5	29	53.5	57.5	34.5	77.5	79	18.5	66	66	52.5	35.5	67	38	25	76.5	45.5	85	80	66	29.5	32	39.5	87	49	54	66.5	4	79	45	57	45.5	61	73	57.5	22	73	8	52	46.5	75	68.5	80	49	95	81	91	56	26.5	24	34	76.5	71.5	30.5	75	49.5	0	53	57.5	46.5	45	31.5	51	64.5	75.5	66.5	83	18	68	69.5	66.5	62	63	92	57	94	48	46.5	20.5	65.5	94	62.5	35	66.5	96.5	29	54.5	63	
35	61.5	41.5	32	57.5	19.5	45	26.5	12	28.5	22	32.5	27	22.5	48	50.5	35	58	52.5	37.5	45	50	54	32.5	38	48.5	13	50	25	46.5	31.5	45.5	37	32	16.5	18.5	10.5	18.5	35.5	32	38.5	34.5	26.5	34.5	68	46.5	59	31	19.5	28.5	30	29	42	55.5	17.5	42	57	23	42.5	39	27.5	60	18	1	45.5	53	58	32	50	38.5	18	54	50.5	45	54	45	45	20.5	68	53.5	37	18	52	46	48	13	28.5	43	31	45.5	28.5	37.5	32	11.5	53	0	24.5	35.5	12	35.5	26	57.5	56.5	25.5	44	35	29	62.5	25.5	45	56	49	20	53	9	35.5	46.5	58.5	51	29.5	32	59.5	55.5	36	47.5	44	
49.5	61	41	46.5	58	34	40.5	26	36.5	43	26.5	32	26.5	37	47.5	36	35.5	62.5	52	33	45.5	35.5	53.5	43	23.5	48	37.5	64.5	25.5	59	27	60	51.5	38.5	31	33	25	33	35	32.5	32	34	41	34	57.5	47	44.5	30.5	29	24	29.5	41.5	48.5	55	32	41.5	56.5	22.5	57	53.5	38	59.5	32.5	25.5	45	53.5	57.5	28.5	35.5	24	17.5	51.5	36	45.5	51.5	59.5	30.5	35	53.5	47	36.5	32.5	51.5	45.5	47.5	17.5	43	57.5	45.5	45	28	52	31.5	26	57.5	24.5	0	11	26.5	50	30.5	43	54	25	43.5	49.5	28.5	48	25	40.5	41.5	48.5	24.5	52.5	33.5	11	59	44	50.5	29	38.5	45	55	50.5	33	41.5	
60.5	58	48	47.5	47	45	29.5	33	27.5	36	27.5	43	37.5	32	36.5	25	24.5	51.5	47	22	34.5	24.5	50.5	32	12.5	59	26.5	59.5	14.5	48	16	59	42.5	27.5	42	44	36	36	24	21.5	21	25	52	45	46.5	36	33.5	33.5	30	13	34.5	30.5	37.5	44	43	52.5	47.5	33.5	62	64.5	27	54.5	41.5	36.5	34	42.5	46.5	17.5	24.5	13	28.5	40.5	25	34.5	40.5	54.5	19.5	44	42.5	36	47.5	41.5	62.5	48.5	58.5	28.5	54	46.5	56.5	44	39	63	42.5	37	46.5	35.5	11	0	37.5	49	23.5	32	43	34	50.5	60.5	35.5	37	34	29.5	30.5	59.5	29.5	61.5	30.5	0	48	33	61.5	30	27.5	34	64	61.5	22	30.5	
27	63.5	43.5	24	49.5	11.5	47	28.5	24	20.5	24	34.5	29	19.5	50	56.5	33	50	54.5	39.5	37	52	56	24.5	44	50.5	25	42	33	38.5	35.5	37.5	29	20	8.5	10.5	7.5	15.5	37.5	26	40.5	36.5	18.5	36.5	70	40.5	63	33	21.5	36.5	32	17	34	57.5	9.5	44	59	25	34.5	31	24.5	62	6	13	47.5	49	60	34	58	46.5	20	56	56.5	37	56	37	53	12.5	74	55.5	39	6	54	48	50	15	20.5	35	23	47.5	30.5	29.5	34	8.5	45	12	26.5	37.5	0	27.5	28	59.5	58.5	27.5	46	27	31	64.5	27.5	47	64	51	22	55	21	37.5	38.5	66.5	53	31.5	20	67.5	57.5	28	49.5	46	
25.5	87	67	27.5	32	30	64.5	52	47.5	39	47.5	58	52.5	43	71.5	60	24.5	36.5	78	57	24.5	59.5	79.5	37	47.5	74	46.5	40.5	34.5	33	41	36	32.5	37.5	27	29	31	39	59	31.5	56	60	9	60	81.5	13	68.5	56.5	45	38	55.5	40.5	27.5	79	28	67.5	82.5	48.5	33	29.5	42	85.5	33.5	36.5	69	27.5	81.5	47.5	59.5	48	43.5	75.5	60	24.5	75.5	35.5	54.5	31	77.5	71	62.5	33.5	77.5	71.5	73.5	38.5	19	31.5	21.5	71	54	28	57.5	32	31.5	35.5	50	49	27.5	0	51.5	67	78	51	69.5	25.5	54.5	72	51	64.5	65.5	74.5	45.5	78.5	44.5	49	33	68	76.5	55	37.5	69	81	26.5	57	65.5	
51	67.5	47.5	48	51.5	35.5	39	32.5	32	40.5	4	38.5	33	36.5	46	34.5	29	56	56.5	31.5	39	34	60	36.5	22	54.5	31	64	19	52.5	20.5	61.5	47	32	32.5	34.5	26.5	34.5	33.5	26	30.5	34.5	42.5	40.5	56	40.5	43	37	30.5	17.5	36	35	42	53.5	33.5	48	57	29	58.5	55	31.5	64	34	27	43.5	47	56	6	34	22.5	24	50	34.5	39	50	59	29	36.5	52	45.5	43	34	58	52	54	13	44.5	51	47	51.5	34.5	53.5	38	27.5	51	26	30.5	23.5	28	51.5	0	41.5	52.5	31.5	50	51	35	46.5	31.5	39	40	55	6	59	35	23.5	52.5	42.5	57	35.5	32	43.5	61.5	52	31.5	40	
82.5	36	16	65.5	65	63	22.5	41	45.5	54	45.5	35	40.5	50	19.5	13	42.5	69.5	25	30	52.5	17.5	28.5	50	25.5	41	44.5	77.5	32.5	66	34	77	60.5	45.5	64	64	58	54	32	39.5	29	33	74	23	24.5	54	11.5	36.5	48	31	37.5	48.5	55.5	22	65	30.5	25.5	40.5	80	86.5	45	32.5	59.5	56.5	22	60.5	24.5	35.5	7.5	21	45.5	18.5	13	52.5	18.5	72.5	12.5	62	20.5	4	30.5	59.5	40.5	26.5	40.5	50.5	76	64.5	76.5	12	31	85	29.5	59	64.5	57.5	43	32	59.5	67	41.5	0	21	42	28.5	82.5	38.5	15	42	22.5	8.5	41.5	47.5	39.5	48.5	32	66	11	41.5	38	45.5	12	42	83.5	20	23.5	
81.5	37	33	76.5	76	66	33.5	48	56.5	65	56.5	34	43.5	61	30.5	24	53.5	80.5	4	41	63.5	28.5	29.5	61	36.5	30	55.5	88.5	43.5	77	45	88	71.5	56.5	63	65	57	65	43	50.5	40	44	73	26	25.5	65	17.5	47.5	59	42	46.5	59.5	66.5	1	64	28.5	26.5	39.5	89	85.5	56	33.5	64.5	57.5	33	71.5	25.5	46.5	18.5	32	44.5	24.5	24	63.5	24.5	83.5	23.5	67	21.5	25	33.5	64.5	33.5	32.5	29.5	49.5	75	75.5	77.5	33	30	84	28.5	58	75.5	56.5	54	43	58.5	78	52.5	21	0	47	30.5	81.5	45.5	6	47	33.5	14.5	30.5	56.5	34.5	59.5	43	77	10	32.5	49	56.5	9	37	82.5	31	34.5	
50.5	52	32	47.5	67	35	35.5	1	37.5	44	27.5	23	17.5	38	38.5	35	44.5	71.5	43	12	54.5	34.5	44.5	48	27.5	39	38.5	65.5	34.5	62	36	61	52.5	47.5	32	34	26	34	10	41.5	13	9	42	25	56.5	56	43.5	21.5	30	33	20.5	44.5	57.5	46	33	32.5	47.5	13.5	58	54.5	43	50.5	33.5	26.5	36	62.5	48.5	37.5	34.5	21	13.5	44.5	35	54.5	44.5	60.5	29.5	36	52.5	44	27.5	33.5	42.5	36.5	38.5	18.5	44	58.5	46.5	36	19	53	22.5	27	66.5	25.5	25	34	27.5	51	31.5	42	47	0	34.5	50.5	19.5	47	0	35.5	40.5	39.5	25.5	43.5	34.5	34	62	43	41.5	4	47.5	44	46	51.5	32	34.5	
69	35.5	20.5	66	83.5	53.5	39	35.5	56	62.5	46	21.5	31	56.5	32	31.5	61	88	26.5	46.5	71	36	28	66.5	44	22.5	57	84	51	80.5	52.5	79.5	71	64	50.5	52.5	44.5	52.5	44.5	58	47.5	43.5	60.5	13.5	38	72.5	17	35	48.5	49.5	34	63	74	29.5	51.5	2	31	27	76.5	73	61.5	34	52	45	34.5	79	32	54	26	39.5	32	10	31.5	71	10	79	31	54.5	34	32.5	21	52	26	2	22	37	62.5	77	65	24.5	17.5	71.5	16	45.5	83	44	43.5	50.5	46	69.5	50	28.5	30.5	34.5	0	69	33	28.5	34.5	39	20	23	44	27	53	50.5	80.5	24.5	25	38.5	64	25.5	29.5	70	38.5	38	
10	86.5	66.5	27	32.5	29.5	70	51.5	47	38.5	47	57.5	52	42.5	73	75.5	40	33	77.5	62.5	40	75	79	42.5	63	73.5	48	25	50	26.5	56.5	20.5	32	47	26.5	28.5	30.5	38.5	60.5	47	63.5	59.5	16.5	59.5	93	36.5	84	56	44.5	53.5	55	44	37	80.5	27.5	67	82	48	17.5	14	47.5	85	33	36	70.5	22	83	57	75	63.5	43	79	75.5	40	79	10	70	30.5	93	78.5	62	33	77	71	73	38	8.5	28	16	70.5	53.5	12.5	57	31.5	18	35	49.5	60.5	27	25.5	51	82.5	81.5	50.5	69	0	54	87.5	50.5	70	81	74	45	78	44	60.5	26.5	83.5	76	54.5	47	84.5	80.5	11	72.5	69	
54	50.5	30.5	51	68.5	38.5	34	20.5	41	47.5	31	21.5	2	41.5	37	31.5	46	73	41.5	31.5	56	31	43	51.5	29	37.5	42	69	36	65.5	37.5	64.5	56	49	35.5	37.5	29.5	37.5	29.5	43	32.5	28.5	45.5	23.5	53	57.5	40	2	33.5	34.5	1	48	59	44.5	36.5	31	46	6	61.5	58	46.5	49	37	30	34.5	64	47	39	31	24.5	17	43	31.5	56	43	64	26	39.5	49	42.5	26	37	41	35	37	22	47.5	62	50	34.5	17.5	56.5	21	30.5	68	29	28.5	35.5	31	54.5	35	38.5	45.5	19.5	33	54	0	43.5	19.5	34	37	38	29	42	38	35.5	65.5	39.5	40	23.5	49	40.5	44.5	55	28.5	33	
87.5	31	31	70.5	70	68	27.5	46	50.5	59	50.5	40	45.5	55	24.5	18	47.5	74.5	10	35	57.5	22.5	23.5	55	30.5	36	49.5	82.5	37.5	71	39	82	65.5	50.5	69	69	63	59	37	44.5	34	38	79	32	19.5	59	11.5	41.5	53	36	42.5	53.5	60.5	7	70	30.5	20.5	45.5	85	91.5	50	27.5	64.5	61.5	27	65.5	19.5	40.5	12.5	26	50.5	18.5	18	57.5	18.5	77.5	17.5	67	15.5	19	35.5	64.5	35.5	26.5	35.5	55.5	81	69.5	81.5	27	36	90	34.5	64	69.5	62.5	48	37	64.5	72	46.5	15	6	47	28.5	87.5	43.5	0	47	27.5	8.5	36.5	52.5	34.5	53.5	37	71	4	36.5	43	50.5	3	37	88.5	25	28.5	
50.5	52	32	47.5	67	35	35.5	1	37.5	44	27.5	23	17.5	38	38.5	35	44.5	71.5	43	12	54.5	34.5	44.5	48	27.5	39	38.5	65.5	34.5	62	36	61	52.5	47.5	32	34	26	34	10	41.5	13	9	42	25	56.5	56	43.5	21.5	30	33	20.5	44.5	57.5	46	33	32.5	47.5	13.5	58	54.5	43	50.5	33.5	26.5	36	62.5	48.5	37.5	34.5	21	13.5	44.5	35	54.5	44.5	60.5	29.5	36	52.5	44	27.5	33.5	42.5	36.5	38.5	18.5	44	58.5	46.5	36	19	53	22.5	27	66.5	25.5	25	34	27.5	51	31.5	42	47	0	34.5	50.5	19.5	47	0	35.5	40.5	39.5	25.5	43.5	34.5	34	62	43	41.5	4	47.5	44	46	51.5	32	34.5	
70	48.5	36.5	63	62.5	54.5	0	36.5	43	51.5	43	27.5	32	47.5	27	15.5	40	67	37.5	27.5	50	5	41	47.5	23	43.5	42	75	30	63.5	31.5	74.5	58	43	51.5	53.5	45.5	51.5	29.5	37	26.5	30.5	61.5	29.5	37	51.5	24	34	45.5	28.5	35	46	53	34.5	52.5	37	38	28	77.5	74	42.5	45	53	46	24.5	58	37	33	15	18.5	33	31	15.5	50	31	70	10	55.5	33	26.5	32	53	47	39	43	38	63.5	62	66	34.5	23.5	72.5	27	46.5	62	45	40.5	29.5	47	64.5	39	22.5	33.5	35.5	39	70	34	27.5	35.5	0	21	44	45	48	46	29.5	63.5	23.5	46	35.5	43	24.5	50.5	71	17.5	1	
89	29.5	24.5	64	63.5	61.5	21	39.5	44	52.5	44	33.5	39	48.5	18	11.5	41	68	18.5	28.5	51	16	22	48.5	24	42.5	43	76	31	64.5	32.5	75.5	59	44	64.5	62.5	60.5	52.5	30.5	38	27.5	31.5	74.5	31.5	18	52.5	3	35	46.5	29.5	36	47	54	15.5	63.5	22	19	43	78.5	87	43.5	26	58	55	20.5	59	18	34	6	19.5	48	10	11.5	51	10	71	11	60.5	14	12.5	29	58	34	18	38	53	82.5	63	75	20.5	37.5	83.5	34	59.5	63	56	41.5	30.5	64	65.5	40	8.5	14.5	40.5	20	81	37	8.5	40.5	21	0	37	46	33	47	30.5	64.5	4.5	35	36.5	44	5.5	35.5	90	18.5	22	
74	20.5	25.5	71	96.5	58.5	44	40.5	61	67.5	51	26.5	36	61.5	37	46.5	76	97	26.5	51.5	84	49	23	71.5	59	7.5	62	89	66	85.5	67.5	84.5	76	71	55.5	57.5	49.5	57.5	49.5	73	52.5	48.5	65.5	18.5	19	87.5	40	40	53.5	64.5	39	68	81	29.5	56.5	21	26	32	81.5	78	66.5	11	57	50	39.5	94	27	61	41	54.5	37	33	46.5	84	33	84	46	59.5	23	37.5	26	57	3	25	1	42	67.5	82	70	29.5	22.5	76.5	21	50.5	92	49	48.5	59.5	51	74.5	55	41.5	30.5	39.5	23	74	38	36.5	39.5	44	37	0	49	4	58	59.5	85.5	34.5	2	43.5	71	35.5	14.5	75	51.5	43	
45	61.5	41.5	42	57.5	29.5	45	26.5	32	38.5	2	32.5	27	32.5	48	40.5	35	62	52.5	37.5	45	40	54	42.5	28	48.5	33	60	25	56.5	26.5	55.5	47	38	26.5	28.5	20.5	28.5	35.5	32	36.5	34.5	36.5	34.5	62	46.5	49	31	24.5	23.5	30	39	48	55.5	27.5	42	57	23	52.5	49	37.5	60	28	21	45.5	53	58	12	40	28.5	18	54	40.5	45	54	55	35	30.5	58	51.5	37	28	52	46	48	7	38.5	53	41	45.5	28.5	47.5	32	21.5	57	20	24.5	29.5	22	45.5	6	47.5	56.5	25.5	44	45	29	52.5	25.5	45	46	49	0	53	29	29.5	56.5	48.5	51	29.5	38	49.5	55.5	46	37.5	44	
78	24.5	29.5	75	94.5	62.5	48	44.5	65	71.5	55	30.5	40	65.5	41	42.5	72	99	30.5	55.5	82	47	27	75.5	55	11.5	66	93	62	89.5	63.5	88.5	80	75	59.5	61.5	53.5	61.5	53.5	69	56.5	52.5	69.5	22.5	15	83.5	36	44	57.5	60.5	43	72	85	33.5	60.5	25	30	36	85.5	82	70.5	7	61	54	43.5	90	31	65	37	50.5	41	37	42.5	82	37	88	42	63.5	19	41.5	30	61	1	29	5	46	71.5	86	74	33.5	26.5	80.5	25	54.5	94	53	52.5	61.5	55	78.5	59	39.5	34.5	43.5	27	78	42	34.5	43.5	48	33	4	53	0	62	61.5	89.5	30.5	2	47.5	75	31.5	18.5	79	49.5	47	
44	70.5	50.5	41	48.5	28.5	46	35.5	3	37.5	31	41.5	36	31.5	53	41.5	26	53	61.5	38.5	36	41	63	33.5	29	57.5	4	59	16	49.5	22.5	54.5	44	29	25.5	27.5	19.5	27.5	40.5	23	37.5	41.5	35.5	43.5	63	37.5	50	40	28.5	19.5	39	32	39	60.5	26.5	51	64	32	51.5	48	28.5	69	27	8	50.5	44	63	29	41	29.5	27	57	41.5	36	57	54	36	29.5	59	52.5	46	27	61	55	57	22	37.5	48	40	54.5	37.5	46.5	41	20.5	48	9	33.5	30.5	21	44.5	35	48.5	59.5	34.5	53	44	38	53.5	34.5	46	47	58	29	62	0	30.5	49.5	49.5	60	38.5	29	50.5	64.5	45	38.5	47	
60.5	58	48	47.5	47	45	29.5	33	27.5	36	27.5	43	37.5	32	36.5	25	24.5	51.5	47	22	34.5	24.5	50.5	32	12.5	59	26.5	59.5	14.5	48	16	59	42.5	27.5	42	44	36	36	24	21.5	21	25	52	45	46.5	36	33.5	33.5	30	13	34.5	30.5	37.5	44	43	52.5	47.5	33.5	62	64.5	27	54.5	41.5	36.5	34	42.5	46.5	17.5	24.5	13	28.5	40.5	25	34.5	40.5	54.5	19.5	44	42.5	36	47.5	41.5	62.5	48.5	58.5	28.5	54	46.5	56.5	44	39	63	42.5	37	46.5	35.5	11	0	37.5	49	23.5	32	43	34	50.5	60.5	35.5	37	34	29.5	30.5	59.5	29.5	61.5	30.5	0	48	33	61.5	30	27.5	34	64	61.5	22	30.5	
26.5	92	78	36.5	21	41	63.5	63	46.5	40	56.5	69	63.5	46	70.5	59	23.5	25.5	81	56	23.5	58.5	84.5	36	46.5	85	45.5	33.5	33.5	0	40	33	31.5	36.5	38	40	42	50	58	30.5	55	59	28	71	80.5	20	67.5	67.5	54	37	66.5	39.5	26.5	78	39	78.5	81.5	59.5	34	30.5	41	88.5	44.5	47.5	68	16.5	80.5	46.5	58.5	47	54.5	74.5	59	23.5	74.5	28.5	53.5	42	76.5	70	73.5	44.5	88.5	82.5	84.5	49.5	18	25.5	27.5	78	65	29	68.5	43	20.5	46.5	59	48	38.5	33	52.5	66	77	62	80.5	26.5	65.5	71	62	63.5	64.5	85.5	56.5	89.5	49.5	48	0	67	87.5	64	36.5	68	92	27.5	56	64.5	
91.5	27	27	66.5	66	64	23.5	42	46.5	55	46.5	36	41.5	51	20.5	14	43.5	70.5	14	31	53.5	18.5	19.5	51	26.5	40	45.5	78.5	33.5	67	35	78	61.5	46.5	67	65	63	55	33	40.5	30	34	77	34	15.5	55	7.5	37.5	49	32	38.5	49.5	56.5	11	66	26.5	16.5	45.5	81	89.5	46	23.5	60.5	57.5	23	61.5	15.5	36.5	8.5	22	50.5	14.5	14	53.5	14.5	73.5	13.5	63	11.5	15	31.5	60.5	31.5	22.5	35.5	55.5	85	65.5	77.5	23	40	86	36.5	62	65.5	58.5	44	33	66.5	68	42.5	11	10	43	24.5	83.5	39.5	4	43	23.5	4.5	34.5	48.5	30.5	49.5	33	67	0	32.5	39	46.5	1	33	92.5	21	24.5	
76	22.5	27.5	73	96.5	60.5	46	42.5	63	69.5	53	28.5	38	63.5	39	44.5	74	99	28.5	53.5	84	49	25	73.5	57	9.5	64	91	64	87.5	65.5	86.5	78	73	57.5	59.5	51.5	59.5	51.5	71	54.5	50.5	67.5	20.5	17	85.5	38	42	55.5	62.5	41	70	83	31.5	58.5	23	28	34	83.5	80	68.5	9	59	52	41.5	92	29	63	39	52.5	39	35	44.5	84	35	86	44	61.5	21	39.5	28	59	1	27	3	44	69.5	84	72	31.5	24.5	78.5	23	52.5	94	51	50.5	61.5	53	76.5	57	41.5	32.5	41.5	25	76	40	36.5	41.5	46	35	2	51	2	60	61.5	87.5	32.5	0	45.5	73	33.5	16.5	77	51.5	45	
54.5	56	36	51.5	63	39	35.5	3	41.5	48	31.5	27	21.5	42	42.5	31	40.5	67.5	47	8	50.5	30.5	48.5	48	23.5	43	42.5	69.5	30.5	64	32	65	56.5	43.5	36	38	30	38	6	37.5	9	5	46	29	52.5	52	39.5	25.5	34	29	24.5	46.5	53.5	50	37	36.5	51.5	17.5	62	58.5	43	54.5	37.5	30.5	40	58.5	52.5	33.5	30.5	17	17.5	46.5	31	50.5	46.5	64.5	25.5	40	48.5	42	31.5	37.5	46.5	40.5	42.5	22.5	48	62.5	50.5	40	23	57	26.5	31	62.5	29.5	29	30	31.5	55	35.5	38	49	4	38.5	54.5	23.5	43	4	35.5	36.5	43.5	29.5	47.5	38.5	30	64	39	45.5	0	43.5	40	50	55.5	28	36.5	
47	71.5	61.5	36	35.5	31.5	43	46.5	26	24.5	36	54.5	49	25.5	50	38.5	13	40	60.5	35.5	23	38	64	20.5	26	70.5	25	48	13	36.5	19.5	47.5	31	0	28.5	30.5	27.5	29.5	37.5	6	34.5	38.5	38.5	56.5	60	24.5	47	47	33.5	16.5	48	3	26	57.5	29.5	64	61	45	50.5	51	20.5	68	14	33	47.5	31	60	26	38	26.5	40	54	38.5	23	54	43	33	32.5	56	49.5	59	14	74	62	70	35	40.5	35	43	57.5	50.5	49.5	54	28.5	35	32	38.5	27.5	20	37.5	32	45.5	56.5	47.5	64	47	49	50.5	47.5	43	44	71	38	75	29	27.5	36.5	46.5	73	43.5	0	47.5	77.5	48	35.5	44	
90.5	28	28	67.5	67	65	24.5	43	47.5	56	47.5	37	42.5	52	21.5	15	44.5	71.5	13	32	54.5	19.5	20.5	52	27.5	39	46.5	79.5	34.5	68	36	79	62.5	47.5	68	66	64	56	34	41.5	31	35	78	35	16.5	56	8.5	38.5	50	33	39.5	50.5	57.5	10	67	27.5	17.5	46.5	82	90.5	47	24.5	61.5	58.5	24	62.5	16.5	37.5	9.5	23	51.5	15.5	15	54.5	15.5	74.5	14.5	64	12.5	16	32.5	61.5	32.5	23.5	36.5	56.5	84	66.5	78.5	24	39	87	37.5	63	66.5	59.5	45	34	67.5	69	43.5	12	9	44	25.5	84.5	40.5	3	44	24.5	5.5	35.5	49.5	31.5	50.5	34	68	1	33.5	40	47.5	0	34	91.5	22	25.5	
80.5	6	32	77.5	97	65	50.5	47	67.5	74	57.5	33	42.5	68	43.5	45	74.5	101.5	33	58	84.5	49.5	29.5	78	57.5	7	68.5	95.5	64.5	92	66	91	82.5	77.5	62	64	56	64	56	71.5	59	55	72	25	31.5	86	38.5	46.5	60	63	45.5	74.5	87.5	36	63	27.5	32.5	38.5	88	84.5	73	25.5	63.5	56.5	46	92.5	33.5	67.5	39.5	53	43.5	39.5	45	84.5	39.5	90.5	44.5	66	27.5	44	32.5	63.5	17.5	31.5	13.5	48.5	74	88.5	76.5	36	29	83	27.5	57	96.5	55.5	55	64	57.5	81	61.5	42	37	46	29.5	80.5	44.5	37	46	50.5	35.5	14.5	55.5	18.5	64.5	64	92	33	16.5	50	77.5	34	0	81.5	52	49.5	
1	87.5	67.5	28	28.5	30.5	71	52.5	48	39.5	48	58.5	53	43.5	74	80.5	49	22	78.5	63.5	41	76	80	43.5	68	74.5	49	14	59	27.5	59.5	16.5	33	48	27.5	29.5	31.5	39.5	61.5	54	64.5	60.5	17.5	60.5	94	39.5	87	57	45.5	62.5	56	45	38	81.5	28.5	68	83	49	13.5	3	48.5	86	34	37	71.5	33	84	58	84	72.5	44	80	80.5	41	80	21	79	31.5	98	79.5	63	34	78	72	74	39	9.5	29	17	71.5	54.5	8.5	58	32.5	29	36	50.5	61.5	28	26.5	52	83.5	82.5	51.5	70	11	55	88.5	51.5	71	90	75	46	79	45	61.5	27.5	92.5	77	55.5	48	91.5	81.5	0	73.5	70	
72.5	46	36	55.5	55	53	17.5	31	35.5	44	35.5	35	30.5	40	24.5	13	32.5	59.5	35	20	42.5	12.5	38.5	40	15.5	51	34.5	67.5	22.5	56	24	67	50.5	35.5	54	54	48	44	22	29.5	19	23	64	37	34.5	44	21.5	26.5	38	21	27.5	38.5	45.5	32	55	40.5	35.5	30.5	70	76.5	35	42.5	49.5	46.5	22	50.5	34.5	25.5	12.5	11	35.5	28.5	13	42.5	28.5	62.5	7.5	52	30.5	24	35.5	49.5	50.5	36.5	50.5	40.5	66	54.5	66.5	32	31	75	34.5	49	54.5	47.5	33	22	49.5	57	31.5	20	31	32	38.5	72.5	28.5	25	32	17.5	18.5	51.5	37.5	49.5	38.5	22	56	21	51.5	28	35.5	22	52	73.5	0	18.5	
69	49.5	35.5	64	63.5	53.5	1	35.5	44	52.5	44	26.5	31	48.5	28	16.5	41	68	38.5	28.5	51	6	42	48.5	24	42.5	43	76	31	64.5	32.5	75.5	59	44	50.5	52.5	44.5	52.5	30.5	38	27.5	31.5	60.5	28.5	38	52.5	25	35	46.5	29.5	34	47	54	35.5	51.5	36	39	27	76.5	73	43.5	46	52	45	25.5	59	38	34	16	19.5	32	32	16.5	51	32	71	11	54.5	34	27.5	31	52	46	40	42	37	62.5	63	65	35.5	22.5	71.5	26	45.5	63	44	41.5	30.5	46	65.5	40	23.5	34.5	34.5	38	69	33	28.5	34.5	1	22	43	44	47	47	30.5	64.5	24.5	45	36.5	44	25.5	49.5	70	18.5	0	
