Number of items: 125
Horizon: 9
Time limit: 1000
Load limit: 7500
Initial item inventory level
288
96
60
43
142
53
176
146
20
124
81
106
62
81
10
70
210
147
54
192
87
36
51
144
63
36
45
82
55
55
77
67
86
86
92
88
177
213
152
22
84
69
83
29
48
22
168
63
104
63
39
142
135
276
28
84
84
46
162
279
50
110
27
26
168
195
174
76
52
80
172
132
158
156
55
108
141
180
194
177
48
87
166
129
78
13
35
84
91
63
36
15
96
170
210
261
51
136
78
38
146
219
82
84
178
19
54
61
24
172
36
64
74
30
130
135
60
58
87
53
98
198
20
74
132
Maximum inventory capacity per item
384
144
80
86
213
106
264
219
40
186
108
159
93
108
20
140
280
196
108
256
174
48
102
192
126
54
90
123
110
110
154
134
129
129
138
176
236
284
228
44
168
92
166
58
72
44
252
126
156
126
78
213
180
368
56
112
112
92
216
372
75
165
54
39
252
260
261
152
78
120
258
176
237
208
110
144
188
270
291
236
64
116
249
172
104
26
70
168
182
84
48
30
144
255
280
348
102
204
156
76
219
292
123
126
267
38
108
122
48
258
72
96
148
40
195
180
120
87
116
106
196
264
40
111
198
Reserve storage replenishment rate per item and per period
576	0	0	576	0	0	576	0	0	
288	0	0	288	0	0	288	0	0	
120	0	0	120	0	0	120	0	0	
258	0	0	258	0	0	258	0	0	
426	0	0	426	0	0	426	0	0	
318	0	0	318	0	0	318	0	0	
528	0	0	528	0	0	528	0	0	
438	0	0	438	0	0	438	0	0	
120	0	0	120	0	0	120	0	0	
372	0	0	372	0	0	372	0	0	
162	0	0	162	0	0	162	0	0	
318	0	0	318	0	0	318	0	0	
186	0	0	186	0	0	186	0	0	
162	0	0	162	0	0	162	0	0	
60	0	0	60	0	0	60	0	0	
420	0	0	420	0	0	420	0	0	
420	0	0	420	0	0	420	0	0	
294	0	0	294	0	0	294	0	0	
324	0	0	324	0	0	324	0	0	
384	0	0	384	0	0	384	0	0	
522	0	0	522	0	0	522	0	0	
72	0	0	72	0	0	72	0	0	
306	0	0	306	0	0	306	0	0	
288	0	0	288	0	0	288	0	0	
378	0	0	378	0	0	378	0	0	
108	0	0	108	0	0	108	0	0	
270	0	0	270	0	0	270	0	0	
246	0	0	246	0	0	246	0	0	
330	0	0	330	0	0	330	0	0	
330	0	0	330	0	0	330	0	0	
462	0	0	462	0	0	462	0	0	
402	0	0	402	0	0	402	0	0	
258	0	0	258	0	0	258	0	0	
258	0	0	258	0	0	258	0	0	
276	0	0	276	0	0	276	0	0	
528	0	0	528	0	0	528	0	0	
354	0	0	354	0	0	354	0	0	
426	0	0	426	0	0	426	0	0	
456	0	0	456	0	0	456	0	0	
132	0	0	132	0	0	132	0	0	
504	0	0	504	0	0	504	0	0	
138	0	0	138	0	0	138	0	0	
498	0	0	498	0	0	498	0	0	
174	0	0	174	0	0	174	0	0	
144	0	0	144	0	0	144	0	0	
132	0	0	132	0	0	132	0	0	
504	0	0	504	0	0	504	0	0	
378	0	0	378	0	0	378	0	0	
312	0	0	312	0	0	312	0	0	
378	0	0	378	0	0	378	0	0	
234	0	0	234	0	0	234	0	0	
426	0	0	426	0	0	426	0	0	
270	0	0	270	0	0	270	0	0	
552	0	0	552	0	0	552	0	0	
168	0	0	168	0	0	168	0	0	
168	0	0	168	0	0	168	0	0	
168	0	0	168	0	0	168	0	0	
276	0	0	276	0	0	276	0	0	
324	0	0	324	0	0	324	0	0	
558	0	0	558	0	0	558	0	0	
150	0	0	150	0	0	150	0	0	
330	0	0	330	0	0	330	0	0	
162	0	0	162	0	0	162	0	0	
78	0	0	78	0	0	78	0	0	
504	0	0	504	0	0	504	0	0	
390	0	0	390	0	0	390	0	0	
522	0	0	522	0	0	522	0	0	
456	0	0	456	0	0	456	0	0	
156	0	0	156	0	0	156	0	0	
240	0	0	240	0	0	240	0	0	
516	0	0	516	0	0	516	0	0	
264	0	0	264	0	0	264	0	0	
474	0	0	474	0	0	474	0	0	
312	0	0	312	0	0	312	0	0	
330	0	0	330	0	0	330	0	0	
216	0	0	216	0	0	216	0	0	
282	0	0	282	0	0	282	0	0	
540	0	0	540	0	0	540	0	0	
582	0	0	582	0	0	582	0	0	
354	0	0	354	0	0	354	0	0	
96	0	0	96	0	0	96	0	0	
174	0	0	174	0	0	174	0	0	
498	0	0	498	0	0	498	0	0	
258	0	0	258	0	0	258	0	0	
156	0	0	156	0	0	156	0	0	
78	0	0	78	0	0	78	0	0	
210	0	0	210	0	0	210	0	0	
504	0	0	504	0	0	504	0	0	
546	0	0	546	0	0	546	0	0	
126	0	0	126	0	0	126	0	0	
72	0	0	72	0	0	72	0	0	
90	0	0	90	0	0	90	0	0	
288	0	0	288	0	0	288	0	0	
510	0	0	510	0	0	510	0	0	
420	0	0	420	0	0	420	0	0	
522	0	0	522	0	0	522	0	0	
306	0	0	306	0	0	306	0	0	
408	0	0	408	0	0	408	0	0	
468	0	0	468	0	0	468	0	0	
228	0	0	228	0	0	228	0	0	
438	0	0	438	0	0	438	0	0	
438	0	0	438	0	0	438	0	0	
246	0	0	246	0	0	246	0	0	
252	0	0	252	0	0	252	0	0	
534	0	0	534	0	0	534	0	0	
114	0	0	114	0	0	114	0	0	
324	0	0	324	0	0	324	0	0	
366	0	0	366	0	0	366	0	0	
144	0	0	144	0	0	144	0	0	
516	0	0	516	0	0	516	0	0	
216	0	0	216	0	0	216	0	0	
192	0	0	192	0	0	192	0	0	
444	0	0	444	0	0	444	0	0	
60	0	0	60	0	0	60	0	0	
390	0	0	390	0	0	390	0	0	
270	0	0	270	0	0	270	0	0	
360	0	0	360	0	0	360	0	0	
174	0	0	174	0	0	174	0	0	
174	0	0	174	0	0	174	0	0	
318	0	0	318	0	0	318	0	0	
588	0	0	588	0	0	588	0	0	
396	0	0	396	0	0	396	0	0	
120	0	0	120	0	0	120	0	0	
222	0	0	222	0	0	222	0	0	
396	0	0	396	0	0	396	0	0	
Forward storage demand rate per item and per period
96	82	69	157	58	125	5	135	146	
48	56	32	76	60	82	16	47	45	
20	16	5	24	5	27	11	13	22	
43	34	37	43	57	23	27	39	21	
71	71	50	64	26	70	48	61	58	
53	41	53	24	95	36	25	13	57	
88	32	122	67	24	56	154	68	117	
73	133	50	94	116	116	60	23	114	
20	21	20	17	17	15	24	25	27	
62	78	52	100	42	43	25	86	63	
27	33	23	22	40	20	5	38	33	
53	49	46	64	24	57	47	13	46	
31	32	28	33	22	20	30	43	23	
27	20	31	28	46	4	27	50	24	
10	11	2	2	10	8	7	5	4	
70	49	102	55	47	53	82	10	58	
70	80	39	75	55	64	21	101	109	
49	48	21	74	20	43	34	55	24	
54	27	20	40	84	80	72	28	56	
64	54	24	52	102	110	86	24	59	
87	57	35	97	156	110	92	115	55	
12	11	12	11	16	10	20	13	12	
51	64	36	34	57	64	5	28	83	
48	10	46	36	72	50	49	72	54	
63	64	47	17	55	85	83	35	23	
18	21	15	14	6	23	26	23	19	
45	32	60	47	77	79	63	34	72	
41	43	50	32	51	46	53	35	12	
55	29	49	32	6	93	53	83	76	
55	67	45	65	86	76	33	28	80	
77	62	95	85	36	94	38	104	102	
67	66	45	89	74	77	77	57	70	
43	48	39	59	40	43	42	33	39	
43	13	36	24	47	41	76	40	19	
46	47	18	83	77	53	38	39	89	
88	66	62	118	95	82	58	98	98	
59	25	56	38	39	47	38	95	75	
71	108	67	73	39	80	27	93	33	
76	30	15	99	71	86	46	79	36	
22	5	18	14	12	20	14	8	16	
84	43	97	80	110	40	118	82	151	
23	30	21	24	7	31	18	30	23	
83	80	15	114	67	80	69	67	18	
29	3	49	30	49	29	51	35	50	
24	33	7	28	36	41	11	16	33	
22	25	11	34	29	43	26	27	15	
84	74	121	82	74	57	74	93	25	
63	64	97	39	112	94	59	46	71	
52	74	46	87	65	44	39	20	46	
63	75	69	92	44	66	42	20	75	
39	38	24	24	44	40	10	23	63	
71	89	47	55	73	61	44	117	82	
45	48	69	39	16	54	29	34	41	
92	140	120	65	129	147	91	48	84	
28	28	23	11	32	31	25	13	48	
28	20	35	27	28	16	34	37	43	
28	31	30	18	11	15	39	45	19	
46	12	41	73	64	20	62	49	46	
54	35	85	61	52	4	69	91	63	
93	75	125	124	39	92	15	89	102	
25	41	40	20	32	21	40	21	29	
55	80	49	97	52	24	70	54	35	
27	40	38	24	45	18	40	15	43	
13	14	6	16	16	14	21	12	4	
84	121	99	31	95	151	83	81	152	
65	76	75	34	54	61	53	31	49	
87	82	65	158	25	52	89	134	41	
76	69	70	64	47	50	66	56	58	
26	9	33	28	15	41	28	26	25	
40	36	56	40	24	35	72	33	43	
86	69	69	81	111	152	155	115	108	
44	52	39	48	37	67	60	5	36	
79	110	70	60	54	57	49	94	4	
52	35	78	45	55	75	66	54	18	
55	30	46	31	79	23	64	74	41	
36	25	42	41	57	41	31	37	25	
47	76	39	56	58	19	44	70	77	
90	103	130	104	90	25	50	47	80	
97	95	183	81	115	37	158	90	167	
59	37	76	31	72	35	23	81	21	
16	11	6	9	17	9	27	15	11	
29	33	10	24	27	43	44	49	31	
83	113	65	71	35	74	96	77	64	
43	59	44	15	38	36	11	21	67	
26	18	44	21	43	8	48	7	26	
13	14	15	14	2	10	17	22	7	
35	41	46	24	18	28	55	63	51	
84	64	35	107	27	30	73	104	96	
91	97	81	73	153	160	92	83	75	
21	22	30	27	28	29	24	23	22	
12	11	15	15	11	9	14	6	11	
15	18	11	15	15	7	25	12	25	
48	39	6	33	48	56	16	31	75	
85	76	75	89	93	26	34	22	38	
70	93	29	62	68	49	70	108	76	
87	62	127	145	104	91	65	102	77	
51	80	75	26	89	37	56	66	48	
68	93	112	78	67	57	106	88	64	
78	131	132	133	94	38	58	47	43	
38	17	42	34	13	33	62	21	56	
73	79	78	43	88	132	62	46	94	
73	109	32	47	68	141	73	74	49	
41	22	69	46	14	49	5	16	73	
42	52	13	37	15	72	31	28	64	
89	114	135	69	144	69	100	106	117	
19	17	17	15	16	19	19	30	24	
54	73	64	80	54	71	50	69	48	
61	65	29	36	54	112	51	99	37	
24	7	9	27	13	38	24	39	43	
86	85	61	101	98	115	54	96	103	
36	59	64	54	21	15	41	16	51	
32	22	36	43	6	29	25	33	13	
74	48	102	22	33	110	73	82	30	
10	8	1	13	10	9	15	4	5	
65	48	68	17	75	85	95	38	50	
45	31	83	55	9	22	46	40	31	
60	16	32	89	24	28	58	93	42	
29	27	18	25	26	16	19	42	30	
29	43	17	10	50	9	11	21	23	
53	74	48	37	38	78	54	62	61	
98	98	73	54	125	111	120	116	78	
66	45	77	37	28	66	52	113	81	
20	19	30	20	24	19	24	8	15	
37	29	34	35	23	8	44	56	68	
66	105	80	45	38	102	56	49	77	
Distance matrix
0	57	32	98.5	72	39.5	16	24	7	29	71.5	46.5	29	18.5	89.5	65.5	76.5	89	27	88	56	87.5	89	87	52.5	17.5	17.5	17.5	40	31	42.5	79.5	25.5	22	20	13	57.5	35.5	17.5	37	26	18.5	31	54.5	44	35.5	90.5	25.5	35.5	18.5	28.5	100	38.5	15	17	44.5	49	20	51	10	47	70	42	49.5	17.5	46.5	47.5	76.5	85	69.5	26	39	61.5	79.5	19.5	3.5	65	9.5	46	67.5	22.5	87	91.5	51.5	50	25	41.5	55.5	86	51.5	34.5	40	76	43	80.5	5	21.5	38	63.5	13	30.5	51	23.5	27.5	17.5	64.5	73.5	15	20	70	86	60	27	14	69	68.5	33.5	29.5	35	64.5	36	45	22	55.5	51.5	86	
57	0	49	45.5	19	61.5	63	61	54	56	18.5	66.5	36	60.5	36.5	47.5	36.5	36	44	35	23	34.5	36	34	34.5	59.5	49.5	59.5	57	78	70.5	26.5	37.5	49	47	70	55.5	37.5	59.5	44	33	50.5	78	6.5	21	37.5	37.5	67.5	77.5	50.5	50.5	43	30.5	72	64	56.5	64	57	28	57	44	43	49	61.5	59.5	66.5	65.5	36.5	28	41.5	63	36	51.5	26.5	61.5	55.5	32	51.5	53	14.5	64.5	34	36.5	33.5	63	42	71.5	37.5	33	33.5	56.5	67	23	70	27.5	62	43.5	75	25.5	70	82.5	38	35.5	59.5	69.5	36.5	20.5	72	47	17	33	17	84	71	44	15.5	65.5	71.5	78	11.5	63	42	69	47.5	53.5	33	
32	49	0	74.5	64	28.5	38	36	29	31	63.5	21.5	21	35.5	73.5	37.5	46.5	79	5	70	48	79.5	69	79	44.5	34.5	24.5	34.5	8	37	25.5	71.5	17.5	24	22	45	25.5	27.5	34.5	29	18	25.5	37	46.5	36	27.5	62.5	42.5	32.5	25.5	25.5	68	30.5	47	39	28.5	17	32	43	32	39	38	34	23.5	34.5	21.5	20.5	46.5	53	43.5	38	31	31.5	71.5	36.5	30.5	53	26.5	32	59.5	39.5	61	61.5	43.5	18	7	26.5	47.5	62	43.5	31.5	28	68	25	72.5	37	18.5	30	55.5	45	37.5	43	15.5	34.5	44.5	48.5	65.5	47	22	62	78	52	41	46	39	60.5	34.5	38.5	33	56.5	32	37	44	37.5	31.5	62	
98.5	45.5	74.5	0	34.5	67	90.5	82.5	95.5	77.5	35	60	77.5	88	17	41	30	17.5	79.5	18.5	50.5	11	17.5	19.5	54	89	89	89	66.5	75.5	64	27	79	84.5	86.5	93.5	49	71	89	69.5	74.5	88	75.5	48	62.5	71	16	81	71	88	78	6.5	68	91.5	89.5	62	57.5	86.5	55.5	96.5	59.5	36.5	64.5	57	89	60	59	30	21.5	37	80.5	67.5	45	27	87	97	41.5	93	60.5	39	84	19.5	15	55	56.5	81.5	65	51	20.5	55	72	66.5	30.5	63.5	26	101.5	85	68.5	43	93.5	76	55.5	77	79	89	42	25	91.5	86.5	36.5	20.5	46.5	79.5	92.5	37.5	38	73	77	71.5	42	70.5	61.5	84.5	51	55	20.5	
72	19	64	34.5	0	76.5	78	76	69	71	13.5	71.5	51	75.5	31.5	52.5	41.5	31	59	16	38	29.5	17	29	49.5	74.5	64.5	74.5	72	87	75.5	21.5	52.5	64	62	85	60.5	52.5	74.5	59	48	65.5	87	21.5	36	52.5	27.5	82.5	82.5	65.5	65.5	28	45.5	87	79	71.5	69	72	43	72	59	48	64	68.5	74.5	71.5	70.5	41.5	33	48.5	78	51	56.5	21.5	76.5	70.5	47	66.5	68	14.5	79.5	31	26.5	48.5	68	57	76.5	52.5	32	48.5	71.5	78	18	75	22.5	77	58.5	80	40.5	85	87.5	53	50.5	74.5	84.5	51.5	15.5	87	62	2	28	32	91	86	49	25.5	80.5	86.5	83	21.5	78	57	84	62.5	66.5	32	
39.5	61.5	28.5	67	76.5	0	39.5	31.5	36.5	26.5	76	7	33.5	37	66	30	39	71.5	31.5	62.5	54.5	78	61.5	73.5	43	38	32	38	20.5	24.5	13	76	30	31.5	29.5	42.5	18	40	38	33.5	30.5	33	24.5	59	48.5	40	55	30	20	33	11	60.5	43	40.5	38.5	21	11.5	35.5	49.5	39.5	33.5	30.5	28.5	16	38	7	8	39	45.5	36	29.5	41.5	24	76	36	38	45.5	34	24.5	72	33	53.5	54	44	10.5	29.5	14	40	54.5	44	5	15.5	80.5	12.5	75	44.5	18	17.5	52	42.5	25	39.5	28	28	38	41	78	40.5	29.5	74.5	74.5	60.5	28.5	41.5	31.5	67	22	26	20.5	69	19.5	35.5	33.5	30	24	54.5	
16	63	38	90.5	78	39.5	0	30	9	35	77.5	32.5	35	24.5	89.5	53.5	62.5	95	33	86	62	93.5	85	93	58.5	23.5	23.5	23.5	44	15	26.5	85.5	31.5	28	26	29	41.5	41.5	23.5	43	32	24.5	15	60.5	50	41.5	78.5	31.5	23.5	24.5	34.5	84	44.5	31	1	44.5	35	26	57	6	53	54	48	39.5	23.5	32.5	31.5	62.5	69	59.5	32	45	47.5	85.5	25.5	14.5	69	15.5	48	73.5	28.5	77	77.5	57.5	34	31	27.5	61.5	78	57.5	40.5	34	82	31	86.5	21	27.5	26	69.5	29	23.5	57	29.5	33.5	28.5	64.5	79.5	31	26	76	92	66	27	30	55	74.5	35.5	29.5	19	70.5	38	51	6	53.5	47.5	78	
24	61	36	82.5	76	31.5	30	0	21	33	75.5	24.5	33	27.5	81.5	45.5	54.5	87	31	78	60	91.5	77	89	56.5	26.5	21.5	26.5	36	25	18.5	83.5	29.5	26	24	37	33.5	39.5	26.5	41	30	22.5	25	58.5	48	39.5	70.5	30.5	20.5	22.5	32.5	76	42.5	39	31	36.5	27	4	55	24	49	46	44	31.5	26.5	24.5	23.5	54.5	61	51.5	2	43	39.5	83.5	28.5	22.5	61	18.5	40	71.5	31.5	69	69.5	55.5	26	29	19.5	55.5	70	55.5	36.5	26	80	23	84.5	29	25.5	14	67.5	37	25.5	55	27.5	31.5	36.5	56.5	77.5	39	24	74	90	64	29	38	47	72.5	27.5	26.5	21	68.5	30	49	34	45.5	39.5	70	
7	54	29	95.5	69	36.5	9	21	0	26	68.5	41.5	26	15.5	86.5	62.5	71.5	86	24	85	53	84.5	86	84	49.5	14.5	14.5	14.5	37	24	35.5	76.5	22.5	19	17	20	50.5	32.5	14.5	34	23	15.5	24	51.5	41	32.5	87.5	22.5	32.5	15.5	25.5	93	35.5	22	10	41.5	44	17	48	3	44	63	39	46.5	14.5	41.5	40.5	71.5	78	66.5	23	36	56.5	76.5	16.5	5.5	62	6.5	43	64.5	19.5	84	86.5	48.5	43	22	36.5	52.5	83	48.5	31.5	37	73	40	77.5	12	18.5	35	60.5	20	32.5	48	20.5	24.5	19.5	61.5	70.5	22	17	67	83	57	34	21	64	65.5	30.5	26.5	28	61.5	33	42	15	52.5	48.5	83	
29	56	31	77.5	71	26.5	35	33	26	0	70.5	19.5	28	32.5	76.5	40.5	49.5	82	26	73	55	86.5	72	84	51.5	31.5	21.5	31.5	31	30	18.5	78.5	24.5	7	9	42	28.5	34.5	31.5	36	25	22.5	30	53.5	43	34.5	65.5	35.5	25.5	22.5	27.5	71	37.5	44	36	31.5	22	29	50	29	44	41	39	26.5	31.5	19.5	18.5	49.5	56	46.5	35	38	34.5	78.5	33.5	27.5	56	23.5	35	66.5	36.5	64	64.5	50.5	21	24	19.5	50.5	65	50.5	31.5	11	75	14	79.5	34	20.5	23	62.5	42	30.5	50	22.5	31.5	41.5	51.5	72.5	44	9	69	85	59	34	43	42	67.5	27.5	31.5	26	63.5	7	44	39	40.5	34.5	65	
71.5	18.5	63.5	35	13.5	76	77.5	75.5	68.5	70.5	0	77	50.5	75	18	58	47	25.5	58.5	29.5	37.5	24	30.5	23.5	49	74	64	74	71.5	92.5	81	8	52	63.5	61.5	84.5	66	52	74	58.5	47.5	65	92.5	21	35.5	52	33	82	88	65	65	28.5	45	86.5	78.5	71	74.5	71.5	42.5	71.5	58.5	53.5	63.5	74	74	77	76	47	38.5	54	77.5	50.5	62	8	76	70	46.5	66	67.5	14	79	36.5	32	48	73.5	56.5	82	52	37.5	48	71	81.5	12.5	80.5	9	76.5	58	85.5	40	84.5	93	52.5	50	74	84	51	10	86.5	61.5	11.5	22.5	31.5	96.5	85.5	54.5	25	80	86	88.5	21	77.5	56.5	83.5	62	68	37.5	
46.5	66.5	21.5	60	71.5	7	32.5	24.5	41.5	19.5	77	0	34.5	30	59	23	32	64.5	26.5	55.5	47.5	71	54.5	66.5	36	31	31	31	13.5	17.5	6	69	33	26.5	28.5	35.5	11	33	31	26.5	37.5	30	17.5	64	49.5	33	48	23	13	30	18	53.5	40	33.5	31.5	14	4.5	28.5	42.5	38.5	26.5	23.5	21.5	9	31	0	1	32	38.5	29	22.5	34.5	17	69	29	45	38.5	39	17.5	71	26	46.5	47	37	3.5	28.5	7	33	47.5	37	12	8.5	77.5	5.5	68	43.5	25	10.5	45	35.5	18	32.5	35	21	31	34	85	33.5	28.5	73.5	67.5	53.5	21.5	34.5	24.5	60	15	19	13.5	64	12.5	28.5	26.5	23	17	47.5	
29	36	21	77.5	51	33.5	35	33	26	28	50.5	34.5	0	32.5	68.5	40.5	49.5	68	16	67	35	66.5	68	66	31.5	31.5	21.5	31.5	29	50	38.5	58.5	9.5	21	19	42	28.5	14.5	31.5	8	3	22.5	50	33.5	23	14.5	65.5	39.5	45.5	22.5	22.5	71	17.5	44	36	28.5	32	29	30	29	26	41	13	31.5	31.5	34.5	33.5	49.5	56	46.5	35	18	34.5	58.5	33.5	27.5	44	23.5	17	46.5	36.5	64	64.5	30.5	31	14	39.5	34.5	65	30.5	28.5	39	55	38	59.5	34	15.5	43	42.5	42	50.5	30	7.5	31.5	41.5	43.5	52.5	44	19	49	65	39	54	43	42	47.5	37.5	43.5	46	43.5	35	24	41	34.5	30.5	65	
18.5	60.5	35.5	88	75.5	37	24.5	27.5	15.5	32.5	75	30	32.5	0	87	51	60	92.5	30.5	83.5	59.5	91	82.5	90.5	56	1	21	1	41.5	25.5	24	83	29	25.5	23.5	31.5	39	39	1	40.5	29.5	22	25.5	58	47.5	39	76	7	17	22	32	81.5	42	33.5	25.5	42	32.5	23.5	54.5	18.5	50.5	51.5	45.5	37	1	30	29	60	66.5	57	29.5	42.5	45	83	1	17	66.5	9	45.5	71	4	74.5	75	55	31.5	28.5	25	59	75.5	55	38	31.5	79.5	28.5	84	23.5	25	23.5	67	31.5	26	54.5	27	31	31	62	77	33.5	23.5	73.5	89.5	63.5	29.5	32.5	52.5	72	33	11	21.5	68	35.5	48.5	30.5	51	45	75.5	
89.5	36.5	73.5	17	31.5	66	89.5	81.5	86.5	76.5	18	59	68.5	87	0	40	29	21.5	76.5	17.5	49.5	28	16.5	23.5	53	88	82	88	65.5	74.5	63	10	70	81.5	79.5	92.5	48	70	88	68.5	65.5	83	74.5	39	53.5	70	15	80	70	83	77	10.5	63	90.5	88.5	61	56.5	85.5	54.5	89.5	58.5	35.5	63.5	56	88	59	58	29	20.5	36	79.5	66.5	44	10	86	88	40.5	84	59.5	32	83	18.5	14	54	55.5	74.5	64	50	19.5	54	71	65.5	30.5	62.5	9	94.5	76	67.5	42	92.5	75	54.5	68	78	88	41	28	90.5	79.5	29.5	24.5	45.5	78.5	91.5	36.5	37	72	76	70.5	39	69.5	60.5	83.5	50	54	19.5	
65.5	47.5	37.5	41	52.5	30	53.5	45.5	62.5	40.5	58	23	40.5	51	40	0	13	45.5	42.5	36.5	28.5	52	35.5	47.5	13	52	52	52	29.5	38.5	27	50	44	47.5	49.5	56.5	12	34	52	32.5	41.5	51	38.5	45	30.5	34	29	44	34	51	41	34.5	31	54.5	52.5	25	20.5	49.5	23.5	59.5	22.5	4.5	27.5	20	52	23	22	13	19.5	10	43.5	30.5	8	50	50	64	19.5	60	23.5	52	47	27.5	28	14	19.5	44.5	28	10	28.5	14	35	29.5	58.5	26.5	49	64.5	48	31.5	26	56.5	39	18.5	44	42	52	15	64	54.5	49.5	54.5	48.5	34.5	42.5	55.5	5.5	41	36	40	34.5	45	33.5	24.5	47.5	14	18	28.5	
76.5	36.5	46.5	30	41.5	39	62.5	54.5	71.5	49.5	47	32	49.5	60	29	13	0	34.5	51.5	25.5	22.5	41	24.5	36.5	26	61	61	61	38.5	47.5	36	39	53	56.5	58.5	65.5	21	43	61	41.5	52.5	60	47.5	34	34.5	43	18	53	43	60	50	23.5	40	63.5	61.5	34	29.5	58.5	27.5	68.5	31.5	8.5	36.5	29	61	32	31	0	8.5	9	52.5	39.5	17	39	59	75	13.5	69	32.5	41	56	16.5	17	27	28.5	53.5	37	23	17.5	27	44	38.5	47.5	35.5	38	73.5	57	40.5	13	65.5	48	27.5	55	51	61	14	55	63.5	58.5	43.5	37.5	23.5	51.5	64.5	9.5	30	45	49	43.5	34	42.5	33.5	56.5	23	27	17.5	
89	36	79	17.5	31	71.5	95	87	86	82	25.5	64.5	68	92.5	21.5	45.5	34.5	0	76	23	55	28.5	22	2	58.5	91.5	81.5	91.5	71	80	68.5	31.5	69.5	81	79	98	53.5	69.5	91.5	74	65	82.5	80	38.5	53	69.5	20.5	85.5	75.5	82.5	82.5	11	62.5	96	94	66.5	62	89	60	89	64	41	69	61.5	91.5	64.5	63.5	34.5	26	41.5	85	68	49.5	31.5	91.5	87.5	46	83.5	65	31.5	88.5	24	19.5	59.5	61	74	69.5	55.5	25	59.5	76.5	71	13	68	30.5	94	75.5	73	47.5	98	80.5	60	67.5	83.5	93.5	46.5	22.5	96	79	29	3	49	84	97	42	42.5	77.5	81.5	76	38.5	75	66	89	55.5	59.5	25	
27	44	5	79.5	59	31.5	33	31	24	26	58.5	26.5	16	30.5	76.5	42.5	51.5	76	0	75	43	74.5	74	74	39.5	29.5	19.5	29.5	13	42	30.5	66.5	12.5	19	17	40	30.5	22.5	29.5	24	13	20.5	42	41.5	31	22.5	67.5	37.5	37.5	20.5	20.5	73	25.5	42	34	31.5	22	27	38	27	34	43	29	28.5	29.5	26.5	25.5	51.5	58	48.5	33	26	36.5	66.5	31.5	25.5	52	21.5	33	54.5	34.5	66	66.5	38.5	23	2	31.5	42.5	67	38.5	26.5	33	63	30	67.5	32	13.5	35	50.5	40	42.5	38	10.5	29.5	39.5	51.5	60.5	42	17	57	73	47	46	41	44	55.5	35.5	41.5	38	51.5	33	32	39	42.5	36.5	67	
88	35	70	18.5	16	62.5	86	78	85	73	29.5	55.5	67	83.5	17.5	36.5	25.5	23	75	0	46	29.5	1	25	49.5	84.5	80.5	84.5	62	71	59.5	27.5	68.5	80	78	89	44.5	66.5	84.5	65	64	81.5	71	37.5	52	66.5	11.5	76.5	66.5	81.5	73.5	12	61.5	87	85	57.5	53	82	51	88	55	32	60	52.5	84.5	55.5	54.5	25.5	17	32.5	76	63	40.5	27.5	82.5	86.5	37	82.5	56	30.5	79.5	15	10.5	50.5	52	73	60.5	46.5	16	50.5	67.5	62	34	59	26.5	93	74.5	64	38.5	89	71.5	51	66.5	74.5	84.5	37.5	31.5	87	78	18	26	42	75	88	33	33.5	68.5	72.5	67	37.5	66	57	80	46.5	50.5	16	
56	23	48	50.5	38	54.5	62	60	53	55	37.5	47.5	35	59.5	49.5	28.5	22.5	55	43	46	0	53.5	45	53	33.5	58.5	48.5	58.5	54	63	51.5	45.5	36.5	48	46	69	36.5	36.5	58.5	43	32	49.5	63	20.5	20	36.5	38.5	66.5	58.5	49.5	49.5	44	29.5	71	63	49.5	45	56	27	56	43	24	48	44.5	58.5	47.5	46.5	22.5	29	24.5	62	35	32.5	45.5	60.5	54.5	9	50.5	48	33.5	63.5	37	37.5	32.5	44	41	52.5	36.5	38	32.5	55.5	54	42	51	46.5	61	42.5	56	29.5	69	63.5	37	34.5	58.5	68.5	29.5	39.5	71	46	36	52	26	67	70	25	34.5	60.5	64.5	59	30.5	58	41	68	38.5	42.5	38	
87.5	34.5	79.5	11	29.5	78	93.5	91.5	84.5	86.5	24	71	66.5	91	28	52	41	28.5	74.5	29.5	53.5	0	28.5	30.5	65	90	80	90	77.5	86.5	75	32	68	79.5	77.5	100.5	60	68	90	74.5	63.5	81	86.5	37	51.5	68	27	92	82	81	81	17.5	61	102.5	94.5	73	68.5	87.5	58.5	87.5	70.5	47.5	75.5	68	90	71	70	41	32.5	48	91.5	66.5	56	32	92	86	52.5	82	71.5	30	95	30.5	26	64	67.5	72.5	76	62	31.5	64	83	77.5	23.5	74.5	33	92.5	74	79.5	54	100.5	87	66.5	66	90	100	53	14	102.5	77.5	27.5	31.5	47.5	90.5	101.5	48.5	41	84	88	82.5	37	81.5	72.5	95.5	62	66	31.5	
89	36	69	17.5	17	61.5	85	77	86	72	30.5	54.5	68	82.5	16.5	35.5	24.5	22	74	1	45	28.5	0	24	48.5	83.5	81.5	83.5	61	70	58.5	26.5	69.5	79	79	88	43.5	65.5	83.5	64	65	82.5	70	38.5	53	65.5	10.5	75.5	65.5	82.5	72.5	11	62.5	86	84	56.5	52	81	50	89	54	31	59	51.5	83.5	54.5	53.5	24.5	16	31.5	75	62	39.5	26.5	81.5	87.5	36	83.5	55	31.5	78.5	14	9.5	49.5	51	74	59.5	45.5	15	49.5	66.5	61	35	58	25.5	94	75.5	63	37.5	88	70.5	50	67.5	73.5	83.5	36.5	32.5	86	79	19	25	41	74	87	32	32.5	67.5	71.5	66	36.5	65	56	79	45.5	49.5	15	
87	34	79	19.5	29	73.5	93	89	84	84	23.5	66.5	66	90.5	23.5	47.5	36.5	2	74	25	53	30.5	24	0	60.5	89.5	79.5	89.5	73	82	70.5	31.5	67.5	79	77	100	55.5	67.5	89.5	74	63	80.5	82	36.5	51	67.5	22.5	87.5	77.5	80.5	80.5	13	60.5	98	94	68.5	64	87	58	87	66	43	71	63.5	89.5	66.5	65.5	36.5	28	43.5	87	66	51.5	31.5	91.5	85.5	48	81.5	67	29.5	90.5	26	21.5	61.5	63	72	71.5	57.5	27	61.5	78.5	73	11	70	32.5	92	73.5	75	49.5	100	82.5	62	65.5	85.5	95.5	48.5	20.5	98	77	27	1	47	86	99	44	40.5	79.5	83.5	78	36.5	77	68	91	57.5	61.5	27	
52.5	34.5	44.5	54	49.5	43	58.5	56.5	49.5	51.5	49	36	31.5	56	53	13	26	58.5	39.5	49.5	33.5	65	48.5	60.5	0	55	45	55	42.5	51.5	40	57	33	44.5	42.5	65.5	25	33	55	39.5	28.5	46	51.5	32	21.5	33	42	57	47	46	46	47.5	26	67.5	59.5	38	33.5	52.5	28.5	52.5	35.5	17.5	40.5	33	55	36	35	26	32.5	23	56.5	31.5	21	57	57	51	32.5	47	36.5	45	60	40.5	41	1	32.5	37.5	41	3	41.5	1	48	42.5	53.5	39.5	58	57.5	39	44.5	39	65.5	52	31.5	31	55	65	28	51	67.5	42.5	47.5	61.5	37.5	55.5	66.5	18.5	46	49	53	47.5	42	46.5	37.5	60.5	27	31	41.5	
17.5	59.5	34.5	89	74.5	38	23.5	26.5	14.5	31.5	74	31	31.5	1	88	52	61	91.5	29.5	84.5	58.5	90	83.5	89.5	55	0	20	0	42.5	26.5	25	82	28	24.5	22.5	30.5	40	38	0	39.5	28.5	21	26.5	57	46.5	38	77	8	18	21	31	82.5	41	32.5	24.5	43	33.5	22.5	53.5	17.5	49.5	52.5	44.5	38	0	31	30	61	67.5	58	28.5	41.5	46	82	2	16	67.5	8	46.5	70	5	75.5	76	54	32.5	27.5	26	58	76.5	54	37	32.5	78.5	29.5	83	22.5	24	24.5	66	30.5	27	53.5	26	30	30	63	76	32.5	22.5	72.5	88.5	62.5	30.5	31.5	53.5	71	34	12	22.5	67	36.5	47.5	29.5	52	46	76.5	
17.5	49.5	24.5	89	64.5	32	23.5	21.5	14.5	21.5	64	31	21.5	21	82	52	61	81.5	19.5	80.5	48.5	80	81.5	79.5	45	20	0	20	32.5	36.5	25	72	18	14.5	12.5	30.5	40	28	20	29.5	18.5	1	36.5	47	36.5	28	77	28	32	1	21	82.5	31	32.5	24.5	37	33.5	17.5	43.5	17.5	39.5	52.5	34.5	38	20	31	30	61	67.5	58	23.5	31.5	46	72	22	16	57.5	12	38.5	60	25	75.5	76	44	32.5	17.5	24	48	76.5	44	27	32.5	68.5	29.5	73	22.5	14	29.5	56	30.5	37	43.5	16	10	30	57	66	32.5	12.5	62.5	78.5	52.5	40.5	31.5	53.5	61	16	32	32.5	57	28.5	37.5	29.5	48	44	76.5	
17.5	59.5	34.5	89	74.5	38	23.5	26.5	14.5	31.5	74	31	31.5	1	88	52	61	91.5	29.5	84.5	58.5	90	83.5	89.5	55	0	20	0	42.5	26.5	25	82	28	24.5	22.5	30.5	40	38	0	39.5	28.5	21	26.5	57	46.5	38	77	8	18	21	31	82.5	41	32.5	24.5	43	33.5	22.5	53.5	17.5	49.5	52.5	44.5	38	0	31	30	61	67.5	58	28.5	41.5	46	82	2	16	67.5	8	46.5	70	5	75.5	76	54	32.5	27.5	26	58	76.5	54	37	32.5	78.5	29.5	83	22.5	24	24.5	66	30.5	27	53.5	26	30	30	63	76	32.5	22.5	72.5	88.5	62.5	30.5	31.5	53.5	71	34	12	22.5	67	36.5	47.5	29.5	52	46	76.5	
40	57	8	66.5	72	20.5	44	36	37	31	71.5	13.5	29	41.5	65.5	29.5	38.5	71	13	62	54	77.5	61	73	42.5	42.5	32.5	42.5	0	29	17.5	75.5	25.5	32	30	47	17.5	35.5	42.5	33	26	33.5	29	54.5	44	35.5	54.5	34.5	24.5	33.5	31.5	60	38.5	45	43	20.5	9	40	49	40	33	30	28	15.5	42.5	13.5	12.5	38.5	45	35.5	34	39	23.5	75.5	40.5	38.5	45	34.5	24	67.5	37.5	53	53.5	43.5	10	15	18.5	39.5	54	43.5	25.5	20	76	17	74.5	45	26.5	22	51.5	47	29.5	39	23.5	32.5	42.5	40.5	73.5	45	30	70	74	60	33	46	31	66.5	26.5	30.5	25	64.5	24	35	38	29.5	23.5	54	
31	78	37	75.5	87	24.5	15	25	24	30	92.5	17.5	50	25.5	74.5	38.5	47.5	80	42	71	63	86.5	70	82	51.5	26.5	36.5	26.5	29	0	11.5	84.5	46.5	37	39	26	26.5	48.5	26.5	42	47	35.5	0	75.5	65	48.5	63.5	18.5	8.5	35.5	35.5	69	55.5	24	14	29.5	20	29	58	21	42	39	37	24.5	26.5	17.5	16.5	47.5	54	44.5	23	50	32.5	84.5	24.5	29.5	54	30.5	33	86.5	21.5	62	62.5	52.5	19	44	12.5	48.5	63	52.5	29.5	19	93	16	83.5	34	42.5	11	60.5	26	8.5	48	44.5	26.5	21.5	49.5	94.5	24	39	89	83	69	12	25	40	75.5	20.5	14.5	4	79.5	23	44	9	38.5	32.5	63	
42.5	70.5	25.5	64	75.5	13	26.5	18.5	35.5	18.5	81	6	38.5	24	63	27	36	68.5	30.5	59.5	51.5	75	58.5	70.5	40	25	25	25	17.5	11.5	0	73	37	25.5	27.5	29.5	15	37	25	30.5	41.5	24	11.5	68	53.5	37	52	17	7	24	24	57.5	44	27.5	25.5	18	8.5	22.5	46.5	32.5	30.5	27.5	25.5	13	25	6	5	36	42.5	33	16.5	38.5	21	73	23	39	42.5	33	21.5	75	20	50.5	51	41	7.5	32.5	1	37	51.5	41	18	7.5	81.5	4.5	72	37.5	31	4.5	49	29.5	12	36.5	39	15	25	38	89	27.5	27.5	77.5	71.5	57.5	15.5	28.5	28.5	64	9	13	7.5	68	11.5	32.5	20.5	27	21	51.5	
79.5	26.5	71.5	27	21.5	76	85.5	83.5	76.5	78.5	8	69	58.5	83	10	50	39	31.5	66.5	27.5	45.5	32	26.5	31.5	57	82	72	82	75.5	84.5	73	0	60	71.5	69.5	92.5	58	60	82	66.5	55.5	73	84.5	29	43.5	60	25	90	80	73	73	20.5	53	94.5	86.5	71	66.5	79.5	50.5	79.5	66.5	45.5	71.5	66	82	69	68	39	30.5	46	85.5	58.5	54	0	84	78	50.5	74	69.5	22	87	28.5	24	56	65.5	64.5	74	60	29.5	56	79	75.5	20.5	72.5	1	84.5	66	77.5	48	92.5	85	60.5	58	82	92	51	18	94.5	69.5	19.5	30.5	39.5	88.5	93.5	46.5	33	82	86	80.5	29	79.5	64.5	91.5	60	64	29.5	
25.5	37.5	17.5	79	52.5	30	31.5	29.5	22.5	24.5	52	33	9.5	29	70	44	53	69.5	12.5	68.5	36.5	68	69.5	67.5	33	28	18	28	25.5	46.5	37	60	0	17.5	15.5	38.5	32	16	28	17.5	6.5	19	46.5	35	24.5	16	69	36	44	19	19	74.5	19	40.5	32.5	19	30.5	25.5	31.5	25.5	27.5	44.5	22.5	24	28	33	32	53	59.5	50	31.5	19.5	38	60	30	24	45.5	20	26.5	48	33	67.5	68	32	29.5	10.5	38	36	66.5	32	25	35.5	56.5	36.5	61	30.5	12	41.5	44	38.5	49	31.5	2	28	38	45	54	40.5	15.5	50.5	66.5	40.5	52.5	39.5	45.5	49	34	40	44.5	45	31.5	25.5	37.5	36	32	66.5	
22	49	24	84.5	64	31.5	28	26	19	7	63.5	26.5	21	25.5	81.5	47.5	56.5	81	19	80	48	79.5	79	79	44.5	24.5	14.5	24.5	32	37	25.5	71.5	17.5	0	2	35	35.5	27.5	24.5	29	18	15.5	37	46.5	36	27.5	72.5	32.5	32.5	15.5	20.5	78	30.5	37	29	36.5	29	22	43	22	39	48	34	33.5	24.5	26.5	25.5	56.5	63	53.5	28	31	41.5	71.5	26.5	20.5	57	16.5	38	59.5	29.5	71	71.5	43.5	28	17	26.5	47.5	72	43.5	26.5	18	68	21	72.5	27	13.5	30	55.5	35	37.5	43	15.5	24.5	34.5	56.5	65.5	37	2	62	78	52	41	36	49	60.5	30.5	36.5	33	56.5	14	37	34	47.5	41.5	72	
20	47	22	86.5	62	29.5	26	24	17	9	61.5	28.5	19	23.5	79.5	49.5	58.5	79	17	78	46	77.5	79	77	42.5	22.5	12.5	22.5	30	39	27.5	69.5	15.5	2	0	33	37.5	25.5	22.5	27	16	13.5	39	44.5	34	25.5	74.5	30.5	34.5	13.5	18.5	80	28.5	35	27	34.5	31	20	41	20	37	50	32	35.5	22.5	28.5	27.5	58.5	65	55.5	26	29	43.5	69.5	24.5	18.5	55	14.5	36	57.5	27.5	73	73.5	41.5	30	15	28.5	45.5	74	41.5	24.5	20	66	23	70.5	25	11.5	32	53.5	33	39.5	41	13.5	22.5	32.5	54.5	63.5	35	0	60	76	50	43	34	51	58.5	28.5	34.5	35	54.5	16	35	32	45.5	41.5	74	
13	70	45	93.5	85	42.5	29	37	20	42	84.5	35.5	42	31.5	92.5	56.5	65.5	98	40	89	69	100.5	88	100	65.5	30.5	30.5	30.5	47	26	29.5	92.5	38.5	35	33	0	44.5	48.5	30.5	50	39	31.5	26	67.5	57	48.5	81.5	36.5	26.5	31.5	41.5	87	51.5	2	30	47.5	38	33	64	23	60	57	55	42.5	30.5	35.5	34.5	65.5	72	62.5	39	52	50.5	92.5	32.5	16.5	72	22.5	51	80.5	35.5	80	80.5	64.5	37	38	30.5	66.5	81	64.5	47.5	37	89	34	93.5	8	34.5	29	76.5	0	21.5	64	36.5	40.5	30.5	67.5	86.5	2	33	83	99	73	14	1	58	81.5	38.5	32.5	22	77.5	41	58	35	56.5	50.5	81	
57.5	55.5	25.5	49	60.5	18	41.5	33.5	50.5	28.5	66	11	28.5	39	48	12	21	53.5	30.5	44.5	36.5	60	43.5	55.5	25	40	40	40	17.5	26.5	15	58	32	35.5	37.5	44.5	0	22	40	20.5	31.5	39	26.5	53	38.5	22	37	32	22	39	29	42.5	29	42.5	40.5	13	8.5	37.5	31.5	47.5	15.5	12.5	15.5	8	40	11	10	21	27.5	18	31.5	23.5	6	58	38	54	27.5	48	11.5	60	35	35.5	36	26	7.5	32.5	16	22	36.5	26	23	17.5	66.5	14.5	57	52.5	36	19.5	34	44.5	27	21.5	34	30	40	23	74	42.5	37.5	62.5	56.5	42.5	30.5	43.5	13.5	49	24	28	22.5	53	21.5	17.5	35.5	12	6	36.5	
35.5	37.5	27.5	71	52.5	40	41.5	39.5	32.5	34.5	52	33	14.5	39	70	34	43	69.5	22.5	66.5	36.5	68	65.5	67.5	33	38	28	38	35.5	48.5	37	60	16	27.5	25.5	48.5	22	0	38	22.5	11.5	29	48.5	35	24.5	0	59	46	44	29	29	64.5	19	50.5	42.5	35	30.5	35.5	31.5	35.5	27.5	34.5	27.5	30	38	33	32	43	49.5	40	41.5	19.5	28	60	40	34	45.5	30	31.5	48	43	57.5	58	32	29.5	20.5	38	36	58.5	32	35	39.5	56.5	36.5	61	40.5	22	41.5	44	48.5	49	31.5	14	38	48	45	54	50.5	25.5	50.5	66.5	40.5	52.5	49.5	35.5	49	44	50	44.5	45	41.5	25.5	47.5	34	16	58.5	
17.5	59.5	34.5	89	74.5	38	23.5	26.5	14.5	31.5	74	31	31.5	1	88	52	61	91.5	29.5	84.5	58.5	90	83.5	89.5	55	0	20	0	42.5	26.5	25	82	28	24.5	22.5	30.5	40	38	0	39.5	28.5	21	26.5	57	46.5	38	77	8	18	21	31	82.5	41	32.5	24.5	43	33.5	22.5	53.5	17.5	49.5	52.5	44.5	38	0	31	30	61	67.5	58	28.5	41.5	46	82	2	16	67.5	8	46.5	70	5	75.5	76	54	32.5	27.5	26	58	76.5	54	37	32.5	78.5	29.5	83	22.5	24	24.5	66	30.5	27	53.5	26	30	30	63	76	32.5	22.5	72.5	88.5	62.5	30.5	31.5	53.5	71	34	12	22.5	67	36.5	47.5	29.5	52	46	76.5	
37	44	29	69.5	59	33.5	43	41	34	36	58.5	26.5	8	40.5	68.5	32.5	41.5	74	24	65	43	74.5	64	74	39.5	39.5	29.5	39.5	33	42	30.5	66.5	17.5	29	27	50	20.5	22.5	39.5	0	11	30.5	42	41.5	31	22.5	57.5	47.5	37.5	30.5	30.5	63	25.5	52	44	28.5	24	37	38	37	34	33	5	23.5	39.5	26.5	25.5	41.5	48	38.5	43	26	26.5	66.5	41.5	35.5	48	31.5	9	54.5	44.5	56	56.5	38.5	23	22	31.5	42.5	57	38.5	36.5	33	63	30	67.5	42	23.5	35	50.5	50	42.5	38	15.5	39.5	49.5	43.5	60.5	52	27	57	73	47	46	51	34	55.5	39.5	43.5	38	51.5	37	32	49	32.5	26.5	57	
26	33	18	74.5	48	30.5	32	30	23	25	47.5	37.5	3	29.5	65.5	41.5	52.5	65	13	64	32	63.5	65	63	28.5	28.5	18.5	28.5	26	47	41.5	55.5	6.5	18	16	39	31.5	11.5	28.5	11	0	19.5	47	30.5	20	11.5	66.5	36.5	46.5	19.5	19.5	74	14.5	41	33	25.5	35	26	27	26	23	44	16	30.5	28.5	37.5	36.5	52.5	59	45.5	32	15	37.5	55.5	30.5	24.5	41	20.5	20	43.5	33.5	63	67.5	27.5	34	11	42.5	31.5	62	27.5	25.5	36	52	39	56.5	31	12.5	44	39.5	39	51.5	27	4.5	28.5	38.5	40.5	49.5	41	16	46	62	36	53	40	45	44.5	34.5	40.5	49	40.5	32	21	38	31.5	27.5	62	
18.5	50.5	25.5	88	65.5	33	24.5	22.5	15.5	22.5	65	30	22.5	22	83	51	60	82.5	20.5	81.5	49.5	81	82.5	80.5	46	21	1	21	33.5	35.5	24	73	19	15.5	13.5	31.5	39	29	21	30.5	19.5	0	35.5	48	37.5	29	76	29	31	0	22	81.5	32	33.5	25.5	38	32.5	18.5	44.5	18.5	40.5	51.5	35.5	37	21	30	29	60	66.5	57	24.5	32.5	45	73	23	17	58.5	13	39.5	61	26	74.5	75	45	31.5	18.5	23	49	75.5	45	28	31.5	69.5	28.5	74	23.5	15	28.5	57	31.5	36	44.5	17	9	31	58	67	33.5	13.5	63.5	79.5	53.5	39.5	32.5	52.5	62	15	33	31.5	58	29.5	38.5	30.5	49	45	75.5	
31	78	37	75.5	87	24.5	15	25	24	30	92.5	17.5	50	25.5	74.5	38.5	47.5	80	42	71	63	86.5	70	82	51.5	26.5	36.5	26.5	29	0	11.5	84.5	46.5	37	39	26	26.5	48.5	26.5	42	47	35.5	0	75.5	65	48.5	63.5	18.5	8.5	35.5	35.5	69	55.5	24	14	29.5	20	29	58	21	42	39	37	24.5	26.5	17.5	16.5	47.5	54	44.5	23	50	32.5	84.5	24.5	29.5	54	30.5	33	86.5	21.5	62	62.5	52.5	19	44	12.5	48.5	63	52.5	29.5	19	93	16	83.5	34	42.5	11	60.5	26	8.5	48	44.5	26.5	21.5	49.5	94.5	24	39	89	83	69	12	25	40	75.5	20.5	14.5	4	79.5	23	44	9	38.5	32.5	63	
54.5	6.5	46.5	48	21.5	59	60.5	58.5	51.5	53.5	21	64	33.5	58	39	45	34	38.5	41.5	37.5	20.5	37	38.5	36.5	32	57	47	57	54.5	75.5	68	29	35	46.5	44.5	67.5	53	35	57	41.5	30.5	48	75.5	0	18.5	35	40	65	75	48	48	45.5	28	69.5	61.5	54	61.5	54.5	25.5	54.5	41.5	40.5	46.5	59	57	64	63	34	30.5	39	60.5	33.5	49	29	59	53	29.5	49	50.5	17	62	36.5	39	31	60.5	39.5	69	35	35.5	31	54	64.5	25.5	67.5	30	59.5	41	72.5	23	67.5	80	35.5	33	57	67	34	23	69.5	44.5	19.5	35.5	14.5	81.5	68.5	41.5	18	63	69	75.5	14	60.5	39.5	66.5	45	51	35.5	
44	21	36	62.5	36	48.5	50	48	41	43	35.5	49.5	23	47.5	53.5	30.5	34.5	53	31	52	20	51.5	53	51	21.5	46.5	36.5	46.5	44	65	53.5	43.5	24.5	36	34	57	38.5	24.5	46.5	31	20	37.5	65	18.5	0	24.5	50.5	54.5	60.5	37.5	37.5	56	17.5	59	51	43.5	47	44	7	44	31	26	36	46.5	46.5	49.5	48.5	34.5	41	31.5	50	23	34.5	43.5	48.5	42.5	29	38.5	40	31.5	51.5	49	49.5	20.5	46	29	54.5	24.5	50	20.5	43.5	54	40	53	44.5	49	30.5	58	27.5	57	65.5	25	22.5	46.5	56.5	28.5	37.5	59	34	34	50	24	69	58	25	32.5	52.5	58.5	61	28.5	50	29	56	34.5	40.5	50	
35.5	37.5	27.5	71	52.5	40	41.5	39.5	32.5	34.5	52	33	14.5	39	70	34	43	69.5	22.5	66.5	36.5	68	65.5	67.5	33	38	28	38	35.5	48.5	37	60	16	27.5	25.5	48.5	22	0	38	22.5	11.5	29	48.5	35	24.5	0	59	46	44	29	29	64.5	19	50.5	42.5	35	30.5	35.5	31.5	35.5	27.5	34.5	27.5	30	38	33	32	43	49.5	40	41.5	19.5	28	60	40	34	45.5	30	31.5	48	43	57.5	58	32	29.5	20.5	38	36	58.5	32	35	39.5	56.5	36.5	61	40.5	22	41.5	44	48.5	49	31.5	14	38	48	45	54	50.5	25.5	50.5	66.5	40.5	52.5	49.5	35.5	49	44	50	44.5	45	41.5	25.5	47.5	34	16	58.5	
90.5	37.5	62.5	16	27.5	55	78.5	70.5	87.5	65.5	33	48	65.5	76	15	29	18	20.5	67.5	11.5	38.5	27	10.5	22.5	42	77	77	77	54.5	63.5	52	25	69	72.5	74.5	81.5	37	59	77	57.5	66.5	76	63.5	40	50.5	59	0	69	59	76	66	9.5	56	79.5	77.5	50	45.5	74.5	43.5	84.5	47.5	24.5	52.5	45	77	48	47	18	9.5	25	68.5	55.5	33	25	75	89	29.5	85	48.5	23	72	7.5	1	43	44.5	69.5	53	39	8.5	43	60	54.5	33.5	51.5	24	89.5	73	56.5	31	81.5	64	43.5	69	67	77	30	39	79.5	74.5	29.5	23.5	34.5	67.5	80.5	25.5	26	61	65	59.5	30	58.5	49.5	72.5	39	43	8.5	
25.5	67.5	42.5	81	82.5	30	31.5	30.5	22.5	35.5	82	23	39.5	7	80	44	53	85.5	37.5	76.5	66.5	92	75.5	87.5	57	8	28	8	34.5	18.5	17	90	36	32.5	30.5	36.5	32	46	8	47.5	36.5	29	18.5	65	54.5	46	69	0	10	29	39	74.5	49	34.5	32.5	35	25.5	30.5	61.5	25.5	47.5	44.5	42.5	30	8	23	22	53	59.5	50	28.5	49.5	38	90	6	24	59.5	16	38.5	78	3	67.5	68	58	24.5	35.5	18	54	68.5	58	35	24.5	86.5	21.5	89	30.5	32	16.5	66	36.5	19	53.5	34	32	32	55	84	34.5	30.5	80.5	88.5	70.5	22.5	35.5	45.5	79	26	4	14.5	75	28.5	49.5	27.5	44	38	68.5	
35.5	77.5	32.5	71	82.5	20	23.5	20.5	32.5	25.5	88	13	45.5	17	70	34	43	75.5	37.5	66.5	58.5	82	65.5	77.5	47	18	32	18	24.5	8.5	7	80	44	32.5	34.5	26.5	22	44	18	37.5	46.5	31	8.5	75	60.5	44	59	10	0	31	31	64.5	51	24.5	22.5	25	15.5	24.5	53.5	29.5	37.5	34.5	32.5	20	18	13	12	43	49.5	40	18.5	45.5	28	80	16	34	49.5	26	28.5	82	13	57.5	58	48	14.5	39.5	8	44	58.5	48	25	14.5	88.5	11.5	79	34.5	38	6.5	56	26.5	9	43.5	44	22	22	45	94	24.5	34.5	84.5	78.5	64.5	12.5	25.5	35.5	71	16	6	4.5	75	18.5	39.5	17.5	34	28	58.5	
18.5	50.5	25.5	88	65.5	33	24.5	22.5	15.5	22.5	65	30	22.5	22	83	51	60	82.5	20.5	81.5	49.5	81	82.5	80.5	46	21	1	21	33.5	35.5	24	73	19	15.5	13.5	31.5	39	29	21	30.5	19.5	0	35.5	48	37.5	29	76	29	31	0	22	81.5	32	33.5	25.5	38	32.5	18.5	44.5	18.5	40.5	51.5	35.5	37	21	30	29	60	66.5	57	24.5	32.5	45	73	23	17	58.5	13	39.5	61	26	74.5	75	45	31.5	18.5	23	49	75.5	45	28	31.5	69.5	28.5	74	23.5	15	28.5	57	31.5	36	44.5	17	9	31	58	67	33.5	13.5	63.5	79.5	53.5	39.5	32.5	52.5	62	15	33	31.5	58	29.5	38.5	30.5	49	45	75.5	
28.5	50.5	25.5	78	65.5	11	34.5	32.5	25.5	27.5	65	18	22.5	32	77	41	50	82.5	20.5	73.5	49.5	81	72.5	80.5	46	31	21	31	31.5	35.5	24	73	19	20.5	18.5	41.5	29	29	31	30.5	19.5	22	35.5	48	37.5	29	66	39	31	22	0	71.5	32	43.5	35.5	32	22.5	28.5	44.5	28.5	40.5	41.5	35.5	27	31	18	19	50	56.5	47	34.5	32.5	35	73	33	27	56.5	23	35.5	61	36	64.5	65	45	21.5	18.5	25	49	65.5	45	6	26.5	69.5	23.5	74	33.5	7	28.5	57	41.5	36	44.5	17	31	41	52	67	43.5	18.5	63.5	79.5	53.5	39.5	42.5	42.5	62	33	37	31.5	58	30.5	38.5	40.5	41	35	65.5	
100	43	68	6.5	28	60.5	84	76	93	71	28.5	53.5	71	81.5	10.5	34.5	23.5	11	73	12	44	17.5	11	13	47.5	82.5	82.5	82.5	60	69	57.5	20.5	74.5	78	80	87	42.5	64.5	82.5	63	74	81.5	69	45.5	56	64.5	9.5	74.5	64.5	81.5	71.5	0	61.5	85	83	55.5	51	80	49	90	53	30	58	50.5	82.5	53.5	52.5	23.5	15	30.5	74	61	38.5	20.5	80.5	96.5	35	90.5	54	32.5	77.5	13	8.5	48.5	50	75	58.5	44.5	14	48.5	65.5	60	24	57	19.5	95	78.5	62	36.5	87	69.5	49	76.5	72.5	82.5	35.5	31.5	85	80	30	14	40	73	86	31	31.5	66.5	70.5	65	35.5	64	55	78	44.5	48.5	14	
38.5	30.5	30.5	68	45.5	43	44.5	42.5	35.5	37.5	45	40	17.5	42	63	31	40	62.5	25.5	61.5	29.5	61	62.5	60.5	26	41	31	41	38.5	55.5	44	53	19	30.5	28.5	51.5	29	19	41	25.5	14.5	32	55.5	28	17.5	19	56	49	51	32	32	61.5	0	53.5	45.5	38	37.5	38.5	24.5	38.5	25.5	31.5	30.5	37	41	40	39	40	46.5	37	44.5	17.5	23	53	43	37	38.5	33	34.5	41	46	54.5	55	25	36.5	23.5	45	29	55.5	25	38	46.5	49.5	43.5	54	43.5	25	48.5	37	51.5	56	24.5	17	41	51	38	47	53.5	28.5	43.5	59.5	33.5	59.5	52.5	32.5	42	47	53	51.5	38	44.5	23.5	50.5	17	35	55.5	
15	72	47	91.5	87	40.5	31	39	22	44	86.5	33.5	44	33.5	90.5	54.5	63.5	96	42	87	71	102.5	86	98	67.5	32.5	32.5	32.5	45	24	27.5	94.5	40.5	37	35	2	42.5	50.5	32.5	52	41	33.5	24	69.5	59	50.5	79.5	34.5	24.5	33.5	43.5	85	53.5	0	32	45.5	36	35	66	25	58	55	53	40.5	32.5	33.5	32.5	63.5	70	60.5	39	54	48.5	94.5	34.5	18.5	70	24.5	49	82.5	37.5	78	78.5	66.5	35	40	28.5	64.5	79	66.5	45.5	35	91	32	95.5	10	36.5	27	76.5	2	19.5	64	38.5	42.5	32.5	65.5	88.5	0	35	85	99	75	12	1	56	83.5	36.5	30.5	20	79.5	39	60	33	54.5	48.5	79	
17	64	39	89.5	79	38.5	1	31	10	36	78.5	31.5	36	25.5	88.5	52.5	61.5	94	34	85	63	94.5	84	94	59.5	24.5	24.5	24.5	43	14	25.5	86.5	32.5	29	27	30	40.5	42.5	24.5	44	33	25.5	14	61.5	51	42.5	77.5	32.5	22.5	25.5	35.5	83	45.5	32	0	43.5	34	27	58	7	54	53	49	38.5	24.5	31.5	30.5	61.5	68	58.5	33	46	46.5	86.5	26.5	15.5	68	16.5	47	74.5	29.5	76	76.5	58.5	33	32	26.5	62.5	77	58.5	41.5	33	83	30	87.5	22	28.5	25	70.5	30	22.5	58	30.5	34.5	29.5	63.5	80.5	32	27	77	93	67	26	31	54	75.5	34.5	28.5	18	71.5	37	52	5	52.5	46.5	77	
44.5	56.5	28.5	62	71.5	21	44.5	36.5	41.5	31.5	71	14	28.5	42	61	25	34	66.5	31.5	57.5	49.5	73	56.5	68.5	38	43	37	43	20.5	29.5	18	71	19	36.5	34.5	47.5	13	35	43	28.5	25.5	38	29.5	54	43.5	35	50	35	25	38	32	55.5	38	45.5	43.5	0	11.5	40.5	44.5	44.5	28.5	25.5	23.5	5	43	14	13	34	40.5	31	34.5	36.5	19	71	41	43	40.5	39	19.5	67	38	48.5	49	39	10.5	29.5	19	35	49.5	39	26	20.5	75.5	17.5	70	49.5	31	22.5	47	47.5	30	34.5	21	33	43	36	73	45.5	34.5	69.5	69.5	55.5	33.5	46.5	26.5	62	27	31	25.5	64	24.5	30.5	38.5	25	19	49.5	
49	64	17	57.5	69	11.5	35	27	44	22	74.5	4.5	32	32.5	56.5	20.5	29.5	62	22	53	45	68.5	52	64	33.5	33.5	33.5	33.5	9	20	8.5	66.5	30.5	29	31	38	8.5	30.5	33.5	24	35	32.5	20	61.5	47	30.5	45.5	25.5	15.5	32.5	22.5	51	37.5	36	34	11.5	0	31	40	41	24	21	19	6.5	33.5	4.5	3.5	29.5	36	26.5	25	32	14.5	66.5	31.5	47.5	36	41.5	15	68.5	28.5	44	44.5	34.5	1	24	9.5	30.5	45	34.5	16.5	11	75	8	65.5	46	29.5	13	42.5	38	20.5	30	32.5	23.5	33.5	31.5	82.5	36	31	71	65	51	24	37	22	57.5	17.5	21.5	16	61.5	15	26	29	20.5	14.5	45	
20	57	32	86.5	72	35.5	26	4	17	29	71.5	28.5	29	23.5	85.5	49.5	58.5	89	27	82	56	87.5	81	87	52.5	22.5	17.5	22.5	40	29	22.5	79.5	25.5	22	20	33	37.5	35.5	22.5	37	26	18.5	29	54.5	44	35.5	74.5	30.5	24.5	18.5	28.5	80	38.5	35	27	40.5	31	0	51	20	47	50	42	35.5	22.5	28.5	27.5	58.5	65	55.5	6	39	43.5	79.5	24.5	18.5	65	14.5	44	67.5	27.5	73	73.5	51.5	30	25	23.5	55.5	74	51.5	34.5	30	76	27	80.5	25	21.5	18	63.5	33	29.5	51	23.5	27.5	32.5	60.5	73.5	35	20	70	86	60	33	34	51	68.5	31.5	30.5	25	64.5	34	45	32	49.5	43.5	74	
51	28	43	55.5	43	49.5	57	55	48	50	42.5	42.5	30	54.5	54.5	23.5	27.5	60	38	51	27	58.5	50	58	28.5	53.5	43.5	53.5	49	58	46.5	50.5	31.5	43	41	64	31.5	31.5	53.5	38	27	44.5	58	25.5	7	31.5	43.5	61.5	53.5	44.5	44.5	49	24.5	66	58	44.5	40	51	0	51	38	19	43	39.5	53.5	42.5	41.5	27.5	34	24.5	57	30	27.5	50.5	55.5	49.5	34	45.5	43	38.5	58.5	42	42.5	27.5	39	36	47.5	31.5	43	27.5	50.5	49	47	46	51.5	56	37.5	51	34.5	64	58.5	32	29.5	53.5	63.5	29.5	44.5	66	41	41	57	31	62	65	18	39.5	55.5	59.5	54	35.5	53	36	63	33.5	37.5	43	
10	57	32	96.5	72	39.5	6	24	3	29	71.5	38.5	29	18.5	89.5	59.5	68.5	89	27	88	56	87.5	89	87	52.5	17.5	17.5	17.5	40	21	32.5	79.5	25.5	22	20	23	47.5	35.5	17.5	37	26	18.5	21	54.5	44	35.5	84.5	25.5	29.5	18.5	28.5	90	38.5	25	7	44.5	41	20	51	0	47	60	42	45.5	17.5	38.5	37.5	68.5	75	65.5	26	39	53.5	79.5	19.5	8.5	65	9.5	46	67.5	22.5	83	83.5	51.5	40	25	33.5	55.5	84	51.5	34.5	40	76	37	80.5	15	21.5	32	63.5	23	29.5	51	23.5	27.5	22.5	64.5	73.5	25	20	70	86	60	33	24	61	68.5	33.5	29.5	25	64.5	36	45	12	55.5	51.5	84	
47	44	39	59.5	59	33.5	53	49	44	44	58.5	26.5	26	50.5	58.5	22.5	31.5	64	34	55	43	70.5	54	66	35.5	49.5	39.5	49.5	33	42	30.5	66.5	27.5	39	37	60	15.5	27.5	49.5	34	23	40.5	42	41.5	31	27.5	47.5	47.5	37.5	40.5	40.5	53	25.5	58	54	28.5	24	47	38	47	0	23	31	23.5	49.5	26.5	25.5	31.5	38	28.5	47	8	16.5	66.5	51.5	45.5	38	41.5	27	54.5	50.5	46	46.5	36.5	23	32	31.5	32.5	47	36.5	38.5	33	63	30	67.5	52	33.5	35	44.5	60	42.5	32	25.5	45.5	55.5	33.5	60.5	58	37	57	67	47	46	59	24	55.5	39.5	43.5	38	51.5	37	2	51	22.5	21.5	47	
70	43	38	36.5	48	30.5	54	46	63	41	53.5	23.5	41	51.5	35.5	4.5	8.5	41	43	32	24	47.5	31	43	17.5	52.5	52.5	52.5	30	39	27.5	45.5	44.5	48	50	57	12.5	34.5	52.5	33	44	51.5	39	40.5	26	34.5	24.5	44.5	34.5	51.5	41.5	30	31.5	55	53	25.5	21	50	19	60	23	0	28	20.5	52.5	23.5	22.5	8.5	15	5.5	44	31	8.5	45.5	50.5	66.5	15	60.5	24	47.5	47.5	23	23.5	18.5	20	45	28.5	14.5	24	18.5	35.5	30	54	27	44.5	65	48.5	32	21.5	57	39.5	19	46.5	42.5	52.5	10.5	61.5	55	50	50	44	30	43	56	1	36.5	36.5	40.5	35	40.5	34	25	48	14.5	18.5	24	
42	49	34	64.5	64	28.5	48	44	39	39	63.5	21.5	13	45.5	63.5	27.5	36.5	69	29	60	48	75.5	59	71	40.5	44.5	34.5	44.5	28	37	25.5	71.5	22.5	34	32	55	15.5	27.5	44.5	5	16	35.5	37	46.5	36	27.5	52.5	42.5	32.5	35.5	35.5	58	30.5	53	49	23.5	19	42	43	42	31	28	0	18.5	44.5	21.5	20.5	36.5	43	33.5	42	31	21.5	71.5	46.5	40.5	43	36.5	4	59.5	45.5	51	51.5	41.5	18	27	26.5	37.5	52	41.5	33.5	28	68	25	72.5	47	28.5	30	49.5	55	37.5	37	20.5	40.5	50.5	38.5	65.5	53	32	62	72	52	41	54	29	60.5	34.5	38.5	33	56.5	32	33	46	27.5	21.5	52	
49.5	61.5	23.5	57	68.5	16	39.5	31.5	46.5	26.5	74	9	31.5	37	56	20	29	61.5	28.5	52.5	44.5	68	51.5	63.5	33	38	38	38	15.5	24.5	13	66	24	33.5	35.5	42.5	8	30	38	23.5	30.5	37	24.5	59	46.5	30	45	30	20	37	27	50.5	37	40.5	38.5	5	6.5	35.5	39.5	45.5	23.5	20.5	18.5	0	38	9	8	29	35.5	26	29.5	31.5	14	66	36	48	35.5	44	14.5	68	33	43.5	44	34	5.5	30.5	14	30	44.5	34	21	15.5	74.5	12.5	65	50.5	34	17.5	42	42.5	25	29.5	26	28	38	31	78	40.5	35.5	70.5	64.5	50.5	28.5	41.5	21.5	57	22	26	20.5	61	19.5	25.5	33.5	20	14	44.5	
17.5	59.5	34.5	89	74.5	38	23.5	26.5	14.5	31.5	74	31	31.5	1	88	52	61	91.5	29.5	84.5	58.5	90	83.5	89.5	55	0	20	0	42.5	26.5	25	82	28	24.5	22.5	30.5	40	38	0	39.5	28.5	21	26.5	57	46.5	38	77	8	18	21	31	82.5	41	32.5	24.5	43	33.5	22.5	53.5	17.5	49.5	52.5	44.5	38	0	31	30	61	67.5	58	28.5	41.5	46	82	2	16	67.5	8	46.5	70	5	75.5	76	54	32.5	27.5	26	58	76.5	54	37	32.5	78.5	29.5	83	22.5	24	24.5	66	30.5	27	53.5	26	30	30	63	76	32.5	22.5	72.5	88.5	62.5	30.5	31.5	53.5	71	34	12	22.5	67	36.5	47.5	29.5	52	46	76.5	
46.5	66.5	21.5	60	71.5	7	32.5	24.5	41.5	19.5	77	0	34.5	30	59	23	32	64.5	26.5	55.5	47.5	71	54.5	66.5	36	31	31	31	13.5	17.5	6	69	33	26.5	28.5	35.5	11	33	31	26.5	37.5	30	17.5	64	49.5	33	48	23	13	30	18	53.5	40	33.5	31.5	14	4.5	28.5	42.5	38.5	26.5	23.5	21.5	9	31	0	1	32	38.5	29	22.5	34.5	17	69	29	45	38.5	39	17.5	71	26	46.5	47	37	3.5	28.5	7	33	47.5	37	12	8.5	77.5	5.5	68	43.5	25	10.5	45	35.5	18	32.5	35	21	31	34	85	33.5	28.5	73.5	67.5	53.5	21.5	34.5	24.5	60	15	19	13.5	64	12.5	28.5	26.5	23	17	47.5	
47.5	65.5	20.5	59	70.5	8	31.5	23.5	40.5	18.5	76	1	33.5	29	58	22	31	63.5	25.5	54.5	46.5	70	53.5	65.5	35	30	30	30	12.5	16.5	5	68	32	25.5	27.5	34.5	10	32	30	25.5	36.5	29	16.5	63	48.5	32	47	22	12	29	19	52.5	39	32.5	30.5	13	3.5	27.5	41.5	37.5	25.5	22.5	20.5	8	30	1	0	31	37.5	28	21.5	33.5	16	68	28	44	37.5	38	16.5	70	25	45.5	46	36	2.5	27.5	6	32	46.5	36	13	7.5	76.5	4.5	67	42.5	26	9.5	44	34.5	17	31.5	34	20	30	33	84	32.5	27.5	72.5	66.5	52.5	20.5	33.5	23.5	59	14	18	12.5	63	11.5	27.5	25.5	22	16	46.5	
76.5	36.5	46.5	30	41.5	39	62.5	54.5	71.5	49.5	47	32	49.5	60	29	13	0	34.5	51.5	25.5	22.5	41	24.5	36.5	26	61	61	61	38.5	47.5	36	39	53	56.5	58.5	65.5	21	43	61	41.5	52.5	60	47.5	34	34.5	43	18	53	43	60	50	23.5	40	63.5	61.5	34	29.5	58.5	27.5	68.5	31.5	8.5	36.5	29	61	32	31	0	8.5	9	52.5	39.5	17	39	59	75	13.5	69	32.5	41	56	16.5	17	27	28.5	53.5	37	23	17.5	27	44	38.5	47.5	35.5	38	73.5	57	40.5	13	65.5	48	27.5	55	51	61	14	55	63.5	58.5	43.5	37.5	23.5	51.5	64.5	9.5	30	45	49	43.5	34	42.5	33.5	56.5	23	27	17.5	
85	28	53	21.5	33	45.5	69	61	78	56	38.5	38.5	56	66.5	20.5	19.5	8.5	26	58	17	29	32.5	16	28	32.5	67.5	67.5	67.5	45	54	42.5	30.5	59.5	63	65	72	27.5	49.5	67.5	48	59	66.5	54	30.5	41	49.5	9.5	59.5	49.5	66.5	56.5	15	46.5	70	68	40.5	36	65	34	75	38	15	43	35.5	67.5	38.5	37.5	8.5	0	15.5	59	46	23.5	30.5	65.5	81.5	20	75.5	39	32.5	62.5	8	8.5	33.5	35	60	43.5	29.5	9	33.5	50.5	45	39	42	29.5	80	63.5	47	21.5	72	54.5	34	61.5	57.5	67.5	20.5	46.5	70	65	35	29	25	58	71	16	21.5	51.5	55.5	50	25.5	49	40	63	29.5	33.5	9	
69.5	41.5	43.5	37	48.5	36	59.5	51.5	66.5	46.5	54	29	46.5	57	36	10	9	41.5	48.5	32.5	24.5	48	31.5	43.5	23	58	58	58	35.5	44.5	33	46	50	53.5	55.5	62.5	18	40	58	38.5	45.5	57	44.5	39	31.5	40	25	50	40	57	47	30.5	37	60.5	58.5	31	26.5	55.5	24.5	65.5	28.5	5.5	33.5	26	58	29	28	9	15.5	0	49.5	36.5	14	46	56	68	15.5	64	29.5	48	53	23.5	24	24	25.5	50.5	34	20	24.5	24	41	35.5	54.5	32.5	45	70.5	54	37.5	22	62.5	45	24.5	48	48	58	5	58	60.5	55.5	50.5	44.5	30.5	48.5	61.5	6.5	37	42	46	40.5	41	39.5	30.5	53.5	20	24	24.5	
26	63	38	80.5	78	29.5	32	2	23	35	77.5	22.5	35	29.5	79.5	43.5	52.5	85	33	76	62	91.5	75	87	56.5	28.5	23.5	28.5	34	23	16.5	85.5	31.5	28	26	39	31.5	41.5	28.5	43	32	24.5	23	60.5	50	41.5	68.5	28.5	18.5	24.5	34.5	74	44.5	39	33	34.5	25	6	57	26	47	44	42	29.5	28.5	22.5	21.5	52.5	59	49.5	0	45	37.5	85.5	30.5	24.5	59	20.5	38	73.5	31.5	67	67.5	57.5	24	31	17.5	53.5	68	57.5	34.5	24	82	21	86.5	31	27.5	12	65.5	39	23.5	53	29.5	31.5	36.5	54.5	79.5	39	26	76	88	66	27	40	45	74.5	25.5	24.5	19	70.5	28	49	32	43.5	37.5	68	
39	36	31	67.5	51	41.5	45	43	36	38	50.5	34.5	18	42.5	66.5	30.5	39.5	68	26	63	35	66.5	62	66	31.5	41.5	31.5	41.5	39	50	38.5	58.5	19.5	31	29	52	23.5	19.5	41.5	26	15	32.5	50	33.5	23	19.5	55.5	49.5	45.5	32.5	32.5	61	17.5	54	46	36.5	32	39	30	39	8	31	31	31.5	41.5	34.5	33.5	39.5	46	36.5	45	0	24.5	58.5	43.5	37.5	44	33.5	35	46.5	46.5	54	54.5	30.5	31	24	39.5	34.5	55	30.5	38.5	41	55	38	59.5	44	25.5	43	42.5	52	50.5	30	17.5	41.5	51.5	41.5	52.5	54	29	49	65	39	54	53	32	47.5	47.5	51.5	46	43.5	45	6	51	30.5	29.5	55	
61.5	51.5	31.5	45	56.5	24	47.5	39.5	56.5	34.5	62	17	34.5	45	44	8	17	49.5	36.5	40.5	32.5	56	39.5	51.5	21	46	46	46	23.5	32.5	21	54	38	41.5	43.5	50.5	6	28	46	26.5	37.5	45	32.5	49	34.5	28	33	38	28	45	35	38.5	23	48.5	46.5	19	14.5	43.5	27.5	53.5	16.5	8.5	21.5	14	46	17	16	17	23.5	14	37.5	24.5	0	54	44	60	23.5	54	17.5	56	41	31.5	32	22	13.5	38.5	22	18	32.5	22	29	23.5	62.5	20.5	53	58.5	42	25.5	30	50.5	33	17.5	40	36	46	19	70	48.5	43.5	58.5	52.5	38.5	36.5	49.5	9.5	45	30	34	28.5	49	27.5	18.5	41.5	6	12	32.5	
79.5	26.5	71.5	27	21.5	76	85.5	83.5	76.5	78.5	8	69	58.5	83	10	50	39	31.5	66.5	27.5	45.5	32	26.5	31.5	57	82	72	82	75.5	84.5	73	0	60	71.5	69.5	92.5	58	60	82	66.5	55.5	73	84.5	29	43.5	60	25	90	80	73	73	20.5	53	94.5	86.5	71	66.5	79.5	50.5	79.5	66.5	45.5	71.5	66	82	69	68	39	30.5	46	85.5	58.5	54	0	84	78	50.5	74	69.5	22	87	28.5	24	56	65.5	64.5	74	60	29.5	56	79	75.5	20.5	72.5	1	84.5	66	77.5	48	92.5	85	60.5	58	82	92	51	18	94.5	69.5	19.5	30.5	39.5	88.5	93.5	46.5	33	82	86	80.5	29	79.5	64.5	91.5	60	64	29.5	
19.5	61.5	36.5	87	76.5	36	25.5	28.5	16.5	33.5	76	29	33.5	1	86	50	59	91.5	31.5	82.5	60.5	92	81.5	91.5	57	2	22	2	40.5	24.5	23	84	30	26.5	24.5	32.5	38	40	2	41.5	30.5	23	24.5	59	48.5	40	75	6	16	23	33	80.5	43	34.5	26.5	41	31.5	24.5	55.5	19.5	51.5	50.5	46.5	36	2	29	28	59	65.5	56	30.5	43.5	44	84	0	18	65.5	10	44.5	72	3	73.5	74	56	30.5	29.5	24	60	74.5	56	39	30.5	80.5	27.5	85	24.5	26	22.5	68	32.5	25	55.5	28	32	32	61	78	34.5	24.5	74.5	90.5	64.5	28.5	33.5	51.5	73	32	10	20.5	69	34.5	49.5	31.5	50	44	74.5	
3.5	55.5	30.5	97	70.5	38	14.5	22.5	5.5	27.5	70	45	27.5	17	88	64	75	87.5	25.5	86.5	54.5	86	87.5	85.5	51	16	16	16	38.5	29.5	39	78	24	20.5	18.5	16.5	54	34	16	35.5	24.5	17	29.5	53	42.5	34	89	24	34	17	27	96.5	37	18.5	15.5	43	47.5	18.5	49.5	8.5	45.5	66.5	40.5	48	16	45	44	75	81.5	68	24.5	37.5	60	78	18	0	63.5	8	44.5	66	21	85.5	90	50	46.5	23.5	40	54	84.5	50	33	38.5	74.5	41.5	79	8.5	20	36.5	62	16.5	27	49.5	22	26	14	63	72	18.5	18.5	68.5	84.5	58.5	30.5	17.5	67.5	67	32	28	31.5	63	34.5	43.5	20.5	54	50	84.5	
65	32	53	41.5	47	45.5	69	61	62	56	46.5	38.5	44	66.5	40.5	19.5	13.5	46	52	37	9	52.5	36	48	32.5	67.5	57.5	67.5	45	54	42.5	50.5	45.5	57	55	72	27.5	45.5	67.5	48	41	58.5	54	29.5	29	45.5	29.5	59.5	49.5	58.5	56.5	35	38.5	70	68	40.5	36	65	34	65	38	15	43	35.5	67.5	38.5	37.5	13.5	20	15.5	59	44	23.5	50.5	65.5	63.5	0	59.5	39	42.5	62.5	28	28.5	33.5	35	50	43.5	29.5	29	33.5	50.5	45	51	42	49.5	70	51.5	47	26.5	72	54.5	34	43.5	57.5	67.5	20.5	48.5	70	55	45	49	35	58	71	16	41.5	51.5	55.5	50	39.5	49	40	63	29.5	33.5	29	
9.5	51.5	26.5	93	66.5	34	15.5	18.5	6.5	23.5	66	39	23.5	9	84	60	69	83.5	21.5	82.5	50.5	82	83.5	81.5	47	8	12	8	34.5	30.5	33	74	20	16.5	14.5	22.5	48	30	8	31.5	20.5	13	30.5	49	38.5	30	85	16	26	13	23	90.5	33	24.5	16.5	39	41.5	14.5	45.5	9.5	41.5	60.5	36.5	44	8	39	38	69	75.5	64	20.5	33.5	54	74	10	8	59.5	0	40.5	62	13	81.5	84	46	40.5	19.5	34	50	80.5	46	29	34.5	70.5	37.5	75	14.5	16	32.5	58	22.5	35	45.5	18	22	22	59	68	24.5	14.5	64.5	80.5	54.5	36.5	23.5	61.5	63	28	20	30.5	59	30.5	39.5	21.5	50	46	80.5	
46	53	32	60.5	68	24.5	48	40	43	35	67.5	17.5	17	45.5	59.5	23.5	32.5	65	33	56	48	71.5	55	67	36.5	46.5	38.5	46.5	24	33	21.5	69.5	26.5	38	36	51	11.5	31.5	46.5	9	20	39.5	33	50.5	40	31.5	48.5	38.5	28.5	39.5	35.5	54	34.5	49	47	19.5	15	44	43	46	27	24	4	14.5	46.5	17.5	16.5	32.5	39	29.5	38	35	17.5	69.5	44.5	44.5	39	40.5	0	63.5	41.5	47	47.5	37.5	14	31	22.5	33.5	48	37.5	29.5	24	72	21	68.5	51	32.5	26	45.5	51	33.5	33	24.5	36.5	46.5	34.5	69.5	49	36	66	68	54	37	50	25	60.5	30.5	34.5	29	60.5	28	29	42	23.5	17.5	48	
67.5	14.5	59.5	39	14.5	72	73.5	71.5	64.5	66.5	14	71	46.5	71	32	52	41	31.5	54.5	30.5	33.5	30	31.5	29.5	45	70	60	70	67.5	86.5	75	22	48	59.5	57.5	80.5	60	48	70	54.5	43.5	61	86.5	17	31.5	48	23	78	82	61	61	32.5	41	82.5	74.5	67	68.5	67.5	38.5	67.5	54.5	47.5	59.5	68	70	71	70	41	32.5	48	73.5	46.5	56	22	72	66	42.5	62	63.5	0	75	30.5	24	44	67.5	52.5	76	48	31.5	44	67	77.5	18.5	74.5	23	72.5	54	79.5	36	80.5	87	48.5	46	70	80	47	16	82.5	57.5	12.5	28.5	27.5	90.5	81.5	48.5	21	76	82	82.5	17	73.5	52.5	79.5	58	64	31.5	
22.5	64.5	39.5	84	79.5	33	28.5	31.5	19.5	36.5	79	26	36.5	4	83	47	56	88.5	34.5	79.5	63.5	95	78.5	90.5	60	5	25	5	37.5	21.5	20	87	33	29.5	27.5	35.5	35	43	5	44.5	33.5	26	21.5	62	51.5	43	72	3	13	26	36	77.5	46	37.5	29.5	38	28.5	27.5	58.5	22.5	50.5	47.5	45.5	33	5	26	25	56	62.5	53	31.5	46.5	41	87	3	21	62.5	13	41.5	75	0	70.5	71	59	27.5	32.5	21	57	71.5	59	38	27.5	83.5	24.5	88	27.5	29	19.5	69	35.5	22	56.5	31	35	35	58	81	37.5	27.5	77.5	91.5	67.5	25.5	36.5	48.5	76	29	7	17.5	72	31.5	52.5	30.5	47	41	71.5	
87	34	61	19.5	31	53.5	77	69	84	64	36.5	46.5	64	74.5	18.5	27.5	16.5	24	66	15	37	30.5	14	26	40.5	75.5	75.5	75.5	53	62	50.5	28.5	67.5	71	73	80	35.5	57.5	75.5	56	63	74.5	62	36.5	49	57.5	7.5	67.5	57.5	74.5	64.5	13	54.5	78	76	48.5	44	73	42	83	46	23	51	43.5	75.5	46.5	45.5	16.5	8	23.5	67	54	31.5	28.5	73.5	85.5	28	81.5	47	30.5	70.5	0	6.5	41.5	43	68	51.5	37.5	1	41.5	58.5	53	37	50	27.5	88	71.5	55	29.5	80	62.5	42	65.5	65.5	75.5	28.5	40.5	78	73	33	27	33	66	79	24	24.5	59.5	63.5	58	28.5	57	48	71	37.5	41.5	1	
91.5	36.5	61.5	15	26.5	54	77.5	69.5	86.5	64.5	32	47	64.5	75	14	28	17	19.5	66.5	10.5	37.5	26	9.5	21.5	41	76	76	76	53.5	62.5	51	24	68	71.5	73.5	80.5	36	58	76	56.5	67.5	75	62.5	39	49.5	58	1	68	58	75	65	8.5	55	78.5	76.5	49	44.5	73.5	42.5	83.5	46.5	23.5	51.5	44	76	47	46	17	8.5	24	67.5	54.5	32	24	74	90	28.5	84	47.5	24	71	6.5	0	42	43.5	68.5	52	38	7.5	42	59	53.5	32.5	50.5	23	88.5	72	55.5	30	80.5	63	42.5	70	66	76	29	40	78.5	73.5	28.5	22.5	33.5	66.5	79.5	24.5	25	60	64	58.5	29	57.5	48.5	71.5	38	42	7.5	
51.5	33.5	43.5	55	48.5	44	57.5	55.5	48.5	50.5	48	37	30.5	55	54	14	27	59.5	38.5	50.5	32.5	64	49.5	61.5	1	54	44	54	43.5	52.5	41	56	32	43.5	41.5	64.5	26	32	54	38.5	27.5	45	52.5	31	20.5	32	43	58	48	45	45	48.5	25	66.5	58.5	39	34.5	51.5	27.5	51.5	36.5	18.5	41.5	34	54	37	36	27	33.5	24	57.5	30.5	22	56	56	50	33.5	46	37.5	44	59	41.5	42	0	33.5	36.5	42	4	42.5	0	49	43.5	52.5	40.5	57	56.5	38	45.5	40	64.5	53	32.5	30	54	64	29	50	66.5	41.5	46.5	62.5	36.5	56.5	65.5	19.5	45	50	54	48.5	41	47.5	36.5	61.5	28	32	42.5	
50	63	18	56.5	68	10.5	34	26	43	21	73.5	3.5	31	31.5	55.5	19.5	28.5	61	23	52	44	67.5	51	63	32.5	32.5	32.5	32.5	10	19	7.5	65.5	29.5	28	30	37	7.5	29.5	32.5	23	34	31.5	19	60.5	46	29.5	44.5	24.5	14.5	31.5	21.5	50	36.5	35	33	10.5	1	30	39	40	23	20	18	5.5	32.5	3.5	2.5	28.5	35	25.5	24	31	13.5	65.5	30.5	46.5	35	40.5	14	67.5	27.5	43	43.5	33.5	0	25	8.5	29.5	44	33.5	15.5	10	74	7	64.5	45	28.5	12	41.5	37	19.5	29	31.5	22.5	32.5	30.5	81.5	35	30	70	64	50	23	36	21	56.5	16.5	20.5	15	60.5	14	25	28	19.5	13.5	44	
25	42	7	81.5	57	29.5	31	29	22	24	56.5	28.5	14	28.5	74.5	44.5	53.5	74	2	73	41	72.5	74	72	37.5	27.5	17.5	27.5	15	44	32.5	64.5	10.5	17	15	38	32.5	20.5	27.5	22	11	18.5	44	39.5	29	20.5	69.5	35.5	39.5	18.5	18.5	75	23.5	40	32	29.5	24	25	36	25	32	45	27	30.5	27.5	28.5	27.5	53.5	60	50.5	31	24	38.5	64.5	29.5	23.5	50	19.5	31	52.5	32.5	68	68.5	36.5	25	0	33.5	40.5	69	36.5	24.5	35	61	32	65.5	30	11.5	37	48.5	38	44.5	36	8.5	27.5	37.5	49.5	58.5	40	15	55	71	45	48	39	46	53.5	33.5	39.5	40	49.5	31	30	37	40.5	36.5	69	
41.5	71.5	26.5	65	76.5	14	27.5	19.5	36.5	19.5	82	7	39.5	25	64	28	37	69.5	31.5	60.5	52.5	76	59.5	71.5	41	26	24	26	18.5	12.5	1	74	38	26.5	28.5	30.5	16	38	26	31.5	42.5	23	12.5	69	54.5	38	53	18	8	23	25	58.5	45	28.5	26.5	19	9.5	23.5	47.5	33.5	31.5	28.5	26.5	14	26	7	6	37	43.5	34	17.5	39.5	22	74	24	40	43.5	34	22.5	76	21	51.5	52	42	8.5	33.5	0	38	52.5	42	19	8.5	82.5	5.5	73	38.5	32	5.5	50	30.5	13	37.5	40	14	26	39	90	28.5	28.5	78.5	72.5	58.5	16.5	29.5	29.5	65	8	14	8.5	69	12.5	33.5	21.5	28	22	52.5	
55.5	37.5	47.5	51	52.5	40	61.5	55.5	52.5	50.5	52	33	34.5	59	50	10	23	55.5	42.5	46.5	36.5	62	45.5	57.5	3	58	48	58	39.5	48.5	37	60	36	47.5	45.5	66.5	22	36	58	42.5	31.5	49	48.5	35	24.5	36	39	54	44	49	49	44.5	29	64.5	62.5	35	30.5	55.5	31.5	55.5	32.5	14.5	37.5	30	58	33	32	23	29.5	20	53.5	34.5	18	60	60	54	29.5	50	33.5	48	57	37.5	38	4	29.5	40.5	38	0	38.5	4	45	39.5	56.5	36.5	59	60.5	42	41.5	36	66.5	49	28.5	34	52	62	25	54	64.5	45.5	50.5	58.5	40.5	52.5	65.5	15.5	49	46	50	44.5	45	43.5	34.5	57.5	24	28	38.5	
86	33	62	20.5	32	54.5	78	70	83	65	37.5	47.5	65	75.5	19.5	28.5	17.5	25	67	16	38	31.5	15	27	41.5	76.5	76.5	76.5	54	63	51.5	29.5	66.5	72	74	81	36.5	58.5	76.5	57	62	75.5	63	35.5	50	58.5	8.5	68.5	58.5	75.5	65.5	14	55.5	79	77	49.5	45	74	43	84	47	24	52	44.5	76.5	47.5	46.5	17.5	9	24.5	68	55	32.5	29.5	74.5	84.5	29	80.5	48	31.5	71.5	1	7.5	42.5	44	69	52.5	38.5	0	42.5	59.5	54	38	51	28.5	89	72.5	56	30.5	81	63.5	43	64.5	66.5	76.5	29.5	39.5	79	74	34	28	34	67	80	25	25.5	60.5	64.5	59	29.5	58	49	72	38.5	42.5	0	
51.5	33.5	43.5	55	48.5	44	57.5	55.5	48.5	50.5	48	37	30.5	55	54	14	27	59.5	38.5	50.5	32.5	64	49.5	61.5	1	54	44	54	43.5	52.5	41	56	32	43.5	41.5	64.5	26	32	54	38.5	27.5	45	52.5	31	20.5	32	43	58	48	45	45	48.5	25	66.5	58.5	39	34.5	51.5	27.5	51.5	36.5	18.5	41.5	34	54	37	36	27	33.5	24	57.5	30.5	22	56	56	50	33.5	46	37.5	44	59	41.5	42	0	33.5	36.5	42	4	42.5	0	49	43.5	52.5	40.5	57	56.5	38	45.5	40	64.5	53	32.5	30	54	64	29	50	66.5	41.5	46.5	62.5	36.5	56.5	65.5	19.5	45	50	54	48.5	41	47.5	36.5	61.5	28	32	42.5	
34.5	56.5	31.5	72	71.5	5	40.5	36.5	31.5	31.5	71	12	28.5	38	71	35	44	76.5	26.5	67.5	55.5	83	66.5	78.5	48	37	27	37	25.5	29.5	18	79	25	26.5	24.5	47.5	23	35	37	36.5	25.5	28	29.5	54	43.5	35	60	35	25	28	6	65.5	38	45.5	41.5	26	16.5	34.5	50.5	34.5	38.5	35.5	33.5	21	37	12	13	44	50.5	41	34.5	38.5	29	79	39	33	50.5	29	29.5	67	38	58.5	59	49	15.5	24.5	19	45	59.5	49	0	20.5	75.5	17.5	80	39.5	13	22.5	57	47.5	30	44.5	23	33	43	46	73	45.5	24.5	69.5	79.5	59.5	33.5	46.5	36.5	68	27	31	25.5	64	24.5	40.5	38.5	35	29	59.5	
40	67	28	66.5	78	15.5	34	26	37	11	81.5	8.5	39	31.5	65.5	29.5	38.5	71	33	62	54	77.5	61	73	42.5	32.5	32.5	32.5	20	19	7.5	75.5	35.5	18	20	37	17.5	39.5	32.5	33	36	31.5	19	64.5	54	39.5	54.5	24.5	14.5	31.5	26.5	60	46.5	35	33	20.5	11	30	49	40	33	30	28	15.5	32.5	8.5	7.5	38.5	45	35.5	24	41	23.5	75.5	30.5	38.5	45	34.5	24	77.5	27.5	53	53.5	43.5	10	35	8.5	39.5	54	43.5	20.5	0	84	3	74.5	45	31.5	12	51.5	37	19.5	39	33.5	22.5	32.5	40.5	83.5	35	20	80	74	60	23	36	31	66.5	16.5	20.5	15	70.5	4	35	28	29.5	23.5	54	
76	23	68	30.5	18	80.5	82	80	73	75	12.5	77.5	55	79.5	30.5	58.5	47.5	13	63	34	42	23.5	35	11	53.5	78.5	68.5	78.5	76	93	81.5	20.5	56.5	68	66	89	66.5	56.5	78.5	63	52	69.5	93	25.5	40	56.5	33.5	86.5	88.5	69.5	69.5	24	49.5	91	83	75.5	75	76	47	76	63	54	68	74.5	78.5	77.5	76.5	47.5	39	54.5	82	55	62.5	20.5	80.5	74.5	51	70.5	72	18.5	83.5	37	32.5	52.5	74	61	82.5	56.5	38	52.5	75.5	84	0	81	21.5	81	62.5	86	44.5	89	93.5	57	54.5	78.5	88.5	55.5	9.5	91	66	16	10	36	97	90	55	29.5	84.5	90.5	89	25.5	82	61	88	66.5	72.5	38	
43	70	25	63.5	75	12.5	31	23	40	14	80.5	5.5	38	28.5	62.5	26.5	35.5	68	30	59	51	74.5	58	70	39.5	29.5	29.5	29.5	17	16	4.5	72.5	36.5	21	23	34	14.5	36.5	29.5	30	39	28.5	16	67.5	53	36.5	51.5	21.5	11.5	28.5	23.5	57	43.5	32	30	17.5	8	27	46	37	30	27	25	12.5	29.5	5.5	4.5	35.5	42	32.5	21	38	20.5	72.5	27.5	41.5	42	37.5	21	74.5	24.5	50	50.5	40.5	7	32	5.5	36.5	51	40.5	17.5	3	81	0	71.5	42	30.5	9	48.5	34	16.5	36	36.5	19.5	29.5	37.5	86.5	32	23	77	71	57	20	33	28	63.5	13.5	17.5	12	67.5	7	32	25	26.5	20.5	51	
80.5	27.5	72.5	26	22.5	75	86.5	84.5	77.5	79.5	9	68	59.5	84	9	49	38	30.5	67.5	26.5	46.5	33	25.5	32.5	58	83	73	83	74.5	83.5	72	1	61	72.5	70.5	93.5	57	61	83	67.5	56.5	74	83.5	30	44.5	61	24	89	79	74	74	19.5	54	95.5	87.5	70	65.5	80.5	51.5	80.5	67.5	44.5	72.5	65	83	68	67	38	29.5	45	86.5	59.5	53	1	85	79	49.5	75	68.5	23	88	27.5	23	57	64.5	65.5	73	59	28.5	57	80	74.5	21.5	71.5	0	85.5	67	76.5	49	93.5	84	61.5	59	83	93	50	19	95.5	70.5	20.5	31.5	40.5	87.5	94.5	45.5	34	81	85	79.5	30	78.5	65.5	92.5	59	63	28.5	
5	62	37	101.5	77	44.5	21	29	12	34	76.5	43.5	34	23.5	94.5	64.5	73.5	94	32	93	61	92.5	94	92	57.5	22.5	22.5	22.5	45	34	37.5	84.5	30.5	27	25	8	52.5	40.5	22.5	42	31	23.5	34	59.5	49	40.5	89.5	30.5	34.5	23.5	33.5	95	43.5	10	22	49.5	46	25	56	15	52	65	47	50.5	22.5	43.5	42.5	73.5	80	70.5	31	44	58.5	84.5	24.5	8.5	70	14.5	51	72.5	27.5	88	88.5	56.5	45	30	38.5	60.5	89	56.5	39.5	45	81	42	85.5	0	26.5	37	68.5	8	29.5	56	28.5	32.5	22.5	69.5	78.5	10	25	75	91	65	22	9	66	73.5	38.5	34.5	30	69.5	41	50	27	60.5	56.5	89	
21.5	43.5	18.5	85	58.5	18	27.5	25.5	18.5	20.5	58	25	15.5	25	76	48	57	75.5	13.5	74.5	42.5	74	75.5	73.5	39	24	14	24	26.5	42.5	31	66	12	13.5	11.5	34.5	36	22	24	23.5	12.5	15	42.5	41	30.5	22	73	32	38	15	7	78.5	25	36.5	28.5	31	29.5	21.5	37.5	21.5	33.5	48.5	28.5	34	24	25	26	57	63.5	54	27.5	25.5	42	66	26	20	51.5	16	32.5	54	29	71.5	72	38	28.5	11.5	32	42	72.5	38	13	31.5	62.5	30.5	67	26.5	0	35.5	50	34.5	43	37.5	10	24	34	51	60	36.5	11.5	56.5	72.5	46.5	46.5	35.5	49.5	55	30	36	38.5	51	27.5	31.5	33.5	42	38	72.5	
38	75	30	68.5	80	17.5	26	14	35	23	85.5	10.5	43	23.5	67.5	31.5	40.5	73	35	64	56	79.5	63	75	44.5	24.5	29.5	24.5	22	11	4.5	77.5	41.5	30	32	29	19.5	41.5	24.5	35	44	28.5	11	72.5	58	41.5	56.5	16.5	6.5	28.5	28.5	62	48.5	27	25	22.5	13	18	51	32	35	32	30	17.5	24.5	10.5	9.5	40.5	47	37.5	12	43	25.5	77.5	22.5	36.5	47	32.5	26	79.5	19.5	55	55.5	45.5	12	37	5.5	41.5	56	45.5	22.5	12	86	9	76.5	37	35.5	0	53.5	29	11.5	41	41.5	19.5	24.5	42.5	91.5	27	32	82	76	62	15	28	33	68.5	13.5	12.5	7	72.5	16	37	20	31.5	25.5	56	
63.5	25.5	55.5	43	40.5	52	69.5	67.5	60.5	62.5	40	45	42.5	67	42	26	13	47.5	50.5	38.5	29.5	54	37.5	49.5	39	66	56	66	51.5	60.5	49	48	44	55.5	53.5	76.5	34	44	66	50.5	39.5	57	60.5	23	27.5	44	31	66	56	57	57	36.5	37	76.5	70.5	47	42.5	63.5	34.5	63.5	44.5	21.5	49.5	42	66	45	44	13	21.5	22	65.5	42.5	30	48	68	62	26.5	58	45.5	36	69	29.5	30	40	41.5	48.5	50	36	30.5	40	57	51.5	44.5	48.5	49	68.5	50	53.5	0	76.5	61	40.5	42	64	74	27	42	76.5	53.5	38.5	50.5	28.5	64.5	77.5	22.5	37	58	62	56.5	33	55.5	46.5	69.5	36	40	30.5	
13	70	45	93.5	85	42.5	29	37	20	42	84.5	35.5	42	31.5	92.5	56.5	65.5	98	40	89	69	100.5	88	100	65.5	30.5	30.5	30.5	47	26	29.5	92.5	38.5	35	33	0	44.5	48.5	30.5	50	39	31.5	26	67.5	57	48.5	81.5	36.5	26.5	31.5	41.5	87	51.5	2	30	47.5	38	33	64	23	60	57	55	42.5	30.5	35.5	34.5	65.5	72	62.5	39	52	50.5	92.5	32.5	16.5	72	22.5	51	80.5	35.5	80	80.5	64.5	37	38	30.5	66.5	81	64.5	47.5	37	89	34	93.5	8	34.5	29	76.5	0	21.5	64	36.5	40.5	30.5	67.5	86.5	2	33	83	99	73	14	1	58	81.5	38.5	32.5	22	77.5	41	58	35	56.5	50.5	81	
30.5	82.5	37.5	76	87.5	25	23.5	25.5	32.5	30.5	93	18	50.5	26	75	39	48	80.5	42.5	71.5	63.5	87	70.5	82.5	52	27	37	27	29.5	8.5	12	85	49	37.5	39.5	21.5	27	49	27	42.5	51.5	36	8.5	80	65.5	49	64	19	9	36	36	69.5	56	19.5	22.5	30	20.5	29.5	58.5	29.5	42.5	39.5	37.5	25	27	18	17	48	54.5	45	23.5	50.5	33	85	25	27	54.5	35	33.5	87	22	62.5	63	53	19.5	44.5	13	49	63.5	53	30	19.5	93.5	16.5	84	29.5	43	11.5	61	21.5	0	48.5	49	27	13	50	99	19.5	39.5	89.5	83.5	69.5	7.5	20.5	40.5	76	21	15	4.5	80	23.5	44.5	17.5	39	33	63.5	
51	38	43	55.5	53	39.5	57	55	48	50	52.5	32.5	30	54.5	54.5	18.5	27.5	60	38	51	37	66.5	50	62	31.5	53.5	43.5	53.5	39	48	36.5	60.5	31.5	43	41	64	21.5	31.5	53.5	38	27	44.5	48	35.5	25	31.5	43.5	53.5	43.5	44.5	44.5	49	24.5	64	58	34.5	30	51	32	51	32	19	37	29.5	53.5	32.5	31.5	27.5	34	24.5	53	30	17.5	60.5	55.5	49.5	34	45.5	33	48.5	56.5	42	42.5	32.5	29	36	37.5	28.5	43	32.5	44.5	39	57	36	61.5	56	37.5	41	40.5	64	48.5	0	29.5	51.5	61.5	29.5	54.5	64	41	51	63	41	52	65	20	49.5	45.5	49.5	44	45.5	43	34	57	23.5	27.5	43	
23.5	35.5	15.5	77	50.5	28	29.5	27.5	20.5	22.5	50	35	7.5	27	68	44	55	67.5	10.5	66.5	34.5	66	67.5	65.5	31	26	16	26	23.5	44.5	39	58	2	15.5	13.5	36.5	34	14	26	15.5	4.5	17	44.5	33	22.5	14	69	34	44	17	17	76.5	17	38.5	30.5	21	32.5	23.5	29.5	23.5	25.5	46.5	20.5	26	26	35	34	55	61.5	48	29.5	17.5	40	58	28	22	43.5	18	24.5	46	31	65.5	70	30	31.5	8.5	40	34	64.5	30	23	33.5	54.5	36.5	59	28.5	10	41.5	42	36.5	49	29.5	0	26	36	43	52	38.5	13.5	48.5	64.5	38.5	50.5	37.5	47.5	47	32	38	46.5	43	29.5	23.5	35.5	34	30	64.5	
27.5	59.5	34.5	79	74.5	28	33.5	31.5	24.5	31.5	74	21	31.5	31	78	42	51	83.5	29.5	74.5	58.5	90	73.5	85.5	55	30	10	30	32.5	26.5	15	82	28	24.5	22.5	40.5	30	38	30	39.5	28.5	9	26.5	57	46.5	38	67	32	22	9	31	72.5	41	42.5	34.5	33	23.5	27.5	53.5	27.5	45.5	42.5	40.5	28	30	21	20	51	57.5	48	31.5	41.5	36	82	32	26	57.5	22	36.5	70	35	65.5	66	54	22.5	27.5	14	52	66.5	54	33	22.5	78.5	19.5	83	32.5	24	19.5	64	40.5	27	51.5	26	0	40	53	76	42.5	22.5	72.5	86.5	62.5	30.5	41.5	43.5	71	6	28	22.5	67	26.5	47.5	35.5	42	36	66.5	
17.5	69.5	44.5	89	84.5	38	28.5	36.5	19.5	41.5	84	31	41.5	31	88	52	61	93.5	39.5	84.5	68.5	100	83.5	95.5	65	30	30	30	42.5	21.5	25	92	38	34.5	32.5	30.5	40	48	30	49.5	38.5	31	21.5	67	56.5	48	77	32	22	31	41	82.5	51	32.5	29.5	43	33.5	32.5	63.5	22.5	55.5	52.5	50.5	38	30	31	30	61	67.5	58	36.5	51.5	46	92	32	14	67.5	22	46.5	80	35	75.5	76	64	32.5	37.5	26	62	76.5	64	43	32.5	88.5	29.5	93	22.5	34	24.5	74	30.5	13	61.5	36	40	0	63	86	32.5	32.5	82.5	96.5	72.5	20.5	31.5	53.5	81	34	28	17.5	77	36.5	57.5	30.5	52	46	76.5	
64.5	36.5	48.5	42	51.5	41	64.5	56.5	61.5	51.5	51	34	43.5	62	41	15	14	46.5	51.5	37.5	29.5	53	36.5	48.5	28	63	57	63	40.5	49.5	38	51	45	56.5	54.5	67.5	23	45	63	43.5	40.5	58	49.5	34	28.5	45	30	55	45	58	52	35.5	38	65.5	63.5	36	31.5	60.5	29.5	64.5	33.5	10.5	38.5	31	63	34	33	14	20.5	5	54.5	41.5	19	51	61	63	20.5	59	34.5	47	58	28.5	29	29	30.5	49.5	39	25	29.5	29	46	40.5	55.5	37.5	50	69.5	51	42.5	27	67.5	50	29.5	43	53	63	0	53	65.5	54.5	49.5	49.5	35.5	53.5	66.5	11.5	42	47	51	45.5	44	44.5	35.5	58.5	25	29	29.5	
73.5	20.5	65.5	25	15.5	78	79.5	77.5	70.5	72.5	10	85	52.5	77	28	64	55	22.5	60.5	31.5	39.5	14	32.5	20.5	51	76	66	76	73.5	94.5	89	18	54	65.5	63.5	86.5	74	54	76	60.5	49.5	67	94.5	23	37.5	54	39	84	94	67	67	31.5	47	88.5	80.5	73	82.5	73.5	44.5	73.5	60.5	61.5	65.5	78	76	85	84	55	46.5	58	79.5	52.5	70	18	78	72	48.5	68	69.5	16	81	40.5	40	50	81.5	58.5	90	54	39.5	50	73	83.5	9.5	86.5	19	78.5	60	91.5	42	86.5	99	54.5	52	76	86	53	0	88.5	63.5	13.5	19.5	33.5	100.5	87.5	62.5	27	82	88	96.5	23	79.5	58.5	85.5	64	70	39.5	
15	72	47	91.5	87	40.5	31	39	22	44	86.5	33.5	44	33.5	90.5	54.5	63.5	96	42	87	71	102.5	86	98	67.5	32.5	32.5	32.5	45	24	27.5	94.5	40.5	37	35	2	42.5	50.5	32.5	52	41	33.5	24	69.5	59	50.5	79.5	34.5	24.5	33.5	43.5	85	53.5	0	32	45.5	36	35	66	25	58	55	53	40.5	32.5	33.5	32.5	63.5	70	60.5	39	54	48.5	94.5	34.5	18.5	70	24.5	49	82.5	37.5	78	78.5	66.5	35	40	28.5	64.5	79	66.5	45.5	35	91	32	95.5	10	36.5	27	76.5	2	19.5	64	38.5	42.5	32.5	65.5	88.5	0	35	85	99	75	12	1	56	83.5	36.5	30.5	20	79.5	39	60	33	54.5	48.5	79	
20	47	22	86.5	62	29.5	26	24	17	9	61.5	28.5	19	23.5	79.5	49.5	58.5	79	17	78	46	77.5	79	77	42.5	22.5	12.5	22.5	30	39	27.5	69.5	15.5	2	0	33	37.5	25.5	22.5	27	16	13.5	39	44.5	34	25.5	74.5	30.5	34.5	13.5	18.5	80	28.5	35	27	34.5	31	20	41	20	37	50	32	35.5	22.5	28.5	27.5	58.5	65	55.5	26	29	43.5	69.5	24.5	18.5	55	14.5	36	57.5	27.5	73	73.5	41.5	30	15	28.5	45.5	74	41.5	24.5	20	66	23	70.5	25	11.5	32	53.5	33	39.5	41	13.5	22.5	32.5	54.5	63.5	35	0	60	76	50	43	34	51	58.5	28.5	34.5	35	54.5	16	35	32	45.5	41.5	74	
70	17	62	36.5	2	74.5	76	74	67	69	11.5	73.5	49	73.5	29.5	54.5	43.5	29	57	18	36	27.5	19	27	47.5	72.5	62.5	72.5	70	89	77.5	19.5	50.5	62	60	83	62.5	50.5	72.5	57	46	63.5	89	19.5	34	50.5	29.5	80.5	84.5	63.5	63.5	30	43.5	85	77	69.5	71	70	41	70	57	50	62	70.5	72.5	73.5	72.5	43.5	35	50.5	76	49	58.5	19.5	74.5	68.5	45	64.5	66	12.5	77.5	33	28.5	46.5	70	55	78.5	50.5	34	46.5	69.5	80	16	77	20.5	75	56.5	82	38.5	83	89.5	51	48.5	72.5	82.5	49.5	13.5	85	60	0	26	30	93	84	51	23.5	78.5	84.5	85	19.5	76	55	82	60.5	66.5	34	
86	33	78	20.5	28	74.5	92	90	83	85	22.5	67.5	65	89.5	24.5	48.5	37.5	3	73	26	52	31.5	25	1	61.5	88.5	78.5	88.5	74	83	71.5	30.5	66.5	78	76	99	56.5	66.5	88.5	73	62	79.5	83	35.5	50	66.5	23.5	88.5	78.5	79.5	79.5	14	59.5	99	93	69.5	65	86	57	86	67	44	72	64.5	88.5	67.5	66.5	37.5	29	44.5	88	65	52.5	30.5	90.5	84.5	49	80.5	68	28.5	91.5	27	22.5	62.5	64	71	72.5	58.5	28	62.5	79.5	74	10	71	31.5	91	72.5	76	50.5	99	83.5	63	64.5	86.5	96.5	49.5	19.5	99	76	26	0	46	87	100	45	39.5	80.5	84.5	79	35.5	78	69	92	58.5	62.5	28	
60	17	52	46.5	32	60.5	66	64	57	59	31.5	53.5	39	63.5	45.5	34.5	23.5	49	47	42	26	47.5	41	47	37.5	62.5	52.5	62.5	60	69	57.5	39.5	40.5	52	50	73	42.5	40.5	62.5	47	36	53.5	69	14.5	24	40.5	34.5	70.5	64.5	53.5	53.5	40	33.5	75	67	55.5	51	60	31	60	47	30	52	50.5	62.5	53.5	52.5	23.5	25	30.5	66	39	38.5	39.5	64.5	58.5	35	54.5	54	27.5	67.5	33	33.5	36.5	50	45	58.5	40.5	34	36.5	59.5	60	36	57	40.5	65	46.5	62	28.5	73	69.5	41	38.5	62.5	72.5	35.5	33.5	75	50	30	46	0	73	74	31	28.5	66.5	70.5	65	24.5	64	45	72	44.5	48.5	34	
27	84	41	79.5	91	28.5	27	29	34	34	96.5	21.5	54	29.5	78.5	42.5	51.5	84	46	75	67	90.5	74	86	55.5	30.5	40.5	30.5	33	12	15.5	88.5	52.5	41	43	14	30.5	52.5	30.5	46	53	39.5	12	81.5	69	52.5	67.5	22.5	12.5	39.5	39.5	73	59.5	12	26	33.5	24	33	62	33	46	43	41	28.5	30.5	21.5	20.5	51.5	58	48.5	27	54	36.5	88.5	28.5	30.5	58	36.5	37	90.5	25.5	66	66.5	56.5	23	48	16.5	52.5	67	56.5	33.5	23	97	20	87.5	22	46.5	15	64.5	14	7.5	52	50.5	30.5	20.5	53.5	100.5	12	43	93	87	73	0	13	44	79.5	24.5	18.5	8	83.5	27	48	21	42.5	36.5	67	
14	71	46	92.5	86	41.5	30	38	21	43	85.5	34.5	43	32.5	91.5	55.5	64.5	97	41	88	70	101.5	87	99	66.5	31.5	31.5	31.5	46	25	28.5	93.5	39.5	36	34	1	43.5	49.5	31.5	51	40	32.5	25	68.5	58	49.5	80.5	35.5	25.5	32.5	42.5	86	52.5	1	31	46.5	37	34	65	24	59	56	54	41.5	31.5	34.5	33.5	64.5	71	61.5	40	53	49.5	93.5	33.5	17.5	71	23.5	50	81.5	36.5	79	79.5	65.5	36	39	29.5	65.5	80	65.5	46.5	36	90	33	94.5	9	35.5	28	77.5	1	20.5	65	37.5	41.5	31.5	66.5	87.5	1	34	84	100	74	13	0	57	82.5	37.5	31.5	21	78.5	40	59	34	55.5	49.5	80	
69	44	39	37.5	49	31.5	55	47	64	42	54.5	24.5	42	52.5	36.5	5.5	9.5	42	44	33	25	48.5	32	44	18.5	53.5	53.5	53.5	31	40	28.5	46.5	45.5	49	51	58	13.5	35.5	53.5	34	45	52.5	40	41.5	25	35.5	25.5	45.5	35.5	52.5	42.5	31	32.5	56	54	26.5	22	51	18	61	24	1	29	21.5	53.5	24.5	23.5	9.5	16	6.5	45	32	9.5	46.5	51.5	67.5	16	61.5	25	48.5	48.5	24	24.5	19.5	21	46	29.5	15.5	25	19.5	36.5	31	55	28	45.5	66	49.5	33	22.5	58	40.5	20	47.5	43.5	53.5	11.5	62.5	56	51	51	45	31	44	57	0	37.5	37.5	41.5	36	41.5	35	26	49	15.5	19.5	25	
68.5	15.5	60.5	38	25.5	67	74.5	72.5	65.5	67.5	25	60	47.5	72	37	41	30	42.5	55.5	33.5	34.5	41	32.5	40.5	46	71	61	71	66.5	75.5	64	33	49	60.5	58.5	81.5	49	49	71	55.5	44.5	62	75.5	18	32.5	49	26	79	71	62	62	31.5	42	83.5	75.5	62	57.5	68.5	39.5	68.5	55.5	36.5	60.5	57	71	60	59	30	21.5	37	74.5	47.5	45	33	73	67	41.5	63	60.5	21	76	24.5	25	45	56.5	53.5	65	49	25.5	45	68	66.5	29.5	63.5	34	73.5	55	68.5	37	81.5	76	49.5	47	71	81	42	27	83.5	58.5	23.5	39.5	28.5	79.5	82.5	37.5	0	73	77	71.5	4	70.5	53.5	80.5	51	55	25.5	
33.5	65.5	34.5	73	80.5	22	35.5	27.5	30.5	27.5	80	15	37.5	33	72	36	45	77.5	35.5	68.5	60.5	84	67.5	79.5	49	34	16	34	26.5	20.5	9	82	34	30.5	28.5	38.5	24	44	34	39.5	34.5	15	20.5	63	52.5	44	61	26	16	15	33	66.5	47	36.5	34.5	27	17.5	31.5	55.5	33.5	39.5	36.5	34.5	22	34	15	14	45	51.5	42	25.5	47.5	30	82	32	32	51.5	28	30.5	76	29	59.5	60	50	16.5	33.5	8	46	60.5	50	27	16.5	84.5	13.5	81	38.5	30	13.5	58	38.5	21	45.5	32	6	34	47	82	36.5	28.5	78.5	80.5	66.5	24.5	37.5	37.5	73	0	22	16.5	73	20.5	41.5	29.5	36	30	60.5	
29.5	71.5	38.5	77	86.5	26	29.5	26.5	26.5	31.5	86	19	43.5	11	76	40	49	81.5	41.5	72.5	64.5	88	71.5	83.5	53	12	32	12	30.5	14.5	13	86	40	36.5	34.5	32.5	28	50	12	43.5	40.5	33	14.5	69	58.5	50	65	4	6	33	37	70.5	53	30.5	28.5	31	21.5	30.5	59.5	29.5	43.5	40.5	38.5	26	12	19	18	49	55.5	46	24.5	51.5	34	86	10	28	55.5	20	34.5	82	7	63.5	64	54	20.5	39.5	14	50	64.5	54	31	20.5	90.5	17.5	85	34.5	36	12.5	62	32.5	15	49.5	38	28	28	51	88	30.5	34.5	84.5	84.5	70.5	18.5	31.5	41.5	77	22	0	10.5	79	24.5	45.5	23.5	40	34	64.5	
35	78	33	71.5	83	20.5	19	21	28	26	88.5	13.5	46	21.5	70.5	34.5	43.5	76	38	67	59	82.5	66	78	47.5	22.5	32.5	22.5	25	4	7.5	80.5	44.5	33	35	22	22.5	44.5	22.5	38	49	31.5	4	75.5	61	44.5	59.5	14.5	4.5	31.5	31.5	65	51.5	20	18	25.5	16	25	54	25	38	35	33	20.5	22.5	13.5	12.5	43.5	50	40.5	19	46	28.5	80.5	20.5	31.5	50	30.5	29	82.5	17.5	58	58.5	48.5	15	40	8.5	44.5	59	48.5	25.5	15	89	12	79.5	30	38.5	7	56.5	22	4.5	44	46.5	22.5	17.5	45.5	96.5	20	35	85	79	65	8	21	36	71.5	16.5	10.5	0	75.5	19	40	13	34.5	28.5	59	
64.5	11.5	56.5	42	21.5	69	70.5	68.5	61.5	63.5	21	64	43.5	68	39	45	34	38.5	51.5	37.5	30.5	37	36.5	36.5	42	67	57	67	64.5	79.5	68	29	45	56.5	54.5	77.5	53	45	67	51.5	40.5	58	79.5	14	28.5	45	30	75	75	58	58	35.5	38	79.5	71.5	64	61.5	64.5	35.5	64.5	51.5	40.5	56.5	61	67	64	63	34	25.5	41	70.5	43.5	49	29	69	63	39.5	59	60.5	17	72	28.5	29	41	60.5	49.5	69	45	29.5	41	64	70.5	25.5	67.5	30	69.5	51	72.5	33	77.5	80	45.5	43	67	77	44	23	79.5	54.5	19.5	35.5	24.5	83.5	78.5	41.5	4	73	79	75.5	0	70.5	49.5	76.5	55	59	29.5	
36	63	32	70.5	78	19.5	38	30	33	7	77.5	12.5	35	35.5	69.5	33.5	42.5	75	33	66	58	81.5	65	77	46.5	36.5	28.5	36.5	24	23	11.5	79.5	31.5	14	16	41	21.5	41.5	36.5	37	32	29.5	23	60.5	50	41.5	58.5	28.5	18.5	29.5	30.5	64	44.5	39	37	24.5	15	34	53	36	37	34	32	19.5	36.5	12.5	11.5	42.5	49	39.5	28	45	27.5	79.5	34.5	34.5	49	30.5	28	73.5	31.5	57	57.5	47.5	14	31	12.5	43.5	58	47.5	24.5	4	82	7	78.5	41	27.5	16	55.5	41	23.5	43	29.5	26.5	36.5	44.5	79.5	39	16	76	78	64	27	40	35	70.5	20.5	24.5	19	70.5	0	39	32	33.5	27.5	58	
45	42	37	61.5	57	35.5	51	49	42	44	56.5	28.5	24	48.5	60.5	24.5	33.5	66	32	57	41	72.5	56	68	37.5	47.5	37.5	47.5	35	44	32.5	64.5	25.5	37	35	58	17.5	25.5	47.5	32	21	38.5	44	39.5	29	25.5	49.5	49.5	39.5	38.5	38.5	55	23.5	60	52	30.5	26	45	36	45	2	25	33	25.5	47.5	28.5	27.5	33.5	40	30.5	49	6	18.5	64.5	49.5	43.5	40	39.5	29	52.5	52.5	48	48.5	36.5	25	30	33.5	34.5	49	36.5	40.5	35	61	32	65.5	50	31.5	37	46.5	58	44.5	34	23.5	47.5	57.5	35.5	58.5	60	35	55	69	45	48	59	26	53.5	41.5	45.5	40	49.5	39	0	53	24.5	23.5	49	
22	69	44	84.5	84	33.5	6	34	15	39	83.5	26.5	41	30.5	83.5	47.5	56.5	89	39	80	68	95.5	79	91	60.5	29.5	29.5	29.5	38	9	20.5	91.5	37.5	34	32	35	35.5	47.5	29.5	49	38	30.5	9	66.5	56	47.5	72.5	27.5	17.5	30.5	40.5	78	50.5	33	5	38.5	29	32	63	12	51	48	46	33.5	29.5	26.5	25.5	56.5	63	53.5	32	51	41.5	91.5	31.5	20.5	63	21.5	42	79.5	30.5	71	71.5	61.5	28	37	21.5	57.5	72	61.5	38.5	28	88	25	92.5	27	33.5	20	69.5	35	17.5	57	35.5	35.5	30.5	58.5	85.5	33	32	82	92	72	21	34	49	80.5	29.5	23.5	13	76.5	32	53	0	47.5	41.5	72	
55.5	47.5	37.5	51	62.5	30	53.5	45.5	52.5	40.5	62	23	34.5	51	50	14	23	55.5	42.5	46.5	38.5	62	45.5	57.5	27	52	48	52	29.5	38.5	27	60	36	47.5	45.5	56.5	12	34	52	32.5	31.5	49	38.5	45	34.5	34	39	44	34	49	41	44.5	17	54.5	52.5	25	20.5	49.5	33.5	55.5	22.5	14.5	27.5	20	52	23	22	23	29.5	20	43.5	30.5	6	60	50	54	29.5	50	23.5	58	47	37.5	38	28	19.5	40.5	28	24	38.5	28	35	29.5	66.5	26.5	59	60.5	42	31.5	36	56.5	39	23.5	34	42	52	25	64	54.5	45.5	60.5	58.5	44.5	42.5	55.5	15.5	51	36	40	34.5	55	33.5	24.5	47.5	0	18	38.5	
51.5	53.5	31.5	55	66.5	24	47.5	39.5	48.5	34.5	68	17	30.5	45	54	18	27	59.5	36.5	50.5	42.5	66	49.5	61.5	31	46	44	46	23.5	32.5	21	64	32	41.5	41.5	50.5	6	16	46	26.5	27.5	45	32.5	51	40.5	16	43	38	28	45	35	48.5	35	48.5	46.5	19	14.5	43.5	37.5	51.5	21.5	18.5	21.5	14	46	17	16	27	33.5	24	37.5	29.5	12	64	44	50	33.5	46	17.5	64	41	41.5	42	32	13.5	36.5	22	28	42.5	32	29	23.5	72.5	20.5	63	56.5	38	25.5	40	50.5	33	27.5	30	36	46	29	70	48.5	41.5	66.5	62.5	48.5	36.5	49.5	19.5	55	30	34	28.5	59	27.5	23.5	41.5	18	0	42.5	
86	33	62	20.5	32	54.5	78	70	83	65	37.5	47.5	65	75.5	19.5	28.5	17.5	25	67	16	38	31.5	15	27	41.5	76.5	76.5	76.5	54	63	51.5	29.5	66.5	72	74	81	36.5	58.5	76.5	57	62	75.5	63	35.5	50	58.5	8.5	68.5	58.5	75.5	65.5	14	55.5	79	77	49.5	45	74	43	84	47	24	52	44.5	76.5	47.5	46.5	17.5	9	24.5	68	55	32.5	29.5	74.5	84.5	29	80.5	48	31.5	71.5	1	7.5	42.5	44	69	52.5	38.5	0	42.5	59.5	54	38	51	28.5	89	72.5	56	30.5	81	63.5	43	64.5	66.5	76.5	29.5	39.5	79	74	34	28	34	67	80	25	25.5	60.5	64.5	59	29.5	58	49	72	38.5	42.5	0	
