Number of items: 125
Horizon: 9
Time limit: 1000
Load limit: 7500
Initial item inventory level
237
93
17
148
82
192
94
78
20
70
58
57
54
37
106
21
16
83
75
90
86
78
26
47
142
171
154
148
110
88
114
48
267
240
172
276
123
16
189
158
88
31
188
138
117
126
68
288
219
43
45
28
150
98
66
153
46
39
38
222
154
57
38
189
55
194
38
20
279
80
30
38
123
92
291
68
11
160
50
66
29
80
147
177
58
70
104
186
138
158
75
77
51
33
36
285
138
73
282
279
41
106
122
24
118
92
276
99
76
28
198
75
285
71
79
276
44
70
76
72
297
66
135
39
27
Maximum inventory capacity per item
316
124
34
222
164
288
188
104
40
140
116
114
72
74
159
42
32
166
100
180
172
156
39
94
213
228
231
222
165
176
171
72
356
320
258
368
164
32
252
237
132
62
282
184
156
168
136
384
292
86
60
42
200
147
88
204
69
78
76
296
231
114
57
252
110
291
76
40
372
120
40
76
164
184
388
102
22
240
75
132
58
120
196
236
116
105
156
279
207
237
150
154
102
66
48
380
207
146
376
372
82
159
183
48
177
184
368
132
114
42
264
100
380
142
158
368
88
140
152
108
396
88
180
78
54
Reserve storage replenishment rate per item and per period
474	0	0	474	0	0	474	0	0	
186	0	0	186	0	0	186	0	0	
102	0	0	102	0	0	102	0	0	
444	0	0	444	0	0	444	0	0	
492	0	0	492	0	0	492	0	0	
576	0	0	576	0	0	576	0	0	
564	0	0	564	0	0	564	0	0	
156	0	0	156	0	0	156	0	0	
120	0	0	120	0	0	120	0	0	
420	0	0	420	0	0	420	0	0	
348	0	0	348	0	0	348	0	0	
342	0	0	342	0	0	342	0	0	
108	0	0	108	0	0	108	0	0	
222	0	0	222	0	0	222	0	0	
318	0	0	318	0	0	318	0	0	
126	0	0	126	0	0	126	0	0	
96	0	0	96	0	0	96	0	0	
498	0	0	498	0	0	498	0	0	
150	0	0	150	0	0	150	0	0	
540	0	0	540	0	0	540	0	0	
516	0	0	516	0	0	516	0	0	
468	0	0	468	0	0	468	0	0	
78	0	0	78	0	0	78	0	0	
282	0	0	282	0	0	282	0	0	
426	0	0	426	0	0	426	0	0	
342	0	0	342	0	0	342	0	0	
462	0	0	462	0	0	462	0	0	
444	0	0	444	0	0	444	0	0	
330	0	0	330	0	0	330	0	0	
528	0	0	528	0	0	528	0	0	
342	0	0	342	0	0	342	0	0	
144	0	0	144	0	0	144	0	0	
534	0	0	534	0	0	534	0	0	
480	0	0	480	0	0	480	0	0	
516	0	0	516	0	0	516	0	0	
552	0	0	552	0	0	552	0	0	
246	0	0	246	0	0	246	0	0	
96	0	0	96	0	0	96	0	0	
378	0	0	378	0	0	378	0	0	
474	0	0	474	0	0	474	0	0	
264	0	0	264	0	0	264	0	0	
186	0	0	186	0	0	186	0	0	
564	0	0	564	0	0	564	0	0	
276	0	0	276	0	0	276	0	0	
234	0	0	234	0	0	234	0	0	
252	0	0	252	0	0	252	0	0	
408	0	0	408	0	0	408	0	0	
576	0	0	576	0	0	576	0	0	
438	0	0	438	0	0	438	0	0	
258	0	0	258	0	0	258	0	0	
90	0	0	90	0	0	90	0	0	
84	0	0	84	0	0	84	0	0	
300	0	0	300	0	0	300	0	0	
294	0	0	294	0	0	294	0	0	
132	0	0	132	0	0	132	0	0	
306	0	0	306	0	0	306	0	0	
138	0	0	138	0	0	138	0	0	
234	0	0	234	0	0	234	0	0	
228	0	0	228	0	0	228	0	0	
444	0	0	444	0	0	444	0	0	
462	0	0	462	0	0	462	0	0	
342	0	0	342	0	0	342	0	0	
114	0	0	114	0	0	114	0	0	
378	0	0	378	0	0	378	0	0	
330	0	0	330	0	0	330	0	0	
582	0	0	582	0	0	582	0	0	
228	0	0	228	0	0	228	0	0	
120	0	0	120	0	0	120	0	0	
558	0	0	558	0	0	558	0	0	
240	0	0	240	0	0	240	0	0	
60	0	0	60	0	0	60	0	0	
228	0	0	228	0	0	228	0	0	
246	0	0	246	0	0	246	0	0	
552	0	0	552	0	0	552	0	0	
582	0	0	582	0	0	582	0	0	
204	0	0	204	0	0	204	0	0	
66	0	0	66	0	0	66	0	0	
480	0	0	480	0	0	480	0	0	
150	0	0	150	0	0	150	0	0	
396	0	0	396	0	0	396	0	0	
174	0	0	174	0	0	174	0	0	
240	0	0	240	0	0	240	0	0	
294	0	0	294	0	0	294	0	0	
354	0	0	354	0	0	354	0	0	
348	0	0	348	0	0	348	0	0	
210	0	0	210	0	0	210	0	0	
312	0	0	312	0	0	312	0	0	
558	0	0	558	0	0	558	0	0	
414	0	0	414	0	0	414	0	0	
474	0	0	474	0	0	474	0	0	
450	0	0	450	0	0	450	0	0	
462	0	0	462	0	0	462	0	0	
306	0	0	306	0	0	306	0	0	
198	0	0	198	0	0	198	0	0	
72	0	0	72	0	0	72	0	0	
570	0	0	570	0	0	570	0	0	
414	0	0	414	0	0	414	0	0	
438	0	0	438	0	0	438	0	0	
564	0	0	564	0	0	564	0	0	
558	0	0	558	0	0	558	0	0	
246	0	0	246	0	0	246	0	0	
318	0	0	318	0	0	318	0	0	
366	0	0	366	0	0	366	0	0	
144	0	0	144	0	0	144	0	0	
354	0	0	354	0	0	354	0	0	
552	0	0	552	0	0	552	0	0	
552	0	0	552	0	0	552	0	0	
198	0	0	198	0	0	198	0	0	
228	0	0	228	0	0	228	0	0	
84	0	0	84	0	0	84	0	0	
396	0	0	396	0	0	396	0	0	
150	0	0	150	0	0	150	0	0	
570	0	0	570	0	0	570	0	0	
426	0	0	426	0	0	426	0	0	
474	0	0	474	0	0	474	0	0	
552	0	0	552	0	0	552	0	0	
264	0	0	264	0	0	264	0	0	
420	0	0	420	0	0	420	0	0	
456	0	0	456	0	0	456	0	0	
216	0	0	216	0	0	216	0	0	
594	0	0	594	0	0	594	0	0	
132	0	0	132	0	0	132	0	0	
270	0	0	270	0	0	270	0	0	
234	0	0	234	0	0	234	0	0	
162	0	0	162	0	0	162	0	0	
Forward storage demand rate per item and per period
79	129	117	105	87	35	32	17	68	
31	4	19	38	30	49	20	18	59	
17	20	11	6	16	23	15	14	17	
74	69	62	33	6	124	80	53	26	
82	68	72	110	54	105	95	81	59	
96	135	168	168	139	122	107	80	87	
94	126	103	128	130	118	147	59	165	
26	6	8	10	20	28	22	17	29	
20	8	15	17	15	36	20	15	22	
70	122	53	68	26	59	70	91	67	
58	15	11	74	40	31	65	45	40	
57	58	80	77	64	37	53	71	34	
18	5	25	15	9	19	13	24	26	
37	39	40	60	57	39	24	23	27	
53	74	25	44	37	52	28	76	96	
21	6	17	24	16	16	9	27	26	
16	18	24	25	9	9	19	13	6	
83	125	112	120	14	33	81	163	82	
25	22	32	9	30	32	4	30	43	
90	64	83	104	91	122	121	152	157	
86	86	30	60	93	105	46	146	4	
78	22	106	63	53	82	2	68	57	
13	11	20	19	2	16	12	6	9	
47	40	25	38	31	39	69	24	28	
71	26	52	48	97	48	74	99	22	
57	93	8	27	58	49	66	72	88	
77	111	36	95	123	28	36	54	8	
74	81	77	87	113	54	84	68	107	
55	30	31	18	69	29	70	47	57	
88	125	37	70	57	148	82	80	127	
57	59	78	77	62	18	34	46	51	
24	10	32	25	15	27	36	28	24	
89	109	63	127	88	155	97	94	137	
80	93	115	57	101	45	100	56	52	
86	91	78	64	68	135	69	108	141	
92	94	110	93	84	8	47	48	88	
41	29	25	40	56	19	36	14	77	
16	6	16	26	10	15	18	17	16	
63	42	77	95	73	64	43	32	115	
79	81	45	13	53	91	54	47	8	
44	43	78	69	63	41	45	20	61	
31	34	24	41	10	29	17	39	13	
94	57	48	69	121	90	74	114	118	
46	64	33	54	70	50	54	36	63	
39	12	11	37	32	24	23	36	49	
42	28	36	37	49	40	47	47	18	
68	68	29	77	50	43	84	50	44	
96	86	99	95	73	73	101	130	160	
73	130	54	112	69	46	67	76	86	
43	59	49	33	37	35	22	25	20	
15	18	10	12	23	19	16	1	14	
14	20	4	10	9	9	12	20	17	
50	52	47	59	34	32	10	30	47	
49	40	19	37	55	68	92	31	36	
22	17	5	21	7	43	35	27	10	
51	36	33	45	34	95	32	51	33	
23	29	5	41	18	40	28	20	37	
39	56	26	46	53	34	36	17	19	
38	6	37	70	72	28	49	41	10	
74	52	106	55	50	73	106	63	28	
77	40	56	65	101	72	140	36	32	
57	30	84	35	45	75	60	30	80	
19	10	20	20	12	20	21	30	13	
63	118	90	44	74	45	48	36	69	
55	38	41	65	41	74	53	62	40	
97	87	165	78	108	125	45	51	70	
38	22	20	29	40	46	38	14	65	
20	16	15	19	21	36	25	11	33	
93	50	52	33	94	56	39	112	90	
40	47	43	18	67	46	61	38	30	
10	6	7	10	8	12	18	6	5	
38	18	44	63	47	60	48	42	59	
41	71	47	35	22	24	37	24	18	
92	80	134	111	111	63	95	154	4	
97	175	73	125	76	76	191	174	135	
34	48	12	24	32	33	62	19	30	
11	13	7	19	10	12	2	13	11	
80	139	61	90	68	24	86	28	125	
25	12	4	22	19	23	34	11	3	
66	61	109	123	48	41	103	67	52	
29	32	17	30	28	41	35	33	4	
40	40	40	37	37	8	65	14	33	
49	12	78	59	18	29	40	82	45	
59	56	40	45	90	51	48	94	85	
58	94	74	62	33	45	59	72	63	
35	20	29	34	32	18	44	41	43	
52	59	13	82	60	43	27	65	82	
93	81	138	101	43	90	90	88	58	
69	121	36	89	42	76	52	17	18	
79	71	35	129	69	131	74	89	69	
75	68	70	46	62	14	84	44	49	
77	80	55	122	81	85	72	96	144	
51	45	48	94	78	31	54	39	21	
33	16	46	22	26	39	36	39	8	
12	13	15	6	4	12	7	18	15	
95	38	90	137	143	159	100	81	51	
69	70	48	91	54	23	5	120	20	
73	55	100	64	51	100	56	109	61	
94	140	131	120	94	74	41	145	138	
93	124	133	61	115	43	116	73	163	
41	67	37	24	50	15	55	49	42	
53	57	34	47	40	36	58	53	94	
61	71	99	7	39	116	115	37	97	
24	6	29	12	19	24	22	44	26	
59	37	43	52	72	73	26	33	49	
92	89	167	80	85	127	116	147	45	
92	114	28	55	117	28	17	50	99	
33	43	26	21	49	30	34	46	60	
38	13	36	41	18	67	14	10	26	
14	14	21	18	11	16	14	8	13	
66	43	87	14	69	121	84	47	64	
25	19	2	27	25	10	13	26	27	
95	101	78	116	48	85	11	110	112	
71	66	59	27	76	113	75	109	64	
79	75	92	99	134	23	76	95	42	
92	114	52	149	108	50	37	105	120	
44	5	23	41	40	50	23	27	49	
70	52	62	57	101	24	83	39	117	
76	91	99	64	118	81	54	44	45	
36	40	48	8	49	37	48	42	21	
99	112	184	137	65	175	157	105	173	
22	15	7	29	12	9	30	29	19	
45	26	29	20	56	47	39	11	54	
39	69	25	21	49	21	10	49	29	
27	29	40	29	11	27	21	14	18	
Distance matrix
0	70.5	65	18.5	24.5	79.5	42.5	28	37	52	94.5	61.5	84.5	97.5	55	75.5	50	56.5	74.5	52.5	5.5	29.5	65.5	77.5	36	67.5	70	37.5	75.5	83.5	87	33	43	27.5	37	69.5	4	65	85.5	68	64	18	33	72	21	26	66.5	44.5	27.5	37	61.5	38.5	30	61	32.5	78.5	51	63	40.5	54.5	78.5	61.5	46.5	40.5	68.5	29	55	52	100.5	51	71.5	17	11.5	72.5	59.5	64	64	43.5	87.5	39	85	88.5	70.5	40.5	34	60.5	27	22.5	70	90	72.5	82.5	65	63.5	59.5	50	34.5	61	92.5	68.5	36.5	86.5	41	83.5	41	39	33.5	75	93.5	94.5	60.5	64	23	64.5	89.5	57.5	55	76.5	77.5	61	16	52	69	37	30	78	
70.5	0	39.5	84	80	9	62	68.5	57.5	32.5	30	9	14	37	25.5	31	50.5	42	30	28	71	55	39	33	56.5	23	25.5	53	31	39	22.5	43.5	53.5	73	67.5	25	74.5	39.5	29	36.5	24.5	86.5	71.5	27.5	51.5	76.5	38	60	63	47.5	43	64	50.5	43.5	68	26	41.5	18.5	64	40	34	37	42	64	36	69.5	49.5	52.5	34	41.5	33	87.5	67	32	45	40.5	40.5	29	27	65.5	34.5	26	26	46	54.5	44	57.5	82	34.5	29.5	28	22	39.5	29	45	54.5	40	43.5	42	24	62	16	31.5	39	63.5	49.5	49	30.5	41	40	44	34.5	81.5	6	45	23	25.5	28	27	41.5	86.5	42.5	24.5	67.5	70.5	26.5	
65	39.5	0	56.5	50.5	30.5	32.5	47	38	33	35.5	46.5	25.5	42.5	40	54.5	25	23.5	15.5	37.5	65.5	45.5	14.5	62.5	39	52.5	55	37.5	60.5	46.5	28	38	32	47.5	38	54.5	69	0	34.5	17	41	57	42	57	46	49	23.5	30.5	47.5	38	18.5	36.5	45	4	42.5	21.5	14	48	34.5	25.5	41.5	28.5	28.5	34.5	21.5	46	20	23	39.5	14	28.5	58	61.5	7.5	20.5	21	21	28.5	32.5	36	40	31.5	49.5	34.5	41	14.5	48	52.5	15	35	57.5	17.5	10	36.5	15.5	25	34.5	14	47.5	53.5	38.5	23.5	24	56.5	34	36	41.5	50	46.5	45.5	19.5	31	52	45.5	50.5	42.5	40	13.5	12.5	24	59	13	46	38	45	17	
18.5	84	56.5	0	6	77	34	41.5	50.5	65.5	82	75	72	89	68.5	89	61.5	70	62	66	13	43	61	91	49.5	81	83.5	51	89	93	74.5	46.5	56.5	39	24.5	83	22.5	56.5	81	63.5	77.5	28.5	18.5	85.5	34.5	35.5	70	52	41	50.5	65	48	43.5	60.5	44	68	64.5	76.5	36	68	88	75	60	46	68	42.5	56.5	39.5	86	64.5	75	29.5	25	54	67	67.5	67.5	57	79	32.5	86.5	78	84	54	47.5	56	40.5	4	61.5	81.5	86	64	46.5	77	57	41.5	48	50.5	94	82	50	70	54.5	97	40.5	52.5	47	88.5	93	92	66	77.5	28.5	78	97	71	68.5	60	59	70.5	30.5	65.5	82.5	24.5	41.5	63.5	
24.5	80	50.5	6	0	71	28	37.5	48.5	71.5	76	81	66	83	74.5	95	55.5	64	56	72	19	49	55	97	49.5	87	89.5	53	95	87	68.5	52.5	52.5	33	18.5	89	28.5	50.5	75	57.5	81.5	22.5	12.5	91.5	40.5	29.5	64	46	43	56.5	59	42	49.5	54.5	38	62	64.5	82.5	30	66	82	69	64	40	62	36.5	50.5	33.5	80	64.5	69	23.5	31	48	61	61.5	61.5	63	73	26.5	80.5	72	90	60	51.5	50	46.5	2	55.5	75.5	92	58	40.5	77	51	35.5	54	44.5	88	88	44	64	60.5	97	34.5	56.5	53	90.5	87	86	60	71.5	22.5	84	91	77	74.5	54	53	64.5	24.5	63.5	86.5	18.5	35.5	57.5	
79.5	9	30.5	77	71	0	53	67.5	58.5	41.5	21	18	5	28	34.5	40	45.5	39	21	37	80	64	30	42	59.5	32	34.5	58	40	32	13.5	52.5	52.5	68	58.5	34	83.5	30.5	20	27.5	31.5	77.5	62.5	36.5	60.5	69.5	29	51	68	56.5	34	57	59.5	34.5	63	17	44.5	27.5	55	41	27	34	49	55	27	66.5	40.5	43.5	25	44.5	24	78.5	76	23	36	31.5	31.5	38	18	56.5	25.5	17	35	55	61.5	35	66.5	73	25.5	20.5	37	13	30.5	32	36	45.5	49	34.5	33	33	59	7	40.5	42	54.5	56.5	58	35.5	32	31	35	31.5	72.5	15	36	32	34.5	19	18	34.5	79.5	43.5	31.5	58.5	65.5	17.5	
42.5	62	32.5	34	28	53	0	24.5	30.5	55.5	58	69	48	65	62.5	77	37.5	46	38	60	43	33	37	85	31.5	75	77.5	35	83	69	50.5	40.5	34.5	25	15.5	77	46.5	32.5	57	39.5	63.5	34.5	19.5	79.5	28.5	26.5	46	28	15	40.5	41	24	37.5	36.5	10	44	46.5	70.5	2	48	64	51	46	22	44	23.5	32.5	15.5	62	46.5	51	35.5	39	30	43	43.5	43.5	51	55	13.5	62.5	54	72	42	33.5	32	30.5	30	37.5	57.5	80	40	22.5	59	33	17.5	42	26.5	70	76	26	46	48.5	79	16.5	38.5	39	72.5	69	68	42	53.5	29.5	68	73	65	62.5	36	35	46.5	36.5	45.5	68.5	15.5	22.5	39.5	
28	68.5	47	41.5	37.5	67.5	24.5	0	35	50	72.5	59.5	62.5	79.5	53	73.5	48	54.5	52.5	50.5	28.5	27.5	51.5	75.5	34	65.5	68	35.5	73.5	81.5	65	31	41	30.5	25	67.5	32	47	71.5	54	62	44	29	70	19	34	60.5	42.5	25.5	35	55.5	36.5	28	51	30.5	58.5	49	61	26.5	52.5	76.5	59.5	44.5	36.5	58.5	1	47	30	76.5	49	65.5	45	24.5	44.5	57.5	58	58	41.5	69.5	11	77	68.5	68.5	38.5	32	46.5	25	39.5	52	72	70.5	54.5	37	61.5	47.5	32	32.5	41	84.5	66.5	34.5	60.5	39	81.5	31	37	31.5	73	83.5	82.5	56.5	62	39	62.5	87.5	55.5	53	50.5	49.5	59	44	50	67	25	2	54	
37	57.5	38	50.5	48.5	58.5	30.5	35	0	39	63.5	48.5	53.5	70.5	42	62.5	37	43.5	43.5	39.5	37.5	21.5	42.5	64.5	1	54.5	57	24.5	62.5	70.5	56	20	30	39.5	36	56.5	41	38	62.5	45	51	55	40	59	18	43	51.5	31.5	29.5	24	46.5	30.5	7	42	34.5	49.5	38	50	32.5	41.5	65.5	48.5	33.5	32.5	49.5	36	38	15	67.5	38	56.5	54	33.5	35.5	46.5	49	49	30.5	60.5	34	68	59.5	57.5	27.5	3	37.5	24	50.5	43	63	59.5	45.5	28	50.5	38.5	13	21.5	32	75.5	55.5	28.5	51.5	28	70.5	32	26	20.5	62	74.5	73.5	47.5	51	50	51.5	76.5	44.5	42	41.5	40.5	48	53	39	56	36	37	45	
52	32.5	33	65.5	71.5	41.5	55.5	50	39	0	48.5	23.5	38.5	55.5	17	37.5	32	23.5	28.5	14.5	52.5	36.5	32.5	39.5	38	29.5	32	34.5	37.5	45.5	41	25	35	54.5	61	31.5	56	33	47.5	16	26	70	65	34	33	58	28.5	41.5	44.5	29	28.5	45.5	32	33	49.5	34.5	23	25	57.5	21.5	40.5	23.5	23.5	47.5	30.5	51	37	46	52.5	23	33.5	69	48.5	25.5	26.5	12	12	10.5	45.5	59	47	44.5	32.5	27.5	36	37.5	39	69.5	18	48	34.5	30.5	33	25.5	36.5	48	21.5	37	54.5	30.5	43.5	36.5	13	45.5	53	31	30.5	37	55.5	56.5	27.5	26	65	26.5	51.5	19.5	17	26.5	25.5	9	68	24	31	61	52	30	
94.5	30	35.5	82	76	21	58	72.5	63.5	48.5	0	39	16	13	45.5	19	50.5	44	26	48	95	71	35	33	64.5	33	30.5	63	35	11	13.5	67.5	57.5	73	63.5	25	96.5	35.5	15	32.5	36.5	82.5	67.5	31.5	75.5	74.5	34	56	73	63.5	39	62	70.5	39.5	68	22	49.5	37.5	60	46	22	39	54	60	32	71.5	45.5	48.5	10	49.5	29	83.5	89	28	41	36.5	36.5	53	13	61.5	15.5	12	30	60	66.5	40	73.5	78	30.5	10.5	22	18	35.5	37	41	50.5	64	39.5	18	26	64	14	55.5	27	59.5	61.5	67	25.5	17	16	40	36.5	77.5	36	21	43	45.5	24	23	39.5	84.5	48.5	31.5	63.5	70.5	22.5	
61.5	9	46.5	75	81	18	69	59.5	48.5	23.5	39	0	23	44	16.5	22	41.5	33	39	19	62	46	42	24	47.5	14	16.5	44	22	30	31.5	34.5	44.5	64	76.5	16	65.5	46.5	32	39.5	15.5	79.5	80.5	18.5	42.5	67.5	33	51	54	38.5	38	55	41.5	42.5	59	35	32.5	9.5	67	31	25	28	33	57	35	60.5	46.5	61.5	43	32.5	28	78.5	58	41	36	35.5	35.5	20	34	70.5	31.5	35	17	37	45.5	47	48.5	79	41.5	36.5	19	31	48.5	20	46	61.5	31	52.5	39	15	53	25	22.5	30	62.5	40.5	40	21.5	40	41	37	25.5	74.5	3	36	14	16.5	37	36	32.5	77.5	33.5	15.5	76.5	61.5	35.5	
84.5	14	25.5	72	66	5	48	62.5	53.5	38.5	16	23	0	23	35.5	35	40.5	34	16	38	85	61	25	43	54.5	33	35.5	53	45	27	8.5	57.5	47.5	63	53.5	39	86.5	25.5	15	22.5	26.5	72.5	57.5	41.5	65.5	64.5	24	46	63	53.5	29	52	60.5	29.5	58	12	39.5	32.5	50	36	22	29	44	50	22	61.5	35.5	38.5	20	39.5	19	73.5	79	18	31	26.5	26.5	43	13	51.5	20.5	12	30	50	56.5	30	63.5	68	20.5	15.5	38	8	25.5	27	31	40.5	54	29.5	28	38	54	2	45.5	37	49.5	51.5	57	30.5	27	26	30	26.5	67.5	20	31	33	35.5	14	13	29.5	74.5	38.5	26.5	53.5	60.5	12.5	
97.5	37	42.5	89	83	28	65	79.5	70.5	55.5	13	44	23	0	52.5	32	57.5	51	33	55	98	78	42	20	71.5	40	37.5	70	22	24	20.5	70.5	64.5	80	70.5	32	101.5	42.5	22	39.5	43.5	89.5	74.5	29.5	78.5	81.5	41	63	80	70.5	46	69	77.5	46.5	75	29	56.5	40.5	67	53	29	46	61	67	39	78.5	52.5	55.5	3	56.5	36	90.5	94	35	48	43.5	43.5	56	20	68.5	22.5	19	37	67	73.5	47	80.5	85	37.5	17.5	35	25	42.5	44	48	57.5	67	46.5	5	31	71	21	58.5	14	66.5	68.5	74	32.5	4	3	47	43.5	84.5	43	8	50	52.5	31	30	46.5	91.5	55.5	38.5	70.5	77.5	29.5	
55	25.5	40	68.5	74.5	34.5	62.5	53	42	17	45.5	16.5	35.5	52.5	0	30.5	35	26.5	30.5	12.5	55.5	39.5	35.5	32.5	41	22.5	25	37.5	30.5	38.5	38	28	38	57.5	68	24.5	59	40	40.5	33	19	73	72	27	36	61	26.5	44.5	47.5	32	31.5	48.5	35	36	52.5	31.5	26	18	60.5	24.5	33.5	21.5	26.5	50.5	28.5	54	40	53	49.5	26	26.5	72	51.5	32.5	29.5	29	29	13.5	42.5	64	40	41.5	25.5	30.5	39	40.5	42	72.5	35	45	27.5	27.5	40	18.5	39.5	55	24.5	44	47.5	23.5	46.5	33.5	16	38.5	56	34	33.5	30	48.5	49.5	30.5	9	68	19.5	44.5	12.5	0	28.5	27.5	26	71	27	24	68	55	23	
75.5	31	54.5	89	95	40	77	73.5	62.5	37.5	19	22	35	32	30.5	0	55.5	47	45	33	76	60	54	18	61.5	18	15.5	58	16	8	32.5	48.5	58.5	78	82.5	6	79.5	54.5	34	51.5	29.5	93.5	86.5	12.5	56.5	81.5	47	65	68	52.5	52	69	55.5	56.5	73	41	46.5	18.5	79	45	29	42	47	71	49	74.5	60.5	67.5	29	46.5	42	92.5	72	47	50	49.5	49.5	34	32	80.5	30.5	31	21	51	59.5	59	62.5	93	49.5	29.5	3	37	54.5	34	60	69.5	45	58.5	33	7	67	33	36.5	24	76.5	54.5	54	20.5	34	35	51	39.5	88.5	25	30	28	30.5	43	42	46.5	91.5	47.5	24.5	82.5	75.5	41.5	
50	50.5	25	61.5	55.5	45.5	37.5	48	37	32	50.5	41.5	40.5	57.5	35	55.5	0	36.5	30.5	32.5	50.5	34.5	29.5	57.5	36	47.5	50	32.5	55.5	61.5	43	23	33	52.5	43	49.5	54	25	49.5	32	44	62	47	52	31	54	38.5	35.5	42.5	27	33.5	41.5	30	29	47.5	36.5	31	43	39.5	34.5	56.5	41.5	26.5	39.5	36.5	49	5	28	54.5	31	43.5	63	46.5	22.5	35.5	36	36	23.5	47.5	41	55	46.5	50.5	25.5	34	24.5	37	57.5	30	50	52.5	32.5	15	43.5	25.5	30	19.5	11	62.5	48.5	41.5	38.5	21	63.5	39	29	28.5	55	61.5	60.5	34.5	44	57	44.5	65.5	37.5	35	28.5	27.5	39	64	32	49	43	50	32	
56.5	42	23.5	70	64	39	46	54.5	43.5	23.5	44	33	34	51	26.5	47	36.5	0	24	24	57	41	9	49	42.5	39	41.5	39	47	55	36.5	29.5	39.5	59	51.5	41	60.5	23.5	43	25.5	35.5	70.5	55.5	43.5	37.5	62.5	32	44	49	33.5	5	50	36.5	27.5	54	30	27.5	34.5	48	2	50	33	28	48	30	55.5	33.5	36.5	48	27.5	37	71.5	53	16	3	29.5	29.5	13	41	49.5	48.5	40	42	32	40.5	28	43.5	66	23.5	43.5	44	26	23.5	35	29	38.5	26	27.5	56	40	48	32	17.5	55	47.5	35.5	35	46.5	55	54	4	35.5	65.5	36	59	29	26.5	22	21	32.5	72.5	28.5	40.5	51.5	56.5	25.5	
74.5	30	15.5	62	56	21	38	52.5	43.5	28.5	26	39	16	33	30.5	45	30.5	24	0	22	75	51	15	53	44.5	43	45.5	43	55	37	18.5	47.5	37.5	53	43.5	49	76.5	15.5	25	12.5	31.5	62.5	47.5	51.5	55.5	54.5	8	36	53	43.5	19	42	50.5	19.5	48	12	29.5	42.5	40	26	32	13	34	40	6	51.5	25.5	28.5	30	29.5	19	63.5	69	8	21	16.5	16.5	33	23	41.5	30.5	22	40	40	46.5	20	53.5	58	10.5	25.5	48	8	15.5	27	21	30.5	44	19.5	38	48	44	14	35.5	47	39.5	41.5	47	40.5	37	36	20	21.5	57.5	36	41	33	30.5	2	3	19.5	64.5	28.5	36.5	43.5	50.5	7.5	
52.5	28	37.5	66	72	37	60	50.5	39.5	14.5	48	19	38	55	12.5	33	32.5	24	22	0	53	37	33	35	38.5	25	27.5	35	33	41	40.5	25.5	35.5	55	65.5	27	56.5	37.5	43	30.5	21.5	70.5	69.5	29.5	33.5	58.5	14	42	45	29.5	29	46	32.5	33.5	50	34	23.5	20.5	58	22	36	9	24	48	16	51.5	37.5	50.5	52	23.5	29	69.5	49	30	27	26.5	26.5	11	45	61.5	42.5	44	28	28	36.5	38	39.5	70	32.5	47.5	30	30	37.5	21	37	52.5	22	41.5	50	26	44	36	13.5	41	53.5	31.5	31	32.5	51	52	28	21.5	65.5	22	47	15	12.5	24	25	23.5	68.5	24.5	26.5	65.5	52.5	29.5	
5.5	71	65.5	13	19	80	43	28.5	37.5	52.5	95	62	85	98	55.5	76	50.5	57	75	53	0	30	66	78	36.5	68	70.5	38	76	84	87.5	33.5	43.5	28	37.5	70	9.5	65.5	86	68.5	64.5	23.5	31.5	72.5	21.5	26.5	67	45	28	37.5	62	39	30.5	61.5	33	79	51.5	63.5	41	55	79	62	47	41	69	29.5	55.5	52.5	99	51.5	72	22.5	12	67	60	64.5	64.5	44	88	39.5	85.5	89	71	41	34.5	61	27.5	17	70.5	90.5	73	77	59.5	64	60	50.5	35	61.5	93	69	37	83	41.5	84	41.5	39.5	34	75.5	94	95	61	64.5	23.5	65	90	58	55.5	73	72	61.5	21.5	52.5	69.5	37.5	30.5	76.5	
29.5	55	45.5	43	49	64	33	27.5	21.5	36.5	71	46	61	78	39.5	60	34.5	41	51	37	30	0	50	62	20.5	52	54.5	22	60	68	63.5	17.5	27.5	32	38.5	54	33.5	45.5	70	52.5	48.5	47.5	42.5	56.5	10.5	35.5	51	29	22	21.5	46	9	14.5	45.5	27	57	35.5	47.5	35	39	63	46	31	11	53	28.5	39.5	28.5	75	35.5	56	46.5	26	43	44	48.5	48.5	28	68	36.5	69.5	67	55	25	18.5	45	16.5	47	50.5	70.5	57	53	35.5	48	44	30.5	19	39.5	77	53	7	59	25.5	68	30.5	23.5	18	59.5	78	79	45	48.5	42.5	49	74	42	39.5	49	48	45.5	45.5	36.5	53.5	38.5	29.5	52.5	
65.5	39	14.5	61	55	30	37	51.5	42.5	32.5	35	42	25	42	35.5	54	29.5	9	15	33	66	50	0	58	43.5	48	50.5	42	56	46	27.5	38.5	36.5	52	42.5	50	69.5	14.5	34	16.5	40.5	61.5	46.5	52.5	46.5	53.5	23	35	52	42.5	4	41	45.5	18.5	47	21	28.5	43.5	39	11	41	28	33	39	21	50.5	24.5	27.5	39	28.5	28	62.5	62	7	6	20.5	20.5	22	32	40.5	39.5	31	49	39	45.5	19	52.5	57	14.5	34.5	53	17	14.5	36	20	29.5	35	18.5	47	49	43	23	26.5	56	38.5	40.5	44	49.5	46	45	5	30.5	56.5	45	50	38	35.5	13	12	23.5	63.5	27.5	45.5	42.5	49.5	16.5	
77.5	33	62.5	91	97	42	85	75.5	64.5	39.5	33	24	43	20	32.5	18	57.5	49	53	35	78	62	58	0	63.5	20	17.5	60	2	26	40.5	50.5	60.5	80	90.5	12	81.5	62.5	38	55.5	31.5	95.5	94.5	9.5	58.5	83.5	49	67	70	54.5	54	71	57.5	58.5	75	49	48.5	20.5	83	47	31	44	49	73	51	76.5	62.5	75.5	23	48.5	44	94.5	74	55	52	51.5	51.5	36	40	86.5	32.5	39	23	53	61.5	63	64.5	95	57.5	37.5	15	45	62.5	36	62	77.5	47	66.5	15	11	69	41	38.5	6	78.5	56.5	56	22.5	16	17	53	41.5	90.5	27	12	30	32.5	51	50	48.5	93.5	49.5	26.5	90.5	77.5	49.5	
36	56.5	39	49.5	49.5	59.5	31.5	34	1	38	64.5	47.5	54.5	71.5	41	61.5	36	42.5	44.5	38.5	36.5	20.5	43.5	63.5	0	53.5	56	23.5	61.5	69.5	57	19	29	38.5	37	55.5	40	39	63.5	46	50	54	41	58	17	42	52.5	30.5	28.5	23	47.5	29.5	6	43	33.5	50.5	37	49	33.5	40.5	64.5	47.5	32.5	31.5	50.5	35	39	16	68.5	37	57.5	53	32.5	36.5	45.5	50	50	29.5	61.5	35	69	60.5	56.5	26.5	2	38.5	23	51.5	44	64	58.5	46.5	29	49.5	39.5	14	20.5	33	76.5	54.5	27.5	52.5	27	69.5	33	25	19.5	61	75.5	74.5	46.5	50	49	50.5	75.5	43.5	41	42.5	41.5	47	52	38	55	37	36	46	
67.5	23	52.5	81	87	32	75	65.5	54.5	29.5	33	14	33	40	22.5	18	47.5	39	43	25	68	52	48	20	53.5	0	12.5	50	18	26	30.5	40.5	50.5	70	80.5	12	71.5	52.5	18	45.5	21.5	85.5	84.5	14.5	48.5	73.5	39	57	60	44.5	44	61	47.5	48.5	65	39	38.5	10.5	73	37	11	34	39	63	41	66.5	52.5	65.5	37	38.5	34	84.5	64	45	42	41.5	41.5	26	20	76.5	27.5	21	3	43	51.5	53	54.5	85	47.5	32.5	15	35	52.5	26	52	67.5	37	56.5	35	11	59	31	28.5	26	68.5	46.5	46	17.5	36	37	43	31.5	80.5	17	32	20	22.5	41	40	38.5	83.5	39.5	16.5	80.5	67.5	39.5	
70	25.5	55	83.5	89.5	34.5	77.5	68	57	32	30.5	16.5	35.5	37.5	25	15.5	50	41.5	45.5	27.5	70.5	54.5	50.5	17.5	56	12.5	0	52.5	15.5	23.5	33	43	53	72.5	83	9.5	74	55	30.5	48	24	88	87	12	51	76	41.5	59.5	62.5	47	46.5	63.5	50	51	67.5	41.5	41	13	75.5	39.5	23.5	36.5	41.5	65.5	43.5	69	55	68	34.5	41	36.5	87	66.5	47.5	44.5	44	44	28.5	32.5	79	15	31.5	15.5	45.5	54	55.5	57	87.5	50	20	12.5	37.5	55	28.5	54.5	70	39.5	59	32.5	8.5	61.5	33.5	31	23.5	71	49	48.5	5	33.5	34.5	45.5	34	83	19.5	29.5	22.5	25	43.5	42.5	41	86	42	19	83	70	42	
37.5	53	37.5	51	53	58	35	35.5	24.5	34.5	63	44	53	70	37.5	58	32.5	39	43	35	38	22	42	60	23.5	50	52.5	0	58	66	55.5	15.5	25.5	40	40.5	52	41.5	37.5	62	44.5	46.5	55.5	44.5	54.5	18.5	43.5	49	7	30	19.5	44	31	17.5	41.5	35	49	33.5	45.5	37	37	61	44	29	33	49	36.5	37.5	25.5	67	33.5	54	54.5	34	35	42	46.5	46.5	26	60	38.5	67.5	59	53	23	21.5	37	24.5	55	42.5	62.5	55	45	27.5	46	38	27.5	17	31.5	75	51	29	51	23.5	66	36.5	21.5	4	57.5	74	73	43	46.5	50.5	47	72	40	37.5	41	40	43.5	53.5	34.5	51.5	40.5	37.5	44.5	
75.5	31	60.5	89	95	40	83	73.5	62.5	37.5	35	22	45	22	30.5	16	55.5	47	55	33	76	60	56	2	61.5	18	15.5	58	0	24	42.5	48.5	58.5	78	92.5	10	79.5	60.5	36	53.5	29.5	93.5	96.5	7.5	56.5	81.5	47	65	68	52.5	52	69	55.5	56.5	73	49	46.5	18.5	81	45	29	42	47	71	49	74.5	60.5	77.5	25	46.5	42	92.5	72	57	50	49.5	49.5	34	38	84.5	30.5	39	21	51	59.5	61	62.5	93	55.5	35.5	13	47	64.5	34	60	75.5	45	66.5	17	9	67	43	36.5	8	76.5	54.5	54	20.5	18	19	51	39.5	88.5	25	14	28	30.5	53	52	46.5	91.5	47.5	24.5	92.5	75.5	51.5	
83.5	39	46.5	93	87	32	69	81.5	70.5	45.5	11	30	27	24	38.5	8	61.5	55	37	41	84	68	46	26	69.5	26	23.5	66	24	0	24.5	56.5	66.5	84	74.5	14	87.5	46.5	26	43.5	37.5	93.5	78.5	20.5	64.5	85.5	45	67	76	60.5	50	73	63.5	50.5	79	33	54.5	26.5	71	53	33	50	55	71	43	82.5	56.5	59.5	21	54.5	40	94.5	80	39	52	47.5	47.5	42	24	72.5	26.5	23	29	59	67.5	51	70.5	89	41.5	21.5	11	29	46.5	42	52	61.5	53	50.5	29	15	75	25	44.5	32	70.5	62.5	62	28.5	28	27	51	47.5	88.5	33	32	36	38.5	35	34	50.5	95.5	55.5	32.5	74.5	81.5	33.5	
87	22.5	28	74.5	68.5	13.5	50.5	65	56	41	13.5	31.5	8.5	20.5	38	32.5	43	36.5	18.5	40.5	87.5	63.5	27.5	40.5	57	30.5	33	55.5	42.5	24.5	0	60	50	65.5	56	36.5	89	28	12.5	25	29	75	60	39	68	67	26.5	48.5	65.5	56	31.5	54.5	63	32	60.5	14.5	42	24	52.5	38.5	19.5	31.5	46.5	52.5	24.5	64	38	41	17.5	42	21.5	76	81.5	20.5	33.5	29	29	45.5	10.5	54	18	9.5	27.5	52.5	59	32.5	66	70.5	23	13	35.5	10.5	28	29.5	33.5	43	56.5	32	25.5	35.5	56.5	6.5	48	34.5	52	54	59.5	28	24.5	23.5	32.5	29	70	28.5	28.5	35.5	38	16.5	15.5	32	77	41	18	56	63	15	
33	43.5	38	46.5	52.5	52.5	40.5	31	20	25	67.5	34.5	57.5	70.5	28	48.5	23	29.5	47.5	25.5	33.5	17.5	38.5	50.5	19	40.5	43	15.5	48.5	56.5	60	0	10	35.5	50	42.5	37	38	58.5	41	37	51	54	45	14	39	39.5	22.5	25.5	4	34.5	26.5	13	34	30.5	51.5	24	36	38.5	27.5	51.5	34.5	19.5	28.5	41.5	32	28	35	71.5	24	44.5	50	29.5	39.5	32.5	37	37	16.5	60.5	42	58	61.5	43.5	13.5	17	33.5	20	50.5	43	63	45.5	49.5	32	36.5	32.5	33	7.5	34	65.5	41.5	24.5	55.5	14	56.5	34	6	11.5	48	66.5	67.5	33.5	37	46	37.5	62.5	30.5	28	45.5	44.5	34	49	25	42	50	33	49	
43	53.5	32	56.5	52.5	52.5	34.5	41	30	35	57.5	44.5	47.5	64.5	38	58.5	33	39.5	37.5	35.5	43.5	27.5	36.5	60.5	29	50.5	53	25.5	58.5	66.5	50	10	0	45.5	40	52.5	47	32	56.5	39	47	59	44	55	24	49	45.5	32.5	35.5	6	40.5	36.5	23	36	40.5	43.5	34	46	36.5	37.5	61.5	44.5	29.5	36.5	43.5	42	32	25	61.5	34	50.5	60	39.5	29.5	42.5	43	43	26.5	54.5	38	62	53.5	53.5	23.5	27	31.5	30	54.5	37	57	55.5	39.5	22	46.5	32.5	27	17.5	26	69.5	51.5	34.5	45.5	24	66.5	36	4	21.5	58	68.5	67.5	41.5	47	54	47.5	72.5	40.5	38	35.5	34.5	44	59	35	52	40	43	39	
27.5	73	47.5	39	33	68	25	30.5	39.5	54.5	73	64	63	80	57.5	78	52.5	59	53	55	28	32	52	80	38.5	70	72.5	40	78	84	65.5	35.5	45.5	0	20.5	72	31.5	47.5	72	54.5	66.5	39.5	24.5	74.5	23.5	31.5	61	43	30	39.5	56	39	32.5	51.5	35	59	53.5	65.5	27	57	79	64	49	37	59	31.5	47.5	30.5	77	53.5	66	40.5	24	45	58	58.5	58.5	46	70	23.5	77.5	69	73	43	36.5	47	29.5	35	52.5	72.5	75	55	37.5	66	48	32.5	37	41.5	85	71	39	61	43.5	86	31.5	41.5	36	77.5	84	83	57	66.5	34.5	67	88	60	57.5	51	50	61.5	41.5	54.5	71.5	20.5	32.5	54.5	
37	67.5	38	24.5	18.5	58.5	15.5	25	36	61	63.5	76.5	53.5	70.5	68	82.5	43	51.5	43.5	65.5	37.5	38.5	42.5	90.5	37	80.5	83	40.5	92.5	74.5	56	50	40	20.5	0	86.5	39	38	62.5	45	69	25	10	89	38	11	51.5	33.5	30.5	46	46.5	29.5	43	42	25.5	49.5	52	80	17.5	53.5	69.5	56.5	51.5	27.5	49.5	24	38	21	67.5	52	56.5	26	31.5	35.5	48.5	49	49	60.5	60.5	14	68	59.5	77.5	47.5	39	37.5	36	20.5	43	63	85.5	45.5	28	64.5	38.5	23	51.5	32	75.5	85.5	31.5	51.5	58	84.5	22	44	44.5	78	74.5	73.5	47.5	59	20	73.5	78.5	70.5	68	41.5	40.5	52	27	51	74	0	23	45	
69.5	25	54.5	83	89	34	77	67.5	56.5	31.5	25	16	39	32	24.5	6	49.5	41	49	27	70	54	50	12	55.5	12	9.5	52	10	14	36.5	42.5	52.5	72	86.5	0	73.5	54.5	30	47.5	23.5	87.5	92.5	6.5	50.5	75.5	41	59	62	46.5	46	63	49.5	50.5	67	43	40.5	12.5	75	39	23	36	41	65	43	68.5	54.5	71.5	35	40.5	36	86.5	66	53	44	43.5	43.5	28	32	78.5	24.5	33	15	45	53.5	55	56.5	87	49.5	29.5	3	43	60.5	28	54	69.5	39	60.5	27	1	61	39	30.5	18	70.5	48.5	48	14.5	28	29	45	33.5	82.5	19	24	22	24.5	49	48	40.5	85.5	41.5	18.5	86.5	69.5	47.5	
4	74.5	69	22.5	28.5	83.5	46.5	32	41	56	96.5	65.5	86.5	101.5	59	79.5	54	60.5	76.5	56.5	9.5	33.5	69.5	81.5	40	71.5	74	41.5	79.5	87.5	89	37	47	31.5	39	73.5	0	69	89.5	72	68	14	33	76	25	30	70.5	48.5	31.5	41	65.5	42.5	34	65	36.5	82.5	55	67	44.5	58.5	82.5	65.5	50.5	44.5	72.5	33	59	54	100.5	55	75.5	13	15.5	68.5	63.5	68	68	47.5	91.5	43	89	92.5	74.5	44.5	38	64.5	31	26.5	74	94	76.5	78.5	61	67.5	63.5	54	38.5	65	96.5	72.5	40.5	84.5	45	87.5	45	43	37.5	79	97.5	98.5	64.5	68	27	68.5	93.5	61.5	59	74.5	73.5	65	12	56	73	39	34	78	
65	39.5	0	56.5	50.5	30.5	32.5	47	38	33	35.5	46.5	25.5	42.5	40	54.5	25	23.5	15.5	37.5	65.5	45.5	14.5	62.5	39	52.5	55	37.5	60.5	46.5	28	38	32	47.5	38	54.5	69	0	34.5	17	41	57	42	57	46	49	23.5	30.5	47.5	38	18.5	36.5	45	4	42.5	21.5	14	48	34.5	25.5	41.5	28.5	28.5	34.5	21.5	46	20	23	39.5	14	28.5	58	61.5	7.5	20.5	21	21	28.5	32.5	36	40	31.5	49.5	34.5	41	14.5	48	52.5	15	35	57.5	17.5	10	36.5	15.5	25	34.5	14	47.5	53.5	38.5	23.5	24	56.5	34	36	41.5	50	46.5	45.5	19.5	31	52	45.5	50.5	42.5	40	13.5	12.5	24	59	13	46	38	45	17	
85.5	29	34.5	81	75	20	57	71.5	62.5	47.5	15	32	15	22	40.5	34	49.5	43	25	43	86	70	34	38	63.5	18	30.5	62	36	26	12.5	58.5	56.5	72	62.5	30	89.5	34.5	0	31.5	35.5	81.5	66.5	32.5	66.5	73.5	33	55	72	62.5	38	61	65.5	38.5	67	21	48.5	28.5	59	45	7	38	53	59	31	70.5	44.5	47.5	19	48.5	28	82.5	82	27	40	35.5	35.5	44	2	60.5	19.5	3	15	59	65.5	39	72.5	77	29.5	14.5	33	17	34.5	36	40	49.5	55	38.5	27	29	63	13	46.5	36	58.5	60.5	64	29.5	26	25	39	35.5	76.5	35	30	38	40.5	23	22	38.5	83.5	47.5	30.5	62.5	69.5	21.5	
68	36.5	17	63.5	57.5	27.5	39.5	54	45	16	32.5	39.5	22.5	39.5	33	51.5	32	25.5	12.5	30.5	68.5	52.5	16.5	55.5	46	45.5	48	44.5	53.5	43.5	25	41	39	54.5	45	47.5	72	17	31.5	0	38	64	49	50	49	56	20.5	37.5	54.5	45	20.5	43.5	48	21	49.5	18.5	31	41	41.5	27.5	38.5	25.5	35.5	41.5	18.5	53	27	30	36.5	31	25.5	65	64.5	9.5	22.5	4	4	26.5	29.5	43	37	28.5	46.5	41.5	48	21.5	55	59.5	2	32	50.5	14.5	17	33.5	22.5	32	37.5	21	44.5	46.5	45.5	20.5	29	53.5	41	43	46.5	47	43.5	42.5	21.5	28	59	42.5	47.5	35.5	33	10.5	9.5	7	66	30	43	45	52	14	
64	24.5	41	77.5	81.5	31.5	63.5	62	51	26	36.5	15.5	26.5	43.5	19	29.5	44	35.5	31.5	21.5	64.5	48.5	40.5	31.5	50	21.5	24	46.5	29.5	37.5	29	37	47	66.5	69	23.5	68	41	35.5	38	0	82	73	26	45	70	35.5	53.5	56.5	41	40.5	57.5	44	45	61.5	27.5	35	17	65.5	33.5	32.5	30.5	35.5	59.5	37.5	63	49	54	40.5	35	30.5	81	60.5	33.5	38.5	38	38	22.5	33.5	67	39	32.5	24.5	39.5	48	45.5	51	81.5	36	36	26.5	23.5	41	22.5	46.5	56	33.5	45	46.5	22.5	55.5	24.5	25	37.5	65	43	42.5	29	47.5	46.5	39.5	28	77	18.5	43.5	16.5	19	29.5	28.5	35	80	36	23	69	64	28	
18	86.5	57	28.5	22.5	77.5	34.5	44	55	70	82.5	79.5	72.5	89.5	73	93.5	62	70.5	62.5	70.5	23.5	47.5	61.5	95.5	54	85.5	88	55.5	93.5	93.5	75	51	59	39.5	25	87.5	14	57	81.5	64	82	0	19	90	39	36	70.5	52.5	45.5	55	65.5	48.5	48	61	44.5	68.5	69	81	36.5	72.5	88.5	75.5	64.5	46.5	68.5	43	57	40	86.5	69	75.5	1	29.5	54.5	67.5	68	68	61.5	79.5	33	87	78.5	88.5	58.5	52	56.5	45	24.5	62	82	90.5	64.5	47	81.5	57.5	42	52.5	51	94.5	86.5	50.5	70.5	59	101.5	41	57	51.5	93	93.5	92.5	66.5	78	29	82.5	97.5	75.5	73	60.5	59.5	71	2	70	87	25	42	64	
33	71.5	42	18.5	12.5	62.5	19.5	29	40	65	67.5	80.5	57.5	74.5	72	86.5	47	55.5	47.5	69.5	31.5	42.5	46.5	94.5	41	84.5	87	44.5	96.5	78.5	60	54	44	24.5	10	92.5	33	42	66.5	49	73	19	0	95	44	21	55.5	37.5	34.5	50	50.5	33.5	47	46	29.5	53.5	56	84	21.5	57.5	73.5	60.5	55.5	31.5	53.5	28	42	25	71.5	56	60.5	20	30.5	39.5	52.5	53	53	66.5	64.5	18	72	63.5	81.5	51.5	43	41.5	40	14.5	47	67	89.5	49.5	32	68.5	42.5	27	57.5	36	79.5	91.5	35.5	55.5	64	88.5	26	48	48.5	82	78.5	77.5	51.5	63	10	77.5	82.5	74.5	72	45.5	44.5	56	21	55	78	10	27	49	
72	27.5	57	85.5	91.5	36.5	79.5	70	59	34	31.5	18.5	41.5	29.5	27	12.5	52	43.5	51.5	29.5	72.5	56.5	52.5	9.5	58	14.5	12	54.5	7.5	20.5	39	45	55	74.5	89	6.5	76	57	32.5	50	26	90	95	0	53	78	43.5	61.5	64.5	49	48.5	65.5	52	53	69.5	45.5	43	15	77.5	41.5	25.5	38.5	43.5	67.5	45.5	71	57	74	32.5	43	38.5	89	68.5	55.5	46.5	46	46	30.5	34.5	81	27	35.5	17.5	47.5	56	57.5	59	89.5	52	32	9.5	45.5	63	30.5	56.5	72	41.5	63	24.5	5.5	63.5	41.5	33	15.5	73	51	50.5	17	25.5	26.5	47.5	36	85	21.5	21.5	24.5	27	51.5	50.5	43	88	44	21	89	72	50	
21	51.5	46	34.5	40.5	60.5	28.5	19	18	33	75.5	42.5	65.5	78.5	36	56.5	31	37.5	55.5	33.5	21.5	10.5	46.5	58.5	17	48.5	51	18.5	56.5	64.5	68	14	24	23.5	38	50.5	25	46	66.5	49	45	39	44	53	0	27	47.5	25.5	13.5	18	42.5	19.5	11	42	18.5	59.5	32	44	26.5	35.5	59.5	42.5	27.5	21.5	49.5	20	36	33	81.5	32	52.5	38	17.5	51.5	40.5	45	45	24.5	68.5	30	66	69.5	51.5	21.5	15	41.5	6	38.5	51	71	53.5	61.5	44	44.5	40.5	31	15.5	42	73.5	49.5	17.5	67.5	22	64.5	20	20	14.5	56	74.5	75.5	41.5	45	34	45.5	70.5	38.5	36	57.5	56.5	42	37	33	50	38	21	59	
26	76.5	49	35.5	29.5	69.5	26.5	34	43	58	74.5	67.5	64.5	81.5	61	81.5	54	62.5	54.5	58.5	26.5	35.5	53.5	83.5	42	73.5	76	43.5	81.5	85.5	67	39	49	31.5	11	75.5	30	49	73.5	56	70	36	21	78	27	0	62.5	44.5	33.5	43	57.5	40.5	36	53	36.5	60.5	57	69	28.5	60.5	80.5	67.5	52.5	38.5	60.5	35	49	32	78.5	57	67.5	37	22.5	46.5	59.5	60	60	49.5	71.5	25	79	70.5	76.5	46.5	40	48.5	33	31.5	54	74	78.5	56.5	39	69.5	49.5	34	40.5	43	86.5	74.5	42.5	62.5	47	89.5	33	45	39.5	81	85.5	84.5	58.5	70	31	70.5	89.5	63.5	61	52.5	51.5	63	38	58	75	11	34	56	
66.5	38	23.5	70	64	29	46	60.5	51.5	28.5	34	33	24	41	26.5	47	38.5	32	8	14	67	51	23	49	52.5	39	41.5	49	47	45	26.5	39.5	45.5	61	51.5	41	70.5	23.5	33	20.5	35.5	70.5	55.5	43.5	47.5	62.5	0	44	59	43.5	27	50	46.5	27.5	56	20	37.5	34.5	48	34	40	5	38	48	2	59.5	33.5	36.5	38	37.5	27	71.5	63	16	29	24.5	24.5	25	31	49.5	38.5	30	42	42	50.5	28	53.5	66	18.5	33.5	44	16	23.5	35	29	38.5	36	27.5	46	40	52	22	27.5	55	47.5	45.5	45	46.5	45	44	28	29.5	65.5	36	49	29	26.5	10	11	27.5	72.5	36.5	40.5	51.5	58.5	15.5	
44.5	60	30.5	52	46	51	28	42.5	31.5	41.5	56	51	46	63	44.5	65	35.5	44	36	42	45	29	35	67	30.5	57	59.5	7	65	67	48.5	22.5	32.5	43	33.5	59	48.5	30.5	55	37.5	53.5	52.5	37.5	61.5	25.5	44.5	44	0	37	26.5	39	32	24.5	34.5	38	42	40.5	52.5	30	44	62	49	36	30	42	41.5	30.5	18.5	60	40.5	49	53.5	41	28	41	41.5	41.5	33	53	31.5	60.5	52	60	30	28.5	30	31.5	48	35.5	55.5	62	38	20.5	53	31	20.5	24	24.5	68	58	34	44	30.5	73	29.5	28.5	11	64.5	67	66	40	51.5	47.5	54	71	47	44.5	34	33	44.5	54.5	41.5	58.5	33.5	40.5	37.5	
27.5	63	47.5	41	43	68	15	25.5	29.5	44.5	73	54	63	80	47.5	68	42.5	49	53	45	28	22	52	70	28.5	60	62.5	30	68	76	65.5	25.5	35.5	30	30.5	62	31.5	47.5	72	54.5	56.5	45.5	34.5	64.5	13.5	33.5	59	37	0	29.5	54	31	22.5	51.5	5	59	43.5	55.5	13	47	71	54	39	33	59	26.5	47.5	30.5	77	43.5	64	44.5	24	45	52	56.5	56.5	36	70	28.5	77.5	69	63	33	26.5	47	19.5	45	52.5	72.5	65	55	37.5	56	48	32.5	27	41.5	85	61	29	61	33.5	76	31.5	31.5	26	67.5	84	83	53	56.5	40.5	57	82	50	47.5	51	50	53.5	43.5	44.5	61.5	30.5	27.5	54.5	
37	47.5	38	50.5	56.5	56.5	40.5	35	24	29	63.5	38.5	53.5	70.5	32	52.5	27	33.5	43.5	29.5	37.5	21.5	42.5	54.5	23	44.5	47	19.5	52.5	60.5	56	4	6	39.5	46	46.5	41	38	62.5	45	41	55	50	49	18	43	43.5	26.5	29.5	0	38.5	30.5	17	38	34.5	49.5	28	40	42.5	31.5	55.5	38.5	23.5	32.5	45.5	36	32	31	67.5	28	48.5	54	33.5	35.5	36.5	41	41	20.5	60.5	44	62	59.5	47.5	17.5	21	37.5	24	54.5	43	63	49.5	45.5	28	40.5	36.5	33	11.5	32	69.5	45.5	28.5	51.5	18	60.5	38	2	15.5	52	70.5	71.5	37.5	41	50	41.5	66.5	34.5	32	41.5	40.5	38	53	29	46	46	37	45	
61.5	43	18.5	65	59	34	41	55.5	46.5	28.5	39	38	29	46	31.5	52	33.5	5	19	29	62	46	4	54	47.5	44	46.5	44	52	50	31.5	34.5	40.5	56	46.5	46	65.5	18.5	38	20.5	40.5	65.5	50.5	48.5	42.5	57.5	27	39	54	38.5	0	45	41.5	22.5	51	25	32.5	39.5	43	7	45	32	33	43	25	54.5	28.5	31.5	43	32.5	32	66.5	58	11	2	24.5	24.5	18	36	44.5	43.5	35	47	37	45.5	23	48.5	61	18.5	38.5	49	21	18.5	40	24	33.5	31	22.5	51	45	47	27	22.5	60	42.5	40.5	40	51.5	50	49	1	34.5	60.5	41	54	34	31.5	17	16	27.5	67.5	31.5	45.5	46.5	53.5	20.5	
38.5	64	36.5	48	42	57	24	36.5	30.5	45.5	62	55	52	69	48.5	69	41.5	50	42	46	39	9	41	71	29.5	61	63.5	31	69	73	54.5	26.5	36.5	39	29.5	63	42.5	36.5	61	43.5	57.5	48.5	33.5	65.5	19.5	40.5	50	32	31	30.5	45	0	23.5	40.5	34	48	44.5	56.5	26	48	68	55	40	2	48	37.5	36.5	19.5	66	44.5	55	49.5	35	34	47	47.5	47.5	37	59	27.5	66.5	58	64	34	27.5	36	25.5	44	41.5	61.5	66	44	26.5	57	37	21.5	28	30.5	74	62	2	50	34.5	77	25.5	32.5	27	68.5	73	72	46	57.5	43.5	58	77	51	48.5	40	39	50.5	50.5	45.5	62.5	29.5	36.5	43.5	
30	50.5	45	43.5	49.5	59.5	37.5	28	7	32	70.5	41.5	60.5	77.5	35	55.5	30	36.5	50.5	32.5	30.5	14.5	45.5	57.5	6	47.5	50	17.5	55.5	63.5	63	13	23	32.5	43	49.5	34	45	65.5	48	44	48	47	52	11	36	46.5	24.5	22.5	17	41.5	23.5	0	41	27.5	56.5	31	43	35.5	34.5	58.5	41.5	26.5	25.5	48.5	29	35	22	74.5	31	51.5	47	26.5	42.5	39.5	44	44	23.5	67.5	39	65	66.5	50.5	20.5	4	40.5	17	47.5	50	70	52.5	52.5	35	43.5	39.5	20	14.5	39	72.5	48.5	21.5	58.5	21	63.5	31	19	13.5	55	73.5	74.5	40.5	44	43	44.5	69.5	37.5	35	48.5	47.5	41	46	32	49	43	30	52	
61	43.5	4	60.5	54.5	34.5	36.5	51	42	33	39.5	42.5	29.5	46.5	36	56.5	29	27.5	19.5	33.5	61.5	45.5	18.5	58.5	43	48.5	51	41.5	56.5	50.5	32	34	36	51.5	42	50.5	65	4	38.5	21	45	61	46	53	42	53	27.5	34.5	51.5	38	22.5	40.5	41	0	46.5	25.5	10	44	38.5	29.5	45.5	32.5	32.5	38.5	25.5	50	24	27	43.5	10	32.5	62	57.5	11.5	24.5	25	25	24.5	36.5	40	44	35.5	51.5	36.5	45	18.5	48	56.5	19	39	53.5	21.5	14	40.5	19.5	29	30.5	18	51.5	49.5	42.5	27.5	20	60.5	38	40	39.5	54	50.5	49.5	23.5	35	56	45.5	54.5	38.5	36	17.5	16.5	28	63	9	50	42	49	21	
32.5	68	42.5	44	38	63	10	30.5	34.5	49.5	68	59	58	75	52.5	73	47.5	54	48	50	33	27	47	75	33.5	65	67.5	35	73	79	60.5	30.5	40.5	35	25.5	67	36.5	42.5	67	49.5	61.5	44.5	29.5	69.5	18.5	36.5	56	38	5	34.5	51	34	27.5	46.5	0	54	48.5	60.5	8	52	74	59	44	32	54	31.5	42.5	25.5	72	48.5	61	45.5	29	40	53	53.5	53.5	41	65	23.5	72.5	64	68	38	31.5	42	24.5	40	47.5	67.5	70	50	32.5	61	43	27.5	32	36.5	80	66	34	56	38.5	81	26.5	36.5	31	72.5	79	78	52	61.5	39.5	62	83	55	52.5	46	45	56.5	46.5	49.5	66.5	25.5	32.5	49.5	
78.5	26	21.5	68	62	17	44	58.5	49.5	34.5	22	35	12	29	31.5	41	36.5	30	12	34	79	57	21	49	50.5	39	41.5	49	49	33	14.5	51.5	43.5	59	49.5	43	82.5	21.5	21	18.5	27.5	68.5	53.5	45.5	59.5	60.5	20	42	59	49.5	25	48	56.5	25.5	54	0	35.5	36.5	46	32	28	25	40	46	18	57.5	31.5	34.5	26	35.5	7	69.5	75	14	27	22.5	22.5	37	19	47.5	26.5	18	36	46	52.5	26	59.5	64	16.5	21.5	44	4	21.5	15	27	36.5	48	25.5	34	42	50	10	39.5	43	45.5	47.5	53	36.5	33	32	26	22.5	63.5	32	37	21	31.5	10	9	25.5	70.5	34.5	32.5	49.5	56.5	8.5	
51	41.5	14	64.5	64.5	44.5	46.5	49	38	23	49.5	32.5	39.5	56.5	26	46.5	31	27.5	29.5	23.5	51.5	35.5	28.5	48.5	37	38.5	41	33.5	46.5	54.5	42	24	34	53.5	52	40.5	55	14	48.5	31	35	69	56	43	32	57	37.5	40.5	43.5	28	32.5	44.5	31	10	48.5	35.5	0	34	48.5	25.5	49.5	32.5	22.5	46.5	35.5	50	34	37	53.5	0	42.5	68	47.5	21.5	30.5	35	35	14.5	46.5	50	54	45.5	41.5	26.5	35	28.5	38	66.5	29	49	43.5	31.5	24	34.5	29.5	39	20.5	28	61.5	39.5	42.5	37.5	10	54.5	48	30	29.5	46	60.5	59.5	31.5	35	64	35.5	60.5	28.5	26	27.5	26.5	32	67	1	40	52	51	31	
63	18.5	48	76.5	82.5	27.5	70.5	61	50	25	37.5	9.5	32.5	40.5	18	18.5	43	34.5	42.5	20.5	63.5	47.5	43.5	20.5	49	10.5	13	45.5	18.5	26.5	24	36	46	65.5	80	12.5	67	48	28.5	41	17	81	84	15	44	69	34.5	52.5	55.5	40	39.5	56.5	43	44	60.5	36.5	34	0	68.5	32.5	21.5	29.5	34.5	58.5	36.5	62	48	65	41.5	34	29.5	80	59.5	44.5	37.5	37	37	21.5	30.5	72	28	31.5	13.5	38.5	47	48.5	50	80.5	43	33	15.5	34.5	52	21.5	47.5	63	32.5	54	35.5	11.5	54.5	30.5	24	26.5	64	42	41.5	18	36.5	37.5	38.5	27	76	12.5	32.5	15.5	18	40.5	39.5	34	79	35	6	80	63	39	
40.5	64	34.5	36	30	55	2	26.5	32.5	57.5	60	67	50	67	60.5	79	39.5	48	40	58	41	35	39	83	33.5	73	75.5	37	81	71	52.5	38.5	36.5	27	17.5	75	44.5	34.5	59	41.5	65.5	36.5	21.5	77.5	26.5	28.5	48	30	13	42.5	43	26	35.5	38.5	8	46	48.5	68.5	0	50	66	53	48	24	46	25.5	34.5	17.5	64	48.5	53	37.5	37	32	45	45.5	45.5	49	57	15.5	64.5	56	74	44	35.5	34	32.5	32	39.5	59.5	78	42	24.5	61	35	19.5	40	28.5	72	74	28	48	46.5	81	18.5	40.5	39	74.5	71	70	44	55.5	31.5	70	75	63	60.5	38	37	48.5	38.5	47.5	70.5	17.5	24.5	41.5	
54.5	40	25.5	68	66	41	48	52.5	41.5	21.5	46	31	36	53	24.5	45	34.5	2	26	22	55	39	11	47	40.5	37	39.5	37	45	53	38.5	27.5	37.5	57	53.5	39	58.5	25.5	45	27.5	33.5	72.5	57.5	41.5	35.5	60.5	34	44	47	31.5	7	48	34.5	29.5	52	32	25.5	32.5	50	0	48	31	26	50	32	53.5	35.5	38.5	50	25.5	39	71.5	51	18	5	31.5	31.5	11	43	51.5	50.5	42	40	30	38.5	30	41.5	68	25.5	45.5	42	28	25.5	33	31	40.5	24	29.5	58	38	46	34	15.5	53	49.5	33.5	33	44.5	57	56	6	33.5	67.5	34	59	27	24.5	24	23	30.5	70.5	26.5	38.5	53.5	54.5	27.5	
78.5	34	41.5	88	82	27	64	76.5	65.5	40.5	22	25	22	29	33.5	29	56.5	50	32	36	79	63	41	31	64.5	11	23.5	61	29	33	19.5	51.5	61.5	79	69.5	23	82.5	41.5	7	38.5	32.5	88.5	73.5	25.5	59.5	80.5	40	62	71	55.5	45	68	58.5	45.5	74	28	49.5	21.5	66	48	0	45	50	66	38	77.5	51.5	54.5	26	49.5	35	89.5	75	34	47	42.5	42.5	37	9	67.5	26.5	10	8	54	62.5	46	65.5	84	36.5	21.5	26	24	41.5	37	47	56.5	48	45.5	34	22	70	20	39.5	37	65.5	57.5	57	28.5	33	32	46	42.5	83.5	28	37	31	33.5	30	29	45.5	90.5	50.5	27.5	69.5	76.5	28.5	
61.5	37	28.5	75	69	34	51	59.5	48.5	23.5	39	28	29	46	21.5	42	41.5	33	13	9	62	46	28	44	47.5	34	36.5	44	42	50	31.5	34.5	44.5	64	56.5	36	65.5	28.5	38	25.5	30.5	75.5	60.5	38.5	42.5	67.5	5	49	54	38.5	32	55	41.5	32.5	59	25	32.5	29.5	53	31	45	0	33	53	7	60.5	38.5	41.5	43	32.5	32	76.5	58	21	34	29.5	29.5	20	36	54.5	43.5	35	37	37	45.5	33	48.5	71	23.5	38.5	39	21	28.5	30	34	43.5	31	32.5	51	35	53	27	22.5	50	52.5	40.5	40	41.5	50	49	33	30.5	70.5	31	54	24	21.5	15	16	32.5	77.5	33.5	35.5	56.5	61.5	20.5	
46.5	42	28.5	60	64	49	46	44.5	33.5	23.5	54	33	44	61	26.5	47	26.5	28	34	24	47	31	33	49	32.5	39	41.5	29	47	55	46.5	19.5	29.5	49	51.5	41	50.5	28.5	53	35.5	35.5	64.5	55.5	43.5	27.5	52.5	38	36	39	23.5	33	40	26.5	32.5	44	40	22.5	34.5	48	26	50	33	0	42	40	45.5	31.5	36.5	58	22.5	43	63.5	43	26	31	35.5	35.5	15	51	49.5	56.5	50	42	22	30.5	14	33.5	64	33.5	53.5	44	36	23.5	35	13	38.5	16	27.5	64	40	38	42	12.5	55	47.5	25.5	25	46.5	65	64	32	35.5	59.5	36	61	29	26.5	32	31	32.5	62.5	23.5	40.5	51.5	46.5	35.5	
40.5	64	34.5	46	40	55	22	36.5	32.5	47.5	60	57	50	67	50.5	71	39.5	48	40	48	41	11	39	73	31.5	63	65.5	33	71	71	52.5	28.5	36.5	37	27.5	65	44.5	34.5	59	41.5	59.5	46.5	31.5	67.5	21.5	38.5	48	30	33	32.5	43	2	25.5	38.5	32	46	46.5	58.5	24	50	66	53	42	0	46	35.5	34.5	17.5	64	46.5	53	47.5	37	32	45	45.5	45.5	39	57	25.5	64.5	56	66	36	29.5	34	27.5	42	39.5	59.5	68	42	24.5	59	35	19.5	30	28.5	72	64	4	48	36.5	79	23.5	34.5	29	70.5	71	70	44	55.5	41.5	60	75	53	50.5	38	37	48.5	48.5	47.5	64.5	27.5	34.5	41.5	
68.5	36	21.5	68	62	27	44	58.5	49.5	30.5	32	35	22	39	28.5	49	36.5	30	6	16	69	53	21	51	50.5	41	43.5	49	49	43	24.5	41.5	43.5	59	49.5	43	72.5	21.5	31	18.5	37.5	68.5	53.5	45.5	49.5	60.5	2	42	59	45.5	25	48	48.5	25.5	54	18	35.5	36.5	46	32	38	7	40	46	0	57.5	31.5	34.5	36	35.5	25	69.5	65	14	27	22.5	22.5	27	29	47.5	36.5	28	44	44	52.5	26	55.5	64	16.5	31.5	46	14	21.5	33	27	36.5	38	25.5	44	42	50	20	29.5	53	45.5	47.5	47	46.5	43	42	26	27.5	63.5	38	47	31	28.5	8	9	25.5	70.5	34.5	42.5	49.5	56.5	13.5	
29	69.5	46	42.5	36.5	66.5	23.5	1	36	51	71.5	60.5	61.5	78.5	54	74.5	49	55.5	51.5	51.5	29.5	28.5	50.5	76.5	35	66.5	69	36.5	74.5	82.5	64	32	42	31.5	24	68.5	33	46	70.5	53	63	43	28	71	20	35	59.5	41.5	26.5	36	54.5	37.5	29	50	31.5	57.5	50	62	25.5	53.5	77.5	60.5	45.5	35.5	57.5	0	46	29	75.5	50	64.5	44	25.5	43.5	56.5	57	57	42.5	68.5	10	76	67.5	69.5	39.5	33	45.5	26	38.5	51	71	71.5	53.5	36	62.5	46.5	31	33.5	40	83.5	67.5	35.5	59.5	40	82.5	30	38	32.5	74	82.5	81.5	55.5	63	38	63.5	86.5	56.5	54	49.5	48.5	60	45	51	68	24	1	53	
55	49.5	20	56.5	50.5	40.5	32.5	47	38	37	45.5	46.5	35.5	52.5	40	60.5	5	33.5	25.5	37.5	55.5	39.5	24.5	62.5	39	52.5	55	37.5	60.5	56.5	38	28	32	47.5	38	54.5	59	20	44.5	27	49	57	42	57	36	49	33.5	30.5	47.5	32	28.5	36.5	35	24	42.5	31.5	34	48	34.5	35.5	51.5	38.5	31.5	34.5	31.5	46	0	23	49.5	34	38.5	58	51.5	17.5	30.5	31	31	28.5	42.5	36	50	41.5	55.5	30.5	39	19.5	42	52.5	25	45	57.5	27.5	10	46.5	20.5	25	24.5	6	57.5	53.5	38.5	33.5	26	66.5	34	34	33.5	60	56.5	55.5	29.5	41	52	49.5	60.5	42.5	40	23.5	22.5	34	59	33	54	38	45	27	
52	52.5	23	39.5	33.5	43.5	15.5	30	15	46	48.5	61.5	38.5	55.5	53	67.5	28	36.5	28.5	50.5	52.5	28.5	27.5	75.5	16	65.5	68	25.5	77.5	59.5	41	35	25	30.5	21	71.5	54	23	47.5	30	54	40	25	74	33	32	36.5	18.5	30.5	31	31.5	19.5	22	27	25.5	34.5	37	65	17.5	38.5	54.5	41.5	36.5	17.5	34.5	29	23	0	52.5	37	41.5	41	46.5	20.5	33.5	34	34	45.5	45.5	19	53	44.5	62.5	32.5	18	22.5	31	35.5	28	48	70.5	30.5	13	49.5	23.5	2	36.5	17	60.5	70.5	21.5	36.5	43	69.5	17	29	29.5	63	59.5	58.5	32.5	44	35	58.5	63.5	55.5	53	26.5	25.5	37	42	36	59	21	28	30	
100.5	34	39.5	86	80	25	62	76.5	67.5	52.5	10	43	20	3	49.5	29	54.5	48	30	52	99	75	39	23	68.5	37	34.5	67	25	21	17.5	71.5	61.5	77	67.5	35	100.5	39.5	19	36.5	40.5	86.5	71.5	32.5	81.5	78.5	38	60	77	67.5	43	66	74.5	43.5	72	26	53.5	41.5	64	50	26	43	58	64	36	75.5	49.5	52.5	0	53.5	33	87.5	93	32	45	40.5	40.5	59	17	65.5	19.5	16	34	64	70.5	44	77.5	82	34.5	14.5	32	22	39.5	41	45	54.5	70	43.5	8	34	68	18	61.5	17	63.5	65.5	71	29.5	7	6	44	40.5	81.5	40	11	47	49.5	28	27	43.5	88.5	52.5	35.5	67.5	74.5	26.5	
51	41.5	14	64.5	64.5	44.5	46.5	49	38	23	49.5	32.5	39.5	56.5	26	46.5	31	27.5	29.5	23.5	51.5	35.5	28.5	48.5	37	38.5	41	33.5	46.5	54.5	42	24	34	53.5	52	40.5	55	14	48.5	31	35	69	56	43	32	57	37.5	40.5	43.5	28	32.5	44.5	31	10	48.5	35.5	0	34	48.5	25.5	49.5	32.5	22.5	46.5	35.5	50	34	37	53.5	0	42.5	68	47.5	21.5	30.5	35	35	14.5	46.5	50	54	45.5	41.5	26.5	35	28.5	38	66.5	29	49	43.5	31.5	24	34.5	29.5	39	20.5	28	61.5	39.5	42.5	37.5	10	54.5	48	30	29.5	46	60.5	59.5	31.5	35	64	35.5	60.5	28.5	26	27.5	26.5	32	67	1	40	52	51	31	
71.5	33	28.5	75	69	24	51	65.5	56.5	33.5	29	28	19	36	26.5	42	43.5	37	19	29	72	56	28	44	57.5	34	36.5	54	42	40	21.5	44.5	50.5	66	56.5	36	75.5	28.5	28	25.5	30.5	75.5	60.5	38.5	52.5	67.5	27	49	64	48.5	32	55	51.5	32.5	61	7	42.5	29.5	53	39	35	32	43	53	25	64.5	38.5	41.5	33	42.5	0	76.5	68	21	34	29.5	29.5	30	26	54.5	33.5	25	37	47	55.5	33	58.5	71	23.5	28.5	39	11	28.5	8	34	43.5	41	32.5	41	35	57	17	32.5	50	52.5	50.5	50	41.5	40	39	33	29.5	70.5	31	44	14	26.5	17	16	32.5	77.5	41.5	35.5	56.5	63.5	15.5	
17	87.5	58	29.5	23.5	78.5	35.5	45	54	69	83.5	78.5	73.5	90.5	72	92.5	63	71.5	63.5	69.5	22.5	46.5	62.5	94.5	53	84.5	87	54.5	92.5	94.5	76	50	60	40.5	26	86.5	13	58	82.5	65	81	1	20	89	38	37	71.5	53.5	44.5	54	66.5	49.5	47	62	45.5	69.5	68	80	37.5	71.5	89.5	76.5	63.5	47.5	69.5	44	58	41	87.5	68	76.5	0	28.5	55.5	68.5	69	69	60.5	80.5	34	88	79.5	87.5	57.5	51	57.5	44	25.5	63	83	89.5	65.5	48	80.5	58.5	43	51.5	52	95.5	85.5	51.5	71.5	58	100.5	42	56	50.5	92	94.5	93.5	67.5	79	30	81.5	98.5	74.5	72	61.5	60.5	72	1	69	86	26	43	65	
11.5	67	61.5	25	31	76	39	24.5	33.5	48.5	89	58	79	94	51.5	72	46.5	53	69	49	12	26	62	74	32.5	64	66.5	34	72	80	81.5	29.5	39.5	24	31.5	66	15.5	61.5	82	64.5	60.5	29.5	30.5	68.5	17.5	22.5	63	41	24	33.5	58	35	26.5	57.5	29	75	47.5	59.5	37	51	75	58	43	37	65	25.5	51.5	46.5	93	47.5	68	28.5	0	61	56	60.5	60.5	40	84	35.5	81.5	85	67	37	30.5	57	23.5	29	66.5	86.5	69	71	53.5	60	56	46.5	31	57.5	89	65	33	77	37.5	80	37.5	35.5	30	71.5	90	91	57	60.5	24.5	61	86	54	51.5	67	66	57.5	27.5	48.5	65.5	31.5	26.5	70.5	
72.5	32	7.5	54	48	23	30	44.5	35.5	25.5	28	41	18	35	32.5	47	22.5	16	8	30	67	43	7	55	36.5	45	47.5	35	57	39	20.5	39.5	29.5	45	35.5	53	68.5	7.5	27	9.5	33.5	54.5	39.5	55.5	51.5	46.5	16	28	45	35.5	11	34	42.5	11.5	40	14	21.5	44.5	32	18	34	21	26	32	14	43.5	17.5	20.5	32	21.5	21	55.5	61	0	13	13.5	13.5	29	25	33.5	32.5	24	42	32	38.5	12	45.5	50	7.5	27.5	50	10	7.5	29	13	22.5	38	11.5	40	54	36	16	31.5	49	31.5	33.5	39	42.5	39	38	12	23.5	49.5	38	43	35	32.5	6	5	16.5	56.5	20.5	38.5	35.5	42.5	9.5	
59.5	45	20.5	67	61	36	43	57.5	46.5	26.5	41	36	31	48	29.5	50	35.5	3	21	27	60	44	6	52	45.5	42	44.5	42	50	52	33.5	32.5	42.5	58	48.5	44	63.5	20.5	40	22.5	38.5	67.5	52.5	46.5	40.5	59.5	29	41	52	36.5	2	47	39.5	24.5	53	27	30.5	37.5	45	5	47	34	31	45	27	56.5	30.5	33.5	45	30.5	34	68.5	56	13	0	26.5	26.5	16	38	46.5	45.5	37	45	35	43.5	25	46.5	63	20.5	40.5	47	23	20.5	38	26	35.5	29	24.5	53	43	49	29	20.5	58	44.5	38.5	38	49.5	52	51	1	36.5	62.5	39	56	32	29.5	19	18	29.5	69.5	31.5	43.5	48.5	55.5	22.5	
64	40.5	21	67.5	61.5	31.5	43.5	58	49	12	36.5	35.5	26.5	43.5	29	49.5	36	29.5	16.5	26.5	64.5	48.5	20.5	51.5	50	41.5	44	46.5	49.5	47.5	29	37	43	58.5	49	43.5	68	21	35.5	4	38	68	53	46	45	60	24.5	41.5	56.5	41	24.5	47.5	44	25	53.5	22.5	35	37	45.5	31.5	42.5	29.5	35.5	45.5	22.5	57	31	34	40.5	35	29.5	69	60.5	13.5	26.5	0	0	22.5	33.5	47	41	32.5	44.5	39.5	48	25.5	51	63.5	6	36	46.5	18.5	21	37.5	26.5	36	33.5	25	48.5	42.5	49.5	24.5	25	57.5	45	43	42.5	49	47.5	46.5	25.5	32	63	38.5	51.5	31.5	29	14.5	13.5	3	70	34	43	49	56	18	
64	40.5	21	67.5	61.5	31.5	43.5	58	49	12	36.5	35.5	26.5	43.5	29	49.5	36	29.5	16.5	26.5	64.5	48.5	20.5	51.5	50	41.5	44	46.5	49.5	47.5	29	37	43	58.5	49	43.5	68	21	35.5	4	38	68	53	46	45	60	24.5	41.5	56.5	41	24.5	47.5	44	25	53.5	22.5	35	37	45.5	31.5	42.5	29.5	35.5	45.5	22.5	57	31	34	40.5	35	29.5	69	60.5	13.5	26.5	0	0	22.5	33.5	47	41	32.5	44.5	39.5	48	25.5	51	63.5	6	36	46.5	18.5	21	37.5	26.5	36	33.5	25	48.5	42.5	49.5	24.5	25	57.5	45	43	42.5	49	47.5	46.5	25.5	32	63	38.5	51.5	31.5	29	14.5	13.5	3	70	34	43	49	56	18	
43.5	29	28.5	57	63	38	51	41.5	30.5	10.5	53	20	43	56	13.5	34	23.5	13	33	11	44	28	22	36	29.5	26	28.5	26	34	42	45.5	16.5	26.5	46	60.5	28	47.5	28.5	44	26.5	22.5	61.5	66.5	30.5	24.5	49.5	25	33	36	20.5	18	37	23.5	24.5	41	37	14.5	21.5	49	11	37	20	15	39	27	42.5	28.5	45.5	59	14.5	30	60.5	40	29	16	22.5	22.5	0	46	52.5	43.5	47	29	19	27.5	29	30.5	61	28.5	48.5	31	39	36.5	22	28	43.5	13	34.5	51	27	35	45	4.5	42	44.5	22.5	22	33.5	52	53	17	22.5	56.5	23	48	16	13.5	35	34	19.5	59.5	15.5	27.5	60.5	43.5	36.5	
87.5	27	32.5	79	73	18	55	69.5	60.5	45.5	13	34	13	20	42.5	32	47.5	41	23	45	88	68	32	40	61.5	20	32.5	60	38	24	10.5	60.5	54.5	70	60.5	32	91.5	32.5	2	29.5	33.5	79.5	64.5	34.5	68.5	71.5	31	53	70	60.5	36	59	67.5	36.5	65	19	46.5	30.5	57	43	9	36	51	57	29	68.5	42.5	45.5	17	46.5	26	80.5	84	25	38	33.5	33.5	46	0	58.5	17.5	1	17	57	63.5	37	70.5	75	27.5	12.5	35	15	32.5	34	38	47.5	57	36.5	25	31	61	11	48.5	34	56.5	58.5	64	27.5	24	23	37	33.5	74.5	33	28	40	42.5	21	20	36.5	81.5	45.5	28.5	60.5	67.5	19.5	
39	65.5	36	32.5	26.5	56.5	13.5	11	34	59	61.5	70.5	51.5	68.5	64	80.5	41	49.5	41.5	61.5	39.5	36.5	40.5	86.5	35	76.5	79	38.5	84.5	72.5	54	42	38	23.5	14	78.5	43	36	60.5	43	67	33	18	81	30	25	49.5	31.5	28.5	44	44.5	27.5	39	40	23.5	47.5	50	72	15.5	51.5	67.5	54.5	49.5	25.5	47.5	10	36	19	65.5	50	54.5	34	35.5	33.5	46.5	47	47	52.5	58.5	0	66	57.5	75.5	45.5	37	35.5	34	28.5	41	61	81.5	43.5	26	62.5	36.5	21	43.5	30	73.5	77.5	29.5	49.5	50	82.5	20	42	42.5	76	72.5	71.5	45.5	57	28	71.5	76.5	66.5	64	39.5	38.5	50	35	49	72	14	9	43	
85	34.5	40	86.5	80.5	25.5	62.5	77	68	47	15.5	31.5	20.5	22.5	40	30.5	55	48.5	30.5	42.5	85.5	69.5	39.5	32.5	69	27.5	15	67.5	30.5	26.5	18	58	62	77.5	68	24.5	89	40	19.5	37	39	87	72	27	66	79	38.5	60.5	77.5	62	43.5	66.5	65	44	72.5	26.5	54	28	64.5	50.5	26.5	43.5	56.5	64.5	36.5	76	50	53	19.5	54	33.5	88	81.5	32.5	45.5	41	41	43.5	17.5	66	0	16.5	30.5	60.5	69	44.5	72	82.5	35	5	27.5	22.5	40	41.5	45.5	55	54.5	44	27.5	23.5	68.5	18.5	46	36.5	64	64	63.5	10	26.5	25.5	44.5	41	82	34.5	30.5	37.5	40	28.5	27.5	44	89	53	34	68	75	27	
88.5	26	31.5	78	72	17	54	68.5	59.5	44.5	12	35	12	19	41.5	31	46.5	40	22	44	89	67	31	39	60.5	21	31.5	59	39	23	9.5	61.5	53.5	69	59.5	33	92.5	31.5	3	28.5	32.5	78.5	63.5	35.5	69.5	70.5	30	52	69	59.5	35	58	66.5	35.5	64	18	45.5	31.5	56	42	10	35	50	56	28	67.5	41.5	44.5	16	45.5	25	79.5	85	24	37	32.5	32.5	47	1	57.5	16.5	0	18	56	62.5	36	69.5	74	26.5	11.5	34	14	31.5	33	37	46.5	58	35.5	24	32	60	10	49.5	33	55.5	57.5	63	26.5	23	22	36	32.5	73.5	32	27	39	41.5	20	19	35.5	80.5	44.5	27.5	59.5	66.5	18.5	
70.5	26	49.5	84	90	35	72	68.5	57.5	32.5	30	17	30	37	25.5	21	50.5	42	40	28	71	55	49	23	56.5	3	15.5	53	21	29	27.5	43.5	53.5	73	77.5	15	74.5	49.5	15	46.5	24.5	88.5	81.5	17.5	51.5	76.5	42	60	63	47.5	47	64	50.5	51.5	68	36	41.5	13.5	74	40	8	37	42	66	44	69.5	55.5	62.5	34	41.5	37	87.5	67	42	45	44.5	44.5	29	17	75.5	30.5	18	0	46	54.5	54	57.5	88	44.5	29.5	18	32	49.5	29	55	64.5	40	53.5	38	14	62	28	31.5	29	71.5	49.5	49	20.5	39	40	46	34.5	83.5	20	35	23	25.5	38	37	41.5	86.5	42.5	19.5	77.5	70.5	36.5	
40.5	46	34.5	54	60	55	42	38.5	27.5	27.5	60	37	50	67	30.5	51	25.5	32	40	28	41	25	39	53	26.5	43	45.5	23	51	59	52.5	13.5	23.5	43	47.5	45	44.5	34.5	59	41.5	39.5	58.5	51.5	47.5	21.5	46.5	42	30	33	17.5	37	34	20.5	36.5	38	46	26.5	38.5	44	30	54	37	22	36	44	39.5	30.5	32.5	64	26.5	47	57.5	37	32	35	39.5	39.5	19	57	45.5	60.5	56	46	0	24.5	34	27.5	58	39.5	59.5	48	42	24.5	39	35	34.5	6	28.5	68	44	32	48	16.5	59	41.5	19.5	19	50.5	69	70	36	39.5	53.5	40	65	33	30.5	38	37	36.5	56.5	27.5	44.5	47.5	40.5	41.5	
34	54.5	41	47.5	51.5	61.5	33.5	32	3	36	66.5	45.5	56.5	73.5	39	59.5	34	40.5	46.5	36.5	34.5	18.5	45.5	61.5	2	51.5	54	21.5	59.5	67.5	59	17	27	36.5	39	53.5	38	41	65.5	48	48	52	43	56	15	40	50.5	28.5	26.5	21	45.5	27.5	4	45	31.5	52.5	35	47	35.5	38.5	62.5	45.5	30.5	29.5	52.5	33	39	18	70.5	35	55.5	51	30.5	38.5	43.5	48	48	27.5	63.5	37	69	62.5	54.5	24.5	0	40.5	21	51.5	46	66	56.5	48.5	31	47.5	41.5	16	18.5	35	76.5	52.5	25.5	54.5	25	67.5	35	23	17.5	59	77.5	76.5	44.5	48	47	48.5	73.5	41.5	39	44.5	43.5	45	50	36	53	39	34	48	
60.5	44	14.5	56	50	35	32	46.5	37.5	37.5	40	47	30	47	40.5	59	24.5	28	20	38	61	45	19	63	38.5	53	55.5	37	61	51	32.5	33.5	31.5	47	37.5	55	64.5	14.5	39	21.5	45.5	56.5	41.5	57.5	41.5	48.5	28	30	47	37.5	23	36	40.5	18.5	42	26	28.5	48.5	34	30	46	33	14	34	26	45.5	19.5	22.5	44	28.5	33	57.5	57	12	25	25.5	25.5	29	37	35.5	44.5	36	54	34	40.5	0	47.5	52	19.5	39.5	58	22	9.5	41	1	24.5	30	13.5	52	54	38	28	26.5	61	33.5	35.5	39	54.5	51	50	24	35.5	51.5	50	55	43	40.5	18	17	28.5	58.5	27.5	50.5	37.5	44.5	21.5	
27	57.5	48	40.5	46.5	66.5	30.5	25	24	39	73.5	48.5	63.5	80.5	42	62.5	37	43.5	53.5	39.5	27.5	16.5	52.5	64.5	23	54.5	57	24.5	62.5	70.5	66	20	30	29.5	36	56.5	31	48	72.5	55	51	45	40	59	6	33	53.5	31.5	19.5	24	48.5	25.5	17	48	24.5	59.5	38	50	32.5	41.5	65.5	48.5	33.5	27.5	55.5	26	42	31	77.5	38	58.5	44	23.5	45.5	46.5	51	51	30.5	70.5	34	72	69.5	57.5	27.5	21	47.5	0	44.5	53	73	59.5	55.5	38	50.5	46.5	33	21.5	42	79.5	55.5	23.5	61.5	28	70.5	14	26	20.5	62	80.5	81.5	47.5	51	40	51.5	76.5	44.5	42	51.5	50.5	48	43	39	56	36	27	55	
22.5	82	52.5	4	2	73	30	39.5	50.5	69.5	78	79	68	85	72.5	93	57.5	66	58	70	17	47	57	95	51.5	85	87.5	55	93	89	70.5	50.5	54.5	35	20.5	87	26.5	52.5	77	59.5	81.5	24.5	14.5	89.5	38.5	31.5	66	48	45	54.5	61	44	47.5	56.5	40	64	66.5	80.5	32	68	84	71	64	42	64	38.5	52.5	35.5	82	66.5	71	25.5	29	50	63	63.5	63.5	61	75	28.5	82.5	74	88	58	51.5	52	44.5	0	57.5	77.5	90	60	42.5	79	53	37.5	52	46.5	90	86	46	66	58.5	99	36.5	56.5	51	92.5	89	88	62	73.5	24.5	82	93	75	72.5	56	55	66.5	26.5	65.5	86.5	20.5	37.5	59.5	
70	34.5	15	61.5	55.5	25.5	37.5	52	43	18	30.5	41.5	20.5	37.5	35	49.5	30	23.5	10.5	32.5	70.5	50.5	14.5	57.5	44	47.5	50	42.5	55.5	41.5	23	43	37	52.5	43	49.5	74	15	29.5	2	36	62	47	52	51	54	18.5	35.5	52.5	43	18.5	41.5	50	19	47.5	16.5	29	43	39.5	25.5	36.5	23.5	33.5	39.5	16.5	51	25	28	34.5	29	23.5	63	66.5	7.5	20.5	6	6	28.5	27.5	41	35	26.5	44.5	39.5	46	19.5	53	57.5	0	30	52.5	12.5	15	31.5	20.5	30	39.5	19	42.5	48.5	43.5	18.5	31	51.5	39	41	46.5	45	41.5	40.5	19.5	26	57	40.5	45.5	37.5	35	8.5	7.5	9	64	28	41	43	50	12	
90	29.5	35	81.5	75.5	20.5	57.5	72	63	48	10.5	36.5	15.5	17.5	45	29.5	50	43.5	25.5	47.5	90.5	70.5	34.5	37.5	64	32.5	20	62.5	35.5	21.5	13	63	57	72.5	63	29.5	94	35	14.5	32	36	82	67	32	71	74	33.5	55.5	72.5	63	38.5	61.5	70	39	67.5	21.5	49	33	59.5	45.5	21.5	38.5	53.5	59.5	31.5	71	45	48	14.5	49	28.5	83	86.5	27.5	40.5	36	36	48.5	12.5	61	5	11.5	29.5	59.5	66	39.5	73	77.5	30	0	32.5	17.5	35	36.5	40.5	50	59.5	39	22.5	28.5	63.5	13.5	51	31.5	59	61	66.5	15	21.5	20.5	39.5	36	77	35.5	25.5	42.5	45	23.5	22.5	39	84	48	31	63	70	22	
72.5	28	57.5	86	92	37	80	70.5	59.5	34.5	22	19	38	35	27.5	3	52.5	44	48	30	73	57	53	15	58.5	15	12.5	55	13	11	35.5	45.5	55.5	75	85.5	3	76.5	57.5	33	50.5	26.5	90.5	89.5	9.5	53.5	78.5	44	62	65	49.5	49	66	52.5	53.5	70	44	43.5	15.5	78	42	26	39	44	68	46	71.5	57.5	70.5	32	43.5	39	89.5	69	50	47	46.5	46.5	31	35	81.5	27.5	34	18	48	56.5	58	59.5	90	52.5	32.5	0	40	57.5	31	57	72.5	42	61.5	30	4	64	36	33.5	21	73.5	51.5	51	17.5	31	32	48	36.5	85.5	22	27	25	27.5	46	45	43.5	88.5	44.5	21.5	85.5	72.5	44.5	
82.5	22	17.5	64	58	13	40	54.5	45.5	30.5	18	31	8	25	27.5	37	32.5	26	8	30	77	53	17	45	46.5	35	37.5	45	47	29	10.5	49.5	39.5	55	45.5	43	78.5	17.5	17	14.5	23.5	64.5	49.5	45.5	61.5	56.5	16	38	55	45.5	21	44	52.5	21.5	50	4	31.5	34.5	42	28	24	21	36	42	14	53.5	27.5	30.5	22	31.5	11	65.5	71	10	23	18.5	18.5	39	15	43.5	22.5	14	32	42	48.5	22	55.5	60	12.5	17.5	40	0	17.5	19	23	32.5	48	21.5	30	44	46	6	41.5	39	41.5	43.5	49	32.5	29	28	22	18.5	59.5	28	33	25	27.5	6	5	21.5	66.5	30.5	28.5	45.5	52.5	4.5	
65	39.5	10	46.5	40.5	30.5	22.5	37	28	33	35.5	48.5	25.5	42.5	40	54.5	15	23.5	15.5	37.5	59.5	35.5	14.5	62.5	29	52.5	55	27.5	64.5	46.5	28	32	22	37.5	28	60.5	61	10	34.5	17	41	47	32	63	44	39	23.5	20.5	37.5	28	18.5	26.5	35	14	32.5	21.5	24	52	24.5	25.5	41.5	28.5	23.5	24.5	21.5	36	10	13	39.5	24	28.5	48	53.5	7.5	20.5	21	21	36.5	32.5	26	40	31.5	49.5	24.5	31	9.5	38	42.5	15	35	57.5	17.5	0	36.5	10.5	15	30.5	4	47.5	61.5	28.5	23.5	34	56.5	24	26	31.5	50	46.5	45.5	19.5	31	42	45.5	50.5	42.5	40	13.5	12.5	24	49	23	46	28	35	17	
63.5	29	36.5	77	77	32	59	61.5	50.5	25.5	37	20	27	44	18.5	34	43.5	35	27	21	64	48	36	36	49.5	26	28.5	46	34	42	29.5	36.5	46.5	66	64.5	28	67.5	36.5	36	33.5	22.5	81.5	68.5	30.5	44.5	69.5	35	53	56	40.5	40	57	43.5	40.5	61	15	34.5	21.5	61	33	37	30	35	59	33	62.5	46.5	49.5	41	34.5	8	80.5	60	29	38	37.5	37.5	22	34	62.5	41.5	33	29	39	47.5	41	50.5	79	31.5	36.5	31	19	36.5	0	42	51.5	33	40.5	49	27	55	25	24.5	42	60.5	42.5	42	33.5	48	47	39	27.5	76.5	23	48	6	18.5	25	24	34.5	79.5	35.5	27.5	64.5	63.5	23.5	
59.5	45	15.5	57	51	36	33	47.5	38.5	36.5	41	46	31	48	39.5	60	25.5	29	21	37	60	44	20	62	39.5	52	54.5	38	60	52	33.5	32.5	32.5	48	38.5	54	63.5	15.5	40	22.5	46.5	57.5	42.5	56.5	40.5	49.5	29	31	48	36.5	24	37	39.5	19.5	43	27	29.5	47.5	35	31	47	34	13	35	27	46.5	20.5	23.5	45	29.5	34	58.5	56	13	26	26.5	26.5	28	38	36.5	45.5	37	55	35	41.5	1	46.5	53	20.5	40.5	57	23	10.5	42	0	25.5	29	14.5	53	53	39	29	25.5	62	34.5	36.5	38	55.5	52	51	25	36.5	52.5	49	56	42	39.5	19	18	29.5	59.5	28.5	51.5	38.5	45.5	22.5	
50	54.5	25	41.5	35.5	45.5	17.5	32	13	48	50.5	61.5	40.5	57.5	55	69.5	30	38.5	30.5	52.5	50.5	30.5	29.5	77.5	14	67.5	70	27.5	75.5	61.5	43	33	27	32.5	23	69.5	54	25	49.5	32	56	42	27	72	31	34	38.5	20.5	32.5	33	33.5	21.5	20	29	27.5	36.5	39	63	19.5	40.5	56.5	43.5	38.5	19.5	36.5	31	25	2	54.5	39	43.5	43	46.5	22.5	35.5	36	36	43.5	47.5	21	55	46.5	64.5	34.5	16	24.5	33	37.5	30	50	72.5	32.5	15	51.5	25.5	0	34.5	19	62.5	68.5	23.5	38.5	41	71.5	19	31	31.5	65	61.5	60.5	34.5	46	37	60.5	65.5	57.5	55	28.5	27.5	39	44	38	61	23	30	32	
34.5	40	34.5	48	54	49	42	32.5	21.5	21.5	64	31	54	67	24.5	45	19.5	26	44	22	35	19	35	47	20.5	37	39.5	17	45	53	56.5	7.5	17.5	37	51.5	39	38.5	34.5	55	37.5	33.5	52.5	57.5	41.5	15.5	40.5	36	24	27	11.5	31	28	14.5	30.5	32	48	20.5	32.5	40	24	48	31	16	30	38	33.5	24.5	36.5	70	20.5	41	51.5	31	38	29	33.5	33.5	13	57	43.5	54.5	58	40	6	18.5	30	21.5	52	39.5	59.5	42	48	30.5	33	29	34.5	0	30.5	62	38	26	54	10.5	53	35.5	13.5	13	44.5	63	64	30	33.5	47.5	34	59	27	24.5	44	43	30.5	50.5	21.5	38.5	51.5	34.5	47.5	
61	43.5	14	50.5	44.5	34.5	26.5	41	32	37	39.5	52.5	29.5	46.5	44	58.5	11	27.5	19.5	41.5	61.5	39.5	18.5	66.5	33	56.5	59	31.5	66.5	50.5	32	34	26	41.5	32	60.5	65	14	38.5	21	45	51	36	63	42	43	27.5	24.5	41.5	32	22.5	30.5	39	18	36.5	25.5	28	54	28.5	29.5	45.5	32.5	27.5	28.5	25.5	40	6	17	43.5	28	32.5	52	57.5	11.5	24.5	25	25	34.5	36.5	30	44	35.5	53.5	28.5	35	13.5	42	46.5	19	39	61.5	21.5	4	40.5	14.5	19	30.5	0	51.5	59.5	32.5	27.5	32	60.5	28	30	35.5	54	50.5	49.5	23.5	35	46	49.5	54.5	46.5	44	17.5	16.5	28	53	27	50	32	39	21	
92.5	42	47.5	94	88	33	70	84.5	75.5	54.5	18	39	28	5	47.5	33	62.5	56	38	50	93	77	47	15	76.5	35	32.5	75	17	29	25.5	65.5	69.5	85	75.5	27	96.5	47.5	27	44.5	46.5	94.5	79.5	24.5	73.5	86.5	46	68	85	69.5	51	74	72.5	51.5	80	34	61.5	35.5	72	58	34	51	64	72	44	83.5	57.5	60.5	8	61.5	41	95.5	89	40	53	48.5	48.5	51	25	73.5	27.5	24	38	68	76.5	52	79.5	90	42.5	22.5	30	30	47.5	49	53	62.5	62	51.5	0	26	76	26	53.5	9	71.5	71.5	71	37.5	1	2	52	48.5	89.5	42	3	45	47.5	36	35	51.5	96.5	60.5	41.5	75.5	82.5	34.5	
68.5	24	53.5	82	88	33	76	66.5	55.5	30.5	26	15	38	31	23.5	7	48.5	40	48	26	69	53	49	11	54.5	11	8.5	51	9	15	35.5	41.5	51.5	71	85.5	1	72.5	53.5	29	46.5	22.5	86.5	91.5	5.5	49.5	74.5	40	58	61	45.5	45	62	48.5	49.5	66	42	39.5	11.5	74	38	22	35	40	64	42	67.5	53.5	70.5	34	39.5	35	85.5	65	54	43	42.5	42.5	27	31	77.5	23.5	32	14	44	52.5	54	55.5	86	48.5	28.5	4	44	61.5	27	53	68.5	38	59.5	26	0	60	40	29.5	17	69.5	47.5	47	13.5	27	28	44	32.5	81.5	18	23	21	23.5	50	49	39.5	84.5	40.5	17.5	85.5	68.5	46.5	
36.5	62	38.5	50	44	59	26	34.5	28.5	43.5	64	53	54	71	46.5	67	41.5	48	44	44	37	7	43	69	27.5	59	61.5	29	67	75	56.5	24.5	34.5	39	31.5	61	40.5	38.5	63	45.5	55.5	50.5	35.5	63.5	17.5	42.5	52	34	29	28.5	47	2	21.5	42.5	34	50	42.5	54.5	28	46	70	53	38	4	50	35.5	38.5	21.5	68	42.5	57	51.5	33	36	49	49.5	49.5	35	61	29.5	68.5	60	62	32	25.5	38	23.5	46	43.5	63.5	64	46	28.5	55	39	23.5	26	32.5	76	60	0	52	32.5	75	27.5	30.5	25	66.5	75	74	48	55.5	45.5	56	79	49	46.5	42	41	52.5	52.5	43.5	60.5	31.5	36.5	45.5	
86.5	16	23.5	70	64	7	46	60.5	51.5	36.5	14	25	2	21	33.5	33	38.5	32	14	36	83	59	23	41	52.5	31	33.5	51	43	25	6.5	55.5	45.5	61	51.5	39	84.5	23.5	13	20.5	24.5	70.5	55.5	41.5	67.5	62.5	22	44	61	51.5	27	50	58.5	27.5	56	10	37.5	30.5	48	34	20	27	42	48	20	59.5	33.5	36.5	18	37.5	17	71.5	77	16	29	24.5	24.5	45	11	49.5	18.5	10	28	48	54.5	28	61.5	66	18.5	13.5	36	6	23.5	25	29	38.5	54	27.5	26	40	52	0	47.5	35	47.5	49.5	55	28.5	25	24	28	24.5	65.5	22	29	31	33.5	12	11	27.5	72.5	36.5	24.5	51.5	58.5	10.5	
41	31.5	24	54.5	60.5	40.5	48.5	39	28	13	55.5	22.5	45.5	58.5	16	36.5	21	17.5	35.5	13.5	41.5	25.5	26.5	38.5	27	28.5	31	23.5	36.5	44.5	48	14	24	43.5	58	30.5	45	24	46.5	29	25	59	64	33	22	47	27.5	30.5	33.5	18	22.5	34.5	21	20	38.5	39.5	10	24	46.5	15.5	39.5	22.5	12.5	36.5	29.5	40	26	43	61.5	10	32.5	58	37.5	31.5	20.5	25	25	4.5	48.5	50	46	49.5	31.5	16.5	25	26.5	28	58.5	31	51	33.5	41.5	34	24.5	25.5	41	10.5	32	53.5	29.5	32.5	47.5	0	44.5	42	20	19.5	36	54.5	55.5	21.5	25	54	25.5	50.5	18.5	16	37.5	36.5	22	57	11	30	58	41	39	
83.5	39	56.5	97	97	42	79	81.5	70.5	45.5	27	30	37	14	38.5	24	63.5	55	47	41	84	68	56	6	69.5	26	23.5	66	8	32	34.5	56.5	66.5	86	84.5	18	87.5	56.5	36	53.5	37.5	101.5	88.5	15.5	64.5	89.5	55	73	76	60.5	60	77	63.5	60.5	81	43	54.5	26.5	81	53	37	50	55	79	53	82.5	66.5	69.5	17	54.5	50	100.5	80	49	58	57.5	57.5	42	34	82.5	36.5	33	29	59	67.5	61	70.5	99	51.5	31.5	21	39	56.5	42	62	71.5	53	60.5	9	17	75	35	44.5	0	80.5	62.5	62	28.5	10	11	59	47.5	96.5	33	6	36	38.5	45	44	54.5	99.5	55.5	32.5	84.5	83.5	43.5	
41	63.5	34	40.5	34.5	54.5	16.5	31	32	53	59.5	62.5	49.5	66.5	56	76.5	39	47.5	39.5	53.5	41.5	30.5	38.5	78.5	33	68.5	71	36.5	76.5	70.5	52	34	36	31.5	22	70.5	45	34	58.5	41	65	41	26	73	20	33	47.5	29.5	31.5	38	42.5	25.5	31	38	26.5	45.5	48	64	18.5	49.5	65.5	52.5	47.5	23.5	45.5	30	34	17	63.5	48	52.5	42	37.5	31.5	44.5	45	45	44.5	56.5	20	64	55.5	71.5	41.5	35	33.5	14	36.5	39	59	73.5	41.5	24	60.5	34.5	19	35.5	28	71.5	69.5	27.5	47.5	42	80.5	0	40	34.5	74	70.5	69.5	43.5	55	36	65.5	74.5	58.5	56	37.5	36.5	48	43	47	70	22	29	41	
39	49.5	36	52.5	56.5	56.5	38.5	37	26	31	61.5	40.5	51.5	68.5	34	54.5	29	35.5	41.5	31.5	39.5	23.5	40.5	56.5	25	46.5	49	21.5	54.5	62.5	54	6	4	41.5	44	48.5	43	36	60.5	43	43	57	48	51	20	45	45.5	28.5	31.5	2	40.5	32.5	19	40	36.5	47.5	30	42	40.5	33.5	57.5	40.5	25.5	34.5	47.5	38	34	29	65.5	30	50.5	56	35.5	33.5	38.5	43	43	22.5	58.5	42	64	57.5	49.5	19.5	23	35.5	26	56.5	41	61	51.5	43.5	26	42.5	36.5	31	13.5	30	71.5	47.5	30.5	49.5	20	62.5	40	0	17.5	54	72.5	71.5	39.5	43	52	43.5	68.5	36.5	34	39.5	38.5	40	55	31	48	44	39	43	
33.5	49	41.5	47	53	58	39	31.5	20.5	30.5	67	40	57	74	33.5	54	28.5	35	47	31	34	18	44	56	19.5	46	48.5	4	54	62	59.5	11.5	21.5	36	44.5	48	37.5	41.5	64	46.5	42.5	51.5	48.5	50.5	14.5	39.5	45	11	26	15.5	40	27	13.5	39.5	31	53	29.5	41.5	39	33	57	40	25	29	47	32.5	33.5	29.5	71	29.5	50	50.5	30	39	38	42.5	42.5	22	64	42.5	63.5	63	49	19	17.5	39	20.5	51	46.5	66.5	51	49	31.5	42	38	31.5	13	35.5	71	47	25	55	19.5	62	34.5	17.5	0	53.5	72	73	39	42.5	46.5	43	68	36	33.5	45	44	39.5	49.5	30.5	47.5	44.5	33.5	48.5	
75	30.5	50	88.5	90.5	35.5	72.5	73	62	37	25.5	21.5	30.5	32.5	30	20.5	55	46.5	40.5	32.5	75.5	59.5	49.5	22.5	61	17.5	5	57.5	20.5	28.5	28	48	58	77.5	78	14.5	79	50	29.5	47	29	93	82	17	56	81	46.5	64.5	67.5	52	51.5	68.5	55	54	72.5	36.5	46	18	74.5	44.5	28.5	41.5	46.5	70.5	46.5	74	60	63	29.5	46	41.5	92	71.5	42.5	49.5	49	49	33.5	27.5	76	10	26.5	20.5	50.5	59	54.5	62	92.5	45	15	17.5	32.5	50	33.5	55.5	65	44.5	54	37.5	13.5	66.5	28.5	36	28.5	74	54	53.5	0	36.5	35.5	50.5	39	88	24.5	34.5	27.5	30	38.5	37.5	46	91	47	24	78	75	37	
93.5	41	46.5	93	87	32	69	83.5	74.5	55.5	17	40	27	4	48.5	34	61.5	55	37	51	94	78	46	16	75.5	36	33.5	74	18	28	24.5	66.5	68.5	84	74.5	28	97.5	46.5	26	43.5	47.5	93.5	78.5	25.5	74.5	85.5	45	67	84	70.5	50	73	73.5	50.5	79	33	60.5	36.5	71	57	33	50	65	71	43	82.5	56.5	59.5	7	60.5	40	94.5	90	39	52	47.5	47.5	52	24	72.5	26.5	23	39	69	77.5	51	80.5	89	41.5	21.5	31	29	46.5	48	52	61.5	63	50.5	1	27	75	25	54.5	10	70.5	72.5	72	36.5	0	1	51	47.5	88.5	43	4	46	48.5	35	34	50.5	95.5	59.5	42.5	74.5	81.5	33.5	
94.5	40	45.5	92	86	31	68	82.5	73.5	56.5	16	41	26	3	49.5	35	60.5	54	36	52	95	79	45	17	74.5	37	34.5	73	19	27	23.5	67.5	67.5	83	73.5	29	98.5	45.5	25	42.5	46.5	92.5	77.5	26.5	75.5	84.5	44	66	83	71.5	49	72	74.5	49.5	78	32	59.5	37.5	70	56	32	49	64	70	42	81.5	55.5	58.5	6	59.5	39	93.5	91	38	51	46.5	46.5	53	23	71.5	25.5	22	40	70	76.5	50	81.5	88	40.5	20.5	32	28	45.5	47	51	60.5	64	49.5	2	28	74	24	55.5	11	69.5	71.5	73	35.5	1	0	50	46.5	87.5	44	5	47	49.5	34	33	49.5	94.5	58.5	41.5	73.5	80.5	32.5	
60.5	44	19.5	66	60	35	42	56.5	47.5	27.5	40	37	30	47	30.5	51	34.5	4	20	28	61	45	5	53	46.5	43	45.5	43	51	51	32.5	33.5	41.5	57	47.5	45	64.5	19.5	39	21.5	39.5	66.5	51.5	47.5	41.5	58.5	28	40	53	37.5	1	46	40.5	23.5	52	26	31.5	38.5	44	6	46	33	32	44	26	55.5	29.5	32.5	44	31.5	33	67.5	57	12	1	25.5	25.5	17	37	45.5	44.5	36	46	36	44.5	24	47.5	62	19.5	39.5	48	22	19.5	39	25	34.5	30	23.5	52	44	48	28	21.5	59	43.5	39.5	39	50.5	51	50	0	35.5	61.5	40	55	33	30.5	18	17	28.5	68.5	32.5	44.5	47.5	54.5	21.5	
64	34.5	31	77.5	71.5	31.5	53.5	62	51	26	36.5	25.5	26.5	43.5	9	39.5	44	35.5	21.5	21.5	64.5	48.5	30.5	41.5	50	31.5	34	46.5	39.5	47.5	29	37	47	66.5	59	33.5	68	31	35.5	28	28	78	63	36	45	70	29.5	51.5	56.5	41	34.5	57.5	44	35	61.5	22.5	35	27	55.5	33.5	42.5	30.5	35.5	55.5	27.5	63	41	44	40.5	35	29.5	79	60.5	23.5	36.5	32	32	22.5	33.5	57	41	32.5	34.5	39.5	48	35.5	51	73.5	26	36	36.5	18.5	31	27.5	36.5	46	33.5	35	48.5	32.5	55.5	24.5	25	47.5	55	43	42.5	39	47.5	46.5	35.5	0	73	28.5	51.5	21.5	9	19.5	18.5	35	80	36	33	59	64	14	
23	81.5	52	28.5	22.5	72.5	29.5	39	50	65	77.5	74.5	67.5	84.5	68	88.5	57	65.5	57.5	65.5	23.5	42.5	56.5	90.5	49	80.5	83	50.5	88.5	88.5	70	46	54	34.5	20	82.5	27	52	76.5	59	77	29	10	85	34	31	65.5	47.5	40.5	50	60.5	43.5	43	56	39.5	63.5	64	76	31.5	67.5	83.5	70.5	59.5	41.5	63.5	38	52	35	81.5	64	70.5	30	24.5	49.5	62.5	63	63	56.5	74.5	28	82	73.5	83.5	53.5	47	51.5	40	24.5	57	77	85.5	59.5	42	76.5	52.5	37	47.5	46	89.5	81.5	45.5	65.5	54	96.5	36	52	46.5	88	88.5	87.5	61.5	73	0	77.5	92.5	70.5	68	55.5	54.5	66	31	65	82	20	37	59	
64.5	6	45.5	78	84	15	68	62.5	51.5	26.5	36	3	20	43	19.5	25	44.5	36	36	22	65	49	45	27	50.5	17	19.5	47	25	33	28.5	37.5	47.5	67	73.5	19	68.5	45.5	35	42.5	18.5	82.5	77.5	21.5	45.5	70.5	36	54	57	41.5	41	58	44.5	45.5	62	32	35.5	12.5	70	34	28	31	36	60	38	63.5	49.5	58.5	40	35.5	31	81.5	61	38	39	38.5	38.5	23	33	71.5	34.5	32	20	40	48.5	50	51.5	82	40.5	35.5	22	28	45.5	23	49	60.5	34	49.5	42	18	56	22	25.5	33	65.5	43.5	43	24.5	43	44	40	28.5	77.5	0	39	17	19.5	34	33	35.5	80.5	36.5	18.5	73.5	64.5	32.5	
89.5	45	50.5	97	91	36	73	87.5	76.5	51.5	21	36	31	8	44.5	30	65.5	59	41	47	90	74	50	12	75.5	32	29.5	72	14	32	28.5	62.5	72.5	88	78.5	24	93.5	50.5	30	47.5	43.5	97.5	82.5	21.5	70.5	89.5	49	71	82	66.5	54	77	69.5	54.5	83	37	60.5	32.5	75	59	37	54	61	75	47	86.5	60.5	63.5	11	60.5	44	98.5	86	43	56	51.5	51.5	48	28	76.5	30.5	27	35	65	73.5	55	76.5	93	45.5	25.5	27	33	50.5	48	56	65.5	59	54.5	3	23	79	29	50.5	6	74.5	68.5	68	34.5	4	5	55	51.5	92.5	39	0	42	44.5	39	38	54.5	99.5	61.5	38.5	78.5	85.5	37.5	
57.5	23	42.5	71	77	32	65	55.5	44.5	19.5	43	14	33	50	12.5	28	37.5	29	33	15	58	42	38	30	43.5	20	22.5	40	28	36	35.5	30.5	40.5	60	70.5	22	61.5	42.5	38	35.5	16.5	75.5	74.5	24.5	38.5	63.5	29	47	50	34.5	34	51	37.5	38.5	55	21	28.5	15.5	63	27	31	24	29	53	31	56.5	42.5	55.5	47	28.5	14	74.5	54	35	32	31.5	31.5	16	40	66.5	37.5	39	23	33	41.5	43	44.5	75	37.5	42.5	25	25	42.5	6	42	57.5	27	46.5	45	21	49	31	18.5	36	58.5	36.5	36	27.5	46	47	33	21.5	70.5	17	42	0	12.5	31	30	28.5	73.5	29.5	21.5	70.5	57.5	29.5	
55	25.5	40	68.5	74.5	34.5	62.5	53	42	17	45.5	16.5	35.5	52.5	0	30.5	35	26.5	30.5	12.5	55.5	39.5	35.5	32.5	41	22.5	25	37.5	30.5	38.5	38	28	38	57.5	68	24.5	59	40	40.5	33	19	73	72	27	36	61	26.5	44.5	47.5	32	31.5	48.5	35	36	52.5	31.5	26	18	60.5	24.5	33.5	21.5	26.5	50.5	28.5	54	40	53	49.5	26	26.5	72	51.5	32.5	29.5	29	29	13.5	42.5	64	40	41.5	25.5	30.5	39	40.5	42	72.5	35	45	27.5	27.5	40	18.5	39.5	55	24.5	44	47.5	23.5	46.5	33.5	16	38.5	56	34	33.5	30	48.5	49.5	30.5	9	68	19.5	44.5	12.5	0	28.5	27.5	26	71	27	24	68	55	23	
76.5	28	13.5	60	54	19	36	50.5	41.5	26.5	24	37	14	31	28.5	43	28.5	22	2	24	73	49	13	51	42.5	41	43.5	41	53	35	16.5	45.5	35.5	51	41.5	49	74.5	13.5	23	10.5	29.5	60.5	45.5	51.5	57.5	52.5	10	34	51	41.5	17	40	48.5	17.5	46	10	27.5	40.5	38	24	30	15	32	38	8	49.5	23.5	26.5	28	27.5	17	61.5	67	6	19	14.5	14.5	35	21	39.5	28.5	20	38	38	44.5	18	51.5	56	8.5	23.5	46	6	13.5	25	19	28.5	44	17.5	36	50	42	12	37.5	45	37.5	39.5	45	38.5	35	34	18	19.5	55.5	34	39	31	28.5	0	1	17.5	62.5	26.5	34.5	41.5	48.5	5.5	
77.5	27	12.5	59	53	18	35	49.5	40.5	25.5	23	36	13	30	27.5	42	27.5	21	3	25	72	48	12	50	41.5	40	42.5	40	52	34	15.5	44.5	34.5	50	40.5	48	73.5	12.5	22	9.5	28.5	59.5	44.5	50.5	56.5	51.5	11	33	50	40.5	16	39	47.5	16.5	45	9	26.5	39.5	37	23	29	16	31	37	9	48.5	22.5	25.5	27	26.5	16	60.5	66	5	18	13.5	13.5	34	20	38.5	27.5	19	37	37	43.5	17	50.5	55	7.5	22.5	45	5	12.5	24	18	27.5	43	16.5	35	49	41	11	36.5	44	36.5	38.5	44	37.5	34	33	17	18.5	54.5	33	38	30	27.5	1	0	16.5	61.5	25.5	33.5	40.5	47.5	4.5	
61	41.5	24	70.5	64.5	34.5	46.5	59	48	9	39.5	32.5	29.5	46.5	26	46.5	39	32.5	19.5	23.5	61.5	45.5	23.5	48.5	47	38.5	41	43.5	46.5	50.5	32	34	44	61.5	52	40.5	65	24	38.5	7	35	71	56	43	42	63	27.5	44.5	53.5	38	27.5	50.5	41	28	56.5	25.5	32	34	48.5	30.5	45.5	32.5	32.5	48.5	25.5	60	34	37	43.5	32	32.5	72	57.5	16.5	29.5	3	3	19.5	36.5	50	44	35.5	41.5	36.5	45	28.5	48	66.5	9	39	43.5	21.5	24	34.5	29.5	39	30.5	28	51.5	39.5	52.5	27.5	22	54.5	48	40	39.5	46	50.5	49.5	28.5	35	66	35.5	54.5	28.5	26	17.5	16.5	0	73	33	40	52	59	21	
16	86.5	59	30.5	24.5	79.5	36.5	44	53	68	84.5	77.5	74.5	91.5	71	91.5	64	72.5	64.5	68.5	21.5	45.5	63.5	93.5	52	83.5	86	53.5	91.5	95.5	77	49	59	41.5	27	85.5	12	59	83.5	66	80	2	21	88	37	38	72.5	54.5	43.5	53	67.5	50.5	46	63	46.5	70.5	67	79	38.5	70.5	90.5	77.5	62.5	48.5	70.5	45	59	42	88.5	67	77.5	1	27.5	56.5	69.5	70	70	59.5	81.5	35	89	80.5	86.5	56.5	50	58.5	43	26.5	64	84	88.5	66.5	49	79.5	59.5	44	50.5	53	96.5	84.5	52.5	72.5	57	99.5	43	55	49.5	91	95.5	94.5	68.5	80	31	80.5	99.5	73.5	71	62.5	61.5	73	0	68	85	27	44	66	
52	42.5	13	65.5	63.5	43.5	45.5	50	39	24	48.5	33.5	38.5	55.5	27	47.5	32	28.5	28.5	24.5	52.5	36.5	27.5	49.5	38	39.5	42	34.5	47.5	55.5	41	25	35	54.5	51	41.5	56	13	47.5	30	36	70	55	44	33	58	36.5	41.5	44.5	29	31.5	45.5	32	9	49.5	34.5	1	35	47.5	26.5	50.5	33.5	23.5	47.5	34.5	51	33	36	52.5	1	41.5	69	48.5	20.5	31.5	34	34	15.5	45.5	49	53	44.5	42.5	27.5	36	27.5	39	65.5	28	48	44.5	30.5	23	35.5	28.5	38	21.5	27	60.5	40.5	43.5	36.5	11	55.5	47	31	30.5	47	59.5	58.5	32.5	36	65	36.5	61.5	29.5	27	26.5	25.5	33	68	0	41	51	52	30	
69	24.5	46	82.5	86.5	31.5	68.5	67	56	31	31.5	15.5	26.5	38.5	24	24.5	49	40.5	36.5	26.5	69.5	53.5	45.5	26.5	55	16.5	19	51.5	24.5	32.5	18	42	52	71.5	74	18.5	73	46	30.5	43	23	87	78	21	50	75	40.5	58.5	61.5	46	45.5	62.5	49	50	66.5	32.5	40	6	70.5	38.5	27.5	35.5	40.5	64.5	42.5	68	54	59	35.5	40	35.5	86	65.5	38.5	43.5	43	43	27.5	28.5	72	34	27.5	19.5	44.5	53	50.5	56	86.5	41	31	21.5	28.5	46	27.5	51.5	61	38.5	50	41.5	17.5	60.5	24.5	30	32.5	70	48	47.5	24	42.5	41.5	44.5	33	82	18.5	38.5	21.5	24	34.5	33.5	40	85	41	0	74	69	33	
37	67.5	38	24.5	18.5	58.5	15.5	25	36	61	63.5	76.5	53.5	70.5	68	82.5	43	51.5	43.5	65.5	37.5	38.5	42.5	90.5	37	80.5	83	40.5	92.5	74.5	56	50	40	20.5	0	86.5	39	38	62.5	45	69	25	10	89	38	11	51.5	33.5	30.5	46	46.5	29.5	43	42	25.5	49.5	52	80	17.5	53.5	69.5	56.5	51.5	27.5	49.5	24	38	21	67.5	52	56.5	26	31.5	35.5	48.5	49	49	60.5	60.5	14	68	59.5	77.5	47.5	39	37.5	36	20.5	43	63	85.5	45.5	28	64.5	38.5	23	51.5	32	75.5	85.5	31.5	51.5	58	84.5	22	44	44.5	78	74.5	73.5	47.5	59	20	73.5	78.5	70.5	68	41.5	40.5	52	27	51	74	0	23	45	
30	70.5	45	41.5	35.5	65.5	22.5	2	37	52	70.5	61.5	60.5	77.5	55	75.5	50	56.5	50.5	52.5	30.5	29.5	49.5	77.5	36	67.5	70	37.5	75.5	81.5	63	33	43	32.5	23	69.5	34	45	69.5	52	64	42	27	72	21	34	58.5	40.5	27.5	37	53.5	36.5	30	49	32.5	56.5	51	63	24.5	54.5	76.5	61.5	46.5	34.5	56.5	1	45	28	74.5	51	63.5	43	26.5	42.5	55.5	56	56	43.5	67.5	9	75	66.5	70.5	40.5	34	44.5	27	37.5	50	70	72.5	52.5	35	63.5	45.5	30	34.5	39	82.5	68.5	36.5	58.5	41	83.5	29	39	33.5	75	81.5	80.5	54.5	64	37	64.5	85.5	57.5	55	48.5	47.5	59	44	52	69	23	0	52	
78	26.5	17	63.5	57.5	17.5	39.5	54	45	30	22.5	35.5	12.5	29.5	23	41.5	32	25.5	7.5	29.5	76.5	52.5	16.5	49.5	46	39.5	42	44.5	51.5	33.5	15	49	39	54.5	45	47.5	78	17	21.5	14	28	64	49	50	59	56	15.5	37.5	54.5	45	20.5	43.5	52	21	49.5	8.5	31	39	41.5	27.5	28.5	20.5	35.5	41.5	13.5	53	27	30	26.5	31	15.5	65	70.5	9.5	22.5	18	18	36.5	19.5	43	27	18.5	36.5	41.5	48	21.5	55	59.5	12	22	44.5	4.5	17	23.5	22.5	32	47.5	21	34.5	46.5	45.5	10.5	39	43.5	41	43	48.5	37	33.5	32.5	21.5	14	59	32.5	37.5	29.5	23	5.5	4.5	21	66	30	33	45	52	0	
