Number of items: 125
Horizon: 15
Time limit: 1000
Load limit: 7500
Initial item inventory level
78
73
156
31
182
198
66
294
171
47
10
255
111
168
72
30
132
16
104
72
162
18
19
160
276
81
130
178
190
132
44
153
70
194
26
166
162
58
180
195
156
85
111
94
273
132
156
91
138
219
152
186
94
135
140
126
111
170
68
180
27
20
77
50
267
282
159
210
62
52
32
70
63
158
192
144
69
176
255
52
96
192
54
243
91
96
156
96
231
51
207
270
27
64
186
65
42
58
41
110
60
90
112
76
78
165
178
264
147
30
246
64
166
108
75
96
120
63
130
132
147
96
49
76
64
Maximum inventory capacity per item
117
146
234
62
273
297
88
392
228
94
20
340
148
224
108
45
176
32
156
108
243
36
38
240
368
108
195
267
285
176
88
204
140
291
52
249
216
87
270
260
234
170
148
188
364
198
208
182
207
292
228
279
188
180
210
168
148
255
136
240
54
40
154
100
356
376
212
280
124
104
64
105
126
237
256
192
92
264
340
78
144
288
72
324
182
144
234
128
308
68
276
360
54
128
279
130
56
116
82
165
120
180
168
152
156
220
267
352
196
40
328
128
249
162
100
144
180
126
195
176
196
128
98
114
128
Reserve storage replenishment rate per item and per period
234	0	0	234	0	0	234	0	0	234	0	0	234	0	0	
438	0	0	438	0	0	438	0	0	438	0	0	438	0	0	
468	0	0	468	0	0	468	0	0	468	0	0	468	0	0	
186	0	0	186	0	0	186	0	0	186	0	0	186	0	0	
546	0	0	546	0	0	546	0	0	546	0	0	546	0	0	
594	0	0	594	0	0	594	0	0	594	0	0	594	0	0	
132	0	0	132	0	0	132	0	0	132	0	0	132	0	0	
588	0	0	588	0	0	588	0	0	588	0	0	588	0	0	
342	0	0	342	0	0	342	0	0	342	0	0	342	0	0	
282	0	0	282	0	0	282	0	0	282	0	0	282	0	0	
60	0	0	60	0	0	60	0	0	60	0	0	60	0	0	
510	0	0	510	0	0	510	0	0	510	0	0	510	0	0	
222	0	0	222	0	0	222	0	0	222	0	0	222	0	0	
336	0	0	336	0	0	336	0	0	336	0	0	336	0	0	
216	0	0	216	0	0	216	0	0	216	0	0	216	0	0	
90	0	0	90	0	0	90	0	0	90	0	0	90	0	0	
264	0	0	264	0	0	264	0	0	264	0	0	264	0	0	
96	0	0	96	0	0	96	0	0	96	0	0	96	0	0	
312	0	0	312	0	0	312	0	0	312	0	0	312	0	0	
216	0	0	216	0	0	216	0	0	216	0	0	216	0	0	
486	0	0	486	0	0	486	0	0	486	0	0	486	0	0	
108	0	0	108	0	0	108	0	0	108	0	0	108	0	0	
114	0	0	114	0	0	114	0	0	114	0	0	114	0	0	
480	0	0	480	0	0	480	0	0	480	0	0	480	0	0	
552	0	0	552	0	0	552	0	0	552	0	0	552	0	0	
162	0	0	162	0	0	162	0	0	162	0	0	162	0	0	
390	0	0	390	0	0	390	0	0	390	0	0	390	0	0	
534	0	0	534	0	0	534	0	0	534	0	0	534	0	0	
570	0	0	570	0	0	570	0	0	570	0	0	570	0	0	
264	0	0	264	0	0	264	0	0	264	0	0	264	0	0	
264	0	0	264	0	0	264	0	0	264	0	0	264	0	0	
306	0	0	306	0	0	306	0	0	306	0	0	306	0	0	
420	0	0	420	0	0	420	0	0	420	0	0	420	0	0	
582	0	0	582	0	0	582	0	0	582	0	0	582	0	0	
156	0	0	156	0	0	156	0	0	156	0	0	156	0	0	
498	0	0	498	0	0	498	0	0	498	0	0	498	0	0	
324	0	0	324	0	0	324	0	0	324	0	0	324	0	0	
174	0	0	174	0	0	174	0	0	174	0	0	174	0	0	
540	0	0	540	0	0	540	0	0	540	0	0	540	0	0	
390	0	0	390	0	0	390	0	0	390	0	0	390	0	0	
468	0	0	468	0	0	468	0	0	468	0	0	468	0	0	
510	0	0	510	0	0	510	0	0	510	0	0	510	0	0	
222	0	0	222	0	0	222	0	0	222	0	0	222	0	0	
564	0	0	564	0	0	564	0	0	564	0	0	564	0	0	
546	0	0	546	0	0	546	0	0	546	0	0	546	0	0	
396	0	0	396	0	0	396	0	0	396	0	0	396	0	0	
312	0	0	312	0	0	312	0	0	312	0	0	312	0	0	
546	0	0	546	0	0	546	0	0	546	0	0	546	0	0	
414	0	0	414	0	0	414	0	0	414	0	0	414	0	0	
438	0	0	438	0	0	438	0	0	438	0	0	438	0	0	
456	0	0	456	0	0	456	0	0	456	0	0	456	0	0	
558	0	0	558	0	0	558	0	0	558	0	0	558	0	0	
564	0	0	564	0	0	564	0	0	564	0	0	564	0	0	
270	0	0	270	0	0	270	0	0	270	0	0	270	0	0	
420	0	0	420	0	0	420	0	0	420	0	0	420	0	0	
252	0	0	252	0	0	252	0	0	252	0	0	252	0	0	
222	0	0	222	0	0	222	0	0	222	0	0	222	0	0	
510	0	0	510	0	0	510	0	0	510	0	0	510	0	0	
408	0	0	408	0	0	408	0	0	408	0	0	408	0	0	
360	0	0	360	0	0	360	0	0	360	0	0	360	0	0	
162	0	0	162	0	0	162	0	0	162	0	0	162	0	0	
120	0	0	120	0	0	120	0	0	120	0	0	120	0	0	
462	0	0	462	0	0	462	0	0	462	0	0	462	0	0	
300	0	0	300	0	0	300	0	0	300	0	0	300	0	0	
534	0	0	534	0	0	534	0	0	534	0	0	534	0	0	
564	0	0	564	0	0	564	0	0	564	0	0	564	0	0	
318	0	0	318	0	0	318	0	0	318	0	0	318	0	0	
420	0	0	420	0	0	420	0	0	420	0	0	420	0	0	
372	0	0	372	0	0	372	0	0	372	0	0	372	0	0	
312	0	0	312	0	0	312	0	0	312	0	0	312	0	0	
192	0	0	192	0	0	192	0	0	192	0	0	192	0	0	
210	0	0	210	0	0	210	0	0	210	0	0	210	0	0	
378	0	0	378	0	0	378	0	0	378	0	0	378	0	0	
474	0	0	474	0	0	474	0	0	474	0	0	474	0	0	
384	0	0	384	0	0	384	0	0	384	0	0	384	0	0	
288	0	0	288	0	0	288	0	0	288	0	0	288	0	0	
138	0	0	138	0	0	138	0	0	138	0	0	138	0	0	
528	0	0	528	0	0	528	0	0	528	0	0	528	0	0	
510	0	0	510	0	0	510	0	0	510	0	0	510	0	0	
156	0	0	156	0	0	156	0	0	156	0	0	156	0	0	
288	0	0	288	0	0	288	0	0	288	0	0	288	0	0	
576	0	0	576	0	0	576	0	0	576	0	0	576	0	0	
108	0	0	108	0	0	108	0	0	108	0	0	108	0	0	
486	0	0	486	0	0	486	0	0	486	0	0	486	0	0	
546	0	0	546	0	0	546	0	0	546	0	0	546	0	0	
288	0	0	288	0	0	288	0	0	288	0	0	288	0	0	
468	0	0	468	0	0	468	0	0	468	0	0	468	0	0	
192	0	0	192	0	0	192	0	0	192	0	0	192	0	0	
462	0	0	462	0	0	462	0	0	462	0	0	462	0	0	
102	0	0	102	0	0	102	0	0	102	0	0	102	0	0	
414	0	0	414	0	0	414	0	0	414	0	0	414	0	0	
540	0	0	540	0	0	540	0	0	540	0	0	540	0	0	
162	0	0	162	0	0	162	0	0	162	0	0	162	0	0	
384	0	0	384	0	0	384	0	0	384	0	0	384	0	0	
558	0	0	558	0	0	558	0	0	558	0	0	558	0	0	
390	0	0	390	0	0	390	0	0	390	0	0	390	0	0	
84	0	0	84	0	0	84	0	0	84	0	0	84	0	0	
348	0	0	348	0	0	348	0	0	348	0	0	348	0	0	
246	0	0	246	0	0	246	0	0	246	0	0	246	0	0	
330	0	0	330	0	0	330	0	0	330	0	0	330	0	0	
360	0	0	360	0	0	360	0	0	360	0	0	360	0	0	
540	0	0	540	0	0	540	0	0	540	0	0	540	0	0	
336	0	0	336	0	0	336	0	0	336	0	0	336	0	0	
456	0	0	456	0	0	456	0	0	456	0	0	456	0	0	
468	0	0	468	0	0	468	0	0	468	0	0	468	0	0	
330	0	0	330	0	0	330	0	0	330	0	0	330	0	0	
534	0	0	534	0	0	534	0	0	534	0	0	534	0	0	
528	0	0	528	0	0	528	0	0	528	0	0	528	0	0	
294	0	0	294	0	0	294	0	0	294	0	0	294	0	0	
60	0	0	60	0	0	60	0	0	60	0	0	60	0	0	
492	0	0	492	0	0	492	0	0	492	0	0	492	0	0	
384	0	0	384	0	0	384	0	0	384	0	0	384	0	0	
498	0	0	498	0	0	498	0	0	498	0	0	498	0	0	
324	0	0	324	0	0	324	0	0	324	0	0	324	0	0	
150	0	0	150	0	0	150	0	0	150	0	0	150	0	0	
288	0	0	288	0	0	288	0	0	288	0	0	288	0	0	
360	0	0	360	0	0	360	0	0	360	0	0	360	0	0	
378	0	0	378	0	0	378	0	0	378	0	0	378	0	0	
390	0	0	390	0	0	390	0	0	390	0	0	390	0	0	
264	0	0	264	0	0	264	0	0	264	0	0	264	0	0	
294	0	0	294	0	0	294	0	0	294	0	0	294	0	0	
192	0	0	192	0	0	192	0	0	192	0	0	192	0	0	
294	0	0	294	0	0	294	0	0	294	0	0	294	0	0	
228	0	0	228	0	0	228	0	0	228	0	0	228	0	0	
384	0	0	384	0	0	384	0	0	384	0	0	384	0	0	
Forward storage demand rate per item and per period
39	40	63	39	44	34	40	11	6	24	19	34	43	56	32	
73	58	77	30	69	64	60	52	47	80	60	5	86	62	17	
78	104	72	65	33	91	74	28	88	22	79	88	77	84	81	
31	21	20	36	9	11	57	25	24	43	33	47	27	48	18	
91	118	114	67	17	79	10	105	114	133	124	128	5	79	100	
99	160	91	141	57	90	135	48	59	129	87	111	84	120	73	
22	27	30	13	27	10	31	23	15	9	35	10	19	39	29	
98	129	87	84	41	71	25	113	79	108	146	171	110	84	138	
57	79	89	66	78	49	27	60	84	42	68	75	86	53	41	
47	35	46	57	45	41	56	37	36	64	56	50	57	58	82	
10	18	9	6	7	14	10	11	9	1	10	16	7	10	6	
85	66	38	59	89	46	84	79	88	51	149	122	33	15	87	
37	16	52	49	14	11	21	27	34	29	42	34	36	27	45	
56	47	47	91	37	77	62	86	87	53	48	12	60	45	19	
36	21	24	39	41	35	39	2	31	36	23	47	60	42	44	
15	14	17	24	5	22	14	7	9	21	21	26	12	14	11	
44	43	23	74	72	44	56	39	45	12	37	39	46	42	21	
16	13	18	7	9	9	11	1	11	18	19	20	8	16	6	
52	28	80	61	72	54	24	53	75	36	55	40	57	91	88	
36	27	33	45	48	46	35	18	26	18	32	36	50	30	41	
81	92	74	104	105	75	91	107	116	54	16	81	98	44	42	
18	23	24	9	18	8	31	26	23	10	9	31	18	26	26	
19	2	26	23	12	21	20	17	13	18	26	15	17	20	21	
80	100	125	19	89	120	66	79	54	37	42	8	83	99	20	
92	113	111	20	179	122	65	87	33	107	48	13	123	130	122	
27	35	22	32	29	37	32	2	34	39	46	25	9	15	40	
65	71	77	35	75	93	56	80	78	23	53	45	72	84	99	
89	74	128	83	146	31	103	98	71	131	88	83	50	114	129	
95	98	42	58	52	57	29	71	93	102	69	93	75	44	76	
44	72	65	70	43	33	29	55	51	34	8	43	43	44	43	
44	24	37	40	19	57	34	25	47	48	54	74	56	31	43	
51	87	35	89	54	48	19	39	22	97	36	46	70	27	28	
70	43	91	97	104	132	70	77	92	22	51	43	35	62	45	
97	95	120	32	116	110	85	113	113	89	144	38	33	111	85	
26	30	24	10	33	26	16	30	23	19	5	34	29	9	39	
83	90	108	149	67	83	96	106	68	128	57	77	37	123	15	
54	59	51	27	69	39	51	52	38	69	72	58	68	64	25	
29	23	18	38	14	56	38	22	31	23	23	26	41	19	34	
90	112	30	44	67	35	136	16	123	82	100	98	21	19	140	
65	92	96	65	46	81	61	65	55	84	100	100	78	42	26	
78	98	84	110	40	41	138	63	83	138	28	119	118	54	62	
85	88	82	84	102	20	146	90	75	63	96	86	132	97	124	
37	17	55	26	70	50	35	37	41	20	60	61	17	39	39	
94	90	70	97	125	73	84	99	78	66	113	136	124	95	149	
91	93	40	72	34	33	33	116	85	39	80	98	102	93	91	
66	80	46	83	47	67	69	100	53	104	58	31	76	88	91	
52	62	74	37	43	43	69	73	23	26	63	29	65	68	35	
91	157	89	122	92	37	156	104	147	42	8	93	123	179	24	
69	78	36	64	132	80	49	55	100	61	77	69	13	77	89	
73	45	78	105	117	70	78	115	51	47	85	43	110	115	112	
76	30	33	49	12	99	56	16	43	63	134	74	97	10	101	
93	50	36	59	93	121	94	125	73	89	101	127	88	17	145	
94	63	106	106	68	41	100	79	161	38	131	129	75	113	104	
45	4	43	15	63	32	80	47	34	11	56	69	21	45	21	
70	133	85	63	60	63	36	24	80	94	34	26	93	39	18	
42	28	48	14	9	49	62	35	33	65	23	54	37	27	29	
37	34	12	51	27	3	39	43	68	33	32	15	57	35	11	
85	87	94	63	85	124	41	65	82	143	29	95	88	123	90	
68	49	72	66	47	69	101	43	84	105	95	67	37	88	49	
60	26	33	78	40	16	80	53	69	55	83	76	95	93	34	
27	26	27	22	30	19	30	19	22	37	9	14	36	24	35	
20	12	21	23	20	18	16	17	16	23	14	24	31	30	9	
77	8	123	30	38	24	82	60	37	101	140	66	92	109	30	
50	40	95	37	56	44	74	37	59	35	64	36	29	22	50	
89	27	45	112	55	85	41	56	24	66	96	101	7	105	35	
94	123	131	40	121	103	86	100	52	91	141	109	127	108	110	
53	45	16	48	20	89	65	50	65	43	73	72	22	62	48	
70	127	114	72	88	65	68	98	65	49	96	62	136	102	56	
62	101	35	101	26	48	36	52	74	79	5	25	65	78	88	
52	62	15	60	81	6	53	46	51	69	49	69	45	51	86	
32	27	42	16	35	6	28	32	10	44	29	28	34	45	39	
35	43	29	20	46	46	39	27	40	13	43	31	55	42	41	
63	36	52	37	92	35	28	95	56	106	50	54	30	56	74	
79	73	91	88	61	79	101	78	36	94	75	62	84	78	56	
64	60	55	45	83	53	106	66	17	71	79	53	104	96	79	
48	8	54	47	55	47	71	37	51	39	50	68	45	55	60	
23	25	12	26	22	16	24	6	26	5	34	8	22	28	21	
88	54	135	93	37	79	128	133	95	38	84	136	50	87	96	
85	137	74	21	93	128	34	95	115	142	96	66	115	25	63	
26	30	6	31	34	22	14	30	48	25	24	28	47	32	40	
48	73	10	55	86	67	80	68	40	79	68	53	43	46	66	
96	8	106	145	143	85	102	41	150	47	85	62	54	101	20	
18	17	15	20	20	10	14	14	12	28	31	26	19	10	7	
81	56	35	127	33	112	54	101	137	61	93	90	48	32	123	
91	124	112	15	105	148	97	32	98	140	153	174	97	78	151	
48	41	70	48	77	30	53	9	58	28	54	19	7	39	85	
78	64	62	10	62	52	98	65	66	42	54	66	37	75	72	
32	30	25	5	2	40	36	32	13	21	58	46	25	38	27	
77	78	86	79	123	124	76	32	63	92	93	51	81	79	38	
17	24	17	23	20	23	28	13	21	17	12	20	8	9	21	
69	47	104	63	119	78	126	64	42	54	67	65	77	50	63	
90	109	96	86	117	99	82	53	139	157	83	116	42	96	69	
27	37	16	30	15	13	35	24	30	24	19	8	24	10	30	
64	92	70	50	44	93	95	61	11	69	65	26	72	70	39	
93	80	121	82	164	123	81	66	34	105	94	27	122	45	38	
65	39	51	23	72	14	34	105	47	86	54	51	85	57	39	
14	22	8	13	21	12	14	16	7	12	5	13	6	16	19	
58	53	64	80	58	100	62	14	33	69	64	52	46	93	46	
41	17	27	30	53	17	69	47	12	38	34	7	53	25	48	
55	63	49	76	20	69	79	64	91	32	59	40	31	87	35	
60	75	58	88	66	73	59	36	57	53	73	24	57	64	50	
90	18	84	43	73	36	123	105	94	100	103	78	77	87	84	
56	75	26	69	18	40	90	28	107	89	16	61	69	72	71	
76	66	90	49	74	109	70	65	106	47	86	78	18	57	38	
78	61	55	105	91	85	117	64	147	103	63	126	31	123	42	
55	48	14	91	39	47	17	17	60	67	61	49	27	34	24	
89	96	102	84	156	106	85	32	128	105	62	111	154	43	115	
88	85	118	20	81	100	131	31	81	36	54	107	67	41	102	
49	48	76	76	54	72	38	37	89	62	78	36	44	43	47	
10	2	13	18	10	1	1	5	11	13	4	4	11	6	3	
82	77	118	95	90	61	85	92	137	59	57	99	98	101	98	
64	79	67	93	44	51	63	28	45	33	108	72	65	73	95	
83	111	91	98	85	55	75	64	151	83	108	101	83	112	101	
54	98	89	17	76	16	81	88	52	43	51	88	47	50	73	
25	19	1	32	26	27	28	24	34	28	19	38	34	18	41	
48	32	30	56	72	70	72	40	57	87	19	42	63	54	71	
60	74	67	90	79	102	61	62	34	67	69	55	23	35	64	
63	69	47	41	51	98	6	92	92	50	49	90	10	100	64	
65	98	16	99	20	42	19	67	73	55	16	73	66	77	31	
44	30	16	71	38	36	28	44	38	42	33	58	36	67	51	
49	71	40	51	24	31	31	33	85	32	88	37	28	64	47	
32	33	33	7	26	25	38	33	32	14	30	29	24	24	16	
49	71	78	46	70	50	48	77	65	70	46	6	63	38	59	
38	59	56	17	49	20	27	40	50	38	34	34	33	35	51	
64	12	22	22	25	31	82	48	83	109	54	75	38	105	94	
Distance matrix
0	28	59.5	51.5	25.5	29.5	80	41	24.5	59.5	29	49	53	16	48.5	8	94.5	27	55.5	27.5	61	13.5	39	26.5	77	58	58.5	14.5	53	38	33.5	15	80.5	17.5	70.5	51.5	13.5	36.5	44.5	47	47	67	64.5	42	46.5	30	21	72	25.5	28	45	82.5	21.5	4	72.5	12	60.5	57.5	61.5	40	58.5	57	58	63.5	32	69.5	68.5	55.5	45	54.5	38	45.5	17	77	50.5	22	37.5	59.5	82	53	82.5	79	17.5	28	48	82	35	62	28.5	31.5	43	31	55.5	91.5	29.5	38	62.5	38	12	57.5	73.5	10	43	28	72	75	4.5	17	44	41	88.5	98	50.5	73.5	32.5	53	8.5	65	31	55.5	50	48.5	31	27	68.5	95.5	
28	0	57.5	25.5	43.5	27.5	72	59	17.5	57.5	23	33	29	12	48.5	20	72.5	45	73.5	14.5	51	28.5	23	40.5	55	44	76.5	32.5	69	14	43.5	27	56.5	24.5	88.5	69.5	28.5	30.5	62.5	65	35	65	42.5	30	64.5	22	39	50	16.5	14	47	94.5	39.5	32	74.5	16	36.5	69.5	35.5	58	76.5	45	34	81.5	30	47.5	48.5	51.5	37	32.5	24	41.5	35	65	46.5	30	19.5	57.5	70	71	94.5	73	24.5	34	34	90	27	80	13.5	49.5	39	49	71.5	75.5	47.5	14	64.5	24	30	59.5	53.5	32	49	44	60	57	27.5	35	58	31	68.5	74	46.5	91.5	44.5	29	26.5	67	31	31.5	68	38.5	49	25	86.5	81.5	
59.5	57.5	0	34	40	56	40.5	30.5	61	0	56.5	36.5	32.5	65.5	37	57.5	41	46.5	30	58	24.5	68	46.5	51	23.5	27.5	33	49	27.5	47.5	48	70.5	25	68	45	26	68	49	15	21.5	38.5	33.5	21	43.5	13	55.5	40.5	18.5	60	57.5	40.5	57	46	63.5	43	61.5	25	32	24	29.5	33	28.5	27.5	38	53.5	10	9	30	40.5	31	47.5	40	56.5	33.5	35	61.5	48	0	38.5	27.5	57	41.5	68	57.5	37.5	56.5	50.5	36.5	57	36	42.5	30.5	30	44	44	47.5	33	47.5	51.5	2	22	69.5	42.5	47.5	28.5	25.5	59	46.5	33.5	44.5	37	42.5	35	48	47	32.5	53	35.5	54.5	30	24.5	37	30.5	58.5	43	50	
51.5	25.5	34	0	26	24	48.5	37.5	29	34	24.5	9.5	5.5	37.5	25	45.5	49	26.5	58	26	27.5	40	14.5	27	31.5	20.5	55	39	45.5	15.5	18	38.5	33	36	73	52	40	17	49	51.5	11.5	41.5	19	11.5	47	23.5	32.5	26.5	28	25.5	23.5	71	32	49.5	51	41.5	13	46	12	38.5	65	21.5	10.5	60	21.5	24	25	28	13.5	9	15.5	18	36.5	41.5	23	31.5	16	34	46.5	55.5	71	49.5	36	25.5	10.5	66.5	18.5	56.5	25	32	15.5	37.5	48	52	22	15.5	41	15.5	41.5	36	30	43.5	25.5	25.5	36.5	33.5	49	36.5	34.5	12.5	45	50.5	23	70	19	5.5	45	43.5	22.5	8	48.5	15	37.5	26.5	65	58	
25.5	43.5	40	26	0	30	60.5	21.5	45	40	34.5	29.5	31.5	31.5	29	23.5	75	12.5	36	48	41.5	34	34.5	17	57.5	38.5	39	15	33.5	41.5	8	40.5	59	38	51	32	34	27	25	27.5	27.5	47.5	45	27.5	27	35.5	6.5	52.5	46	51.5	25.5	63	12	29.5	53	27.5	39	38	38	20.5	39	37.5	36.5	44	27.5	50	49	36	25.5	35	33.5	26	22.5	57.5	31	27.5	38	40	62.5	33.5	63	59.5	38	23.5	28.5	62.5	30.5	42.5	49	12	23.5	11.5	36	72	4	41.5	43	33.5	17.5	38	54	35.5	23.5	13.5	52.5	55.5	25	12.5	24.5	26.5	69	76.5	31	54	7	31.5	19	45.5	26.5	34	30.5	29	11.5	32.5	49	76	
29.5	27.5	56	24	30	0	70.5	45.5	31	56	26.5	31.5	27.5	35.5	47	27.5	71	31.5	60	28	49.5	38	21.5	31	53.5	42.5	63	15	57.5	17.5	38	40.5	55	38	75	56	38	29	49	51.5	33.5	63.5	41	28.5	51	25.5	25.5	48.5	30	27.5	45.5	87	26	33.5	73	31.5	35	62	34	44.5	63	43.5	32.5	68	28.5	46	47	50	35.5	31	22.5	40	26.5	63.5	45	31.5	8	56	68.5	57.5	87	71.5	38	32.5	32.5	86.5	25.5	66.5	27	36	37.5	35.5	60	74	34	17.5	63	22.5	21.5	58	52	39.5	47.5	32.5	58.5	55.5	29	21.5	48.5	29.5	67	72.5	45	78	37	27.5	23	65.5	29.5	30	54.5	37	35.5	28.5	73	80	
80	72	40.5	48.5	60.5	70.5	0	51	75.5	40.5	71	51	47	84	51.5	78	20.5	67	30.5	72.5	39	86.5	61	71.5	23	42	33.5	69.5	43	62	66.5	85	19.5	82.5	30.5	36.5	86.5	63.5	39.5	37	53	33	35.5	58	41.5	70	61	28	74.5	72	55	42.5	66.5	84	27.5	82	39.5	42.5	38.5	50	23.5	43	42	28.5	68	30.5	31.5	44.5	55	45.5	62	54.5	77	23	49.5	78	62.5	40.5	2	33	42.5	1	82.5	72	52	38	65	32	71.5	56.5	57	51	40.5	23.5	64.5	62	37.5	62	72	42.5	26.5	90	57	68	28	25	79.5	67	54	59	16.5	22	49.5	33.5	67.5	47	73.5	35	69	44.5	40	51.5	51	73	28.5	29.5	
41	59	30.5	37.5	21.5	45.5	51	0	60.5	30.5	50	40	36	47	24.5	39	59.5	28	26.5	61.5	32	49.5	50	32.5	42	17	29.5	30.5	24	51	29.5	56	43.5	53.5	41.5	22.5	49.5	42.5	15.5	18	38	38	29.5	43	17.5	51	22	37	61.5	61	26	53.5	27.5	45	43.5	43	28.5	28.5	27.5	1	29.5	16	31	34.5	43	34.5	35.5	26.5	36	34.5	49	31.5	38	48	26.5	43	51.5	30.5	53	24	53.5	50	53.5	39	39	53	46	33	60.5	17.5	34	12	26.5	62.5	25.5	51	33.5	49	33	28.5	40.5	51	24	29	43	44	40.5	28	3	42	55.5	61	26.5	44.5	28.5	36	34.5	36	42	33.5	21	34.5	12	48	39.5	66.5	
24.5	17.5	61	29	45	31	75.5	60.5	0	61	26.5	36.5	32.5	29.5	52	27.5	76	46.5	75	3	54.5	11	26.5	44	58.5	47.5	78	34	72.5	17.5	47	25.5	60	7	90	71	11	34	64	66.5	38.5	68.5	46	33.5	66	25.5	40.5	53.5	1	12.5	50.5	98	41	28.5	78	31.5	40	73	39	59.5	78	48.5	37.5	83	33.5	51	52	55	40.5	36	27.5	45	36.5	68.5	50	33.5	23	61	73.5	72.5	98	76.5	7	37.5	37.5	93.5	30.5	81.5	4	51	42.5	50.5	75	79	49	17.5	68	27.5	31.5	63	57	30.5	52.5	47.5	63.5	60.5	20	36.5	61.5	34.5	72	77.5	50	93	48	32.5	28	70.5	34.5	35	69.5	42	50.5	28.5	88	85	
59.5	57.5	0	34	40	56	40.5	30.5	61	0	56.5	36.5	32.5	65.5	37	57.5	41	46.5	30	58	24.5	68	46.5	51	23.5	27.5	33	49	27.5	47.5	48	70.5	25	68	45	26	68	49	15	21.5	38.5	33.5	21	43.5	13	55.5	40.5	18.5	60	57.5	40.5	57	46	63.5	43	61.5	25	32	24	29.5	33	28.5	27.5	38	53.5	10	9	30	40.5	31	47.5	40	56.5	33.5	35	61.5	48	0	38.5	27.5	57	41.5	68	57.5	37.5	56.5	50.5	36.5	57	36	42.5	30.5	30	44	44	47.5	33	47.5	51.5	2	22	69.5	42.5	47.5	28.5	25.5	59	46.5	33.5	44.5	37	42.5	35	48	47	32.5	53	35.5	54.5	30	24.5	37	30.5	58.5	43	50	
29	23	56.5	24.5	34.5	26.5	71	50	26.5	56.5	0	32	28	35	47.5	27	71.5	36	64.5	23.5	50	37.5	22	35.5	54	43	67.5	23.5	62	9	42.5	36	55.5	33.5	79.5	60.5	37.5	29.5	53.5	56	34	64	41.5	29	55.5	1	30	49	25.5	23	46	91.5	30.5	33	73.5	31	35.5	66.5	34.5	49	67.5	44	33	72.5	29	46.5	47.5	50.5	36	31.5	23	40.5	12	64	45.5	7	18.5	56.5	69	62	91.5	72	33.5	33	33	89	26	71	22.5	40.5	38	40	64.5	74.5	38.5	9	63.5	23	17	58.5	52.5	39	48	37	59	56	28.5	26	53	30	67.5	73	45.5	82.5	41.5	28	22.5	66	30	30.5	59	37.5	40	2	77.5	80.5	
49	33	36.5	9.5	29.5	31.5	51	40	36.5	36.5	32	0	4	45	27.5	47	51.5	34	54.5	33.5	30	47.5	22	34.5	34	23	57.5	38.5	48	23	27.5	46	35.5	43.5	69.5	50.5	47.5	24.5	43.5	46	2	44	21.5	19	45.5	31	30	29	35.5	33	26	73.5	35.5	53	53.5	49	15.5	48.5	14.5	39	57.5	24	13	62.5	29	26.5	27.5	30.5	4	11.5	23	20.5	44	44	25.5	39	23.5	36.5	49	52	73.5	52	43.5	33	1	69	26	59	32.5	30.5	6	30	50.5	54.5	31.5	23	43.5	23	41	38.5	32.5	51	28	33	39	36	48.5	36	37	20	47.5	53	25.5	72.5	28.5	4	42.5	46	30	10.5	49	17.5	30	34	67.5	60.5	
53	29	32.5	5.5	31.5	27.5	47	36	32.5	32.5	28	4	0	41	23.5	49	47.5	30	56.5	29.5	26	43.5	18	30.5	30	19	53.5	42.5	44	19	23.5	42	31.5	39.5	71.5	50.5	43.5	20.5	47.5	50	6	40	17.5	15	45.5	27	34	25	31.5	29	22	69.5	35.5	53	49.5	45	11.5	44.5	10.5	37	61.5	20	9	58.5	25	22.5	23.5	26.5	8	7.5	19	16.5	40	40	21.5	35	19.5	32.5	45	54	69.5	48	39.5	29	5	65	22	55	28.5	30.5	10	34	46.5	50.5	27.5	19	39.5	19	45	34.5	28.5	47	24	29	35	32	52.5	40	33	16	43.5	49	21.5	68.5	24.5	0	46.5	42	26	6.5	47	13.5	34	30	63.5	56.5	
16	12	65.5	37.5	31.5	35.5	84	47	29.5	65.5	35	45	41	0	54.5	8	84.5	33	61.5	26.5	63	24.5	35	32.5	67	56	64.5	20.5	59	26	39.5	31	68.5	28.5	76.5	57.5	24.5	42.5	50.5	53	47	73	54.5	42	52.5	34	27	62	28.5	26	51	88.5	27.5	20	78.5	4	48.5	63.5	47.5	46	64.5	57	46	69.5	38	59.5	60.5	61.5	49	44.5	36	51.5	23	77	56.5	28	31.5	65.5	82	59	88.5	85	28.5	34	46	88	39	68	25.5	37.5	49	37	61.5	87.5	35.5	26	68.5	36	18	63.5	65.5	26	49	34	72	69	15.5	23	50	43	80.5	86	56.5	79.5	38.5	41	14.5	71	37	43.5	56	50.5	37	33	74.5	93.5	
48.5	48.5	37	25	29	47	51.5	24.5	52	37	47.5	27.5	23.5	54.5	0	46.5	52	35.5	39	49	30.5	57	37.5	40	34.5	23.5	42	38	36.5	38.5	37	61.5	36	59	54	35	57	40	28	30.5	29.5	44.5	22	34.5	30	46.5	29.5	29.5	51	48.5	31.5	66	35	52.5	54	50.5	12	41	13	23.5	42	24.5	18.5	47	44.5	27	28	31	31.5	22	38.5	31	45.5	44.5	2	50.5	39	37	49.5	36.5	66	52.5	59	46.5	28.5	65.5	41.5	45.5	48	25	33.5	19.5	39	55	33	38.5	44	38.5	40.5	39	33	58.5	31.5	36.5	39.5	36.5	48	35.5	27.5	35.5	48	53.5	2	57	36	23.5	42	46.5	45.5	21	33.5	28	19.5	49.5	52	61	
8	20	57.5	45.5	23.5	27.5	78	39	27.5	57.5	27	47	49	8	46.5	0	92.5	25	53.5	30.5	59	16.5	37	24.5	75	56	56.5	12.5	51	34	31.5	23	76.5	20.5	68.5	49.5	16.5	34.5	42.5	45	45	65	62.5	40	44.5	28	19	70	28.5	34	43	80.5	19.5	12	70.5	4	56.5	55.5	55.5	38	56.5	55	54	61.5	30	67.5	66.5	53.5	43	52.5	36	43.5	15	75	48.5	20	35.5	57.5	80	51	80.5	77	20.5	26	46	80	33	60	31.5	29.5	41	29	53.5	89.5	27.5	34	60.5	36	10	55.5	71.5	18	41	26	70	73	7.5	15	42	39	86.5	94	48.5	71.5	30.5	49	6.5	63	29	51.5	48	46.5	29	25	66.5	93.5	
94.5	72.5	41	49	75	71	20.5	59.5	76	41	71.5	51.5	47.5	84.5	52	92.5	0	73.5	45	73	39.5	87	61.5	74	23.5	42.5	42	84	47.5	62.5	67	85.5	20	83	24	49	87	64	54	51.5	53.5	33.5	36	58.5	54	70.5	75.5	28.5	75	72.5	55.5	28	79	96.5	28	88.5	40	43	39	60.5	38	43.5	42.5	37	68.5	31	32	45	55.5	46	62.5	55	83.5	23.5	50	78.5	63	41	18.5	47.5	28	21.5	83	72.5	52.5	23.5	65.5	38.5	72	69	57.5	65.5	45	3	71	62.5	38	62.5	86.5	43	27	90.5	57.5	72.5	28.5	25.5	94	81.5	56.5	59.5	12	7.5	50	21	68	47.5	88	35.5	69.5	45	50.5	52	65.5	73.5	32	15	
27	45	46.5	26.5	12.5	31.5	67	28	46.5	46.5	36	34	30	33	35.5	25	73.5	0	42.5	45.5	48	35.5	34	18.5	56	45	45.5	16.5	40	35	20.5	42	57.5	39.5	57.5	38.5	35.5	28.5	31.5	34	34	54	43.5	15	33.5	37	6	51	47.5	45	32	69.5	13.5	31	59.5	29	37.5	44.5	36.5	27	45.5	44	35	50.5	29	48.5	49.5	42.5	32	33.5	35	32.5	24	64	37.5	29	35.5	46.5	69	40	69.5	66	39.5	25	35	69	32	49	44.5	18.5	30	18	42.5	76.5	16.5	35	49.5	35	19	44.5	54.5	37	30	1	59	58	26.5	14	31	14	69.5	75	37.5	60.5	19.5	30	20.5	52	28	32.5	37	35.5	18	34	55.5	82.5	
55.5	73.5	30	58	36	60	30.5	26.5	75	30	64.5	54.5	56.5	61.5	39	53.5	45	42.5	0	78	36.5	64	64.5	47	32.5	43.5	3	45	18.5	71.5	44	70.5	25	68	21	12	64	57	15	12.5	52.5	22.5	45	57.5	17	65.5	36.5	37.5	76	81.5	40.5	33	42	59.5	23	57.5	49	18	48	25.5	9	42.5	51.5	14	57.5	40	39	36	50.5	55	63.5	46	52.5	27.5	41	57.5	68	30	32.5	8.5	33	29.5	68	53.5	53.5	32.5	60.5	12.5	79	32	48.5	26.5	16	42	40	71.5	23	63.5	47.5	28	34	65.5	38.5	43.5	27.5	30.5	55	42.5	29.5	56.5	39	46.5	41	24	43	56.5	49	20.5	56.5	54	15.5	49	26.5	62.5	19	46	
27.5	14.5	58	26	48	28	72.5	61.5	3	58	23.5	33.5	29.5	26.5	49	30.5	73	45.5	78	0	51.5	14	23.5	41	55.5	44.5	79	37	69.5	14.5	44	22.5	57	10	93	74	14	31	67	69.5	35.5	65.5	43	30.5	69	22.5	43.5	50.5	2	9.5	47.5	95	44	31.5	75	30.5	37	70	36	62.5	81	45.5	34.5	84	30.5	48	49	52	37.5	33	24.5	42	35.5	65.5	47	30.5	20	58	70.5	75.5	95	73.5	10	34.5	34.5	90.5	27.5	80.5	1	54	39.5	53.5	72	76	48	14.5	65	24.5	34.5	60	54	27.5	49.5	44.5	60.5	57.5	23	39.5	58.5	31.5	69	74.5	47	94	45	29.5	31	67.5	31.5	32	72.5	39	53.5	25.5	89	82	
61	51	24.5	27.5	41.5	49.5	39	32	54.5	24.5	50	30	26	63	30.5	59	39.5	48	36.5	51.5	0	65.5	40	52.5	22	21	39.5	50.5	34	41	45.5	64	23.5	61.5	51.5	32.5	65.5	42.5	25.5	28	32	32	14.5	37	27.5	49	42	17	53.5	51	34	61.5	47.5	65	41.5	63	18.5	36.5	17.5	31	39.5	22	21	44.5	47	14.5	15.5	23.5	34	24.5	41	33.5	58	32	28.5	57	41.5	24.5	37	34	61.5	40	61.5	51	31	57	44	43	50.5	37.5	36	32	36.5	42.5	45.5	41	31.5	41	53	26.5	20.5	69	36	49	27	24	60.5	48	35	38	35.5	41	28.5	54.5	46.5	26	54.5	34	48	23.5	31	30.5	32	52	49.5	48.5	
13.5	28.5	68	40	34	38	86.5	49.5	11	68	37.5	47.5	43.5	24.5	57	16.5	87	35.5	64	14	65.5	0	37.5	35	69.5	58.5	67	23	61.5	28.5	42	28.5	71	4	79	60	0	45	53	55.5	49.5	75.5	57	44.5	55	36.5	29.5	64.5	12	23.5	53.5	91	30	17.5	81	20.5	51	66	50	48.5	67	59.5	48.5	72	40.5	62	63	64	51.5	47	38.5	54	25.5	79.5	59	30.5	34	68	84.5	61.5	91	87.5	4	36.5	48.5	90.5	41.5	70.5	15	40	51.5	39.5	64	90	38	28.5	71	38.5	20.5	66	68	23.5	51.5	36.5	74.5	71.5	9	25.5	52.5	45.5	83	88.5	59	82	41	43.5	17	73.5	39.5	46	58.5	53	39.5	35.5	77	96	
39	23	46.5	14.5	34.5	21.5	61	50	26.5	46.5	22	22	18	35	37.5	37	61.5	34	64.5	23.5	40	37.5	0	29.5	44	33	67.5	28.5	58	13	32.5	36	45.5	33.5	79.5	60.5	37.5	19.5	53.5	56	24	54	31.5	19	55.5	21	30	39	25.5	23	36	83.5	30.5	43	63.5	39	25.5	58.5	24.5	49	67.5	34	23	72.5	7	36.5	37.5	40.5	26	21.5	1	30.5	34	54	35.5	29	13.5	46.5	59	62	83.5	62	33.5	11	23	79	4	69	22.5	40.5	28	40	60.5	64.5	36.5	13	53.5	1	31	48.5	42.5	41	38	33	49	46	38.5	22	47	20	57.5	63	35.5	82.5	33.5	18	32.5	56	8	20.5	59	27.5	40	24	77.5	70.5	
26.5	40.5	51	27	17	31	71.5	32.5	44	51	35.5	34.5	30.5	32.5	40	24.5	74	18.5	47	41	52.5	35	29.5	0	56.5	45.5	50	16	44.5	30.5	25	41.5	58	39	62	43	35	10	36	38.5	36.5	58.5	44	31.5	38	36.5	12.5	51.5	43	40.5	36.5	74	5	30.5	64	28.5	38	49	37	31.5	50	46.5	35.5	55	28.5	49	50	47	36.5	34	30.5	37	23.5	66.5	42	28.5	31	51	71.5	44.5	74	70.5	39	24.5	35.5	73.5	31.5	53.5	40	23	34.5	22.5	47	77	21	30.5	54	30.5	18.5	49	55	36.5	34.5	19.5	61.5	58.5	26	13.5	35.5	32.5	70	75.5	42	65	24	30.5	20	56.5	27.5	33	41.5	40	22.5	33.5	60	83	
77	55	23.5	31.5	57.5	53.5	23	42	58.5	23.5	54	34	30	67	34.5	75	23.5	56	32.5	55.5	22	69.5	44	56.5	0	25	29.5	66.5	30	45	49.5	68	7.5	65.5	47.5	31.5	69.5	46.5	36.5	34	36	10	18.5	41	36.5	53	58	11	57.5	55	38	45.5	61.5	79	25.5	71	22.5	25.5	21.5	43	35.5	26	25	34.5	51	13.5	14.5	27.5	38	28.5	45	37.5	66	16	32.5	61	45.5	23.5	21	24	45.5	24	65.5	55	35	41	48	31	54.5	51.5	40	48	27.5	26.5	53.5	45	20.5	45	69	25.5	9.5	73	40	55	5	2	76.5	64	39	42	19.5	25	32.5	44.5	50.5	30	70.5	12	52	27.5	33	34.5	48	56	39.5	32.5	
58	44	27.5	20.5	38.5	42.5	42	17	47.5	27.5	43	23	19	56	23.5	56	42.5	45	43.5	44.5	21	58.5	33	45.5	25	0	46.5	47.5	39	34	38.5	57	26.5	54.5	58.5	39.5	58.5	35.5	32.5	35	25	35	12.5	30	34.5	42	39	20	46.5	44	27	64.5	44.5	62	44.5	60	11.5	39.5	10.5	18	46.5	1	14	51.5	40	17.5	18.5	21.5	27	17.5	34	26.5	55	35	21.5	50	34.5	27.5	40	41	64.5	43	54.5	44	24	60	37	50	43.5	34.5	29	29	41.5	45.5	42.5	34	34.5	34	50	29.5	23.5	62	29	44	30	27	57.5	45	14	31	38.5	44	21.5	61.5	39.5	19	51.5	37	41	16.5	38	23.5	29	45	56.5	51.5	
58.5	76.5	33	55	39	63	33.5	29.5	78	33	67.5	57.5	53.5	64.5	42	56.5	42	45.5	3	79	39.5	67	67.5	50	29.5	46.5	0	48	21.5	68.5	47	73.5	22	71	24	15	67	60	18	15.5	55.5	25.5	42	60.5	20	68.5	39.5	34.5	79	78.5	43.5	36	45	62.5	26	60.5	46	21	45	28.5	12	45.5	48.5	17	60.5	37	38	39	53.5	52	66.5	49	55.5	30.5	44	60.5	69	33	35.5	11.5	36	32.5	71	56.5	56.5	35.5	63.5	15.5	78	35	51.5	29.5	19	45	43	68.5	26	66.5	50.5	31	33	68.5	41.5	46.5	30.5	31.5	58	45.5	32.5	59.5	38	43.5	44	27	46	53.5	52	23.5	59.5	51	18.5	52	29.5	65.5	22	49	
14.5	32.5	49	39	15	15	69.5	30.5	34	49	23.5	38.5	42.5	20.5	38	12.5	84	16.5	45	37	50.5	23	28.5	16	66.5	47.5	48	0	42.5	32.5	23	29.5	70	27	60	41	23	26	34	36.5	36.5	56.5	54	31.5	36	24.5	10.5	61.5	35	42.5	34.5	72	11	18.5	62	16.5	50	47	49	29.5	48	46.5	47.5	53	21.5	59	58	45	34.5	44	27.5	35	11.5	66.5	40	16.5	23	49	71.5	42.5	72	68.5	27	17.5	37.5	71.5	24.5	51.5	38	21	32.5	20.5	45	81	19	32.5	52	27.5	6.5	47	63	24.5	32.5	17.5	61.5	64.5	14	6.5	33.5	30.5	78	87.5	40	63	22	42.5	8	54.5	20.5	45	39.5	38	20.5	21.5	58	85	
53	69	27.5	45.5	33.5	57.5	43	24	72.5	27.5	62	48	44	59	36.5	51	47.5	40	18.5	69.5	34	61.5	58	44.5	30	39	21.5	42.5	0	59	41.5	68	31.5	65.5	33.5	14.5	61.5	54.5	12.5	6	50	30	32.5	55	14.5	63	34	19	71.5	69	38	45.5	39.5	57	35.5	55	36.5	20.5	35.5	23	21.5	40	39	26.5	55	27.5	28.5	33.5	48	42.5	59	43.5	50	40	38.5	55	59.5	27.5	45	16	45.5	42	65.5	51	49	45	58	25	68.5	29.5	46	24	18.5	50.5	37.5	59	25.5	59	45	25.5	28.5	63	36	41	35	32	52.5	40	27	54	43.5	49	38.5	36.5	40.5	44	46.5	28	54	41.5	3	46.5	24	60	31.5	56.5	
38	14	47.5	15.5	41.5	17.5	62	51	17.5	47.5	9	23	19	26	38.5	34	62.5	35	71.5	14.5	41	28.5	13	30.5	45	34	68.5	32.5	59	0	33.5	27	46.5	24.5	86.5	65.5	28.5	20.5	62.5	65	25	55	32.5	20	60.5	8	39	40	16.5	14	37	84.5	35.5	38	64.5	30	26.5	59.5	25.5	52	76.5	35	24	73.5	20	37.5	38.5	41.5	27	22.5	14	31.5	21	55	36.5	16	9.5	47.5	60	69	84.5	63	24.5	24	24	80	17	70	13.5	45.5	29	49	61.5	65.5	37.5	0	54.5	14	26	49.5	43.5	32	39	34	50	47	37.5	35	48	21	58.5	64	36.5	83.5	34.5	19	31.5	57	21	21.5	62	28.5	49	11	78.5	71.5	
33.5	43.5	48	18	8	38	66.5	29.5	47	48	42.5	27.5	23.5	39.5	37	31.5	67	20.5	44	44	45.5	42	32.5	25	49.5	38.5	47	23	41.5	33.5	0	48.5	51	46	59	40	42	35	33	35.5	29.5	55.5	37	29.5	35	41.5	14.5	44.5	46	43.5	33.5	71	20	37.5	61	35.5	31	46	30	28.5	47	39.5	28.5	52	35.5	42	43	44	31.5	27	33.5	34	30.5	59.5	39	35.5	34	48	64.5	41.5	71	67.5	46	31.5	28.5	70.5	36.5	50.5	43	20	31.5	19.5	44	70	4	33.5	51	33.5	25.5	46	48	43.5	31.5	21.5	54.5	51.5	33	20.5	32.5	30.5	63	68.5	39	62	1	23.5	27	53.5	34.5	26	38.5	33	19.5	40.5	57	76	
15	27	70.5	38.5	40.5	40.5	85	56	25.5	70.5	36	46	42	31	61.5	23	85.5	42	70.5	22.5	64	28.5	36	41.5	68	57	73.5	29.5	68	27	48.5	0	69.5	32.5	85.5	66.5	28.5	43.5	59.5	62	48	78	55.5	43	61.5	35	36	63	24.5	13	60	97.5	36.5	11	87.5	27	49.5	72.5	48.5	55	73.5	58	47	78.5	43	60.5	61.5	64.5	50	45.5	37	54.5	32	78	59.5	37	32.5	70.5	83	68	97.5	86	32.5	43	47	97	40	77	21.5	46.5	52	46	70.5	88.5	44.5	27	77.5	37	27	72.5	66.5	5	58	43	73	70	19.5	32	59	44	81.5	87	59.5	88.5	47.5	42	23.5	80	44	44.5	65	51.5	46	38	83.5	94.5	
80.5	56.5	25	33	59	55	19.5	43.5	60	25	55.5	35.5	31.5	68.5	36	76.5	20	57.5	25	57	23.5	71	45.5	58	7.5	26.5	22	70	31.5	46.5	51	69.5	0	67	44	33	71	48	40	37.5	37.5	17.5	20	42.5	38	54.5	61.5	12.5	59	56.5	39.5	42	63	80.5	22	72.5	24	27	23	44.5	34	27.5	26.5	31	52.5	15	16	29	39.5	30	46.5	39	67.5	12.5	34	62.5	47	25	17.5	31.5	42	20.5	67	56.5	36.5	37.5	49.5	27.5	56	53	41.5	51.5	29	23	55	46.5	22	46.5	72.5	27	11	74.5	41.5	56.5	12.5	9.5	80	67.5	40.5	43.5	16	21.5	34	41	52	31.5	74	19.5	53.5	29	34.5	36	51.5	57.5	36	29	
17.5	24.5	68	36	38	38	82.5	53.5	7	68	33.5	43.5	39.5	28.5	59	20.5	83	39.5	68	10	61.5	4	33.5	39	65.5	54.5	71	27	65.5	24.5	46	32.5	67	0	83	64	4	41	57	59.5	45.5	75.5	53	40.5	59	32.5	33.5	60.5	8	19.5	57.5	95	34	21.5	85	24.5	47	70	46	52.5	71	55.5	44.5	76	40.5	58	59	62	47.5	43	34.5	52	29.5	75.5	57	34.5	30	68	80.5	65.5	95	83.5	0	40.5	44.5	94.5	37.5	74.5	11	44	49.5	43.5	68	86	42	24.5	75	34.5	24.5	70	64	27.5	55.5	40.5	70.5	67.5	13	29.5	56.5	41.5	79	84.5	57	86	45	39.5	21	77.5	41.5	42	62.5	49	43.5	35.5	81	92	
70.5	88.5	45	73	51	75	30.5	41.5	90	45	79.5	69.5	71.5	76.5	54	68.5	24	57.5	21	93	51.5	79	79.5	62	47.5	58.5	24	60	33.5	86.5	59	85.5	44	83	0	27	79	72	30	27.5	67.5	37.5	60	72.5	32	80.5	51.5	52.5	91	96.5	55.5	18	57	74.5	28	72.5	64	33	63	40.5	14	57.5	66.5	19	72.5	55	54	51	65.5	70	78.5	61	67.5	37.5	56	72.5	83	45	32.5	23.5	18	29.5	83	68.5	68.5	17.5	75.5	22.5	94	47	63.5	41.5	31	21	55	86.5	38	78.5	62.5	43	49	80.5	53.5	58.5	42.5	45.5	70	57.5	44.5	71.5	34	31.5	56	3	58	71.5	64	35.5	71.5	69	30.5	64	41.5	77.5	14	31	
51.5	69.5	26	52	32	56	36.5	22.5	71	26	60.5	50.5	50.5	57.5	35	49.5	49	38.5	12	74	32.5	60	60.5	43	31.5	39.5	15	41	14.5	65.5	40	66.5	33	64	27	0	60	53	11	8.5	48.5	23.5	39	53.5	13	61.5	32.5	31.5	72	75.5	36.5	39	38	55.5	29	53.5	43	6	42	21.5	15	38.5	45.5	20	53.5	34	35	32	46.5	49	59.5	42	48.5	33.5	37	53.5	64	26	38.5	9.5	39	35.5	64	49.5	49.5	38.5	56.5	18.5	75	28	44.5	22.5	4	48	36	65.5	11	59.5	43.5	24	22	61.5	34.5	39.5	28.5	31.5	51	38.5	25.5	52.5	45	50.5	37	30	39	50.5	45	21.5	52.5	48	11.5	45	22.5	58.5	25	52	
13.5	28.5	68	40	34	38	86.5	49.5	11	68	37.5	47.5	43.5	24.5	57	16.5	87	35.5	64	14	65.5	0	37.5	35	69.5	58.5	67	23	61.5	28.5	42	28.5	71	4	79	60	0	45	53	55.5	49.5	75.5	57	44.5	55	36.5	29.5	64.5	12	23.5	53.5	91	30	17.5	81	20.5	51	66	50	48.5	67	59.5	48.5	72	40.5	62	63	64	51.5	47	38.5	54	25.5	79.5	59	30.5	34	68	84.5	61.5	91	87.5	4	36.5	48.5	90.5	41.5	70.5	15	40	51.5	39.5	64	90	38	28.5	71	38.5	20.5	66	68	23.5	51.5	36.5	74.5	71.5	9	25.5	52.5	45.5	83	88.5	59	82	41	43.5	17	73.5	39.5	46	58.5	53	39.5	35.5	77	96	
36.5	30.5	49	17	27	29	63.5	42.5	34	49	29.5	24.5	20.5	42.5	40	34.5	64	28.5	57	31	42.5	45	19.5	10	46.5	35.5	60	26	54.5	20.5	35	43.5	48	41	72	53	45	0	46	48.5	26.5	56.5	34	21.5	48	28.5	22.5	41.5	33	30.5	38.5	84	15	40.5	66	38.5	28	59	27	41.5	60	36.5	25.5	65	26.5	39	40	43	28.5	24	20.5	33	33.5	56.5	38	36.5	21	49	61.5	54.5	84	64.5	41	30.5	25.5	81.5	23.5	63.5	30	33	30.5	32.5	57	67	31	20.5	56	20.5	28.5	51	45	46.5	40.5	29.5	51.5	48.5	36	23.5	45.5	22.5	60	65.5	38	75	34	20.5	30	58.5	27.5	23	51.5	30	32.5	31.5	70	73	
44.5	62.5	15	49	25	49	39.5	15.5	64	15	53.5	43.5	47.5	50.5	28	42.5	54	31.5	15	67	25.5	53	53.5	36	36.5	32.5	18	34	12.5	62.5	33	59.5	40	57	30	11	53	46	0	6.5	41.5	26.5	34	46.5	2	54.5	25.5	31.5	65	72.5	29.5	42	31	48.5	32	46.5	40	17	39	14.5	18	31.5	42.5	23	46.5	25	24	25	39.5	44	52.5	35	41.5	36.5	30	46.5	57	15	41.5	12.5	42	38.5	57	42.5	42.5	41.5	49.5	21.5	68	21	37.5	15.5	15	51	29	62.5	22	52.5	36.5	13	33	54.5	27.5	32.5	31.5	34.5	44	31.5	18.5	45.5	48	57.5	30	33	32	47.5	38	24.5	45.5	45	9.5	38	15.5	51.5	28	55	
47	65	21.5	51.5	27.5	51.5	37	18	66.5	21.5	56	46	50	53	30.5	45	51.5	34	12.5	69.5	28	55.5	56	38.5	34	35	15.5	36.5	6	65	35.5	62	37.5	59.5	27.5	8.5	55.5	48.5	6.5	0	44	24	36.5	49	8.5	57	28	25	67.5	75	32	39.5	33.5	51	29.5	49	42.5	14.5	41.5	17	15.5	34	45	20.5	49	31.5	30.5	27.5	42	46.5	55	37.5	44	34	32.5	49	59.5	21.5	39	10	39.5	36	59.5	45	45	39	52	19	70.5	23.5	40	18	12.5	48.5	31.5	65	19.5	55	39	19.5	30.5	57	30	35	29	32	46.5	34	21	48	45.5	55	32.5	30.5	34.5	50	40.5	22	48	47.5	3	40.5	18	54	25.5	52.5	
47	35	38.5	11.5	27.5	33.5	53	38	38.5	38.5	34	2	6	47	29.5	45	53.5	34	52.5	35.5	32	49.5	24	36.5	36	25	55.5	36.5	50	25	29.5	48	37.5	45.5	67.5	48.5	49.5	26.5	41.5	44	0	46	23.5	21	43.5	33	28	31	37.5	35	28	75.5	33.5	51	55.5	49	17.5	50.5	16.5	37	55.5	26	15	60.5	31	28.5	29.5	32.5	2	13.5	25	22.5	44	46	27.5	41	25.5	38.5	51	50	75.5	54	45.5	35	1	71	28	59	34.5	28.5	4	28	52.5	56.5	31.5	25	45.5	25	39	40.5	34.5	53	30	35	41	38	46.5	34	39	22	49.5	55	27.5	70.5	30.5	6	40.5	48	32	12.5	47	19.5	28	36	65.5	62.5	
67	65	33.5	41.5	47.5	63.5	33	38	68.5	33.5	64	44	40	73	44.5	65	33.5	54	22.5	65.5	32	75.5	54	58.5	10	35	25.5	56.5	30	55	55.5	78	17.5	75.5	37.5	23.5	75.5	56.5	26.5	24	46	0	28.5	51	28.5	63	48	21	67.5	65	48	49.5	53.5	71	35.5	69	32.5	29.5	31.5	37	25.5	36	35	30.5	61	23.5	24.5	37.5	48	38.5	55	47.5	64	26	42.5	69	55.5	33.5	31	14	49.5	34	75.5	65	45	49	58	29	64.5	43.5	50	38	27.5	36.5	51.5	55	30.5	55	59	35.5	19.5	77	50	55	5	8	66.5	54	41	52	29.5	35	42.5	40.5	54.5	40	60.5	2	62	37.5	27	44.5	38	66	35.5	42.5	
64.5	42.5	21	19	45	41	35.5	29.5	46	21	41.5	21.5	17.5	54.5	22	62.5	36	43.5	45	43	14.5	57	31.5	44	18.5	12.5	42	54	32.5	32.5	37	55.5	20	53	60	39	57	34	34	36.5	23.5	28.5	0	28.5	34	40.5	45.5	13.5	45	42.5	25.5	58	49	66.5	38	58.5	10	33	9	30.5	48	13.5	12.5	47	38.5	11	12	9	25.5	16	32.5	25	53.5	28.5	20	48.5	33	21	33.5	42.5	58	36.5	53	42.5	22.5	53.5	35.5	43.5	42	39	27.5	35.5	35	39	41	32.5	28	32.5	56.5	23	17	60.5	27.5	42.5	23.5	20.5	64	51.5	26.5	29.5	32	37.5	20	57	38	17.5	58	30.5	39.5	15	35.5	22	35.5	43.5	52	45	
42	30	43.5	11.5	27.5	28.5	58	43	33.5	43.5	29	19	15	42	34.5	40	58.5	15	57.5	30.5	37	44.5	19	31.5	41	30	60.5	31.5	55	20	29.5	43	42.5	40.5	72.5	53.5	44.5	21.5	46.5	49	21	51	28.5	0	48.5	28	21	36	32.5	30	33	80.5	28.5	46	60.5	44	22.5	55.5	21.5	42	60.5	31	20	65.5	26	33.5	34.5	37.5	23	18.5	20	27.5	39	51	32.5	36	20.5	43.5	56	55	80.5	59	40.5	30	20	76	23	64	29.5	33.5	25	33	57.5	61.5	31.5	20	50.5	20	34	45.5	39.5	48	35	14	46	43	41.5	29	44	1	54.5	60	32.5	75.5	30.5	15	35.5	53	27	17.5	52	24.5	33	31	70.5	67.5	
46.5	64.5	13	47	27	51	41.5	17.5	66	13	55.5	45.5	45.5	52.5	30	44.5	54	33.5	17	69	27.5	55	55.5	38	36.5	34.5	20	36	14.5	60.5	35	61.5	38	59	32	13	55	48	2	8.5	43.5	28.5	34	48.5	0	56.5	27.5	31.5	67	70.5	31.5	44	33	50.5	34	48.5	38	19	37	16.5	20	33.5	40.5	25	48.5	23	22	27	41.5	44	54.5	37	43.5	38.5	32	48.5	59	13	43.5	14.5	44	40.5	59	44.5	44.5	43.5	51.5	23.5	70	23	39.5	17.5	17	53	31	60.5	24	54.5	38.5	11	35	56.5	29.5	34.5	33.5	36.5	46	33.5	20.5	47.5	50	55.5	32	35	34	45.5	40	26.5	47.5	43	11.5	40	17.5	53.5	30	57	
30	22	55.5	23.5	35.5	25.5	70	51	25.5	55.5	1	31	27	34	46.5	28	70.5	37	65.5	22.5	49	36.5	21	36.5	53	42	68.5	24.5	63	8	41.5	35	54.5	32.5	80.5	61.5	36.5	28.5	54.5	57	33	63	40.5	28	56.5	0	31	48	24.5	22	45	92.5	31.5	34	72.5	32	34.5	67.5	33.5	50	68.5	43	32	73.5	28	45.5	46.5	49.5	35	30.5	22	39.5	13	63	44.5	8	17.5	55.5	68	63	92.5	71	32.5	32	32	88	25	72	21.5	41.5	37	41	65.5	73.5	39.5	8	62.5	22	18	57.5	51.5	40	47	38	58	55	29.5	27	54	29	66.5	72	44.5	83.5	42.5	27	23.5	65	29	29.5	60	36.5	41	3	78.5	79.5	
21	39	40.5	32.5	6.5	25.5	61	22	40.5	40.5	30	30	34	27	29.5	19	75.5	6	36.5	43.5	42	29.5	30	12.5	58	39	39.5	10.5	34	39	14.5	36	61.5	33.5	51.5	32.5	29.5	22.5	25.5	28	28	48	45.5	21	27.5	31	0	53	41.5	49	26	63.5	7.5	25	53.5	23	41.5	38.5	42.5	21	39.5	38	39	44.5	23	50.5	49.5	36.5	26	35.5	29	26.5	18	58	31.5	23	33.5	40.5	63	34	63.5	60	33.5	19	29	63	26	43	44.5	12.5	24	12	36.5	72.5	10.5	39	43.5	29	13	38.5	54.5	31	24	7	53	56	20.5	8	25	20	69.5	79	31.5	54.5	13.5	34	14.5	46	22	36.5	31	29.5	12	28	49.5	76.5	
72	50	18.5	26.5	52.5	48.5	28	37	53.5	18.5	49	29	25	62	29.5	70	28.5	51	37.5	50.5	17	64.5	39	51.5	11	20	34.5	61.5	19	40	44.5	63	12.5	60.5	52.5	31.5	64.5	41.5	31.5	25	31	21	13.5	36	31.5	48	53	0	52.5	50	33	50.5	56.5	74	30.5	66	17.5	25.5	16.5	38	40.5	21	20	39.5	46	8.5	9.5	22.5	33	23.5	40	32.5	61	21	27.5	56	40.5	18.5	26	35	50.5	29	60.5	50	30	46	43	36	49.5	46.5	35	43	27.5	31.5	48.5	40	20.5	40	64	20.5	9.5	68	35	50	16	13	71.5	59	34	37	24.5	30	27.5	49.5	45.5	25	65.5	23	47	22.5	22	29.5	43	51	44.5	37.5	
25.5	16.5	60	28	46	30	74.5	61.5	1	60	25.5	35.5	31.5	28.5	51	28.5	75	47.5	76	2	53.5	12	25.5	43	57.5	46.5	79	35	71.5	16.5	46	24.5	59	8	91	72	12	33	65	67.5	37.5	67.5	45	32.5	67	24.5	41.5	52.5	0	11.5	49.5	97	42	29.5	77	32.5	39	72	38	60.5	79	47.5	36.5	84	32.5	50	51	54	39.5	35	26.5	44	37.5	67.5	49	32.5	22	60	72.5	73.5	97	75.5	8	36.5	36.5	92.5	29.5	82.5	3	52	41.5	51.5	74	78	50	16.5	67	26.5	32.5	62	56	29.5	51.5	46.5	62.5	59.5	21	37.5	60.5	33.5	71	76.5	49	94	47	31.5	29	69.5	33.5	34	70.5	41	51.5	27.5	89	84	
28	14	57.5	25.5	51.5	27.5	72	61	12.5	57.5	23	33	29	26	48.5	34	72.5	45	81.5	9.5	51	23.5	23	40.5	55	44	78.5	42.5	69	14	43.5	13	56.5	19.5	96.5	75.5	23.5	30.5	72.5	75	35	65	42.5	30	70.5	22	49	50	11.5	0	47	94.5	45.5	24	74.5	30	36.5	69.5	35.5	62	86.5	45	34	83.5	30	47.5	48.5	51.5	37	32.5	24	41.5	35	65	46.5	30	19.5	57.5	70	79	94.5	73	19.5	34	34	90	27	80	8.5	55.5	39	59	71.5	75.5	47.5	14	64.5	24	40	59.5	53.5	18	49	44	60	57	32.5	45	58	31	68.5	74	46.5	93.5	44.5	29	36.5	67	31	31.5	72	38.5	59	25	88.5	81.5	
45	47	40.5	23.5	25.5	45.5	55	26	50.5	40.5	46	26	22	51	31.5	43	55.5	32	40.5	47.5	34	53.5	36	36.5	38	27	43.5	34.5	38	37	33.5	60	39.5	57.5	55.5	36.5	53.5	38.5	29.5	32	28	48	25.5	33	31.5	45	26	33	49.5	47	0	67.5	31.5	49	57.5	47	19.5	42.5	18.5	25	43.5	28	13	48.5	43	30.5	31.5	34.5	30	20.5	37	29.5	42	48	29.5	47	37.5	40.5	53	38	67.5	56	57.5	43	27	67	40	47	46.5	21.5	32	14	40.5	58.5	29.5	37	47.5	37	37	42.5	36.5	55	2	33	43	40	44.5	32	29	34	51.5	57	29.5	58.5	32.5	22	38.5	50	44	19.5	35	26.5	14	48	53.5	64.5	
82.5	94.5	57	71	63	87	42.5	53.5	98	57	91.5	73.5	69.5	88.5	66	80.5	28	69.5	33	95	61.5	91	83.5	74	45.5	64.5	36	72	45.5	84.5	71	97.5	42	95	18	39	91	84	42	39.5	75.5	49.5	58	80.5	44	92.5	63.5	50.5	97	94.5	67.5	0	69	86.5	40	84.5	62	45	61	52.5	26	65.5	64.5	31	84.5	53	54	63	77.5	68	84.5	73	79.5	45.5	68	84.5	85	57	40.5	35.5	0	41.5	95	80.5	74.5	24.5	87.5	34.5	94	59	75.5	53.5	43	31	67	84.5	50	84.5	74.5	55	49	92.5	65.5	70.5	50.5	47.5	82	69.5	56.5	81.5	34	24.5	68	21	70	69.5	76	47.5	83.5	67	42.5	74	53.5	89.5	26	13	
21.5	39.5	46	32	12	26	66.5	27.5	41	46	30.5	35.5	35.5	27.5	35	19.5	79	13.5	42	44	47.5	30	30.5	5	61.5	44.5	45	11	39.5	35.5	20	36.5	63	34	57	38	30	15	31	33.5	33.5	53.5	49	28.5	33	31.5	7.5	56.5	42	45.5	31.5	69	0	25.5	59	23.5	43	44	42	26.5	45	43.5	40.5	50	23.5	54	55	42	31.5	39	29.5	32	18.5	63.5	37	23.5	34	46	68.5	39.5	69	65.5	34	19.5	34.5	68.5	26.5	48.5	45	18	29.5	17.5	42	78	16	35.5	49	29.5	13.5	44	60	31.5	29.5	14.5	58.5	61.5	21	8.5	30.5	27.5	75	80.5	37	60	19	35.5	15	51.5	22.5	38	36.5	35	17.5	28.5	55	82	
4	32	63.5	49.5	29.5	33.5	84	45	28.5	63.5	33	53	53	20	52.5	12	96.5	31	59.5	31.5	65	17.5	43	30.5	79	62	62.5	18.5	57	38	37.5	11	80.5	21.5	74.5	55.5	17.5	40.5	48.5	51	51	71	66.5	46	50.5	34	25	74	29.5	24	49	86.5	25.5	0	76.5	16	60.5	61.5	59.5	44	62.5	61	58	67.5	36	71.5	72.5	59.5	49	56.5	42	49.5	21	81	54.5	26	41.5	63.5	86	57	86.5	83	21.5	32	52	86	39	66	32.5	35.5	47	35	59.5	95.5	33.5	38	66.5	42	16	61.5	77.5	6	47	32	76	79	8.5	21	48	45	92.5	98	54.5	77.5	36.5	53	12.5	69	35	55.5	54	52.5	35	31	72.5	99.5	
72.5	74.5	43	51	53	73	27.5	43.5	78	43	73.5	53.5	49.5	78.5	54	70.5	28	59.5	23	75	41.5	81	63.5	64	25.5	44.5	26	62	35.5	64.5	61	87.5	22	85	28	29	81	66	32	29.5	55.5	35.5	38	60.5	34	72.5	53.5	30.5	77	74.5	57.5	40	59	76.5	0	74.5	42	35	41	42.5	14	45.5	44.5	9	70.5	33	34	47	57.5	48	64.5	57	69.5	25.5	52	74.5	65	43	25.5	25.5	40	28.5	85	70.5	54.5	39.5	67.5	24.5	74	49	59.5	43.5	33	31	57	64.5	40	64.5	64.5	45	29	82.5	55.5	60.5	30.5	27.5	72	59.5	46.5	61.5	24	29.5	52	31	60	49.5	66	37.5	71.5	47	32.5	54	43.5	75.5	26	37	
12	16	61.5	41.5	27.5	31.5	82	43	31.5	61.5	31	49	45	4	50.5	4	88.5	29	57.5	30.5	63	20.5	39	28.5	71	60	60.5	16.5	55	30	35.5	27	72.5	24.5	72.5	53.5	20.5	38.5	46.5	49	49	69	58.5	44	48.5	32	23	66	32.5	30	47	84.5	23.5	16	74.5	0	52.5	59.5	51.5	42	60.5	59	50	65.5	34	63.5	64.5	57.5	47	48.5	40	47.5	19	79	52.5	24	35.5	61.5	84	55	84.5	81	24.5	30	50	84	37	64	29.5	33.5	45	33	57.5	91.5	31.5	30	64.5	40	14	59.5	69.5	22	45	30	74	73	11.5	19	46	43	84.5	90	52.5	75.5	34.5	45	10.5	67	33	47.5	52	50.5	33	29	70.5	97.5	
60.5	36.5	25	13	39	35	39.5	28.5	40	25	35.5	15.5	11.5	48.5	12	56.5	40	37.5	49	37	18.5	51	25.5	38	22.5	11.5	46	50	36.5	26.5	31	49.5	24	47	64	43	51	28	40	42.5	17.5	32.5	10	22.5	38	34.5	41.5	17.5	39	36.5	19.5	62	43	60.5	42	52.5	0	37	1	29.5	54	12.5	6.5	51	32.5	15	16	19	19.5	10	26.5	19	47.5	32.5	10	42.5	27	25	37.5	46.5	62	40.5	47	36.5	16.5	57.5	29.5	47.5	36	33	21.5	31.5	39	43	35	26.5	32	26.5	52.5	27	21	54.5	21.5	36.5	27.5	24.5	60	47.5	25.5	23.5	36	41.5	10	61	32	11.5	54	34.5	33.5	9	39.5	16	31.5	37.5	56	49	
57.5	69.5	32	46	38	62	42.5	28.5	73	32	66.5	48.5	44.5	63.5	41	55.5	43	44.5	18	70	36.5	66	58.5	49	25.5	39.5	21	47	20.5	59.5	46	72.5	27	70	33	6	66	59	17	14.5	50.5	29.5	33	55.5	19	67.5	38.5	25.5	72	69.5	42.5	45	44	61.5	35	59.5	37	0	36	27.5	21	40.5	39.5	26	59.5	28	29	38	52.5	43	59.5	48	54.5	35.5	43	59.5	60	32	40.5	15.5	45	41.5	70	55.5	49.5	44.5	62.5	24.5	69	34	50.5	28.5	2	46	42	59.5	5	59.5	49.5	30	16	67.5	40.5	45.5	30.5	27.5	57	44.5	31.5	56.5	39	44.5	43	36	45	44.5	51	27.5	58.5	42	17.5	49	28.5	64.5	31	52	
61.5	35.5	24	12	38	34	38.5	27.5	39	24	34.5	14.5	10.5	47.5	13	55.5	39	36.5	48	36	17.5	50	24.5	37	21.5	10.5	45	49	35.5	25.5	30	48.5	23	46	63	42	50	27	39	41.5	16.5	31.5	9	21.5	37	33.5	42.5	16.5	38	35.5	18.5	61	42	59.5	41	51.5	1	36	0	28.5	55	11.5	5.5	50	31.5	14	15	18	18.5	9	25.5	18	46.5	31.5	11	41.5	26	24	36.5	45.5	61	39.5	46	35.5	15.5	56.5	28.5	46.5	35	32	20.5	32.5	38	42	34	25.5	31	25.5	51.5	26	20	53.5	20.5	35.5	26.5	23.5	59	46.5	24.5	22.5	35	40.5	11	60	31	10.5	55	33.5	32.5	8	38.5	15	32.5	36.5	55	48	
40	58	29.5	38.5	20.5	44.5	50	1	59.5	29.5	49	39	37	46	23.5	38	60.5	27	25.5	62.5	31	48.5	49	31.5	43	18	28.5	29.5	23	52	28.5	55	44.5	52.5	40.5	21.5	48.5	41.5	14.5	17	37	37	30.5	42	16.5	50	21	38	60.5	62	25	52.5	26.5	44	42.5	42	29.5	27.5	28.5	0	28.5	17	32	33.5	42	35.5	36.5	25.5	35	35.5	48	30.5	37	47	25.5	42	52.5	29.5	52	23	52.5	49	52.5	38	38	52	45	32	61.5	16.5	33	11	25.5	61.5	24.5	52	32.5	48	32	27.5	41.5	50	23	28	42	45	39.5	27	4	41	56.5	62	25.5	43.5	27.5	37	33.5	35	41	34.5	20	33.5	11	47	38.5	65.5	
58.5	76.5	33	65	39	63	23.5	29.5	78	33	67.5	57.5	61.5	64.5	42	56.5	38	45.5	9	81	39.5	67	67.5	50	35.5	46.5	12	48	21.5	76.5	47	73.5	34	71	14	15	67	60	18	15.5	55.5	25.5	48	60.5	20	68.5	39.5	40.5	79	86.5	43.5	26	45	62.5	14	60.5	54	21	55	28.5	0	45.5	56.5	5	60.5	43	42	39	53.5	58	66.5	49	55.5	25.5	44	60.5	71	33	25.5	11.5	26	22.5	71	56.5	56.5	25.5	63.5	10.5	82	35	51.5	29.5	19	35	43	76.5	26	66.5	50.5	31	37	68.5	41.5	46.5	30.5	33.5	58	45.5	32.5	59.5	32	41.5	44	17	46	61.5	52	23.5	59.5	59	18.5	52	29.5	65.5	12	39	
57	45	28.5	21.5	37.5	43.5	43	16	48.5	28.5	44	24	20	57	24.5	55	43.5	44	42.5	45.5	22	59.5	34	46.5	26	1	45.5	46.5	40	35	39.5	58	27.5	55.5	57.5	38.5	59.5	36.5	31.5	34	26	36	13.5	31	33.5	43	38	21	47.5	45	28	65.5	43.5	61	45.5	59	12.5	40.5	11.5	17	45.5	0	15	50.5	41	18.5	19.5	22.5	28	18.5	35	27.5	54	36	22.5	51	35.5	28.5	41	40	65.5	44	55.5	45	25	61	38	49	44.5	33.5	30	28	42.5	46.5	41.5	35	35.5	35	49	30.5	24.5	63	30	45	31	28	56.5	44	13	32	39.5	45	22.5	60.5	40.5	20	50.5	38	42	17.5	37	24.5	28	46	55.5	52.5	
58	34	27.5	10.5	36.5	32.5	42	31	37.5	27.5	33	13	9	46	18.5	54	42.5	35	51.5	34.5	21	48.5	23	35.5	25	14	48.5	47.5	39	24	28.5	47	26.5	44.5	66.5	45.5	48.5	25.5	42.5	45	15	35	12.5	20	40.5	32	39	20	36.5	34	13	64.5	40.5	58	44.5	50	6.5	39.5	5.5	32	56.5	15	0	53.5	30	17.5	18.5	21.5	17	7.5	24	16.5	45	35	16.5	40	24.5	27.5	40	49	64.5	43	44.5	34	14	60	27	50	33.5	30.5	19	27	41.5	45.5	32.5	24	34.5	24	50	29.5	23.5	52	15	34	30	27	57.5	45	28	21	38.5	44	16.5	63.5	29.5	9	51.5	37	31	6.5	42	13.5	27	35	58.5	51.5	
63.5	81.5	38	60	44	68	28.5	34.5	83	38	72.5	62.5	58.5	69.5	47	61.5	37	50.5	14	84	44.5	72	72.5	55	34.5	51.5	17	53	26.5	73.5	52	78.5	31	76	19	20	72	65	23	20.5	60.5	30.5	47	65.5	25	73.5	44.5	39.5	84	83.5	48.5	31	50	67.5	9	65.5	51	26	50	33.5	5	50.5	53.5	0	65.5	42	43	44	58.5	57	71.5	54	60.5	30.5	49	65.5	74	38	30.5	16.5	31	27.5	76	61.5	61.5	30.5	68.5	15.5	83	40	56.5	34.5	24	40	48	73.5	31	71.5	55.5	36	38	73.5	46.5	51.5	35.5	36.5	63	50.5	37.5	64.5	33	38.5	49	22	51	58.5	57	28.5	64.5	56	23.5	57	34.5	70.5	17	44	
32	30	53.5	21.5	27.5	28.5	68	43	33.5	53.5	29	29	25	38	44.5	30	68.5	29	57.5	30.5	47	40.5	7	28.5	51	40	60.5	21.5	55	20	35.5	43	52.5	40.5	72.5	53.5	40.5	26.5	46.5	49	31	61	38.5	26	48.5	28	23	46	32.5	30	43	84.5	23.5	36	70.5	34	32.5	59.5	31.5	42	60.5	41	30	65.5	0	43.5	44.5	47.5	33	28.5	6	37.5	29	61	42.5	34	20.5	53.5	66	55	84.5	69	40.5	4	30	84	3	64	29.5	33.5	35	33	57.5	71.5	31.5	20	60.5	6	24	55.5	49.5	42	45	30	56	53	31.5	15	46	27	64.5	70	42.5	75.5	34.5	25	25.5	63	1	27.5	52	34.5	33	31	70.5	77.5	
69.5	47.5	10	24	50	46	30.5	34.5	51	10	46.5	26.5	22.5	59.5	27	67.5	31	48.5	40	48	14.5	62	36.5	49	13.5	17.5	37	59	27.5	37.5	42	60.5	15	58	55	34	62	39	25	31.5	28.5	23.5	11	33.5	23	45.5	50.5	8.5	50	47.5	30.5	53	54	71.5	33	63.5	15	28	14	35.5	43	18.5	17.5	42	43.5	0	1	20	30.5	21	37.5	30	58.5	23.5	25	53.5	38	10	28.5	37.5	53	31.5	58	47.5	27.5	48.5	40.5	38.5	47	44	32.5	40.5	30	34	46	37.5	23	37.5	61.5	12	12	65.5	32.5	47.5	18.5	15.5	69	56.5	31.5	34.5	27	32.5	25	52	43	22.5	63	25.5	44.5	20	30.5	27	40.5	48.5	47	40	
68.5	48.5	9	25	49	47	31.5	35.5	52	9	47.5	27.5	23.5	60.5	28	66.5	32	49.5	39	49	15.5	63	37.5	50	14.5	18.5	38	58	28.5	38.5	43	61.5	16	59	54	35	63	40	24	30.5	29.5	24.5	12	34.5	22	46.5	49.5	9.5	51	48.5	31.5	54	55	72.5	34	64.5	16	29	15	36.5	42	19.5	18.5	43	44.5	1	0	21	31.5	22	38.5	31	59.5	24.5	26	54.5	39	9	29.5	36.5	54	32.5	59	48.5	28.5	49.5	41.5	39.5	48	45	33.5	39.5	31	35	47	38.5	24	38.5	60.5	11	13	66.5	33.5	48.5	19.5	16.5	68	55.5	32.5	35.5	28	33.5	26	53	44	23.5	62	26.5	45.5	21	31.5	28	39.5	49.5	48	41	
55.5	51.5	30	28	36	50	44.5	26.5	55	30	50.5	30.5	26.5	61.5	31	53.5	45	42.5	36	52	23.5	64	40.5	47	27.5	21.5	39	45	33.5	41.5	44	64.5	29	62	51	32	64	43	25	27.5	32.5	37.5	9	37.5	27	49.5	36.5	22.5	54	51.5	34.5	63	42	59.5	47	57.5	19	38	18	25.5	39	22.5	21.5	44	47.5	20	21	0	34.5	25	41.5	34	52.5	37.5	29	57.5	42	30	42.5	33.5	63	45.5	62	51.5	31.5	62.5	44.5	42.5	51	32	36.5	26.5	36	48	40	41.5	37	41.5	47.5	32	26	65.5	36.5	43.5	32.5	29.5	55	42.5	29.5	38.5	41	46.5	29	54	43	26.5	49	39.5	48.5	24	30.5	31	26.5	52.5	49	54	
45	37	40.5	13.5	25.5	35.5	55	36	40.5	40.5	36	4	8	49	31.5	43	55.5	32	50.5	37.5	34	51.5	26	36.5	38	27	53.5	34.5	48	27	31.5	50	39.5	47.5	65.5	46.5	51.5	28.5	39.5	42	2	48	25.5	23	41.5	35	26	33	39.5	37	30	77.5	31.5	49	57.5	47	19.5	52.5	18.5	35	53.5	28	17	58.5	33	30.5	31.5	34.5	0	15.5	27	24.5	42	48	29.5	43	27.5	40.5	53	48	77.5	56	47.5	37	3	73	30	57	36.5	26.5	2	26	50.5	58.5	29.5	27	47.5	27	37	42.5	36.5	55	32	33	43	40	44.5	32	39	24	51.5	57	29.5	68.5	32.5	8	38.5	50	34	14.5	45	21.5	26	38	63.5	64.5	
54.5	32.5	31	9	35	31	45.5	34.5	36	31	31.5	11.5	7.5	44.5	22	52.5	46	33.5	55	33	24.5	47	21.5	34	28.5	17.5	52	44	42.5	22.5	27	45.5	30	43	70	49	47	24	44	46.5	13.5	38.5	16	18.5	44	30.5	35.5	23.5	35	32.5	20.5	68	39	56.5	48	48.5	10	43	9	35.5	58	18.5	7.5	57	28.5	21	22	25	15.5	0	22.5	9	43.5	38.5	20	38.5	23	31	43.5	52.5	68	46.5	43	32.5	12.5	63.5	25.5	53.5	32	23	17.5	30.5	45	49	31	22.5	38	22.5	46.5	33	27	50.5	22.5	32.5	33.5	30.5	54	41.5	31.5	19.5	42	47.5	20	67	28	7.5	48	40.5	29.5	1	45.5	6	30.5	33.5	62	55	
38	24	47.5	15.5	33.5	22.5	62	49	27.5	47.5	23	23	19	36	38.5	36	62.5	35	63.5	24.5	41	38.5	1	30.5	45	34	66.5	27.5	59	14	33.5	37	46.5	34.5	78.5	59.5	38.5	20.5	52.5	55	25	55	32.5	20	54.5	22	29	40	26.5	24	37	84.5	29.5	42	64.5	40	26.5	59.5	25.5	48	66.5	35	24	71.5	6	37.5	38.5	41.5	27	22.5	0	31.5	35	55	36.5	30	14.5	47.5	60	61	84.5	63	34.5	10	24	80	3	70	23.5	39.5	29	39	61.5	65.5	37.5	14	54.5	0	30	49.5	43.5	42	39	34	50	47	37.5	21	48	21	58.5	64	36.5	81.5	34.5	19	31.5	57	7	21.5	58	28.5	39	25	76.5	71.5	
45.5	41.5	40	18	26	40	54.5	31.5	45	40	40.5	20.5	16.5	51.5	31	43.5	55	32.5	46	42	33.5	54	30.5	37	37.5	26.5	49	35	43.5	31.5	34	54.5	39	52	61	42	54	33	35	37.5	22.5	47.5	25	27.5	37	39.5	26.5	32.5	44	41.5	29.5	73	32	49.5	57	47.5	19	48	18	30.5	49	27.5	16.5	54	37.5	30	31	34	24.5	9	31.5	0	42.5	47.5	29	47.5	32	40	52.5	43.5	73	55.5	52	41.5	21.5	72.5	34.5	52.5	41	14	26.5	21.5	46	58	30	31.5	47	31.5	37.5	42	36	55.5	31.5	33.5	42.5	39.5	45	32.5	34.5	28.5	51	56.5	29	64	33	16.5	39	49.5	38.5	10	40.5	3	21.5	42.5	59	64	
17	35	56.5	36.5	22.5	26.5	77	38	36.5	56.5	12	44	40	23	45.5	15	83.5	24	52.5	35.5	58	25.5	34	23.5	66	55	55.5	11.5	50	21	30.5	32	67.5	29.5	67.5	48.5	25.5	33.5	41.5	44	44	64	53.5	39	43.5	13	18	61	37.5	35	42	79.5	18.5	21	69.5	19	47.5	54.5	46.5	37	55.5	54	45	60.5	29	58.5	59.5	52.5	42	43.5	35	42.5	0	74	47.5	5	30.5	56.5	79	50	79.5	76	29.5	25	45	79	32	59	34.5	28.5	40	28	52.5	86.5	26.5	21	59.5	35	5	54.5	64.5	27	40	25	69	68	16.5	14	41	38	79.5	85	47.5	70.5	29.5	40	10.5	62	28	42.5	47	45.5	28	10	65.5	92.5	
77	65	33.5	41.5	57.5	63.5	23	48	68.5	33.5	64	44	40	77	44.5	75	23.5	64	27.5	65.5	32	79.5	54	66.5	16	35	30.5	66.5	40	55	59.5	78	12.5	75.5	37.5	33.5	79.5	56.5	36.5	34	46	26	28.5	51	38.5	63	58	21	67.5	65	48	45.5	63.5	81	25.5	79	32.5	35.5	31.5	47	25.5	36	35	30.5	61	23.5	24.5	37.5	48	38.5	55	47.5	74	0	42.5	71	55.5	33.5	21	30	45.5	24	75.5	65	45	41	58	15	64.5	53.5	50	48	37.5	26.5	61.5	55	30.5	55	69	35.5	19.5	83	50	65	21	18	76.5	64	49	52	19.5	25	42.5	40.5	60.5	40	70.5	28	62	37.5	37	44.5	48	66	35.5	32.5	
50.5	46.5	35	23	31	45	49.5	26.5	50	35	45.5	25.5	21.5	56.5	2	48.5	50	37.5	41	47	28.5	59	35.5	42	32.5	21.5	44	40	38.5	36.5	39	59.5	34	57	56	37	59	38	30	32.5	27.5	42.5	20	32.5	32	44.5	31.5	27.5	49	46.5	29.5	68	37	54.5	52	52.5	10	43	11	25.5	44	22.5	16.5	49	42.5	25	26	29	29.5	20	36.5	29	47.5	42.5	0	52.5	37	35	47.5	38.5	68	50.5	57	46.5	26.5	67.5	39.5	47.5	46	27	31.5	21.5	41	53	35	36.5	42	36.5	42.5	37	31	60.5	31.5	38.5	37.5	34.5	50	37.5	29.5	33.5	46	51.5	0	59	38	21.5	44	44.5	43.5	19	35.5	26	21.5	47.5	54	59	
22	30	61.5	31.5	27.5	31.5	78	43	33.5	61.5	7	39	35	28	50.5	20	78.5	29	57.5	30.5	57	30.5	29	28.5	61	50	60.5	16.5	55	16	35.5	37	62.5	34.5	72.5	53.5	30.5	36.5	46.5	49	41	69	48.5	36	48.5	8	23	56	32.5	30	47	84.5	23.5	26	74.5	24	42.5	59.5	41.5	42	60.5	51	40	65.5	34	53.5	54.5	57.5	43	38.5	30	47.5	5	71	52.5	0	25.5	61.5	76	55	84.5	79	34.5	30	40	84	33	64	29.5	33.5	45	33	57.5	81.5	31.5	16	64.5	30	10	59.5	59.5	32	45	30	66	63	21.5	19	46	37	74.5	80	52.5	75.5	34.5	35	15.5	67	33	37.5	52	44.5	33	5	70.5	87.5	
37.5	19.5	48	16	38	8	62.5	51.5	23	48	18.5	23.5	19.5	31.5	39	35.5	63	35.5	68	20	41.5	34	13.5	31	45.5	34.5	69	23	59.5	9.5	34	32.5	47	30	83	64	34	21	57	59.5	25.5	55.5	33	20.5	59	17.5	33.5	40.5	22	19.5	37.5	85	34	41.5	65	35.5	27	60	26	52.5	71	35.5	24.5	74	20.5	38	39	42	27.5	23	14.5	32	30.5	55.5	37	25.5	0	48	60.5	65.5	85	63.5	30	24.5	24.5	80.5	17.5	70.5	19	44	29.5	43.5	62	66	38	9.5	55	14.5	29.5	50	44	37.5	39.5	34.5	50.5	47.5	37	29.5	48.5	21.5	59	64.5	37	84	35	19.5	31	57.5	21.5	22	62.5	29	43.5	20.5	79	72	
59.5	57.5	0	34	40	56	40.5	30.5	61	0	56.5	36.5	32.5	65.5	37	57.5	41	46.5	30	58	24.5	68	46.5	51	23.5	27.5	33	49	27.5	47.5	48	70.5	25	68	45	26	68	49	15	21.5	38.5	33.5	21	43.5	13	55.5	40.5	18.5	60	57.5	40.5	57	46	63.5	43	61.5	25	32	24	29.5	33	28.5	27.5	38	53.5	10	9	30	40.5	31	47.5	40	56.5	33.5	35	61.5	48	0	38.5	27.5	57	41.5	68	57.5	37.5	56.5	50.5	36.5	57	36	42.5	30.5	30	44	44	47.5	33	47.5	51.5	2	22	69.5	42.5	47.5	28.5	25.5	59	46.5	33.5	44.5	37	42.5	35	48	47	32.5	53	35.5	54.5	30	24.5	37	30.5	58.5	43	50	
82	70	38.5	46.5	62.5	68.5	2	53	73.5	38.5	69	49	45	82	49.5	80	18.5	69	32.5	70.5	37	84.5	59	71.5	21	40	35.5	71.5	45	60	64.5	83	17.5	80.5	32.5	38.5	84.5	61.5	41.5	39	51	31	33.5	56	43.5	68	63	26	72.5	70	53	40.5	68.5	86	25.5	84	37.5	40.5	36.5	52	25.5	41	40	30.5	66	28.5	29.5	42.5	53	43.5	60	52.5	79	21	47.5	76	60.5	38.5	0	35	40.5	3	80.5	70	50	36	63	34	69.5	58.5	55	53	42.5	21.5	66.5	60	35.5	60	74	40.5	24.5	88	55	70	26	23	81.5	69	54	57	14.5	20	47.5	35.5	65.5	45	75.5	33	67	42.5	42	49.5	53	71	30.5	27.5	
53	71	27.5	55.5	33.5	57.5	33	24	72.5	27.5	62	52	54	59	36.5	51	47.5	40	8.5	75.5	34	61.5	62	44.5	24	41	11.5	42.5	16	69	41.5	68	31.5	65.5	23.5	9.5	61.5	54.5	12.5	10	50	14	42.5	55	14.5	63	34	35	73.5	79	38	35.5	39.5	57	25.5	55	46.5	15.5	45.5	23	11.5	40	49	16.5	55	37.5	36.5	33.5	48	52.5	61	43.5	50	30	38.5	55	65.5	27.5	35	0	35.5	32	65.5	51	51	35	58	15	76.5	29.5	46	24	13.5	44.5	37.5	69	20.5	61	45	25.5	31.5	63	36	41	19	22	52.5	40	27	54	41.5	49	38.5	26.5	40.5	54	46.5	12	54	51.5	13	46.5	24	60	21.5	48.5	
82.5	94.5	57	71	63	87	42.5	53.5	98	57	91.5	73.5	69.5	88.5	66	80.5	28	69.5	33	95	61.5	91	83.5	74	45.5	64.5	36	72	45.5	84.5	71	97.5	42	95	18	39	91	84	42	39.5	75.5	49.5	58	80.5	44	92.5	63.5	50.5	97	94.5	67.5	0	69	86.5	40	84.5	62	45	61	52.5	26	65.5	64.5	31	84.5	53	54	63	77.5	68	84.5	73	79.5	45.5	68	84.5	85	57	40.5	35.5	0	41.5	95	80.5	74.5	24.5	87.5	34.5	94	59	75.5	53.5	43	31	67	84.5	50	84.5	74.5	55	49	92.5	65.5	70.5	50.5	47.5	82	69.5	56.5	81.5	34	24.5	68	21	70	69.5	76	47.5	83.5	67	42.5	74	53.5	89.5	26	13	
79	73	41.5	49.5	59.5	71.5	1	50	76.5	41.5	72	52	48	85	52.5	77	21.5	66	29.5	73.5	40	87.5	62	70.5	24	43	32.5	68.5	42	63	67.5	86	20.5	83.5	29.5	35.5	87.5	64.5	38.5	36	54	34	36.5	59	40.5	71	60	29	75.5	73	56	41.5	65.5	83	28.5	81	40.5	41.5	39.5	49	22.5	44	43	27.5	69	31.5	32.5	45.5	56	46.5	63	55.5	76	24	50.5	79	63.5	41.5	3	32	41.5	0	83.5	73	53	39	66	31	72.5	55.5	58	50	39.5	24.5	63.5	63	38.5	63	71	43.5	27.5	89	58	67	29	26	78.5	66	53	60	17.5	23	50.5	32.5	66.5	48	72.5	36	70	45.5	39	52.5	50	74	27.5	30.5	
17.5	24.5	68	36	38	38	82.5	53.5	7	68	33.5	43.5	39.5	28.5	59	20.5	83	39.5	68	10	61.5	4	33.5	39	65.5	54.5	71	27	65.5	24.5	46	32.5	67	0	83	64	4	41	57	59.5	45.5	75.5	53	40.5	59	32.5	33.5	60.5	8	19.5	57.5	95	34	21.5	85	24.5	47	70	46	52.5	71	55.5	44.5	76	40.5	58	59	62	47.5	43	34.5	52	29.5	75.5	57	34.5	30	68	80.5	65.5	95	83.5	0	40.5	44.5	94.5	37.5	74.5	11	44	49.5	43.5	68	86	42	24.5	75	34.5	24.5	70	64	27.5	55.5	40.5	70.5	67.5	13	29.5	56.5	41.5	79	84.5	57	86	45	39.5	21	77.5	41.5	42	62.5	49	43.5	35.5	81	92	
28	34	57.5	25.5	23.5	32.5	72	39	37.5	57.5	33	33	29	34	46.5	26	72.5	25	53.5	34.5	51	36.5	11	24.5	55	44	56.5	17.5	51	24	31.5	43	56.5	40.5	68.5	49.5	36.5	30.5	42.5	45	35	65	42.5	30	44.5	32	19	50	36.5	34	43	80.5	19.5	32	70.5	30	36.5	55.5	35.5	38	56.5	45	34	61.5	4	47.5	48.5	51.5	37	32.5	10	41.5	25	65	46.5	30	24.5	57.5	70	51	80.5	73	40.5	0	34	80	7	60	33.5	29.5	39	29	53.5	75.5	27.5	24	60.5	10	20	55.5	53.5	38	41	26	60	57	27.5	11	42	31	68.5	74	46.5	71.5	30.5	29	21.5	63	3	31.5	48	38.5	29	35	66.5	81.5	
48	34	37.5	10.5	28.5	32.5	52	39	37.5	37.5	33	1	5	46	28.5	46	52.5	35	53.5	34.5	31	48.5	23	35.5	35	24	56.5	37.5	49	24	28.5	47	36.5	44.5	68.5	49.5	48.5	25.5	42.5	45	1	45	22.5	20	44.5	32	29	30	36.5	34	27	74.5	34.5	52	54.5	50	16.5	49.5	15.5	38	56.5	25	14	61.5	30	27.5	28.5	31.5	3	12.5	24	21.5	45	45	26.5	40	24.5	37.5	50	51	74.5	53	44.5	34	0	70	27	60	33.5	29.5	5	29	51.5	55.5	32.5	24	44.5	24	40	39.5	33.5	52	29	34	40	37	47.5	35	38	21	48.5	54	26.5	71.5	29.5	5	41.5	47	31	11.5	48	18.5	29	35	66.5	61.5	
82	90	56.5	66.5	62.5	86.5	38	53	93.5	56.5	89	69	65	88	65.5	80	23.5	69	32.5	90.5	57	90.5	79	73.5	41	60	35.5	71.5	45	80	70.5	97	37.5	94.5	17.5	38.5	90.5	81.5	41.5	39	71	49	53.5	76	43.5	88	63	46	92.5	90	67	24.5	68.5	86	39.5	84	57.5	44.5	56.5	52	25.5	61	60	30.5	84	48.5	49.5	62.5	73	63.5	80	72.5	79	41	67.5	84	80.5	56.5	36	35	24.5	39	94.5	80	70	0	83	34	89.5	58.5	75	53	42.5	26.5	66.5	80	49.5	80	74	54.5	44.5	92	65	70	46	43	81.5	69	56	77	29.5	16	67.5	20.5	69.5	65	75.5	47	83	62.5	42	69.5	53	89	25.5	27.5	
35	27	50.5	18.5	30.5	25.5	65	46	30.5	50.5	26	26	22	39	41.5	33	65.5	32	60.5	27.5	44	41.5	4	31.5	48	37	63.5	24.5	58	17	36.5	40	49.5	37.5	75.5	56.5	41.5	23.5	49.5	52	28	58	35.5	23	51.5	25	26	43	29.5	27	40	87.5	26.5	39	67.5	37	29.5	62.5	28.5	45	63.5	38	27	68.5	3	40.5	41.5	44.5	30	25.5	3	34.5	32	58	39.5	33	17.5	50.5	63	58	87.5	66	37.5	7	27	83	0	67	26.5	36.5	32	36	60.5	68.5	34.5	17	57.5	3	27	52.5	46.5	45	42	33	53	50	34.5	18	49	24	61.5	67	39.5	78.5	37.5	22	28.5	60	4	24.5	55	31.5	36	28	73.5	74.5	
62	80	36.5	56.5	42.5	66.5	32	33	81.5	36.5	71	59	55	68	45.5	60	38.5	49	12.5	80.5	43	70.5	69	53.5	31	50	15.5	51.5	25	70	50.5	77	27.5	74.5	22.5	18.5	70.5	63.5	21.5	19	59	29	43.5	64	23.5	72	43	36	82.5	80	47	34.5	48.5	66	24.5	64	47.5	24.5	46.5	32	10.5	49	50	15.5	64	38.5	39.5	42.5	57	53.5	70	52.5	59	15	47.5	64	70.5	36.5	34	15	34.5	31	74.5	60	60	34	67	0	79.5	38.5	55	33	22.5	41.5	46.5	70	29.5	70	54	34.5	34.5	72	45	50	34	33	61.5	49	36	63	34.5	40	47.5	25.5	49.5	55	55.5	27	63	52.5	22	55.5	33	69	20.5	47.5	
28.5	13.5	57	25	49	27	71.5	60.5	4	57	22.5	32.5	28.5	25.5	48	31.5	72	44.5	79	1	50.5	15	22.5	40	54.5	43.5	78	38	68.5	13.5	43	21.5	56	11	94	75	15	30	68	70.5	34.5	64.5	42	29.5	70	21.5	44.5	49.5	3	8.5	46.5	94	45	32.5	74	29.5	36	69	35	61.5	82	44.5	33.5	83	29.5	47	48	51	36.5	32	23.5	41	34.5	64.5	46	29.5	19	57	69.5	76.5	94	72.5	11	33.5	33.5	89.5	26.5	79.5	0	55	38.5	54.5	71	75	47	13.5	64	23.5	35.5	59	53	26.5	48.5	43.5	59.5	56.5	24	40.5	57.5	30.5	68	73.5	46	93	44	28.5	32	66.5	30.5	31	71.5	38	54.5	24.5	88	81	
31.5	49.5	36	32	12	36	56.5	17.5	51	36	40.5	30.5	30.5	37.5	25	29.5	69	18.5	32	54	37.5	40	40.5	23	51.5	34.5	35	21	29.5	45.5	20	46.5	53	44	47	28	40	33	21	23.5	28.5	43.5	39	33.5	23	41.5	12.5	46.5	52	55.5	21.5	59	18	35.5	49	33.5	33	34	32	16.5	35	33.5	30.5	40	33.5	44	45	32	26.5	23	39.5	14	28.5	53.5	27	33.5	44	36	58.5	29.5	59	55.5	44	29.5	29.5	58.5	36.5	38.5	55	0	24.5	7.5	32	68	16	45.5	39	39.5	23.5	34	50	41.5	19.5	19.5	48.5	51.5	31	18.5	20.5	32.5	65	70.5	27	50	19	30.5	25	41.5	32.5	24	26.5	17	7.5	38.5	45	72	
43	39	42.5	15.5	23.5	37.5	57	34	42.5	42.5	38	6	10	49	33.5	41	57.5	30	48.5	39.5	36	51.5	28	34.5	40	29	51.5	32.5	46	29	31.5	52	41.5	49.5	63.5	44.5	51.5	30.5	37.5	40	4	50	27.5	25	39.5	37	24	35	41.5	39	32	75.5	29.5	47	59.5	45	21.5	50.5	20.5	33	51.5	30	19	56.5	35	32.5	33.5	36.5	2	17.5	29	26.5	40	50	31.5	45	29.5	42.5	55	46	75.5	58	49.5	39	5	75	32	55	38.5	24.5	0	24	48.5	60.5	27.5	29	49.5	29	35	44.5	38.5	53	34	31	45	42	42.5	30	37	26	53.5	59	31.5	66.5	30.5	10	36.5	52	36	16.5	43	23.5	24	40	61.5	66.5	
31	49	30.5	37.5	11.5	35.5	51	12	50.5	30.5	40	30	34	37	19.5	29	65.5	18	26.5	53.5	32	39.5	40	22.5	48	29	29.5	20.5	24	49	19.5	46	51.5	43.5	41.5	22.5	39.5	32.5	15.5	18	28	38	35.5	33	17.5	41	12	43	51.5	59	14	53.5	17.5	35	43.5	33	31.5	28.5	32.5	11	29.5	28	27	34.5	33	40.5	39.5	26.5	26	30.5	39	21.5	28	48	21.5	33	43.5	30.5	53	24	53.5	50	43.5	29	29	53	36	33	54.5	7.5	24	0	26.5	62.5	15.5	49	33.5	39	23	28.5	44.5	41	12	19	43	46	30.5	18	15	32	59.5	69	21.5	44.5	18.5	34	24.5	36	32	31.5	21	24.5	0	38	39.5	66.5	
55.5	71.5	30	48	36	60	40.5	26.5	75	30	64.5	50.5	46.5	61.5	39	53.5	45	42.5	16	72	36.5	64	60.5	47	27.5	41.5	19	45	18.5	61.5	44	70.5	29	68	31	4	64	57	15	12.5	52.5	27.5	35	57.5	17	65.5	36.5	27.5	74	71.5	40.5	43	42	59.5	33	57.5	39	2	38	25.5	19	42.5	41.5	24	57.5	30	31	36	50.5	45	61.5	46	52.5	37.5	41	57.5	62	30	42.5	13.5	43	39.5	68	53.5	51.5	42.5	60.5	22.5	71	32	48.5	26.5	0	48	40	61.5	7	61.5	47.5	28	18	65.5	38.5	43.5	32.5	29.5	55	42.5	29.5	56.5	41	46.5	41	34	43	46.5	49	25.5	56.5	44	15.5	49	26.5	62.5	29	54	
91.5	75.5	44	52	72	74	23.5	62.5	79	44	74.5	54.5	50.5	87.5	55	89.5	3	76.5	42	76	42.5	90	64.5	77	26.5	45.5	45	81	50.5	65.5	70	88.5	23	86	21	48	90	67	51	48.5	56.5	36.5	39	61.5	53	73.5	72.5	31.5	78	75.5	58.5	31	78	95.5	31	91.5	43	46	42	61.5	35	46.5	45.5	40	71.5	34	35	48	58.5	49	65.5	58	86.5	26.5	53	81.5	66	44	21.5	44.5	31	24.5	86	75.5	55.5	26.5	68.5	41.5	75	68	60.5	62.5	48	0	74	65.5	41	65.5	83.5	46	30	93.5	60.5	75.5	31.5	28.5	91	78.5	59.5	62.5	15	10.5	53	18	71	50.5	85	38.5	72.5	48	51.5	55	62.5	76.5	35	18	
29.5	47.5	44	22	4	34	64.5	25.5	49	44	38.5	31.5	27.5	35.5	33	27.5	71	16.5	40	48	45.5	38	36.5	21	53.5	42.5	43	19	37.5	37.5	4	44.5	55	42	55	36	38	31	29	31.5	31.5	51.5	41	31.5	31	39.5	10.5	48.5	50	47.5	29.5	67	16	33.5	57	31.5	35	42	34	24.5	43	41.5	32.5	48	31.5	46	47	40	29.5	31	37.5	30	26.5	61.5	35	31.5	38	44	66.5	37.5	67	63.5	42	27.5	32.5	66.5	34.5	46.5	47	16	27.5	15.5	40	74	0	37.5	47	37.5	21.5	42	52	39.5	27.5	17.5	56.5	55.5	29	16.5	28.5	30.5	67	72.5	35	58	3	27.5	23	49.5	30.5	30	34.5	33	15.5	36.5	53	80	
38	14	47.5	15.5	41.5	17.5	62	51	17.5	47.5	9	23	19	26	38.5	34	62.5	35	71.5	14.5	41	28.5	13	30.5	45	34	68.5	32.5	59	0	33.5	27	46.5	24.5	86.5	65.5	28.5	20.5	62.5	65	25	55	32.5	20	60.5	8	39	40	16.5	14	37	84.5	35.5	38	64.5	30	26.5	59.5	25.5	52	76.5	35	24	73.5	20	37.5	38.5	41.5	27	22.5	14	31.5	21	55	36.5	16	9.5	47.5	60	69	84.5	63	24.5	24	24	80	17	70	13.5	45.5	29	49	61.5	65.5	37.5	0	54.5	14	26	49.5	43.5	32	39	34	50	47	37.5	35	48	21	58.5	64	36.5	83.5	34.5	19	31.5	57	21	21.5	62	28.5	49	11	78.5	71.5	
62.5	64.5	33	41	43	63	37.5	33.5	68	33	63.5	43.5	39.5	68.5	44	60.5	38	49.5	23	65	31.5	71	53.5	54	20.5	34.5	26	52	25.5	54.5	51	77.5	22	75	38	11	71	56	22	19.5	45.5	30.5	28	50.5	24	62.5	43.5	20.5	67	64.5	47.5	50	49	66.5	40	64.5	32	5	31	32.5	26	35.5	34.5	31	60.5	23	24	37	47.5	38	54.5	47	59.5	30.5	42	64.5	55	33	35.5	20.5	50	38.5	75	60.5	44.5	49.5	57.5	29.5	64	39	49.5	33.5	7	41	47	54.5	0	54.5	54.5	35	11	72.5	45.5	50.5	25.5	22.5	62	49.5	36.5	51.5	34	39.5	42	41	50	39.5	56	32.5	61.5	37	22.5	44	33.5	65.5	36	47	
38	24	47.5	15.5	33.5	22.5	62	49	27.5	47.5	23	23	19	36	38.5	36	62.5	35	63.5	24.5	41	38.5	1	30.5	45	34	66.5	27.5	59	14	33.5	37	46.5	34.5	78.5	59.5	38.5	20.5	52.5	55	25	55	32.5	20	54.5	22	29	40	26.5	24	37	84.5	29.5	42	64.5	40	26.5	59.5	25.5	48	66.5	35	24	71.5	6	37.5	38.5	41.5	27	22.5	0	31.5	35	55	36.5	30	14.5	47.5	60	61	84.5	63	34.5	10	24	80	3	70	23.5	39.5	29	39	61.5	65.5	37.5	14	54.5	0	30	49.5	43.5	42	39	34	50	47	37.5	21	48	21	58.5	64	36.5	81.5	34.5	19	31.5	57	7	21.5	58	28.5	39	25	76.5	71.5	
12	30	51.5	41.5	17.5	21.5	72	33	31.5	51.5	17	41	45	18	40.5	10	86.5	19	47.5	34.5	53	20.5	31	18.5	69	50	50.5	6.5	45	26	25.5	27	72.5	24.5	62.5	43.5	20.5	28.5	36.5	39	39	59	56.5	34	38.5	18	13	64	32.5	40	37	74.5	13.5	16	64.5	14	52.5	49.5	51.5	32	50.5	49	50	55.5	24	61.5	60.5	47.5	37	46.5	30	37.5	5	69	42.5	10	29.5	51.5	74	45	74.5	71	24.5	20	40	74	27	54	35.5	23.5	35	23	47.5	83.5	21.5	26	54.5	30	0	49.5	65.5	22	35	20	64	67	11.5	9	36	33	80.5	90	42.5	65.5	24.5	45	5.5	57	23	47.5	42	40.5	23	15	60.5	87.5	
57.5	59.5	2	36	38	58	42.5	28.5	63	2	58.5	38.5	34.5	63.5	39	55.5	43	44.5	28	60	26.5	66	48.5	49	25.5	29.5	31	47	25.5	49.5	46	72.5	27	70	43	24	66	51	13	19.5	40.5	35.5	23	45.5	11	57.5	38.5	20.5	62	59.5	42.5	55	44	61.5	45	59.5	27	30	26	27.5	31	30.5	29.5	36	55.5	12	11	32	42.5	33	49.5	42	54.5	35.5	37	59.5	50	2	40.5	25.5	55	43.5	70	55.5	39.5	54.5	52.5	34.5	59	34	44.5	28.5	28	46	42	49.5	35	49.5	49.5	0	24	67.5	40.5	45.5	30.5	27.5	57	44.5	31.5	46.5	39	44.5	37	46	45	34.5	51	37.5	56.5	32	22.5	39	28.5	60.5	41	52	
73.5	53.5	22	30	54	52	26.5	40.5	57	22	52.5	32.5	28.5	65.5	33	71.5	27	54.5	34	54	20.5	68	42.5	55	9.5	23.5	33	63	28.5	43.5	48	66.5	11	64	49	22	68	45	33	30.5	34.5	19.5	17	39.5	35	51.5	54.5	9.5	56	53.5	36.5	49	60	77.5	29	69.5	21	16	20	41.5	37	24.5	23.5	38	49.5	12	13	26	36.5	27	43.5	36	64.5	19.5	31	59.5	44	22	24.5	31.5	49	27.5	64	53.5	33.5	44.5	46.5	34.5	53	50	38.5	44.5	18	30	52	43.5	11	43.5	65.5	24	0	71.5	38.5	53.5	14.5	11.5	73	60.5	37.5	40.5	23	28.5	31	48	49	28.5	67	21.5	50.5	26	31.5	33	44.5	54.5	43	36	
10	32	69.5	43.5	35.5	39.5	90	51	30.5	69.5	39	51	47	26	58.5	18	90.5	37	65.5	27.5	69	23.5	41	36.5	73	62	68.5	24.5	63	32	43.5	5	74.5	27.5	80.5	61.5	23.5	46.5	54.5	57	53	77	60.5	48	56.5	40	31	68	29.5	18	55	92.5	31.5	6	82.5	22	54.5	67.5	53.5	50	68.5	63	52	73.5	42	65.5	66.5	65.5	55	50.5	42	55.5	27	83	60.5	32	37.5	69.5	88	63	92.5	89	27.5	38	52	92	45	72	26.5	41.5	53	41	65.5	93.5	39.5	32	72.5	42	22	67.5	71.5	0	53	38	78	75	14.5	27	54	49	86.5	92	60.5	83.5	42.5	47	18.5	75	41	49.5	60	56.5	41	37	78.5	99.5	
43	49	42.5	25.5	23.5	47.5	57	24	52.5	42.5	48	28	24	49	31.5	41	57.5	30	38.5	49.5	36	51.5	38	34.5	40	29	41.5	32.5	36	39	31.5	58	41.5	55.5	53.5	34.5	51.5	40.5	27.5	30	30	50	27.5	35	29.5	47	24	35	51.5	49	2	65.5	29.5	47	55.5	45	21.5	40.5	20.5	23	41.5	30	15	46.5	45	32.5	33.5	36.5	32	22.5	39	31.5	40	50	31.5	45	39.5	42.5	55	36	65.5	58	55.5	41	29	65	42	45	48.5	19.5	34	12	38.5	60.5	27.5	39	45.5	39	35	40.5	38.5	53	0	31	45	42	42.5	30	27	36	53.5	59	31.5	56.5	30.5	24	36.5	48	44	21.5	33	28.5	12	50	51.5	66.5	
28	44	47.5	25.5	13.5	32.5	68	29	47.5	47.5	37	33	29	34	36.5	26	72.5	1	43.5	44.5	49	36.5	33	19.5	55	44	46.5	17.5	41	34	21.5	43	56.5	40.5	58.5	39.5	36.5	29.5	32.5	35	35	55	42.5	14	34.5	38	7	50	46.5	44	33	70.5	14.5	32	60.5	30	36.5	45.5	35.5	28	46.5	45	34	51.5	30	47.5	48.5	43.5	33	32.5	34	33.5	25	65	38.5	30	34.5	47.5	70	41	70.5	67	40.5	26	34	70	33	50	43.5	19.5	31	19	43.5	75.5	17.5	34	50.5	34	20	45.5	53.5	38	31	0	60	57	27.5	15	32	13	68.5	74	38.5	61.5	20.5	29	21.5	53	29	31.5	38	36.5	19	35	56.5	81.5	
72	60	28.5	36.5	52.5	58.5	28	43	63.5	28.5	59	39	35	72	39.5	70	28.5	59	27.5	60.5	27	74.5	49	61.5	5	30	30.5	61.5	35	50	54.5	73	12.5	70.5	42.5	28.5	74.5	51.5	31.5	29	41	5	23.5	46	33.5	58	53	16	62.5	60	43	50.5	58.5	76	30.5	74	27.5	30.5	26.5	42	30.5	31	30	35.5	56	18.5	19.5	32.5	43	33.5	50	42.5	69	21	37.5	66	50.5	28.5	26	19	50.5	29	70.5	60	40	46	53	34	59.5	48.5	45	43	32.5	31.5	56.5	50	25.5	50	64	30.5	14.5	78	45	60	0	3	71.5	59	44	47	24.5	30	37.5	45.5	55.5	35	65.5	7	57	32.5	32	39.5	43	61	40.5	37.5	
75	57	25.5	33.5	55.5	55.5	25	44	60.5	25.5	56	36	32	69	36.5	73	25.5	58	30.5	57.5	24	71.5	46	58.5	2	27	31.5	64.5	32	47	51.5	70	9.5	67.5	45.5	31.5	71.5	48.5	34.5	32	38	8	20.5	43	36.5	55	56	13	59.5	57	40	47.5	61.5	79	27.5	73	24.5	27.5	23.5	45	33.5	28	27	36.5	53	15.5	16.5	29.5	40	30.5	47	39.5	68	18	34.5	63	47.5	25.5	23	22	47.5	26	67.5	57	37	43	50	33	56.5	51.5	42	46	29.5	28.5	55.5	47	22.5	47	67	27.5	11.5	75	42	57	3	0	74.5	62	41	44	21.5	27	34.5	46.5	52.5	32	68.5	10	54	29.5	35	36.5	46	58	41.5	34.5	
4.5	27.5	59	49	25	29	79.5	40.5	20	59	28.5	48.5	52.5	15.5	48	7.5	94	26.5	55	23	60.5	9	38.5	26	76.5	57.5	58	14	52.5	37.5	33	19.5	80	13	70	51	9	36	44	46.5	46.5	66.5	64	41.5	46	29.5	20.5	71.5	21	32.5	44.5	82	21	8.5	72	11.5	60	57	59	39.5	58	56.5	57.5	63	31.5	69	68	55	44.5	54	37.5	45	16.5	76.5	50	21.5	37	59	81.5	52.5	82	78.5	13	27.5	47.5	81.5	34.5	61.5	24	31	42.5	30.5	55	91	29	37.5	62	37.5	11.5	57	73	14.5	42.5	27.5	71.5	74.5	0	16.5	43.5	40.5	88	97.5	50	73	32	52.5	8	64.5	30.5	55	49.5	48	30.5	26.5	68	95	
17	35	46.5	36.5	12.5	21.5	67	28	36.5	46.5	26	36	40	23	35.5	15	81.5	14	42.5	39.5	48	25.5	22	13.5	64	45	45.5	6.5	40	35	20.5	32	67.5	29.5	57.5	38.5	25.5	23.5	31.5	34	34	54	51.5	29	33.5	27	8	59	37.5	45	32	69.5	8.5	21	59.5	19	47.5	44.5	46.5	27	45.5	44	45	50.5	15	56.5	55.5	42.5	32	41.5	21	32.5	14	64	37.5	19	29.5	46.5	69	40	69.5	66	29.5	11	35	69	18	49	40.5	18.5	30	18	42.5	78.5	16.5	35	49.5	21	9	44.5	60.5	27	30	15	59	62	16.5	0	31	28	75.5	85	37.5	60.5	19.5	40	10.5	52	14	42.5	37	35.5	18	24	55.5	82.5	
44	58	33.5	34.5	24.5	48.5	54	3	61.5	33.5	53	37	33	50	27.5	42	56.5	31	29.5	58.5	35	52.5	47	35.5	39	14	32.5	33.5	27	48	32.5	59	40.5	56.5	44.5	25.5	52.5	45.5	18.5	21	39	41	26.5	44	20.5	54	25	34	60.5	58	29	56.5	30.5	48	46.5	46	25.5	31.5	24.5	4	32.5	13	28	37.5	46	31.5	32.5	29.5	39	31.5	48	34.5	41	49	29.5	46	48.5	33.5	54	27	56.5	53	56.5	42	38	56	49	36	57.5	20.5	37	15	29.5	59.5	28.5	48	36.5	48	36	31.5	37.5	54	27	32	44	41	43.5	31	0	45	52.5	58	29.5	47.5	31.5	33	37.5	39	45	30.5	24	37.5	15	51	42.5	65.5	
41	31	44.5	12.5	26.5	29.5	59	42	34.5	44.5	30	20	16	43	35.5	39	59.5	14	56.5	31.5	38	45.5	20	32.5	42	31	59.5	30.5	54	21	30.5	44	43.5	41.5	71.5	52.5	45.5	22.5	45.5	48	22	52	29.5	1	47.5	29	20	37	33.5	31	34	81.5	27.5	45	61.5	43	23.5	56.5	22.5	41	59.5	32	21	64.5	27	34.5	35.5	38.5	24	19.5	21	28.5	38	52	33.5	37	21.5	44.5	57	54	81.5	60	41.5	31	21	77	24	63	30.5	32.5	26	32	56.5	62.5	30.5	21	51.5	21	33	46.5	40.5	49	36	13	47	44	40.5	28	45	0	55.5	61	33.5	74.5	31.5	16	34.5	54	28	18.5	51	25.5	32	32	69.5	68.5	
88.5	68.5	37	45	69	67	16.5	55.5	72	37	67.5	47.5	43.5	80.5	48	86.5	12	69.5	39	69	35.5	83	57.5	70	19.5	38.5	38	78	43.5	58.5	63	81.5	16	79	34	45	83	60	48	45.5	49.5	29.5	32	54.5	50	66.5	69.5	24.5	71	68.5	51.5	34	75	92.5	24	84.5	36	39	35	56.5	32	39.5	38.5	33	64.5	27	28	41	51.5	42	58.5	51	79.5	19.5	46	74.5	59	37	14.5	41.5	34	17.5	79	68.5	48.5	29.5	61.5	34.5	68	65	53.5	59.5	41	15	67	58.5	34	58.5	80.5	39	23	86.5	53.5	68.5	24.5	21.5	88	75.5	52.5	55.5	0	13.5	46	33	64	43.5	82	31.5	65.5	41	46.5	48	59.5	69.5	20	21	
98	74	42.5	50.5	76.5	72.5	22	61	77.5	42.5	73	53	49	86	53.5	94	7.5	75	46.5	74.5	41	88.5	63	75.5	25	44	43.5	87.5	49	64	68.5	87	21.5	84.5	31.5	50.5	88.5	65.5	57.5	55	55	35	37.5	60	55.5	72	79	30	76.5	74	57	24.5	80.5	98	29.5	90	41.5	44.5	40.5	62	41.5	45	44	38.5	70	32.5	33.5	46.5	57	47.5	64	56.5	85	25	51.5	80	64.5	42.5	20	49	24.5	23	84.5	74	54	16	67	40	73.5	70.5	59	69	46.5	10.5	72.5	64	39.5	64	90	44.5	28.5	92	59	74	30	27	97.5	85	58	61	13.5	0	51.5	28.5	69.5	49	91.5	37	71	46.5	52	53.5	69	75	33.5	11.5	
50.5	46.5	35	23	31	45	49.5	26.5	50	35	45.5	25.5	21.5	56.5	2	48.5	50	37.5	41	47	28.5	59	35.5	42	32.5	21.5	44	40	38.5	36.5	39	59.5	34	57	56	37	59	38	30	32.5	27.5	42.5	20	32.5	32	44.5	31.5	27.5	49	46.5	29.5	68	37	54.5	52	52.5	10	43	11	25.5	44	22.5	16.5	49	42.5	25	26	29	29.5	20	36.5	29	47.5	42.5	0	52.5	37	35	47.5	38.5	68	50.5	57	46.5	26.5	67.5	39.5	47.5	46	27	31.5	21.5	41	53	35	36.5	42	36.5	42.5	37	31	60.5	31.5	38.5	37.5	34.5	50	37.5	29.5	33.5	46	51.5	0	59	38	21.5	44	44.5	43.5	19	35.5	26	21.5	47.5	54	59	
73.5	91.5	48	70	54	78	33.5	44.5	93	48	82.5	72.5	68.5	79.5	57	71.5	21	60.5	24	94	54.5	82	82.5	65	44.5	61.5	27	63	36.5	83.5	62	88.5	41	86	3	30	82	75	33	30.5	70.5	40.5	57	75.5	35	83.5	54.5	49.5	94	93.5	58.5	21	60	77.5	31	75.5	61	36	60	43.5	17	60.5	63.5	22	75.5	52	53	54	68.5	67	81.5	64	70.5	40.5	59	75.5	84	48	35.5	26.5	21	32.5	86	71.5	71.5	20.5	78.5	25.5	93	50	66.5	44.5	34	18	58	83.5	41	81.5	65.5	46	48	83.5	56.5	61.5	45.5	46.5	73	60.5	47.5	74.5	33	28.5	59	0	61	68.5	67	38.5	74.5	66	33.5	67	44.5	80.5	17	34	
32.5	44.5	47	19	7	37	67.5	28.5	48	47	41.5	28.5	24.5	38.5	36	30.5	68	19.5	43	45	46.5	41	33.5	24	50.5	39.5	46	22	40.5	34.5	1	47.5	52	45	58	39	41	34	32	34.5	30.5	54.5	38	30.5	34	42.5	13.5	45.5	47	44.5	32.5	70	19	36.5	60	34.5	32	45	31	27.5	46	40.5	29.5	51	34.5	43	44	43	32.5	28	34.5	33	29.5	60.5	38	34.5	35	47	65.5	40.5	70	66.5	45	30.5	29.5	69.5	37.5	49.5	44	19	30.5	18.5	43	71	3	34.5	50	34.5	24.5	45	49	42.5	30.5	20.5	55.5	52.5	32	19.5	31.5	31.5	64	69.5	38	61	0	24.5	26	52.5	33.5	27	37.5	34	18.5	39.5	56	77	
53	29	32.5	5.5	31.5	27.5	47	36	32.5	32.5	28	4	0	41	23.5	49	47.5	30	56.5	29.5	26	43.5	18	30.5	30	19	53.5	42.5	44	19	23.5	42	31.5	39.5	71.5	50.5	43.5	20.5	47.5	50	6	40	17.5	15	45.5	27	34	25	31.5	29	22	69.5	35.5	53	49.5	45	11.5	44.5	10.5	37	61.5	20	9	58.5	25	22.5	23.5	26.5	8	7.5	19	16.5	40	40	21.5	35	19.5	32.5	45	54	69.5	48	39.5	29	5	65	22	55	28.5	30.5	10	34	46.5	50.5	27.5	19	39.5	19	45	34.5	28.5	47	24	29	35	32	52.5	40	33	16	43.5	49	21.5	68.5	24.5	0	46.5	42	26	6.5	47	13.5	34	30	63.5	56.5	
8.5	26.5	53	45	19	23	73.5	34.5	28	53	22.5	42.5	46.5	14.5	42	6.5	88	20.5	49	31	54.5	17	32.5	20	70.5	51.5	52	8	46.5	31.5	27	23.5	74	21	64	45	17	30	38	40.5	40.5	60.5	58	35.5	40	23.5	14.5	65.5	29	36.5	38.5	76	15	12.5	66	10.5	54	51	55	33.5	52	50.5	51.5	57	25.5	63	62	49	38.5	48	31.5	39	10.5	70.5	44	15.5	31	53	75.5	46.5	76	72.5	21	21.5	41.5	75.5	28.5	55.5	32	25	36.5	24.5	49	85	23	31.5	56	31.5	5.5	51	67	18.5	36.5	21.5	65.5	68.5	8	10.5	37.5	34.5	82	91.5	44	67	26	46.5	0	58.5	24.5	49	43.5	42	24.5	20.5	62	89	
65	67	35.5	43.5	45.5	65.5	35	36	70.5	35.5	66	46	42	71	46.5	63	35.5	52	20.5	67.5	34	73.5	56	56.5	12	37	23.5	54.5	28	57	53.5	80	19.5	77.5	35.5	21.5	73.5	58.5	24.5	22	48	2	30.5	53	26.5	65	46	23	69.5	67	50	47.5	51.5	69	37.5	67	34.5	27.5	33.5	35	23.5	38	37	28.5	63	25.5	26.5	39.5	50	40.5	57	49.5	62	28	44.5	67	57.5	35.5	33	12	47.5	36	77.5	63	47	47	60	27	66.5	41.5	52	36	25.5	38.5	49.5	57	32.5	57	57	37.5	21.5	75	48	53	7	10	64.5	52	39	54	31.5	37	44.5	38.5	52.5	42	58.5	0	64	39.5	25	46.5	36	68	33.5	44.5	
31	31	54.5	22.5	26.5	29.5	69	42	34.5	54.5	30	30	26	37	45.5	29	69.5	28	56.5	31.5	48	39.5	8	27.5	52	41	59.5	20.5	54	21	34.5	44	53.5	41.5	71.5	52.5	39.5	27.5	45.5	48	32	62	39.5	27	47.5	29	22	47	33.5	31	44	83.5	22.5	35	71.5	33	33.5	58.5	32.5	41	59.5	42	31	64.5	1	44.5	45.5	48.5	34	29.5	7	38.5	28	62	43.5	33	21.5	54.5	67	54	83.5	70	41.5	3	31	83	4	63	30.5	32.5	36	32	56.5	72.5	30.5	21	61.5	7	23	56.5	50.5	41	44	29	57	54	30.5	14	45	28	65.5	71	43.5	74.5	33.5	26	24.5	64	0	28.5	51	35.5	32	32	69.5	78.5	
55.5	31.5	30	8	34	30	44.5	33.5	35	30	30.5	10.5	6.5	43.5	21	51.5	45	32.5	54	32	23.5	46	20.5	33	27.5	16.5	51	45	41.5	21.5	26	44.5	29	42	69	48	46	23	45	47.5	12.5	37.5	15	17.5	43	29.5	36.5	22.5	34	31.5	19.5	67	38	55.5	47	47.5	9	42	8	34.5	59	17.5	6.5	56	27.5	20	21	24	14.5	1	21.5	10	42.5	37.5	19	37.5	22	30	42.5	51.5	67	45.5	42	31.5	11.5	62.5	24.5	52.5	31	24	16.5	31.5	44	48	30	21.5	37	21.5	47.5	32	26	49.5	21.5	31.5	32.5	29.5	55	42.5	30.5	18.5	41	46.5	19	66	27	6.5	49	39.5	28.5	0	44.5	7	31.5	32.5	61	54	
50	68	24.5	48.5	30.5	54.5	40	21	69.5	24.5	59	49	47	56	33.5	48	50.5	37	15.5	72.5	31	58.5	59	41.5	33	38	18.5	39.5	3	62	38.5	65	34.5	62.5	30.5	11.5	58.5	51.5	9.5	3	47	27	35.5	52	11.5	60	31	22	70.5	72	35	42.5	36.5	54	32.5	52	39.5	17.5	38.5	20	18.5	37	42	23.5	52	30.5	31.5	30.5	45	45.5	58	40.5	47	37	35.5	52	62.5	24.5	42	13	42.5	39	62.5	48	48	42	55	22	71.5	26.5	43	21	15.5	51.5	34.5	62	22.5	58	42	22.5	31.5	60	33	38	32	35	49.5	37	24	51	46.5	52	35.5	33.5	37.5	47	43.5	25	51	44.5	0	43.5	21	57	28.5	55.5	
48.5	38.5	37	15	29	37	51.5	34.5	42	37	37.5	17.5	13.5	50.5	28	46.5	52	35.5	49	39	30.5	53	27.5	40	34.5	23.5	52	38	46.5	28.5	33	51.5	36	49	64	45	53	30	38	40.5	19.5	44.5	22	24.5	40	36.5	29.5	29.5	41	38.5	26.5	74	35	52.5	54	50.5	16	49	15	33.5	52	24.5	13.5	57	34.5	27	28	31	21.5	6	28.5	3	45.5	44.5	26	44.5	29	37	49.5	46.5	74	52.5	49	38.5	18.5	69.5	31.5	55.5	38	17	23.5	24.5	49	55	33	28.5	44	28.5	40.5	39	33	56.5	28.5	36.5	39.5	36.5	48	35.5	37.5	25.5	48	53.5	26	67	34	13.5	42	46.5	35.5	7	43.5	0	24.5	39.5	62	61	
31	49	30.5	37.5	11.5	35.5	51	12	50.5	30.5	40	30	34	37	19.5	29	65.5	18	26.5	53.5	32	39.5	40	22.5	48	29	29.5	20.5	24	49	19.5	46	51.5	43.5	41.5	22.5	39.5	32.5	15.5	18	28	38	35.5	33	17.5	41	12	43	51.5	59	14	53.5	17.5	35	43.5	33	31.5	28.5	32.5	11	29.5	28	27	34.5	33	40.5	39.5	26.5	26	30.5	39	21.5	28	48	21.5	33	43.5	30.5	53	24	53.5	50	43.5	29	29	53	36	33	54.5	7.5	24	0	26.5	62.5	15.5	49	33.5	39	23	28.5	44.5	41	12	19	43	46	30.5	18	15	32	59.5	69	21.5	44.5	18.5	34	24.5	36	32	31.5	21	24.5	0	38	39.5	66.5	
27	25	58.5	26.5	32.5	28.5	73	48	28.5	58.5	2	34	30	33	49.5	25	73.5	34	62.5	25.5	52	35.5	24	33.5	56	45	65.5	21.5	60	11	40.5	38	57.5	35.5	77.5	58.5	35.5	31.5	51.5	54	36	66	43.5	31	53.5	3	28	51	27.5	25	48	89.5	28.5	31	75.5	29	37.5	64.5	36.5	47	65.5	46	35	70.5	31	48.5	49.5	52.5	38	33.5	25	42.5	10	66	47.5	5	20.5	58.5	71	60	89.5	74	35.5	35	35	89	28	69	24.5	38.5	40	38	62.5	76.5	36.5	11	65.5	25	15	60.5	54.5	37	50	35	61	58	26.5	24	51	32	69.5	75	47.5	80.5	39.5	30	20.5	68	32	32.5	57	39.5	38	0	75.5	82.5	
68.5	86.5	43	65	49	73	28.5	39.5	88	43	77.5	67.5	63.5	74.5	52	66.5	32	55.5	19	89	49.5	77	77.5	60	39.5	56.5	22	58	31.5	78.5	57	83.5	36	81	14	25	77	70	28	25.5	65.5	35.5	52	70.5	30	78.5	49.5	44.5	89	88.5	53.5	26	55	72.5	26	70.5	56	31	55	38.5	12	55.5	58.5	17	70.5	47	48	49	63.5	62	76.5	59	65.5	35.5	54	70.5	79	43	30.5	21.5	26	27.5	81	66.5	66.5	25.5	73.5	20.5	88	45	61.5	39.5	29	35	53	78.5	36	76.5	60.5	41	43	78.5	51.5	56.5	40.5	41.5	68	55.5	42.5	69.5	20	33.5	54	17	56	63.5	62	33.5	69.5	61	28.5	62	39.5	75.5	0	39	
95.5	81.5	50	58	76	80	29.5	66.5	85	50	80.5	60.5	56.5	93.5	61	93.5	15	82.5	46	82	48.5	96	70.5	83	32.5	51.5	49	85	56.5	71.5	76	94.5	29	92	31	52	96	73	55	52.5	62.5	42.5	45	67.5	57	79.5	76.5	37.5	84	81.5	64.5	13	82	99.5	37	97.5	49	52	48	65.5	39	52.5	51.5	44	77.5	40	41	54	64.5	55	71.5	64	92.5	32.5	59	87.5	72	50	27.5	48.5	13	30.5	92	81.5	61.5	27.5	74.5	47.5	81	72	66.5	66.5	54	18	80	71.5	47	71.5	87.5	52	36	99.5	66.5	81.5	37.5	34.5	95	82.5	65.5	68.5	21	11.5	59	34	77	56.5	89	44.5	78.5	54	55.5	61	66.5	82.5	39	0	
