Number of items: 125
Horizon: 12
Time limit: 1000
Load limit: 7500
Initial item inventory level
147
35
27
106
152
51
73
54
97
138
124
134
74
189
43
48
66
98
297
40
78
231
67
225
144
54
60
23
87
176
189
144
106
279
138
219
45
30
189
160
222
42
51
255
10
87
152
88
132
258
32
132
195
168
24
184
94
92
148
90
276
195
22
90
90
129
78
41
146
41
88
13
114
10
92
285
129
17
182
81
42
89
22
36
75
68
40
43
182
22
99
243
18
84
90
98
132
61
31
45
117
23
80
165
291
17
66
36
52
176
111
198
14
72
153
70
188
237
44
54
216
123
282
297
243
Maximum inventory capacity per item
196
70
54
159
228
68
146
72
194
184
186
201
111
252
86
96
88
196
396
80
117
308
134
300
216
72
80
46
174
264
252
216
159
372
207
292
90
60
252
240
296
56
102
340
20
174
228
132
176
344
64
176
260
252
36
276
141
138
222
135
368
260
33
180
120
172
156
82
219
82
176
26
152
20
184
380
172
34
273
108
84
178
44
48
150
136
80
86
273
44
198
324
36
126
135
147
198
122
62
90
156
46
160
220
388
34
88
54
104
264
148
297
28
96
204
140
282
316
66
108
288
164
376
396
324
Reserve storage replenishment rate per item and per period
294	0	0	294	0	0	294	0	0	294	0	0	
210	0	0	210	0	0	210	0	0	210	0	0	
162	0	0	162	0	0	162	0	0	162	0	0	
318	0	0	318	0	0	318	0	0	318	0	0	
456	0	0	456	0	0	456	0	0	456	0	0	
102	0	0	102	0	0	102	0	0	102	0	0	
438	0	0	438	0	0	438	0	0	438	0	0	
108	0	0	108	0	0	108	0	0	108	0	0	
582	0	0	582	0	0	582	0	0	582	0	0	
276	0	0	276	0	0	276	0	0	276	0	0	
372	0	0	372	0	0	372	0	0	372	0	0	
402	0	0	402	0	0	402	0	0	402	0	0	
222	0	0	222	0	0	222	0	0	222	0	0	
378	0	0	378	0	0	378	0	0	378	0	0	
258	0	0	258	0	0	258	0	0	258	0	0	
288	0	0	288	0	0	288	0	0	288	0	0	
132	0	0	132	0	0	132	0	0	132	0	0	
588	0	0	588	0	0	588	0	0	588	0	0	
594	0	0	594	0	0	594	0	0	594	0	0	
240	0	0	240	0	0	240	0	0	240	0	0	
234	0	0	234	0	0	234	0	0	234	0	0	
462	0	0	462	0	0	462	0	0	462	0	0	
402	0	0	402	0	0	402	0	0	402	0	0	
450	0	0	450	0	0	450	0	0	450	0	0	
432	0	0	432	0	0	432	0	0	432	0	0	
108	0	0	108	0	0	108	0	0	108	0	0	
120	0	0	120	0	0	120	0	0	120	0	0	
138	0	0	138	0	0	138	0	0	138	0	0	
522	0	0	522	0	0	522	0	0	522	0	0	
528	0	0	528	0	0	528	0	0	528	0	0	
378	0	0	378	0	0	378	0	0	378	0	0	
432	0	0	432	0	0	432	0	0	432	0	0	
318	0	0	318	0	0	318	0	0	318	0	0	
558	0	0	558	0	0	558	0	0	558	0	0	
414	0	0	414	0	0	414	0	0	414	0	0	
438	0	0	438	0	0	438	0	0	438	0	0	
270	0	0	270	0	0	270	0	0	270	0	0	
180	0	0	180	0	0	180	0	0	180	0	0	
378	0	0	378	0	0	378	0	0	378	0	0	
480	0	0	480	0	0	480	0	0	480	0	0	
444	0	0	444	0	0	444	0	0	444	0	0	
84	0	0	84	0	0	84	0	0	84	0	0	
306	0	0	306	0	0	306	0	0	306	0	0	
510	0	0	510	0	0	510	0	0	510	0	0	
60	0	0	60	0	0	60	0	0	60	0	0	
522	0	0	522	0	0	522	0	0	522	0	0	
456	0	0	456	0	0	456	0	0	456	0	0	
264	0	0	264	0	0	264	0	0	264	0	0	
264	0	0	264	0	0	264	0	0	264	0	0	
516	0	0	516	0	0	516	0	0	516	0	0	
192	0	0	192	0	0	192	0	0	192	0	0	
264	0	0	264	0	0	264	0	0	264	0	0	
390	0	0	390	0	0	390	0	0	390	0	0	
504	0	0	504	0	0	504	0	0	504	0	0	
72	0	0	72	0	0	72	0	0	72	0	0	
552	0	0	552	0	0	552	0	0	552	0	0	
282	0	0	282	0	0	282	0	0	282	0	0	
276	0	0	276	0	0	276	0	0	276	0	0	
444	0	0	444	0	0	444	0	0	444	0	0	
270	0	0	270	0	0	270	0	0	270	0	0	
552	0	0	552	0	0	552	0	0	552	0	0	
390	0	0	390	0	0	390	0	0	390	0	0	
66	0	0	66	0	0	66	0	0	66	0	0	
540	0	0	540	0	0	540	0	0	540	0	0	
180	0	0	180	0	0	180	0	0	180	0	0	
258	0	0	258	0	0	258	0	0	258	0	0	
468	0	0	468	0	0	468	0	0	468	0	0	
246	0	0	246	0	0	246	0	0	246	0	0	
438	0	0	438	0	0	438	0	0	438	0	0	
246	0	0	246	0	0	246	0	0	246	0	0	
528	0	0	528	0	0	528	0	0	528	0	0	
78	0	0	78	0	0	78	0	0	78	0	0	
228	0	0	228	0	0	228	0	0	228	0	0	
60	0	0	60	0	0	60	0	0	60	0	0	
552	0	0	552	0	0	552	0	0	552	0	0	
570	0	0	570	0	0	570	0	0	570	0	0	
258	0	0	258	0	0	258	0	0	258	0	0	
102	0	0	102	0	0	102	0	0	102	0	0	
546	0	0	546	0	0	546	0	0	546	0	0	
162	0	0	162	0	0	162	0	0	162	0	0	
252	0	0	252	0	0	252	0	0	252	0	0	
534	0	0	534	0	0	534	0	0	534	0	0	
132	0	0	132	0	0	132	0	0	132	0	0	
72	0	0	72	0	0	72	0	0	72	0	0	
450	0	0	450	0	0	450	0	0	450	0	0	
408	0	0	408	0	0	408	0	0	408	0	0	
240	0	0	240	0	0	240	0	0	240	0	0	
258	0	0	258	0	0	258	0	0	258	0	0	
546	0	0	546	0	0	546	0	0	546	0	0	
132	0	0	132	0	0	132	0	0	132	0	0	
594	0	0	594	0	0	594	0	0	594	0	0	
486	0	0	486	0	0	486	0	0	486	0	0	
108	0	0	108	0	0	108	0	0	108	0	0	
252	0	0	252	0	0	252	0	0	252	0	0	
270	0	0	270	0	0	270	0	0	270	0	0	
294	0	0	294	0	0	294	0	0	294	0	0	
396	0	0	396	0	0	396	0	0	396	0	0	
366	0	0	366	0	0	366	0	0	366	0	0	
186	0	0	186	0	0	186	0	0	186	0	0	
270	0	0	270	0	0	270	0	0	270	0	0	
234	0	0	234	0	0	234	0	0	234	0	0	
138	0	0	138	0	0	138	0	0	138	0	0	
480	0	0	480	0	0	480	0	0	480	0	0	
330	0	0	330	0	0	330	0	0	330	0	0	
582	0	0	582	0	0	582	0	0	582	0	0	
102	0	0	102	0	0	102	0	0	102	0	0	
132	0	0	132	0	0	132	0	0	132	0	0	
108	0	0	108	0	0	108	0	0	108	0	0	
312	0	0	312	0	0	312	0	0	312	0	0	
528	0	0	528	0	0	528	0	0	528	0	0	
222	0	0	222	0	0	222	0	0	222	0	0	
594	0	0	594	0	0	594	0	0	594	0	0	
84	0	0	84	0	0	84	0	0	84	0	0	
144	0	0	144	0	0	144	0	0	144	0	0	
306	0	0	306	0	0	306	0	0	306	0	0	
420	0	0	420	0	0	420	0	0	420	0	0	
564	0	0	564	0	0	564	0	0	564	0	0	
474	0	0	474	0	0	474	0	0	474	0	0	
132	0	0	132	0	0	132	0	0	132	0	0	
324	0	0	324	0	0	324	0	0	324	0	0	
432	0	0	432	0	0	432	0	0	432	0	0	
246	0	0	246	0	0	246	0	0	246	0	0	
564	0	0	564	0	0	564	0	0	564	0	0	
594	0	0	594	0	0	594	0	0	594	0	0	
486	0	0	486	0	0	486	0	0	486	0	0	
Forward storage demand rate per item and per period
49	71	71	33	64	77	53	91	17	78	45	54	
35	37	24	39	32	56	38	31	21	52	51	63	
27	30	32	37	42	29	40	5	37	32	30	34	
53	23	79	37	23	41	79	52	11	57	59	7	
76	132	50	54	110	49	104	73	113	89	79	52	
17	18	11	20	25	10	16	14	31	12	22	6	
73	8	93	62	77	78	106	68	111	117	56	97	
18	30	16	4	6	16	8	12	16	5	18	22	
97	169	82	115	114	51	134	70	113	183	82	95	
46	23	42	44	58	4	12	70	35	55	51	28	
62	106	101	30	61	87	54	47	115	90	47	49	
67	50	64	51	55	30	61	57	88	103	68	83	
37	39	13	34	40	23	6	20	49	34	30	17	
63	56	94	24	74	100	93	70	70	105	54	70	
43	24	27	26	41	10	58	50	38	59	23	29	
48	40	60	39	74	48	74	36	62	52	56	34	
22	39	15	22	22	19	15	24	43	28	27	24	
98	87	145	130	64	49	87	158	93	73	125	65	
99	145	80	31	142	62	3	63	86	107	76	55	
40	43	31	35	60	45	66	54	49	32	36	37	
39	48	9	39	70	38	35	45	48	41	28	50	
77	122	106	87	99	91	109	77	82	80	91	50	
67	119	90	76	57	51	78	60	24	70	66	42	
75	48	68	81	28	36	77	99	59	57	69	54	
72	107	106	101	61	43	38	61	89	48	109	61	
18	12	31	3	23	16	6	15	30	30	10	21	
20	20	31	35	26	13	12	31	23	14	18	8	
23	23	36	33	13	11	4	17	11	33	20	27	
87	43	152	58	74	47	77	102	74	103	126	31	
88	10	45	153	154	68	62	81	90	156	98	35	
63	86	78	116	12	43	89	61	27	76	58	66	
72	74	118	58	77	75	91	67	66	60	102	112	
53	43	36	81	70	79	49	28	57	40	85	67	
93	65	135	96	79	124	156	81	156	69	78	124	
69	54	114	78	76	74	87	42	72	95	13	34	
73	27	119	114	119	63	59	94	61	85	98	103	
45	64	19	52	43	27	32	51	55	29	67	9	
30	34	24	17	34	26	24	23	23	46	23	40	
63	50	112	18	11	61	108	91	62	58	9	42	
80	73	54	24	75	48	85	104	65	93	75	84	
74	23	54	130	35	135	114	13	81	50	57	50	
14	11	10	9	23	21	14	12	13	12	14	11	
51	38	64	26	76	32	38	30	72	99	6	54	
85	85	87	31	43	63	84	126	42	114	105	50	
10	12	8	18	13	8	10	9	11	5	9	6	
87	35	132	72	31	120	61	62	81	92	109	72	
76	55	101	118	72	81	92	58	88	76	120	54	
44	17	40	69	83	58	45	34	60	14	74	46	
44	53	74	30	49	21	64	29	30	53	28	17	
86	123	125	46	76	118	66	104	109	74	109	57	
32	11	6	40	31	50	22	38	17	46	20	49	
44	53	53	38	71	44	63	44	61	67	15	54	
65	63	104	51	106	68	47	46	98	90	70	56	
84	104	62	105	165	67	125	97	57	112	68	25	
12	7	14	8	8	14	11	15	9	21	13	21	
92	123	34	91	120	137	104	83	111	51	133	58	
47	8	34	74	35	37	46	40	33	28	57	58	
46	11	2	32	39	46	26	73	72	36	3	55	
74	29	129	109	129	41	48	44	59	127	107	108	
45	65	77	38	40	85	21	16	55	56	32	77	
92	114	141	121	141	112	79	119	97	128	114	167	
65	76	55	43	76	112	74	82	52	74	110	109	
11	14	20	9	15	11	6	18	8	5	6	17	
90	67	123	90	110	56	123	165	28	101	38	87	
30	9	32	13	38	16	22	18	34	54	29	44	
43	24	19	37	68	19	42	63	47	40	50	55	
78	139	35	79	39	82	50	18	44	86	109	84	
41	54	50	36	51	48	56	37	20	36	43	64	
73	105	67	69	73	43	81	69	116	69	107	38	
41	22	17	53	56	38	49	5	24	44	51	4	
88	67	145	159	112	54	73	116	152	98	117	102	
13	22	7	22	9	16	14	14	8	7	6	8	
38	28	8	42	40	54	42	38	33	60	39	58	
10	5	12	12	7	6	16	16	6	13	8	17	
92	57	94	76	49	58	106	27	127	112	68	141	
95	106	126	153	32	120	131	70	55	77	52	67	
43	44	30	41	25	51	68	57	62	21	25	24	
17	12	15	26	7	24	23	20	18	15	19	16	
91	134	142	128	92	4	103	104	148	93	143	88	
27	18	42	35	28	19	23	11	23	12	45	26	
42	40	31	25	65	31	65	35	40	21	50	37	
89	35	73	68	50	22	134	36	53	42	56	108	
22	17	1	20	26	8	17	23	15	41	24	13	
12	10	10	4	8	4	8	12	8	20	9	11	
75	119	70	53	87	134	129	76	72	38	45	113	
68	52	45	28	74	76	78	41	30	79	101	76	
40	19	37	10	35	55	29	30	46	17	8	42	
43	46	47	59	22	21	51	41	32	21	57	45	
91	78	100	30	85	80	121	43	106	133	61	72	
22	27	17	7	12	8	14	11	11	15	21	31	
99	84	78	80	101	49	158	123	136	76	126	110	
81	59	71	112	67	120	74	78	133	57	39	68	
18	12	26	26	20	27	20	1	22	15	19	15	
42	41	31	48	54	63	62	4	26	56	41	57	
45	42	54	51	45	56	75	10	34	40	50	29	
49	67	67	73	28	72	34	72	40	29	82	88	
66	89	63	105	58	110	31	33	23	36	73	70	
61	53	50	98	82	25	38	14	61	53	76	97	
31	34	36	3	31	35	41	48	28	29	49	29	
45	43	65	86	68	65	50	73	44	69	83	55	
39	60	10	37	37	3	54	57	56	74	60	53	
23	23	18	23	29	22	12	21	17	11	10	18	
80	95	78	31	74	101	59	50	48	57	77	90	
55	95	49	27	41	54	62	71	66	82	79	58	
97	102	107	118	71	67	133	54	121	113	154	97	
17	21	5	23	10	8	19	3	25	3	21	10	
22	16	24	27	20	29	26	25	28	20	23	11	
18	13	20	14	16	35	35	16	6	31	26	18	
52	34	41	31	57	6	83	55	72	51	16	70	
88	71	92	83	99	132	9	95	53	124	90	48	
37	17	18	38	28	36	44	21	33	52	29	12	
99	79	103	45	17	92	64	87	21	157	53	97	
14	6	17	25	9	17	18	25	5	7	17	8	
24	30	25	25	17	25	38	31	22	1	24	18	
51	57	59	58	62	35	30	44	52	60	39	10	
70	64	101	46	39	92	43	33	66	61	92	29	
94	90	158	123	98	135	113	124	79	63	34	36	
79	126	46	97	25	149	75	49	146	97	98	55	
22	19	31	31	19	38	7	13	25	3	39	18	
54	75	40	66	81	55	33	71	40	41	59	77	
72	15	18	59	65	91	15	89	72	91	93	80	
41	11	45	61	35	19	66	34	26	39	29	33	
94	138	122	58	45	158	144	105	74	134	68	51	
99	93	109	43	88	64	126	140	187	92	27	170	
81	43	99	84	133	117	86	58	39	76	15	28	
Distance matrix
0	41	27.5	55	73	75	40.5	83	35.5	17.5	48.5	69	80.5	69.5	64.5	22.5	51	59.5	29	65	39	52.5	67.5	57.5	52	28.5	66.5	38.5	15	63.5	53.5	94.5	82.5	26	60	33.5	87	42	40.5	53.5	77.5	32.5	20	39.5	91	1	33	81	78	44.5	13.5	67.5	69.5	49.5	33.5	25.5	54.5	64	68	96.5	56.5	98.5	80	32	46	77.5	55	86.5	49	70.5	30.5	70	80	78.5	24.5	13	45	55.5	68.5	48	28.5	8.5	91	28.5	17	46.5	38.5	34	72	7.5	13.5	31.5	51	24	63	21.5	55.5	34	81	12	44	58	8.5	33	13	86.5	66	75	38.5	41	66	15.5	47	31.5	6	39.5	59	60.5	45	13	35	76.5	30	76	86.5	52.5	
41	0	23.5	36	54	44	38.5	56	21.5	33.5	29.5	50	61.5	50.5	45.5	56.5	10	40.5	50	44	2	33.5	48.5	38.5	33	50.5	47.5	19.5	36	44.5	30.5	69.5	61.5	27	29	45.5	68	37	21.5	25.5	58.5	38.5	59	20.5	58	42	46	58	41	25.5	49.5	48.5	50.5	30.5	45.5	51.5	29.5	45	49	57.5	37.5	65.5	61	47	27	58.5	36	67.5	30	43.5	16.5	51	49	59.5	54.5	44	34	36.5	35.5	29	50.5	34.5	58	24.5	38	27.5	19.5	35	53	43.5	39.5	37.5	32	25	44	37.5	28.5	45	48	53	25	39	34.5	44	44	67.5	47	34	24.5	32	47	51.5	28	17.5	37	25.5	40	41.5	34	44	44	57.5	49	57	47.5	33.5	
27.5	23.5	0	37.5	55.5	57.5	33	65.5	18	20	31	51.5	63	52	47	45	33.5	42	48.5	47.5	21.5	35	50	40	34.5	41	49	21	22.5	46	36	77	65	13.5	42.5	36	69.5	29.5	23	34	60	25	47.5	22	71.5	28.5	40.5	63.5	54.5	27	36	50	52	32	36	38	37	46.5	50.5	71	39	79	62.5	45.5	28.5	60	37.5	69	31.5	53	13	52.5	62.5	61	47	30.5	27.5	38	49	30.5	49	21	71.5	1	24.5	29	21	21.5	54.5	30	26	24	33.5	11.5	45.5	24	38	41.5	61.5	39.5	26.5	40.5	21	30.5	30.5	69	48.5	47.5	21	23.5	48.5	38	29.5	14	23.5	22	41.5	43	27.5	30.5	42.5	59	37.5	58.5	61	35	
55	36	37.5	0	38	30	54.5	42	35.5	47.5	28.5	34	45.5	34.5	29.5	72.5	44	24.5	66	10	34	32.5	32.5	22.5	17	66.5	31.5	28.5	50	28.5	41.5	55.5	47.5	41	35	61.5	52	53	30.5	41.5	42.5	52.5	75	19.5	44	56	62	44	27	14.5	63.5	32.5	34.5	14.5	61.5	65.5	40.5	29	33	43.5	26.5	51.5	45	63	9	42.5	0	51.5	24	29.5	30.5	35	35	43.5	70.5	58	50	20.5	26.5	23	66.5	48.5	44	38.5	52	16.5	28.5	49	37	57.5	53.5	51.5	36	39	28	51.5	39.5	61	34	67	19	3	48.5	58	58	51.5	31	20	38.5	46	31	65.5	22	31.5	51	39.5	4	30.5	50	58	60	41.5	65	41	33.5	32.5	
73	54	55.5	38	0	48	78.5	36	53.5	65.5	46.5	32	28.5	17.5	12.5	90.5	64	27.5	98	48	52	50.5	25.5	35.5	25	86.5	14.5	46.5	68	31.5	61.5	27.5	30.5	59	63	81.5	14	75	48.5	71.5	15.5	70.5	93	37.5	34	74	86	34	49	32.5	81.5	25.5	17.5	27.5	81.5	83.5	62.5	27	41	30.5	44.5	31.5	7	95	29	15.5	38	19.5	42	48.5	48.5	13	43	16.5	92.5	76	68	23.5	56.5	41	96.5	66.5	34	56.5	70	34.5	46.5	67	1	75.5	71.5	69.5	54	57	16	69.5	63.5	87	44	85	37	41	66.5	76	76	24.5	19	52	56.5	64	39	83.5	40	49.5	69	57.5	42	48.5	68	76	92	9.5	83	19	40.5	50.5	
75	44	57.5	30	48	0	44.5	22	49.5	67.5	36.5	26	29.5	40.5	39.5	62.5	34	30.5	56	20	46	32.5	32.5	27.5	23	56.5	41.5	46.5	70	26.5	31.5	35.5	27.5	59	25	51.5	38	43	44.5	31.5	42.5	52.5	65	39.5	24	76	52	24	3	34.5	71.5	32.5	40.5	29.5	51.5	59.5	30.5	31	7	23.5	28.5	31.5	45	53	31	42.5	30	43.5	36	14.5	50.5	45	15	41.5	60.5	72	40	30.5	16.5	37	56.5	68.5	24	56.5	68	36.5	46.5	51	47	77.5	71.5	53.5	34	59	38	63.5	29.5	51	14	73	39	27	68.5	52	72	33.5	39	10	46.5	44	9	69.5	38	51.5	71	45.5	26	24.5	40	72	50	51.5	55	39	13.5	32.5	
40.5	38.5	33	54.5	78.5	44.5	0	56.5	39	33	46	60.5	64	75	70	32	28.5	65	25.5	44.5	40.5	42	67	57	57.5	26	72	44	35.5	61	31	70	62	31.5	29.5	21	72.5	17.5	44	21	77	8	34.5	45	58.5	41.5	21.5	58.5	41.5	50	41	67	75	55	21	29	30	65.5	51.5	58	48	66	79.5	22.5	51.5	77	54.5	78	50.5	44	36	75.5	49.5	76	30	41.5	24.5	61	36	51.5	26	34	58.5	34	37.5	52	44	25.5	77.5	43	39	9	38.5	29.5	68.5	33	29	20.5	48.5	42.5	49.5	51.5	34	21.5	41.5	68	71.5	34.5	36	28.5	53.5	39	52.5	37	36.5	35	50.5	44	24.5	41.5	19.5	82	24.5	73.5	48	42	
83	56	65.5	42	36	22	56.5	0	61.5	75.5	48.5	28	21.5	32.5	27.5	74.5	46	37.5	68	32	58	44.5	29.5	39.5	35	68.5	29.5	56.5	78	33.5	43.5	27.5	19.5	69	37	63.5	30	55	56.5	43.5	34.5	64.5	77	47.5	16	84	64	2	19	42.5	83.5	29.5	32.5	37.5	63.5	71.5	42.5	33	29	15.5	40.5	23.5	37	65	39	34.5	42	35.5	48	26.5	58.5	33	17	33.5	72.5	84	52	33.5	28.5	49	68.5	76.5	16	66.5	80	44.5	56.5	63	35	85.5	81.5	65.5	46	67	20	75.5	41.5	63	16	85	47	39	76.5	64	84	25.5	17	22	58.5	56	31	81.5	50	59.5	79	57.5	38	36.5	52	84	62	39.5	67	31	10.5	44.5	
35.5	21.5	18	35.5	53.5	49.5	39	61.5	0	28	29	49.5	61	50	45	53	31.5	40	50.5	45.5	19.5	33	48	38	32.5	49	47	19	30.5	44	34	75	63	21.5	34.5	44	67.5	37.5	21	18	58	33	55.5	20	63.5	36.5	46.5	61.5	46.5	25	44	48	50	30	44	46	35	44.5	48.5	63	37	71	60.5	47.5	26.5	58	35.5	67	29.5	49	5	50.5	54.5	59	55	38.5	30.5	36	41	28.5	51	29	63.5	19	32.5	27	19	29.5	52.5	38	34	32	31.5	19.5	43.5	32	34	45.5	53.5	47.5	24.5	38.5	29	38.5	38.5	67	46.5	39.5	3	26.5	46.5	46	27.5	4	31.5	4	39.5	41	30.5	38.5	44.5	57	45.5	56.5	53	33	
17.5	33.5	20	47.5	65.5	67.5	33	75.5	28	0	41	61.5	73	62	57	35	43.5	52	38.5	57.5	31.5	45	60	50	44.5	31	59	31	12.5	56	46	87	75	18.5	52.5	16	79.5	34.5	33	44	70	25	37.5	32	81.5	18.5	30.5	73.5	64.5	37	26	60	62	42	16	28	47	56.5	60.5	81	49	89	72.5	35.5	38.5	70	47.5	79	41.5	63	23	62.5	72.5	71	37	20.5	37.5	48	59	40.5	39	11	81.5	21	14.5	39	31	26.5	64.5	20	16	24	43.5	16.5	55.5	4	48	31.5	71.5	29.5	36.5	50.5	11	25.5	20.5	79	58.5	57.5	31	33.5	58.5	28	39.5	24	13.5	32	51.5	53	37.5	20.5	32.5	69	27.5	68.5	71	45	
48.5	29.5	31	28.5	46.5	36.5	46	48.5	29	41	0	42.5	54	43	38	64	35.5	33	57.5	36.5	27.5	4	41	31	25.5	58	40	22	43.5	37	33	62	54	34.5	26.5	53	60.5	44.5	24	33	51	46	66.5	9	50.5	49.5	53.5	50.5	33.5	18	57	41	43	23	53	59	32	37.5	41.5	50	30	58	53.5	54.5	19.5	51	28.5	60	22.5	36	24	43.5	41.5	52	62	51.5	41.5	29	28	21.5	58	42	50.5	32	45.5	20	22	42.5	45.5	51	47	45	29.5	32.5	36.5	45	31	52.5	40.5	60.5	17.5	31.5	42	51.5	51.5	60	39.5	26.5	32	39.5	39.5	59	20.5	25	44.5	33	32.5	34	41.5	51.5	51.5	50	56.5	49.5	40	4	
69	50	51.5	34	32	26	60.5	28	49.5	61.5	42.5	0	35.5	28.5	23.5	78.5	50	23.5	72	36	48	46.5	26.5	31.5	21	72.5	25.5	42.5	64	27.5	47.5	41.5	33.5	55	41	67.5	44	59	44.5	47.5	36.5	66.5	81	33.5	30	70	68	30	23	28.5	77.5	26.5	28.5	23.5	67.5	75.5	46.5	5	33	29.5	40.5	37.5	39	69	25	36.5	34	45.5	38	30.5	44.5	29	11	37.5	76.5	72	56	19.5	32.5	37	72.5	62.5	30	52.5	66	30.5	42.5	63	31	71.5	67.5	65.5	50	53	22	65.5	45.5	67	12	81	33	37	62.5	68	72	39.5	25	26	52.5	60	35	79.5	36	45.5	65	53.5	38	40.5	56	72	66	35.5	71	35	19.5	46.5	
80.5	61.5	63	45.5	28.5	29.5	64	21.5	61	73	54	35.5	0	11	16	82	53.5	35	75.5	39.5	59.5	52	33	43	32.5	76	14	54	75.5	39	51	30	2	66.5	44.5	71	32.5	62.5	56	51	33	72	84.5	45	18.5	81.5	71.5	23.5	26.5	40	89	33	11	35	71	79	50	34.5	36.5	18	48	26	35.5	72.5	36.5	33	45.5	38	49.5	34	56	25.5	24.5	34	80	83.5	59.5	31	36	48.5	76	74	18.5	64	77.5	42	54	70.5	27.5	83	79	73	53.5	64.5	23.5	77	49	70.5	23.5	92.5	44.5	46.5	74	71.5	83.5	28	26.5	29.5	64	63.5	38.5	89	47.5	57	76.5	65	45.5	44	59.5	83.5	69.5	32	74.5	31.5	18	52	
69.5	50.5	52	34.5	17.5	40.5	75	32.5	50	62	43	28.5	11	0	5	87	60.5	24	86.5	44.5	48.5	47	22	32	21.5	83	3	43	64.5	28	58	39	13	55.5	55.5	78	31.5	71.5	45	62	22	67	89.5	34	29.5	70.5	82.5	30.5	37.5	29	78	22	0	24	78	80	59	23.5	37.5	29	41	37	24.5	83.5	25.5	22	34.5	31	38.5	45	45	14.5	35.5	23	89	72.5	64.5	20	47	37.5	87	63	29.5	53	66.5	31	43	63.5	16.5	72	68	66	50.5	53.5	12.5	66	60	81.5	34.5	81.5	33.5	37.5	63	72.5	72.5	31	15.5	40.5	53	60.5	35.5	80	36.5	46	65.5	54	38.5	45	64.5	72.5	80.5	21	79.5	20.5	29	47	
64.5	45.5	47	29.5	12.5	39.5	70	27.5	45	57	38	23.5	16	5	0	82	55.5	19	91.5	39.5	43.5	42	17	27	16.5	78	2	38	59.5	23	53	34	18	50.5	54.5	73	26.5	66.5	40	63	17	62	84.5	29	30.5	65.5	77.5	25.5	42.5	24	73	17	5	19	73	75	54	18.5	32.5	34	36	38	19.5	86.5	20.5	17	29.5	26	33.5	40	40	9.5	34.5	18	84	67.5	59.5	15	48	32.5	88	58	30.5	48	61.5	26	38	58.5	11.5	67	63	61	45.5	48.5	7.5	61	55	78.5	35.5	76.5	28.5	32.5	58	67.5	67.5	26	10.5	45.5	48	55.5	30.5	75	31.5	41	60.5	49	33.5	40	59.5	67.5	85.5	16	74.5	15.5	34	42	
22.5	56.5	45	72.5	90.5	62.5	32	74.5	53	35	64	78.5	82	87	82	0	46.5	77	13.5	62.5	56.5	60	85	75	69.5	24	84	56	32.5	79	49	88	80	43.5	47.5	29	90.5	35.5	58	39	95	40	22.5	57	76.5	23.5	24.5	76.5	59.5	62	9	85	87	67	29	27	48	81.5	69.5	76	66	84	97.5	15.5	63.5	95	72.5	96	66.5	62	48	87.5	67.5	94	2	30.5	42.5	73	54	65.5	6	26	76.5	46	34.5	64	56	43.5	89.5	15	31	41	56.5	41.5	80.5	39	47	23.5	66.5	30.5	61.5	69.5	26	34.5	30.5	86	83.5	52.5	54	46.5	71.5	7	64.5	49	23.5	53	68.5	62	42.5	30.5	12.5	94	27.5	91.5	66	60	
51	10	33.5	44	64	34	28.5	46	31.5	43.5	35.5	50	53.5	60.5	55.5	46.5	0	50.5	40	34	12	31.5	56.5	46.5	43	40.5	57.5	29.5	46	50.5	20.5	59.5	51.5	37	19	35.5	62	27	31.5	15.5	66.5	36.5	49	30.5	48	52	36	48	31	35.5	55.5	56.5	60.5	40.5	35.5	43.5	19.5	55	41	47.5	37.5	55.5	69	37	37	66.5	44	67.5	40	33.5	26.5	61	39	65.5	44.5	54	24	46.5	25.5	39	40.5	44.5	48	34.5	48	37.5	29.5	35	63	53.5	49.5	37.5	28	35	54	47.5	18.5	35	38	57	35	41	44.5	36	54	57.5	57	24	30.5	28	43	53.5	38	27.5	47	29.5	40	33.5	24	54	34	67.5	39	63	37.5	31.5	
59.5	40.5	42	24.5	27.5	30.5	65	37.5	40	52	33	23.5	35	24	19	77	50.5	0	76.5	34.5	38.5	37	22	22	11.5	73	21	33	54.5	4	48	49	37	45.5	45.5	68	41.5	61.5	35	52	32	57	79.5	24	39.5	60.5	72.5	35.5	27.5	19	68	22	24	14	68	70	49	18.5	27.5	39	31	47	34.5	73.5	15.5	32	24.5	41	28.5	35	35	24.5	30.5	33	79	62.5	54.5	4	37	27.5	77	53	39.5	43	56.5	21	33	53.5	26.5	62	58	56	40.5	43.5	17.5	56	50	71.5	29.5	71.5	23.5	27.5	53	62.5	62.5	41	20.5	30.5	43	50.5	25.5	70	26.5	36	55.5	44	28.5	35	54.5	62.5	70.5	31	69.5	30.5	29	37	
29	50	48.5	66	98	56	25.5	68	50.5	38.5	57.5	72	75.5	86.5	91.5	13.5	40	76.5	0	56	52	53.5	78.5	68.5	79	17.5	89.5	57.5	36	72.5	42.5	81.5	73.5	45	41	22.5	84	29	55.5	32.5	88.5	33.5	9	66.5	70	28	18	70	53	71.5	22.5	78.5	86.5	76.5	22.5	20.5	41.5	77	63	69.5	59.5	77.5	91	9	75	88.5	66	89.5	62	55.5	55.5	91	61	87.5	11.5	28	36	80.5	47.5	63	7.5	37.5	70	47.5	34	69.5	57.5	37	99	28.5	32.5	34.5	50	47	88	34.5	40.5	17	60	17	67	63	37.5	28	28	79.5	85	46	47.5	40	65	20.5	64	54.5	35	46.5	62	55.5	36	28	6	99.5	21	85	59.5	53.5	
65	44	47.5	10	48	20	44.5	32	45.5	57.5	36.5	36	39.5	44.5	39.5	62.5	34	34.5	56	0	44	32.5	42.5	32.5	27	56.5	41.5	38.5	60	36.5	31.5	45.5	37.5	51	25	51.5	48	43	40.5	31.5	52.5	52.5	65	29.5	34	66	52	34	17	24.5	71.5	42.5	44.5	24.5	51.5	59.5	30.5	39	27	33.5	28.5	41.5	55	53	19	52.5	10	53.5	34	19.5	40.5	45	25	51.5	60.5	68	40	30.5	16.5	33	56.5	58.5	34	48.5	62	26.5	38.5	51	47	67.5	63.5	53.5	34	49	38	61.5	29.5	51	24	73	29	7	58.5	52	68	43.5	41	10	46.5	44	29	69.5	32	41.5	61	45.5	6	24.5	40	68	50	51.5	55	49	23.5	32.5	
39	2	21.5	34	52	46	40.5	58	19.5	31.5	27.5	48	59.5	48.5	43.5	56.5	12	38.5	52	44	0	31.5	46.5	36.5	31	52.5	45.5	17.5	34	42.5	32.5	71.5	61.5	25	31	47.5	66	39	19.5	27.5	56.5	36.5	59	18.5	60	40	48	60	43	23.5	47.5	46.5	48.5	28.5	47.5	49.5	31.5	43	47	59.5	35.5	67.5	59	49	25	56.5	34	65.5	28	45.5	14.5	49	51	57.5	56.5	42	34	34.5	37.5	27	52.5	32.5	60	22.5	36	25.5	17.5	33	51	41.5	37.5	35.5	30	23	42	35.5	30.5	47	50	51	23	37	32.5	42	42	65.5	45	36	22.5	30	45	49.5	26	15.5	35	23.5	38	39.5	34	42	46	55.5	49	55	49.5	31.5	
52.5	33.5	35	32.5	50.5	32.5	42	44.5	33	45	4	46.5	52	47	42	60	31.5	37	53.5	32.5	31.5	0	45	35	29.5	54	44	26	47.5	41	29	58	50	38.5	22.5	49	60.5	40.5	28	29	55	50	62.5	13	46.5	53.5	49.5	46.5	29.5	22	61	45	47	27	49	57	28	41.5	39.5	46	34	54	57.5	50.5	23.5	55	32.5	64	26.5	32	28	47.5	37.5	56	58	55.5	37.5	33	24	25.5	54	46	46.5	36	49.5	24	26	46.5	49.5	55	51	49	31.5	36.5	40.5	49	27	48.5	36.5	64.5	21.5	35.5	46	49.5	55.5	56	43.5	22.5	36	41.5	41.5	63	24.5	29	48.5	37	36.5	32	37.5	55.5	47.5	54	52.5	53.5	36	0	
67.5	48.5	50	32.5	25.5	32.5	67	29.5	48	60	41	26.5	33	22	17	85	56.5	22	78.5	42.5	46.5	45	0	30	19.5	79	19	41	62.5	26	54	43	35	53.5	47.5	74	39.5	65.5	43	54	30	65	87.5	32	31.5	68.5	74.5	31.5	29.5	27	76	0	22	22	74	78	53	21.5	35.5	31	39	39	32.5	75.5	23.5	30	32.5	39	36.5	37	43	22.5	27.5	31	83	70.5	62.5	18	39	35.5	79	61	31.5	51	64.5	29	41	61.5	24.5	70	66	64	48.5	51.5	15.5	64	52	73.5	26.5	79.5	31.5	35.5	61	70.5	70.5	39	18.5	32.5	51	58.5	33.5	78	34.5	44	63.5	52	36.5	43	62.5	70.5	72.5	29	77.5	28.5	19	45	
57.5	38.5	40	22.5	35.5	27.5	57	39.5	38	50	31	31.5	43	32	27	75	46.5	22	68.5	32.5	36.5	35	30	0	14.5	69	29	31	52.5	26	44	53	45	43.5	37.5	64	49.5	55.5	33	44	40	55	77.5	22	41.5	58.5	64.5	41.5	24.5	17	66	30	32	8	64	68	43	26.5	30.5	41	29	49	42.5	65.5	13.5	40	22.5	49	26.5	13	33	32.5	32.5	41	73	60.5	52.5	18	29	25.5	69	51	41.5	41	54.5	19	31	51.5	34.5	60	56	54	38.5	41.5	25.5	54	42	63.5	31.5	69.5	21.5	25.5	51	60.5	60.5	49	28.5	22.5	41	48.5	28.5	68	24.5	34	53.5	42	26.5	33	52.5	60.5	62.5	39	67.5	38.5	31	35	
52	33	34.5	17	25	23	57.5	35	32.5	44.5	25.5	21	32.5	21.5	16.5	69.5	43	11.5	79	27	31	29.5	19.5	14.5	0	65.5	18.5	25.5	47	15.5	40.5	46.5	34.5	38	42	60.5	39	54	27.5	50.5	29.5	49.5	72	16.5	43	53	65	33	26	11.5	60.5	19.5	21.5	6.5	60.5	62.5	41.5	16	16	46.5	23.5	50.5	32	74	8	29.5	17	38.5	21	27.5	27.5	22	32	30.5	71.5	55	47	7.5	35.5	20	75.5	45.5	43	35.5	49	13.5	25.5	46	24	54.5	50.5	48.5	33	36	15	48.5	42.5	66	33	64	16	20	45.5	55	55	38.5	18	33	35.5	43	14	62.5	19	28.5	48	36.5	21	27.5	47	55	73	28.5	62	28	36.5	29.5	
28.5	50.5	41	66.5	86.5	56.5	26	68.5	49	31	58	72.5	76	83	78	24	40.5	73	17.5	56.5	52.5	54	79	69	65.5	0	80	52	28.5	73	43	82	74	39.5	41.5	23	84.5	29.5	54	33	89	34	26.5	53	70.5	29.5	18.5	70.5	53.5	58	33	79	83	63	23	3	42	77.5	63.5	70	60	78	91.5	14.5	59.5	89	66.5	90	62.5	56	44	83.5	61.5	88	22	31.5	36.5	69	48	61.5	18	20	70.5	42	30.5	60	52	37.5	85.5	31	15	35	50.5	37.5	76.5	35	41	17.5	60.5	34.5	57.5	63.5	20	28.5	31.5	80	79.5	46.5	48	40.5	65.5	31	60.5	45	24.5	47	62.5	56	36.5	31.5	11.5	90	21.5	85.5	60	54	
66.5	47.5	49	31.5	14.5	41.5	72	29.5	47	59	40	25.5	14	3	2	84	57.5	21	89.5	41.5	45.5	44	19	29	18.5	80	0	40	61.5	25	55	36	16	52.5	56.5	75	28.5	68.5	42	65	19	64	86.5	31	32.5	67.5	79.5	27.5	40.5	26	75	19	3	21	75	77	56	20.5	34.5	32	38	40	21.5	86.5	22.5	19	31.5	28	35.5	42	42	11.5	36.5	20	86	69.5	61.5	17	50	34.5	90	60	32.5	50	63.5	28	40	60.5	13.5	69	65	63	47.5	50.5	9.5	63	57	80.5	37.5	78.5	30.5	34.5	60	69.5	69.5	28	12.5	43.5	50	57.5	32.5	77	33.5	43	62.5	51	35.5	42	61.5	69.5	83.5	18	76.5	17.5	32	44	
38.5	19.5	21	28.5	46.5	46.5	44	56.5	19	31	22	42.5	54	43	38	56	29.5	33	57.5	38.5	17.5	26	41	31	25.5	52	40	0	33.5	37	15	68	56	24.5	31.5	47	60.5	40.5	2	33	51	36	58.5	13	60.5	39.5	51.5	54.5	43.5	18	47	41	43	23	47	49	16	37.5	41.5	60	30	68	53.5	54.5	19.5	51	28.5	60	22.5	44	14	43.5	51.5	52	58	41.5	33.5	29	38	21.5	58	32	60.5	22	35.5	20	0	32.5	45.5	41	37	35	24.5	22.5	36.5	35	17	52.5	50.5	50.5	17.5	31.5	32	41.5	41.5	60	39.5	36.5	22	29.5	39.5	49	20.5	15	34.5	23	32.5	34	33.5	41.5	51.5	50	48.5	49.5	50	26	
15	36	22.5	50	68	70	35.5	78	30.5	12.5	43.5	64	75.5	64.5	59.5	32.5	46	54.5	36	60	34	47.5	62.5	52.5	47	28.5	61.5	33.5	0	58.5	48.5	89.5	77.5	21	55	28.5	82	37	35.5	46.5	72.5	27.5	35	34.5	84	16	18	76	67	39.5	23.5	62.5	64.5	44.5	28.5	25.5	49.5	59	63	83.5	51.5	91.5	75	33	41	72.5	50	81.5	44	65.5	25.5	65	75	73.5	34.5	18	40	50.5	61.5	43	36.5	8.5	84	23.5	2	41.5	33.5	29	67	17.5	13.5	26.5	46	19	58	16.5	50.5	19	74	27	39	53	8.5	28	18	81.5	61	60	33.5	36	61	25.5	42	26.5	11	34.5	54	55.5	40	18	30	71.5	15	71	73.5	47.5	
63.5	44.5	46	28.5	31.5	26.5	61	33.5	44	56	37	27.5	39	28	23	79	50.5	4	72.5	36.5	42.5	41	26	26	15.5	73	25	37	58.5	0	48	47	39	49.5	41.5	68	45.5	59.5	39	48	36	61	81.5	28	35.5	64.5	68.5	35.5	23.5	23	72	26	28	18	68	74	47	22.5	31.5	35	35	43	38.5	69.5	19.5	36	28.5	45	32.5	31	39	28.5	26.5	37	77	66.5	56.5	8	33	31.5	73	57	35.5	47	60.5	25	37	57.5	30.5	66	62	60	44.5	47.5	21.5	60	46	67.5	25.5	75.5	27.5	31.5	57	66.5	66.5	45	24.5	26.5	47	54.5	29.5	74	30.5	40	59.5	48	32.5	39	56.5	66.5	66.5	35	71.5	34.5	25	41	
53.5	30.5	36	41.5	61.5	31.5	31	43.5	34	46	33	47.5	51	58	53	49	20.5	48	42.5	31.5	32.5	29	54	44	40.5	43	55	15	48.5	48	0	57	49	39.5	16.5	38	59.5	29.5	13	18	64	39	51.5	28	45.5	54.5	38.5	45.5	28.5	33	58	54	58	38	38	46	1	52.5	38.5	45	35	53	66.5	39.5	34.5	64	41.5	65	37.5	31	29	58.5	36.5	63	47	56.5	26.5	44	23	36.5	43	47	45.5	37	50.5	35	15	37.5	60.5	56	52	40	25.5	37.5	51.5	50	2	37.5	35.5	59.5	32.5	38.5	47	38.5	56.5	55	54.5	21.5	33	30.5	40.5	56	35.5	30	49.5	32	37.5	31	26.5	56.5	36.5	65	41.5	60.5	35	29	
94.5	69.5	77	55.5	27.5	35.5	70	27.5	75	87	62	41.5	30	39	34	88	59.5	49	81.5	45.5	71.5	58	43	53	46.5	82	36	68	89.5	47	57	0	28	80.5	50.5	77	23.5	68.5	70	57	33	78	90.5	59	19.5	95.5	77.5	29.5	32.5	54	97	43	39	49	77	85	56	46.5	42.5	14	54	4	30.5	78.5	50.5	33	55.5	8	61.5	40	70	34.5	30.5	32	86	97.5	65.5	45	42	62.5	82	88	19.5	78	91.5	56	68	76.5	26.5	97	93	79	59.5	78.5	37.5	89	55	76.5	29.5	98.5	58.5	52.5	88	77.5	97.5	24	40.5	35.5	72	69.5	44.5	95	61.5	71	90.5	71	51.5	50	65.5	97.5	75.5	18	80.5	34.5	24	58	
82.5	61.5	65	47.5	30.5	27.5	62	19.5	63	75	54	33.5	2	13	18	80	51.5	37	73.5	37.5	61.5	50	35	45	34.5	74	16	56	77.5	39	49	28	0	68.5	42.5	69	30.5	60.5	58	49	35	70	82.5	47	16.5	83.5	69.5	21.5	24.5	42	89	35	13	37	69	77	48	36.5	34.5	16	46	24	37.5	70.5	38.5	35	47.5	36	51.5	32	58	27.5	22.5	34	78	85.5	57.5	33	34	50.5	74	76	16.5	66	79.5	44	56	68.5	29.5	85	81	71	51.5	66.5	25.5	79	47	68.5	21.5	90.5	46.5	44.5	76	69.5	85.5	26	28.5	27.5	64	61.5	36.5	87	49.5	59	78.5	63	43.5	42	57.5	85.5	67.5	34	72.5	31.5	16	50	
26	27	13.5	41	59	59	31.5	69	21.5	18.5	34.5	55	66.5	55.5	50.5	43.5	37	45.5	45	51	25	38.5	53.5	43.5	38	39.5	52.5	24.5	21	49.5	39.5	80.5	68.5	0	44	34.5	73	16	26.5	35.5	63.5	23.5	46	25.5	73	27	39	67	56	30.5	34.5	53.5	55.5	35.5	34.5	36.5	40.5	50	54	72.5	42.5	80.5	66	42	32	63.5	41	72.5	35	56.5	16.5	56	64	64.5	45.5	29	31	41.5	50.5	34	45.5	19.5	73	14.5	23	32.5	24.5	8	58	28.5	24.5	22.5	37	2	49	22.5	41.5	40	63	38	30	44	19.5	29	29	72.5	52	49	24.5	27	52	36.5	33	17.5	22	25.5	45	46.5	31	29	39	62.5	36	62	62.5	38.5	
60	29	42.5	35	63	25	29.5	37	34.5	52.5	26.5	41	44.5	55.5	54.5	47.5	19	45.5	41	25	31	22.5	47.5	37.5	42	41.5	56.5	31.5	55	41.5	16.5	50.5	42.5	44	0	36.5	53	28	29.5	16.5	57.5	37.5	50	29.5	39	61	37	39	22	34.5	56.5	47.5	55.5	39.5	36.5	44.5	15.5	46	32	38.5	28.5	46.5	60	38	36	57.5	35	58.5	31	24.5	35.5	60	30	56.5	45.5	57	25	45.5	16.5	32	41.5	53.5	39	41.5	53	36.5	31.5	36	62	62.5	56.5	38.5	9	44	53	48.5	14.5	36	29	58	34	32	53.5	37	57	48.5	54	15	31.5	29	34	54.5	33	36.5	56	30.5	31	24.5	25	57	35	66.5	40	54	28.5	22.5	
33.5	45.5	36	61.5	81.5	51.5	21	63.5	44	16	53	67.5	71	78	73	29	35.5	68	22.5	51.5	47.5	49	74	64	60.5	23	75	47	28.5	68	38	77	69	34.5	36.5	0	79.5	24.5	49	28	84	29	31.5	48	65.5	34.5	18.5	65.5	48.5	53	38	74	78	58	0	26	37	72.5	58.5	65	55	73	86.5	19.5	54.5	84	61.5	85	57.5	51	39	78.5	56.5	83	27	36.5	31.5	64	43	56.5	23	27	65.5	37	30.5	55	47	32.5	80.5	36	32	30	45.5	32.5	71.5	12	36	17.5	55.5	39.5	52.5	58.5	27	23.5	36.5	75	74.5	41.5	43	35.5	60.5	36	55.5	40	29.5	42	57.5	51	31.5	36.5	16.5	85	21.5	80.5	55	49	
87	68	69.5	52	14	38	72.5	30	67.5	79.5	60.5	44	32.5	31.5	26.5	90.5	62	41.5	84	48	66	60.5	39.5	49.5	39	84.5	28.5	60.5	82	45.5	59.5	23.5	30.5	73	53	79.5	0	71	62.5	59.5	29.5	80.5	93	51.5	22	88	80	32	35	46.5	95.5	39.5	31.5	41.5	79.5	87.5	58.5	41	45	16.5	56.5	19.5	7	81	43	29.5	52	31.5	56	42.5	62.5	27	33	30.5	88.5	90	68	37.5	44.5	55	84.5	80.5	22	70.5	84	48.5	60.5	79	15	89.5	85.5	81.5	62	71	30	83.5	57.5	79	32	99	51	55	80.5	80	90	26.5	33	38	70.5	72	47	97.5	54	63.5	83	71.5	54	52.5	68	90	78	23.5	83	33	26.5	60.5	
42	37	29.5	53	75	43	17.5	55	37.5	34.5	44.5	59	62.5	71.5	66.5	35.5	27	61.5	29	43	39	40.5	65.5	55.5	54	29.5	68.5	40.5	37	59.5	29.5	68.5	60.5	16	28	24.5	71	0	42.5	19.5	75.5	25.5	38	41.5	57	43	25	57	40	46.5	44.5	65.5	71.5	51.5	24.5	32.5	28.5	64	50	56.5	46.5	64.5	78	26	48	75.5	53	76.5	49	42.5	32.5	72	48	74.5	33.5	45	23	57.5	34.5	50	29.5	35.5	57	30.5	39	48.5	40.5	8	74	44.5	40.5	26.5	37	18	65	36.5	27.5	24	47	46	46	50	35.5	25	45	66.5	68	33	34.5	27	52	42.5	49	33.5	38	33.5	49	42.5	23	45	23	78.5	28	72	46.5	40.5	
40.5	21.5	23	30.5	48.5	44.5	44	56.5	21	33	24	44.5	56	45	40	58	31.5	35	55.5	40.5	19.5	28	43	33	27.5	54	42	2	35.5	39	13	70	58	26.5	29.5	49	62.5	42.5	0	31	53	38	60.5	15	58.5	41.5	51.5	56.5	41.5	20	49	43	45	25	49	51	14	39.5	43.5	58	32	66	55.5	52.5	21.5	53	30.5	62	24.5	44	16	45.5	49.5	54	60	43.5	35.5	31	36	23.5	56	34	58.5	24	37.5	22	2	34.5	47.5	43	39	37	26.5	24.5	38.5	37	15	50.5	48.5	52.5	19.5	33.5	34	43.5	43.5	62	41.5	34.5	24	31.5	41.5	51	22.5	17	36.5	25	34.5	36	35.5	43.5	49.5	52	50.5	51.5	48	28	
53.5	25.5	34	41.5	71.5	31.5	21	43.5	18	44	33	47.5	51	62	63	39	15.5	52	32.5	31.5	27.5	29	54	44	50.5	33	65	33	46.5	48	18	57	49	35.5	16.5	28	59.5	19.5	31	0	64	29	41.5	38	45.5	54.5	28.5	45.5	28.5	43	48	54	62	48	28	36	17	52.5	38.5	45	35	53	66.5	29.5	44.5	64	41.5	65	37.5	31	23	66.5	36.5	63	37	48.5	16.5	54	23	38.5	33	47	45.5	33	44.5	45	33	27.5	70.5	54	48	30	25.5	37.5	61.5	40	16	27.5	35.5	49.5	42.5	38.5	47	28.5	48.5	55	60.5	21.5	15	20.5	40.5	46	39.5	22	49.5	14	37.5	31	16.5	48.5	26.5	75	31.5	60.5	35	29	
77.5	58.5	60	42.5	15.5	42.5	77	34.5	58	70	51	36.5	33	22	17	95	66.5	32	88.5	52.5	56.5	55	30	40	29.5	89	19	51	72.5	36	64	33	35	63.5	57.5	84	29.5	75.5	53	64	0	75	97.5	42	26.5	78.5	84.5	36.5	39.5	37	86	30	22	32	84	88	63	31.5	45.5	19	49	29	22.5	85.5	33.5	0	42.5	29	46.5	47	53	17.5	37.5	1	93	80.5	72.5	28	49	45.5	89	71	26.5	61	74.5	39	51	71.5	14.5	80	76	74	58.5	61.5	20.5	74	62	83.5	36.5	89.5	41.5	45.5	71	80.5	80.5	9	23.5	42.5	61	68.5	43.5	88	44.5	54	73.5	62	46.5	53	72.5	80.5	82.5	19	87.5	23.5	31	55	
32.5	38.5	25	52.5	70.5	52.5	8	64.5	33	25	46	66.5	72	67	62	40	36.5	57	33.5	52.5	36.5	50	65	55	49.5	34	64	36	27.5	61	39	78	70	23.5	37.5	29	80.5	25.5	38	29	75	0	42.5	37	66.5	33.5	29.5	66.5	49.5	42	41	65	67	47	29	37	38	61.5	59.5	66	54	74	77.5	30.5	43.5	75	52.5	84	46.5	52	28	67.5	57.5	76	38	35.5	32.5	53	44	45.5	34	26	66.5	26	29.5	44	36	31.5	69.5	35	31	1	46.5	21.5	60.5	29	37	28.5	56.5	44.5	41.5	55.5	26	29.5	35.5	76	63.5	42.5	36	36.5	61.5	43	44.5	29	28.5	37	56.5	52	32.5	35.5	27.5	74	32.5	73.5	56	50	
20	59	47.5	75	93	65	34.5	77	55.5	37.5	66.5	81	84.5	89.5	84.5	22.5	49	79.5	9	65	59	62.5	87.5	77.5	72	26.5	86.5	58.5	35	81.5	51.5	90.5	82.5	46	50	31.5	93	38	60.5	41.5	97.5	42.5	0	59.5	79	19	27	79	62	64.5	31.5	87.5	89.5	69.5	31.5	29.5	50.5	84	72	78.5	68.5	86.5	100	18	66	97.5	75	98.5	69	64.5	50.5	90	70	96.5	20.5	33	45	75.5	56.5	68	16.5	28.5	79	48.5	37	66.5	58.5	46	92	27.5	33.5	43.5	59	44	83	41.5	49.5	26	69	8	64	72	28.5	37	33	88.5	86	55	56.5	49	74	29.5	67	51.5	26	55.5	71	64.5	45	33	15	96.5	30	94	68.5	62.5	
39.5	20.5	22	19.5	37.5	39.5	45	47.5	20	32	9	33.5	45	34	29	57	30.5	24	66.5	29.5	18.5	13	32	22	16.5	53	31	13	34.5	28	28	59	47	25.5	29.5	48	51.5	41.5	15	38	42	37	59.5	0	55.5	40.5	52.5	45.5	42.5	9	48	32	34	14	48	50	29	28.5	32.5	59	21	63	44.5	61.5	10.5	42	19.5	51	13.5	35	15	34.5	44.5	43	59	42.5	34.5	20	33	12.5	63	33	55.5	23	36.5	11	13	33.5	36.5	42	38	36	20.5	23.5	27.5	36	30	53.5	45.5	51.5	8.5	22.5	33	42.5	42.5	51	30.5	35.5	23	30.5	30.5	50	11.5	16	35.5	24	23.5	25	34.5	42.5	60.5	41	49.5	40.5	49	13	
91	58	71.5	44	34	24	58.5	16	63.5	81.5	50.5	30	18.5	29.5	30.5	76.5	48	39.5	70	34	60	46.5	31.5	41.5	43	70.5	32.5	60.5	84	35.5	45.5	19.5	16.5	73	39	65.5	22	57	58.5	45.5	26.5	66.5	79	55.5	0	92	66	18	21	50.5	85.5	31.5	29.5	45.5	65.5	73.5	44.5	35	31	7.5	42.5	15.5	29	67	47	26.5	44	27.5	50	28.5	66.5	21	19	25.5	74.5	86	54	41.5	30.5	51	70.5	84.5	0	70.5	82	52.5	60.5	65	33	91.5	85.5	67.5	48	75	34	77.5	43.5	65	18	87	55	41	84.5	66	86	17.5	33	24	60.5	58	33	83.5	52	67.5	87	59.5	40	38.5	54	86	64	37.5	69	15	12.5	46.5	
1	42	28.5	56	74	76	41.5	84	36.5	18.5	49.5	70	81.5	70.5	65.5	23.5	52	60.5	28	66	40	53.5	68.5	58.5	53	29.5	67.5	39.5	16	64.5	54.5	95.5	83.5	27	61	34.5	88	43	41.5	54.5	78.5	33.5	19	40.5	92	0	34	82	79	45.5	14.5	68.5	70.5	50.5	34.5	26.5	55.5	65	69	97.5	57.5	99.5	81	33	47	78.5	56	87.5	50	71.5	31.5	71	81	79.5	25.5	14	46	56.5	69.5	49	29.5	9.5	92	29.5	18	47.5	39.5	35	73	8.5	14.5	32.5	52	25	64	22.5	56.5	35	82	11	45	59	9.5	34	14	87.5	67	74	39.5	42	67	16.5	48	32.5	7	40.5	60	61.5	46	14	34	77.5	31	77	87.5	53.5	
33	46	40.5	62	86	52	21.5	64	46.5	30.5	53.5	68	71.5	82.5	77.5	24.5	36	72.5	18	52	48	49.5	74.5	64.5	65	18.5	79.5	51.5	18	68.5	38.5	77.5	69.5	39	37	18.5	80	25	51.5	28.5	84.5	29.5	27	52.5	66	34	0	66	49	57.5	33.5	74.5	82.5	62.5	18.5	21.5	37.5	73	59	65.5	55.5	73.5	87	15	59	84.5	62	85.5	58	51.5	43.5	83	57	83.5	22.5	34	32	68.5	43.5	59	18.5	26.5	66	41.5	16	59.5	51.5	33	85	35.5	31.5	30.5	46	37	76	30.5	36.5	1	56	35	57	59	26.5	24	34	75.5	79	42	43.5	36	61	31.5	60	44.5	29	42.5	58	51.5	32	34	12	89.5	3	81	55.5	49.5	
81	58	63.5	44	34	24	58.5	2	61.5	73.5	50.5	30	23.5	30.5	25.5	76.5	48	35.5	70	34	60	46.5	31.5	41.5	33	70.5	27.5	54.5	76	35.5	45.5	29.5	21.5	67	39	65.5	32	57	56.5	45.5	36.5	66.5	79	45.5	18	82	66	0	21	40.5	85.5	31.5	30.5	35.5	65.5	73.5	44.5	35	31	17.5	42.5	25.5	39	67	37	36.5	44	37.5	50	28.5	56.5	31	19	35.5	74.5	84	54	31.5	30.5	49	70.5	74.5	18	64.5	78	42.5	54.5	65	33	83.5	79.5	67.5	48	65	18	77.5	43.5	65	18	87	45	41	74.5	66	84	27.5	15	24	60.5	58	33	83.5	48	57.5	77	59.5	40	38.5	54	84	64	37.5	69	33	12.5	46.5	
78	41	54.5	27	49	3	41.5	19	46.5	64.5	33.5	23	26.5	37.5	42.5	59.5	31	27.5	53	17	43	29.5	29.5	24.5	26	53.5	40.5	43.5	67	23.5	28.5	32.5	24.5	56	22	48.5	35	40	41.5	28.5	39.5	49.5	62	42.5	21	79	49	21	0	37.5	68.5	29.5	37.5	32.5	48.5	56.5	27.5	28	10	20.5	25.5	28.5	42	50	34	39.5	27	40.5	33	11.5	51.5	42	12	38.5	57.5	69	37	31.5	13.5	34	53.5	71.5	21	53.5	65	35.5	43.5	48	50	74.5	68.5	50.5	31	58	39	60.5	26.5	48	11	70	38	24	71.5	49	69	30.5	36	7	43.5	41	12	66.5	35	50.5	74	42.5	23	21.5	37	69	47	50.5	52	36	10.5	29.5	
44.5	25.5	27	14.5	32.5	34.5	50	42.5	25	37	18	28.5	40	29	24	62	35.5	19	71.5	24.5	23.5	22	27	17	11.5	58	26	18	39.5	23	33	54	42	30.5	34.5	53	46.5	46.5	20	43	37	42	64.5	9	50.5	45.5	57.5	40.5	37.5	0	53	27	29	9	53	55	34	23.5	27.5	54	12	58	39.5	66.5	5.5	37	14.5	46	13.5	30	20	29.5	39.5	38	64	47.5	39.5	15	24	12.5	68	38	50.5	28	41.5	2	18	38.5	31.5	47	43	41	25.5	28.5	22.5	41	35	58.5	40.5	56.5	8.5	17.5	38	47.5	47.5	46	25.5	30.5	28	35.5	25.5	55	11.5	21	40.5	29	18.5	16	39.5	47.5	65.5	36	54.5	35.5	44	22	
13.5	49.5	36	63.5	81.5	71.5	41	83.5	44	26	57	77.5	89	78	73	9	55.5	68	22.5	71.5	47.5	61	76	66	60.5	33	75	47	23.5	72	58	97	89	34.5	56.5	38	95.5	44.5	49	48	86	41	31.5	48	85.5	14.5	33.5	85.5	68.5	53	0	76	78	58	38	34	57	72.5	76.5	85	65	93	88.5	24.5	54.5	86	63.5	95	57.5	71	39	78.5	76.5	87	11	21.5	51.5	64	63	56.5	15	17	85.5	37	25.5	55	47	42.5	80.5	6	22	40	59.5	32.5	71.5	30	56	32.5	75.5	25.5	52.5	66.5	17	41.5	21.5	95	74.5	61.5	47	49.5	74.5	2	55.5	40	14.5	48	67.5	69	51.5	21.5	21.5	85	36.5	84.5	75	61	
67.5	48.5	50	32.5	25.5	32.5	67	29.5	48	60	41	26.5	33	22	17	85	56.5	22	78.5	42.5	46.5	45	0	30	19.5	79	19	41	62.5	26	54	43	35	53.5	47.5	74	39.5	65.5	43	54	30	65	87.5	32	31.5	68.5	74.5	31.5	29.5	27	76	0	22	22	74	78	53	21.5	35.5	31	39	39	32.5	75.5	23.5	30	32.5	39	36.5	37	43	22.5	27.5	31	83	70.5	62.5	18	39	35.5	79	61	31.5	51	64.5	29	41	61.5	24.5	70	66	64	48.5	51.5	15.5	64	52	73.5	26.5	79.5	31.5	35.5	61	70.5	70.5	39	18.5	32.5	51	58.5	33.5	78	34.5	44	63.5	52	36.5	43	62.5	70.5	72.5	29	77.5	28.5	19	45	
69.5	50.5	52	34.5	17.5	40.5	75	32.5	50	62	43	28.5	11	0	5	87	60.5	24	86.5	44.5	48.5	47	22	32	21.5	83	3	43	64.5	28	58	39	13	55.5	55.5	78	31.5	71.5	45	62	22	67	89.5	34	29.5	70.5	82.5	30.5	37.5	29	78	22	0	24	78	80	59	23.5	37.5	29	41	37	24.5	83.5	25.5	22	34.5	31	38.5	45	45	14.5	35.5	23	89	72.5	64.5	20	47	37.5	87	63	29.5	53	66.5	31	43	63.5	16.5	72	68	66	50.5	53.5	12.5	66	60	81.5	34.5	81.5	33.5	37.5	63	72.5	72.5	31	15.5	40.5	53	60.5	35.5	80	36.5	46	65.5	54	38.5	45	64.5	72.5	80.5	21	79.5	20.5	29	47	
49.5	30.5	32	14.5	27.5	29.5	55	37.5	30	42	23	23.5	35	24	19	67	40.5	14	76.5	24.5	28.5	27	22	8	6.5	63	21	23	44.5	18	38	49	37	35.5	39.5	58	41.5	51.5	25	48	32	47	69.5	14	45.5	50.5	62.5	35.5	32.5	9	58	22	24	0	58	60	39	18.5	22.5	49	21	53	34.5	71.5	5.5	32	14.5	41	18.5	21	25	24.5	34.5	33	69	52.5	44.5	10	33	17.5	73	43	45.5	33	46.5	11	23	43.5	26.5	52	48	46	30.5	33.5	17.5	46	40	63.5	35.5	61.5	13.5	17.5	43	52.5	52.5	41	20.5	30.5	33	40.5	20.5	60	16.5	26	45.5	34	18.5	25	44.5	52.5	70.5	31	59.5	30.5	39	27	
33.5	45.5	36	61.5	81.5	51.5	21	63.5	44	16	53	67.5	71	78	73	29	35.5	68	22.5	51.5	47.5	49	74	64	60.5	23	75	47	28.5	68	38	77	69	34.5	36.5	0	79.5	24.5	49	28	84	29	31.5	48	65.5	34.5	18.5	65.5	48.5	53	38	74	78	58	0	26	37	72.5	58.5	65	55	73	86.5	19.5	54.5	84	61.5	85	57.5	51	39	78.5	56.5	83	27	36.5	31.5	64	43	56.5	23	27	65.5	37	30.5	55	47	32.5	80.5	36	32	30	45.5	32.5	71.5	12	36	17.5	55.5	39.5	52.5	58.5	27	23.5	36.5	75	74.5	41.5	43	35.5	60.5	36	55.5	40	29.5	42	57.5	51	31.5	36.5	16.5	85	21.5	80.5	55	49	
25.5	51.5	38	65.5	83.5	59.5	29	71.5	46	28	59	75.5	79	80	75	27	43.5	70	20.5	59.5	49.5	57	78	68	62.5	3	77	49	25.5	74	46	85	77	36.5	44.5	26	87.5	32.5	51	36	88	37	29.5	50	73.5	26.5	21.5	73.5	56.5	55	34	78	80	60	26	0	45	74.5	66.5	73	63	81	90.5	17.5	56.5	88	65.5	93	59.5	59	41	80.5	64.5	89	25	28.5	39.5	66	51	58.5	21	17	73.5	39	27.5	57	49	40.5	82.5	28	12	38	53.5	34.5	73.5	32	44	20.5	63.5	37.5	54.5	66.5	17	31.5	28.5	83	76.5	49.5	49	43.5	68.5	34	57.5	42	21.5	50	65.5	59	39.5	28.5	14.5	87	24.5	86.5	63	57	
54.5	29.5	37	40.5	62.5	30.5	30	42.5	35	47	32	46.5	50	59	54	48	19.5	49	41.5	30.5	31.5	28	53	43	41.5	42	56	16	49.5	47	1	56	48	40.5	15.5	37	58.5	28.5	14	17	63	38	50.5	29	44.5	55.5	37.5	44.5	27.5	34	57	53	59	39	37	45	0	51.5	37.5	44	34	52	65.5	38.5	35.5	63	40.5	64	36.5	30	30	59.5	35.5	62	46	57.5	25.5	45	22	37.5	42	48	44.5	38	51.5	36	16	36.5	61.5	57	53	39	24.5	38.5	52.5	49	1	36.5	34.5	58.5	33.5	37.5	48	37.5	57.5	54	55.5	20.5	32	29.5	39.5	55	36.5	31	50.5	31	36.5	30	25.5	57.5	35.5	66	40.5	59.5	34	28	
64	45	46.5	29	27	31	65.5	33	44.5	56.5	37.5	5	34.5	23.5	18.5	81.5	55	18.5	77	39	43	41.5	21.5	26.5	16	77.5	20.5	37.5	59	22.5	52.5	46.5	36.5	50	46	72.5	41	64	39.5	52.5	31.5	61.5	84	28.5	35	65	73	35	28	23.5	72.5	21.5	23.5	18.5	72.5	74.5	51.5	0	32	34.5	35.5	42.5	34	74	20	31.5	29	40.5	33	35.5	39.5	24	16	32.5	81.5	67	59	14.5	37.5	32	77.5	57.5	35	47.5	61	25.5	37.5	58	26	66.5	62.5	60.5	45	48	17	60.5	50.5	72	17	76	28	32	57.5	67	67	40.5	20	31	47.5	55	30	74.5	31	40.5	60	48.5	33	39.5	59	67	71	30.5	74	30	24.5	41.5	
68	49	50.5	33	41	7	51.5	29	48.5	60.5	41.5	33	36.5	37.5	32.5	69.5	41	27.5	63	27	47	39.5	35.5	30.5	16	63.5	34.5	41.5	63	31.5	38.5	42.5	34.5	54	32	58.5	45	50	43.5	38.5	45.5	59.5	72	32.5	31	69	59	31	10	27.5	76.5	35.5	37.5	22.5	58.5	66.5	37.5	32	0	30.5	35.5	38.5	48	60	24	45.5	33	50.5	37	21.5	43.5	38	22	46.5	67.5	71	47	23.5	23.5	36	63.5	61.5	31	51.5	65	29.5	41.5	58	40	70.5	66.5	60.5	41	52	31	64.5	36.5	58	21	80	32	34	61.5	59	71	40.5	34	17	51.5	51	2	76.5	35	44.5	64	52.5	33	31.5	47	71	57	44.5	62	44	20.5	39.5	
96.5	57.5	71	43.5	30.5	23.5	58	15.5	63	81	50	29.5	18	29	34	76	47.5	39	69.5	33.5	59.5	46	31	41	46.5	70	32	60	83.5	35	45	14	16	72.5	38.5	65	16.5	56.5	58	45	19	66	78.5	59	7.5	97.5	65.5	17.5	20.5	54	85	31	29	49	65	73	44	34.5	30.5	0	42	10	23.5	66.5	52.5	19	43.5	22	49.5	28	68	28.5	18.5	18	74	85.5	53.5	43	30	50.5	70	90	7.5	70	81.5	52	60	64.5	31.5	91	85	67	47.5	74.5	35.5	77	43	64.5	17.5	86.5	54.5	40.5	90	65.5	85.5	10	32.5	23.5	60	57.5	32.5	83	51.5	67	92.5	59	39.5	38	53.5	85.5	63.5	32	68.5	22.5	12	46	
56.5	37.5	39	26.5	44.5	28.5	48	40.5	37	49	30	40.5	48	41	36	66	37.5	31	59.5	28.5	35.5	34	39	29	23.5	60	38	30	51.5	35	35	54	46	42.5	28.5	55	56.5	46.5	32	35	49	54	68.5	21	42.5	57.5	55.5	42.5	25.5	12	65	39	41	21	55	63	34	35.5	35.5	42	0	50	51.5	56.5	17.5	49	26.5	58	25.5	28	32	41.5	33.5	50	64	59.5	43.5	27	12	24.5	60	50	42.5	40	53.5	10	30	50.5	43.5	59	55	53	37.5	40.5	34.5	53	33	54.5	32.5	68.5	20.5	29.5	50	55.5	59.5	52	37.5	18.5	40	47.5	37.5	67	23.5	33	52.5	41	30.5	4	43.5	59.5	53.5	48	58.5	47.5	32	34	
98.5	65.5	79	51.5	31.5	31.5	66	23.5	71	89	58	37.5	26	37	38	84	55.5	47	77.5	41.5	67.5	54	39	49	50.5	78	40	68	91.5	43	53	4	24	80.5	46.5	73	19.5	64.5	66	53	29	74	86.5	63	15.5	99.5	73.5	25.5	28.5	58	93	39	37	53	73	81	52	42.5	38.5	10	50	0	26.5	74.5	54.5	29	51.5	12	57.5	36	74	36.5	26.5	28	82	93.5	61.5	49	38	58.5	78	92	15.5	78	89.5	60	68	72.5	30.5	99	93	75	55.5	82.5	41.5	85	51	72.5	25.5	94.5	62.5	48.5	92	73.5	93.5	20	40.5	31.5	68	65.5	40.5	91	59.5	75	94.5	67	47.5	46	61.5	93.5	71.5	22	76.5	30.5	20	54	
80	61	62.5	45	7	45	79.5	37	60.5	72.5	53.5	39	35.5	24.5	19.5	97.5	69	34.5	91	55	59	57.5	32.5	42.5	32	91.5	21.5	53.5	75	38.5	66.5	30.5	37.5	66	60	86.5	7	78	55.5	66.5	22.5	77.5	100	44.5	29	81	87	39	42	39.5	88.5	32.5	24.5	34.5	86.5	90.5	65.5	34	48	23.5	51.5	26.5	0	88	36	22.5	45	26.5	49	49.5	55.5	20	40	23.5	95.5	83	75	30.5	51.5	48	91.5	73.5	29	63.5	77	41.5	53.5	74	8	82.5	78.5	76.5	61	64	23	76.5	64.5	86	39	92	44	48	73.5	83	83	31.5	26	45	63.5	71	46	90.5	47	56.5	76	64.5	49	55.5	75	83	85	16.5	90	26	33.5	57.5	
32	47	45.5	63	95	53	22.5	65	47.5	35.5	54.5	69	72.5	83.5	86.5	15.5	37	73.5	9	53	49	50.5	75.5	65.5	74	14.5	86.5	54.5	33	69.5	39.5	78.5	70.5	42	38	19.5	81	26	52.5	29.5	85.5	30.5	18	61.5	67	33	15	67	50	66.5	24.5	75.5	83.5	71.5	19.5	17.5	38.5	74	60	66.5	56.5	74.5	88	0	68	85.5	63	86.5	59	52.5	52.5	88	58	84.5	13.5	19	33	77.5	44.5	60	9.5	30.5	67	44.5	31	66.5	54.5	34	94	30.5	29.5	31.5	47	44	85	31.5	37.5	14	57	26	64	60	30.5	25	19	76.5	82	43	44.5	37	62	22.5	61	51.5	26	43.5	59	52.5	33	19	3	96.5	18	82	56.5	50.5	
46	27	28.5	9	29	31	51.5	39	26.5	38.5	19.5	25	36.5	25.5	20.5	63.5	37	15.5	75	19	25	23.5	23.5	13.5	8	59.5	22.5	19.5	41	19.5	34.5	50.5	38.5	32	36	54.5	43	48	21.5	44.5	33.5	43.5	66	10.5	47	47	59	37	34	5.5	54.5	23.5	25.5	5.5	54.5	56.5	35.5	20	24	52.5	17.5	54.5	36	68	0	33.5	9	42.5	15	26.5	21.5	26	36	34.5	65.5	49	41	11.5	29.5	14	69.5	39.5	47	29.5	43	7.5	19.5	40	28	48.5	44.5	42.5	27	30	19	42.5	36.5	60	37	58	10	12	39.5	49	49	42.5	22	29	29.5	37	22	56.5	13	22.5	42	30.5	13	21.5	41	49	69	32.5	56	32	42.5	23.5	
77.5	58.5	60	42.5	15.5	42.5	77	34.5	58	70	51	36.5	33	22	17	95	66.5	32	88.5	52.5	56.5	55	30	40	29.5	89	19	51	72.5	36	64	33	35	63.5	57.5	84	29.5	75.5	53	64	0	75	97.5	42	26.5	78.5	84.5	36.5	39.5	37	86	30	22	32	84	88	63	31.5	45.5	19	49	29	22.5	85.5	33.5	0	42.5	29	46.5	47	53	17.5	37.5	1	93	80.5	72.5	28	49	45.5	89	71	26.5	61	74.5	39	51	71.5	14.5	80	76	74	58.5	61.5	20.5	74	62	83.5	36.5	89.5	41.5	45.5	71	80.5	80.5	9	23.5	42.5	61	68.5	43.5	88	44.5	54	73.5	62	46.5	53	72.5	80.5	82.5	19	87.5	23.5	31	55	
55	36	37.5	0	38	30	54.5	42	35.5	47.5	28.5	34	45.5	34.5	29.5	72.5	44	24.5	66	10	34	32.5	32.5	22.5	17	66.5	31.5	28.5	50	28.5	41.5	55.5	47.5	41	35	61.5	52	53	30.5	41.5	42.5	52.5	75	19.5	44	56	62	44	27	14.5	63.5	32.5	34.5	14.5	61.5	65.5	40.5	29	33	43.5	26.5	51.5	45	63	9	42.5	0	51.5	24	29.5	30.5	35	35	43.5	70.5	58	50	20.5	26.5	23	66.5	48.5	44	38.5	52	16.5	28.5	49	37	57.5	53.5	51.5	36	39	28	51.5	39.5	61	34	67	19	3	48.5	58	58	51.5	31	20	38.5	46	31	65.5	22	31.5	51	39.5	4	30.5	50	58	60	41.5	65	41	33.5	32.5	
86.5	67.5	69	51.5	19.5	43.5	78	35.5	67	79	60	45.5	38	31	26	96	67.5	41	89.5	53.5	65.5	64	39	49	38.5	90	28	60	81.5	45	65	8	36	72.5	58.5	85	31.5	76.5	62	65	29	84	98.5	51	27.5	87.5	85.5	37.5	40.5	46	95	39	31	41	85	93	64	40.5	50.5	22	58	12	26.5	86.5	42.5	29	51.5	0	55.5	48	62	26.5	38.5	30	94	89.5	73.5	37	50	54.5	90	80	27.5	70	83.5	48	60	80.5	18.5	89	85	83	67.5	70.5	29.5	83	63	84.5	37.5	98.5	50.5	54.5	80	85.5	89.5	32	32.5	43.5	70	77.5	52.5	97	53.5	63	82.5	71	55.5	58	73.5	89.5	83.5	10	88.5	32.5	32	64	
49	30	31.5	24	42	36	50.5	48	29.5	41.5	22.5	38	49.5	38.5	33.5	66.5	40	28.5	62	34	28	26.5	36.5	26.5	21	62.5	35.5	22.5	44	32.5	37.5	61.5	51.5	35	31	57.5	56	49	24.5	37.5	46.5	46.5	69	13.5	50	50	58	50	33	13.5	57.5	36.5	38.5	18.5	57.5	59.5	36.5	33	37	49.5	25.5	57.5	49	59	15	46.5	24	55.5	0	35.5	24.5	39	41	47.5	66.5	52	44	24.5	27.5	1	62.5	42.5	50	32.5	46	15.5	22.5	43	41	51.5	47.5	45.5	30	33	32	45.5	35.5	57	40	61	5	27	42.5	52	52	55.5	35	26	32.5	40	35	59.5	2	25.5	45	33.5	28	29.5	44	52	56	45.5	59	45	39.5	26.5	
70.5	43.5	53	29.5	48.5	14.5	44	26.5	49	63	36	30.5	34	45	40	62	33.5	35	55.5	19.5	45.5	32	37	13	27.5	56	42	44	65.5	31	31	40	32	56.5	24.5	51	42.5	42.5	44	31	47	52	64.5	35	28.5	71.5	51.5	28.5	11.5	30	71	37	45	21	51	59	30	35.5	21.5	28	28	36	49.5	52.5	26.5	47	29.5	48	35.5	0	46	45.5	19.5	46	60	71.5	39.5	31	16	36.5	56	64	28.5	54	67.5	32	44	50.5	47.5	73	69	53	33.5	54.5	38.5	63	29	50.5	18.5	72.5	34.5	26.5	64	51.5	71.5	38	41.5	9.5	46	43.5	23.5	69	37.5	47	66.5	45	25.5	24	39.5	71.5	49.5	52	54.5	43.5	18	32	
30.5	16.5	13	30.5	48.5	50.5	36	58.5	5	23	24	44.5	56	45	40	48	26.5	35	55.5	40.5	14.5	28	43	33	27.5	44	42	14	25.5	39	29	70	58	16.5	35.5	39	62.5	32.5	16	23	53	28	50.5	15	66.5	31.5	43.5	56.5	51.5	20	39	43	45	25	39	41	30	39.5	43.5	68	32	74	55.5	52.5	21.5	53	30.5	62	24.5	46	0	45.5	55.5	54	50	33.5	25.5	31	44	23.5	54	24	66.5	14	27.5	22	14	24.5	47.5	33	29	27	26.5	14.5	38.5	27	31	44.5	56.5	42.5	19.5	33.5	24	33.5	33.5	62	41.5	44.5	8	21.5	41.5	41	22.5	1	26.5	9	34.5	36	25.5	33.5	49.5	52	40.5	51.5	58	28	
70	51	52.5	35	13	45	75.5	33	50.5	62.5	43.5	29	25.5	14.5	9.5	87.5	61	24.5	91	45	49	47.5	22.5	32.5	22	83.5	11.5	43.5	65	28.5	58.5	34.5	27.5	56	60	78.5	27	72	45.5	66.5	17.5	67.5	90	34.5	21	71	83	31	42	29.5	78.5	22.5	14.5	24.5	78.5	80.5	59.5	24	38	28.5	41.5	36.5	20	88	26	17.5	35	26.5	39	45.5	45.5	0	40	18.5	89.5	73	65	20.5	51.5	38	91.5	63.5	21	53.5	67	31.5	43.5	64	12	72.5	68.5	66.5	51	54	13	66.5	60.5	84	39	82	34	38	63.5	73	73	26.5	16	45	53.5	61	36	80.5	37	46.5	66	54.5	39	45.5	65	73	85	16.5	80	6	33.5	47.5	
80	49	62.5	35	43	15	49.5	17	54.5	72.5	41.5	11	24.5	35.5	34.5	67.5	39	30.5	61	25	51	37.5	27.5	32.5	32	61.5	36.5	51.5	75	26.5	36.5	30.5	22.5	64	30	56.5	33	48	49.5	36.5	37.5	57.5	70	44.5	19	81	57	19	12	39.5	76.5	27.5	35.5	34.5	56.5	64.5	35.5	16	22	18.5	33.5	26.5	40	58	36	37.5	35	38.5	41	19.5	55.5	40	0	36.5	65.5	77	45	30.5	21.5	42	61.5	73.5	19	61.5	73	41.5	51.5	56	42	82.5	76.5	58.5	39	64	33	68.5	34.5	56	1	78	44	32	73.5	57	77	28.5	34	15	51.5	49	24	74.5	43	56.5	76	50.5	31	29.5	45	77	55	46.5	60	34	8.5	37.5	
78.5	59.5	61	43.5	16.5	41.5	76	33.5	59	71	52	37.5	34	23	18	94	65.5	33	87.5	51.5	57.5	56	31	41	30.5	88	20	52	73.5	37	63	32	34	64.5	56.5	83	30.5	74.5	54	63	1	76	96.5	43	25.5	79.5	83.5	35.5	38.5	38	87	31	23	33	83	89	62	32.5	46.5	18	50	28	23.5	84.5	34.5	1	43.5	30	47.5	46	54	18.5	36.5	0	92	81.5	71.5	29	48	46.5	88	72	25.5	62	75.5	40	52	72.5	15.5	81	77	75	59.5	62.5	21.5	75	61	82.5	35.5	90.5	42.5	46.5	72	81.5	81.5	8	24.5	41.5	62	69.5	44.5	89	45.5	55	74.5	63	47.5	54	71.5	81.5	81.5	20	86.5	24.5	30	56	
24.5	54.5	47	70.5	92.5	60.5	30	72.5	55	37	62	76.5	80	89	84	2	44.5	79	11.5	60.5	56.5	58	83	73	71.5	22	86	58	34.5	77	47	86	78	45.5	45.5	27	88.5	33.5	60	37	93	38	20.5	59	74.5	25.5	22.5	74.5	57.5	64	11	83	89	69	27	25	46	81.5	67.5	74	64	82	95.5	13.5	65.5	93	70.5	94	66.5	60	50	89.5	65.5	92	0	32.5	40.5	75	52	67.5	4	28	74.5	48	36.5	66	58	41.5	91.5	17	33	39	54.5	43.5	82.5	39	45	21.5	64.5	28.5	63.5	67.5	28	32.5	32.5	84	85.5	50.5	52	44.5	69.5	9	66.5	51	25.5	51	66.5	60	40.5	32.5	10.5	96	25.5	89.5	64	58	
13	44	30.5	58	76	72	41.5	84	38.5	20.5	51.5	72	83.5	72.5	67.5	30.5	54	62.5	28	68	42	55.5	70.5	60.5	55	31.5	69.5	41.5	18	66.5	56.5	97.5	85.5	29	57	36.5	90	45	43.5	48.5	80.5	35.5	33	42.5	86	14	34	84	69	47.5	21.5	70.5	72.5	52.5	36.5	28.5	57.5	67	71	85.5	59.5	93.5	83	19	49	80.5	58	89.5	52	71.5	33.5	73	77	81.5	32.5	0	48	58.5	63.5	51	28.5	11.5	86	31.5	20	49.5	41.5	37	75	15.5	16.5	34.5	54	27	66	24.5	56.5	33	76	25	47	61	11.5	36	0	89.5	69	62	41.5	44	69	23.5	50	34.5	7	42.5	62	63.5	48	0	22	79.5	33	79	75.5	55.5	
45	34	27.5	50	68	40	24.5	52	30.5	37.5	41.5	56	59.5	64.5	59.5	42.5	24	54.5	36	40	34	37.5	62.5	52.5	47	36.5	61.5	33.5	40	56.5	26.5	65.5	57.5	31	25	31.5	68	23	35.5	16.5	72.5	32.5	45	34.5	54	46	32	54	37	39.5	51.5	62.5	64.5	44.5	31.5	39.5	25.5	59	47	53.5	43.5	61.5	75	33	41	72.5	50	73.5	44	39.5	25.5	65	45	71.5	40.5	48	0	50.5	31.5	43	36.5	38.5	54	28.5	42	41.5	33.5	31	67	47.5	43.5	33.5	34	29	58	41.5	24.5	31	44	53	39	47	38.5	32	48	63.5	61	30	31.5	4	49	49.5	42	26.5	41	30.5	46	39.5	0	48	30	71.5	35	69	43.5	37.5	
55.5	36.5	38	20.5	23.5	30.5	61	33.5	36	48	29	19.5	31	20	15	73	46.5	4	80.5	30.5	34.5	33	18	18	7.5	69	17	29	50.5	8	44	45	33	41.5	45.5	64	37.5	57.5	31	54	28	53	75.5	20	41.5	56.5	68.5	31.5	31.5	15	64	18	20	10	64	66	45	14.5	23.5	43	27	49	30.5	77.5	11.5	28	20.5	37	24.5	31	31	20.5	30.5	29	75	58.5	50.5	0	39	23.5	79	49	41.5	39	52.5	17	29	49.5	22.5	58	54	52	36.5	39.5	13.5	52	46	69.5	31.5	67.5	19.5	23.5	49	58.5	58.5	37	16.5	34.5	39	46.5	21.5	66	22.5	32	51.5	40	24.5	31	50.5	58.5	74.5	27	65.5	26.5	33	33	
68.5	35.5	49	26.5	56.5	16.5	36	28.5	41	59	28	32.5	36	47	48	54	25.5	37	47.5	16.5	37.5	24	39	29	35.5	48	50	38	61.5	33	23	42	34	50.5	16.5	43	44.5	34.5	36	23	49	44	56.5	33	30.5	69.5	43.5	30.5	13.5	24	63	39	47	33	43	51	22	37.5	23.5	30	12	38	51.5	44.5	29.5	49	26.5	50	27.5	16	44	51.5	21.5	48	52	63.5	31.5	39	0	28.5	48	62	30.5	48	59.5	22	38	42.5	55.5	69	63	45	25.5	52.5	46.5	55	21	42.5	20.5	64.5	32.5	23.5	62	43.5	63.5	40	45.5	6.5	38	35.5	25.5	61	29.5	45	64.5	37	22.5	8	31.5	63.5	41.5	60	46.5	45.5	20	24	
48	29	30.5	23	41	37	51.5	49	28.5	40.5	21.5	37	48.5	37.5	32.5	65.5	39	27.5	63	33	27	25.5	35.5	25.5	20	61.5	34.5	21.5	43	31.5	36.5	62.5	50.5	34	32	56.5	55	50	23.5	38.5	45.5	45.5	68	12.5	51	49	59	49	34	12.5	56.5	35.5	37.5	17.5	56.5	58.5	37.5	32	36	50.5	24.5	58.5	48	60	14	45.5	23	54.5	1	36.5	23.5	38	42	46.5	67.5	51	43	23.5	28.5	0	63.5	41.5	51	31.5	45	14.5	21.5	42	40	50.5	46.5	44.5	29	32	31	44.5	36.5	58	41	60	4	26	41.5	51	51	54.5	34	27	31.5	39	34	58.5	1	24.5	44	32.5	27	28.5	43	51	57	44.5	58	44	40.5	25.5	
28.5	50.5	49	66.5	96.5	56.5	26	68.5	51	39	58	72.5	76	87	88	6	40.5	77	7.5	56.5	52.5	54	79	69	75.5	18	90	58	36.5	73	43	82	74	45.5	41.5	23	84.5	29.5	56	33	89	34	16.5	63	70.5	29.5	18.5	70.5	53.5	68	15	79	87	73	23	21	42	77.5	63.5	70	60	78	91.5	9.5	69.5	89	66.5	90	62.5	56	54	91.5	61.5	88	4	28.5	36.5	79	48	63.5	0	32	70.5	48	34.5	70	58	37.5	95.5	21	33	35	50.5	47.5	86.5	35	41	17.5	60.5	24.5	67.5	63.5	32	28.5	28.5	80	85.5	46.5	48	40.5	65.5	13	64.5	55	29.5	47	62.5	56	36.5	28.5	6.5	100	21.5	85.5	60	54	
8.5	34.5	21	48.5	66.5	68.5	34	76.5	29	11	42	62.5	74	63	58	26	44.5	53	37.5	58.5	32.5	46	61	51	45.5	20	60	32	8.5	57	47	88	76	19.5	53.5	27	80.5	35.5	34	47	71	26	28.5	33	84.5	9.5	26.5	74.5	71.5	38	17	61	63	43	27	17	48	57.5	61.5	90	50	92	73.5	30.5	39.5	71	48.5	80	42.5	64	24	63.5	73.5	72	28	11.5	38.5	49	62	41.5	32	0	84.5	22	10.5	40	32	27.5	65.5	11	5	25	44.5	17.5	56.5	15	49	27.5	74.5	20.5	37.5	51.5	0	26.5	11.5	80	59.5	66.5	32	34.5	59.5	19	40.5	25	4.5	33	52.5	54	38.5	11.5	31.5	70	23.5	69.5	80	46	
91	58	71.5	44	34	24	58.5	16	63.5	81.5	50.5	30	18.5	29.5	30.5	76.5	48	39.5	70	34	60	46.5	31.5	41.5	43	70.5	32.5	60.5	84	35.5	45.5	19.5	16.5	73	39	65.5	22	57	58.5	45.5	26.5	66.5	79	55.5	0	92	66	18	21	50.5	85.5	31.5	29.5	45.5	65.5	73.5	44.5	35	31	7.5	42.5	15.5	29	67	47	26.5	44	27.5	50	28.5	66.5	21	19	25.5	74.5	86	54	41.5	30.5	51	70.5	84.5	0	70.5	82	52.5	60.5	65	33	91.5	85.5	67.5	48	75	34	77.5	43.5	65	18	87	55	41	84.5	66	86	17.5	33	24	60.5	58	33	83.5	52	67.5	87	59.5	40	38.5	54	86	64	37.5	69	15	12.5	46.5	
28.5	24.5	1	38.5	56.5	56.5	34	66.5	19	21	32	52.5	64	53	48	46	34.5	43	47.5	48.5	22.5	36	51	41	35.5	42	50	22	23.5	47	37	78	66	14.5	41.5	37	70.5	30.5	24	33	61	26	48.5	23	70.5	29.5	41.5	64.5	53.5	28	37	51	53	33	37	39	38	47.5	51.5	70	40	78	63.5	44.5	29.5	61	38.5	70	32.5	54	14	53.5	61.5	62	48	31.5	28.5	39	48	31.5	48	22	70.5	0	25.5	30	22	22.5	55.5	31	27	25	34.5	12.5	46.5	25	39	42.5	60.5	40.5	27.5	41.5	22	31.5	31.5	70	49.5	46.5	22	24.5	49.5	39	30.5	15	24.5	23	42.5	44	28.5	31.5	41.5	60	38.5	59.5	60	36	
17	38	24.5	52	70	68	37.5	80	32.5	14.5	45.5	66	77.5	66.5	61.5	34.5	48	56.5	34	62	36	49.5	64.5	54.5	49	30.5	63.5	35.5	2	60.5	50.5	91.5	79.5	23	53	30.5	84	39	37.5	44.5	74.5	29.5	37	36.5	82	18	16	78	65	41.5	25.5	64.5	66.5	46.5	30.5	27.5	51.5	61	65	81.5	53.5	89.5	77	31	43	74.5	52	83.5	46	67.5	27.5	67	73	75.5	36.5	20	42	52.5	59.5	45	34.5	10.5	82	25.5	0	43.5	35.5	31	69	19.5	15.5	28.5	48	21	60	18.5	52.5	17	72	29	41	55	10.5	30	20	83.5	63	58	35.5	38	63	27.5	44	28.5	13	36.5	56	57.5	42	20	28	73.5	13	73	71.5	49.5	
46.5	27.5	29	16.5	34.5	36.5	52	44.5	27	39	20	30.5	42	31	26	64	37.5	21	69.5	26.5	25.5	24	29	19	13.5	60	28	20	41.5	25	35	56	44	32.5	36.5	55	48.5	48.5	22	45	39	44	66.5	11	52.5	47.5	59.5	42.5	35.5	2	55	29	31	11	55	57	36	25.5	29.5	52	10	60	41.5	66.5	7.5	39	16.5	48	15.5	32	22	31.5	41.5	40	66	49.5	41.5	17	22	14.5	70	40	52.5	30	43.5	0	20	40.5	33.5	49	45	43	27.5	30.5	24.5	43	37	60.5	42.5	58.5	10.5	19.5	40	49.5	49.5	48	27.5	28.5	30	37.5	27.5	57	13.5	23	42.5	31	20.5	14	41.5	49.5	63.5	38	56.5	37.5	42	24	
38.5	19.5	21	28.5	46.5	46.5	44	56.5	19	31	22	42.5	54	43	38	56	29.5	33	57.5	38.5	17.5	26	41	31	25.5	52	40	0	33.5	37	15	68	56	24.5	31.5	47	60.5	40.5	2	33	51	36	58.5	13	60.5	39.5	51.5	54.5	43.5	18	47	41	43	23	47	49	16	37.5	41.5	60	30	68	53.5	54.5	19.5	51	28.5	60	22.5	44	14	43.5	51.5	52	58	41.5	33.5	29	38	21.5	58	32	60.5	22	35.5	20	0	32.5	45.5	41	37	35	24.5	22.5	36.5	35	17	52.5	50.5	50.5	17.5	31.5	32	41.5	41.5	60	39.5	36.5	22	29.5	39.5	49	20.5	15	34.5	23	32.5	34	33.5	41.5	51.5	50	48.5	49.5	50	26	
34	35	21.5	49	67	51	25.5	63	29.5	26.5	42.5	63	70.5	63.5	58.5	43.5	35	53.5	37	51	33	46.5	61.5	51.5	46	37.5	60.5	32.5	29	57.5	37.5	76.5	68.5	8	36	32.5	79	8	34.5	27.5	71.5	31.5	46	33.5	65	35	33	65	48	38.5	42.5	61.5	63.5	43.5	32.5	40.5	36.5	58	58	64.5	50.5	72.5	74	34	40	71.5	49	80.5	43	50.5	24.5	64	56	72.5	41.5	37	31	49.5	42.5	42	37.5	27.5	65	22.5	31	40.5	32.5	0	66	36.5	32.5	30.5	45	10	57	30.5	35.5	32	55	46	38	52	27.5	33	37	74.5	60	41	32.5	35	60	44.5	41	25.5	30	33.5	53	50.5	31	37	31	70.5	36	70	54.5	46.5	
72	53	54.5	37	1	47	77.5	35	52.5	64.5	45.5	31	27.5	16.5	11.5	89.5	63	26.5	99	47	51	49.5	24.5	34.5	24	85.5	13.5	45.5	67	30.5	60.5	26.5	29.5	58	62	80.5	15	74	47.5	70.5	14.5	69.5	92	36.5	33	73	85	33	50	31.5	80.5	24.5	16.5	26.5	80.5	82.5	61.5	26	40	31.5	43.5	30.5	8	94	28	14.5	37	18.5	41	47.5	47.5	12	42	15.5	91.5	75	67	22.5	55.5	40	95.5	65.5	33	55.5	69	33.5	45.5	66	0	74.5	70.5	68.5	53	56	15	68.5	62.5	86	43	84	36	40	65.5	75	75	23.5	18	53	55.5	63	38	82.5	39	48.5	68	56.5	41	47.5	67	75	93	8.5	82	18	41.5	49.5	
7.5	43.5	30	57.5	75.5	77.5	43	85.5	38	20	51	71.5	83	72	67	15	53.5	62	28.5	67.5	41.5	55	70	60	54.5	31	69	41	17.5	66	56	97	85	28.5	62.5	36	89.5	44.5	43	54	80	35	27.5	42	91.5	8.5	35.5	83.5	74.5	47	6	70	72	52	36	28	57	66.5	70.5	91	59	99	82.5	30.5	48.5	80	57.5	89	51.5	73	33	72.5	82.5	81	17	15.5	47.5	58	69	50.5	21	11	91.5	31	19.5	49	41	36.5	74.5	0	16	34	53.5	26.5	65.5	24	58	36.5	81.5	19.5	46.5	60.5	11	35.5	15.5	89	68.5	67.5	41	43.5	68.5	8	49.5	34	8.5	42	61.5	63	47.5	15.5	27.5	79	32.5	78.5	81	55	
13.5	39.5	26	53.5	71.5	71.5	39	81.5	34	16	47	67.5	79	68	63	31	49.5	58	32.5	63.5	37.5	51	66	56	50.5	15	65	37	13.5	62	52	93	81	24.5	56.5	32	85.5	40.5	39	48	76	31	33.5	38	85.5	14.5	31.5	79.5	68.5	43	22	66	68	48	32	12	53	62.5	66.5	85	55	93	78.5	29.5	44.5	76	53.5	85	47.5	69	29	68.5	76.5	77	33	16.5	43.5	54	63	46.5	33	5	85.5	27	15.5	45	37	32.5	70.5	16	0	30	49.5	22.5	61.5	20	54	32.5	75.5	25.5	42.5	56.5	5	31.5	16.5	85	64.5	61.5	37	39.5	64.5	24	45.5	30	9.5	38	57.5	59	43.5	16.5	26.5	75	28.5	74.5	75	51	
31.5	37.5	24	51.5	69.5	53.5	9	65.5	32	24	45	65.5	73	66	61	41	37.5	56	34.5	53.5	35.5	49	64	54	48.5	35	63	35	26.5	60	40	79	71	22.5	38.5	30	81.5	26.5	37	30	74	1	43.5	36	67.5	32.5	30.5	67.5	50.5	41	40	64	66	46	30	38	39	60.5	60.5	67	53	75	76.5	31.5	42.5	74	51.5	83	45.5	53	27	66.5	58.5	75	39	34.5	33.5	52	45	44.5	35	25	67.5	25	28.5	43	35	30.5	68.5	34	30	0	47.5	20.5	59.5	28	38	29.5	57.5	43.5	40.5	54.5	25	30.5	34.5	77	62.5	43.5	35	37.5	62.5	42	43.5	28	27.5	36	55.5	53	33.5	34.5	28.5	73	33.5	72.5	57	49	
51	32	33.5	36	54	34	38.5	46	31.5	43.5	29.5	50	53.5	50.5	45.5	56.5	28	40.5	50	34	30	31.5	48.5	38.5	33	50.5	47.5	24.5	46	44.5	25.5	59.5	51.5	37	9	45.5	62	37	26.5	25.5	58.5	46.5	59	20.5	48	52	46	48	31	25.5	59.5	48.5	50.5	30.5	45.5	53.5	24.5	45	41	47.5	37.5	55.5	61	47	27	58.5	36	67.5	30	33.5	26.5	51	39	59.5	54.5	54	34	36.5	25.5	29	50.5	44.5	48	34.5	48	27.5	24.5	45	53	53.5	49.5	47.5	0	35	44	47.5	23.5	45	38	63	25	39	44.5	46	54	57.5	47	24	34.5	38	43	61.5	28	27.5	47	35.5	40	33.5	34	54	44	57.5	49	57	37.5	31.5	
24	25	11.5	39	57	59	29.5	67	19.5	16.5	32.5	53	64.5	53.5	48.5	41.5	35	43.5	47	49	23	36.5	51.5	41.5	36	37.5	50.5	22.5	19	47.5	37.5	78.5	66.5	2	44	32.5	71	18	24.5	37.5	61.5	21.5	44	23.5	75	25	37	65	58	28.5	32.5	51.5	53.5	33.5	32.5	34.5	38.5	48	52	74.5	40.5	82.5	64	44	30	61.5	39	70.5	33	54.5	14.5	54	64	62.5	43.5	27	29	39.5	52.5	32	47.5	17.5	75	12.5	21	30.5	22.5	10	56	26.5	22.5	20.5	35	0	47	20.5	39.5	38	65	36	28	42	17.5	27	27	70.5	50	51	22.5	25	50	34.5	31	15.5	20	23.5	43	44.5	29	27	41	60.5	34	60	64.5	36.5	
63	44	45.5	28	16	38	68.5	20	43.5	55.5	36.5	22	23.5	12.5	7.5	80.5	54	17.5	88	38	42	40.5	15.5	25.5	15	76.5	9.5	36.5	58	21.5	51.5	37.5	25.5	49	53	71.5	30	65	38.5	61.5	20.5	60.5	83	27.5	34	64	76	18	39	22.5	71.5	15.5	12.5	17.5	71.5	73.5	52.5	17	31	35.5	34.5	41.5	23	85	19	20.5	28	29.5	32	38.5	38.5	13	33	21.5	82.5	66	58	13.5	46.5	31	86.5	56.5	34	46.5	60	24.5	36.5	57	15	65.5	61.5	59.5	44	47	0	59.5	53.5	77	34	75	27	31	56.5	66	66	29.5	3	42	46.5	54	29	73.5	30	39.5	59	47.5	32	38.5	58	66	82	19.5	73	19	30.5	40.5	
21.5	37.5	24	51.5	69.5	63.5	33	75.5	32	4	45	65.5	77	66	61	39	47.5	56	34.5	61.5	35.5	49	64	54	48.5	35	63	35	16.5	60	50	89	79	22.5	48.5	12	83.5	36.5	37	40	74	29	41.5	36	77.5	22.5	30.5	77.5	60.5	41	30	64	66	46	12	32	49	60.5	64.5	77	53	85	76.5	31.5	42.5	74	51.5	83	45.5	63	27	66.5	68.5	75	39	24.5	41.5	52	55	44.5	35	15	77.5	25	18.5	43	35	30.5	68.5	24	20	28	47.5	20.5	59.5	0	48	29.5	67.5	33.5	40.5	54.5	15	29.5	24.5	83	62.5	53.5	35	37.5	62.5	32	43.5	28	17.5	36	55.5	57	41.5	24.5	28.5	73	31.5	72.5	67	49	
55.5	28.5	38	39.5	63.5	29.5	29	41.5	34	48	31	45.5	49	60	55	47	18.5	50	40.5	29.5	30.5	27	52	42	42.5	41	57	17	50.5	46	2	55	47	41.5	14.5	36	57.5	27.5	15	16	62	37	49.5	30	43.5	56.5	36.5	43.5	26.5	35	56	52	60	40	36	44	1	50.5	36.5	43	33	51	64.5	37.5	36.5	62	39.5	63	35.5	29	31	60.5	34.5	61	45	56.5	24.5	46	21	36.5	41	49	43.5	39	52.5	37	17	35.5	62.5	58	54	38	23.5	39.5	53.5	48	0	35.5	33.5	57.5	34.5	36.5	49	36.5	56.5	53	56.5	19.5	31	28.5	38.5	54	37.5	32	51.5	30	35.5	29	24.5	56.5	34.5	67	39.5	58.5	33	27	
34	45	41.5	61	87	51	20.5	63	45.5	31.5	52.5	67	70.5	81.5	78.5	23.5	35	71.5	17	51	47	48.5	73.5	63.5	66	17.5	80.5	52.5	19	67.5	37.5	76.5	68.5	40	36	17.5	79	24	50.5	27.5	83.5	28.5	26	53.5	65	35	1	65	48	58.5	32.5	73.5	81.5	63.5	17.5	20.5	36.5	72	58	64.5	54.5	72.5	86	14	60	83.5	61	84.5	57	50.5	44.5	84	56	82.5	21.5	33	31	69.5	42.5	58	17.5	27.5	65	42.5	17	60.5	52.5	32	86	36.5	32.5	29.5	45	38	77	29.5	35.5	0	55	34	58	58	27.5	23	33	74.5	80	41	42.5	35	60	30.5	59	45.5	30	41.5	57	50.5	31	33	11	90.5	4	80	54.5	48.5	
81	48	61.5	34	44	14	48.5	16	53.5	71.5	40.5	12	23.5	34.5	35.5	66.5	38	29.5	60	24	50	36.5	26.5	31.5	33	60.5	37.5	50.5	74	25.5	35.5	29.5	21.5	63	29	55.5	32	47	48.5	35.5	36.5	56.5	69	45.5	18	82	56	18	11	40.5	75.5	26.5	34.5	35.5	55.5	63.5	34.5	17	21	17.5	32.5	25.5	39	57	37	36.5	34	37.5	40	18.5	56.5	39	1	35.5	64.5	76	44	31.5	20.5	41	60.5	74.5	18	60.5	72	42.5	50.5	55	43	81.5	75.5	57.5	38	65	34	67.5	33.5	55	0	77	45	31	74.5	56	76	27.5	33	14	50.5	48	23	73.5	42	57.5	77	49.5	30	28.5	44	76	54	47.5	59	33	7.5	36.5	
12	53	39.5	67	85	73	42.5	85	47.5	29.5	60.5	81	92.5	81.5	76.5	30.5	57	71.5	17	73	51	64.5	79.5	69.5	64	34.5	78.5	50.5	27	75.5	59.5	98.5	90.5	38	58	39.5	99	46	52.5	49.5	89.5	44.5	8	51.5	87	11	35	87	70	56.5	25.5	79.5	81.5	61.5	39.5	37.5	58.5	76	80	86.5	68.5	94.5	92	26	58	89.5	67	98.5	61	72.5	42.5	82	78	90.5	28.5	25	53	67.5	64.5	60	24.5	20.5	87	40.5	29	58.5	50.5	46	84	19.5	25.5	43.5	63	36	75	33.5	57.5	34	77	0	56	70	20.5	45	25	96.5	78	63	50.5	53	78	27.5	59	43.5	18	51.5	71	72.5	53	25	23	88.5	38	88	76.5	64.5	
44	25	26.5	19	37	39	49.5	47	24.5	36.5	17.5	33	44.5	33.5	28.5	61.5	35	23.5	67	29	23	21.5	31.5	21.5	16	57.5	30.5	17.5	39	27.5	32.5	58.5	46.5	30	34	52.5	51	46	19.5	42.5	41.5	41.5	64	8.5	55	45	57	45	38	8.5	52.5	31.5	33.5	13.5	52.5	54.5	33.5	28	32	54.5	20.5	62.5	44	64	10	41.5	19	50.5	5	34.5	19.5	34	44	42.5	63.5	47	39	19.5	32.5	4	67.5	37.5	55	27.5	41	10.5	17.5	38	36	46.5	42.5	40.5	25	28	27	40.5	34.5	58	45	56	0	22	37.5	47	47	50.5	30	31	27.5	35	30	54.5	3	20.5	40	28.5	23	24.5	39	47	61	40.5	54	40	44.5	21.5	
58	39	40.5	3	41	27	51.5	39	38.5	50.5	31.5	37	46.5	37.5	32.5	69.5	41	27.5	63	7	37	35.5	35.5	25.5	20	63.5	34.5	31.5	53	31.5	38.5	52.5	44.5	44	32	58.5	55	50	33.5	38.5	45.5	55.5	72	22.5	41	59	59	41	24	17.5	66.5	35.5	37.5	17.5	58.5	66.5	37.5	32	34	40.5	29.5	48.5	48	60	12	45.5	3	54.5	27	26.5	33.5	38	32	46.5	67.5	61	47	23.5	23.5	26	63.5	51.5	41	41.5	55	19.5	31.5	52	40	60.5	56.5	54.5	39	42	31	54.5	36.5	58	31	70	22	0	51.5	59	61	50.5	34	17	41.5	49	34	68.5	25	34.5	54	42.5	1	31.5	47	61	57	44.5	62	44	30.5	35.5	
8.5	34.5	21	48.5	66.5	68.5	34	76.5	29	11	42	62.5	74	63	58	26	44.5	53	37.5	58.5	32.5	46	61	51	45.5	20	60	32	8.5	57	47	88	76	19.5	53.5	27	80.5	35.5	34	47	71	26	28.5	33	84.5	9.5	26.5	74.5	71.5	38	17	61	63	43	27	17	48	57.5	61.5	90	50	92	73.5	30.5	39.5	71	48.5	80	42.5	64	24	63.5	73.5	72	28	11.5	38.5	49	62	41.5	32	0	84.5	22	10.5	40	32	27.5	65.5	11	5	25	44.5	17.5	56.5	15	49	27.5	74.5	20.5	37.5	51.5	0	26.5	11.5	80	59.5	66.5	32	34.5	59.5	19	40.5	25	4.5	33	52.5	54	38.5	11.5	31.5	70	23.5	69.5	80	46	
33	44	30.5	58	76	52	21.5	64	38.5	25.5	51.5	68	71.5	72.5	67.5	34.5	36	62.5	28	52	42	49.5	70.5	60.5	55	28.5	69.5	41.5	28	66.5	38.5	77.5	69.5	29	37	23.5	80	25	43.5	28.5	80.5	29.5	37	42.5	66	34	24	66	49	47.5	41.5	70.5	72.5	52.5	23.5	31.5	37.5	67	59	65.5	55.5	73.5	83	25	49	80.5	58	85.5	52	51.5	33.5	73	57	81.5	32.5	36	32	58.5	43.5	51	28.5	26.5	66	31.5	30	49.5	41.5	33	75	35.5	31.5	30.5	46	27	66	29.5	36.5	23	56	45	47	59	26.5	0	36	75.5	69	42	41.5	36	61	41.5	50	34.5	29	42.5	58	51.5	32	36	22	79.5	27	79	55.5	49.5	
13	44	30.5	58	76	72	41.5	84	38.5	20.5	51.5	72	83.5	72.5	67.5	30.5	54	62.5	28	68	42	55.5	70.5	60.5	55	31.5	69.5	41.5	18	66.5	56.5	97.5	85.5	29	57	36.5	90	45	43.5	48.5	80.5	35.5	33	42.5	86	14	34	84	69	47.5	21.5	70.5	72.5	52.5	36.5	28.5	57.5	67	71	85.5	59.5	93.5	83	19	49	80.5	58	89.5	52	71.5	33.5	73	77	81.5	32.5	0	48	58.5	63.5	51	28.5	11.5	86	31.5	20	49.5	41.5	37	75	15.5	16.5	34.5	54	27	66	24.5	56.5	33	76	25	47	61	11.5	36	0	89.5	69	62	41.5	44	69	23.5	50	34.5	7	42.5	62	63.5	48	0	22	79.5	33	79	75.5	55.5	
86.5	67.5	69	51.5	24.5	33.5	68	25.5	67	79	60	39.5	28	31	26	86	57.5	41	79.5	43.5	65.5	56	39	49	38.5	80	28	60	81.5	45	55	24	26	72.5	48.5	75	26.5	66.5	62	55	9	76	88.5	51	17.5	87.5	75.5	27.5	30.5	46	95	39	31	41	75	83	54	40.5	40.5	10	52	20	31.5	76.5	42.5	9	51.5	32	55.5	38	62	26.5	28.5	8	84	89.5	63.5	37	40	54.5	80	80	17.5	70	83.5	48	60	74.5	23.5	89	85	77	57.5	70.5	29.5	83	53	74.5	27.5	96.5	50.5	50.5	80	75.5	89.5	0	32.5	33.5	70	67.5	42.5	93	53.5	63	82.5	69	49.5	48	63.5	89.5	73.5	28	78.5	32.5	22	56	
66	47	48.5	31	19	39	71.5	17	46.5	58.5	39.5	25	26.5	15.5	10.5	83.5	57	20.5	85	41	45	43.5	18.5	28.5	18	79.5	12.5	39.5	61	24.5	54.5	40.5	28.5	52	54	74.5	33	68	41.5	60.5	23.5	63.5	86	30.5	33	67	79	15	36	25.5	74.5	18.5	15.5	20.5	74.5	76.5	55.5	20	34	32.5	37.5	40.5	26	82	22	23.5	31	32.5	35	41.5	41.5	16	34	24.5	85.5	69	61	16.5	45.5	34	85.5	59.5	33	49.5	63	27.5	39.5	60	18	68.5	64.5	62.5	47	50	3	62.5	56.5	80	33	78	30	34	59.5	69	69	32.5	0	39	49.5	57	32	76.5	33	42.5	62	50.5	35	41.5	61	69	79	22.5	76	22	27.5	43.5	
75	34	47.5	20	52	10	34.5	22	39.5	57.5	26.5	26	29.5	40.5	45.5	52.5	24	30.5	46	10	36	22.5	32.5	22.5	33	46.5	43.5	36.5	60	26.5	21.5	35.5	27.5	49	15	41.5	38	33	34.5	21.5	42.5	42.5	55	35.5	24	74	42	24	7	30.5	61.5	32.5	40.5	30.5	41.5	49.5	20.5	31	17	23.5	18.5	31.5	45	43	29	42.5	20	43.5	26	9.5	44.5	45	15	41.5	50.5	62	30	34.5	6.5	27	46.5	66.5	24	46.5	58	28.5	36.5	41	53	67.5	61.5	43.5	24	51	42	53.5	19.5	41	14	63	31	17	66.5	42	62	33.5	39	0	36.5	34	19	59.5	28	43.5	69	35.5	16	14.5	30	62	40	53.5	45	39	13.5	22.5	
38.5	24.5	21	38.5	56.5	46.5	36	58.5	3	31	32	52.5	64	53	48	54	30.5	43	47.5	46.5	22.5	36	51	41	35.5	48	50	22	33.5	47	33	72	64	24.5	31.5	43	70.5	34.5	24	15	61	36	56.5	23	60.5	39.5	43.5	60.5	43.5	28	47	51	53	33	43	49	32	47.5	51.5	60	40	68	63.5	44.5	29.5	61	38.5	70	32.5	46	8	53.5	51.5	62	52	41.5	31.5	39	38	31.5	48	32	60.5	22	35.5	30	22	32.5	55.5	41	37	35	34.5	22.5	46.5	35	31	42.5	50.5	50.5	27.5	41.5	32	41.5	41.5	70	49.5	36.5	0	29.5	49.5	49	30.5	7	34.5	1	42.5	44	31.5	41.5	41.5	60	46.5	59.5	50	36	
41	32	23.5	46	64	44	28.5	56	26.5	33.5	39.5	60	63.5	60.5	55.5	46.5	28	50.5	40	44	30	41.5	58.5	48.5	43	40.5	57.5	29.5	36	54.5	30.5	69.5	61.5	27	29	35.5	72	27	31.5	20.5	68.5	36.5	49	30.5	58	42	36	58	41	35.5	49.5	58.5	60.5	40.5	35.5	43.5	29.5	55	51	57.5	47.5	65.5	71	37	37	68.5	46	77.5	40	43.5	21.5	61	49	69.5	44.5	44	4	46.5	35.5	39	40.5	34.5	58	24.5	38	37.5	29.5	35	63	43.5	39.5	37.5	38	25	54	37.5	28.5	35	48	53	35	49	34.5	36	44	67.5	57	34	29.5	0	53	51.5	38	22.5	37	30.5	50	43.5	4	44	34	67.5	39	67	47.5	41.5	
66	47	48.5	31	39	9	53.5	31	46.5	58.5	39.5	35	38.5	35.5	30.5	71.5	43	25.5	65	29	45	41.5	33.5	28.5	14	65.5	32.5	39.5	61	29.5	40.5	44.5	36.5	52	34	60.5	47	52	41.5	40.5	43.5	61.5	74	30.5	33	67	61	33	12	25.5	74.5	33.5	35.5	20.5	60.5	68.5	39.5	30	2	32.5	37.5	40.5	46	62	22	43.5	31	52.5	35	23.5	41.5	36	24	44.5	69.5	69	49	21.5	25.5	34	65.5	59.5	33	49.5	63	27.5	39.5	60	38	68.5	64.5	62.5	43	50	29	62.5	38.5	60	23	78	30	34	59.5	61	69	42.5	32	19	49.5	53	0	76.5	33	42.5	62	50.5	35	33.5	49	69	59	42.5	64	42	22.5	41.5	
15.5	51.5	38	65.5	83.5	69.5	39	81.5	46	28	59	79.5	89	80	75	7	53.5	70	20.5	69.5	49.5	63	78	68	62.5	31	77	49	25.5	74	56	95	87	36.5	54.5	36	97.5	42.5	51	46	88	43	29.5	50	83.5	16.5	31.5	83.5	66.5	55	2	78	80	60	36	34	55	74.5	76.5	83	67	91	90.5	22.5	56.5	88	65.5	97	59.5	69	41	80.5	74.5	89	9	23.5	49.5	66	61	58.5	13	19	83.5	39	27.5	57	49	44.5	82.5	8	24	42	61.5	34.5	73.5	32	54	30.5	73.5	27.5	54.5	68.5	19	41.5	23.5	93	76.5	59.5	49	51.5	76.5	0	57.5	42	16.5	50	69.5	69	49.5	23.5	19.5	87	34.5	86.5	73	63	
47	28	29.5	22	40	38	52.5	50	27.5	39.5	20.5	36	47.5	36.5	31.5	64.5	38	26.5	64	32	26	24.5	34.5	24.5	19	60.5	33.5	20.5	42	30.5	35.5	61.5	49.5	33	33	55.5	54	49	22.5	39.5	44.5	44.5	67	11.5	52	48	60	48	35	11.5	55.5	34.5	36.5	16.5	55.5	57.5	36.5	31	35	51.5	23.5	59.5	47	61	13	44.5	22	53.5	2	37.5	22.5	37	43	45.5	66.5	50	42	22.5	29.5	1	64.5	40.5	52	30.5	44	13.5	20.5	41	39	49.5	45.5	43.5	28	31	30	43.5	37.5	59	42	59	3	25	40.5	50	50	53.5	33	28	30.5	38	33	57.5	0	23.5	43	31.5	26	27.5	42	50	58	43.5	57	43	41.5	24.5	
31.5	17.5	14	31.5	49.5	51.5	37	59.5	4	24	25	45.5	57	46	41	49	27.5	36	54.5	41.5	15.5	29	44	34	28.5	45	43	15	26.5	40	30	71	59	17.5	36.5	40	63.5	33.5	17	22	54	29	51.5	16	67.5	32.5	44.5	57.5	50.5	21	40	44	46	26	40	42	31	40.5	44.5	67	33	75	56.5	51.5	22.5	54	31.5	63	25.5	47	1	46.5	56.5	55	51	34.5	26.5	32	45	24.5	55	25	67.5	15	28.5	23	15	25.5	48.5	34	30	28	27.5	15.5	39.5	28	32	45.5	57.5	43.5	20.5	34.5	25	34.5	34.5	63	42.5	43.5	7	22.5	42.5	42	23.5	0	27.5	8	35.5	37	26.5	34.5	48.5	53	41.5	52.5	57	29	
6	37	23.5	51	69	71	36.5	79	31.5	13.5	44.5	65	76.5	65.5	60.5	23.5	47	55.5	35	61	35	48.5	63.5	53.5	48	24.5	62.5	34.5	11	59.5	49.5	90.5	78.5	22	56	29.5	83	38	36.5	49.5	73.5	28.5	26	35.5	87	7	29	77	74	40.5	14.5	63.5	65.5	45.5	29.5	21.5	50.5	60	64	92.5	52.5	94.5	76	26	42	73.5	51	82.5	45	66.5	26.5	66	76	74.5	25.5	7	41	51.5	64.5	44	29.5	4.5	87	24.5	13	42.5	34.5	30	68	8.5	9.5	27.5	47	20	59	17.5	51.5	30	77	18	40	54	4.5	29	7	82.5	62	69	34.5	37	62	16.5	43	27.5	0	35.5	55	56.5	41	7	29	72.5	26	72	82.5	48.5	
39.5	25.5	22	39.5	57.5	45.5	35	57.5	4	32	33	53.5	65	54	49	53	29.5	44	46.5	45.5	23.5	37	52	42	36.5	47	51	23	34.5	48	32	71	63	25.5	30.5	42	71.5	33.5	25	14	62	37	55.5	24	59.5	40.5	42.5	59.5	42.5	29	48	52	54	34	42	50	31	48.5	52.5	59	41	67	64.5	43.5	30.5	62	39.5	71	33.5	45	9	54.5	50.5	63	51	42.5	30.5	40	37	32.5	47	33	59.5	23	36.5	31	23	33.5	56.5	42	38	36	35.5	23.5	47.5	36	30	41.5	49.5	51.5	28.5	42.5	33	42.5	42.5	69	50.5	35.5	1	30.5	50.5	50	31.5	8	35.5	0	43.5	45	30.5	42.5	40.5	61	45.5	60.5	49	37	
59	40	41.5	4	42	26	50.5	38	39.5	51.5	32.5	38	45.5	38.5	33.5	68.5	40	28.5	62	6	38	36.5	36.5	26.5	21	62.5	35.5	32.5	54	32.5	37.5	51.5	43.5	45	31	57.5	54	49	34.5	37.5	46.5	56.5	71	23.5	40	60	58	40	23	18.5	67.5	36.5	38.5	18.5	57.5	65.5	36.5	33	33	39.5	30.5	47.5	49	59	13	46.5	4	55.5	28	25.5	34.5	39	31	47.5	66.5	62	46	24.5	22.5	27	62.5	52.5	40	42.5	56	20.5	32.5	53	41	61.5	57.5	55.5	40	43	32	55.5	35.5	57	30	71	23	1	52.5	58	62	49.5	35	16	42.5	50	35	69.5	26	35.5	55	43.5	0	30.5	46	62	56	45.5	61	45	29.5	36.5	
60.5	41.5	43	30.5	48.5	24.5	44	36.5	41	53	34	40.5	44	45	40	62	33.5	35	55.5	24.5	39.5	32	43	33	27.5	56	42	34	55.5	39	31	50	42	46.5	24.5	51	52.5	42.5	36	31	53	52	64.5	25	38.5	61.5	51.5	38.5	21.5	16	69	43	45	25	51	59	30	39.5	31.5	38	4	46	55.5	52.5	21.5	53	30.5	58	29.5	24	36	45.5	29.5	54	60	63.5	39.5	31	8	28.5	56	54	38.5	44	57.5	14	34	50.5	47.5	63	59	53	33.5	44.5	38.5	57	29	50.5	28.5	72.5	24.5	31.5	54	51.5	63.5	48	41.5	14.5	44	43.5	33.5	69	27.5	37	56.5	45	30.5	0	39.5	63.5	49.5	52	54.5	51.5	28	32	
45	34	27.5	50	68	40	24.5	52	30.5	37.5	41.5	56	59.5	64.5	59.5	42.5	24	54.5	36	40	34	37.5	62.5	52.5	47	36.5	61.5	33.5	40	56.5	26.5	65.5	57.5	31	25	31.5	68	23	35.5	16.5	72.5	32.5	45	34.5	54	46	32	54	37	39.5	51.5	62.5	64.5	44.5	31.5	39.5	25.5	59	47	53.5	43.5	61.5	75	33	41	72.5	50	73.5	44	39.5	25.5	65	45	71.5	40.5	48	0	50.5	31.5	43	36.5	38.5	54	28.5	42	41.5	33.5	31	67	47.5	43.5	33.5	34	29	58	41.5	24.5	31	44	53	39	47	38.5	32	48	63.5	61	30	31.5	4	49	49.5	42	26.5	41	30.5	46	39.5	0	48	30	71.5	35	69	43.5	37.5	
13	44	30.5	58	76	72	41.5	84	38.5	20.5	51.5	72	83.5	72.5	67.5	30.5	54	62.5	28	68	42	55.5	70.5	60.5	55	31.5	69.5	41.5	18	66.5	56.5	97.5	85.5	29	57	36.5	90	45	43.5	48.5	80.5	35.5	33	42.5	86	14	34	84	69	47.5	21.5	70.5	72.5	52.5	36.5	28.5	57.5	67	71	85.5	59.5	93.5	83	19	49	80.5	58	89.5	52	71.5	33.5	73	77	81.5	32.5	0	48	58.5	63.5	51	28.5	11.5	86	31.5	20	49.5	41.5	37	75	15.5	16.5	34.5	54	27	66	24.5	56.5	33	76	25	47	61	11.5	36	0	89.5	69	62	41.5	44	69	23.5	50	34.5	7	42.5	62	63.5	48	0	22	79.5	33	79	75.5	55.5	
35	44	42.5	60	92	50	19.5	62	44.5	32.5	51.5	66	69.5	80.5	85.5	12.5	34	70.5	6	50	46	47.5	72.5	62.5	73	11.5	83.5	51.5	30	66.5	36.5	75.5	67.5	39	35	16.5	78	23	49.5	26.5	82.5	27.5	15	60.5	64	34	12	64	47	65.5	21.5	72.5	80.5	70.5	16.5	14.5	35.5	71	57	63.5	53.5	71.5	85	3	69	82.5	60	83.5	56	49.5	49.5	85	55	81.5	10.5	22	30	74.5	41.5	57	6.5	31.5	64	41.5	28	63.5	51.5	31	93	27.5	26.5	28.5	44	41	82	28.5	34.5	11	54	23	61	57	31.5	22	22	73.5	79	40	41.5	34	59	19.5	58	48.5	29	40.5	56	49.5	30	22	0	93.5	15	79	53.5	47.5	
76.5	57.5	59	41.5	9.5	51.5	82	39.5	57	69	50	35.5	32	21	16	94	67.5	31	99.5	51.5	55.5	54	29	39	28.5	90	18	50	71.5	35	65	18	34	62.5	66.5	85	23.5	78.5	52	75	19	74	96.5	41	37.5	77.5	89.5	37.5	50.5	36	85	29	21	31	85	87	66	30.5	44.5	32	48	22	16.5	96.5	32.5	19	41.5	10	45.5	52	52	16.5	46.5	20	96	79.5	71.5	27	60	44.5	100	70	37.5	60	73.5	38	50	70.5	8.5	79	75	73	57.5	60.5	19.5	73	67	90.5	47.5	88.5	40.5	44.5	70	79.5	79.5	28	22.5	53.5	60	67.5	42.5	87	43.5	53	72.5	61	45.5	52	71.5	79.5	93.5	0	86.5	22.5	42	54	
30	49	37.5	65	83	55	24.5	67	45.5	27.5	56.5	71	74.5	79.5	74.5	27.5	39	69.5	21	55	49	52.5	77.5	67.5	62	21.5	76.5	48.5	15	71.5	41.5	80.5	72.5	36	40	21.5	83	28	50.5	31.5	87.5	32.5	30	49.5	69	31	3	69	52	54.5	36.5	77.5	79.5	59.5	21.5	24.5	40.5	74	62	68.5	58.5	76.5	90	18	56	87.5	65	88.5	59	54.5	40.5	80	60	86.5	25.5	33	35	65.5	46.5	58	21.5	23.5	69	38.5	13	56.5	48.5	36	82	32.5	28.5	33.5	49	34	73	31.5	39.5	4	59	38	54	62	23.5	27	33	78.5	76	45	46.5	39	64	34.5	57	41.5	26	45.5	61	54.5	35	33	15	86.5	0	84	58.5	52.5	
76	57	58.5	41	19	39	73.5	31	56.5	68.5	49.5	35	31.5	20.5	15.5	91.5	63	30.5	85	49	55	53.5	28.5	38.5	28	85.5	17.5	49.5	71	34.5	60.5	34.5	31.5	62	54	80.5	33	72	51.5	60.5	23.5	73.5	94	40.5	15	77	81	33	36	35.5	84.5	28.5	20.5	30.5	80.5	86.5	59.5	30	44	22.5	47.5	30.5	26	82	32	23.5	41	32.5	45	43.5	51.5	6	34	24.5	89.5	79	69	26.5	45.5	44	85.5	69.5	15	59.5	73	37.5	49.5	70	18	78.5	74.5	72.5	57	60	19	72.5	58.5	80	33	88	40	44	69.5	79	79	32.5	22	39	59.5	67	42	86.5	43	52.5	72	60.5	45	51.5	69	79	79	22.5	84	0	27.5	53.5	
86.5	47.5	61	33.5	40.5	13.5	48	10.5	53	71	40	19.5	18	29	34	66	37.5	29	59.5	23.5	49.5	36	19	31	36.5	60	32	50	73.5	25	35	24	16	62.5	28.5	55	26.5	46.5	48	35	31	56	68.5	49	12.5	87.5	55.5	12.5	10.5	44	75	19	29	39	55	63	34	24.5	20.5	12	32	20	33.5	56.5	42.5	31	33.5	32	39.5	18	58	33.5	8.5	30	64	75.5	43.5	33	20	40.5	60	80	12.5	60	71.5	42	50	54.5	41.5	81	75	57	37.5	64.5	30.5	67	33	54.5	7.5	76.5	44.5	30.5	80	55.5	75.5	22	27.5	13.5	50	47.5	22.5	73	41.5	57	82.5	49	29.5	28	43.5	75.5	53.5	42	58.5	27.5	0	36	
52.5	33.5	35	32.5	50.5	32.5	42	44.5	33	45	4	46.5	52	47	42	60	31.5	37	53.5	32.5	31.5	0	45	35	29.5	54	44	26	47.5	41	29	58	50	38.5	22.5	49	60.5	40.5	28	29	55	50	62.5	13	46.5	53.5	49.5	46.5	29.5	22	61	45	47	27	49	57	28	41.5	39.5	46	34	54	57.5	50.5	23.5	55	32.5	64	26.5	32	28	47.5	37.5	56	58	55.5	37.5	33	24	25.5	54	46	46.5	36	49.5	24	26	46.5	49.5	55	51	49	31.5	36.5	40.5	49	27	48.5	36.5	64.5	21.5	35.5	46	49.5	55.5	56	43.5	22.5	36	41.5	41.5	63	24.5	29	48.5	37	36.5	32	37.5	55.5	47.5	54	52.5	53.5	36	0	
