Number of items: 125
Horizon: 15
Time limit: 1000
Load limit: 7500
Initial item inventory level
147
225
135
192
42
49
85
50
44
170
91
48
71
40
98
47
204
42
45
38
138
154
52
148
92
99
36
44
138
38
201
106
147
37
228
56
48
66
154
24
196
29
132
42
92
117
170
50
165
73
54
54
180
40
60
117
146
162
48
88
94
35
30
39
47
39
28
66
66
126
68
16
56
40
99
68
42
35
255
66
70
22
111
68
80
27
171
12
176
28
114
35
76
16
112
128
141
126
54
98
240
198
30
159
58
141
80
29
92
88
249
81
28
267
57
95
166
67
246
39
276
182
168
88
190
Maximum inventory capacity per item
196
300
180
288
84
98
170
75
66
255
182
72
142
60
196
94
272
56
90
57
184
231
104
222
184
198
54
66
207
57
268
159
196
74
304
112
72
88
231
36
294
58
176
84
138
156
255
100
220
146
72
72
240
60
90
156
219
243
96
132
141
70
60
52
94
52
56
132
132
168
136
32
112
60
132
102
84
70
340
88
105
44
148
102
160
54
228
24
264
42
171
70
114
32
168
192
188
189
108
196
320
297
40
212
87
188
120
58
138
132
332
162
56
356
114
190
249
134
328
78
368
273
224
132
285
Reserve storage replenishment rate per item and per period
294	0	0	294	0	0	294	0	0	294	0	0	294	0	0	
450	0	0	450	0	0	450	0	0	450	0	0	450	0	0	
270	0	0	270	0	0	270	0	0	270	0	0	270	0	0	
576	0	0	576	0	0	576	0	0	576	0	0	576	0	0	
252	0	0	252	0	0	252	0	0	252	0	0	252	0	0	
294	0	0	294	0	0	294	0	0	294	0	0	294	0	0	
510	0	0	510	0	0	510	0	0	510	0	0	510	0	0	
150	0	0	150	0	0	150	0	0	150	0	0	150	0	0	
132	0	0	132	0	0	132	0	0	132	0	0	132	0	0	
510	0	0	510	0	0	510	0	0	510	0	0	510	0	0	
546	0	0	546	0	0	546	0	0	546	0	0	546	0	0	
144	0	0	144	0	0	144	0	0	144	0	0	144	0	0	
426	0	0	426	0	0	426	0	0	426	0	0	426	0	0	
120	0	0	120	0	0	120	0	0	120	0	0	120	0	0	
588	0	0	588	0	0	588	0	0	588	0	0	588	0	0	
282	0	0	282	0	0	282	0	0	282	0	0	282	0	0	
408	0	0	408	0	0	408	0	0	408	0	0	408	0	0	
84	0	0	84	0	0	84	0	0	84	0	0	84	0	0	
270	0	0	270	0	0	270	0	0	270	0	0	270	0	0	
114	0	0	114	0	0	114	0	0	114	0	0	114	0	0	
276	0	0	276	0	0	276	0	0	276	0	0	276	0	0	
462	0	0	462	0	0	462	0	0	462	0	0	462	0	0	
312	0	0	312	0	0	312	0	0	312	0	0	312	0	0	
444	0	0	444	0	0	444	0	0	444	0	0	444	0	0	
552	0	0	552	0	0	552	0	0	552	0	0	552	0	0	
594	0	0	594	0	0	594	0	0	594	0	0	594	0	0	
108	0	0	108	0	0	108	0	0	108	0	0	108	0	0	
132	0	0	132	0	0	132	0	0	132	0	0	132	0	0	
414	0	0	414	0	0	414	0	0	414	0	0	414	0	0	
114	0	0	114	0	0	114	0	0	114	0	0	114	0	0	
402	0	0	402	0	0	402	0	0	402	0	0	402	0	0	
318	0	0	318	0	0	318	0	0	318	0	0	318	0	0	
294	0	0	294	0	0	294	0	0	294	0	0	294	0	0	
222	0	0	222	0	0	222	0	0	222	0	0	222	0	0	
456	0	0	456	0	0	456	0	0	456	0	0	456	0	0	
336	0	0	336	0	0	336	0	0	336	0	0	336	0	0	
144	0	0	144	0	0	144	0	0	144	0	0	144	0	0	
132	0	0	132	0	0	132	0	0	132	0	0	132	0	0	
462	0	0	462	0	0	462	0	0	462	0	0	462	0	0	
72	0	0	72	0	0	72	0	0	72	0	0	72	0	0	
588	0	0	588	0	0	588	0	0	588	0	0	588	0	0	
174	0	0	174	0	0	174	0	0	174	0	0	174	0	0	
264	0	0	264	0	0	264	0	0	264	0	0	264	0	0	
252	0	0	252	0	0	252	0	0	252	0	0	252	0	0	
276	0	0	276	0	0	276	0	0	276	0	0	276	0	0	
234	0	0	234	0	0	234	0	0	234	0	0	234	0	0	
510	0	0	510	0	0	510	0	0	510	0	0	510	0	0	
300	0	0	300	0	0	300	0	0	300	0	0	300	0	0	
330	0	0	330	0	0	330	0	0	330	0	0	330	0	0	
438	0	0	438	0	0	438	0	0	438	0	0	438	0	0	
108	0	0	108	0	0	108	0	0	108	0	0	108	0	0	
108	0	0	108	0	0	108	0	0	108	0	0	108	0	0	
360	0	0	360	0	0	360	0	0	360	0	0	360	0	0	
120	0	0	120	0	0	120	0	0	120	0	0	120	0	0	
180	0	0	180	0	0	180	0	0	180	0	0	180	0	0	
234	0	0	234	0	0	234	0	0	234	0	0	234	0	0	
438	0	0	438	0	0	438	0	0	438	0	0	438	0	0	
486	0	0	486	0	0	486	0	0	486	0	0	486	0	0	
288	0	0	288	0	0	288	0	0	288	0	0	288	0	0	
264	0	0	264	0	0	264	0	0	264	0	0	264	0	0	
282	0	0	282	0	0	282	0	0	282	0	0	282	0	0	
210	0	0	210	0	0	210	0	0	210	0	0	210	0	0	
180	0	0	180	0	0	180	0	0	180	0	0	180	0	0	
78	0	0	78	0	0	78	0	0	78	0	0	78	0	0	
282	0	0	282	0	0	282	0	0	282	0	0	282	0	0	
78	0	0	78	0	0	78	0	0	78	0	0	78	0	0	
168	0	0	168	0	0	168	0	0	168	0	0	168	0	0	
396	0	0	396	0	0	396	0	0	396	0	0	396	0	0	
396	0	0	396	0	0	396	0	0	396	0	0	396	0	0	
252	0	0	252	0	0	252	0	0	252	0	0	252	0	0	
408	0	0	408	0	0	408	0	0	408	0	0	408	0	0	
96	0	0	96	0	0	96	0	0	96	0	0	96	0	0	
336	0	0	336	0	0	336	0	0	336	0	0	336	0	0	
120	0	0	120	0	0	120	0	0	120	0	0	120	0	0	
198	0	0	198	0	0	198	0	0	198	0	0	198	0	0	
204	0	0	204	0	0	204	0	0	204	0	0	204	0	0	
252	0	0	252	0	0	252	0	0	252	0	0	252	0	0	
210	0	0	210	0	0	210	0	0	210	0	0	210	0	0	
510	0	0	510	0	0	510	0	0	510	0	0	510	0	0	
132	0	0	132	0	0	132	0	0	132	0	0	132	0	0	
210	0	0	210	0	0	210	0	0	210	0	0	210	0	0	
132	0	0	132	0	0	132	0	0	132	0	0	132	0	0	
222	0	0	222	0	0	222	0	0	222	0	0	222	0	0	
204	0	0	204	0	0	204	0	0	204	0	0	204	0	0	
480	0	0	480	0	0	480	0	0	480	0	0	480	0	0	
162	0	0	162	0	0	162	0	0	162	0	0	162	0	0	
342	0	0	342	0	0	342	0	0	342	0	0	342	0	0	
72	0	0	72	0	0	72	0	0	72	0	0	72	0	0	
528	0	0	528	0	0	528	0	0	528	0	0	528	0	0	
84	0	0	84	0	0	84	0	0	84	0	0	84	0	0	
342	0	0	342	0	0	342	0	0	342	0	0	342	0	0	
210	0	0	210	0	0	210	0	0	210	0	0	210	0	0	
228	0	0	228	0	0	228	0	0	228	0	0	228	0	0	
96	0	0	96	0	0	96	0	0	96	0	0	96	0	0	
336	0	0	336	0	0	336	0	0	336	0	0	336	0	0	
384	0	0	384	0	0	384	0	0	384	0	0	384	0	0	
282	0	0	282	0	0	282	0	0	282	0	0	282	0	0	
378	0	0	378	0	0	378	0	0	378	0	0	378	0	0	
324	0	0	324	0	0	324	0	0	324	0	0	324	0	0	
588	0	0	588	0	0	588	0	0	588	0	0	588	0	0	
480	0	0	480	0	0	480	0	0	480	0	0	480	0	0	
594	0	0	594	0	0	594	0	0	594	0	0	594	0	0	
60	0	0	60	0	0	60	0	0	60	0	0	60	0	0	
318	0	0	318	0	0	318	0	0	318	0	0	318	0	0	
174	0	0	174	0	0	174	0	0	174	0	0	174	0	0	
282	0	0	282	0	0	282	0	0	282	0	0	282	0	0	
240	0	0	240	0	0	240	0	0	240	0	0	240	0	0	
174	0	0	174	0	0	174	0	0	174	0	0	174	0	0	
276	0	0	276	0	0	276	0	0	276	0	0	276	0	0	
264	0	0	264	0	0	264	0	0	264	0	0	264	0	0	
498	0	0	498	0	0	498	0	0	498	0	0	498	0	0	
486	0	0	486	0	0	486	0	0	486	0	0	486	0	0	
168	0	0	168	0	0	168	0	0	168	0	0	168	0	0	
534	0	0	534	0	0	534	0	0	534	0	0	534	0	0	
342	0	0	342	0	0	342	0	0	342	0	0	342	0	0	
570	0	0	570	0	0	570	0	0	570	0	0	570	0	0	
498	0	0	498	0	0	498	0	0	498	0	0	498	0	0	
402	0	0	402	0	0	402	0	0	402	0	0	402	0	0	
492	0	0	492	0	0	492	0	0	492	0	0	492	0	0	
234	0	0	234	0	0	234	0	0	234	0	0	234	0	0	
552	0	0	552	0	0	552	0	0	552	0	0	552	0	0	
546	0	0	546	0	0	546	0	0	546	0	0	546	0	0	
336	0	0	336	0	0	336	0	0	336	0	0	336	0	0	
264	0	0	264	0	0	264	0	0	264	0	0	264	0	0	
570	0	0	570	0	0	570	0	0	570	0	0	570	0	0	
Forward storage demand rate per item and per period
49	71	71	33	64	77	53	91	17	78	45	54	53	42	23	
75	70	121	81	67	47	111	111	135	55	83	81	83	89	103	
45	9	63	54	50	58	37	26	50	20	67	31	19	34	67	
96	108	13	40	103	97	166	64	69	139	62	132	92	142	113	
42	69	38	45	28	50	61	27	41	36	77	30	55	17	8	
49	62	41	52	52	71	46	74	78	38	65	58	56	69	82	
85	79	38	57	76	27	87	105	131	16	65	148	72	100	100	
25	29	47	21	24	30	23	28	13	23	23	31	2	6	38	
22	13	13	18	25	37	36	10	21	31	19	16	40	32	16	
85	108	64	81	65	70	38	78	72	112	131	86	106	61	76	
91	83	99	57	15	51	122	86	75	42	103	40	160	81	135	
24	35	27	26	40	20	26	22	30	18	13	15	14	22	6	
71	98	38	48	75	89	18	59	89	57	110	71	110	53	93	
20	11	21	17	36	14	20	20	17	14	22	39	26	24	21	
98	87	145	130	64	49	87	158	93	73	125	65	73	63	161	
47	67	29	1	30	40	50	36	26	44	44	50	50	37	41	
68	92	84	54	62	64	81	79	71	84	15	69	123	67	62	
14	10	17	13	7	20	22	19	15	18	16	19	14	14	14	
45	29	40	80	60	51	38	34	52	40	16	47	44	28	44	
19	17	20	7	9	19	25	15	14	17	13	25	18	20	28	
46	27	24	39	57	30	69	39	12	47	38	31	80	8	60	
77	131	131	45	90	44	82	111	78	119	135	103	53	46	121	
52	22	47	51	53	53	81	74	30	27	10	38	26	76	47	
74	73	36	129	49	63	40	65	87	63	87	107	26	96	59	
92	160	161	72	64	85	94	164	103	37	88	102	154	126	114	
99	140	96	43	120	92	105	111	95	77	102	162	80	106	103	
18	15	25	28	15	12	26	14	12	27	23	26	16	9	19	
22	17	19	19	15	32	22	18	29	37	19	37	16	18	29	
69	54	114	78	76	74	87	42	72	95	13	34	41	57	72	
19	31	16	15	24	16	22	25	26	17	25	22	27	8	22	
67	76	81	44	101	14	77	67	69	76	54	38	77	59	54	
53	40	71	51	66	69	42	94	15	9	51	91	77	52	49	
49	26	53	45	33	14	46	29	52	63	40	57	46	51	38	
37	27	65	17	67	57	6	40	25	28	25	46	59	40	29	
76	118	78	66	73	70	78	60	67	45	13	57	95	38	114	
56	79	109	6	59	48	57	91	56	57	20	28	42	55	83	
24	14	34	24	15	29	19	45	33	20	24	22	26	12	23	
22	4	8	33	18	7	30	15	15	20	23	27	18	16	20	
77	120	73	82	93	59	90	77	122	55	54	117	38	30	71	
12	12	9	16	3	20	12	15	7	16	14	20	8	13	5	
98	118	64	39	108	50	85	140	143	52	87	135	75	119	125	
29	34	30	16	10	5	36	28	46	20	35	15	42	18	44	
44	53	53	38	71	44	63	44	61	67	15	54	22	19	67	
42	68	44	30	30	63	58	45	36	60	35	43	52	31	52	
46	53	31	61	37	14	49	72	42	27	54	31	31	54	44	
39	42	70	53	30	46	52	14	38	51	58	44	35	47	21	
85	75	98	15	62	134	63	66	84	72	60	51	104	106	70	
50	3	35	42	50	29	79	78	39	3	59	23	61	45	20	
55	31	36	32	43	94	80	80	76	58	77	80	95	47	49	
73	89	90	52	125	63	67	70	91	112	96	112	88	63	95	
18	32	4	12	28	21	15	12	21	31	20	22	14	20	30	
18	11	24	33	16	25	18	10	29	13	9	10	29	16	1	
60	60	73	37	82	110	18	67	25	58	15	65	77	19	64	
20	14	12	22	36	19	29	17	19	19	11	9	17	31	8	
30	28	35	38	27	20	16	53	13	30	15	31	19	7	17	
39	50	35	16	51	48	34	49	46	53	36	19	34	41	60	
73	105	67	69	73	43	81	69	116	69	107	38	79	53	47	
81	111	75	97	11	48	88	101	8	65	22	13	61	133	147	
48	63	82	53	63	55	13	84	42	83	28	82	35	60	53	
44	22	29	28	45	53	32	9	49	47	63	49	45	39	70	
47	80	33	26	58	57	33	31	75	75	31	63	39	84	50	
35	35	29	18	22	40	10	48	42	25	53	44	24	59	39	
30	37	41	22	17	24	16	21	37	20	48	30	21	28	17	
13	18	6	7	7	9	22	6	9	12	20	5	19	18	16	
47	45	50	15	45	69	73	66	47	2	53	53	76	48	74	
13	17	9	20	16	13	9	11	5	11	6	21	12	16	8	
28	16	43	21	43	23	27	14	33	24	13	27	9	11	23	
66	99	26	40	31	42	80	83	68	45	53	3	62	78	24	
66	123	72	40	85	79	71	60	57	25	47	22	44	69	49	
42	55	16	42	66	39	29	48	75	72	42	40	21	25	63	
68	52	45	28	74	76	78	41	30	79	101	76	84	74	36	
16	14	22	11	12	18	7	3	16	7	10	14	17	17	21	
56	53	42	28	75	59	78	13	69	48	62	18	52	49	74	
20	13	15	34	20	6	24	15	7	11	7	13	10	10	14	
33	14	22	28	26	26	33	16	52	41	45	25	42	36	25	
34	30	47	28	50	31	32	55	24	16	28	25	35	37	24	
42	64	48	2	51	35	45	36	18	29	43	41	31	48	54	
35	22	47	34	48	37	31	47	32	42	40	35	44	58	7	
85	56	108	109	96	116	116	127	48	125	59	126	70	51	143	
22	32	29	21	35	19	36	10	11	7	12	24	23	20	28	
35	56	47	14	22	8	35	30	43	55	44	39	9	39	40	
22	29	34	20	20	35	20	17	15	13	21	32	42	33	31	
37	56	68	45	47	39	53	57	10	35	35	3	51	54	53	
34	32	30	7	34	28	35	43	33	19	32	26	17	15	27	
80	95	78	31	74	101	59	50	48	57	77	90	117	59	96	
27	20	26	30	35	32	40	38	28	11	17	32	28	29	33	
57	31	71	66	90	57	47	62	46	73	19	79	36	28	65	
12	15	7	13	22	15	8	13	14	11	15	14	13	15	11	
88	111	103	67	101	73	82	174	172	81	33	155	127	89	129	
14	11	8	15	1	22	14	19	13	4	18	5	9	18	11	
57	85	5	61	34	80	58	31	80	62	80	26	28	59	44	
35	32	49	27	12	33	8	14	28	36	16	6	32	22	30	
38	37	32	40	31	18	47	70	25	47	48	69	15	20	46	
16	19	20	16	16	11	16	25	20	14	0	16	12	18	14	
56	64	68	39	33	48	57	66	43	11	39	43	12	51	80	
64	40	31	61	55	84	26	52	41	76	61	107	84	66	92	
47	31	17	18	68	42	74	75	27	58	15	88	44	29	87	
63	96	69	77	55	90	91	55	109	21	38	71	10	112	54	
54	75	40	66	81	55	33	71	40	41	59	77	17	23	80	
98	89	123	21	122	99	125	127	109	145	127	148	28	107	147	
80	67	52	78	57	64	53	33	136	118	103	50	39	135	122	
99	71	54	49	93	124	93	109	43	88	64	126	140	187	92	
10	6	13	5	12	10	16	14	10	7	4	9	1	3	12	
53	38	80	12	47	23	93	46	95	78	6	62	35	54	59	
29	12	42	42	50	25	20	46	44	33	15	49	34	19	40	
47	34	85	72	39	64	38	10	52	38	52	57	48	14	65	
40	32	60	25	43	35	43	43	38	12	48	57	34	36	22	
29	37	46	31	11	28	32	17	27	36	8	43	43	28	30	
46	8	23	20	26	9	68	44	58	36	60	30	12	41	71	
44	32	47	35	19	41	31	43	67	67	47	53	47	48	44	
83	82	42	39	80	64	83	84	159	9	67	93	63	107	20	
81	57	74	126	104	72	121	61	82	81	109	126	22	99	70	
28	35	52	6	35	33	18	29	15	21	22	13	24	12	54	
89	94	87	105	38	70	119	90	152	76	114	116	86	161	91	
57	65	27	39	28	1	42	53	53	76	77	92	59	16	99	
95	183	117	100	27	101	91	93	93	94	66	149	172	63	31	
83	14	66	89	69	141	57	81	116	51	79	151	94	111	71	
67	23	100	123	58	58	12	34	63	75	74	63	76	84	20	
82	71	62	131	108	30	96	86	86	90	124	94	116	77	86	
39	47	19	66	45	51	18	53	39	55	32	31	57	70	31	
92	99	44	168	57	41	36	70	138	95	44	124	112	86	29	
91	136	77	79	117	60	58	92	67	82	35	24	67	87	100	
56	82	74	65	71	75	73	86	21	101	65	86	83	87	67	
44	31	17	37	41	72	62	55	51	30	70	61	13	47	66	
95	127	138	155	111	103	153	58	94	95	77	69	54	139	159	
Distance matrix
0	41	25.5	22.5	18.5	39.5	60.5	26.5	52	66	75.5	45	75	72	26.5	29	42	34	10	52	73.5	45	31.5	57	41	42	13.5	36	53	33.5	83	58	65.5	69	82.5	43	53	78.5	71	27.5	55.5	25	70	69.5	87.5	7	31.5	30	50	37.5	6	67.5	4	77.5	85.5	21	44.5	70.5	49.5	32	3	97.5	75.5	53.5	42.5	47.5	87.5	37.5	68.5	74.5	6	38.5	46	68.5	74	56	86.5	45	49	64.5	16	31	77.5	71.5	27.5	33	3	64.5	89.5	17	37	65	52.5	90.5	60.5	30	53.5	65.5	68.5	35	73	38	74	79.5	33.5	58	43	82.5	26	85.5	56.5	88.5	57.5	95.5	68.5	27	31	45	86	37	6	38	27.5	43.5	58	75	
41	0	41.5	48.5	34.5	20.5	41.5	22.5	33	47	38.5	34	56	37	32.5	50	23	45	51	33	50.5	34	17.5	38	22	23	39.5	17	12	45.5	56	39	46.5	50	41.5	2	34	59.5	52	43.5	23.5	54	51	50.5	46.5	48	17.5	41	9	41.5	47	48.5	45	58.5	66.5	58	34.5	43.5	30.5	9	44	56.5	56.5	25.5	36.5	28.5	68.5	18.5	49.5	49.5	47	19.5	27	49.5	55	33	47.5	34	30	39.5	47	22	58.5	32.5	51.5	44	44	45.5	70.5	48	18	46	33.5	53.5	33.5	49	34.5	38.5	35.5	44	54	3	45	54.5	39.5	39	34	63.5	53	48.5	37.5	55.5	21.5	58.5	45.5	38	10	26	63	4	37	3	33.5	24.5	39	34	
25.5	41.5	0	33	7	40	61	27	52.5	66.5	54	19.5	75.5	52.5	27	30.5	42.5	25.5	35.5	52.5	66	29.5	32	57.5	41.5	42.5	24	36.5	41.5	8	71.5	58.5	66	69.5	57	43.5	53.5	79	71.5	2	34	34.5	70.5	70	62	32.5	32	30.5	44.5	22	31.5	68	29.5	78	86	38.5	35	59	50	32.5	28.5	72	76	36	37	48	88	38	69	65	31.5	39	46.5	69	74.5	48.5	63	29.5	35.5	55	31.5	31.5	78	48	32	31.5	28.5	65	90	32.5	37.5	65.5	53	69	49	29.5	54	54	51	24.5	73.5	38.5	60.5	70	34	56.5	41.5	83	33.5	64	57	71	32	74	61	27.5	31.5	45.5	78.5	37.5	21.5	38.5	28	44	58.5	49.5	
22.5	48.5	33	0	26	47	68	34	55.5	73.5	57	22.5	82.5	55.5	34	23.5	49.5	23.5	32.5	59.5	69	32.5	39	64.5	48.5	49.5	9	43.5	44.5	29	74.5	65.5	73	76.5	60	50.5	60.5	84	78.5	35	37	27.5	77.5	77	65	29.5	39	37.5	47.5	15	28.5	75	26.5	85	93	31.5	38	62	57	39.5	25.5	75	83	39	40	55	95	45	76	68	28.5	46	53.5	76	81.5	51.5	66	32.5	38.5	58	28.5	38.5	85	51	25	34.5	25.5	72	93	29.5	44.5	72.5	60	72	52	27.5	61	57	54	17.5	80.5	45.5	63.5	73	39	59.5	44.5	90	26.5	67	64	74	35	77	64	34.5	38.5	52.5	81.5	44.5	18.5	45.5	35	51	65.5	52.5	
18.5	34.5	7	26	0	33	54	20	45.5	59.5	61	26.5	68.5	59.5	20	37.5	35.5	32.5	28.5	45.5	67	36.5	25	50.5	34.5	35.5	17	29.5	46.5	15	76.5	51.5	59	62.5	64	36.5	46.5	72	64.5	9	41	33.5	63.5	63	69	25.5	25	23.5	43.5	29	24.5	61	22.5	71	79	39.5	38	64	43	25.5	21.5	79	69	43	36	41	81	31	62	68	24.5	32	39.5	62	67.5	49.5	70	36.5	42.5	58	24.5	24.5	71	55	39	26.5	21.5	58	83	25.5	30.5	58.5	46	76	54	28.5	47	59	58	31.5	66.5	31.5	67.5	73	27	51.5	36.5	76	34.5	71	50	78	39	81	62	20.5	24.5	38.5	79.5	30.5	14.5	31.5	21	37	51.5	56.5	
39.5	20.5	40	47	33	0	25	21	21.5	30.5	40	50.5	39.5	36.5	31	66.5	11.5	53.5	49.5	16.5	38	44.5	16	21.5	10.5	6.5	38	5.5	32.5	48	47.5	22.5	30	33.5	43	22.5	17.5	43	35.5	42	40	54.5	34.5	34	48	46.5	16	39.5	29.5	58	45.5	32	43.5	42	50	60.5	39	35	14	11.5	42.5	58	40	38	37	8	52	12	33	39	45.5	13	10.5	33	38.5	25.5	49	44.5	38.5	29	45.5	20.5	42	34	62	42.5	42.5	29	54	46.5	6.5	29.5	13	55	21	49.5	18	30	33	60.5	37.5	17.5	38.5	44	38	22.5	32.5	47	55.5	50	21	53	38	60	33	36.5	10.5	9.5	50.5	16.5	35.5	17.5	32	18	22.5	35.5	
60.5	41.5	61	68	54	25	0	42	42.5	21.5	29	59.5	30.5	32.5	52	75.5	32.5	70.5	70.5	12.5	13	59.5	37	17.5	31.5	22.5	59	26.5	51.5	69	36.5	18.5	21	24.5	22	43.5	23.5	34	26.5	63	49	75.5	25.5	25	27	67.5	37	60.5	50.5	67	66.5	7	64.5	33	41	81.5	60	34	25	32.5	63.5	37	31	51	58	33	43	33	24	14	66.5	34	16.5	24	29.5	46.5	28	59.5	55.5	40	66.5	41.5	33	33	77	63.5	63.5	20	45	67.5	27.5	25.5	38	34	44	70.5	19	39	36	69.5	28.5	38.5	30.5	35	59	38.5	53.5	38	76.5	29	32	36	47	39	34	57.5	31.5	25.5	41.5	37.5	56.5	38.5	53	39	28.5	29.5	
26.5	22.5	27	34	20	21	42	0	33.5	47.5	53	33.5	56.5	51.5	18	49.5	23.5	40.5	36.5	33.5	55	31.5	13	38.5	22.5	23.5	25	17.5	34.5	35	64.5	39.5	47	50.5	56	24.5	34.5	60	52.5	29	33	41.5	51.5	51	61	33.5	13	26.5	31.5	41	32.5	49	30.5	59	67	47.5	18	52	31	13.5	29.5	71	57	35	16	29	69	19	50	56	32.5	20	27.5	50	55.5	37.5	62	31.5	30.5	46	32.5	12.5	59	47	49	29.5	29.5	46	71	33.5	18.5	46.5	34	68	42	36.5	35	47	50	43.5	54.5	19.5	55.5	61	25	39.5	24.5	64	42.5	63	38	70	31	73	50	23.5	12.5	26.5	67.5	18.5	22.5	19.5	19	25	39.5	48.5	
52	33	52.5	55.5	45.5	21.5	42.5	33.5	0	48	27.5	33	57	26	43.5	49	10	44	62	34	39.5	33	28.5	39	11	24	50.5	16	25	44.5	45	40	47.5	51	30.5	35	35	54.5	53	50.5	22.5	53	48	51.5	35.5	59	28.5	48	28	40.5	58	45.5	56	59.5	67.5	57	33.5	32.5	31.5	24	55	45.5	57.5	24.5	35.5	29.5	65.5	24.5	50.5	38.5	58	25.5	28	50.5	56	4	36.5	33	29	28.5	58	33	59.5	21.5	50.5	45	55	46.5	63.5	59	15	43	30.5	42.5	22.5	48	35.5	27.5	24.5	43	55	30	34	43.5	44.5	30	35	64.5	52	37.5	36.5	44.5	20.5	47.5	34.5	49	23	27	52	29	48	30	44.5	30.5	40	23	
66	47	66.5	73.5	59.5	30.5	21.5	47.5	48	0	28.5	59	31	32	57.5	75	38	70	76	18	30.5	59	42.5	23	37	28	64.5	32	51	70.5	31	24	21.5	25	21.5	49	29	34.5	27	68.5	48.5	79	4	25.5	21.5	73	42.5	66	54	66.5	72	28.5	70	33.5	41.5	83	59.5	33.5	30.5	38	69	31.5	31.5	50.5	61.5	38.5	43.5	38.5	24.5	29.5	72	39.5	22	24.5	30	48	22.5	59	55	39.5	72	47	33.5	32.5	76.5	69	69	20.5	45.5	73	33	31	43.5	28.5	43.5	74	24.5	38.5	35.5	69	29	44	30	29.5	64.5	44	59	38.5	78	23.5	37.5	30.5	46.5	33.5	35.5	63	37	31	38	43	62	44	58.5	44.5	34	29	
75.5	38.5	54	57	61	40	29	53	27.5	28.5	0	34.5	39.5	7.5	53	50.5	37.5	45.5	69.5	32.5	16	34.5	48	27.5	38.5	37.5	66	41.5	26.5	46	21.5	26.5	34	45.5	7	36.5	26.5	31	51.5	52	24	54.5	24.5	40	12	72.5	48	49.5	29.5	42	73.5	22	75.5	42	44	58.5	35	5	30	47.5	76.5	22	44	26	37	32	42	42	41	15	73.5	41	31.5	49	40.5	23.5	13	34.5	30.5	15	63.5	48.5	52	8	52	46.5	76.5	35	40	62.5	42.5	19.5	27	19	19	49.5	22	14	11	44.5	41.5	41.5	10.5	20	46	21.5	36.5	47	53.5	14	23	21	22	24	7	52.5	46.5	34.5	28.5	42.5	71.5	41.5	52	36	21.5	4.5	
45	34	19.5	22.5	26.5	50.5	59.5	33.5	33	59	34.5	0	70	33	23.5	16	43	11	35	63	46.5	10	38.5	58	44	53	31.5	49	22	11.5	52	57	64.5	76	37.5	32	52	61.5	84	17.5	14.5	20	55	70.5	42.5	38	38.5	15	25	7.5	39	52.5	41	72.5	74.5	24	15.5	39.5	50.5	43	42	52.5	74.5	16.5	17.5	42.5	72.5	42.5	71.5	45.5	39	41.5	59	81.5	71	29	43.5	10	16	35.5	29	34	82.5	28.5	17.5	12	42	65.5	70.5	28	48	50	37.5	49.5	29.5	15	56.5	34.5	31.5	10	72	37	41	50.5	16.5	37	22	77.5	19	44.5	43.5	51.5	12.5	54.5	41.5	18	44	50	59	38	39	37	22.5	36.5	47	30	
75	56	75.5	82.5	68.5	39.5	30.5	56.5	57	31	39.5	70	0	43	66.5	86	47	81	85	27	41.5	70	51.5	32	46	37	73.5	41	62	81.5	32	33	25.5	6	32.5	58	38	28.5	16	77.5	59.5	90	35	19.5	27.5	82	51.5	75	65	77.5	81	37.5	79	22.5	30.5	94	70.5	44.5	39.5	47	78	22.5	20.5	61.5	72.5	47.5	32.5	47.5	18.5	40.5	81	48.5	31	13.5	1	59	28.5	70	66	50.5	81	56	22.5	43.5	87.5	78	78	24.5	34.5	82	42	40	52.5	24.5	54.5	85	33.5	49.5	46.5	80	2	53	41	35.5	73.5	53	68	27.5	89	29.5	46.5	26.5	57.5	24.5	46.5	72	46	40	11	52	71	53	67.5	53.5	43	40	
72	37	52.5	55.5	59.5	36.5	32.5	51.5	26	32	7.5	33	43	0	51.5	49	36	44	68	34	19.5	33	46.5	31	37	34	64.5	38	25	44.5	25	30	37.5	49	10.5	35	19	34.5	53	50.5	22.5	53	28	43.5	15.5	71	46.5	48	28	40.5	72	25.5	74	45.5	47.5	57	33.5	12.5	28.5	44	75	25.5	47.5	24.5	35.5	30.5	45.5	40.5	44.5	18.5	72	39.5	26	50.5	44	22	16.5	33	29	13.5	62	47	55.5	6.5	50.5	45	75	38.5	43.5	61	39	23	25.5	22.5	17.5	48	29.5	12.5	9.5	43	45	40	14	23.5	44.5	20	35	50.5	52	17.5	21.5	24.5	20.5	27.5	14.5	51	43	33	32	41	68	40	50.5	34.5	14	3	
26.5	32.5	27	34	20	31	52	18	43.5	57.5	53	23.5	66.5	51.5	0	39.5	33.5	34.5	36.5	43.5	65	28.5	23	48.5	32.5	33.5	25	27.5	40.5	35	70.5	49.5	57	60.5	56	34.5	44.5	70	62.5	29	33	41.5	61.5	61	61	33.5	23	26.5	41.5	31	32.5	59	30.5	69	77	47.5	34	58	41	23.5	29.5	71	67	35	34	39	79	29	60	64	32.5	30	37.5	60	65.5	47.5	62	28.5	34.5	54	32.5	22.5	69	47	41	29.5	29.5	56	81	33.5	28.5	56.5	44	68	48	36.5	45	53	50	33.5	64.5	29.5	59.5	69	7	49.5	34.5	74	42.5	63	48	70	31	73	60	23.5	22.5	36.5	77.5	28.5	22.5	29.5	1	35	49.5	48.5	
29	50	30.5	23.5	37.5	66.5	75.5	49.5	49	75	50.5	16	86	49	39.5	0	59	17	19	79	62.5	26	54.5	74	60	69	32.5	65	38	22.5	68	73	80.5	92	53.5	48	68	77.5	100	28.5	30.5	16	71	86.5	58.5	22	54.5	31	41	8.5	23	68.5	25	88.5	90.5	8	31.5	55.5	66.5	59	26	68.5	90.5	32.5	33.5	58.5	88.5	58.5	87.5	61.5	23	57.5	75	97.5	87	45	59.5	26	32	51.5	25	50	98.5	44.5	8.5	28	26	81.5	86.5	24	64	66	53.5	65.5	45.5	21	72.5	50.5	47.5	6	88	53	57	66.5	32.5	53	38	93.5	15	60.5	59.5	67.5	28.5	70.5	57.5	34	60	66	75	54	35	53	38.5	52.5	63	46	
42	23	42.5	49.5	35.5	11.5	32.5	23.5	10	38	37.5	43	47	36	33.5	59	0	54	52	24	45.5	43	18.5	29	1	14	40.5	6	35	50.5	55	30	37.5	41	40.5	25	25	50.5	43	44.5	32.5	57	42	41.5	45.5	49	18.5	42	32	50.5	48	39.5	46	49.5	57.5	63	41.5	42.5	21.5	14	45	55.5	47.5	34.5	39.5	19.5	59.5	14.5	40.5	46.5	48	15.5	18	40.5	46	14	46.5	43	39	36.5	48	23	49.5	31.5	60.5	45	45	36.5	61.5	49	5	37	24.5	52.5	32.5	52	25.5	37.5	34.5	53	45	20	44	51.5	40.5	30	35	54.5	58	47.5	28.5	54.5	30.5	57.5	40.5	39	13	17	58	19	38	20	34.5	20.5	30	33	
34	45	25.5	23.5	32.5	53.5	70.5	40.5	44	70	45.5	11	81	44	34.5	17	54	0	36	66	57.5	21	45.5	69	55	56	32.5	50	33	17.5	63	68	75.5	83	48.5	43	63	72.5	85	23.5	25.5	21	66	81.5	53.5	39	45.5	26	36	8.5	40	63.5	38	83.5	85.5	25	26.5	50.5	61.5	46	37	63.5	85.5	27.5	28.5	53.5	83.5	51.5	82.5	56.5	40	52.5	60	82.5	82	40	54.5	21	27	46.5	30	45	91.5	39.5	18.5	23	37	76.5	81.5	29	51	61	48.5	60.5	40.5	4	67.5	45.5	42.5	11	83	48	52	61.5	27.5	48	33	88.5	20	55.5	54.5	62.5	23.5	65.5	52.5	29	45	59	70	49	30	48	33.5	47.5	58	41	
10	51	35.5	32.5	28.5	49.5	70.5	36.5	62	76	69.5	35	85	68	36.5	19	52	36	0	62	81.5	45	41.5	67	51	52	23.5	46	57	41.5	87	68	75.5	79	72.5	53	63	88.5	81	37.5	49.5	35	80	79.5	77.5	3	41.5	40	60	27.5	4	77.5	6	87.5	95.5	11	50.5	74.5	59.5	42	7	87.5	85.5	51.5	52.5	57.5	97.5	47.5	78.5	80.5	4	48.5	56	78.5	84	64	78.5	45	51	70.5	26	41	87.5	63.5	27.5	43	7	74.5	99.5	27	47	75	62.5	84.5	64.5	40	63.5	69.5	66.5	25	83	48	76	85.5	43.5	68	53	92.5	34	79.5	66.5	86.5	47.5	89.5	76.5	37	41	55	94	47	16	48	37.5	53.5	68	65	
52	33	52.5	59.5	45.5	16.5	12.5	33.5	34	18	32.5	63	27	34	43.5	79	24	66	62	0	25.5	57	28.5	5	23	14	50.5	18	45	60.5	35	6	17.5	21	30.5	35	15	30.5	23	54.5	52.5	67	22	21.5	35.5	59	28.5	52	42	70.5	58	19.5	56	29.5	37.5	73	51.5	27.5	16.5	24	55	45.5	27.5	50.5	49.5	24.5	39.5	24.5	20.5	26.5	58	25.5	8	20.5	26	38	36.5	57	51	31.5	58	33	29.5	36.5	74.5	55	55	16.5	41.5	59	19	13	29.5	42.5	37.5	62	10.5	32.5	35.5	73	25	30	22	31.5	50.5	30	45	34.5	68	37.5	23.5	40.5	50.5	47.5	25.5	49	23	17	38	29	48	30	44.5	30.5	20	33	
73.5	50.5	66	69	67	38	13	55	39.5	30.5	16	46.5	41.5	19.5	65	62.5	45.5	57.5	81.5	25.5	0	46.5	50	30.5	44.5	35.5	72	39.5	38.5	58	23.5	31.5	34	37.5	9	48.5	36.5	33	39.5	64	36	66.5	26.5	38	14	80.5	50	61.5	41.5	54	79.5	6	77.5	44	46	70.5	47	21	38	45.5	76.5	24	44	38	49	44	44	46	37	1	79.5	47	29.5	37	42.5	35.5	15	46.5	42.5	27	75.5	54.5	46	20	64	58.5	76.5	33	42	74.5	40.5	26.5	39	21	31	61.5	32	26	23	56.5	41.5	51.5	17.5	22	58	33.5	48.5	49	65.5	16	35	23	34	26	23	64.5	44.5	38.5	30.5	50.5	69.5	51.5	64	48	33.5	16.5	
45	34	29.5	32.5	36.5	44.5	59.5	31.5	33	59	34.5	10	70	33	28.5	26	43	21	45	57	46.5	0	36.5	58	44	47	41.5	41	22	21.5	52	57	64.5	74	37.5	32	52	61.5	76	27.5	14.5	30	55	70.5	42.5	48	36.5	25	25	17.5	49	52.5	49	72.5	74.5	34	15.5	39.5	50.5	37	48	52.5	74.5	16.5	17.5	42.5	72.5	42.5	71.5	45.5	49	41.5	51	73.5	71	29	43.5	0	16	35.5	39	34	82.5	28.5	27.5	22	48	65.5	70.5	38	42	50	37.5	49.5	29.5	25	56.5	34.5	31.5	20	72	37	41	50.5	21.5	37	22	77.5	29	44.5	43.5	51.5	12.5	54.5	41.5	28	36	50	59	38	41	37	27.5	36.5	47	30	
31.5	17.5	32	39	25	16	37	13	28.5	42.5	48	38.5	51.5	46.5	23	54.5	18.5	45.5	41.5	28.5	50	36.5	0	33.5	17.5	18.5	30	12.5	29.5	40	59.5	34.5	42	45.5	51	19.5	29.5	55	47.5	34	24	46.5	46.5	46	56	38.5	0	31.5	26.5	46	37.5	44	35.5	54	62	52.5	31	47	26	8.5	34.5	66	52	22	29	24	64	14	45	51	37.5	15	22.5	45	50.5	32.5	57	36.5	30.5	41	37.5	12.5	54	42	54	34.5	34.5	41	66	38.5	13.5	41.5	29	63	37	41.5	30	42	45	48.5	49.5	14.5	50.5	56	30	34.5	24.5	59	47.5	58	33	65	26	68	45	28.5	7.5	21.5	62.5	13.5	27.5	14.5	24	20	34.5	43.5	
57	38	57.5	64.5	50.5	21.5	17.5	38.5	39	23	27.5	58	32	31	48.5	74	29	69	67	5	30.5	58	33.5	0	28	19	55.5	23	50	65.5	40	1	22.5	26	25.5	40	20	35.5	28	59.5	47.5	72	27	26.5	30.5	64	33.5	57	47	65.5	63	24.5	61	34.5	42.5	78	56.5	32.5	21.5	29	60	40.5	32.5	49.5	54.5	29.5	44.5	29.5	25.5	31.5	63	30.5	13	25.5	31	43	31.5	58	54	36.5	63	38	34.5	31.5	75.5	60	60	21.5	46.5	64	24	8	34.5	37.5	42.5	67	15.5	37.5	34.5	68	30	35	17	36.5	55.5	35	50	39.5	73	32.5	28.5	39.5	45.5	42.5	30.5	54	28	22	43	34	53	35	49.5	35.5	25	28	
41	22	41.5	48.5	34.5	10.5	31.5	22.5	11	37	38.5	44	46	37	32.5	60	1	55	51	23	44.5	44	17.5	28	0	13	39.5	5	34	49.5	54	29	36.5	40	41.5	24	24	49.5	42	43.5	33.5	56	41	40.5	46.5	48	17.5	41	31	51.5	47	38.5	45	48.5	56.5	62	40.5	41.5	20.5	13	44	56.5	46.5	35.5	38.5	18.5	58.5	13.5	39.5	45.5	47	14.5	17	39.5	45	15	47.5	44	40	35.5	47	22	48.5	32.5	61.5	44	44	35.5	60.5	48	4	36	23.5	53.5	31.5	51	24.5	36.5	35.5	54	44	19	45	50.5	39.5	29	34	53.5	57	48.5	27.5	55.5	31.5	58.5	39.5	38	12	16	57	18	37	19	33.5	19.5	29	34	
42	23	42.5	49.5	35.5	6.5	22.5	23.5	24	28	37.5	53	37	34	33.5	69	14	56	52	14	35.5	47	18.5	19	13	0	40.5	8	35	50.5	45	20	27.5	31	40.5	25	15	40.5	33	44.5	42.5	57	32	31.5	45.5	49	18.5	42	32	60.5	48	29.5	46	39.5	47.5	63	41.5	32.5	11.5	14	45	55.5	37.5	40.5	39.5	14.5	49.5	14.5	30.5	36.5	48	15.5	8	30.5	36	28	46.5	47	41	26.5	48	23	39.5	31.5	64.5	45	45	26.5	51.5	49	9	27	19.5	52.5	27.5	52	15.5	27.5	30.5	63	35	20	36	41.5	40.5	16	35	44.5	58	47.5	18.5	50.5	40.5	57.5	30.5	39	13	3	48	19	38	20	34.5	20.5	20	33	
13.5	39.5	24	9	17	38	59	25	50.5	64.5	66	31.5	73.5	64.5	25	32.5	40.5	32.5	23.5	50.5	72	41.5	30	55.5	39.5	40.5	0	34.5	51.5	32	81.5	56.5	64	67.5	69	41.5	51.5	77	69.5	26	46	28.5	68.5	68	74	20.5	30	28.5	48.5	24	19.5	66	17.5	76	84	34.5	43	69	48	30.5	16.5	84	74	48	41	46	86	36	67	73	19.5	37	44.5	67	72.5	54.5	75	41.5	47.5	63	19.5	29.5	76	60	34	31.5	16.5	63	88	20.5	35.5	63.5	51	81	59	28.5	52	64	63	26.5	71.5	36.5	72.5	78	32	56.5	41.5	81	29.5	76	55	83	44	86	67	25.5	29.5	43.5	84.5	35.5	9.5	36.5	26	42	56.5	61.5	
36	17	36.5	43.5	29.5	5.5	26.5	17.5	16	32	41.5	49	41	38	27.5	65	6	50	46	18	39.5	41	12.5	23	5	8	34.5	0	29	44.5	49	24	31.5	35	46.5	19	19	44.5	37	38.5	36.5	51	36	35.5	51.5	43	12.5	36	26	56.5	42	33.5	40	43.5	51.5	57	35.5	36.5	15.5	8	39	61.5	41.5	34.5	33.5	13.5	53.5	8.5	34.5	40.5	42	9.5	12	34.5	40	20	52.5	41	35	30.5	42	17	43.5	37.5	58.5	39	39	30.5	55.5	43	1	31	18.5	56.5	26.5	46	19.5	31.5	34.5	59	39	14	40	45.5	34.5	24	29	48.5	52	51.5	22.5	54.5	36.5	61.5	34.5	33	7	11	52	13	32	14	28.5	14.5	24	39	
53	12	41.5	44.5	46.5	32.5	51.5	34.5	25	51	26.5	22	62	25	40.5	38	35	33	57	45	38.5	22	29.5	50	34	35	51.5	29	0	33.5	44	49	56.5	62	29.5	10	44	53.5	64	39.5	11.5	42	47	62.5	34.5	60	29.5	37	3	29.5	59	44.5	57	64.5	66.5	46	22.5	31.5	42.5	21	56	44.5	66.5	13.5	24.5	34.5	64.5	30.5	61.5	37.5	59	31.5	39	61.5	63	21	35.5	22	18	27.5	51	34	70.5	20.5	39.5	34	56	57.5	62.5	50	30	42	29.5	41.5	21.5	37	46.5	26.5	23.5	32	64	15	33	42.5	33.5	29	24	69.5	41	36.5	35.5	43.5	9.5	46.5	33.5	40	22	38	51	16	49	15	39.5	28.5	39	22	
33.5	45.5	8	29	15	48	69	35	44.5	70.5	46	11.5	81.5	44.5	35	22.5	50.5	17.5	41.5	60.5	58	21.5	40	65.5	49.5	50.5	32	44.5	33.5	0	63.5	66.5	74	77.5	49	43.5	61.5	73	79.5	6	26	26.5	66.5	78	54	40.5	40	26.5	36.5	14	39.5	64	37.5	84	86	30.5	27	51	58	40.5	36.5	64	84	28	29	54	84	46	77	57	39.5	47	54.5	77	82.5	40.5	55	21.5	27.5	47	35.5	39.5	86	40	24	23.5	36.5	73	82	34.5	45.5	61.5	49	61	41	21.5	62	46	43	16.5	81.5	46.5	52.5	62	28	48.5	33.5	89	25.5	56	55	63	24	66	53	29.5	39.5	53.5	70.5	45.5	29.5	46.5	34	48	58.5	41.5	
83	56	71.5	74.5	76.5	47.5	36.5	64.5	45	31	21.5	52	32	25	70.5	68	55	63	87	35	23.5	52	59.5	40	54	45	81.5	49	44	63.5	0	39	31.5	32	14.5	54	44	23.5	34	69.5	41.5	72	27	32.5	9.5	90	59.5	67	47	59.5	89	29.5	87	34.5	36.5	76	52.5	26.5	47.5	55	86	14.5	36.5	43.5	54.5	49.5	34.5	55.5	31.5	22.5	89	56.5	39	31.5	33	41	10.5	52	48	32.5	81	64	40.5	25.5	69.5	64	86	32.5	32.5	80	50	32	44.5	11.5	36.5	67	41.5	31.5	28.5	62	34	59	23	17.5	63.5	39	54	39.5	71	11.5	40.5	13.5	39.5	16.5	28.5	70	54	48	21	60	79	59	69.5	53.5	39	22	
58	39	58.5	65.5	51.5	22.5	18.5	39.5	40	24	26.5	57	33	30	49.5	73	30	68	68	6	31.5	57	34.5	1	29	20	56.5	24	49	66.5	39	0	23.5	27	24.5	41	21	36.5	29	60.5	46.5	73	28	27.5	29.5	65	34.5	58	48	64.5	64	25.5	62	35.5	43.5	79	57.5	31.5	22.5	30	61	39.5	33.5	48.5	55.5	30.5	45.5	30.5	26.5	32.5	64	31.5	14	26.5	32	44	30.5	57	53	37.5	64	39	35.5	30.5	74.5	61	61	22.5	47.5	65	25	7	35.5	36.5	41.5	68	16.5	36.5	33.5	67	31	36	16	37.5	56.5	36	51	40.5	74	31.5	29.5	38.5	44.5	41.5	31.5	55	29	23	44	35	54	36	50.5	36.5	26	27	
65.5	46.5	66	73	59	30	21	47	47.5	21.5	34	64.5	25.5	37.5	57	80.5	37.5	75.5	75.5	17.5	34	64.5	42	22.5	36.5	27.5	64	31.5	56.5	74	31.5	23.5	0	19.5	27	48.5	28.5	29	21.5	68	54	80.5	25.5	20	22	72.5	42	65.5	55.5	72	71.5	28	69.5	28	36	86.5	65	39	30	37.5	68.5	32	26	56	63	38	38	38	19	35	71.5	39	21.5	19	24.5	51.5	21	64.5	60.5	45	71.5	46.5	28	38	82	68.5	68.5	1	40	72.5	32.5	30.5	43	29	49	75.5	24	44	41	74.5	23.5	43.5	35.5	14	64	43.5	58.5	33	81.5	20	37	31	52	34	39	62.5	36.5	30.5	36.5	42.5	61.5	43.5	58	44	33.5	34.5	
69	50	69.5	76.5	62.5	33.5	24.5	50.5	51	25	45.5	76	6	49	60.5	92	41	83	79	21	37.5	74	45.5	26	40	31	67.5	35	62	77.5	32	27	19.5	0	38.5	52	32	22.5	10	71.5	65.5	84	29	13.5	33.5	76	45.5	69	59	83.5	75	31.5	73	16.5	24.5	90	68.5	44.5	33.5	41	72	28.5	14.5	67.5	66.5	41.5	26.5	41.5	12.5	38.5	75	42.5	25	7.5	5	55	34.5	74	68	48.5	75	50	16.5	49.5	91.5	72	72	18.5	28.5	76	36	34	46.5	30.5	54.5	79	27.5	49.5	52.5	86	4	47	43	33.5	67.5	47	62	21.5	85	35.5	40.5	32.5	63.5	30.5	42.5	66	40	34	17	46	65	47	61.5	47.5	37	46	
82.5	41.5	57	60	64	43	22	56	30.5	21.5	7	37.5	32.5	10.5	56	53.5	40.5	48.5	72.5	30.5	9	37.5	51	25.5	41.5	40.5	69	46.5	29.5	49	14.5	24.5	27	38.5	0	39.5	29.5	24	46.5	55	27	57.5	17.5	33	5	75.5	51	52.5	32.5	45	76.5	15	78.5	35	37	61.5	38	12	33	50.5	79.5	15	37	29	40	35	35	45	34	8	76.5	44	36.5	44	33.5	26.5	6	37.5	33.5	18	66.5	51.5	45	11	55	49.5	79.5	28	33	65.5	45.5	17.5	30	12	22	52.5	29	17	14	47.5	34.5	44.5	8.5	13	49	24.5	39.5	40	56.5	7	26	14	25	17	14	55.5	51.5	37.5	21.5	45.5	76.5	44.5	55	39	24.5	7.5	
43	2	43.5	50.5	36.5	22.5	43.5	24.5	35	49	36.5	32	58	35	34.5	48	25	43	53	35	48.5	32	19.5	40	24	25	41.5	19	10	43.5	54	41	48.5	52	39.5	0	36	61.5	54	45.5	21.5	52	53	52.5	44.5	50	19.5	43	7	39.5	49	50.5	47	60.5	68.5	56	32.5	41.5	32.5	11	46	54.5	58.5	23.5	34.5	30.5	70.5	20.5	51.5	47.5	49	21.5	29	51.5	57	31	45.5	32	28	37.5	49	24	60.5	30.5	49.5	44	46	47.5	72.5	50	20	48	35.5	51.5	31.5	47	36.5	36.5	33.5	42	56	5	43	52.5	41.5	39	34	65.5	51	46.5	39.5	53.5	19.5	56.5	43.5	40	12	28	61	6	39	5	35.5	26.5	41	32	
53	34	53.5	60.5	46.5	17.5	23.5	34.5	35	29	26.5	52	38	19	44.5	68	25	63	63	15	36.5	52	29.5	20	24	15	51.5	19	44	61.5	44	21	28.5	32	29.5	36	0	41.5	34	55.5	41.5	68	33	32.5	34.5	60	29.5	53	43	59.5	59	30.5	57	40.5	48.5	74	52.5	31.5	17.5	25	56	44.5	38.5	43.5	50.5	25.5	50.5	25.5	31.5	37.5	59	26.5	7	31.5	37	39	35.5	52	48	32.5	59	34	40.5	25.5	69.5	56	56	27.5	52.5	60	20	28	30.5	41.5	36.5	63	16.5	31.5	28.5	62	36	31	33	42.5	51.5	31	46	45.5	69	36.5	24.5	43.5	39.5	46.5	31.5	50	24	18	49	30	49	31	45.5	31.5	5	22	
78.5	59.5	79	84	72	43	34	60	54.5	34.5	31	61.5	28.5	34.5	70	77.5	50.5	72.5	88.5	30.5	33	61.5	55	35.5	49.5	40.5	77	44.5	53.5	73	23.5	36.5	29	22.5	24	61.5	41.5	0	24.5	79	51	81.5	36.5	9	19	85.5	55	76.5	56.5	69	84.5	39	82.5	31	39	85.5	62	36	43	50.5	81.5	19	29	53	64	51	39	51	10	32	84.5	52	34.5	22	27.5	50.5	20	61.5	57.5	42	84.5	59.5	31	35	79	73.5	81.5	28	37	85.5	45.5	41.5	54	12	46	76.5	37	41	38	71.5	26.5	56.5	32.5	27	73	48.5	63.5	36	80.5	21	50	10	49	21	38	75.5	49.5	43.5	25.5	55.5	74.5	56.5	71	57	46.5	31.5	
71	52	71.5	78.5	64.5	35.5	26.5	52.5	53	27	51.5	84	16	53	62.5	100	43	85	81	23	39.5	76	47.5	28	42	33	69.5	37	64	79.5	34	29	21.5	10	46.5	54	34	24.5	0	73.5	71.5	86	31	15.5	41.5	78	47.5	71	61	91.5	77	33.5	75	13.5	16.5	92	70.5	46.5	35.5	43	74	31.5	11.5	69.5	68.5	43.5	18.5	43.5	14.5	40.5	77	44.5	27	4.5	15	57	42.5	76	70	50.5	77	52	8.5	57.5	93.5	74	74	20.5	20.5	78	38	36	48.5	36.5	56.5	81	29.5	51.5	54.5	94	14	49	45	35.5	69.5	49	64	13.5	87	41.5	42.5	34.5	71.5	31.5	44.5	68	42	36	27	48	67	49	63.5	49.5	39	54	
27.5	43.5	2	35	9	42	63	29	50.5	68.5	52	17.5	77.5	50.5	29	28.5	44.5	23.5	37.5	54.5	64	27.5	34	59.5	43.5	44.5	26	38.5	39.5	6	69.5	60.5	68	71.5	55	45.5	55.5	79	73.5	0	32	32.5	72.5	72	60	34.5	34	32.5	42.5	20	33.5	70	31.5	80	88	36.5	33	57	52	34.5	30.5	70	78	34	35	50	90	40	71	63	33.5	41	48.5	71	76.5	46.5	61	27.5	33.5	53	33.5	33.5	80	46	30	29.5	30.5	67	88	34.5	39.5	67.5	55	67	47	27.5	56	52	49	22.5	75.5	40.5	58.5	68	34	54.5	39.5	85	31.5	62	59	69	30	72	59	29.5	33.5	47.5	76.5	39.5	23.5	40.5	30	46	60.5	47.5	
55.5	23.5	34	37	41	40	49	33	22.5	48.5	24	14.5	59.5	22.5	33	30.5	32.5	25.5	49.5	52.5	36	14.5	24	47.5	33.5	42.5	46	36.5	11.5	26	41.5	46.5	54	65.5	27	21.5	41.5	51	71.5	32	0	34.5	44.5	60	32	52.5	24	29.5	14.5	22	53.5	42	55.5	62	64	38.5	15	29	40	32.5	56.5	42	64	2	17	32	62	32	61	35	53.5	31	46.5	69	60.5	18.5	33	14.5	10.5	25	43.5	28.5	72	18	32	26.5	56.5	55	60	42.5	37.5	39.5	27	39	19	29.5	46	24	21	24.5	61.5	26.5	30.5	40	26	26.5	16.5	67	33.5	34	33	41	2	44	31	32.5	31.5	39.5	48.5	27.5	51.5	26.5	32	26	36.5	19.5	
25	54	34.5	27.5	33.5	54.5	75.5	41.5	53	79	54.5	20	90	53	41.5	16	57	21	35	67	66.5	30	46.5	72	56	57	28.5	51	42	26.5	72	73	80.5	84	57.5	52	68	81.5	86	32.5	34.5	0	75	84.5	62.5	32	46.5	35	45	12.5	31	72.5	29	92.5	94.5	24	35.5	59.5	64.5	47	28	72.5	90.5	36.5	37.5	62.5	92.5	52.5	83.5	65.5	31	53.5	61	83.5	89	49	63.5	30	36	55.5	9	46	92.5	48.5	17.5	32	28	79.5	90.5	8	52	70	57.5	69.5	49.5	25	68.5	54.5	51.5	10	88	53	61	70.5	36.5	57	42	97.5	1	64.5	63.5	71.5	32.5	74.5	61.5	38	46	60	79	52	19	53	42.5	56.5	67	50	
70	51	70.5	77.5	63.5	34.5	25.5	51.5	48	4	24.5	55	35	28	61.5	71	42	66	80	22	26.5	55	46.5	27	41	32	68.5	36	47	66.5	27	28	25.5	29	17.5	53	33	36.5	31	72.5	44.5	75	0	29.5	17.5	77	46.5	70	50	62.5	76	32.5	74	37.5	45.5	79	55.5	29.5	34.5	42	73	27.5	35.5	46.5	57.5	42.5	47.5	42.5	28.5	25.5	76	43.5	26	28.5	34	44	18.5	55	51	35.5	76	51	37.5	28.5	72.5	67	73	24.5	45.5	77	37	35	47.5	24.5	39.5	70	28.5	34.5	31.5	65	33	48	26	25.5	66.5	42	57	42.5	74	19.5	41.5	26.5	42.5	29.5	31.5	67	41	35	34	47	66	48	62.5	48.5	38	25	
69.5	50.5	70	77	63	34	25	51	51.5	25.5	40	70.5	19.5	43.5	61	86.5	41.5	81.5	79.5	21.5	38	70.5	46	26.5	40.5	31.5	68	35.5	62.5	78	32.5	27.5	20	13.5	33	52.5	32.5	9	15.5	72	60	84.5	29.5	0	28	76.5	46	69.5	59.5	78	75.5	32	73.5	22	30	90.5	69	45	34	41.5	72.5	28	20	62	67	42	32	42	1	39	75.5	43	25.5	13	18.5	55.5	29	70.5	66.5	49	75.5	50.5	22	44	88	72.5	72.5	19	34	76.5	36.5	34.5	47	21	55	79.5	28	50	47	80.5	17.5	47.5	41.5	34	68	47.5	62.5	27	85.5	30	41	19	58	30	43	66.5	40.5	34.5	30.5	46.5	65.5	47.5	62	48	37.5	40.5	
87.5	46.5	62	65	69	48	27	61	35.5	21.5	12	42.5	27.5	15.5	61	58.5	45.5	53.5	77.5	35.5	14	42.5	56	30.5	46.5	45.5	74	51.5	34.5	54	9.5	29.5	22	33.5	5	44.5	34.5	19	41.5	60	32	62.5	17.5	28	0	80.5	56	57.5	37.5	50	81.5	20	83.5	30	32	66.5	43	17	38	55.5	84.5	10	32	34	45	40	30	50	29	13	81.5	49	41.5	39	28.5	31.5	1	42.5	38.5	23	71.5	56.5	40	16	60	54.5	84.5	23	28	70.5	50.5	22.5	35	7	27	57.5	34	22	19	52.5	29.5	49.5	13.5	8	54	29.5	44.5	35	61.5	2	31	9	30	12	19	60.5	56.5	42.5	16.5	50.5	81.5	49.5	60	44	29.5	12.5	
7	48	32.5	29.5	25.5	46.5	67.5	33.5	59	73	72.5	38	82	71	33.5	22	49	39	3	59	80.5	48	38.5	64	48	49	20.5	43	60	40.5	90	65	72.5	76	75.5	50	60	85.5	78	34.5	52.5	32	77	76.5	80.5	0	38.5	37	57	30.5	1	74.5	3	84.5	92.5	14	51.5	77.5	56.5	39	4	90.5	82.5	54.5	49.5	54.5	94.5	44.5	75.5	81.5	1	45.5	53	75.5	81	63	81.5	48	54	71.5	23	38	84.5	66.5	30.5	40	4	71.5	96.5	24	44	72	59.5	87.5	67.5	37	60.5	72.5	69.5	28	80	45	79	86.5	40.5	65	50	89.5	33	82.5	63.5	89.5	50.5	92.5	75.5	34	38	52	93	44	13	45	34.5	50.5	65	68	
31.5	17.5	32	39	25	16	37	13	28.5	42.5	48	38.5	51.5	46.5	23	54.5	18.5	45.5	41.5	28.5	50	36.5	0	33.5	17.5	18.5	30	12.5	29.5	40	59.5	34.5	42	45.5	51	19.5	29.5	55	47.5	34	24	46.5	46.5	46	56	38.5	0	31.5	26.5	46	37.5	44	35.5	54	62	52.5	31	47	26	8.5	34.5	66	52	22	29	24	64	14	45	51	37.5	15	22.5	45	50.5	32.5	57	36.5	30.5	41	37.5	12.5	54	42	54	34.5	34.5	41	66	38.5	13.5	41.5	29	63	37	41.5	30	42	45	48.5	49.5	14.5	50.5	56	30	34.5	24.5	59	47.5	58	33	65	26	68	45	28.5	7.5	21.5	62.5	13.5	27.5	14.5	24	20	34.5	43.5	
30	41	30.5	37.5	23.5	39.5	60.5	26.5	48	66	49.5	15	75	48	26.5	31	42	26	40	52	61.5	25	31.5	57	41	42	28.5	36	37	26.5	67	58	65.5	69	52.5	43	53	76.5	71	32.5	29.5	35	70	69.5	57.5	37	31.5	0	40	22.5	36	67.5	34	77.5	85.5	39	30.5	54.5	49.5	32	33	67.5	75.5	31.5	32.5	47.5	87.5	37.5	68.5	60.5	36	38.5	46	68.5	74	44	58.5	25	31	50.5	36	31	77.5	43.5	32.5	3	33	64.5	85.5	37	37	65	52.5	64.5	44.5	30	53.5	49.5	46.5	25	73	38	56	65.5	31.5	52	37	82.5	34	59.5	56.5	66.5	27.5	69.5	56.5	3	31	45	74	37	26	38	27.5	43.5	58	45	
50	9	44.5	47.5	43.5	29.5	50.5	31.5	28	54	29.5	25	65	28	41.5	41	32	36	60	42	41.5	25	26.5	47	31	32	48.5	26	3	36.5	47	48	55.5	59	32.5	7	43	56.5	61	42.5	14.5	45	50	59.5	37.5	57	26.5	40	0	32.5	56	47.5	54	67.5	69.5	49	25.5	34.5	39.5	18	53	47.5	65.5	16.5	27.5	37.5	67.5	27.5	58.5	40.5	56	28.5	36	58.5	64	24	38.5	25	21	30.5	54	31	67.5	23.5	42.5	37	53	54.5	65.5	53	27	45	32.5	44.5	24.5	40	43.5	29.5	26.5	35	63	12	36	45.5	36.5	32	27	72.5	44	39.5	38.5	46.5	12.5	49.5	36.5	43	19	35	54	13	46	12	42.5	31.5	42	25	
37.5	41.5	22	15	29	58	67	41	40.5	66.5	42	7.5	77.5	40.5	31	8.5	50.5	8.5	27.5	70.5	54	17.5	46	65.5	51.5	60.5	24	56.5	29.5	14	59.5	64.5	72	83.5	45	39.5	59.5	69	91.5	20	22	12.5	62.5	78	50	30.5	46	22.5	32.5	0	31.5	60	33.5	80	82	16.5	23	47	58	50.5	34.5	60	82	24	25	50	80	50	79	53	31.5	49	66.5	89	78.5	36.5	51	17.5	23.5	43	21.5	41.5	90	36	10	19.5	34.5	73	78	20.5	55.5	57.5	45	57	37	12.5	64	42	39	2.5	79.5	44.5	48.5	58	24	44.5	29.5	85	11.5	52	51	59	20	62	49	25.5	51.5	57.5	66.5	45.5	31.5	44.5	30	44	54.5	37.5	
6	47	31.5	28.5	24.5	45.5	66.5	32.5	58	72	73.5	39	81	72	32.5	23	48	40	4	58	79.5	49	37.5	63	47	48	19.5	42	59	39.5	89	64	71.5	75	76.5	49	59	84.5	77	33.5	53.5	31	76	75.5	81.5	1	37.5	36	56	31.5	0	73.5	2	83.5	91.5	15	50.5	76.5	55.5	38	3	91.5	81.5	55.5	48.5	53.5	93.5	43.5	74.5	80.5	0	44.5	52	74.5	80	62	82.5	49	55	70.5	22	37	83.5	67.5	31.5	39	3	70.5	95.5	23	43	71	58.5	88.5	66.5	36	59.5	71.5	70.5	29	79	44	80	85.5	39.5	64	49	88.5	32	83.5	62.5	90.5	51.5	93.5	74.5	33	37	51	92	43	12	44	33.5	49.5	64	69	
67.5	48.5	68	75	61	32	7	49	45.5	28.5	22	52.5	37.5	25.5	59	68.5	39.5	63.5	77.5	19.5	6	52.5	44	24.5	38.5	29.5	66	33.5	44.5	64	29.5	25.5	28	31.5	15	50.5	30.5	39	33.5	70	42	72.5	32.5	32	20	74.5	44	67.5	47.5	60	73.5	0	71.5	40	48	76.5	53	27	32	39.5	70.5	30	38	44	55	40	50	40	31	7	73.5	41	23.5	31	36.5	41.5	21	52.5	48.5	33	73.5	48.5	40	26	70	64.5	70.5	27	48	74.5	34.5	32.5	45	27	37	67.5	26	32	29	62.5	35.5	45.5	23.5	28	64	39.5	54.5	45	71.5	22	39	29	40	32	29	64.5	38.5	32.5	36.5	44.5	63.5	45.5	60	46	35.5	22.5	
4	45	29.5	26.5	22.5	43.5	64.5	30.5	56	70	75.5	41	79	74	30.5	25	46	38	6	56	77.5	49	35.5	61	45	46	17.5	40	57	37.5	87	62	69.5	73	78.5	47	57	82.5	75	31.5	55.5	29	74	73.5	83.5	3	35.5	34	54	33.5	2	71.5	0	81.5	89.5	17	48.5	74.5	53.5	36	1	93.5	79.5	57.5	46.5	51.5	91.5	41.5	72.5	78.5	2	42.5	50	72.5	78	60	84.5	49	53	68.5	20	35	81.5	69.5	31.5	37	1	68.5	93.5	21	41	69	56.5	90.5	64.5	34	57.5	69.5	72.5	31	77	42	78	83.5	37.5	62	47	86.5	30	85.5	60.5	92.5	53.5	95.5	72.5	31	35	49	90	41	10	42	31.5	47.5	62	71	
77.5	58.5	78	85	71	42	33	59	59.5	33.5	42	72.5	22.5	45.5	69	88.5	49.5	83.5	87.5	29.5	44	72.5	54	34.5	48.5	39.5	76	43.5	64.5	84	34.5	35.5	28	16.5	35	60.5	40.5	31	13.5	80	62	92.5	37.5	22	30	84.5	54	77.5	67.5	80	83.5	40	81.5	0	28	96.5	73	47	42	49.5	80.5	20	2	64	75	50	30	50	21	43	83.5	51	33.5	9	21.5	61.5	31	72.5	68.5	53	83.5	58.5	20	46	90	80.5	80.5	27	32	84.5	44.5	42.5	55	27	57	87.5	36	52	49	82.5	20.5	55.5	43.5	38	76	55.5	70.5	25	91.5	32	49	29	60	18	49	74.5	48.5	42.5	31.5	54.5	73.5	55.5	70	56	45.5	42.5	
85.5	66.5	86	93	79	50	41	67	67.5	41.5	44	74.5	30.5	47.5	77	90.5	57.5	85.5	95.5	37.5	46	74.5	62	42.5	56.5	47.5	84	51.5	66.5	86	36.5	43.5	36	24.5	37	68.5	48.5	39	16.5	88	64	94.5	45.5	30	32	92.5	62	85.5	69.5	82	91.5	48	89.5	28	0	98.5	75	49	50	57.5	88.5	22	26	66	77	58	2	58	29	45	91.5	59	41.5	19	29.5	63.5	33	74.5	70.5	55	91.5	66.5	8	48	92	86.5	88.5	35	4	92.5	52.5	50.5	63	29	59	89.5	44	54	51	84.5	28.5	63.5	45.5	40	84	61.5	76.5	3	93.5	34	57	31	62	24	51	82.5	56.5	50.5	33.5	62.5	81.5	63.5	78	64	53.5	44.5	
21	58	38.5	31.5	39.5	60.5	81.5	47.5	57	83	58.5	24	94	57	47.5	8	63	25	11	73	70.5	34	52.5	78	62	63	34.5	57	46	30.5	76	79	86.5	90	61.5	56	74	85.5	92	36.5	38.5	24	79	90.5	66.5	14	52.5	39	49	16.5	15	76.5	17	96.5	98.5	0	39.5	63.5	70.5	53	18	76.5	96.5	40.5	41.5	66.5	96.5	58.5	89.5	69.5	15	59.5	67	89.5	95	53	67.5	34	40	59.5	33	52	98.5	52.5	16.5	36	18	85.5	94.5	32	58	74	61.5	73.5	53.5	29	74.5	58.5	55.5	14	94	59	65	74.5	40.5	61	46	101.5	23	68.5	67.5	75.5	36.5	78.5	65.5	42	52	66	83	58	27	59	46.5	60.5	71	54	
44.5	34.5	35	38	38	39	60	18	33.5	59.5	35	15.5	70.5	33.5	34	31.5	41.5	26.5	50.5	51.5	47	15.5	31	56.5	40.5	41.5	43	35.5	22.5	27	52.5	57.5	65	68.5	38	32.5	52.5	62	70.5	33	15	35.5	55.5	69	43	51.5	31	30.5	25.5	23	50.5	53	48.5	73	75	39.5	0	40	49	31.5	47.5	53	75	17	2	43	73	37	68	46	50.5	38	45.5	68	71.5	29.5	44	15.5	16.5	36	44.5	30.5	77	29	33	27.5	47.5	64	71	43.5	36.5	50.5	38	50	30	30.5	53	35	32	25.5	72.5	37.5	41.5	51	27	37.5	22.5	78	34.5	45	44	52	13	55	42	33.5	30.5	44.5	59.5	36.5	40.5	37.5	33	37	47.5	30.5	
70.5	43.5	59	62	64	35	34	52	32.5	33.5	5	39.5	44.5	12.5	58	55.5	42.5	50.5	74.5	27.5	21	39.5	47	32.5	41.5	32.5	69	36.5	31.5	51	26.5	31.5	39	44.5	12	41.5	31.5	36	46.5	57	29	59.5	29.5	45	17	77.5	47	54.5	34.5	47	76.5	27	74.5	47	49	63.5	40	0	35	42.5	73.5	27	49	31	42	37	47	43	44	20	76.5	44	26.5	44	45.5	28.5	18	39.5	35.5	20	68.5	51.5	53	13	57	51.5	73.5	40	45	67.5	37.5	24.5	32	24	24	54.5	17	19	16	49.5	46.5	46.5	15.5	25	51	26.5	41.5	52	58.5	19	28	26	27	29	2	57.5	41.5	35.5	33.5	47.5	66.5	46.5	57	41	26.5	9.5	
49.5	30.5	50	57	43	14	25	31	31.5	30.5	30	50.5	39.5	28.5	41	66.5	21.5	61.5	59.5	16.5	38	50.5	26	21.5	20.5	11.5	48	15.5	42.5	58	47.5	22.5	30	33.5	33	32.5	17.5	43	35.5	52	40	64.5	34.5	34	38	56.5	26	49.5	39.5	58	55.5	32	53.5	42	50	70.5	49	35	0	21.5	52.5	48	40	42	47	22	52	22	33	39	55.5	23	10.5	33	38.5	35.5	39	50.5	46.5	15	55.5	30.5	42	22	68	52.5	52.5	29	54	56.5	16.5	29.5	27	45	35	59.5	18	16	19	60.5	37.5	27.5	36.5	44	48	27.5	42.5	47	65.5	40	7	47	38	50	33	46.5	20.5	14.5	50.5	26.5	45.5	27.5	42	28	22.5	25.5	
32	9	32.5	39.5	25.5	11.5	32.5	13.5	24	38	47.5	43	47	44	23.5	59	14	46	42	24	45.5	37	8.5	29	13	14	30.5	8	21	40.5	55	30	37.5	41	50.5	11	25	50.5	43	34.5	32.5	47	42	41.5	55.5	39	8.5	32	18	50.5	38	39.5	36	49.5	57.5	53	31.5	42.5	21.5	0	35	65.5	47.5	30.5	29.5	19.5	59.5	9.5	40.5	46.5	38	10.5	18	40.5	46	28	56.5	37	31	36.5	38	13	49.5	41.5	54.5	35	35	36.5	61.5	39	9	37	24.5	62.5	32.5	42	25.5	37.5	40.5	53	45	6	46	51.5	30.5	30	25	54.5	48	57.5	28.5	60.5	30.5	67.5	40.5	29	1	17	58	5	28	6	24.5	15.5	30	43	
3	44	28.5	25.5	21.5	42.5	63.5	29.5	55	69	76.5	42	78	75	29.5	26	45	37	7	55	76.5	48	34.5	60	44	45	16.5	39	56	36.5	86	61	68.5	72	79.5	46	56	81.5	74	30.5	56.5	28	73	72.5	84.5	4	34.5	33	53	34.5	3	70.5	1	80.5	88.5	18	47.5	73.5	52.5	35	0	94.5	78.5	56.5	45.5	50.5	90.5	40.5	71.5	77.5	3	41.5	49	71.5	77	59	85.5	48	52	67.5	19	34	80.5	70.5	30.5	36	0	67.5	92.5	20	40	68	55.5	91.5	63.5	33	56.5	68.5	71.5	32	76	41	77	82.5	36.5	61	46	85.5	29	86.5	59.5	91.5	54.5	96.5	71.5	30	34	48	89	40	9	41	30.5	46.5	61	72	
97.5	56.5	72	75	79	58	37	71	45.5	31.5	22	52.5	22.5	25.5	71	68.5	55.5	63.5	87.5	45.5	24	52.5	66	40.5	56.5	55.5	84	61.5	44.5	64	14.5	39.5	32	28.5	15	54.5	44.5	19	31.5	70	42	72.5	27.5	28	10	90.5	66	67.5	47.5	60	91.5	30	93.5	20	22	76.5	53	27	48	65.5	94.5	0	22	44	55	50	20	60	29	23	91.5	59	51.5	29	23.5	41.5	11	52.5	48.5	33	81.5	66.5	30	26	70	64.5	94.5	33	18	80.5	60.5	32.5	45	7	37	67.5	44	32	29	62.5	24.5	59.5	23.5	18	64	39.5	54.5	25	71.5	12	41	9	40	2	29	70.5	66.5	52.5	11.5	60.5	91.5	59.5	70	54	39.5	22.5	
75.5	56.5	76	83	69	40	31	57	57.5	31.5	44	74.5	20.5	47.5	67	90.5	47.5	85.5	85.5	27.5	44	74.5	52	32.5	46.5	37.5	74	41.5	66.5	84	36.5	33.5	26	14.5	37	58.5	38.5	29	11.5	78	64	90.5	35.5	20	32	82.5	52	75.5	65.5	82	81.5	38	79.5	2	26	96.5	75	49	40	47.5	78.5	22	0	66	73	48	28	48	19	45	81.5	49	31.5	7	19.5	61.5	33	74.5	70.5	55	81.5	56.5	18	48	92	78.5	78.5	25	30	82.5	42.5	40.5	53	29	59	85.5	34	54	51	84.5	18.5	53.5	45.5	40	74	53.5	68.5	23	91.5	34	47	31	62	20	49	72.5	46.5	40.5	31.5	52.5	71.5	53.5	68	54	43.5	44.5	
53.5	25.5	36	39	43	38	51	35	24.5	50.5	26	16.5	61.5	24.5	35	32.5	34.5	27.5	51.5	50.5	38	16.5	22	49.5	35.5	40.5	48	34.5	13.5	28	43.5	48.5	56	67.5	29	23.5	43.5	53	69.5	34	2	36.5	46.5	62	34	54.5	22	31.5	16.5	24	55.5	44	57.5	64	66	40.5	17	31	42	30.5	56.5	44	66	0	19	34	64	34	63	37	55.5	33	44.5	67	62.5	20.5	35	16.5	12.5	27	45.5	30.5	74	20	34	28.5	56.5	57	62	44.5	35.5	41.5	29	41	21	31.5	48	26	23	26.5	63.5	28.5	32.5	42	28	28.5	18.5	69	35.5	36	35	43	4	46	33	34.5	29.5	41.5	50.5	29.5	49.5	28.5	34	28	38.5	21.5	
42.5	36.5	37	40	36	37	58	16	35.5	61.5	37	17.5	72.5	35.5	34	33.5	39.5	28.5	52.5	49.5	49	17.5	29	54.5	38.5	39.5	41	33.5	24.5	29	54.5	55.5	63	66.5	40	34.5	50.5	64	68.5	35	17	37.5	57.5	67	45	49.5	29	32.5	27.5	25	48.5	55	46.5	75	77	41.5	2	42	47	29.5	45.5	55	73	19	0	45	75	35	66	48	48.5	36	43.5	66	71.5	31.5	46	17.5	18.5	38	46.5	28.5	75	31	35	29.5	45.5	62	73	45.5	34.5	52.5	40	52	32	32.5	51	37	34	27.5	70.5	35.5	43.5	53	29	39.5	24.5	80	36.5	47	46	54	15	57	44	35.5	28.5	42.5	61.5	34.5	38.5	35.5	35	39	49.5	32.5	
47.5	28.5	48	55	41	8	33	29	29.5	38.5	32	42.5	47.5	30.5	39	58.5	19.5	53.5	57.5	24.5	44	42.5	24	29.5	18.5	14.5	46	13.5	34.5	54	49.5	30.5	38	41.5	35	30.5	25.5	51	43.5	50	32	62.5	42.5	42	40	54.5	24	47.5	37.5	50	53.5	40	51.5	50	58	66.5	43	37	22	19.5	50.5	50	48	34	45	0	60	20	41	43	53.5	21	18.5	41	46.5	31.5	41	42.5	38.5	33	53.5	28.5	50	26	60	50.5	50.5	37	62	54.5	14.5	37.5	5	47	13	57.5	26	32	29	52.5	45.5	25.5	38.5	48	46	30.5	40.5	55	61.5	42	29	49	30	52	39	44.5	18.5	17.5	56.5	24.5	43.5	25.5	40	26	30.5	27.5	
87.5	68.5	88	95	81	52	43	69	65.5	43.5	42	72.5	32.5	45.5	79	88.5	59.5	83.5	97.5	39.5	44	72.5	64	44.5	58.5	49.5	86	53.5	64.5	84	34.5	45.5	38	26.5	35	70.5	50.5	39	18.5	90	62	92.5	47.5	32	30	94.5	64	87.5	67.5	80	93.5	50	91.5	30	2	96.5	73	47	52	59.5	90.5	20	28	64	75	60	0	60	31	43	93.5	61	43.5	21	31.5	61.5	31	72.5	68.5	53	93.5	68.5	10	46	90	84.5	90.5	37	2	94.5	54.5	52.5	65	27	57	87.5	46	52	49	82.5	30.5	65.5	43.5	38	84	59.5	74.5	5	91.5	32	59	29	60	22	49	84.5	58.5	52.5	31.5	64.5	83.5	65.5	80	66	55.5	42.5	
37.5	18.5	38	45	31	12	33	19	24.5	38.5	42	42.5	47.5	40.5	29	58.5	14.5	51.5	47.5	24.5	46	42.5	14	29.5	13.5	14.5	36	8.5	30.5	46	55.5	30.5	38	41.5	45	20.5	25.5	51	43.5	40	32	52.5	42.5	42	50	44.5	14	37.5	27.5	50	43.5	40	41.5	50	58	58.5	37	43	22	9.5	40.5	60	48	34	35	20	60	0	41	47	43.5	1	18.5	41	46.5	28.5	51	42.5	36.5	37	43.5	18.5	50	36	60	40.5	40.5	37	62	44.5	9.5	37.5	25	57	33	47.5	26	38	39	52.5	45.5	15.5	46.5	52	36	30.5	30.5	55	53.5	52	29	59	30	62	41	34.5	8.5	17.5	58.5	14.5	33.5	15.5	30	6	30.5	37.5	
68.5	49.5	69	76	62	33	24	50	50.5	24.5	41	71.5	18.5	44.5	60	87.5	40.5	82.5	78.5	20.5	37	71.5	45	25.5	39.5	30.5	67	34.5	61.5	77	31.5	26.5	19	12.5	34	51.5	31.5	10	14.5	71	61	83.5	28.5	1	29	75.5	45	68.5	58.5	79	74.5	31	72.5	21	29	89.5	68	44	33	40.5	71.5	29	19	63	66	41	31	41	0	38	74.5	42	24.5	12	17.5	54.5	30	71.5	67.5	48	74.5	49.5	21	45	89	71.5	71.5	18	33	75.5	35.5	33.5	46	22	54	78.5	27	49	48	81.5	16.5	46.5	42.5	33	67	46.5	61.5	26	84.5	31	40	20	59	31	42	65.5	39.5	33.5	29.5	45.5	64.5	46.5	61	47	36.5	41.5	
74.5	49.5	65	68	68	39	14	56	38.5	29.5	15	45.5	40.5	18.5	64	61.5	46.5	56.5	80.5	26.5	1	45.5	51	31.5	45.5	36.5	73	40.5	37.5	57	22.5	32.5	35	38.5	8	47.5	37.5	32	40.5	63	35	65.5	25.5	39	13	81.5	51	60.5	40.5	53	80.5	7	78.5	43	45	69.5	46	20	39	46.5	77.5	23	45	37	48	43	43	47	38	0	80.5	48	30.5	38	41.5	34.5	14	45.5	41.5	26	74.5	55.5	47	19	63	57.5	77.5	34	41	73.5	41.5	25.5	38	20	30	60.5	33	25	22	55.5	42.5	52.5	16.5	21	57	32.5	47.5	48	64.5	15	34	22	33	25	22	63.5	45.5	39.5	29.5	51.5	70.5	52.5	63	47	32.5	15.5	
6	47	31.5	28.5	24.5	45.5	66.5	32.5	58	72	73.5	39	81	72	32.5	23	48	40	4	58	79.5	49	37.5	63	47	48	19.5	42	59	39.5	89	64	71.5	75	76.5	49	59	84.5	77	33.5	53.5	31	76	75.5	81.5	1	37.5	36	56	31.5	0	73.5	2	83.5	91.5	15	50.5	76.5	55.5	38	3	91.5	81.5	55.5	48.5	53.5	93.5	43.5	74.5	80.5	0	44.5	52	74.5	80	62	82.5	49	55	70.5	22	37	83.5	67.5	31.5	39	3	70.5	95.5	23	43	71	58.5	88.5	66.5	36	59.5	71.5	70.5	29	79	44	80	85.5	39.5	64	49	88.5	32	83.5	62.5	90.5	51.5	93.5	74.5	33	37	51	92	43	12	44	33.5	49.5	64	69	
38.5	19.5	39	46	32	13	34	20	25.5	39.5	41	41.5	48.5	39.5	30	57.5	15.5	52.5	48.5	25.5	47	41.5	15	30.5	14.5	15.5	37	9.5	31.5	47	56.5	31.5	39	42.5	44	21.5	26.5	52	44.5	41	31	53.5	43.5	43	49	45.5	15	38.5	28.5	49	44.5	41	42.5	51	59	59.5	38	44	23	10.5	41.5	59	49	33	36	21	61	1	42	48	44.5	0	19.5	42	47.5	29.5	50	41.5	37.5	38	44.5	19.5	51	35	59	41.5	41.5	38	63	45.5	10.5	38.5	26	56	34	48.5	27	39	38	51.5	46.5	16.5	47.5	53	37	31.5	31.5	56	54.5	51	30	58	29	61	42	35.5	9.5	18.5	59.5	15.5	34.5	16.5	31	5	31.5	36.5	
46	27	46.5	53.5	39.5	10.5	16.5	27.5	28	22	31.5	59	31	26	37.5	75	18	60	56	8	29.5	51	22.5	13	17	8	44.5	12	39	54.5	39	14	21.5	25	36.5	29	7	34.5	27	48.5	46.5	61	26	25.5	41.5	53	22.5	46	36	66.5	52	23.5	50	33.5	41.5	67	45.5	26.5	10.5	18	49	51.5	31.5	44.5	43.5	18.5	43.5	18.5	24.5	30.5	52	19.5	0	24.5	30	32	42.5	51	45	25.5	52	27	33.5	32.5	68.5	49	49	20.5	45.5	53	13	21	23.5	46.5	31.5	56	9.5	26.5	29.5	69	29	24	30	35.5	44.5	24	39	38.5	62	41.5	17.5	44.5	46.5	51.5	24.5	43	17	11	42	23	42	24	38.5	24.5	12	29	
68.5	49.5	69	76	62	33	24	50	50.5	24.5	49	81.5	13.5	50.5	60	97.5	40.5	82.5	78.5	20.5	37	73.5	45	25.5	39.5	30.5	67	34.5	61.5	77	31.5	26.5	19	7.5	44	51.5	31.5	22	4.5	71	69	83.5	28.5	13	39	75.5	45	68.5	58.5	89	74.5	31	72.5	9	19	89.5	68	44	33	40.5	71.5	29	7	67	66	41	21	41	12	38	74.5	42	24.5	0	12.5	54.5	40	73.5	67.5	48	74.5	49.5	11	55	91	71.5	71.5	18	23	75.5	35.5	33.5	46	34	54	78.5	27	49	52	91.5	11.5	46.5	42.5	33	67	46.5	61.5	16	84.5	39	40	32	69	27	42	65.5	39.5	33.5	24.5	45.5	64.5	46.5	61	47	36.5	51.5	
74	55	74.5	81.5	67.5	38.5	29.5	55.5	56	30	40.5	71	1	44	65.5	87	46	82	84	26	42.5	71	50.5	31	45	36	72.5	40	63	82.5	33	32	24.5	5	33.5	57	37	27.5	15	76.5	60.5	89	34	18.5	28.5	81	50.5	74	64	78.5	80	36.5	78	21.5	29.5	95	71.5	45.5	38.5	46	77	23.5	19.5	62.5	71.5	46.5	31.5	46.5	17.5	41.5	80	47.5	30	12.5	0	60	29.5	71	67	51.5	80	55	21.5	44.5	88.5	77	77	23.5	33.5	81	41	39	51.5	25.5	55.5	84	32.5	50.5	47.5	81	1	52	42	36.5	72.5	52	67	26.5	90	30.5	45.5	27.5	58.5	25.5	47.5	71	45	39	12	51	70	52	66.5	52.5	42	41	
56	33	48.5	51.5	49.5	25.5	46.5	37.5	4	48	23.5	29	59	22	47.5	45	14	40	64	38	35.5	29	32.5	43	15	28	54.5	20	21	40.5	41	44	51.5	55	26.5	31	39	50.5	57	46.5	18.5	49	44	55.5	31.5	63	32.5	44	24	36.5	62	41.5	60	61.5	63.5	53	29.5	28.5	35.5	28	59	41.5	61.5	20.5	31.5	31.5	61.5	28.5	54.5	34.5	62	29.5	32	54.5	60	0	32.5	29	25	24.5	58	37	63.5	17.5	46.5	41	59	50.5	59.5	57	19	39	26.5	38.5	18.5	44	39.5	23.5	20.5	39	59	34	30	39.5	40.5	26	31	66.5	48	33.5	32.5	40.5	16.5	43.5	30.5	47	27	31	48	33	52	34	46.5	30.5	36	19	
86.5	47.5	63	66	70	49	28	62	36.5	22.5	13	43.5	28.5	16.5	62	59.5	46.5	54.5	78.5	36.5	15	43.5	57	31.5	47.5	46.5	75	52.5	35.5	55	10.5	30.5	21	34.5	6	45.5	35.5	20	42.5	61	33	63.5	18.5	29	1	81.5	57	58.5	38.5	51	82.5	21	84.5	31	33	67.5	44	18	39	56.5	85.5	11	33	35	46	41	31	51	30	14	82.5	50	42.5	40	29.5	32.5	0	43.5	39.5	24	72.5	57.5	41	17	61	55.5	85.5	22	29	71.5	51.5	23.5	36	8	28	58.5	35	23	20	53.5	30.5	50.5	14.5	7	55	30.5	45.5	36	62.5	1	32	10	31	13	20	61.5	57.5	43.5	17.5	51.5	82.5	50.5	61	45	30.5	13.5	
45	34	29.5	32.5	36.5	44.5	59.5	31.5	33	59	34.5	10	70	33	28.5	26	43	21	45	57	46.5	0	36.5	58	44	47	41.5	41	22	21.5	52	57	64.5	74	37.5	32	52	61.5	76	27.5	14.5	30	55	70.5	42.5	48	36.5	25	25	17.5	49	52.5	49	72.5	74.5	34	15.5	39.5	50.5	37	48	52.5	74.5	16.5	17.5	42.5	72.5	42.5	71.5	45.5	49	41.5	51	73.5	71	29	43.5	0	16	35.5	39	34	82.5	28.5	27.5	22	48	65.5	70.5	38	42	50	37.5	49.5	29.5	25	56.5	34.5	31.5	20	72	37	41	50.5	21.5	37	22	77.5	29	44.5	43.5	51.5	12.5	54.5	41.5	28	36	50	59	38	41	37	27.5	36.5	47	30	
49	30	35.5	38.5	42.5	38.5	55.5	30.5	29	55	30.5	16	66	29	34.5	32	39	27	51	51	42.5	16	30.5	54	40	41	47.5	35	18	27.5	48	53	60.5	68	33.5	28	48	57.5	70	33.5	10.5	36	51	66.5	38.5	54	30.5	31	21	23.5	55	48.5	53	68.5	70.5	40	16.5	35.5	46.5	31	52	48.5	70.5	12.5	18.5	38.5	68.5	36.5	67.5	41.5	55	37.5	45	67.5	67	25	39.5	16	0	31.5	45	18	76.5	24.5	33.5	28	52	61.5	66.5	44	36	46	33.5	45.5	25.5	31	52.5	30.5	27.5	26	68	33	37	46.5	27.5	33	6	73.5	35	40.5	39.5	47.5	8.5	50.5	37.5	34	30	44	55	34	45	33	33.5	32.5	43	26	
64.5	39.5	55	58	58	29	40	46	28.5	39.5	15	35.5	50.5	13.5	54	51.5	36.5	46.5	70.5	31.5	27	35.5	41	36.5	35.5	26.5	63	30.5	27.5	47	32.5	37.5	45	48.5	18	37.5	32.5	42	50.5	53	25	55.5	35.5	49	23	71.5	41	50.5	30.5	43	70.5	33	68.5	53	55	59.5	36	20	15	36.5	67.5	33	55	27	38	33	53	37	48	26	70.5	38	25.5	48	51.5	24.5	24	35.5	31.5	0	64.5	45.5	57	7	53	47.5	67.5	44	51	63.5	31.5	30.5	28	30	20	50.5	33	1	4	45.5	52.5	42.5	21.5	31	47	22.5	37.5	58	54.5	25	8	32	23	35	22	53.5	35.5	29.5	39.5	41.5	60.5	42.5	53	37	27.5	10.5	
16	47	31.5	28.5	24.5	45.5	66.5	32.5	58	72	63.5	29	81	62	32.5	25	48	30	26	58	75.5	39	37.5	63	47	48	19.5	42	51	35.5	81	64	71.5	75	66.5	49	59	84.5	77	33.5	43.5	9	76	75.5	71.5	23	37.5	36	54	21.5	22	73.5	20	83.5	91.5	33	44.5	68.5	55.5	38	19	81.5	81.5	45.5	46.5	53.5	93.5	43.5	74.5	74.5	22	44.5	52	74.5	80	58	72.5	39	45	64.5	0	37	83.5	57.5	26.5	39	19	70.5	95.5	1	43	71	58.5	78.5	58.5	34	59.5	63.5	60.5	19	79	44	70	79.5	39.5	64	49	88.5	10	73.5	62.5	80.5	41.5	83.5	70.5	33	37	51	88	43	10	44	33.5	49.5	64	59	
31	22	31.5	38.5	24.5	20.5	41.5	12.5	33	47	48.5	34	56	47	22.5	50	23	45	41	33	54.5	34	12.5	38	22	23	29.5	17	34	39.5	64	39	46.5	50	51.5	24	34	59.5	52	33.5	28.5	46	51	50.5	56.5	38	12.5	31	31	41.5	37	48.5	35	58.5	66.5	52	30.5	51.5	30.5	13	34	66.5	56.5	30.5	28.5	28.5	68.5	18.5	49.5	55.5	37	19.5	27	49.5	55	37	57.5	34	18	45.5	37	0	58.5	42.5	51.5	34	34	45.5	70.5	38	18	46	33.5	63.5	41.5	41	34.5	46.5	45.5	44	54	19	55	60.5	29.5	39	12	63.5	47	58.5	37.5	65.5	26.5	68.5	49.5	28	12	26	67	18	27	19	23.5	24.5	39	44	
77.5	58.5	78	85	71	42	33	59	59.5	33.5	52	82.5	22.5	55.5	69	98.5	49.5	91.5	87.5	29.5	46	82.5	54	34.5	48.5	39.5	76	43.5	70.5	86	40.5	35.5	28	16.5	45	60.5	40.5	31	8.5	80	72	92.5	37.5	22	40	84.5	54	77.5	67.5	90	83.5	40	81.5	20	8	98.5	77	53	42	49.5	80.5	30	18	74	75	50	10	50	21	47	83.5	51	33.5	11	21.5	63.5	41	82.5	76.5	57	83.5	58.5	0	56	100	80.5	80.5	27	12	84.5	44.5	42.5	55	37	63	87.5	36	58	59	92.5	20.5	55.5	51.5	42	76	55.5	70.5	5	93.5	42	49	39	70	32	51	74.5	48.5	42.5	33.5	54.5	73.5	55.5	70	56	45.5	52.5	
71.5	32.5	48	51	55	34	33	47	21.5	32.5	8	28.5	43.5	6.5	47	44.5	31.5	39.5	63.5	36.5	20	28.5	42	31.5	32.5	31.5	60	37.5	20.5	40	25.5	30.5	38	49.5	11	30.5	25.5	35	57.5	46	18	48.5	28.5	44	16	66.5	42	43.5	23.5	36	67.5	26	69.5	46	48	52.5	29	13	22	41.5	70.5	26	48	20	31	26	46	36	45	19	67.5	35	32.5	55	44.5	17.5	17	28.5	24.5	7	57.5	42.5	56	0	46	40.5	70.5	39	44	56.5	36.5	23.5	21	23	13	43.5	30	6	3	38.5	45.5	35.5	14.5	24	40	15.5	30.5	51	47.5	18	15	25	16	28	15	46.5	42.5	28.5	32.5	36.5	67.5	35.5	46	30	20.5	3.5	
27.5	51.5	32	25	39	62	77	49	50.5	76.5	52	17.5	87.5	50.5	41	8.5	60.5	18.5	27.5	74.5	64	27.5	54	75.5	61.5	64.5	34	58.5	39.5	24	69.5	74.5	82	91.5	55	49.5	69.5	79	93.5	30	32	17.5	72.5	88	60	30.5	54	32.5	42.5	10	31.5	70	31.5	90	92	16.5	33	57	68	54.5	30.5	70	92	34	35	60	90	60	89	63	31.5	59	68.5	91	88.5	46.5	61	27.5	33.5	53	26.5	51.5	100	46	0	29.5	30.5	83	88	25.5	59.5	67.5	55	67	47	22.5	74	52	49	7.5	89.5	54.5	58.5	68	34	54.5	39.5	95	16.5	62	61	69	30	72	59	35.5	53.5	67.5	76.5	55.5	28.5	54.5	40	54	64.5	47.5	
33	44	31.5	34.5	26.5	42.5	63.5	29.5	45	69	46.5	12	78	45	29.5	28	45	23	43	55	58.5	22	34.5	60	44	45	31.5	39	34	23.5	64	61	68.5	72	49.5	44	56	73.5	74	29.5	26.5	32	67	72.5	54.5	40	34.5	3	37	19.5	39	64.5	37	80.5	86.5	36	27.5	51.5	52.5	35	36	64.5	78.5	28.5	29.5	50.5	84.5	40.5	71.5	57.5	39	41.5	49	71.5	77	41	55.5	22	28	47.5	39	34	80.5	40.5	29.5	0	36	67.5	82.5	40	40	62	49.5	61.5	41.5	27	56.5	46.5	43.5	22	76	41	53	62.5	28.5	49	34	85.5	31	56.5	55.5	63.5	24.5	66.5	53.5	6	34	48	71	40	29	41	30.5	46.5	59	42	
3	44	28.5	25.5	21.5	42.5	63.5	29.5	55	69	76.5	42	78	75	29.5	26	45	37	7	55	76.5	48	34.5	60	44	45	16.5	39	56	36.5	86	61	68.5	72	79.5	46	56	81.5	74	30.5	56.5	28	73	72.5	84.5	4	34.5	33	53	34.5	3	70.5	1	80.5	88.5	18	47.5	73.5	52.5	35	0	94.5	78.5	56.5	45.5	50.5	90.5	40.5	71.5	77.5	3	41.5	49	71.5	77	59	85.5	48	52	67.5	19	34	80.5	70.5	30.5	36	0	67.5	92.5	20	40	68	55.5	91.5	63.5	33	56.5	68.5	71.5	32	76	41	77	82.5	36.5	61	46	85.5	29	86.5	59.5	91.5	54.5	96.5	71.5	30	34	48	89	40	9	41	30.5	46.5	61	72	
64.5	45.5	65	72	58	29	20	46	46.5	20.5	35	65.5	24.5	38.5	56	81.5	36.5	76.5	74.5	16.5	33	65.5	41	21.5	35.5	26.5	63	30.5	57.5	73	32.5	22.5	1	18.5	28	47.5	27.5	28	20.5	67	55	79.5	24.5	19	23	71.5	41	64.5	54.5	73	70.5	27	68.5	27	35	85.5	64	40	29	36.5	67.5	33	25	57	62	37	37	37	18	34	70.5	38	20.5	18	23.5	50.5	22	65.5	61.5	44	70.5	45.5	27	39	83	67.5	67.5	0	39	71.5	31.5	29.5	42	30	50	74.5	23	45	42	75.5	22.5	42.5	36.5	15	63	42.5	57.5	32	80.5	21	36	32	53	35	38	61.5	35.5	29.5	35.5	41.5	60.5	42.5	57	43	32.5	35.5	
89.5	70.5	90	93	83	54	45	71	63.5	45.5	40	70.5	34.5	43.5	81	86.5	61.5	81.5	99.5	41.5	42	70.5	66	46.5	60.5	51.5	88	55.5	62.5	82	32.5	47.5	40	28.5	33	72.5	52.5	37	20.5	88	60	90.5	45.5	34	28	96.5	66	85.5	65.5	78	95.5	48	93.5	32	4	94.5	71	45	54	61.5	92.5	18	30	62	73	62	2	62	33	41	95.5	63	45.5	23	33.5	59.5	29	70.5	66.5	51	95.5	70.5	12	44	88	82.5	92.5	39	0	96.5	56.5	50.5	63	25	55	85.5	48	50	47	80.5	32.5	67.5	41.5	36	82	57.5	72.5	7	89.5	30	59	27	58	20	47	86.5	60.5	54.5	29.5	66.5	85.5	67.5	82	68	57.5	40.5	
17	48	32.5	29.5	25.5	46.5	67.5	33.5	59	73	62.5	28	82	61	33.5	24	49	29	27	59	74.5	38	38.5	64	48	49	20.5	43	50	34.5	80	65	72.5	76	65.5	50	60	85.5	78	34.5	42.5	8	77	76.5	70.5	24	38.5	37	53	20.5	23	74.5	21	84.5	92.5	32	43.5	67.5	56.5	39	20	80.5	82.5	44.5	45.5	54.5	94.5	44.5	75.5	73.5	23	45.5	53	75.5	81	57	71.5	38	44	63.5	1	38	84.5	56.5	25.5	40	20	71.5	96.5	0	44	72	59.5	77.5	57.5	33	60.5	62.5	59.5	18	80	45	69	78.5	40.5	65	50	89.5	9	72.5	63.5	79.5	40.5	82.5	69.5	34	38	52	87	44	11	45	34.5	50.5	65	58	
37	18	37.5	44.5	30.5	6.5	27.5	18.5	15	33	42.5	48	42	39	28.5	64	5	51	47	19	40.5	42	13.5	24	4	9	35.5	1	30	45.5	50	25	32.5	36	45.5	20	20	45.5	38	39.5	37.5	52	37	36.5	50.5	44	13.5	37	27	55.5	43	34.5	41	44.5	52.5	58	36.5	37.5	16.5	9	40	60.5	42.5	35.5	34.5	14.5	54.5	9.5	35.5	41.5	43	10.5	13	35.5	41	19	51.5	42	36	31.5	43	18	44.5	36.5	59.5	40	40	31.5	56.5	44	0	32	19.5	57.5	27.5	47	20.5	32.5	35.5	58	40	15	41	46.5	35.5	25	30	49.5	53	52.5	23.5	55.5	35.5	62.5	35.5	34	8	12	53	14	33	15	29.5	15.5	25	38	
65	46	65.5	72.5	58.5	29.5	25.5	46.5	43	31	19.5	50	40	23	56.5	66	37	61	75	13	26.5	50	41.5	8	36	27	63.5	31	42	61.5	32	7	30.5	34	17.5	48	28	41.5	36	67.5	39.5	70	35	34.5	22.5	72	41.5	65	45	57.5	71	32.5	69	42.5	50.5	74	50.5	24.5	29.5	37	68	32.5	40.5	41.5	52.5	37.5	52.5	37.5	33.5	25.5	71	38.5	21	33.5	39	39	23.5	50	46	30.5	71	46	42.5	23.5	67.5	62	68	29.5	50.5	72	32	0	42.5	29.5	34.5	65	23.5	29.5	26.5	60	38	43	9	30.5	61.5	37	52	47.5	69	24.5	36.5	31.5	37.5	34.5	26.5	62	36	30	39	42	61	43	57.5	43.5	33	20	
52.5	33.5	53	60	46	13	38	34	30.5	43.5	27	37.5	52.5	25.5	44	53.5	24.5	48.5	62.5	29.5	39	37.5	29	34.5	23.5	19.5	51	18.5	29.5	49	44.5	35.5	43	46.5	30	35.5	30.5	54	48.5	55	27	57.5	47.5	47	35	59.5	29	52.5	32.5	45	58.5	45	56.5	55	63	61.5	38	32	27	24.5	55.5	45	53	29	40	5	65	25	46	38	58.5	26	23.5	46	51.5	26.5	36	37.5	33.5	28	58.5	33.5	55	21	55	49.5	55.5	42	63	59.5	19.5	42.5	0	42	8	52.5	31	27	24	47.5	50.5	30.5	33.5	43	49	29.5	39.5	60	56.5	37	34	44	25	47	34	49.5	23.5	22.5	51.5	29.5	48.5	30.5	45	31	35.5	22.5	
90.5	53.5	69	72	76	55	34	68	42.5	28.5	19	49.5	24.5	22.5	68	65.5	52.5	60.5	84.5	42.5	21	49.5	63	37.5	53.5	52.5	81	56.5	41.5	61	11.5	36.5	29	30.5	12	51.5	41.5	12	36.5	67	39	69.5	24.5	21	7	87.5	63	64.5	44.5	57	88.5	27	90.5	27	29	73.5	50	24	45	62.5	91.5	7	29	41	52	47	27	57	22	20	88.5	56	46.5	34	25.5	38.5	8	49.5	45.5	30	78.5	63.5	37	23	67	61.5	91.5	30	25	77.5	57.5	29.5	42	0	34	64.5	41	29	26	59.5	26.5	56.5	20.5	15	61	36.5	51.5	32	68.5	9	38	2	37	9	26	67.5	61.5	49.5	13.5	57.5	86.5	56.5	67	51	36.5	19.5	
60.5	33.5	49	52	54	21	44	42	22.5	43.5	19	29.5	54.5	17.5	48	45.5	32.5	40.5	64.5	37.5	31	29.5	37	42.5	31.5	27.5	59	26.5	21.5	41	36.5	41.5	49	54.5	22	31.5	36.5	46	56.5	47	19	49.5	39.5	55	27	67.5	37	44.5	24.5	37	66.5	37	64.5	57	59	53.5	30	24	35	32.5	63.5	37	59	21	32	13	57	33	54	30	66.5	34	31.5	54	55.5	18.5	28	29.5	25.5	20	58.5	41.5	63	13	47	41.5	63.5	50	55	57.5	27.5	34.5	8	34	0	44.5	39	19	16	39.5	56.5	36.5	25.5	35	41	21.5	31.5	62	48.5	29	28	36	17	39	26	47.5	31.5	30.5	43.5	37.5	56.5	36.5	47	31	31.5	14.5	
30	49	29.5	27.5	28.5	49.5	70.5	36.5	48	74	49.5	15	85	48	36.5	21	52	4	40	62	61.5	25	41.5	67	51	52	28.5	46	37	21.5	67	68	75.5	79	52.5	47	63	76.5	81	27.5	29.5	25	70	79.5	57.5	37	41.5	30	40	12.5	36	67.5	34	87.5	89.5	29	30.5	54.5	59.5	42	33	67.5	85.5	31.5	32.5	57.5	87.5	47.5	78.5	60.5	36	48.5	56	78.5	84	44	58.5	25	31	50.5	34	41	87.5	43.5	22.5	27	33	74.5	85.5	33	47	65	52.5	64.5	44.5	0	63.5	49.5	46.5	15	83	48	56	65.5	31.5	52	37	92.5	24	59.5	58.5	66.5	27.5	69.5	56.5	33	41	55	74	47	26	48	37.5	51.5	62	45	
53.5	34.5	54	61	47	18	19	35	35.5	24.5	22	56.5	33.5	29.5	45	72.5	25.5	67.5	63.5	10.5	32	56.5	30	15.5	24.5	15.5	52	19.5	46.5	62	41.5	16.5	24	27.5	29	36.5	16.5	37	29.5	56	46	68.5	28.5	28	34	60.5	30	53.5	43.5	64	59.5	26	57.5	36	44	74.5	53	17	18	25.5	56.5	44	34	48	51	26	46	26	27	33	59.5	27	9.5	27	32.5	39.5	35	56.5	52.5	33	59.5	34.5	36	30	74	56.5	56.5	23	48	60.5	20.5	23.5	31	41	39	63.5	0	34	33	66.5	31.5	31.5	32.5	38	52	31.5	46.5	41	69.5	36	25	43	44	46	15	50.5	24.5	18.5	44.5	30.5	49.5	31.5	46	32	21.5	26.5	
65.5	38.5	54	57	59	30	39	47	27.5	38.5	14	34.5	49.5	12.5	53	50.5	37.5	45.5	69.5	32.5	26	34.5	42	37.5	36.5	27.5	64	31.5	26.5	46	31.5	36.5	44	49.5	17	36.5	31.5	41	51.5	52	24	54.5	34.5	50	22	72.5	42	49.5	29.5	42	71.5	32	69.5	52	54	58.5	35	19	16	37.5	68.5	32	54	26	37	32	52	38	49	25	71.5	39	26.5	49	50.5	23.5	23	34.5	30.5	1	63.5	46.5	58	6	52	46.5	68.5	45	50	62.5	32.5	29.5	27	29	19	49.5	34	0	3	44.5	51.5	41.5	20.5	30	46	21.5	36.5	57	53.5	24	9	31	22	34	21	52.5	36.5	30.5	38.5	42.5	61.5	41.5	52	36	26.5	9.5	
68.5	35.5	51	54	58	33	36	50	24.5	35.5	11	31.5	46.5	9.5	50	47.5	34.5	42.5	66.5	35.5	23	31.5	45	34.5	35.5	30.5	63	34.5	23.5	43	28.5	33.5	41	52.5	14	33.5	28.5	38	54.5	49	21	51.5	31.5	47	19	69.5	45	46.5	26.5	39	70.5	29	72.5	49	51	55.5	32	16	19	40.5	71.5	29	51	23	34	29	49	39	48	22	70.5	38	29.5	52	47.5	20.5	20	31.5	27.5	4	60.5	45.5	59	3	49	43.5	71.5	42	47	59.5	35.5	26.5	24	26	16	46.5	33	3	0	41.5	48.5	38.5	17.5	27	43	18.5	33.5	54	50.5	21	12	28	19	31	18	49.5	39.5	31.5	35.5	39.5	64.5	38.5	49	33	23.5	6.5	
35	44	24.5	17.5	31.5	60.5	69.5	43.5	43	69	44.5	10	80	43	33.5	6	53	11	25	73	56.5	20	48.5	68	54	63	26.5	59	32	16.5	62	67	74.5	86	47.5	42	62	71.5	94	22.5	24.5	10	65	80.5	52.5	28	48.5	25	35	2.5	29	62.5	31	82.5	84.5	14	25.5	49.5	60.5	53	32	62.5	84.5	26.5	27.5	52.5	82.5	52.5	81.5	55.5	29	51.5	69	91.5	81	39	53.5	20	26	45.5	19	44	92.5	38.5	7.5	22	32	75.5	80.5	18	58	60	47.5	59.5	39.5	15	66.5	44.5	41.5	0	82	47	51	60.5	26.5	47	32	87.5	9	54.5	53.5	61.5	22.5	64.5	51.5	28	54	60	69	48	29	47	32.5	46.5	57	40	
73	54	73.5	80.5	66.5	37.5	28.5	54.5	55	29	41.5	72	2	45	64.5	88	45	83	83	25	41.5	72	49.5	30	44	35	71.5	39	64	81.5	34	31	23.5	4	34.5	56	36	26.5	14	75.5	61.5	88	33	17.5	29.5	80	49.5	73	63	79.5	79	35.5	77	20.5	28.5	94	72.5	46.5	37.5	45	76	24.5	18.5	63.5	70.5	45.5	30.5	45.5	16.5	42.5	79	46.5	29	11.5	1	59	30.5	72	68	52.5	79	54	20.5	45.5	89.5	76	76	22.5	32.5	80	40	38	50.5	26.5	56.5	83	31.5	51.5	48.5	82	0	51	43	37.5	71.5	51	66	25.5	89	31.5	44.5	28.5	59.5	26.5	46.5	70	44	38	13	50	69	51	65.5	51.5	41	42	
38	3	38.5	45.5	31.5	17.5	38.5	19.5	30	44	41.5	37	53	40	29.5	53	20	48	48	30	51.5	37	14.5	35	19	20	36.5	14	15	46.5	59	36	43.5	47	44.5	5	31	56.5	49	40.5	26.5	53	48	47.5	49.5	45	14.5	38	12	44.5	44	45.5	42	55.5	63.5	59	37.5	46.5	27.5	6	41	59.5	53.5	28.5	35.5	25.5	65.5	15.5	46.5	52.5	44	16.5	24	46.5	52	34	50.5	37	33	42.5	44	19	55.5	35.5	54.5	41	41	42.5	67.5	45	15	43	30.5	56.5	36.5	48	31.5	41.5	38.5	47	51	0	48	57.5	36.5	36	31	60.5	54	51.5	34.5	58.5	24.5	61.5	46.5	35	7	23	64	1	34	0	30.5	21.5	36	37	
74	45	60.5	63.5	67.5	38.5	30.5	55.5	34	30	10.5	41	41	14	59.5	57	44	52	76	22	17.5	41	50.5	17	45	36	72.5	40	33	52.5	23	16	35.5	43	8.5	43	33	32.5	45	58.5	30.5	61	26	41.5	13.5	79	50.5	56	36	48.5	80	23.5	78	43.5	45.5	65	41.5	15.5	36.5	46	77	23.5	45.5	32.5	43.5	38.5	43.5	46.5	42.5	16.5	80	47.5	30	42.5	42	30	14.5	41	37	21.5	70	55	51.5	14.5	58.5	53	77	36.5	41.5	69	41	9	33.5	20.5	25.5	56	32.5	20.5	17.5	51	43	48	0	21.5	52.5	28	43	48.5	60	15.5	29.5	22.5	28.5	25.5	17.5	59	45	39	30	49	70	48	58.5	42.5	28	11	
79.5	54.5	70	73	73	44	35	61	43.5	29.5	20	50.5	35.5	23.5	69	66.5	51.5	61.5	85.5	31.5	22	50.5	56	36.5	50.5	41.5	78	45.5	42.5	62	17.5	37.5	14	33.5	13	52.5	42.5	27	35.5	68	40	70.5	25.5	34	8	86.5	56	65.5	45.5	58	85.5	28	83.5	38	40	74.5	51	25	44	51.5	82.5	18	40	42	53	48	38	52	33	21	85.5	53	35.5	33	36.5	39.5	7	50.5	46.5	31	79.5	60.5	42	24	68	62.5	82.5	15	36	78.5	46.5	30.5	43	15	35	65.5	38	30	27	60.5	37.5	57.5	21.5	0	62	37.5	52.5	43	69.5	6	39	17	38	20	27	68.5	50.5	44.5	24.5	56.5	75.5	57.5	68	52	37.5	20.5	
33.5	39.5	34	39	27	38	59	25	44.5	64.5	46	16.5	73.5	44.5	7	32.5	40.5	27.5	43.5	50.5	58	21.5	30	55.5	39.5	40.5	32	34.5	33.5	28	63.5	56.5	64	67.5	49	41.5	51.5	73	69.5	34	26	36.5	66.5	68	54	40.5	30	31.5	36.5	24	39.5	64	37.5	76	84	40.5	27	51	48	30.5	36.5	64	74	28	29	46	84	36	67	57	39.5	37	44.5	67	72.5	40.5	55	21.5	27.5	47	39.5	29.5	76	40	34	28.5	36.5	63	82	40.5	35.5	61.5	49	61	41	31.5	52	46	43	26.5	71.5	36.5	52.5	62	0	48.5	33.5	81	35.5	56	55	63	24	66	53	30.5	29.5	43.5	70.5	35.5	29.5	36.5	6	42	56.5	41.5	
58	39	56.5	59.5	51.5	22.5	38.5	39.5	30	44	21.5	37	53	20	49.5	53	30	48	68	30	33.5	37	34.5	35	29	16	56.5	24	29	48.5	39	36	43.5	47	24.5	39	31	48.5	49	54.5	26.5	57	42	47.5	29.5	65	34.5	52	32	44.5	64	39.5	62	55.5	61.5	61	37.5	26.5	27.5	30	61	39.5	53.5	28.5	39.5	30.5	59.5	30.5	46.5	32.5	64	31.5	24	46.5	52	26	30.5	37	33	22.5	64	39	55.5	15.5	54.5	49	61	42.5	57.5	65	25	37	29.5	36.5	21.5	52	31.5	21.5	18.5	47	51	36	28	37.5	48.5	0	39	60.5	56	31.5	30.5	38.5	24.5	41.5	28.5	55	29	13	46	35	54	36	50.5	36.5	34	17	
43	34	41.5	44.5	36.5	32.5	53.5	24.5	35	59	36.5	22	68	35	34.5	38	35	33	53	45	48.5	22	24.5	50	34	35	41.5	29	24	33.5	54	51	58.5	62	39.5	34	46	63.5	64	39.5	16.5	42	57	62.5	44.5	50	24.5	37	27	29.5	49	54.5	47	70.5	76.5	46	22.5	41.5	42.5	25	46	54.5	68.5	18.5	24.5	40.5	74.5	30.5	61.5	47.5	49	31.5	39	61.5	67	31	45.5	22	6	37.5	49	12	70.5	30.5	39.5	34	46	57.5	72.5	50	30	52	39.5	51.5	31.5	37	46.5	36.5	33.5	32	66	31	43	52.5	33.5	39	0	75.5	41	46.5	45.5	53.5	14.5	56.5	43.5	40	24	38	61	30	39	31	35.5	36.5	49	32	
82.5	63.5	83	90	76	47	38	64	64.5	38.5	47	77.5	27.5	50.5	74	93.5	54.5	88.5	92.5	34.5	49	77.5	59	39.5	53.5	44.5	81	48.5	69.5	89	39.5	40.5	33	21.5	40	65.5	45.5	36	13.5	85	67	97.5	42.5	27	35	89.5	59	82.5	72.5	85	88.5	45	86.5	25	3	101.5	78	52	47	54.5	85.5	25	23	69	80	55	5	55	26	48	88.5	56	38.5	16	26.5	66.5	36	77.5	73.5	58	88.5	63.5	5	51	95	85.5	85.5	32	7	89.5	49.5	47.5	60	32	62	92.5	41	57	54	87.5	25.5	60.5	48.5	43	81	60.5	75.5	0	96.5	37	54	34	65	27	54	79.5	53.5	47.5	36.5	59.5	78.5	60.5	75	61	50.5	47.5	
26	53	33.5	26.5	34.5	55.5	76.5	42.5	52	78	53.5	19	89	52	42.5	15	58	20	34	68	65.5	29	47.5	73	57	58	29.5	52	41	25.5	71	74	81.5	85	56.5	51	69	80.5	87	31.5	33.5	1	74	85.5	61.5	33	47.5	34	44	11.5	32	71.5	30	91.5	93.5	23	34.5	58.5	65.5	48	29	71.5	91.5	35.5	36.5	61.5	91.5	53.5	84.5	64.5	32	54.5	62	84.5	90	48	62.5	29	35	54.5	10	47	93.5	47.5	16.5	31	29	80.5	89.5	9	53	69	56.5	68.5	48.5	24	69.5	53.5	50.5	9	89	54	60	69.5	35.5	56	41	96.5	0	63.5	62.5	70.5	31.5	73.5	60.5	37	47	61	78	53	20	54	41.5	55.5	66	49	
85.5	48.5	64	67	71	50	29	63	37.5	23.5	14	44.5	29.5	17.5	63	60.5	47.5	55.5	79.5	37.5	16	44.5	58	32.5	48.5	47.5	76	51.5	36.5	56	11.5	31.5	20	35.5	7	46.5	36.5	21	41.5	62	34	64.5	19.5	30	2	82.5	58	59.5	39.5	52	83.5	22	85.5	32	34	68.5	45	19	40	57.5	86.5	12	34	36	47	42	32	52	31	15	83.5	51	41.5	39	30.5	33.5	1	44.5	40.5	25	73.5	58.5	42	18	62	56.5	86.5	21	30	72.5	52.5	24.5	37	9	29	59.5	36	24	21	54.5	31.5	51.5	15.5	6	56	31.5	46.5	37	63.5	0	33	11	32	14	21	62.5	56.5	44.5	18.5	52.5	81.5	51.5	62	46	31.5	14.5	
56.5	37.5	57	64	50	21	32	38	36.5	37.5	23	43.5	46.5	21.5	48	59.5	28.5	54.5	66.5	23.5	35	43.5	33	28.5	27.5	18.5	55	22.5	35.5	55	40.5	29.5	37	40.5	26	39.5	24.5	50	42.5	59	33	63.5	41.5	41	31	63.5	33	56.5	38.5	51	62.5	39	60.5	49	57	67.5	44	28	7	28.5	59.5	41	47	35	46	29	59	29	40	34	62.5	30	17.5	40	45.5	32.5	32	43.5	39.5	8	62.5	37.5	49	15	61	55.5	59.5	36	59	63.5	23.5	36.5	34	38	28	58.5	25	9	12	53.5	44.5	34.5	29.5	39	55	30.5	45.5	54	62.5	33	0	40	31	43	30	53.5	27.5	21.5	47.5	33.5	52.5	34.5	49	35	29.5	18.5	
88.5	55.5	71	74	78	53	36	70	44.5	30.5	21	51.5	26.5	24.5	70	67.5	54.5	62.5	86.5	40.5	23	51.5	65	39.5	55.5	50.5	83	54.5	43.5	63	13.5	38.5	31	32.5	14	53.5	43.5	10	34.5	69	41	71.5	26.5	19	9	89.5	65	66.5	46.5	59	90.5	29	92.5	29	31	75.5	52	26	47	60.5	91.5	9	31	43	54	49	29	59	20	22	90.5	58	44.5	32	27.5	40.5	10	51.5	47.5	32	80.5	65.5	39	25	69	63.5	91.5	32	27	79.5	55.5	31.5	44	2	36	66.5	43	31	28	61.5	28.5	58.5	22.5	17	63	38.5	53.5	34	70.5	11	40	0	39	11	28	69.5	59.5	51.5	15.5	59.5	84.5	58.5	69	53	38.5	21.5	
57.5	21.5	32	35	39	38	47	31	20.5	46.5	22	12.5	57.5	20.5	31	28.5	30.5	23.5	47.5	50.5	34	12.5	26	45.5	31.5	40.5	44	36.5	9.5	24	39.5	44.5	52	63.5	25	19.5	39.5	49	71.5	30	2	32.5	42.5	58	30	50.5	26	27.5	12.5	20	51.5	40	53.5	60	62	36.5	13	27	38	30.5	54.5	40	62	4	15	30	60	30	59	33	51.5	29	46.5	69	58.5	16.5	31	12.5	8.5	23	41.5	26.5	70	16	30	24.5	54.5	53	58	40.5	35.5	37.5	25	37	17	27.5	44	22	19	22.5	59.5	24.5	28.5	38	24	24.5	14.5	65	31.5	32	31	39	0	42	29	30.5	31.5	37.5	46.5	25.5	51.5	24.5	30	24	34.5	17.5	
95.5	58.5	74	77	81	60	39	73	47.5	33.5	24	54.5	24.5	27.5	73	70.5	57.5	65.5	89.5	47.5	26	54.5	68	42.5	58.5	57.5	86	61.5	46.5	66	16.5	41.5	34	30.5	17	56.5	46.5	21	31.5	72	44	74.5	29.5	30	12	92.5	68	69.5	49.5	62	93.5	32	95.5	18	24	78.5	55	29	50	67.5	96.5	2	20	46	57	52	22	62	31	25	93.5	61	51.5	27	25.5	43.5	13	54.5	50.5	35	83.5	68.5	32	28	72	66.5	96.5	35	20	82.5	62.5	34.5	47	9	39	69.5	46	34	31	64.5	26.5	61.5	25.5	20	66	41.5	56.5	27	73.5	14	43	11	42	0	31	72.5	66.5	54.5	13.5	62.5	91.5	61.5	72	56	41.5	24.5	
68.5	45.5	61	64	62	33	34	50	34.5	35.5	7	41.5	46.5	14.5	60	57.5	40.5	52.5	76.5	25.5	23	41.5	45	30.5	39.5	30.5	67	34.5	33.5	53	28.5	31.5	39	42.5	14	43.5	31.5	38	44.5	59	31	61.5	31.5	43	19	75.5	45	56.5	36.5	49	74.5	29	72.5	49	51	65.5	42	2	33	40.5	71.5	29	49	33	44	39	49	41	42	22	74.5	42	24.5	42	47.5	30.5	20	41.5	37.5	22	70.5	49.5	51	15	59	53.5	71.5	38	47	69.5	35.5	26.5	34	26	26	56.5	15	21	18	51.5	46.5	46.5	17.5	27	53	28.5	43.5	54	60.5	21	30	28	29	31	0	59.5	39.5	33.5	35.5	45.5	64.5	46.5	59	43	28.5	11.5	
27	38	27.5	34.5	20.5	36.5	57.5	23.5	49	63	52.5	18	72	51	23.5	34	39	29	37	49	64.5	28	28.5	54	38	39	25.5	33	40	29.5	70	55	62.5	66	55.5	40	50	75.5	68	29.5	32.5	38	67	66.5	60.5	34	28.5	3	43	25.5	33	64.5	31	74.5	82.5	42	33.5	57.5	46.5	29	30	70.5	72.5	34.5	35.5	44.5	84.5	34.5	65.5	63.5	33	35.5	43	65.5	71	47	61.5	28	34	53.5	33	28	74.5	46.5	35.5	6	30	61.5	86.5	34	34	62	49.5	67.5	47.5	33	50.5	52.5	49.5	28	70	35	59	68.5	30.5	55	40	79.5	37	62.5	53.5	69.5	30.5	72.5	59.5	0	28	42	77	34	23	35	24.5	40.5	55	48	
31	10	31.5	38.5	24.5	10.5	31.5	12.5	23	37	46.5	44	46	43	22.5	60	13	45	41	23	44.5	36	7.5	28	12	13	29.5	7	22	39.5	54	29	36.5	40	51.5	12	24	49.5	42	33.5	31.5	46	41	40.5	56.5	38	7.5	31	19	51.5	37	38.5	35	48.5	56.5	52	30.5	41.5	20.5	1	34	66.5	46.5	29.5	28.5	18.5	58.5	8.5	39.5	45.5	37	9.5	17	39.5	45	27	57.5	36	30	35.5	37	12	48.5	42.5	53.5	34	34	35.5	60.5	38	8	36	23.5	61.5	31.5	41	24.5	36.5	39.5	54	44	7	45	50.5	29.5	29	24	53.5	47	56.5	27.5	59.5	31.5	66.5	39.5	28	0	16	57	6	27	7	23.5	14.5	29	44	
45	26	45.5	52.5	38.5	9.5	25.5	26.5	27	31	34.5	50	40	33	36.5	66	17	59	55	17	38.5	50	21.5	22	16	3	43.5	11	38	53.5	48	23	30.5	34	37.5	28	18	43.5	36	47.5	39.5	60	35	34.5	42.5	52	21.5	45	35	57.5	51	32.5	49	42.5	50.5	66	44.5	35.5	14.5	17	48	52.5	40.5	41.5	42.5	17.5	52.5	17.5	33.5	39.5	51	18.5	11	33.5	39	31	43.5	50	44	29.5	51	26	42.5	28.5	67.5	48	48	29.5	54.5	52	12	30	22.5	49.5	30.5	55	18.5	30.5	31.5	60	38	23	39	44.5	43.5	13	38	47.5	61	44.5	21.5	51.5	37.5	54.5	33.5	42	16	0	51	22	41	23	37.5	23.5	23	30	
86	63	78.5	81.5	79.5	50.5	41.5	67.5	52	38	28.5	59	11	32	77.5	75	58	70	94	38	30.5	59	62.5	43	57	48	84.5	52	51	70.5	21	44	36.5	17	21.5	61	49	25.5	27	76.5	48.5	79	34	30.5	16.5	93	62.5	74	54	66.5	92	36.5	90	31.5	33.5	83	59.5	33.5	50.5	58	89	11.5	31.5	50.5	61.5	56.5	31.5	58.5	29.5	29.5	92	59.5	42	24.5	12	48	17.5	59	55	39.5	88	67	33.5	32.5	76.5	71	89	35.5	29.5	87	53	39	51.5	13.5	43.5	74	44.5	38.5	35.5	69	13	64	30	24.5	70.5	46	61	36.5	78	18.5	47.5	15.5	46.5	13.5	35.5	77	57	51	0	63	82	64	76.5	60.5	46	29	
37	4	37.5	44.5	30.5	16.5	37.5	18.5	29	43	42.5	38	52	41	28.5	54	19	49	47	29	50.5	38	13.5	34	18	19	35.5	13	16	45.5	60	35	42.5	46	45.5	6	30	55.5	48	39.5	27.5	52	47	46.5	50.5	44	13.5	37	13	45.5	43	44.5	41	54.5	62.5	58	36.5	47.5	26.5	5	40	60.5	52.5	29.5	34.5	24.5	64.5	14.5	45.5	51.5	43	15.5	23	45.5	51	33	51.5	38	34	41.5	43	18	54.5	36.5	55.5	40	40	41.5	66.5	44	14	42	29.5	57.5	37.5	47	30.5	42.5	39.5	48	50	1	49	56.5	35.5	35	30	59.5	53	52.5	33.5	59.5	25.5	62.5	45.5	34	6	22	63	0	33	1	29.5	20.5	35	38	
6	37	21.5	18.5	14.5	35.5	56.5	22.5	48	62	71.5	39	71	68	22.5	35	38	30	16	48	69.5	41	27.5	53	37	38	9.5	32	49	29.5	79	54	61.5	65	76.5	39	49	74.5	67	23.5	51.5	19	66	65.5	81.5	13	27.5	26	46	31.5	12	63.5	10	73.5	81.5	27	40.5	66.5	45.5	28	9	91.5	71.5	49.5	38.5	43.5	83.5	33.5	64.5	70.5	12	34.5	42	64.5	70	52	82.5	41	45	60.5	10	27	73.5	67.5	28.5	29	9	60.5	85.5	11	33	61	48.5	86.5	56.5	26	49.5	61.5	64.5	29	69	34	70	75.5	29.5	54	39	78.5	20	81.5	52.5	84.5	51.5	91.5	64.5	23	27	41	82	33	0	34	23.5	39.5	54	69	
38	3	38.5	45.5	31.5	17.5	38.5	19.5	30	44	41.5	37	53	40	29.5	53	20	48	48	30	51.5	37	14.5	35	19	20	36.5	14	15	46.5	59	36	43.5	47	44.5	5	31	56.5	49	40.5	26.5	53	48	47.5	49.5	45	14.5	38	12	44.5	44	45.5	42	55.5	63.5	59	37.5	46.5	27.5	6	41	59.5	53.5	28.5	35.5	25.5	65.5	15.5	46.5	52.5	44	16.5	24	46.5	52	34	50.5	37	33	42.5	44	19	55.5	35.5	54.5	41	41	42.5	67.5	45	15	43	30.5	56.5	36.5	48	31.5	41.5	38.5	47	51	0	48	57.5	36.5	36	31	60.5	54	51.5	34.5	58.5	24.5	61.5	46.5	35	7	23	64	1	34	0	30.5	21.5	36	37	
27.5	33.5	28	35	21	32	53	19	44.5	58.5	52	22.5	67.5	50.5	1	38.5	34.5	33.5	37.5	44.5	64	27.5	24	49.5	33.5	34.5	26	28.5	39.5	34	69.5	50.5	58	61.5	55	35.5	45.5	71	63.5	30	32	42.5	62.5	62	60	34.5	24	27.5	42.5	30	33.5	60	31.5	70	78	46.5	33	57	42	24.5	30.5	70	68	34	35	40	80	30	61	63	33.5	31	38.5	61	66.5	46.5	61	27.5	33.5	53	33.5	23.5	70	46	40	30.5	30.5	57	82	34.5	29.5	57.5	45	67	47	37.5	46	52	49	32.5	65.5	30.5	58.5	68	6	50.5	35.5	75	41.5	62	49	69	30	72	59	24.5	23.5	37.5	76.5	29.5	23.5	30.5	0	36	50.5	47.5	
43.5	24.5	44	51	37	18	39	25	30.5	44.5	36	36.5	53.5	34.5	35	52.5	20.5	47.5	53.5	30.5	48	36.5	20	35.5	19.5	20.5	42	14.5	28.5	48	53.5	36.5	44	47.5	39	26.5	31.5	57	49.5	46	26	56.5	48.5	48	44	50.5	20	43.5	31.5	44	49.5	46	47.5	56	64	60.5	37	41	28	15.5	46.5	54	54	28	39	26	66	6	47	47	49.5	5	24.5	47	52.5	30.5	45	36.5	32.5	37	49.5	24.5	56	30	54	46.5	46.5	43	68	50.5	15.5	43.5	31	51	31	51.5	32	36	33	46.5	51.5	21.5	42.5	52	42	36.5	36.5	61	55.5	46	35	53	24	56	43	40.5	14.5	23.5	60.5	20.5	39.5	21.5	36	0	36.5	31.5	
58	39	58.5	65.5	51.5	22.5	28.5	39.5	40	34	21.5	47	43	14	49.5	63	30	58	68	20	33.5	47	34.5	25	29	20	56.5	24	39	58.5	39	26	33.5	37	24.5	41	5	46.5	39	60.5	36.5	67	38	37.5	29.5	65	34.5	58	42	54.5	64	35.5	62	45.5	53.5	71	47.5	26.5	22.5	30	61	39.5	43.5	38.5	49.5	30.5	55.5	30.5	36.5	32.5	64	31.5	12	36.5	42	36	30.5	47	43	27.5	64	39	45.5	20.5	64.5	59	61	32.5	57.5	65	25	33	35.5	36.5	31.5	62	21.5	26.5	23.5	57	41	36	28	37.5	56.5	34	49	50.5	66	31.5	29.5	38.5	34.5	41.5	28.5	55	29	23	46	35	54	36	50.5	36.5	0	17	
75	34	49.5	52.5	56.5	35.5	29.5	48.5	23	29	4.5	30	40	3	48.5	46	33	41	65	33	16.5	30	43.5	28	34	33	61.5	39	22	41.5	22	27	34.5	46	7.5	32	22	31.5	54	47.5	19.5	50	25	40.5	12.5	68	43.5	45	25	37.5	69	22.5	71	42.5	44.5	54	30.5	9.5	25.5	43	72	22.5	44.5	21.5	32.5	27.5	42.5	37.5	41.5	15.5	69	36.5	29	51.5	41	19	13.5	30	26	10.5	59	44	52.5	3.5	47.5	42	72	35.5	40.5	58	38	20	22.5	19.5	14.5	45	26.5	9.5	6.5	40	42	37	11	20.5	41.5	17	32	47.5	49	14.5	18.5	21.5	17.5	24.5	11.5	48	44	30	29	38	69	37	47.5	31.5	17	0	
