Number of items: 125
Horizon: 9
Time limit: 1000
Load limit: 7500
Initial item inventory level
22
34
14
94
52
210
114
73
186
28
123
288
33
89
10
93
74
91
126
10
178
31
207
183
192
252
46
36
135
135
162
66
171
78
106
63
61
168
207
171
77
100
285
288
68
60
135
20
45
114
35
90
249
30
55
17
32
36
50
26
46
81
80
123
76
50
138
46
62
32
99
99
36
240
210
160
158
240
132
60
178
82
267
130
219
42
93
64
135
118
195
77
82
213
86
22
201
13
258
261
270
16
111
95
36
42
88
24
57
72
176
13
60
56
17
114
76
222
114
156
105
258
172
56
66
Maximum inventory capacity per item
33
68
28
141
78
280
152
146
248
56
164
384
66
178
20
186
148
182
168
20
267
62
276
244
256
336
69
48
180
180
216
99
228
156
159
84
122
252
276
228
154
150
380
384
136
80
180
30
90
152
70
135
332
60
110
34
48
72
100
39
69
108
160
164
114
75
184
92
124
64
132
198
72
320
280
240
237
320
176
80
267
164
356
195
292
84
186
128
180
177
260
154
123
284
129
33
268
26
344
348
360
32
148
190
54
56
176
48
76
108
264
26
120
84
34
171
114
296
171
234
140
344
258
84
88
Reserve storage replenishment rate per item and per period
66	0	0	66	0	0	66	0	0	
204	0	0	204	0	0	204	0	0	
84	0	0	84	0	0	84	0	0	
282	0	0	282	0	0	282	0	0	
156	0	0	156	0	0	156	0	0	
420	0	0	420	0	0	420	0	0	
228	0	0	228	0	0	228	0	0	
438	0	0	438	0	0	438	0	0	
372	0	0	372	0	0	372	0	0	
168	0	0	168	0	0	168	0	0	
246	0	0	246	0	0	246	0	0	
576	0	0	576	0	0	576	0	0	
198	0	0	198	0	0	198	0	0	
534	0	0	534	0	0	534	0	0	
60	0	0	60	0	0	60	0	0	
558	0	0	558	0	0	558	0	0	
444	0	0	444	0	0	444	0	0	
546	0	0	546	0	0	546	0	0	
252	0	0	252	0	0	252	0	0	
60	0	0	60	0	0	60	0	0	
534	0	0	534	0	0	534	0	0	
186	0	0	186	0	0	186	0	0	
414	0	0	414	0	0	414	0	0	
366	0	0	366	0	0	366	0	0	
384	0	0	384	0	0	384	0	0	
504	0	0	504	0	0	504	0	0	
138	0	0	138	0	0	138	0	0	
72	0	0	72	0	0	72	0	0	
270	0	0	270	0	0	270	0	0	
270	0	0	270	0	0	270	0	0	
324	0	0	324	0	0	324	0	0	
198	0	0	198	0	0	198	0	0	
342	0	0	342	0	0	342	0	0	
468	0	0	468	0	0	468	0	0	
318	0	0	318	0	0	318	0	0	
126	0	0	126	0	0	126	0	0	
366	0	0	366	0	0	366	0	0	
504	0	0	504	0	0	504	0	0	
414	0	0	414	0	0	414	0	0	
342	0	0	342	0	0	342	0	0	
462	0	0	462	0	0	462	0	0	
300	0	0	300	0	0	300	0	0	
570	0	0	570	0	0	570	0	0	
576	0	0	576	0	0	576	0	0	
408	0	0	408	0	0	408	0	0	
120	0	0	120	0	0	120	0	0	
270	0	0	270	0	0	270	0	0	
60	0	0	60	0	0	60	0	0	
270	0	0	270	0	0	270	0	0	
228	0	0	228	0	0	228	0	0	
210	0	0	210	0	0	210	0	0	
270	0	0	270	0	0	270	0	0	
498	0	0	498	0	0	498	0	0	
180	0	0	180	0	0	180	0	0	
330	0	0	330	0	0	330	0	0	
102	0	0	102	0	0	102	0	0	
96	0	0	96	0	0	96	0	0	
216	0	0	216	0	0	216	0	0	
300	0	0	300	0	0	300	0	0	
78	0	0	78	0	0	78	0	0	
138	0	0	138	0	0	138	0	0	
162	0	0	162	0	0	162	0	0	
480	0	0	480	0	0	480	0	0	
246	0	0	246	0	0	246	0	0	
228	0	0	228	0	0	228	0	0	
150	0	0	150	0	0	150	0	0	
276	0	0	276	0	0	276	0	0	
276	0	0	276	0	0	276	0	0	
372	0	0	372	0	0	372	0	0	
192	0	0	192	0	0	192	0	0	
198	0	0	198	0	0	198	0	0	
594	0	0	594	0	0	594	0	0	
216	0	0	216	0	0	216	0	0	
480	0	0	480	0	0	480	0	0	
420	0	0	420	0	0	420	0	0	
480	0	0	480	0	0	480	0	0	
474	0	0	474	0	0	474	0	0	
480	0	0	480	0	0	480	0	0	
264	0	0	264	0	0	264	0	0	
120	0	0	120	0	0	120	0	0	
534	0	0	534	0	0	534	0	0	
492	0	0	492	0	0	492	0	0	
534	0	0	534	0	0	534	0	0	
390	0	0	390	0	0	390	0	0	
438	0	0	438	0	0	438	0	0	
252	0	0	252	0	0	252	0	0	
558	0	0	558	0	0	558	0	0	
384	0	0	384	0	0	384	0	0	
270	0	0	270	0	0	270	0	0	
354	0	0	354	0	0	354	0	0	
390	0	0	390	0	0	390	0	0	
462	0	0	462	0	0	462	0	0	
246	0	0	246	0	0	246	0	0	
426	0	0	426	0	0	426	0	0	
258	0	0	258	0	0	258	0	0	
66	0	0	66	0	0	66	0	0	
402	0	0	402	0	0	402	0	0	
78	0	0	78	0	0	78	0	0	
516	0	0	516	0	0	516	0	0	
522	0	0	522	0	0	522	0	0	
540	0	0	540	0	0	540	0	0	
96	0	0	96	0	0	96	0	0	
222	0	0	222	0	0	222	0	0	
570	0	0	570	0	0	570	0	0	
108	0	0	108	0	0	108	0	0	
84	0	0	84	0	0	84	0	0	
528	0	0	528	0	0	528	0	0	
144	0	0	144	0	0	144	0	0	
114	0	0	114	0	0	114	0	0	
216	0	0	216	0	0	216	0	0	
528	0	0	528	0	0	528	0	0	
78	0	0	78	0	0	78	0	0	
360	0	0	360	0	0	360	0	0	
168	0	0	168	0	0	168	0	0	
102	0	0	102	0	0	102	0	0	
342	0	0	342	0	0	342	0	0	
228	0	0	228	0	0	228	0	0	
444	0	0	444	0	0	444	0	0	
342	0	0	342	0	0	342	0	0	
468	0	0	468	0	0	468	0	0	
210	0	0	210	0	0	210	0	0	
516	0	0	516	0	0	516	0	0	
516	0	0	516	0	0	516	0	0	
168	0	0	168	0	0	168	0	0	
132	0	0	132	0	0	132	0	0	
Forward storage demand rate per item and per period
11	11	4	8	8	4	14	2	12	
34	13	38	13	34	20	43	34	48	
14	15	12	5	16	4	1	19	12	
47	52	54	59	45	65	35	29	67	
26	28	17	7	21	38	30	14	12	
70	71	67	100	109	53	82	10	27	
38	42	43	35	38	34	53	25	34	
73	84	71	27	16	83	83	45	93	
62	42	64	67	33	41	68	100	88	
28	15	10	26	35	39	39	33	51	
41	44	61	8	41	50	52	13	64	
96	159	81	88	26	84	95	111	86	
33	26	48	43	44	21	19	31	52	
89	112	161	91	58	70	16	52	15	
10	12	10	13	9	14	17	9	10	
93	87	168	60	97	54	111	63	142	
74	17	89	86	93	68	71	51	48	
91	137	135	105	93	119	84	79	89	
42	51	67	61	60	27	38	6	39	
10	14	9	11	8	11	12	11	6	
89	101	121	134	77	66	36	97	91	
31	13	38	45	32	39	50	23	25	
69	36	124	90	105	75	25	115	63	
61	90	76	74	21	27	51	70	66	
64	94	69	45	40	34	55	60	62	
84	37	72	26	66	60	54	59	94	
23	15	23	12	20	33	18	23	29	
12	11	10	10	12	18	8	9	17	
45	59	10	54	26	32	19	51	15	
45	48	49	76	66	47	20	4	63	
54	50	66	74	88	58	57	24	79	
33	52	19	33	23	11	6	32	25	
57	53	75	66	65	65	78	41	75	
78	78	51	56	90	116	15	85	48	
53	24	55	69	70	97	49	55	43	
21	14	19	12	17	15	34	7	13	
61	51	34	22	110	57	46	52	15	
84	12	63	56	34	93	157	128	102	
69	91	87	78	80	111	122	85	34	
57	17	18	18	37	59	73	47	69	
77	65	63	83	74	83	99	101	73	
50	38	49	55	24	57	10	47	72	
95	123	95	61	84	47	64	114	59	
96	82	44	116	61	169	155	18	20	
68	33	20	42	96	34	68	44	91	
20	36	12	23	11	31	17	13	21	
45	42	51	36	38	38	49	52	70	
10	5	8	9	17	3	16	6	15	
45	48	70	27	63	24	27	40	41	
38	36	40	59	60	73	35	15	16	
35	43	14	43	44	29	28	34	15	
45	51	73	38	47	60	36	38	57	
83	111	132	98	98	84	118	144	121	
30	44	10	56	24	7	40	15	33	
55	84	32	48	81	65	55	89	37	
17	3	4	8	14	16	19	19	18	
16	9	13	15	21	15	15	13	30	
36	34	4	32	12	50	21	36	40	
50	64	86	52	14	40	43	52	83	
13	9	15	14	10	5	18	18	5	
23	18	9	33	32	29	44	23	17	
27	36	39	26	15	42	24	37	16	
80	88	37	56	43	80	125	72	48	
41	64	21	53	15	64	8	31	51	
38	25	45	42	36	26	36	30	60	
25	17	39	24	25	44	20	34	22	
46	34	11	26	26	28	48	19	31	
46	19	66	45	64	67	57	53	40	
62	65	92	77	52	96	54	63	41	
32	29	33	4	19	17	33	42	21	
33	54	34	20	16	36	28	39	47	
99	100	20	106	67	70	133	169	68	
36	46	46	36	14	28	37	34	51	
80	73	94	45	63	90	84	110	56	
70	43	73	87	77	119	77	11	68	
80	49	64	58	148	46	79	63	87	
79	82	125	74	78	65	134	89	126	
80	31	116	98	88	76	93	112	101	
44	32	79	13	18	29	45	83	38	
20	15	4	18	15	19	24	6	21	
89	112	50	140	57	68	103	63	23	
82	59	26	63	121	137	66	119	88	
89	22	51	130	107	87	92	158	121	
65	100	63	21	91	54	48	47	25	
73	99	45	94	112	77	63	60	35	
42	49	2	36	70	43	48	54	52	
93	98	15	17	52	12	107	64	84	
64	90	74	74	54	122	33	85	66	
45	33	12	36	36	64	64	8	56	
59	65	53	31	61	18	75	62	73	
65	38	24	84	12	117	96	74	36	
77	38	39	27	79	63	13	106	129	
41	55	42	25	66	39	42	14	9	
71	75	87	69	33	18	73	116	40	
43	59	60	26	60	10	71	19	60	
11	17	1	5	5	16	11	11	16	
67	65	54	58	29	57	25	12	31	
13	11	8	23	8	10	17	13	7	
86	30	84	119	115	108	143	108	101	
87	42	80	67	84	52	67	81	48	
90	29	101	7	46	76	112	85	130	
16	7	3	2	18	13	22	11	15	
37	63	13	60	32	55	2	18	29	
95	66	45	29	166	95	152	61	135	
18	13	19	8	16	22	7	23	23	
14	26	26	9	23	21	16	13	16	
88	102	86	143	98	94	92	76	57	
24	5	16	26	27	9	19	30	36	
19	5	27	17	22	19	20	24	22	
36	33	31	17	25	30	36	10	51	
88	76	128	103	111	112	58	153	160	
13	4	8	21	16	20	6	5	13	
60	35	91	32	83	29	17	49	80	
28	49	6	1	10	15	21	47	38	
17	19	24	17	14	18	23	26	8	
57	83	56	65	73	66	59	43	107	
38	36	14	28	41	64	38	48	23	
74	120	77	32	77	43	65	73	23	
57	54	91	13	55	89	77	86	19	
78	68	121	3	21	95	77	16	50	
35	23	34	44	31	43	41	39	25	
86	67	143	65	162	48	125	142	98	
86	17	93	115	84	112	69	75	56	
28	48	36	27	12	22	33	45	12	
22	31	10	30	19	26	15	7	24	
Distance matrix
0	20	65	65	89.5	75.5	53.5	85	50	57.5	48.5	99.5	26.5	49	41	72.5	44.5	26	60.5	81.5	32	36	53.5	85	14	53	23	74	34	31.5	45	42	44.5	86	49	52.5	66	30.5	59.5	44.5	40	79.5	24	71.5	60.5	13	76.5	24.5	45	7	62	32.5	23	58	50	18.5	31.5	73.5	53.5	64	48.5	46.5	90.5	85	65	41	21.5	13	78.5	71	34	88.5	26	35.5	69.5	28.5	71.5	32.5	73	30.5	48	32	53.5	17	48.5	53.5	56.5	75.5	58.5	38.5	58.5	45.5	34.5	55	17	81.5	54	77	29.5	27.5	32.5	33	60.5	87.5	67	84.5	99	59	102.5	77.5	41	55	79.5	50	56.5	27.5	19	36.5	94	31	62	43.5	69	77	62	71.5	
20	0	45	65	89.5	75.5	41.5	75	50	57.5	48.5	85.5	31.5	49	41	72.5	30.5	26	60.5	73.5	32	34	53.5	85	24	37	3	56	14	28.5	45	42	44.5	86	49	52.5	66	29.5	55.5	30.5	40	75.5	34	71.5	60.5	23	76.5	35.5	35	17	58	32.5	33	58	50	18.5	28.5	61.5	53.5	56	46.5	46.5	90.5	85	45	41	36.5	7	66.5	71	26	86.5	6	35.5	69.5	31.5	71.5	32.5	67	30.5	42	32	51.5	17	36.5	53.5	56.5	59.5	58.5	38.5	58.5	45.5	34.5	55	3	81.5	54	77	30.5	32.5	27.5	33	60.5	77.5	67	84.5	81	41	82.5	57.5	29	55	79.5	30	56.5	27.5	1	36.5	86	31	62	43.5	69	77	48	71.5	
65	45	0	40	50.5	64.5	11.5	30	35	12.5	31.5	40.5	38.5	16	34	57.5	20.5	39	19.5	28.5	33	29	26.5	40	51	12	42	11	31	33.5	30	23	20.5	49	36	17.5	29	34.5	10.5	20.5	25	30.5	41	48.5	49.5	52	43.5	40.5	20	58	13	32.5	42	17	15	46.5	33.5	16.5	16.5	11	16.5	33.5	49.5	50	0	24	43.5	52	21.5	54	31	41.5	39	29.5	40.5	36.5	38.5	32.5	22	34.5	17	33	11.5	48	16.5	36.5	43.5	14.5	51.5	26.5	31.5	34.5	30.5	20	48	48.5	11	58	35.5	37.5	32.5	32	19.5	32.5	28	55.5	36	6	37.5	12.5	24	20	40.5	15	13.5	37.5	46	28.5	41	34	23	36.5	36	58	3	58.5	
65	65	40	0	44.5	30.5	51.5	30	25	47.5	28.5	40.5	76.5	54	26	27.5	60.5	41	40.5	28.5	37	69	33.5	40	69	52	68	31	71	73.5	30	47	54.5	41	24	42.5	31	74.5	45.5	60.5	35	30.5	79	26.5	15.5	68	31.5	80.5	60	62	43	72.5	78	43	45	48.5	73.5	31.5	43.5	41	56.5	26.5	45.5	40	40	46	81.5	58	26.5	26	71	41.5	71	45.5	24.5	76.5	26.5	42.5	32	50.5	57	67	51.5	52	56.5	23.5	16.5	29.5	13.5	38.5	28.5	25.5	54.5	40	62	36.5	49	32	75.5	77.5	72.5	58	40.5	32.5	32	39.5	36	46	37.5	27.5	64	40	34.5	55	46.5	57.5	64	56.5	41	66	37	23.5	4	32	43	26.5	
89.5	89.5	50.5	44.5	0	14	62	30.5	49.5	58	53	10	89	66.5	50.5	27	71	65.5	55	34	61.5	79.5	58	30.5	93.5	62.5	92.5	41.5	81.5	84	54.5	71.5	71	29.5	48.5	63	49.5	85	56	71	59.5	36	91.5	36	35	92.5	39	91	70.5	86.5	53.5	83	92.5	57.5	65.5	73	84	42	62	51.5	67	51	1	30.5	50.5	70.5	94	82.5	37	30.5	81.5	27	89.5	70	44	87	44	67	42.5	75	67.5	83.5	62	76.5	67	48	41	40	33	63	53	50	79	60.5	86.5	34	61.5	26.5	86	88	83	82.5	55	28	48.5	5	16.5	56.5	13	38	74.5	60.5	36	65.5	59	82	88.5	79	21.5	84.5	53.5	48	46.5	26.5	53.5	26	
75.5	75.5	64.5	30.5	14	0	74	40.5	35.5	58	39	24	87	64.5	36.5	13	85	51.5	51	42	47.5	81.5	44	30.5	79.5	76.5	78.5	55.5	89.5	98	40.5	57.5	65	21.5	34.5	53	41.5	91	60	85	45.5	40	89.5	22	21	78.5	27	95	80.5	72.5	57.5	83	88.5	53.5	55.5	59	92	54	54	59.5	69	37	15	20.5	64.5	56.5	92	68.5	49	16.5	95.5	29	81.5	56	30	89	32	53	48.5	61	73.5	77.5	64	62.5	79	34	27	54	19	49	39	36	65	50.5	72.5	22	59.5	12.5	100	98	97	68.5	51	38	42.5	9	30.5	70.5	27	52	86.5	50.5	30	79.5	57	68	74.5	67	29.5	76.5	47.5	34	34.5	12.5	67.5	12	
53.5	41.5	11.5	51.5	62	74	0	41.5	46.5	24	43	52	35	17.5	39.5	69	17	29.5	31	40	30.5	25.5	38	51.5	47.5	8.5	38.5	22.5	27.5	30	41.5	24.5	9	60.5	47.5	29	40.5	31	22	17	36.5	42	37.5	60	59	48.5	55	37	16.5	50.5	24.5	29	38.5	28.5	26.5	37	30	28	28	22.5	5	45	61	61.5	11.5	25.5	40	46.5	33	65.5	27.5	53	35.5	18	52	33	50	21	33.5	31	13.5	29.5	18	40.5	13	48	55	26	57	33	43	44	27	31.5	44.5	60	22.5	69.5	32	34	29	28.5	31	44	39.5	67	47.5	7.5	49	24	20.5	31.5	52	11.5	25	34	42.5	25	52.5	30.5	34.5	42	47.5	69.5	14.5	70	
85	75	30	30	30.5	40.5	41.5	0	45	37.5	46.5	20.5	68.5	46	46	37.5	50.5	61	34.5	13.5	57	59	41.5	20	81	42	72	21	61	63.5	50	53	50.5	29	44	42.5	29	64.5	35.5	50.5	55	15.5	71	28.5	30.5	82	23.5	70.5	50	82	33	62.5	72	37	45	68.5	63.5	21.5	41.5	31	46.5	46.5	29.5	30	30	54	73.5	78	16.5	34	61	21.5	69	59.5	25.5	66.5	23.5	62.5	22	64.5	47	63	41.5	72	46.5	41.5	36.5	19.5	28.5	56.5	36.5	45.5	60.5	40	78	28.5	41	38	65.5	67.5	62.5	62	34.5	12.5	28	35.5	16	36	17.5	17.5	54	40	20.5	45	38.5	67.5	76	58.5	21	64	33	43.5	26	38	33	36.5	
50	50	35	25	49.5	35.5	46.5	45	0	32.5	13.5	55.5	61.5	39	11	32.5	55.5	26	25.5	41.5	22	56	18.5	45	54	47	53	24	64	68.5	15	32	39.5	46	1	27.5	26	65.5	34.5	55.5	20	39.5	64	31.5	20.5	53	36.5	69.5	55	47	32	57.5	63	28	30	33.5	66.5	31.5	28.5	34	43.5	11.5	50.5	45	35	31	66.5	43	36.5	31	66	48.5	56	30.5	29.5	63.5	31.5	27.5	33	35.5	48	52	38.5	37	51.5	13.5	16.5	29.5	18.5	23.5	18.5	10.5	39.5	25	47	41.5	34	37	70.5	72.5	67.5	43	25.5	47.5	27	44.5	51	41	52.5	27.5	59	25	39.5	50	31.5	42.5	49	41.5	54	51	12	8.5	29	37	38	31.5	
57.5	57.5	12.5	47.5	58	58	24	37.5	32.5	0	31	48	51	28.5	23.5	55	33	33.5	27	36	29.5	41.5	34	47.5	61.5	24.5	54.5	18.5	43.5	46	27.5	35.5	33	56.5	31.5	5	36.5	47	2	33	27.5	38	53.5	54	43	60.5	51	53	32.5	54.5	20.5	45	54.5	24.5	27.5	41	46	24	4	18.5	29	29	57	57.5	12.5	36.5	56	50.5	29	53.5	43.5	49	51.5	38	48	49	46	35	29.5	43	29.5	45.5	24	44.5	29	36	39	22	41	31	39	28	43	27.5	54.5	56	23.5	59.5	48	50	45	44.5	27	40	35.5	63	43.5	18.5	45	20	36.5	27.5	48	27.5	1	50	56.5	41	48.5	46.5	30.5	26	43.5	59.5	15.5	54	
48.5	48.5	31.5	28.5	53	39	43	46.5	13.5	31	0	57	60	37.5	9.5	36	52	24.5	12	45	20.5	54.5	5	48.5	52.5	43.5	51.5	27.5	62.5	65	13.5	30.5	38	49.5	12.5	26	29.5	64	33	52	18.5	43	62.5	35	24	51.5	40	68	51.5	45.5	30.5	56	61.5	26.5	28.5	32	65	33	27	32.5	42	2	54	48.5	31.5	29.5	65	41.5	38	34.5	62.5	52	54.5	29	33	62	35	26	36.5	34	46.5	50.5	37	35.5	48	17	20	31	22	22	22	3	38	23.5	45.5	45	32.5	40.5	67	69	64	41.5	12	49	30.5	48	52.5	37.5	54	29	55.5	23.5	43	46.5	30	41	47.5	40	57.5	49.5	25.5	5	32.5	40.5	34.5	35	
99.5	85.5	40.5	40.5	10	24	52	20.5	55.5	48	57	0	79	56.5	60.5	33	61	75.5	45	24	71.5	69.5	52	20.5	91.5	52.5	82.5	31.5	71.5	74	60.5	63.5	61	19.5	56.5	53	39.5	75	46	61	65.5	26	81.5	34	45	92.5	29	81	60.5	96.5	43.5	73	82.5	47.5	55.5	83	74	32	52	41.5	57	59	9	20.5	40.5	64.5	84	92.5	27	34.5	71.5	17	79.5	70	36	77	34	73	32.5	75	57.5	73.5	52	86.5	57	52	49	30	43	67	47	60	71	50.5	88.5	24	51.5	28.5	76	78	73	72.5	45	18	38.5	15	6.5	46.5	3	28	64.5	50.5	26	55.5	49	78	86.5	69	11.5	74.5	43.5	58	36.5	28.5	43.5	34	
26.5	31.5	38.5	76.5	89	87	35	68.5	61.5	51	60	79	0	44.5	52.5	84	24	37.5	58	67	43.5	27.5	65	78.5	30.5	30.5	30.5	49.5	19.5	17	56.5	51.5	44	87.5	60.5	56	67.5	4	49	24	51.5	69	24.5	83	72	29.5	82	24	28.5	23.5	51.5	26	25.5	55.5	53.5	30	5	55	55	49.5	40	58	88	88.5	38.5	52.5	27	24.5	60	82.5	14.5	80	27.5	47	79	2	77	44	60.5	42	35.5	31.5	45	28.5	30	65	68	53	70	50	70	57	44	58.5	28.5	87	49.5	88.5	19	21	16	40.5	58	71	66.5	94	74.5	34.5	76	51	22.5	58.5	79	23.5	52	39	30.5	42	79.5	32.5	61.5	55	74.5	88.5	41.5	83	
49	49	16	54	66.5	64.5	17.5	46	39	28.5	37.5	56.5	44.5	0	30	61.5	26.5	25	35.5	44.5	17	35	42.5	56	53	18	48	27	37	39.5	34	7	26.5	65	38	33.5	45	40.5	26.5	26.5	29	46.5	47	60.5	49.5	52	59.5	46.5	26	46	29	38.5	48	33	31	32.5	39.5	32.5	32.5	27	22.5	35.5	65.5	66	16	8	49.5	42	37.5	60	37	57.5	45	29.5	56.5	42.5	54.5	26.5	38	34.5	23	39	22.5	36	22.5	42.5	45.5	30.5	47.5	27.5	47.5	34.5	36.5	36	46	64.5	27	66	41.5	43.5	38.5	38	35.5	48.5	44	71.5	52	10	53.5	28.5	30	36	56.5	21	29.5	41.5	48	34.5	57	40	39	32.5	52	66	19	60.5	
41	41	34	26	50.5	36.5	39.5	46	11	23.5	9.5	60.5	52.5	30	0	33.5	50.5	17	21.5	42.5	13	47	14.5	46	45	44	44	35	55	67.5	4	23	30.5	47	10	18.5	27	56.5	25.5	50.5	11	40.5	55	32.5	21.5	44	37.5	60.5	46	38	21	48.5	54	17	21	24.5	57.5	34.5	19.5	23	34.5	7.5	51.5	46	34	22	57.5	34	39.5	32	65	49.5	47	21.5	30.5	54.5	32.5	18.5	34	26.5	39	43	29.5	28	44.5	14.5	17.5	36.5	19.5	14.5	19.5	6.5	30.5	14	38	42.5	25	38	65.5	63.5	66.5	34	21.5	48.5	28	45.5	60	40	61.5	36.5	52	14	40.5	49	22.5	33.5	40	32.5	55	42	23	4.5	30	38	33	32.5	
72.5	72.5	57.5	27.5	27	13	69	37.5	32.5	55	36	33	84	61.5	33.5	0	78	48.5	48	39	44.5	78.5	41	27.5	76.5	69.5	75.5	48.5	86.5	91	37.5	54.5	62	23.5	31.5	50	38.5	88	57	78	42.5	37	86.5	19	18	75.5	24	92	77.5	69.5	54.5	80	85.5	50.5	52.5	56	89	49	51	56.5	66	34	28	22.5	57.5	53.5	89	65.5	44	13.5	88.5	16	78.5	53	27	86	29	50	45.5	58	70.5	74.5	61	59.5	74	31	24	47	16	46	36	33	62	47.5	69.5	9	56.5	14.5	93	95	90	65.5	48	35	39.5	22	28.5	63.5	30	45	81.5	47.5	27	72.5	54	65	71.5	64	31.5	73.5	44.5	31	31.5	14.5	60.5	1	
44.5	30.5	20.5	60.5	71	85	17	50.5	55.5	33	52	61	24	26.5	50.5	78	0	35.5	40	49	41.5	14.5	47	60.5	36.5	12.5	27.5	31.5	16.5	19	50.5	33.5	26	69.5	56.5	38	49.5	20	31	0	45.5	51	26.5	69	70	37.5	64	26	10.5	41.5	33.5	18	27.5	37.5	35.5	26	19	37	37	31.5	22	54	70	70.5	20.5	34.5	29	37.5	42	74.5	16.5	62	24.5	35	61	22	59	38	42.5	30	17.5	18.5	27	31.5	12	57	64	35	68	42	52	55	26	40.5	33.5	69	31.5	78.5	21	23	18	22.5	40	53	48.5	76	56.5	16.5	58	33	9.5	40.5	61	5.5	34	17	31.5	24	61.5	19.5	43.5	53	56.5	78.5	23.5	79	
26	26	39	41	65.5	51.5	29.5	61	26	33.5	24.5	75.5	37.5	25	17	48.5	35.5	0	36.5	57.5	8	32	29.5	61	30	27	29	50	40	52.5	21	18	20.5	62	25	28.5	42	41.5	35.5	35.5	16	55.5	40	47.5	36.5	29	52.5	45.5	31	23	38	33.5	39	34	26	9.5	42.5	49.5	29.5	40	24.5	22.5	66.5	61	39	17	42.5	19	54.5	47	50	64.5	32	11.5	45.5	39.5	47.5	8.5	49	11.5	22	28	29.5	13	29.5	29.5	32.5	51.5	34.5	14.5	34.5	21.5	15.5	31	23	57.5	30	53	50.5	48.5	51.5	19	36.5	63.5	43	60.5	75	35	76.5	51.5	37	31	55.5	34	32.5	18.5	25	17.5	70	27	38	19.5	45	53	38	47.5	
60.5	60.5	19.5	40.5	55	51	31	34.5	25.5	27	12	45	58	35.5	21.5	48	40	36.5	0	33	32.5	48.5	7	44.5	64.5	31.5	61.5	15.5	50.5	53	25.5	42.5	40	53.5	24.5	32	33.5	54	25	40	30.5	35	60.5	47	36	63.5	48	60	39.5	57.5	22.5	52	61.5	26.5	34.5	44	53	21	31	20.5	36	14	54	54.5	19.5	41.5	63	53.5	26	46.5	50.5	46	58.5	41	45	56	43	38	26.5	46	36.5	52.5	31	47.5	36	29	32	19	34	34	34	15	50	29.5	57.5	53	30.5	52.5	55	57	52	51.5	0	37	32.5	60	40.5	25.5	42	17	43.5	29.5	45	34.5	28	53	59.5	48	45.5	53.5	27.5	17	40.5	52.5	22.5	47	
81.5	73.5	28.5	28.5	34	42	40	13.5	41.5	36	45	24	67	44.5	42.5	39	49	57.5	33	0	53.5	57.5	40	23.5	79.5	40.5	70.5	19.5	59.5	62	46.5	51.5	49	32.5	40.5	41	27.5	63	34	49	51.5	2	69.5	32	21	80.5	27	69	48.5	78.5	31.5	61	70.5	35.5	43.5	65	62	20	40	29.5	45	43	33	33.5	28.5	52.5	72	74.5	15	37.5	59.5	25	67.5	58	12	65	10	59	20.5	63	45.5	61.5	40	68.5	45	40	33	18	23	55	35	42	59	38.5	76.5	32	39.5	41.5	64	66	61	60.5	33	16	26.5	39	19.5	34.5	21	16	52.5	38.5	24	43.5	37	66	74.5	57	24.5	62.5	31.5	40	24.5	41.5	31.5	38	
32	32	33	37	61.5	47.5	30.5	57	22	29.5	20.5	71.5	43.5	17	13	44.5	41.5	8	32.5	53.5	0	38	25.5	57	36	35	35	44	46	56.5	17	10	21.5	58	21	24.5	38	47.5	31.5	41.5	12	51.5	46	43.5	32.5	35	48.5	51.5	37	29	34	39.5	45	30	22	15.5	48.5	45.5	25.5	36	25.5	18.5	62.5	57	33	9	48.5	25	50.5	43	54	60.5	38	12.5	41.5	45.5	43.5	9.5	45	17.5	30	34	25.5	19	35.5	25.5	28.5	47.5	30.5	10.5	30.5	17.5	21.5	27	29	53.5	26	49	56.5	54.5	55.5	25	32.5	59.5	39	56.5	69	27	70.5	45.5	43	27	51.5	38	28.5	24.5	31	23.5	66	33	34	15.5	41	49	34	43.5	
36	34	29	69	79.5	81.5	25.5	59	56	41.5	54.5	69.5	27.5	35	47	78.5	14.5	32	48.5	57.5	38	0	55.5	69	40	21	31	40	20	22.5	51	42	34.5	78	55	46.5	58	23.5	39.5	14.5	46	59.5	30	77.5	66.5	39	72.5	29.5	19	33	42	21.5	31	46	44	24.5	22.5	45.5	45.5	40	30.5	52.5	78.5	79	29	43	32.5	29	50.5	77	20	70.5	28	41.5	69.5	25.5	67.5	38.5	51	36.5	26	4	35.5	19	20.5	59.5	62.5	43.5	64.5	44.5	60.5	51.5	34.5	49	33	77.5	40	83	24.5	26.5	21.5	31	48.5	61.5	57	84.5	65	25	66.5	41.5	5	49	69.5	14	42.5	31.5	35	32.5	70	5	52	49.5	65	83	32	77.5	
53.5	53.5	26.5	33.5	58	44	38	41.5	18.5	34	5	52	65	42.5	14.5	41	47	29.5	7	40	25.5	55.5	0	51.5	57.5	38.5	56.5	22.5	57.5	60	18.5	35.5	43	54.5	17.5	31	34.5	61	32	47	23.5	42	67.5	40	29	56.5	45	67	46.5	50.5	29.5	59	66.5	31.5	33.5	37	60	28	32	27.5	43	7	59	53.5	26.5	34.5	70	46.5	33	39.5	57.5	53	59.5	34	38	63	40	31	33.5	39	43.5	55.5	38	40.5	43	22	25	26	27	27	27	8	43	28.5	50.5	50	37.5	45.5	62	64	59	46.5	7	44	35.5	53	47.5	32.5	49	24	50.5	28.5	48	41.5	35	46	52.5	45	52.5	54.5	30.5	10	37.5	45.5	29.5	40	
85	85	40	40	30.5	30.5	51.5	20	45	47.5	48.5	20.5	78.5	56	46	27.5	60.5	61	44.5	23.5	57	69	51.5	0	89	52	82	31	71	73.5	50	63	60.5	29	44	52.5	39	74.5	45.5	60.5	55	25.5	81	31.5	30.5	88	28.5	80.5	60	82	43	72.5	82	47	55	68.5	73.5	31.5	51.5	41	56.5	46.5	29.5	30	40	64	83.5	78	26.5	14	71	21.5	79	65.5	35.5	76.5	33.5	62.5	32	70.5	57	73	51.5	72	56.5	43.5	36.5	29.5	28.5	58.5	46.5	45.5	70.5	50	82	28.5	51	32	75.5	77.5	72.5	72	44.5	17.5	38	35.5	16	46	17.5	27.5	64	50	25.5	55	48.5	77.5	84	68.5	21	74	43	43.5	36	32	43	26.5	
14	24	51	69	93.5	79.5	47.5	81	54	61.5	52.5	91.5	30.5	53	45	76.5	36.5	30	64.5	79.5	36	40	57.5	89	0	43	27	62	32	24.5	49	46	48.5	90	53	56.5	70	30.5	61.5	36.5	44	81.5	10	75.5	64.5	1	80.5	31.5	41	7	64	36.5	9	62	54	22.5	29.5	67.5	57.5	62	52.5	50.5	94.5	89	51	45	30.5	17	72.5	75	20	92.5	30	39.5	73.5	32.5	75.5	36.5	73	34.5	48	36	57.5	21	42.5	57.5	60.5	65.5	62.5	42.5	62.5	49.5	38.5	59	21	85.5	58	81	26.5	28.5	23.5	37	64.5	83.5	71	88.5	87	47	88.5	63.5	35	59	83.5	36	60.5	31.5	23	40.5	92	35	66	47.5	73	81	54	75.5	
53	37	12	52	62.5	76.5	8.5	42	47	24.5	43.5	52.5	30.5	18	44	69.5	12.5	27	31.5	40.5	35	21	38.5	52	43	0	34	23	23	25.5	42	25	17.5	61	48	29.5	41	26.5	22.5	12.5	37	42.5	33	60.5	61.5	44	55.5	32.5	12	50	25	24.5	34	29	27	36.5	25.5	28.5	28.5	23	13.5	45.5	61.5	62	12	26	35.5	44	33.5	66	23	53.5	31	26.5	52.5	28.5	50.5	29.5	34	26.5	5	25	18.5	40	8.5	48.5	55.5	26.5	61.5	33.5	43.5	46.5	22.5	32	40	60.5	23	70	27.5	29.5	24.5	24	31.5	44.5	40	67.5	48	8	49.5	24.5	16	32	52.5	7	25.5	29.5	38	20.5	53	26	35	46.5	48	70	15	70.5	
23	3	42	68	92.5	78.5	38.5	72	53	54.5	51.5	82.5	30.5	48	44	75.5	27.5	29	61.5	70.5	35	31	56.5	82	27	34	0	53	11	25.5	48	45	47.5	89	52	55.5	69	26.5	52.5	27.5	43	72.5	33	74.5	63.5	26	79.5	32.5	32	20	55	29.5	34	59	53	21.5	25.5	58.5	56.5	53	43.5	49.5	91.5	88	42	44	35.5	10	63.5	74	23	83.5	3	38.5	72.5	28.5	74.5	35.5	64	33.5	39	35	48.5	20	33.5	56.5	59.5	56.5	61.5	41.5	61.5	48.5	37.5	58	6	84.5	53	80	27.5	29.5	24.5	36	61.5	74.5	70	87.5	78	38	79.5	54.5	26	58	82.5	27	55.5	30.5	4	39.5	83	34	65	46.5	72	80	45	74.5	
74	56	11	31	41.5	55.5	22.5	21	24	18.5	27.5	31.5	49.5	27	35	48.5	31.5	50	15.5	19.5	44	40	22.5	31	62	23	53	0	42	44.5	31	34	31.5	40	25	23.5	20	45.5	16.5	31.5	36	21.5	52	39.5	40.5	63	34.5	51.5	31	69	14	43.5	53	18	26	57.5	44.5	7.5	22.5	12	27.5	29.5	40.5	41	11	35	54.5	63	12.5	45	42	32.5	50	40.5	31.5	47.5	29.5	43.5	13	45.5	28	44	22.5	59	27.5	27.5	34.5	5.5	42.5	37.5	22.5	30.5	41.5	21	59	39.5	22	49	46.5	48.5	43.5	43	15.5	23.5	19	46.5	27	17	28.5	3.5	35	21	31.5	26	19.5	48.5	57	39.5	32	45	12	32.5	27	49	14	49.5	
34	14	31	71	81.5	89.5	27.5	61	64	43.5	62.5	71.5	19.5	37	55	86.5	16.5	40	50.5	59.5	46	20	57.5	71	32	23	11	42	0	14.5	59	44	36.5	80	63	48.5	60	15.5	41.5	16.5	54	61.5	22	79.5	74.5	33	74.5	21.5	21	31	44	18.5	23	48	46	32.5	14.5	47.5	47.5	42	32.5	60.5	80.5	81	31	45	24.5	21	52.5	85	12	72.5	8	45.5	71.5	17.5	69.5	46.5	53	40.5	28	24	37.5	31	22.5	67.5	70.5	45.5	72.5	52.5	62.5	59.5	36.5	51	17	79.5	42	89	16.5	18.5	13.5	33	50.5	63.5	59	86.5	67	27	68.5	43.5	15	51	71.5	16	44.5	33.5	15	34.5	72	25	54	57.5	67	89	34	85.5	
31.5	28.5	33.5	73.5	84	98	30	63.5	68.5	46	65	74	17	39.5	67.5	91	19	52.5	53	62	56.5	22.5	60	73.5	24.5	25.5	25.5	44.5	14.5	0	63.5	46.5	39	82.5	69.5	51	62.5	13	44	19	58.5	64	14.5	82	83	25.5	77	7	23.5	31.5	46.5	21	15.5	50.5	48.5	45	12	50	50	44.5	35	67	83	83.5	33.5	47.5	10	35.5	55	87.5	4.5	75	22.5	48	74	15	72	51	55.5	43	30.5	26.5	40	41.5	25	70	77	48	85	55	65	68	39	53.5	31.5	82	44.5	91.5	2	4	1	35.5	53	66	61.5	89	69.5	29.5	71	46	17.5	53.5	74	18.5	47	36	29.5	37	74.5	27.5	56.5	70	69.5	91.5	36.5	92	
45	45	30	30	54.5	40.5	41.5	50	15	27.5	13.5	60.5	56.5	34	4	37.5	50.5	21	25.5	46.5	17	51	18.5	50	49	42	48	31	59	63.5	0	27	34.5	51	14	22.5	31	60.5	29.5	50.5	15	44.5	59	36.5	25.5	48	41.5	64.5	50	42	17	52.5	58	13	25	28.5	61.5	36.5	23.5	19	38.5	11.5	55.5	50	30	26	61.5	38	41.5	36	61	53.5	51	25.5	34.5	58.5	36.5	22.5	38	30.5	43	47	33.5	32	46.5	18.5	21.5	34.5	23.5	18.5	23.5	10.5	34.5	10	42	46.5	29	42	65.5	67.5	62.5	38	25.5	52.5	32	49.5	56	36	57.5	32.5	54	10	44.5	45	26.5	37.5	44	36.5	59	46	27	8.5	34	42	33	36.5	
42	42	23	47	71.5	57.5	24.5	53	32	35.5	30.5	63.5	51.5	7	23	54.5	33.5	18	42.5	51.5	10	42	35.5	63	46	25	45	34	44	46.5	27	0	31.5	68	31	34.5	48	47.5	33.5	33.5	22	53.5	54	53.5	42.5	45	58.5	53.5	33	39	36	45.5	55	40	32	25.5	46.5	39.5	35.5	34	29.5	28.5	72.5	67	23	1	56.5	35	44.5	53	44	64.5	48	22.5	51.5	49.5	53.5	19.5	45	27.5	30	44	29.5	29	29.5	35.5	38.5	37.5	40.5	20.5	40.5	27.5	31.5	37	39	63.5	34	59	48.5	50.5	45.5	35	42.5	55.5	49	66.5	59	17	60.5	35.5	37	37	61.5	28	36.5	34.5	41	33.5	64	43	44	25.5	51	59	26	53.5	
44.5	44.5	20.5	54.5	71	65	9	50.5	39.5	33	38	61	44	26.5	30.5	62	26	20.5	40	49	21.5	34.5	43	60.5	48.5	17.5	47.5	31.5	36.5	39	34.5	31.5	0	69.5	38.5	38	49.5	40	31	26	29.5	51	46.5	61	50	47.5	64	46	25.5	41.5	33.5	38	47.5	37.5	35.5	28	39	37	37	31.5	4	36	70	70.5	20.5	30.5	49	37.5	42	60.5	36.5	62	44.5	9	59	42	59	12	42.5	30	22.5	38.5	27	31.5	22	43	46	35	48	28	48	35	34	40.5	41.5	69	31.5	66.5	41	43	38	37.5	40	53	48.5	74	56.5	16.5	58	33	29.5	40.5	61	20.5	34	37	43.5	34	61.5	39.5	43.5	33	56.5	66.5	23.5	61	
86	86	49	41	29.5	21.5	60.5	29	46	56.5	49.5	19.5	87.5	65	47	23.5	69.5	62	53.5	32.5	58	78	54.5	29	90	61	89	40	80	82.5	51	68	69.5	0	45	61.5	48	83.5	54.5	69.5	56	34.5	90	32.5	31.5	89	37.5	89.5	69	83	52	81.5	91	56	64	69.5	82.5	40.5	60.5	50	65.5	47.5	28.5	1	49	67	92.5	79	35.5	27	80	25.5	88	66.5	40.5	85.5	42.5	63.5	41	71.5	66	82	60.5	73	65.5	44.5	37.5	38.5	29.5	59.5	49.5	46.5	75.5	59	83	32.5	60	9	84.5	86.5	81.5	79	53.5	26.5	47	30.5	13	55	16.5	36.5	73	59	34.5	64	57.5	78.5	85	77.5	8	83	52	44.5	45	9	52	22.5	
49	49	36	24	48.5	34.5	47.5	44	1	31.5	12.5	56.5	60.5	38	10	31.5	56.5	25	24.5	40.5	21	55	17.5	44	53	48	52	25	63	69.5	14	31	38.5	45	0	26.5	25	64.5	33.5	56.5	19	38.5	63	30.5	19.5	52	35.5	68.5	54	46	31	56.5	62	27	29	32.5	65.5	32.5	27.5	33	42.5	10.5	49.5	44	36	30	65.5	42	37.5	30	67	47.5	55	29.5	28.5	62.5	30.5	26.5	32	34.5	47	51	37.5	36	52.5	12.5	15.5	30.5	17.5	22.5	17.5	9.5	38.5	24	46	40.5	33	36	71.5	71.5	68.5	42	24.5	46.5	26	43.5	52	42	53.5	28.5	60	24	38.5	51	30.5	41.5	48	40.5	53	50	13	7.5	28	36	39	30.5	
52.5	52.5	17.5	42.5	63	53	29	42.5	27.5	5	26	53	56	33.5	18.5	50	38	28.5	32	41	24.5	46.5	31	52.5	56.5	29.5	55.5	23.5	48.5	51	22.5	34.5	38	61.5	26.5	0	41.5	52	7	38	22.5	43	58.5	49	38	55.5	54	58	37.5	49.5	25.5	50	59.5	29.5	32.5	36	51	29	1	23.5	34	24	62	62.5	17.5	33.5	61	45.5	34	48.5	48.5	54	56.5	33	47	54	49	30	34.5	38	34.5	50.5	29	39.5	34	31	34	27	36	26	36	23	42	32.5	49.5	59	28.5	54.5	53	55	50	45.5	32	45	40.5	62	48.5	23.5	50	25	41.5	32.5	53	32.5	4	45	51.5	44	53.5	51.5	35.5	21	46.5	54.5	20.5	49	
66	66	29	31	49.5	41.5	40.5	29	26	36.5	29.5	39.5	67.5	45	27	38.5	49.5	42	33.5	27.5	38	58	34.5	39	70	41	69	20	60	62.5	31	48	49.5	48	25	41.5	0	63.5	34.5	49.5	36	29.5	70	37.5	26.5	69	42.5	69.5	49	63	32	61.5	71	36	44	49.5	62.5	20.5	40.5	30	45.5	27.5	48.5	49	29	47	72.5	59	20.5	37	60	40.5	68	46.5	35.5	65.5	37.5	43.5	7	51.5	46	62	40.5	53	45.5	24.5	22.5	18.5	24.5	39.5	29.5	26.5	55.5	39	63	47.5	40	43	64.5	66.5	61.5	59	33.5	31.5	1	50.5	35	35	36.5	16.5	53	39	39.5	44	37.5	58.5	65	57.5	40	63	32	24.5	35	43	32	37.5	
30.5	29.5	34.5	74.5	85	91	31	64.5	65.5	47	64	75	4	40.5	56.5	88	20	41.5	54	63	47.5	23.5	61	74.5	30.5	26.5	26.5	45.5	15.5	13	60.5	47.5	40	83.5	64.5	52	63.5	0	45	20	55.5	65	20.5	83	76	31.5	78	20	24.5	27.5	47.5	22	21.5	51.5	49.5	34	1	51	51	45.5	36	62	84	84.5	34.5	48.5	23	28.5	56	86.5	10.5	76	23.5	49	75	2	73	48	56.5	44	31.5	27.5	41	32.5	26	69	72	49	74	54	66	61	40	54.5	32.5	83	45.5	92.5	15	17	12	36.5	54	67	62.5	90	70.5	30.5	72	47	18.5	54.5	75	19.5	48	37	30.5	38	75.5	28.5	57.5	59	70.5	92.5	37.5	87	
59.5	55.5	10.5	45.5	56	60	22	35.5	34.5	2	33	46	49	26.5	25.5	57	31	35.5	25	34	31.5	39.5	32	45.5	61.5	22.5	52.5	16.5	41.5	44	29.5	33.5	31	54.5	33.5	7	34.5	45	0	31	29.5	36	51.5	54	45	62.5	49	51	30.5	56.5	18.5	43	52.5	22.5	25.5	43	44	22	6	16.5	27	31	55	55.5	10.5	34.5	54	52.5	27	55.5	41.5	47	49.5	40	46	47	44	37	27.5	45	27.5	43.5	22	46.5	27	38	41	20	43	33	37	30	41	25.5	56.5	54	21.5	61.5	46	48	43	42.5	25	38	33.5	61	41.5	16.5	43	18	34.5	25.5	46	25.5	3	48	56.5	39	46.5	44.5	28.5	28	41.5	61.5	13.5	56	
44.5	30.5	20.5	60.5	71	85	17	50.5	55.5	33	52	61	24	26.5	50.5	78	0	35.5	40	49	41.5	14.5	47	60.5	36.5	12.5	27.5	31.5	16.5	19	50.5	33.5	26	69.5	56.5	38	49.5	20	31	0	45.5	51	26.5	69	70	37.5	64	26	10.5	41.5	33.5	18	27.5	37.5	35.5	26	19	37	37	31.5	22	54	70	70.5	20.5	34.5	29	37.5	42	74.5	16.5	62	24.5	35	61	22	59	38	42.5	30	17.5	18.5	27	31.5	12	57	64	35	68	42	52	55	26	40.5	33.5	69	31.5	78.5	21	23	18	22.5	40	53	48.5	76	56.5	16.5	58	33	9.5	40.5	61	5.5	34	17	31.5	24	61.5	19.5	43.5	53	56.5	78.5	23.5	79	
40	40	25	35	59.5	45.5	36.5	55	20	27.5	18.5	65.5	51.5	29	11	42.5	45.5	16	30.5	51.5	12	46	23.5	55	44	37	43	36	54	58.5	15	22	29.5	56	19	22.5	36	55.5	29.5	45.5	0	49.5	54	41.5	30.5	43	46.5	59.5	45	37	32	47.5	53	28	10	23.5	56.5	41.5	23.5	34	33.5	16.5	60.5	55	25	21	56.5	33	46.5	41	56	58.5	46	20.5	39.5	53.5	41.5	17.5	43	25.5	38	42	28.5	27	41.5	23.5	26.5	39.5	28.5	13.5	28.5	15.5	29.5	25	37	51.5	14	47	60.5	62.5	57.5	33	30.5	57.5	37	54.5	61	31	62.5	37.5	49	25	49.5	40	26.5	32.5	39	31.5	64	41	32	13.5	39	47	22	41.5	
79.5	75.5	30.5	30.5	36	40	42	15.5	39.5	38	43	26	69	46.5	40.5	37	51	55.5	35	2	51.5	59.5	42	25.5	81.5	42.5	72.5	21.5	61.5	64	44.5	53.5	51	34.5	38.5	43	29.5	65	36	51	49.5	0	71.5	34	19	82.5	29	71	50.5	76.5	33.5	63	72.5	37.5	45.5	63	64	22	42	31.5	47	41	35	35.5	30.5	54.5	74	72.5	17	35.5	61.5	27	69.5	60	10	67	8	57	22.5	65	47.5	63.5	42	66.5	47	38	31	20	21	53	37	40	61	40.5	76.5	34	41.5	41.5	66	68	63	62.5	35	18	28.5	41	21.5	36.5	23	18	54.5	40.5	26	45.5	39	68	76.5	59	26.5	64.5	33.5	38	26.5	41.5	33.5	36	
24	34	41	79	91.5	89.5	37.5	71	64	53.5	62.5	81.5	24.5	47	55	86.5	26.5	40	60.5	69.5	46	30	67.5	81	10	33	33	52	22	14.5	59	54	46.5	90	63	58.5	70	20.5	51.5	26.5	54	71.5	0	85.5	74.5	11	84.5	21.5	31	17	54	28.5	1	58	56	32.5	19.5	57.5	57.5	52	42.5	60.5	90.5	91	41	55	24.5	27	62.5	85	10	82.5	30	49.5	81.5	22.5	79.5	46.5	63	44.5	38	34	47.5	31	32.5	67.5	70.5	55.5	72.5	52.5	72.5	59.5	46.5	61	31	89.5	52	91	16.5	18.5	13.5	43	60.5	73.5	69	96.5	77	37	78.5	53.5	25	61	81.5	26	54.5	41.5	33	44.5	82	35	64	57.5	77	91	44	85.5	
71.5	71.5	48.5	26.5	36	22	60	28.5	31.5	54	35	34	83	60.5	32.5	19	69	47.5	47	32	43.5	77.5	40	31.5	75.5	60.5	74.5	39.5	79.5	82	36.5	53.5	61	32.5	30.5	49	37.5	83	54	69	41.5	34	85.5	0	17	74.5	5	89	68.5	68.5	51.5	79	84.5	49.5	51.5	55	82	40	50	49.5	65	33	37	31.5	48.5	52.5	88	64.5	35	17.5	79.5	35	77.5	52	26	85	28	49	40.5	57	65.5	73.5	60	58.5	65	30	23	38	15	45	35	32	61	46.5	68.5	28	55.5	23.5	84	86	81	64.5	47	16	38.5	31	29.5	54.5	31	36	72.5	46.5	8	63.5	53	64	70.5	63	34.5	72.5	43.5	30	30.5	23.5	51.5	18	
60.5	60.5	49.5	15.5	35	21	59	30.5	20.5	43	24	45	72	49.5	21.5	18	70	36.5	36	21	32.5	66.5	29	30.5	64.5	61.5	63.5	40.5	74.5	83	25.5	42.5	50	31.5	19.5	38	26.5	76	45	70	30.5	19	74.5	17	0	63.5	22	80	65.5	57.5	42.5	68	73.5	38.5	40.5	44	77	39	39	44.5	54	22	36	30.5	49.5	41.5	77	53.5	34	16.5	80.5	34	66.5	41	9	74	11	38	33.5	46	58.5	62.5	49	47.5	64	19	12	39	2	34	24	21	50	35.5	57.5	27	44.5	22.5	85	83	82	53.5	36	33	27.5	30	40.5	55.5	42	37	71.5	35.5	25	64.5	42	53	59.5	52	39.5	61.5	32.5	19	19.5	22.5	52.5	17	
13	23	52	68	92.5	78.5	48.5	82	53	60.5	51.5	92.5	29.5	52	44	75.5	37.5	29	63.5	80.5	35	39	56.5	88	1	44	26	63	33	25.5	48	45	47.5	89	52	55.5	69	31.5	62.5	37.5	43	82.5	11	74.5	63.5	0	79.5	32.5	42	6	65	35.5	10	61	53	21.5	30.5	68.5	56.5	63	51.5	49.5	93.5	88	52	44	29.5	16	73.5	74	21	91.5	29	38.5	72.5	31.5	74.5	35.5	74	33.5	49	35	56.5	20	43.5	56.5	59.5	66.5	61.5	41.5	61.5	48.5	37.5	58	20	84.5	57	80	27.5	29.5	24.5	36	63.5	84.5	70	87.5	88	48	89.5	64.5	36	58	82.5	37	59.5	30.5	22	39.5	93	34	65	46.5	72	80	55	74.5	
76.5	76.5	43.5	31.5	39	27	55	23.5	36.5	51	40	29	82	59.5	37.5	24	64	52.5	48	27	48.5	72.5	45	28.5	80.5	55.5	79.5	34.5	74.5	77	41.5	58.5	64	37.5	35.5	54	42.5	78	49	64	46.5	29	84.5	5	22	79.5	0	84	63.5	73.5	46.5	76	85.5	50.5	56.5	60	77	35	55	44.5	60	38	38	36.5	43.5	57.5	87	69.5	30	22.5	74.5	30	82.5	57	31	80	33	54	35.5	62	60.5	76.5	55	63.5	60	35	28	33	20	50	40	37	66	51.5	73.5	33	54.5	28.5	79	81	76	69.5	48	11	41.5	36	24.5	49.5	26	31	67.5	51.5	3	58.5	52	69	75.5	68	29.5	77.5	46.5	35	35.5	28.5	46.5	23	
24.5	35.5	40.5	80.5	91	95	37	70.5	69.5	53	68	81	24	46.5	60.5	92	26	45.5	60	69	51.5	29.5	67	80.5	31.5	32.5	32.5	51.5	21.5	7	64.5	53.5	46	89.5	68.5	58	69.5	20	51	26	59.5	71	21.5	89	80	32.5	84	0	30.5	26.5	53.5	28	22.5	57.5	55.5	38	19	57	57	51.5	42	66	90	90.5	40.5	54.5	3	32.5	62	90.5	11.5	82	29.5	55	81	22	79	52	62.5	50	37.5	33.5	47	36.5	32	73	76	55	78	58	72	65	46	60.5	36.5	89	51.5	96.5	5	3	8	42.5	60	73	68.5	96	76.5	36.5	78	53	24.5	60.5	81	25.5	54	43	36.5	44	81.5	34.5	63.5	63	76.5	96.5	43.5	91	
45	35	20	60	70.5	80.5	16.5	50	55	32.5	51.5	60.5	28.5	26	46	77.5	10.5	31	39.5	48.5	37	19	46.5	60	41	12	32	31	21	23.5	50	33	25.5	69	54	37.5	49	24.5	30.5	10.5	45	50.5	31	68.5	65.5	42	63.5	30.5	0	42	33	22.5	32	37	35	28.5	23.5	36.5	36.5	31	21.5	51.5	69.5	70	20	34	33.5	38	41.5	74	21	61.5	29	34.5	60.5	26.5	58.5	37.5	42	29.5	17	23	26.5	32	11.5	56.5	61.5	34.5	63.5	41.5	51.5	50.5	25.5	40	38	68.5	31	78	25.5	27.5	22.5	12	39.5	52.5	48	75.5	56	16	57.5	32.5	14	40	60.5	5	33.5	27.5	36	23.5	61	24	43	48.5	56	78	23	76.5	
7	17	58	62	86.5	72.5	50.5	82	47	54.5	45.5	96.5	23.5	46	38	69.5	41.5	23	57.5	78.5	29	33	50.5	82	7	50	20	69	31	31.5	42	39	41.5	83	46	49.5	63	27.5	56.5	41.5	37	76.5	17	68.5	57.5	6	73.5	26.5	42	0	59	29.5	16	55	47	15.5	28.5	70.5	50.5	61	45.5	43.5	87.5	82	58	38	23.5	10	75.5	68	27	85.5	23	32.5	66.5	25.5	68.5	29.5	70	27.5	45	29	50.5	14	45.5	50.5	53.5	72.5	55.5	35.5	55.5	42.5	31.5	52	14	78.5	51	74	31.5	29.5	30.5	30	57.5	84.5	64	81.5	94	54	95.5	70.5	38	52	76.5	43	53.5	24.5	16	33.5	91	28	59	40.5	66	74	59	68.5	
62	58	13	43	53.5	57.5	24.5	33	32	20.5	30.5	43.5	51.5	29	21	54.5	33.5	38	22.5	31.5	34	42	29.5	43	64	25	55	14	44	46.5	17	36	33.5	52	31	25.5	32	47.5	18.5	33.5	32	33.5	54	51.5	42.5	65	46.5	53.5	33	59	0	45.5	55	4	28	45.5	46.5	19.5	24.5	2	29.5	28.5	52.5	53	13	37	56.5	55	24.5	53	44	44.5	52	42.5	43.5	49.5	41.5	39.5	25	47.5	30	46	24.5	49	29.5	35.5	38.5	17.5	40.5	35.5	34.5	27.5	43.5	7	59	51.5	24	59	48.5	50.5	45.5	45	22.5	35.5	31	58.5	39	19	40.5	15.5	37	7	43.5	28	21.5	50.5	59	41.5	44	47	26	25.5	39	59	16	53.5	
32.5	32.5	32.5	72.5	83	83	29	62.5	57.5	45	56	73	26	38.5	48.5	80	18	33.5	52	61	39.5	21.5	59	72.5	36.5	24.5	29.5	43.5	18.5	21	52.5	45.5	38	81.5	56.5	50	61.5	22	43	18	47.5	63	28.5	79	68	35.5	76	28	22.5	29.5	45.5	0	29.5	49.5	47.5	26	21	49	49	43.5	34	54	82	82.5	32.5	46.5	31	25.5	54	78.5	18.5	74	26.5	43	73	24	71	40	54.5	38	29.5	25.5	39	24.5	24	61	64	47	66	46	64	53	38	52.5	29.5	81	43.5	84.5	23	25	20	34.5	52	65	60.5	88	68.5	28.5	70	45	16.5	52.5	73	17.5	46	35	31.5	36	73.5	26.5	55.5	51	68.5	84.5	35.5	79	
23	33	42	78	92.5	88.5	38.5	72	63	54.5	61.5	82.5	25.5	48	54	85.5	27.5	39	61.5	70.5	45	31	66.5	82	9	34	34	53	23	15.5	58	55	47.5	91	62	59.5	71	21.5	52.5	27.5	53	72.5	1	84.5	73.5	10	85.5	22.5	32	16	55	29.5	0	59	57	31.5	20.5	58.5	58.5	53	43.5	59.5	91.5	92	42	54	25.5	26	63.5	84	11	83.5	31	48.5	82.5	23.5	80.5	45.5	64	43.5	39	35	48.5	30	33.5	66.5	69.5	56.5	71.5	51.5	71.5	58.5	47.5	62	30	90.5	53	90	17.5	19.5	14.5	44	61.5	74.5	70	97.5	78	38	79.5	54.5	26	62	82.5	27	55.5	40.5	32	45.5	83	36	65	56.5	78	90	45	84.5	
58	58	17	43	57.5	53.5	28.5	37	28	24.5	26.5	47.5	55.5	33	17	50.5	37.5	34	26.5	35.5	30	46	31.5	47	62	29	59	18	48	50.5	13	40	37.5	56	27	29.5	36	51.5	22.5	37.5	28	37.5	58	49.5	38.5	61	50.5	57.5	37	55	4	49.5	59	0	32	41.5	50.5	23.5	28.5	6	33.5	24.5	56.5	57	17	39	60.5	51	28.5	49	48	48.5	56	38.5	47.5	53.5	45.5	35.5	29	43.5	34	50	28.5	45	33.5	31.5	34.5	21.5	36.5	31.5	36.5	23.5	47.5	3	55	55.5	28	55	52.5	54.5	49.5	49	26.5	39.5	35	62.5	43	23	44.5	19.5	41	3	47.5	32	25.5	50.5	57	45.5	48	51	30	21.5	43	55	20	49.5	
50	50	15	45	65.5	55.5	26.5	45	30	27.5	28.5	55.5	53.5	31	21	52.5	35.5	26	34.5	43.5	22	44	33.5	55	54	27	53	26	46	48.5	25	32	35.5	64	29	32.5	44	49.5	25.5	35.5	10	45.5	56	51.5	40.5	53	56.5	55.5	35	47	28	47.5	57	32	0	33.5	48.5	31.5	31.5	26	31.5	26.5	64.5	65	15	31	58.5	43	36.5	51	46	56.5	54	30.5	49.5	51.5	51.5	27.5	37	35.5	32	48	26.5	37	31.5	33.5	36.5	29.5	38.5	23.5	38.5	25.5	39.5	35	47	61.5	4	57	50.5	52.5	47.5	43	34.5	47.5	43	64.5	51	21	52.5	27.5	39	35	55.5	30	28.5	42.5	49	41.5	56	49	38	23.5	49	57	12	51.5	
18.5	18.5	46.5	48.5	73	59	37	68.5	33.5	41	32	83	30	32.5	24.5	56	26	9.5	44	65	15.5	24.5	37	68.5	22.5	36.5	21.5	57.5	32.5	45	28.5	25.5	28	69.5	32.5	36	49.5	34	43	26	23.5	63	32.5	55	44	21.5	60	38	28.5	15.5	45.5	26	31.5	41.5	33.5	0	35	57	37	47.5	32	30	74	68.5	46.5	24.5	35	11.5	62	54.5	42.5	72	24.5	19	53	32	55	16	56.5	14	31.5	20.5	37	5.5	32	37	40	59	42	22	42	29	18	38.5	15.5	65	37.5	60.5	43	41	44	16.5	44	71	50.5	68	82.5	42.5	84	59	29.5	38.5	63	31.5	40	9	17.5	20	77.5	19.5	45.5	27	52.5	60.5	45.5	55	
31.5	28.5	33.5	73.5	84	92	30	63.5	66.5	46	65	74	5	39.5	57.5	89	19	42.5	53	62	48.5	22.5	60	73.5	29.5	25.5	25.5	44.5	14.5	12	61.5	46.5	39	82.5	65.5	51	62.5	1	44	19	56.5	64	19.5	82	77	30.5	77	19	23.5	28.5	46.5	21	20.5	50.5	48.5	35	0	50	50	44.5	35	63	83	83.5	33.5	47.5	22	29.5	55	87.5	9.5	75	22.5	48	74	3	72	49	55.5	43	30.5	26.5	40	33.5	25	70	73	48	75	55	65	62	39	53.5	31.5	82	44.5	91.5	14	16	11	35.5	53	66	61.5	89	69.5	29.5	71	46	17.5	53.5	74	18.5	47	36	29.5	37	74.5	27.5	56.5	60	69.5	91.5	36.5	88	
73.5	61.5	16.5	31.5	42	54	28	21.5	31.5	24	33	32	55	32.5	34.5	49	37	49.5	21	20	45.5	45.5	28	31.5	67.5	28.5	58.5	7.5	47.5	50	36.5	39.5	37	40.5	32.5	29	20.5	51	22	37	41.5	22	57.5	40	39	68.5	35	57	36.5	70.5	19.5	49	58.5	23.5	31.5	57	50	0	28	17.5	33	35	41	41.5	16.5	40.5	60	66.5	13	45.5	47.5	33	55.5	46	32	53	30	49	13.5	51	33.5	49.5	28	60.5	33	20	35	2	37	43	15	34	47	26.5	64.5	40	27.5	49.5	52	54	49	48.5	21	24	19.5	47	27.5	22.5	29	4	40.5	26.5	32	31.5	25	54	62.5	45	32.5	50.5	19.5	32	27.5	49.5	19.5	50	
53.5	53.5	16.5	43.5	62	54	28	41.5	28.5	4	27	52	55	32.5	19.5	51	37	29.5	31	40	25.5	45.5	32	51.5	57.5	28.5	56.5	22.5	47.5	50	23.5	35.5	37	60.5	27.5	1	40.5	51	6	37	23.5	42	57.5	50	39	56.5	55	57	36.5	50.5	24.5	49	58.5	28.5	31.5	37	50	28	0	22.5	33	25	61	61.5	16.5	34.5	60	46.5	33	49.5	47.5	53	55.5	34	48	53	50	31	33.5	39	33.5	49.5	28	40.5	33	32	35	26	37	27	37	24	43	31.5	50.5	60	27.5	55.5	52	54	49	46.5	31	44	39.5	63	47.5	22.5	49	24	40.5	31.5	52	31.5	3	46	52.5	45	52.5	50.5	34.5	22	47.5	55.5	19.5	50	
64	56	11	41	51.5	59.5	22.5	31	34	18.5	32.5	41.5	49.5	27	23	56.5	31.5	40	20.5	29.5	36	40	27.5	41	62	23	53	12	42	44.5	19	34	31.5	50	33	23.5	30	45.5	16.5	31.5	34	31.5	52	49.5	44.5	63	44.5	51.5	31	61	2	43.5	53	6	26	47.5	44.5	17.5	22.5	0	27.5	30.5	50.5	51	11	35	54.5	57	22.5	55	42	42.5	50	40.5	41.5	47.5	39.5	41.5	23	45.5	28	44	22.5	51	27.5	37.5	40.5	15.5	42.5	37.5	32.5	29.5	41.5	9	59	49.5	22	59	46.5	48.5	43.5	43	20.5	33.5	29	56.5	37	17	38.5	13.5	35	9	41.5	26	19.5	48.5	57	39.5	42	45	24	27.5	37	59	14	55.5	
48.5	46.5	16.5	56.5	67	69	5	46.5	43.5	29	42	57	40	22.5	34.5	66	22	24.5	36	45	25.5	30.5	43	56.5	52.5	13.5	43.5	27.5	32.5	35	38.5	29.5	4	65.5	42.5	34	45.5	36	27	22	33.5	47	42.5	65	54	51.5	60	42	21.5	45.5	29.5	34	43.5	33.5	31.5	32	35	33	33	27.5	0	40	66	66.5	16.5	30.5	45	41.5	38	64.5	32.5	58	40.5	13	57	38	55	16	38.5	34	18.5	34.5	23	35.5	18	47	50	31	52	32	48	39	32	36.5	45.5	65	27.5	70.5	37	39	34	33.5	36	49	44.5	72	52.5	12.5	54	29	25.5	36.5	57	16.5	30	39	47.5	30	57.5	35.5	39.5	37	52.5	70.5	19.5	65	
46.5	46.5	33.5	26.5	51	37	45	46.5	11.5	29	2	59	58	35.5	7.5	34	54	22.5	14	43	18.5	52.5	7	46.5	50.5	45.5	49.5	29.5	60.5	67	11.5	28.5	36	47.5	10.5	24	27.5	62	31	54	16.5	41	60.5	33	22	49.5	38	66	51.5	43.5	28.5	54	59.5	24.5	26.5	30	63	35	25	30.5	40	0	52	46.5	33.5	27.5	63	39.5	40	32.5	64.5	50	52.5	27	31	60	33	24	34.5	32	44.5	48.5	35	33.5	50	15	18	33	20	20	20	1	36	21.5	43.5	43	30.5	38.5	69	69	66	39.5	14	49	28.5	46	54.5	39.5	56	31	57.5	21.5	41	48.5	28	39	45.5	38	55.5	47.5	23.5	3	30.5	38.5	36.5	33	
90.5	90.5	49.5	45.5	1	15	61	29.5	50.5	57	54	9	88	65.5	51.5	28	70	66.5	54	33	62.5	78.5	59	29.5	94.5	61.5	91.5	40.5	80.5	83	55.5	72.5	70	28.5	49.5	62	48.5	84	55	70	60.5	35	90.5	37	36	93.5	38	90	69.5	87.5	52.5	82	91.5	56.5	64.5	74	83	41	61	50.5	66	52	0	29.5	49.5	71.5	93	83.5	36	31.5	80.5	26	88.5	71	45	86	43	68	41.5	76	66.5	82.5	61	77.5	66	49	42	39	34	64	54	51	80	59.5	87.5	33	60.5	27.5	85	87	82	81.5	54	27	47.5	6	15.5	55.5	12	37	73.5	59.5	35	64.5	58	83	89.5	78	20.5	83.5	52.5	49	45.5	27.5	52.5	27	
85	85	50	40	30.5	20.5	61.5	30	45	57.5	48.5	20.5	88.5	66	46	22.5	70.5	61	54.5	33.5	57	79	53.5	30	89	62	88	41	81	83.5	50	67	70.5	1	44	62.5	49	84.5	55.5	70.5	55	35.5	91	31.5	30.5	88	36.5	90.5	70	82	53	82.5	92	57	65	68.5	83.5	41.5	61.5	51	66.5	46.5	29.5	0	50	66	93.5	78	36.5	26	81	26.5	89	65.5	39.5	86.5	41.5	62.5	42	70.5	67	83	61.5	72	66.5	43.5	36.5	39.5	28.5	58.5	48.5	45.5	74.5	60	82	31.5	61	8	85.5	87.5	82.5	78	54.5	27.5	48	29.5	14	56	17.5	37.5	74	60	35.5	65	58.5	77.5	84	76.5	9	84	53	43.5	44	8	53	21.5	
65	45	0	40	50.5	64.5	11.5	30	35	12.5	31.5	40.5	38.5	16	34	57.5	20.5	39	19.5	28.5	33	29	26.5	40	51	12	42	11	31	33.5	30	23	20.5	49	36	17.5	29	34.5	10.5	20.5	25	30.5	41	48.5	49.5	52	43.5	40.5	20	58	13	32.5	42	17	15	46.5	33.5	16.5	16.5	11	16.5	33.5	49.5	50	0	24	43.5	52	21.5	54	31	41.5	39	29.5	40.5	36.5	38.5	32.5	22	34.5	17	33	11.5	48	16.5	36.5	43.5	14.5	51.5	26.5	31.5	34.5	30.5	20	48	48.5	11	58	35.5	37.5	32.5	32	19.5	32.5	28	55.5	36	6	37.5	12.5	24	20	40.5	15	13.5	37.5	46	28.5	41	34	23	36.5	36	58	3	58.5	
41	41	24	46	70.5	56.5	25.5	54	31	36.5	29.5	64.5	52.5	8	22	53.5	34.5	17	41.5	52.5	9	43	34.5	64	45	26	44	35	45	47.5	26	1	30.5	67	30	33.5	47	48.5	34.5	34.5	21	54.5	55	52.5	41.5	44	57.5	54.5	34	38	37	46.5	54	39	31	24.5	47.5	40.5	34.5	35	30.5	27.5	71.5	66	24	0	57.5	34	45.5	52	45	65.5	47	21.5	50.5	50.5	52.5	18.5	46	26.5	31	43	30.5	28	30.5	34.5	37.5	38.5	39.5	19.5	39.5	26.5	30.5	36	38	62.5	35	58	49.5	51.5	46.5	34	41.5	56.5	48	65.5	60	18	61.5	36.5	38	36	60.5	29	37.5	33.5	40	32.5	65	42	43	24.5	50	58	27	52.5	
21.5	36.5	43.5	81.5	94	92	40	73.5	66.5	56	65	84	27	49.5	57.5	89	29	42.5	63	72	48.5	32.5	70	83.5	30.5	35.5	35.5	54.5	24.5	10	61.5	56.5	49	92.5	65.5	61	72.5	23	54	29	56.5	74	24.5	88	77	29.5	87	3	33.5	23.5	56.5	31	25.5	60.5	58.5	35	22	60	60	54.5	45	63	93	93.5	43.5	57.5	0	29.5	65	87.5	14.5	85	32.5	52	84	25	82	49	65.5	47	40.5	36.5	50	33.5	35	70	73	58	75	55	75	62	49	63.5	33.5	92	54.5	93.5	8	6	11	45.5	63	76	71.5	99	79.5	39.5	81	56	27.5	63.5	84	28.5	57	44	35.5	47	84.5	37.5	66.5	60	79.5	93.5	46.5	88	
13	7	52	58	82.5	68.5	46.5	78	43	50.5	41.5	92.5	24.5	42	34	65.5	37.5	19	53.5	74.5	25	29	46.5	78	17	44	10	63	21	35.5	38	35	37.5	79	42	45.5	59	28.5	52.5	37.5	33	72.5	27	64.5	53.5	16	69.5	32.5	38	10	55	25.5	26	51	43	11.5	29.5	66.5	46.5	57	41.5	39.5	83.5	78	52	34	29.5	0	71.5	64	33	81.5	13	28.5	62.5	26.5	64.5	25.5	66	23.5	41	25	46.5	10	41.5	46.5	49.5	66.5	51.5	31.5	51.5	38.5	27.5	48	4	74.5	47	70	37.5	35.5	34.5	26	53.5	80.5	60	77.5	88	48	89.5	64.5	34	48	72.5	37	49.5	20.5	6	29.5	87	24	55	36.5	62	70	55	64.5	
78.5	66.5	21.5	26.5	37	49	33	16.5	36.5	29	38	27	60	37.5	39.5	44	42	54.5	26	15	50.5	50.5	33	26.5	72.5	33.5	63.5	12.5	52.5	55	41.5	44.5	42	35.5	37.5	34	20.5	56	27	42	46.5	17	62.5	35	34	73.5	30	62	41.5	75.5	24.5	54	63.5	28.5	36.5	62	55	13	33	22.5	38	40	36	36.5	21.5	45.5	65	71.5	0	40.5	52.5	28	60.5	51	27	58	25	54	13.5	56	38.5	54.5	33	65.5	38	33	22	11	32	48	28	39	52	31.5	69.5	35	32.5	44.5	57	59	54	53.5	26	19	19.5	42	22.5	27.5	24	9	45.5	31.5	27	36.5	30	59	67.5	50	27.5	55.5	24.5	37	22.5	44.5	24.5	45	
71	71	54	26	30.5	16.5	65.5	34	31	53.5	34.5	34.5	82.5	60	32	13.5	74.5	47	46.5	37.5	43	77	39.5	14	75	66	74	45	85	87.5	36	53	60.5	27	30	48.5	37	86.5	55.5	74.5	41	35.5	85	17.5	16.5	74	22.5	90.5	74	68	53	78.5	84	49	51	54.5	87.5	45.5	49.5	55	64.5	32.5	31.5	26	54	52	87.5	64	40.5	0	85	29.5	77	51.5	25.5	84.5	27.5	48.5	44	56.5	69	73	59.5	58	70.5	29.5	22.5	43.5	14.5	44.5	34.5	31.5	60.5	46	68	22.5	55	18	89.5	91.5	86.5	64	46.5	31.5	38	25.5	30	60	31.5	41.5	78	46	25.5	69	52.5	63.5	70	62.5	35	72	43	29.5	30	18	57	12.5	
34	26	31	71	81.5	95.5	27.5	61	66	43.5	62.5	71.5	14.5	37	65	88.5	16.5	50	50.5	59.5	54	20	57.5	71	20	23	23	42	12	4.5	61	44	36.5	80	67	48.5	60	10.5	41.5	16.5	56	61.5	10	79.5	80.5	21	74.5	11.5	21	27	44	18.5	11	48	46	42.5	9.5	47.5	47.5	42	32.5	64.5	80.5	81	31	45	14.5	33	52.5	85	0	72.5	20	45.5	71.5	12.5	69.5	48.5	53	40.5	28	24	37.5	39	22.5	67.5	74.5	45.5	82.5	52.5	62.5	65.5	36.5	51	29	79.5	42	89	6.5	8.5	3.5	33	50.5	63.5	59	86.5	67	27	68.5	43.5	15	51	71.5	16	44.5	33.5	27	34.5	72	25	54	67.5	67	89	34	89.5	
88.5	86.5	41.5	41.5	27	29	53	21.5	48.5	49	52	17	80	57.5	49.5	16	62	64.5	46	25	60.5	70.5	53	21.5	92.5	53.5	83.5	32.5	72.5	75	53.5	64.5	62	25.5	47.5	54	40.5	76	47	62	58.5	27	82.5	35	34	91.5	30	82	61.5	85.5	44.5	74	83.5	48.5	56.5	72	75	33	53	42.5	58	50	26	26.5	41.5	65.5	85	81.5	28	29.5	72.5	0	80.5	69	37	78	35	66	33.5	74	58.5	74.5	53	75.5	58	47	40	31	32	62	48	49	72	51.5	85.5	7	52.5	30.5	77	79	74	73.5	46	19	39.5	32	12.5	47.5	14	29	65.5	51.5	27	56.5	50	79	87.5	70	17.5	75.5	44.5	47	37.5	30.5	44.5	17	
26	6	39	71	89.5	81.5	35.5	69	56	51.5	54.5	79.5	27.5	45	47	78.5	24.5	32	58.5	67.5	38	28	59.5	79	30	31	3	50	8	22.5	51	48	44.5	88	55	56.5	68	23.5	49.5	24.5	46	69.5	30	77.5	66.5	29	82.5	29.5	29	23	52	26.5	31	56	54	24.5	22.5	55.5	55.5	50	40.5	52.5	88.5	89	39	47	32.5	13	60.5	77	20	80.5	0	41.5	75.5	25.5	77.5	38.5	61	36.5	36	32	45.5	23	30.5	59.5	62.5	53.5	64.5	44.5	64.5	51.5	40.5	59	9	87.5	50	83	24.5	26.5	21.5	39	58.5	71.5	67	90.5	75	35	76.5	51.5	23	59	79.5	24	52.5	33.5	7	42.5	80	33	62	49.5	75	83	42	77.5	
35.5	35.5	29.5	45.5	70	56	18	59.5	30.5	38	29	70	47	29.5	21.5	53	35	11.5	41	58	12.5	41.5	34	65.5	39.5	26.5	38.5	40.5	45.5	48	25.5	22.5	9	66.5	29.5	33	46.5	49	40	35	20.5	60	49.5	52	41	38.5	57	55	34.5	32.5	42.5	43	48.5	38.5	30.5	19	48	46	34	40.5	13	27	71	65.5	29.5	21.5	52	28.5	51	51.5	45.5	69	41.5	0	50	49	52	3	51.5	21	31.5	37.5	34	22.5	31	34	37	44	39	19	39	26	25	35.5	32.5	62	34.5	57.5	50	52	47	28.5	41	62	47.5	65	65.5	25.5	67	42	38.5	35.5	60	29.5	37	28	34.5	27	70.5	36.5	42.5	24	49.5	57.5	32.5	52	
69.5	69.5	40.5	24.5	44	30	52	25.5	29.5	48	33	36	79	56.5	30.5	27	61	45.5	45	12	41.5	69.5	38	35.5	73.5	52.5	72.5	31.5	71.5	74	34.5	51.5	59	40.5	28.5	47	35.5	75	46	61	39.5	10	81.5	26	9	72.5	31	81	60.5	66.5	43.5	73	82.5	47.5	49.5	53	74	32	48	41.5	57	31	45	39.5	40.5	50.5	84	62.5	27	25.5	71.5	37	75.5	50	0	77	2	47	32.5	55	57.5	71.5	52	56.5	57	28	21	30	11	43	33	30	59	44.5	66.5	36	51.5	31.5	76	78	73	62.5	45	28	36.5	39	31.5	46.5	33	28	64.5	44.5	34	55.5	49	62	68.5	61	36.5	70.5	41.5	28	28.5	31.5	43.5	26	
28.5	31.5	36.5	76.5	87	89	33	66.5	63.5	49	62	77	2	42.5	54.5	86	22	39.5	56	65	45.5	25.5	63	76.5	32.5	28.5	28.5	47.5	17.5	15	58.5	49.5	42	85.5	62.5	54	65.5	2	47	22	53.5	67	22.5	85	74	31.5	80	22	26.5	25.5	49.5	24	23.5	53.5	51.5	32	3	53	53	47.5	38	60	86	86.5	36.5	50.5	25	26.5	58	84.5	12.5	78	25.5	49	77	0	75	46	58.5	44	33.5	29.5	43	30.5	28	67	70	51	72	52	68	59	42	56.5	30.5	85	47.5	90.5	17	19	14	38.5	56	69	64.5	92	72.5	32.5	74	49	20.5	56.5	77	21.5	50	39	32.5	40	77.5	30.5	59.5	57	72.5	90.5	39.5	85	
71.5	71.5	38.5	26.5	44	32	50	23.5	31.5	46	35	34	77	54.5	32.5	29	59	47.5	43	10	43.5	67.5	40	33.5	75.5	50.5	74.5	29.5	69.5	72	36.5	53.5	59	42.5	30.5	49	37.5	73	44	59	41.5	8	79.5	28	11	74.5	33	79	58.5	68.5	41.5	71	80.5	45.5	51.5	55	72	30	50	39.5	55	33	43	41.5	38.5	52.5	82	64.5	25	27.5	69.5	35	77.5	52	2	75	0	49	30.5	57	55.5	71.5	50	58.5	55	30	23	28	13	45	35	32	61	46.5	68.5	38	49.5	33.5	74	76	71	64.5	43	26	36.5	41	29.5	44.5	31	26	62.5	46.5	34	53.5	47	64	70.5	63	34.5	72.5	41.5	30	30.5	33.5	41.5	28	
32.5	32.5	32.5	42.5	67	53	21	62.5	27.5	35	26	73	44	26.5	18.5	50	38	8.5	38	59	9.5	38.5	31	62.5	36.5	29.5	35.5	43.5	46.5	51	22.5	19.5	12	63.5	26.5	30	43.5	48	37	38	17.5	57	46.5	49	38	35.5	54	52	37.5	29.5	39.5	40	45.5	35.5	27.5	16	49	49	31	41.5	16	24	68	62.5	32.5	18.5	49	25.5	54	48.5	48.5	66	38.5	3	47	46	49	0	50.5	18	30.5	34.5	31	19.5	34	31	34	47	36	16	36	23	22	32.5	29.5	59	31.5	54.5	53	55	50	25.5	38	65	44.5	62	68.5	28.5	70	45	41.5	32.5	57	32.5	34	25	31.5	24	71.5	33.5	39.5	21	46.5	54.5	35.5	49	
73	67	22	32	42.5	48.5	33.5	22	33	29.5	36.5	32.5	60.5	38	34	45.5	42.5	49	26.5	20.5	45	51	33.5	32	73	34	64	13	53	55.5	38	45	42.5	41	32	34.5	7	56.5	27.5	42.5	43	22.5	63	40.5	33.5	74	35.5	62.5	42	70	25	54.5	64	29	37	56.5	55.5	13.5	33.5	23	38.5	34.5	41.5	42	22	46	65.5	66	13.5	44	53	33.5	61	51.5	32.5	58.5	30.5	50.5	0	56.5	39	55	33.5	60	38.5	31.5	29.5	11.5	31.5	46.5	28.5	33.5	52.5	32	70	40.5	33	50	57.5	59.5	54.5	54	26.5	24.5	6	47.5	28	28	29.5	9.5	46	32	32.5	37	30.5	59.5	68	50.5	33	56	25	31.5	28	50	25	44.5	
30.5	30.5	34.5	50.5	75	61	31	64.5	35.5	43	34	75	42	34.5	26.5	58	30	11.5	46	63	17.5	36.5	39	70.5	34.5	26.5	33.5	45.5	40.5	43	30.5	27.5	30	71.5	34.5	38	51.5	44	45	30	25.5	65	44.5	57	46	33.5	62	50	29.5	27.5	47.5	38	43.5	43.5	35.5	14	43	51	39	45.5	34	32	76	70.5	34.5	26.5	47	23.5	56	56.5	40.5	74	36.5	21	55	44	57	18	56.5	0	31.5	32.5	39	17.5	18	39	42	49	44	24	44	31	4	40.5	27.5	67	39.5	62.5	45	47	42	23.5	46	67	52.5	70	70.5	30.5	72	47	33.5	40.5	65	24.5	42	23	29.5	6	75.5	31.5	47.5	29	54.5	62.5	37.5	57	
48	42	17	57	67.5	73.5	13.5	47	48	29.5	46.5	57.5	35.5	23	39	70.5	17.5	22	36.5	45.5	30	26	43.5	57	48	5	39	28	28	30.5	43	30	22.5	66	47	34.5	46	31.5	27.5	17.5	38	47.5	38	65.5	58.5	49	60.5	37.5	17	45	30	29.5	39	34	32	31.5	30.5	33.5	33.5	28	18.5	44.5	66.5	67	17	31	40.5	41	38.5	69	28	58.5	36	31.5	57.5	33.5	55.5	30.5	39	31.5	0	30	23.5	35	13.5	51.5	54.5	31.5	56.5	36.5	48.5	43.5	27.5	37	45	65.5	28	75	32.5	34.5	29.5	29	36.5	49.5	45	72.5	53	13	54.5	29.5	21	37	57.5	12	30.5	34.5	43	25.5	58	31	40	41.5	53	75	20	69.5	
32	32	33	67	83.5	77.5	29.5	63	52	45.5	50.5	73.5	31.5	39	43	74.5	18.5	28	52.5	61.5	34	4	55.5	73	36	25	35	44	24	26.5	47	44	38.5	82	51	50.5	62	27.5	43.5	18.5	42	63.5	34	73.5	62.5	35	76.5	33.5	23	29	46	25.5	35	50	48	20.5	26.5	49.5	49.5	44	34.5	48.5	82.5	83	33	43	36.5	25	54.5	73	24	74.5	32	37.5	71.5	29.5	71.5	34.5	55	32.5	30	0	39.5	15	24.5	55.5	58.5	47.5	60.5	40.5	60.5	47.5	36.5	53	29	81.5	44	79	28.5	30.5	25.5	35	52.5	65.5	61	86.5	69	29	70.5	45.5	9	53	73.5	18	46.5	29.5	31	36.5	74	1	56	45.5	69	79	36	73.5	
53.5	51.5	11.5	51.5	62	64	18	41.5	38.5	24	37	52	45	22.5	29.5	61	27	29.5	31	40	25.5	35.5	38	51.5	57.5	18.5	48.5	22.5	37.5	40	33.5	29.5	27	60.5	37.5	29	40.5	41	22	27	28.5	42	47.5	60	49	56.5	55	47	26.5	50.5	24.5	39	48.5	28.5	26.5	37	40	28	28	22.5	23	35	61	61.5	11.5	30.5	50	46.5	33	59.5	37.5	53	45.5	34	52	43	50	31	33.5	39	23.5	39.5	0	40.5	23	42	45	26	47	15	43	34	37	31.5	50.5	60	22.5	65.5	42	44	39	38.5	31	44	39.5	67	47.5	12.5	49	24	30.5	31.5	52	21.5	25	44	52.5	35	52.5	40.5	34.5	32	47.5	65.5	14.5	60	
17	17	48	52	76.5	62.5	40.5	72	37	44.5	35.5	86.5	28.5	36	28	59.5	31.5	13	47.5	68.5	19	19	40.5	72	21	40	20	59	31	41.5	32	29	31.5	73	36	39.5	53	32.5	46.5	31.5	27	66.5	31	58.5	47.5	20	63.5	36.5	32	14	49	24.5	30	45	37	5.5	33.5	60.5	40.5	51	35.5	33.5	77.5	72	48	28	33.5	10	65.5	58	39	75.5	23	22.5	56.5	30.5	58.5	19.5	60	17.5	35	15	40.5	0	35.5	40.5	43.5	62.5	45.5	25.5	45.5	32.5	21.5	42	14	68.5	41	64	41.5	39.5	40.5	20	47.5	74.5	54	71.5	84	44	85.5	60.5	24	42	66.5	33	43.5	14.5	16	23.5	81	14	49	30.5	56	64	49	58.5	
48.5	36.5	16.5	56.5	67	79	13	46.5	51.5	29	48	57	30	22.5	44.5	74	12	29.5	36	45	35.5	20.5	43	56.5	42.5	8.5	33.5	27.5	22.5	25	46.5	29.5	22	65.5	52.5	34	45.5	26	27	12	41.5	47	32.5	65	64	43.5	60	32	11.5	45.5	29.5	24	33.5	33.5	31.5	32	25	33	33	27.5	18	50	66	66.5	16.5	30.5	35	41.5	38	70.5	22.5	58	30.5	31	57	28	55	34	38.5	18	13.5	24.5	23	35.5	0	53	60	31	62	38	48	49	14	36.5	39.5	65	27.5	74.5	27	29	24	23.5	36	49	44.5	72	52.5	12.5	54	29	15.5	36.5	57	6.5	30	29	37.5	12	57.5	25.5	39.5	47	52.5	74.5	19.5	75	
53.5	53.5	36.5	23.5	48	34	48	41.5	13.5	36	17	52	65	42.5	14.5	31	57	29.5	29	40	25.5	59.5	22	43.5	57.5	48.5	56.5	27.5	67.5	70	18.5	35.5	43	44.5	12.5	31	24.5	69	38	57	23.5	38	67.5	30	19	56.5	35	73	56.5	50.5	35.5	61	66.5	31.5	33.5	37	70	20	32	37.5	47	15	49	43.5	36.5	34.5	70	46.5	33	29.5	67.5	47	59.5	34	28	67	30	31	31.5	39	51.5	55.5	42	40.5	53	0	15	22	17	27	5	14	43	28.5	50.5	40	37.5	35.5	72	74	69	46.5	29	44	25.5	43	47.5	42.5	49	24	60.5	28.5	38	51.5	35	46	52.5	45	52.5	54.5	25.5	12	27.5	35.5	39.5	30	
56.5	56.5	43.5	16.5	41	27	55	36.5	16.5	39	20	49	68	45.5	17.5	24	64	32.5	32	33	28.5	62.5	25	36.5	60.5	55.5	59.5	34.5	70.5	77	21.5	38.5	46	37.5	15.5	34	22.5	72	41	64	26.5	31	70.5	23	12	59.5	28	76	61.5	53.5	38.5	64	69.5	34.5	36.5	40	73	35	35	40.5	50	18	42	36.5	43.5	37.5	73	49.5	22	22.5	74.5	40	62.5	37	21	70	23	34	29.5	42	54.5	58.5	45	43.5	60	15	0	33	10	30	20	17	46	31.5	53.5	33	40.5	28.5	79	79	76	49.5	32	39	23.5	36	44.5	49.5	46	31	67.5	31.5	31	58.5	38	49	55.5	48	45.5	57.5	28.5	15	20.5	28.5	46.5	23	
75.5	59.5	14.5	29.5	40	54	26	19.5	29.5	22	31	30	53	30.5	36.5	47	35	51.5	19	18	47.5	43.5	26	29.5	65.5	26.5	56.5	5.5	45.5	48	34.5	37.5	35	38.5	30.5	27	18.5	49	20	35	39.5	20	55.5	38	39	66.5	33	55	34.5	72.5	17.5	47	56.5	21.5	29.5	59	48	2	26	15.5	31	33	39	39.5	14.5	38.5	58	66.5	11	43.5	45.5	31	53.5	44	30	51	28	47	11.5	49	31.5	47.5	26	62.5	31	22	33	0	39	41	17	34	45	24.5	62.5	38	25.5	47.5	50	52	47	46.5	19	22	17.5	45	25.5	20.5	27	2	38.5	24.5	30	29.5	23	52	60.5	43	30.5	48.5	17.5	34	25.5	47.5	17.5	48	
58.5	58.5	51.5	13.5	33	19	57	28.5	18.5	41	22	43	70	47.5	19.5	16	68	34.5	34	23	30.5	64.5	27	28.5	62.5	61.5	61.5	42.5	72.5	85	23.5	40.5	48	29.5	17.5	36	24.5	74	43	68	28.5	21	72.5	15	2	61.5	20	78	63.5	55.5	40.5	66	71.5	36.5	38.5	42	75	37	37	42.5	52	20	34	28.5	51.5	39.5	75	51.5	32	14.5	82.5	32	64.5	39	11	72	13	36	31.5	44	56.5	60.5	47	45.5	62	17	10	39	0	32	22	19	48	33.5	55.5	25	42.5	20.5	83	81	84	51.5	34	31	25.5	28	42.5	57.5	44	39	69.5	33.5	23	66.5	40	51	57.5	50	37.5	59.5	30.5	17	17.5	20.5	50.5	15	
38.5	38.5	26.5	38.5	63	49	33	56.5	23.5	31	22	67	50	27.5	14.5	46	42	14.5	34	55	10.5	44.5	27	58.5	42.5	33.5	41.5	37.5	52.5	55	18.5	20.5	28	59.5	22.5	26	39.5	54	33	42	13.5	53	52.5	45	34	41.5	50	58	41.5	35.5	35.5	46	51.5	31.5	23.5	22	55	43	27	37.5	32	20	64	58.5	26.5	19.5	55	31.5	48	44.5	52.5	62	44.5	19	43	52	45	16	46.5	24	36.5	40.5	15	25.5	38	27	30	41	32	0	32	19	28	28.5	35.5	55	27.5	50.5	57	59	54	31.5	34	59	40.5	58	62.5	27.5	64	39	45.5	28.5	53	36.5	30	31	37.5	30	67.5	39.5	35.5	17	42.5	50.5	29.5	45	
58.5	58.5	31.5	28.5	53	39	43	36.5	18.5	39	22	47	70	47.5	19.5	36	52	34.5	34	35	30.5	60.5	27	46.5	62.5	43.5	61.5	22.5	62.5	65	23.5	40.5	48	49.5	17.5	36	29.5	66	37	52	28.5	37	72.5	35	24	61.5	40	72	51.5	55.5	34.5	64	71.5	36.5	38.5	42	65	15	37	32.5	48	20	54	48.5	31.5	39.5	75	51.5	28	34.5	62.5	48	64.5	39	33	68	35	36	28.5	44	48.5	60.5	43	45.5	48	5	20	17	22	32	0	19	48	33.5	55.5	45	42.5	40.5	67	69	64	51.5	34	39	30.5	48	42.5	37.5	44	19	55.5	33.5	43	46.5	40	51	57.5	50	47.5	59.5	30.5	17	32.5	40.5	34.5	35	
45.5	45.5	34.5	25.5	50	36	44	45.5	10.5	28	3	60	57	34.5	6.5	33	55	21.5	15	42	17.5	51.5	8	45.5	49.5	46.5	48.5	30.5	59.5	68	10.5	27.5	35	46.5	9.5	23	26.5	61	30	55	15.5	40	59.5	32	21	48.5	37	65	50.5	42.5	27.5	53	58.5	23.5	25.5	29	62	34	24	29.5	39	1	51	45.5	34.5	26.5	62	38.5	39	31.5	65.5	49	51.5	26	30	59	32	23	33.5	31	43.5	47.5	34	32.5	49	14	17	34	19	19	19	0	35	20.5	42.5	42	29.5	37.5	70	68	67	38.5	15	48	27.5	45	55.5	40.5	57	32	56.5	20.5	40	49.5	27	38	44.5	37	54.5	46.5	22.5	2	29.5	37.5	37.5	32	
34.5	34.5	30.5	54.5	79	65	27	60.5	39.5	43	38	71	44	36.5	30.5	62	26	15.5	50	59	21.5	34.5	43	70.5	38.5	22.5	37.5	41.5	36.5	39	34.5	31.5	34	75.5	38.5	42	55.5	40	41	26	29.5	61	46.5	61	50	37.5	66	46	25.5	31.5	43.5	38	47.5	47.5	39.5	18	39	47	43	41.5	32	36	80	74.5	30.5	30.5	49	27.5	52	60.5	36.5	72	40.5	25	59	42	61	22	52.5	4	27.5	36.5	37	21.5	14	43	46	45	48	28	48	35	0	44.5	31.5	71	41.5	66.5	41	43	38	27.5	50	63	56.5	74	66.5	26.5	68	43	29.5	44.5	69	20.5	44	27	33.5	2	71.5	35.5	51.5	33	58.5	66.5	33.5	61	
55	55	20	40	60.5	50.5	31.5	40	25	27.5	23.5	50.5	58.5	36	14	47.5	40.5	31	29.5	38.5	27	49	28.5	50	59	32	58	21	51	53.5	10	37	40.5	59	24	32.5	39	54.5	25.5	40.5	25	40.5	61	46.5	35.5	58	51.5	60.5	40	52	7	52.5	62	3	35	38.5	53.5	26.5	31.5	9	36.5	21.5	59.5	60	20	36	63.5	48	31.5	46	51	51.5	59	35.5	44.5	56.5	46.5	32.5	32	40.5	37	53	31.5	42	36.5	28.5	31.5	24.5	33.5	28.5	33.5	20.5	44.5	0	52	56.5	31	52	55.5	57.5	52.5	48	29.5	42.5	38	59.5	46	26	47.5	22.5	44	0	50.5	35	28.5	47.5	54	46.5	51	54	33	18.5	44	52	23	46.5	
17	3	48	62	86.5	72.5	44.5	78	47	54.5	45.5	88.5	28.5	46	38	69.5	33.5	23	57.5	76.5	29	33	50.5	82	21	40	6	59	17	31.5	42	39	41.5	83	46	49.5	63	32.5	56.5	33.5	37	76.5	31	68.5	57.5	20	73.5	36.5	38	14	59	29.5	30	55	47	15.5	31.5	64.5	50.5	59	45.5	43.5	87.5	82	48	38	33.5	4	69.5	68	29	85.5	9	32.5	66.5	30.5	68.5	29.5	70	27.5	45	29	50.5	14	39.5	50.5	53.5	62.5	55.5	35.5	55.5	42.5	31.5	52	0	78.5	51	74	33.5	35.5	30.5	30	57.5	80.5	64	81.5	84	44	85.5	60.5	32	52	76.5	33	53.5	24.5	2	33.5	89	28	59	40.5	66	74	51	68.5	
81.5	81.5	48.5	36.5	34	22	60	28.5	41.5	56	45	24	87	64.5	42.5	9	69	57.5	53	32	53.5	77.5	50	28.5	85.5	60.5	84.5	39.5	79.5	82	46.5	63.5	69	32.5	40.5	59	47.5	83	54	69	51.5	34	89.5	28	27	84.5	33	89	68.5	78.5	51.5	81	90.5	55.5	61.5	65	82	40	60	49.5	65	43	33	31.5	48.5	62.5	92	74.5	35	22.5	79.5	7	87.5	62	36	85	38	59	40.5	67	65.5	81.5	60	68.5	65	40	33	38	25	55	45	42	71	56.5	78.5	0	59.5	23.5	84	86	81	74.5	53	26	46.5	31	19.5	54.5	21	36	72.5	56.5	34	63.5	57	74	80.5	73	24.5	82.5	51.5	40	40.5	23.5	51.5	10	
54	54	11	49	61.5	59.5	22.5	41	34	23.5	32.5	51.5	49.5	27	25	56.5	31.5	30	30.5	39.5	26	40	37.5	51	58	23	53	22	42	44.5	29	34	31.5	60	33	28.5	40	45.5	21.5	31.5	14	41.5	52	55.5	44.5	57	54.5	51.5	31	51	24	43.5	53	28	4	37.5	44.5	27.5	27.5	22	27.5	30.5	60.5	61	11	35	54.5	47	32.5	55	42	52.5	50	34.5	51.5	47.5	49.5	31.5	33	39.5	28	44	22.5	41	27.5	37.5	40.5	25.5	42.5	27.5	42.5	29.5	41.5	31	51	59.5	0	61	46.5	48.5	43.5	43	30.5	43.5	39	66.5	47	17	48.5	23.5	35	31	51.5	26	24.5	46.5	53	39.5	52	45	34	27.5	47	61	8	55.5	
77	77	58	32	26.5	12.5	69.5	38	37	59.5	40.5	28.5	88.5	66	38	14.5	78.5	53	52.5	41.5	49	83	45.5	32	81	70	80	49	89	91.5	42	59	66.5	9	36	54.5	43	92.5	61.5	78.5	47	41.5	91	23.5	22.5	80	28.5	96.5	78	74	59	84.5	90	55	57	60.5	91.5	49.5	55.5	59	70.5	38.5	27.5	8	58	58	93.5	70	44.5	18	89	30.5	83	57.5	31.5	90.5	33.5	54.5	50	62.5	75	79	65.5	64	74.5	35.5	28.5	47.5	20.5	50.5	40.5	37.5	66.5	52	74	23.5	61	0	93.5	95.5	90.5	70	52.5	35.5	44	21.5	22	64	25.5	45.5	82	52	31.5	73	58.5	69.5	76	68.5	17	78	49	35.5	36	0	61	13.5	
29.5	30.5	35.5	75.5	86	100	32	65.5	70.5	48	67	76	19	41.5	65.5	93	21	50.5	55	64	56.5	24.5	62	75.5	26.5	27.5	27.5	46.5	16.5	2	65.5	48.5	41	84.5	71.5	53	64.5	15	46	21	60.5	66	16.5	84	85	27.5	79	5	25.5	31.5	48.5	23	17.5	52.5	50.5	43	14	52	52	46.5	37	69	85	85.5	35.5	49.5	8	37.5	57	89.5	6.5	77	24.5	50	76	17	74	53	57.5	45	32.5	28.5	42	41.5	27	72	79	50	83	57	67	70	41	55.5	33.5	84	46.5	93.5	0	2	3	37.5	55	68	63.5	91	71.5	31.5	73	48	19.5	55.5	76	20.5	49	38	31.5	39	76.5	29.5	58.5	68	71.5	93.5	38.5	94	
27.5	32.5	37.5	77.5	88	98	34	67.5	72.5	50	69	78	21	43.5	63.5	95	23	48.5	57	66	54.5	26.5	64	77.5	28.5	29.5	29.5	48.5	18.5	4	67.5	50.5	43	86.5	71.5	55	66.5	17	48	23	62.5	68	18.5	86	83	29.5	81	3	27.5	29.5	50.5	25	19.5	54.5	52.5	41	16	54	54	48.5	39	69	87	87.5	37.5	51.5	6	35.5	59	91.5	8.5	79	26.5	52	78	19	76	55	59.5	47	34.5	30.5	44	39.5	29	74	79	52	81	59	69	68	43	57.5	35.5	86	48.5	95.5	2	0	5	39.5	57	70	65.5	93	73.5	33.5	75	50	21.5	57.5	78	22.5	51	40	33.5	41	78.5	31.5	60.5	66	73.5	95.5	40.5	94	
32.5	27.5	32.5	72.5	83	97	29	62.5	67.5	45	64	73	16	38.5	66.5	90	18	51.5	52	61	55.5	21.5	59	72.5	23.5	24.5	24.5	43.5	13.5	1	62.5	45.5	38	81.5	68.5	50	61.5	12	43	18	57.5	63	13.5	81	82	24.5	76	8	22.5	30.5	45.5	20	14.5	49.5	47.5	44	11	49	49	43.5	34	66	82	82.5	32.5	46.5	11	34.5	54	86.5	3.5	74	21.5	47	73	14	71	50	54.5	42	29.5	25.5	39	40.5	24	69	76	47	84	54	64	67	38	52.5	30.5	81	43.5	90.5	3	5	0	34.5	52	65	60.5	88	68.5	28.5	70	45	16.5	52.5	73	17.5	46	35	28.5	36	73.5	26.5	55.5	69	68.5	90.5	35.5	91	
33	33	32	58	82.5	68.5	28.5	62	43	44.5	41.5	72.5	40.5	38	34	65.5	22.5	19	51.5	60.5	25	31	46.5	72	37	24	36	43	33	35.5	38	35	37.5	79	42	45.5	59	36.5	42.5	22.5	33	62.5	43	64.5	53.5	36	69.5	42.5	12	30	45	34.5	44	49	43	16.5	35.5	48.5	46.5	43	33.5	39.5	81.5	78	32	34	45.5	26	53.5	64	33	73.5	39	28.5	62.5	38.5	64.5	25.5	54	23.5	29	35	38.5	20	23.5	46.5	49.5	46.5	51.5	31.5	51.5	38.5	27.5	48	30	74.5	43	70	37.5	39.5	34.5	0	51.5	64.5	60	77.5	68	28	69.5	44.5	26	48	72.5	17	45.5	25.5	32	29.5	73	34	55	36.5	62	70	35	64.5	
60.5	60.5	19.5	40.5	55	51	31	34.5	25.5	27	12	45	58	35.5	21.5	48	40	36.5	0	33	32.5	48.5	7	44.5	64.5	31.5	61.5	15.5	50.5	53	25.5	42.5	40	53.5	24.5	32	33.5	54	25	40	30.5	35	60.5	47	36	63.5	48	60	39.5	57.5	22.5	52	61.5	26.5	34.5	44	53	21	31	20.5	36	14	54	54.5	19.5	41.5	63	53.5	26	46.5	50.5	46	58.5	41	45	56	43	38	26.5	46	36.5	52.5	31	47.5	36	29	32	19	34	34	34	15	50	29.5	57.5	53	30.5	52.5	55	57	52	51.5	0	37	32.5	60	40.5	25.5	42	17	43.5	29.5	45	34.5	28	53	59.5	48	45.5	53.5	27.5	17	40.5	52.5	22.5	47	
87.5	77.5	32.5	32.5	28	38	44	12.5	47.5	40	49	18	71	48.5	48.5	35	53	63.5	37	16	59.5	61.5	44	17.5	83.5	44.5	74.5	23.5	63.5	66	52.5	55.5	53	26.5	46.5	45	31.5	67	38	53	57.5	18	73.5	16	33	84.5	11	73	52.5	84.5	35.5	65	74.5	39.5	47.5	71	66	24	44	33.5	49	49	27	27.5	32.5	56.5	76	80.5	19	31.5	63.5	19	71.5	62	28	69	26	65	24.5	67	49.5	65.5	44	74.5	49	44	39	22	31	59	39	48	63	42.5	80.5	26	43.5	35.5	68	70	65	64.5	37	0	30.5	33	13.5	38.5	15	20	56.5	42.5	8	47.5	41	70	78.5	61	18.5	66.5	35.5	46	28.5	35.5	35.5	34	
67	67	28	32	48.5	42.5	39.5	28	27	35.5	30.5	38.5	66.5	44	28	39.5	48.5	43	32.5	26.5	39	57	35.5	38	71	40	70	19	59	61.5	32	49	48.5	47	26	40.5	1	62.5	33.5	48.5	37	28.5	69	38.5	27.5	70	41.5	68.5	48	64	31	60.5	70	35	43	50.5	61.5	19.5	39.5	29	44.5	28.5	47.5	48	28	48	71.5	60	19.5	38	59	39.5	67	47.5	36.5	64.5	36.5	44.5	6	52.5	45	61	39.5	54	44.5	25.5	23.5	17.5	25.5	40.5	30.5	27.5	56.5	38	64	46.5	39	44	63.5	65.5	60.5	60	32.5	30.5	0	51.5	34	34	35.5	15.5	52	38	38.5	43	36.5	59.5	66	56.5	39	62	31	25.5	34	44	31	38.5	
84.5	84.5	55.5	39.5	5	9	67	35.5	44.5	63	48	15	94	71.5	45.5	22	76	60.5	60	39	56.5	84.5	53	35.5	88.5	67.5	87.5	46.5	86.5	89	49.5	66.5	74	30.5	43.5	62	50.5	90	61	76	54.5	41	96.5	31	30	87.5	36	96	75.5	81.5	58.5	88	97.5	62.5	64.5	68	89	47	63	56.5	72	46	6	29.5	55.5	65.5	99	77.5	42	25.5	86.5	32	90.5	65	39	92	41	62	47.5	70	72.5	86.5	67	71.5	72	43	36	45	28	58	48	45	74	59.5	81.5	31	66.5	21.5	91	93	88	77.5	60	33	51.5	0	21.5	61.5	18	43	79.5	59.5	39	70.5	64	77	83.5	76	26.5	85.5	56.5	43	43.5	21.5	58.5	21	
99	81	36	36	16.5	30.5	47.5	16	51	43.5	52.5	6.5	74.5	52	60	28.5	56.5	75	40.5	19.5	69	65	47.5	16	87	48	78	27	67	69.5	56	59	56.5	13	52	48.5	35	70.5	41.5	56.5	61	21.5	77	29.5	40.5	88	24.5	76.5	56	94	39	68.5	78	43	51	82.5	69.5	27.5	47.5	37	52.5	54.5	15.5	14	36	60	79.5	88	22.5	30	67	12.5	75	65.5	31.5	72.5	29.5	68.5	28	70.5	53	69	47.5	84	52.5	47.5	44.5	25.5	42.5	62.5	42.5	55.5	66.5	46	84	19.5	47	22	71.5	73.5	68.5	68	40.5	13.5	34	21.5	0	42	3.5	23.5	60	46	21.5	51	44.5	73.5	82	64.5	5	70	39	57.5	32	22	39	29.5	
59	41	6	46	56.5	70.5	7.5	36	41	18.5	37.5	46.5	34.5	10	40	63.5	16.5	35	25.5	34.5	27	25	32.5	46	47	8	38	17	27	29.5	36	17	16.5	55	42	23.5	35	30.5	16.5	16.5	31	36.5	37	54.5	55.5	48	49.5	36.5	16	54	19	28.5	38	23	21	42.5	29.5	22.5	22.5	17	12.5	39.5	55.5	56	6	18	39.5	48	27.5	60	27	47.5	35	25.5	46.5	32.5	44.5	28.5	28	30.5	13	29	12.5	44	12.5	42.5	49.5	20.5	57.5	27.5	37.5	40.5	26.5	26	44	54.5	17	64	31.5	33.5	28.5	28	25.5	38.5	34	61.5	42	0	43.5	18.5	20	26	46.5	11	19.5	33.5	42	24.5	47	30	29	42.5	42	64	9	64.5	
102.5	82.5	37.5	37.5	13	27	49	17.5	52.5	45	54	3	76	53.5	61.5	30	58	76.5	42	21	70.5	66.5	49	17.5	88.5	49.5	79.5	28.5	68.5	71	57.5	60.5	58	16.5	53.5	50	36.5	72	43	58	62.5	23	78.5	31	42	89.5	26	78	57.5	95.5	40.5	70	79.5	44.5	52.5	84	71	29	49	38.5	54	56	12	17.5	37.5	61.5	81	89.5	24	31.5	68.5	14	76.5	67	33	74	31	70	29.5	72	54.5	70.5	49	85.5	54	49	46	27	44	64	44	57	68	47.5	85.5	21	48.5	25.5	73	75	70	69.5	42	15	35.5	18	3.5	43.5	0	25	61.5	47.5	23	52.5	46	75	83.5	66	8.5	71.5	40.5	59	33.5	25.5	40.5	31	
77.5	57.5	12.5	27.5	38	52	24	17.5	27.5	20	29	28	51	28.5	36.5	45	33	51.5	17	16	45.5	41.5	24	27.5	63.5	24.5	54.5	3.5	43.5	46	32.5	35.5	33	36.5	28.5	25	16.5	47	18	33	37.5	18	53.5	36	37	64.5	31	53	32.5	70.5	15.5	45	54.5	19.5	27.5	59	46	4	24	13.5	29	31	37	37.5	12.5	36.5	56	64.5	9	41.5	43.5	29	51.5	42	28	49	26	45	9.5	47	29.5	45.5	24	60.5	29	24	31	2	39	39	19	32	43	22.5	60.5	36	23.5	45.5	48	50	45	44.5	17	20	15.5	43	23.5	18.5	25	0	36.5	22.5	28	27.5	21	50	58.5	41	28.5	46.5	15.5	34	23.5	45.5	15.5	46	
41	29	24	64	74.5	86.5	20.5	54	59	36.5	55.5	64.5	22.5	30	52	81.5	9.5	37	43.5	52.5	43	5	50.5	64	35	16	26	35	15	17.5	54	37	29.5	73	60	41.5	53	18.5	34.5	9.5	49	54.5	25	72.5	71.5	36	67.5	24.5	14	38	37	16.5	26	41	39	29.5	17.5	40.5	40.5	35	25.5	57.5	73.5	74	24	38	27.5	34	45.5	78	15	65.5	23	38.5	64.5	20.5	62.5	41.5	46	33.5	21	9	30.5	24	15.5	60.5	67.5	38.5	69.5	45.5	55.5	56.5	29.5	44	32	72.5	35	82	19.5	21.5	16.5	26	43.5	56.5	52	79.5	60	20	61.5	36.5	0	44	64.5	9	37.5	26.5	30	27.5	65	10	47	54.5	60	82	27	82.5	
55	55	20	40	60.5	50.5	31.5	40	25	27.5	23.5	50.5	58.5	36	14	47.5	40.5	31	29.5	38.5	27	49	28.5	50	59	32	58	21	51	53.5	10	37	40.5	59	24	32.5	39	54.5	25.5	40.5	25	40.5	61	46.5	35.5	58	51.5	60.5	40	52	7	52.5	62	3	35	38.5	53.5	26.5	31.5	9	36.5	21.5	59.5	60	20	36	63.5	48	31.5	46	51	51.5	59	35.5	44.5	56.5	46.5	32.5	32	40.5	37	53	31.5	42	36.5	28.5	31.5	24.5	33.5	28.5	33.5	20.5	44.5	0	52	56.5	31	52	55.5	57.5	52.5	48	29.5	42.5	38	59.5	46	26	47.5	22.5	44	0	50.5	35	28.5	47.5	54	46.5	51	54	33	18.5	44	52	23	46.5	
79.5	79.5	40.5	34.5	36	30	52	20.5	39.5	48	43	26	79	56.5	40.5	27	61	55.5	45	24	51.5	69.5	48	25.5	83.5	52.5	82.5	31.5	71.5	74	44.5	61.5	61	34.5	38.5	53	39.5	75	46	61	49.5	26	81.5	8	25	82.5	3	81	60.5	76.5	43.5	73	82.5	47.5	55.5	63	74	32	52	41.5	57	41	35	35.5	40.5	60.5	84	72.5	27	25.5	71.5	27	79.5	60	34	77	34	57	32.5	65	57.5	73.5	52	66.5	57	38	31	30	23	53	43	40	69	50.5	76.5	34	51.5	31.5	76	78	73	72.5	45	8	38.5	39	21.5	46.5	23	28	64.5	50.5	0	55.5	49	72	78.5	69	26.5	74.5	43.5	38	36.5	31.5	43.5	26	
50	30	15	55	65.5	79.5	11.5	45	50	27.5	46.5	55.5	23.5	21	49	72.5	5.5	34	34.5	43.5	38	14	41.5	55	36	7	27	26	16	18.5	45	28	20.5	64	51	32.5	44	19.5	25.5	5.5	40	45.5	26	63.5	64.5	37	58.5	25.5	5	43	28	17.5	27	32	30	31.5	18.5	31.5	31.5	26	16.5	48.5	64.5	65	15	29	28.5	37	36.5	69	16	56.5	24	29.5	55.5	21.5	53.5	32.5	37	24.5	12	18	21.5	33	6.5	51.5	58.5	29.5	66.5	36.5	46.5	49.5	20.5	35	33	63.5	26	73	20.5	22.5	17.5	17	34.5	47.5	43	70.5	51	11	52.5	27.5	9	35	55.5	0	28.5	22.5	31	18.5	56	19	38	51.5	51	73	18	73.5	
56.5	56.5	13.5	46.5	59	57	25	38.5	31.5	1	30	49	52	29.5	22.5	54	34	32.5	28	37	28.5	42.5	35	48.5	60.5	25.5	55.5	19.5	44.5	47	26.5	36.5	34	57.5	30.5	4	37.5	48	3	34	26.5	39	54.5	53	42	59.5	52	54	33.5	53.5	21.5	46	55.5	25.5	28.5	40	47	25	3	19.5	30	28	58	58.5	13.5	37.5	57	49.5	30	52.5	44.5	50	52.5	37	49	50	47	34	30.5	42	30.5	46.5	25	43.5	30	35	38	23	40	30	40	27	44	28.5	53.5	57	24.5	58.5	49	51	46	45.5	28	41	36.5	64	44.5	19.5	46	21	37.5	28.5	49	28.5	0	49	55.5	42	49.5	47.5	31.5	25	44.5	58.5	16.5	53	
27.5	27.5	37.5	57.5	82	68	34	67.5	42.5	50	41	78	39	41.5	33.5	65	17	18.5	53	66	24.5	31.5	46	77.5	31.5	29.5	30.5	48.5	33.5	36	37.5	34.5	37	78.5	41.5	45	58.5	37	48	17	32.5	68	41.5	64	53	30.5	69	43	27.5	24.5	50.5	35	40.5	50.5	42.5	9	36	54	46	48.5	39	39	83	77.5	37.5	33.5	44	20.5	59	63.5	33.5	79	33.5	28	62	39	64	25	59.5	23	34.5	29.5	44	14.5	29	46	49	52	51	31	51	38	27	47.5	24.5	74	46.5	69.5	38	40	35	25.5	53	70	59.5	77	73.5	33.5	75	50	26.5	47.5	72	22.5	49	0	26.5	29	78.5	28.5	54.5	36	61.5	69.5	40.5	64	
19	1	46	64	88.5	74.5	42.5	76	49	56.5	47.5	86.5	30.5	48	40	71.5	31.5	25	59.5	74.5	31	35	52.5	84	23	38	4	57	15	29.5	44	41	43.5	85	48	51.5	65	30.5	56.5	31.5	39	76.5	33	70.5	59.5	22	75.5	36.5	36	16	59	31.5	32	57	49	17.5	29.5	62.5	52.5	57	47.5	45.5	89.5	84	46	40	35.5	6	67.5	70	27	87.5	7	34.5	68.5	32.5	70.5	31.5	68	29.5	43	31	52.5	16	37.5	52.5	55.5	60.5	57.5	37.5	57.5	44.5	33.5	54	2	80.5	53	76	31.5	33.5	28.5	32	59.5	78.5	66	83.5	82	42	83.5	58.5	30	54	78.5	31	55.5	26.5	0	35.5	87	30	61	42.5	68	76	49	70.5	
36.5	36.5	28.5	56.5	79	67	25	58.5	41.5	41	40	69	42	34.5	32.5	64	24	17.5	48	57	23.5	32.5	45	68.5	40.5	20.5	39.5	39.5	34.5	37	36.5	33.5	34	77.5	40.5	44	57.5	38	39	24	31.5	59	44.5	63	52	39.5	68	44	23.5	33.5	41.5	36	45.5	45.5	41.5	20	37	45	45	39.5	30	38	78	76.5	28.5	32.5	47	29.5	50	62.5	34.5	70	42.5	27	61	40	63	24	50.5	6	25.5	36.5	35	23.5	12	45	48	43	50	30	50	37	2	46.5	33.5	73	39.5	68.5	39	41	36	29.5	48	61	56.5	76	64.5	24.5	66	41	27.5	46.5	69	18.5	42	29	35.5	0	69.5	37.5	51.5	35	60.5	68.5	31.5	63	
94	86	41	41	21.5	29.5	52.5	21	54	48.5	57.5	11.5	79.5	57	55	31.5	61.5	70	45.5	24.5	66	70	52.5	21	92	53	83	32	72	74.5	59	64	61.5	8	53	53.5	40	75.5	46.5	61.5	64	26.5	82	34.5	39.5	93	29.5	81.5	61	91	44	73.5	83	48	56	77.5	74.5	32.5	52.5	42	57.5	55.5	20.5	9	41	65	84.5	87	27.5	35	72	17.5	80	70.5	36.5	77.5	34.5	71.5	33	75.5	58	74	52.5	81	57.5	52.5	45.5	30.5	37.5	67.5	47.5	54.5	71.5	51	89	24.5	52	17	76.5	78.5	73.5	73	45.5	18.5	39	26.5	5	47	8.5	28.5	65	51	26.5	56	49.5	78.5	87	69.5	0	75	44	52.5	37	17	44	30.5	
31	31	34	66	84.5	76.5	30.5	64	51	46.5	49.5	74.5	32.5	40	42	73.5	19.5	27	53.5	62.5	33	5	54.5	74	35	26	34	45	25	27.5	46	43	39.5	83	50	51.5	63	28.5	44.5	19.5	41	64.5	35	72.5	61.5	34	77.5	34.5	24	28	47	26.5	36	51	49	19.5	27.5	50.5	50.5	45	35.5	47.5	83.5	84	34	42	37.5	24	55.5	72	25	75.5	33	36.5	70.5	30.5	72.5	33.5	56	31.5	31	1	40.5	14	25.5	54.5	57.5	48.5	59.5	39.5	59.5	46.5	35.5	54	28	82.5	45	78	29.5	31.5	26.5	34	53.5	66.5	62	85.5	70	30	71.5	46.5	10	54	74.5	19	47.5	28.5	30	37.5	75	0	57	44.5	70	78	37	72.5	
62	62	23	37	53.5	47.5	34.5	33	12	30.5	25.5	43.5	61.5	39	23	44.5	43.5	38	27.5	31.5	34	52	30.5	43	66	35	65	12	54	56.5	27	44	43.5	52	13	35.5	32	57.5	28.5	43.5	32	33.5	64	43.5	32.5	65	46.5	63.5	43	59	26	55.5	65	30	38	45.5	56.5	19.5	34.5	24	39.5	23.5	52.5	53	23	43	66.5	55	24.5	43	54	44.5	62	42.5	41.5	59.5	41.5	39.5	25	47.5	40	56	34.5	49	39.5	25.5	28.5	17.5	30.5	35.5	30.5	22.5	51.5	33	59	51.5	34	49	58.5	60.5	55.5	55	27.5	35.5	31	56.5	39	29	40.5	15.5	47	33	43.5	38	31.5	54.5	61	51.5	44	57	0	20.5	39	49	26	43.5	
43.5	43.5	36.5	23.5	48	34	42	43.5	8.5	26	5	58	55	32.5	4.5	31	53	19.5	17	40	15.5	49.5	10	43.5	47.5	46.5	46.5	32.5	57.5	70	8.5	25.5	33	44.5	7.5	21	24.5	59	28	53	13.5	38	57.5	30	19	46.5	35	63	48.5	40.5	25.5	51	56.5	21.5	23.5	27	60	32	22	27.5	37	3	49	43.5	36.5	24.5	60	36.5	37	29.5	67.5	47	49.5	24	28	57	30	21	31.5	29	41.5	45.5	32	30.5	47	12	15	34	17	17	17	2	33	18.5	40.5	40	27.5	35.5	68	66	69	36.5	17	46	25.5	43	57.5	42.5	59	34	54.5	18.5	38	51.5	25	36	42.5	35	52.5	44.5	20.5	0	27.5	35.5	35.5	30	
69	69	36	4	46.5	34.5	47.5	26	29	43.5	32.5	36.5	74.5	52	30	31.5	56.5	45	40.5	24.5	41	65	37.5	36	73	48	72	27	67	69.5	34	51	56.5	45	28	46.5	35	70.5	41.5	56.5	39	26.5	77	30.5	19.5	72	35.5	76.5	56	66	39	68.5	78	43	49	52.5	69.5	27.5	47.5	37	52.5	30.5	45.5	44	36	50	79.5	62	22.5	30	67	37.5	75	49.5	28.5	72.5	30.5	46.5	28	54.5	53	69	47.5	56	52.5	27.5	20.5	25.5	17.5	42.5	32.5	29.5	58.5	44	66	40.5	47	36	71.5	73.5	68.5	62	40.5	28.5	34	43.5	32	42	33.5	23.5	60	44	36.5	51	44.5	61.5	68	60.5	37	70	39	27.5	0	36	39	30.5	
77	77	58	32	26.5	12.5	69.5	38	37	59.5	40.5	28.5	88.5	66	38	14.5	78.5	53	52.5	41.5	49	83	45.5	32	81	70	80	49	89	91.5	42	59	66.5	9	36	54.5	43	92.5	61.5	78.5	47	41.5	91	23.5	22.5	80	28.5	96.5	78	74	59	84.5	90	55	57	60.5	91.5	49.5	55.5	59	70.5	38.5	27.5	8	58	58	93.5	70	44.5	18	89	30.5	83	57.5	31.5	90.5	33.5	54.5	50	62.5	75	79	65.5	64	74.5	35.5	28.5	47.5	20.5	50.5	40.5	37.5	66.5	52	74	23.5	61	0	93.5	95.5	90.5	70	52.5	35.5	44	21.5	22	64	25.5	45.5	82	52	31.5	73	58.5	69.5	76	68.5	17	78	49	35.5	36	0	61	13.5	
62	48	3	43	53.5	67.5	14.5	33	38	15.5	34.5	43.5	41.5	19	33	60.5	23.5	38	22.5	31.5	34	32	29.5	43	54	15	45	14	34	36.5	33	26	23.5	52	39	20.5	32	37.5	13.5	23.5	22	33.5	44	51.5	52.5	55	46.5	43.5	23	59	16	35.5	45	20	12	45.5	36.5	19.5	19.5	14	19.5	36.5	52.5	53	3	27	46.5	55	24.5	57	34	44.5	42	32.5	43.5	39.5	41.5	35.5	25	37.5	20	36	14.5	49	19.5	39.5	46.5	17.5	50.5	29.5	34.5	37.5	33.5	23	51	51.5	8	61	38.5	40.5	35.5	35	22.5	35.5	31	58.5	39	9	40.5	15.5	27	23	43.5	18	16.5	40.5	49	31.5	44	37	26	35.5	39	61	0	61.5	
71.5	71.5	58.5	26.5	26	12	70	36.5	31.5	54	35	34	83	60.5	32.5	1	79	47.5	47	38	43.5	77.5	40	26.5	75.5	70.5	74.5	49.5	85.5	92	36.5	53.5	61	22.5	30.5	49	37.5	87	56	79	41.5	36	85.5	18	17	74.5	23	91	76.5	68.5	53.5	79	84.5	49.5	51.5	55	88	50	50	55.5	65	33	27	21.5	58.5	52.5	88	64.5	45	12.5	89.5	17	77.5	52	26	85	28	49	44.5	57	69.5	73.5	60	58.5	75	30	23	48	15	45	35	32	61	46.5	68.5	10	55.5	13.5	94	94	91	64.5	47	34	38.5	21	29.5	64.5	31	46	82.5	46.5	26	73.5	53	64	70.5	63	30.5	72.5	43.5	30	30.5	13.5	61.5	0	
