Number of items: 125
Horizon: 15
Time limit: 1000
Load limit: 7500
Initial item inventory level
297
84
53
20
85
98
152
228
69
116
54
84
86
104
31
92
97
177
78
219
159
82
142
261
46
189
144
81
50
24
80
198
66
26
81
234
285
60
267
164
252
84
120
17
79
94
95
285
164
160
99
162
39
36
84
46
15
60
55
84
33
141
152
100
98
36
59
36
92
255
49
297
170
60
48
30
88
138
98
45
30
45
42
70
234
19
240
258
66
10
152
55
160
36
210
49
58
72
144
42
41
30
41
36
75
54
24
102
63
43
297
144
90
120
83
40
43
24
129
40
267
82
142
116
38
Maximum inventory capacity per item
396
168
106
30
170
147
228
304
138
174
72
168
172
156
62
184
194
236
104
292
212
123
213
348
92
252
192
108
75
48
160
264
88
52
108
312
380
90
356
246
336
112
180
34
158
141
190
380
246
240
198
216
78
48
112
69
30
80
110
168
66
188
228
150
196
54
118
72
184
340
98
396
255
80
96
60
176
184
196
90
45
60
84
105
312
38
320
344
99
20
228
110
240
54
280
98
116
96
192
63
82
40
82
54
100
81
36
136
126
86
396
216
135
160
166
60
86
36
172
60
356
164
213
174
57
Reserve storage replenishment rate per item and per period
594	0	0	594	0	0	594	0	0	594	0	0	594	0	0	
504	0	0	504	0	0	504	0	0	504	0	0	504	0	0	
318	0	0	318	0	0	318	0	0	318	0	0	318	0	0	
60	0	0	60	0	0	60	0	0	60	0	0	60	0	0	
510	0	0	510	0	0	510	0	0	510	0	0	510	0	0	
294	0	0	294	0	0	294	0	0	294	0	0	294	0	0	
456	0	0	456	0	0	456	0	0	456	0	0	456	0	0	
456	0	0	456	0	0	456	0	0	456	0	0	456	0	0	
414	0	0	414	0	0	414	0	0	414	0	0	414	0	0	
348	0	0	348	0	0	348	0	0	348	0	0	348	0	0	
108	0	0	108	0	0	108	0	0	108	0	0	108	0	0	
504	0	0	504	0	0	504	0	0	504	0	0	504	0	0	
516	0	0	516	0	0	516	0	0	516	0	0	516	0	0	
312	0	0	312	0	0	312	0	0	312	0	0	312	0	0	
186	0	0	186	0	0	186	0	0	186	0	0	186	0	0	
552	0	0	552	0	0	552	0	0	552	0	0	552	0	0	
582	0	0	582	0	0	582	0	0	582	0	0	582	0	0	
354	0	0	354	0	0	354	0	0	354	0	0	354	0	0	
156	0	0	156	0	0	156	0	0	156	0	0	156	0	0	
438	0	0	438	0	0	438	0	0	438	0	0	438	0	0	
318	0	0	318	0	0	318	0	0	318	0	0	318	0	0	
246	0	0	246	0	0	246	0	0	246	0	0	246	0	0	
426	0	0	426	0	0	426	0	0	426	0	0	426	0	0	
522	0	0	522	0	0	522	0	0	522	0	0	522	0	0	
276	0	0	276	0	0	276	0	0	276	0	0	276	0	0	
378	0	0	378	0	0	378	0	0	378	0	0	378	0	0	
288	0	0	288	0	0	288	0	0	288	0	0	288	0	0	
162	0	0	162	0	0	162	0	0	162	0	0	162	0	0	
150	0	0	150	0	0	150	0	0	150	0	0	150	0	0	
144	0	0	144	0	0	144	0	0	144	0	0	144	0	0	
480	0	0	480	0	0	480	0	0	480	0	0	480	0	0	
396	0	0	396	0	0	396	0	0	396	0	0	396	0	0	
132	0	0	132	0	0	132	0	0	132	0	0	132	0	0	
156	0	0	156	0	0	156	0	0	156	0	0	156	0	0	
162	0	0	162	0	0	162	0	0	162	0	0	162	0	0	
468	0	0	468	0	0	468	0	0	468	0	0	468	0	0	
570	0	0	570	0	0	570	0	0	570	0	0	570	0	0	
180	0	0	180	0	0	180	0	0	180	0	0	180	0	0	
534	0	0	534	0	0	534	0	0	534	0	0	534	0	0	
492	0	0	492	0	0	492	0	0	492	0	0	492	0	0	
504	0	0	504	0	0	504	0	0	504	0	0	504	0	0	
168	0	0	168	0	0	168	0	0	168	0	0	168	0	0	
360	0	0	360	0	0	360	0	0	360	0	0	360	0	0	
102	0	0	102	0	0	102	0	0	102	0	0	102	0	0	
474	0	0	474	0	0	474	0	0	474	0	0	474	0	0	
282	0	0	282	0	0	282	0	0	282	0	0	282	0	0	
570	0	0	570	0	0	570	0	0	570	0	0	570	0	0	
570	0	0	570	0	0	570	0	0	570	0	0	570	0	0	
492	0	0	492	0	0	492	0	0	492	0	0	492	0	0	
480	0	0	480	0	0	480	0	0	480	0	0	480	0	0	
594	0	0	594	0	0	594	0	0	594	0	0	594	0	0	
324	0	0	324	0	0	324	0	0	324	0	0	324	0	0	
234	0	0	234	0	0	234	0	0	234	0	0	234	0	0	
72	0	0	72	0	0	72	0	0	72	0	0	72	0	0	
168	0	0	168	0	0	168	0	0	168	0	0	168	0	0	
138	0	0	138	0	0	138	0	0	138	0	0	138	0	0	
90	0	0	90	0	0	90	0	0	90	0	0	90	0	0	
120	0	0	120	0	0	120	0	0	120	0	0	120	0	0	
330	0	0	330	0	0	330	0	0	330	0	0	330	0	0	
504	0	0	504	0	0	504	0	0	504	0	0	504	0	0	
198	0	0	198	0	0	198	0	0	198	0	0	198	0	0	
282	0	0	282	0	0	282	0	0	282	0	0	282	0	0	
456	0	0	456	0	0	456	0	0	456	0	0	456	0	0	
300	0	0	300	0	0	300	0	0	300	0	0	300	0	0	
588	0	0	588	0	0	588	0	0	588	0	0	588	0	0	
108	0	0	108	0	0	108	0	0	108	0	0	108	0	0	
354	0	0	354	0	0	354	0	0	354	0	0	354	0	0	
216	0	0	216	0	0	216	0	0	216	0	0	216	0	0	
552	0	0	552	0	0	552	0	0	552	0	0	552	0	0	
510	0	0	510	0	0	510	0	0	510	0	0	510	0	0	
294	0	0	294	0	0	294	0	0	294	0	0	294	0	0	
594	0	0	594	0	0	594	0	0	594	0	0	594	0	0	
510	0	0	510	0	0	510	0	0	510	0	0	510	0	0	
120	0	0	120	0	0	120	0	0	120	0	0	120	0	0	
288	0	0	288	0	0	288	0	0	288	0	0	288	0	0	
180	0	0	180	0	0	180	0	0	180	0	0	180	0	0	
528	0	0	528	0	0	528	0	0	528	0	0	528	0	0	
276	0	0	276	0	0	276	0	0	276	0	0	276	0	0	
588	0	0	588	0	0	588	0	0	588	0	0	588	0	0	
270	0	0	270	0	0	270	0	0	270	0	0	270	0	0	
90	0	0	90	0	0	90	0	0	90	0	0	90	0	0	
90	0	0	90	0	0	90	0	0	90	0	0	90	0	0	
252	0	0	252	0	0	252	0	0	252	0	0	252	0	0	
210	0	0	210	0	0	210	0	0	210	0	0	210	0	0	
468	0	0	468	0	0	468	0	0	468	0	0	468	0	0	
114	0	0	114	0	0	114	0	0	114	0	0	114	0	0	
480	0	0	480	0	0	480	0	0	480	0	0	480	0	0	
516	0	0	516	0	0	516	0	0	516	0	0	516	0	0	
198	0	0	198	0	0	198	0	0	198	0	0	198	0	0	
60	0	0	60	0	0	60	0	0	60	0	0	60	0	0	
456	0	0	456	0	0	456	0	0	456	0	0	456	0	0	
330	0	0	330	0	0	330	0	0	330	0	0	330	0	0	
480	0	0	480	0	0	480	0	0	480	0	0	480	0	0	
108	0	0	108	0	0	108	0	0	108	0	0	108	0	0	
420	0	0	420	0	0	420	0	0	420	0	0	420	0	0	
294	0	0	294	0	0	294	0	0	294	0	0	294	0	0	
348	0	0	348	0	0	348	0	0	348	0	0	348	0	0	
144	0	0	144	0	0	144	0	0	144	0	0	144	0	0	
288	0	0	288	0	0	288	0	0	288	0	0	288	0	0	
126	0	0	126	0	0	126	0	0	126	0	0	126	0	0	
246	0	0	246	0	0	246	0	0	246	0	0	246	0	0	
60	0	0	60	0	0	60	0	0	60	0	0	60	0	0	
246	0	0	246	0	0	246	0	0	246	0	0	246	0	0	
108	0	0	108	0	0	108	0	0	108	0	0	108	0	0	
150	0	0	150	0	0	150	0	0	150	0	0	150	0	0	
162	0	0	162	0	0	162	0	0	162	0	0	162	0	0	
72	0	0	72	0	0	72	0	0	72	0	0	72	0	0	
204	0	0	204	0	0	204	0	0	204	0	0	204	0	0	
378	0	0	378	0	0	378	0	0	378	0	0	378	0	0	
258	0	0	258	0	0	258	0	0	258	0	0	258	0	0	
594	0	0	594	0	0	594	0	0	594	0	0	594	0	0	
432	0	0	432	0	0	432	0	0	432	0	0	432	0	0	
270	0	0	270	0	0	270	0	0	270	0	0	270	0	0	
240	0	0	240	0	0	240	0	0	240	0	0	240	0	0	
498	0	0	498	0	0	498	0	0	498	0	0	498	0	0	
120	0	0	120	0	0	120	0	0	120	0	0	120	0	0	
258	0	0	258	0	0	258	0	0	258	0	0	258	0	0	
72	0	0	72	0	0	72	0	0	72	0	0	72	0	0	
258	0	0	258	0	0	258	0	0	258	0	0	258	0	0	
120	0	0	120	0	0	120	0	0	120	0	0	120	0	0	
534	0	0	534	0	0	534	0	0	534	0	0	534	0	0	
492	0	0	492	0	0	492	0	0	492	0	0	492	0	0	
426	0	0	426	0	0	426	0	0	426	0	0	426	0	0	
348	0	0	348	0	0	348	0	0	348	0	0	348	0	0	
114	0	0	114	0	0	114	0	0	114	0	0	114	0	0	
Forward storage demand rate per item and per period
99	70	110	51	68	86	39	88	152	140	67	64	148	67	92	
84	47	100	71	73	81	66	41	27	141	108	79	77	75	75	
53	50	47	72	27	74	74	58	93	85	18	42	57	8	30	
10	1	13	5	7	13	11	6	8	12	17	5	11	10	10	
85	114	26	80	36	97	69	116	46	71	83	68	115	80	115	
49	42	25	58	46	34	37	52	30	71	15	40	17	72	63	
76	65	92	79	75	42	58	19	30	136	24	84	102	25	93	
76	49	29	46	104	63	53	99	111	115	26	27	28	121	129	
69	46	40	72	93	73	74	51	49	59	105	66	51	97	92	
58	103	25	74	19	20	72	12	48	91	87	56	20	78	45	
18	25	21	11	12	18	20	13	10	15	16	24	4	32	16	
84	14	105	68	55	47	76	142	120	124	104	110	144	83	30	
86	113	43	24	91	54	39	94	82	89	68	89	136	76	51	
52	18	83	73	65	67	21	27	26	42	63	65	47	75	54	
31	19	11	45	21	51	21	47	33	9	28	15	28	52	33	
92	76	131	70	144	82	85	147	60	94	52	146	151	172	106	
97	87	62	100	55	81	98	80	135	63	126	37	178	112	52	
59	58	60	95	58	55	88	67	45	62	87	17	83	107	20	
26	37	39	25	29	36	25	26	13	29	20	38	13	27	9	
73	87	92	96	53	69	63	49	31	106	104	86	88	54	129	
53	63	61	70	37	32	20	63	57	76	20	25	62	96	60	
41	43	28	69	52	24	23	71	46	51	63	44	29	59	8	
71	91	81	137	72	65	13	102	53	80	131	105	90	51	80	
87	105	70	38	104	138	33	139	92	140	48	82	87	59	107	
46	27	67	64	61	49	24	51	64	25	36	38	76	55	29	
63	65	38	54	26	44	65	13	104	64	34	95	49	68	60	
48	74	46	35	66	44	10	49	50	18	27	61	12	56	27	
27	22	12	20	21	19	35	37	45	15	34	1	25	16	12	
25	21	21	32	29	7	37	32	38	21	13	30	19	11	36	
24	18	23	32	10	13	33	46	23	7	8	18	28	23	15	
80	79	93	106	106	46	47	112	131	111	116	99	25	71	67	
66	84	71	45	75	57	76	77	41	89	76	112	45	85	75	
22	25	32	40	37	20	18	1	23	10	23	18	22	35	26	
26	3	17	20	26	16	22	32	29	11	30	13	28	38	32	
27	36	38	37	31	17	27	35	19	23	34	35	18	35	18	
78	121	28	65	114	78	24	90	43	60	37	94	20	86	63	
95	22	25	70	141	34	144	55	97	29	77	14	93	91	131	
30	16	52	45	20	26	11	20	20	38	16	24	52	40	21	
89	41	118	83	75	114	107	105	85	117	99	130	71	42	102	
82	111	120	109	78	38	54	114	91	59	53	99	101	62	38	
84	56	89	72	129	68	52	98	146	105	51	109	79	22	36	
28	32	43	37	26	27	29	47	30	2	11	51	12	39	42	
60	67	72	59	61	22	54	86	65	33	18	49	17	6	71	
17	18	21	9	17	15	16	21	13	21	24	10	17	3	17	
79	59	80	82	56	102	146	84	21	28	72	87	111	37	46	
47	31	22	72	61	46	11	67	46	68	58	54	37	71	11	
95	172	119	73	157	131	84	155	130	85	101	93	129	75	72	
95	63	149	27	102	148	19	157	68	99	77	96	94	99	24	
82	132	36	118	100	104	31	75	87	103	85	88	69	134	90	
80	91	66	79	80	126	10	39	36	45	93	81	124	54	29	
99	110	80	43	130	120	26	97	134	103	84	173	21	128	46	
54	74	90	68	64	51	19	17	35	36	65	64	35	67	47	
39	67	8	60	9	43	55	39	31	43	66	62	49	32	13	
12	16	9	9	6	16	15	5	14	17	21	11	10	13	13	
28	33	33	32	15	16	43	14	18	29	36	26	25	13	19	
23	18	17	14	37	41	19	27	11	3	22	19	23	20	21	
15	10	13	14	8	17	6	2	18	16	21	5	17	8	10	
20	29	16	19	20	28	11	25	27	6	15	16	19	25	19	
55	28	54	13	56	70	59	86	24	59	24	61	11	6	33	
84	59	67	87	106	89	98	127	67	128	97	67	56	127	84	
33	39	43	26	18	41	32	39	25	27	31	33	34	14	48	
47	78	52	36	40	19	31	71	72	48	22	47	59	37	44	
76	54	71	38	75	91	129	69	88	55	64	73	67	56	131	
50	21	65	39	52	29	9	13	55	72	47	68	97	80	61	
98	104	88	155	92	157	136	42	66	45	135	99	98	51	99	
18	19	17	17	11	18	3	5	17	19	18	21	15	23	13	
59	69	48	49	52	59	98	60	85	47	57	29	13	86	75	
36	22	35	29	70	33	17	22	33	63	12	25	39	27	36	
92	70	28	98	125	136	105	143	98	77	54	78	16	104	38	
85	125	86	97	26	64	104	122	93	27	113	77	43	28	14	
49	44	72	72	20	43	40	57	36	53	37	40	72	44	37	
99	100	61	147	171	129	59	101	137	69	112	116	139	66	67	
85	74	40	93	83	43	108	107	71	99	111	75	60	108	67	
20	13	28	30	19	25	33	26	14	21	12	21	15	31	12	
48	32	36	48	78	28	46	48	24	62	40	44	85	66	54	
30	33	50	50	47	20	44	27	37	32	44	41	19	34	28	
88	92	21	83	85	89	48	126	104	109	87	69	92	99	107	
46	64	50	61	85	45	37	30	60	3	79	36	63	61	36	
98	27	104	71	100	75	141	78	74	90	36	93	120	126	102	
45	17	33	55	62	33	38	41	20	57	27	51	59	13	38	
15	5	9	3	23	5	12	7	15	16	22	17	25	13	13	
15	24	14	7	17	28	3	23	13	24	10	7	16	19	5	
42	41	56	70	63	48	31	45	58	61	36	51	28	68	21	
35	34	46	56	17	39	38	38	40	56	34	41	15	56	27	
78	54	26	100	58	122	124	26	47	57	86	55	132	80	102	
19	24	15	11	14	17	22	17	20	28	20	15	16	18	24	
80	100	84	94	42	67	96	78	55	100	92	85	150	47	100	
86	84	105	106	38	62	153	32	70	116	104	86	6	37	120	
33	51	34	20	34	28	22	23	38	35	40	48	43	19	32	
10	14	10	13	7	16	8	4	11	4	17	15	15	7	9	
76	34	96	66	108	88	32	86	81	60	46	46	51	64	74	
55	39	70	64	40	32	42	66	53	95	22	79	62	19	55	
80	137	144	5	34	91	119	52	93	78	39	76	82	75	105	
18	13	27	9	13	24	15	13	27	32	17	11	23	21	12	
70	108	75	66	65	101	35	119	79	90	26	134	83	78	39	
49	74	46	64	32	70	57	42	91	68	94	41	12	4	76	
58	83	66	78	84	65	14	106	69	69	60	44	25	63	69	
24	27	36	19	34	26	35	25	27	37	22	42	29	18	34	
48	53	32	52	40	51	30	53	43	14	77	47	22	72	11	
21	35	9	32	30	19	3	10	15	31	32	16	13	21	17	
41	22	62	14	43	16	44	36	35	27	36	13	37	9	40	
10	10	7	15	15	10	9	15	8	11	10	11	6	12	11	
41	37	39	45	20	47	10	34	18	20	21	21	50	63	55	
18	23	17	7	5	22	5	14	26	27	20	20	26	17	13	
25	34	33	19	25	23	26	22	18	34	36	10	30	26	38	
27	12	20	34	23	16	32	27	24	42	8	39	31	39	36	
12	12	17	16	11	15	10	14	18	4	5	10	16	2	5	
34	31	32	4	58	35	22	35	38	55	21	41	38	40	39	
63	113	31	48	51	14	23	5	61	72	87	102	57	20	40	
43	41	45	65	58	84	73	39	31	44	22	45	35	41	19	
99	21	163	84	94	122	165	91	131	56	74	57	74	146	164	
72	44	76	85	31	57	119	60	19	63	70	61	72	82	95	
45	48	40	22	39	49	45	83	61	31	30	21	34	64	16	
40	29	47	37	75	47	30	45	42	53	50	28	43	64	37	
83	66	16	136	63	71	116	97	86	94	80	69	122	80	94	
20	20	29	24	20	23	34	8	31	8	20	17	25	14	22	
43	49	13	15	31	42	49	44	45	27	6	16	75	45	50	
12	11	10	4	15	14	3	9	17	12	5	7	21	14	4	
43	35	43	38	46	52	49	20	69	67	53	20	35	18	52	
20	5	6	22	17	20	17	25	21	15	16	15	12	11	5	
89	100	84	46	89	85	81	120	57	70	87	50	79	52	88	
82	114	106	53	88	98	107	137	92	152	115	68	29	94	8	
71	73	33	67	53	55	77	97	74	13	58	33	30	107	101	
58	67	37	54	108	56	28	30	18	83	60	85	73	89	25	
19	31	16	22	22	16	24	20	23	24	20	31	13	32	2	
Distance matrix
0	7	27	50	73	10.5	41.5	62.5	43	79	56	84	4	52.5	81	29.5	95.5	61.5	55.5	50	50	53.5	70.5	72.5	32	33	31	44.5	93	31	48	47	73	39.5	56.5	74	91.5	75.5	76.5	43.5	36	41.5	53	52	14.5	45.5	91	37	25.5	70	47.5	38	62.5	30.5	65.5	54.5	63	17	44	68	55	52	69.5	41	61	46	35.5	68	94.5	48	90	29	29	10.5	16	5	70.5	35.5	50	97	97.5	39	58	31.5	16	1	40	65.5	71.5	38	88	90	12.5	45	64	64.5	31	48.5	69.5	16	47	21	46.5	84.5	81	89.5	31.5	90	46	41	44.5	6.5	8.5	57	78.5	65	1	55	49.5	93	58	28	89.5	88	54.5	41	
7	0	34	47	70	7.5	38.5	59.5	40	76	53	81	11	49.5	78	26.5	92.5	58.5	52.5	47	47	50.5	67.5	69.5	25	30	28	41.5	90	28	45	44	70	36.5	51.5	71	86.5	72.5	73.5	40.5	33	36.5	50	49	11.5	42.5	88	34	22.5	67	44.5	35	59.5	27.5	62.5	51.5	60	10	41	65	52	49	66.5	38	58	43	32.5	65	91.5	45	87	26	26	7.5	13	12	67.5	32.5	47	94	94.5	34	55	28.5	13	8	37	62.5	68.5	35	85	87	14.5	42	59	61.5	28	45.5	66.5	9	44	14	43.5	81.5	78	86.5	28.5	83	43	38	41.5	8.5	5.5	54	75.5	62	8	52	46.5	90	55	25	86.5	85	51.5	38	
27	34	0	53	80	37.5	66.5	55.5	50	74	57	89	23	65.5	82	48.5	72.5	56.5	62.5	33	53	44.5	47.5	75.5	11	20	32	63.5	80	52	75	26	60	28.5	31.5	69	66.5	62.5	101.5	24.5	63	16.5	70	51	33.5	22.5	82	46	32.5	53	30.5	35	85.5	57.5	52.5	43.5	40	26	39	85	38	61	68.5	32	52	37	12.5	95	83.5	65	83	54	44	37.5	37	22	47.5	12.5	33	76	80.5	14	75	16.5	43	26	43	52.5	76.5	55	75	83	25.5	58	39	73.5	52	75.5	88.5	27	26	22	71.5	83.5	92	68.5	36.5	63	73	42	53.5	31.5	35.5	56	89.5	88	26	38	38.5	80	55	35	68.5	75	73.5	52	
50	47	53	0	53	45.5	21.5	32.5	33	51	34	64	54	32.5	59	34.5	49.5	33.5	35.5	30	0	26.5	24.5	52.5	48	47	49	24.5	57	31	28	33	37	40.5	23.5	46	43.5	39.5	56.5	36.5	14	38.5	33	2	49.5	34.5	59	37	50.5	30	32.5	42	42.5	25.5	29.5	25.5	13	57	36	48	25	32	45.5	39	29	34	44.5	48	60.5	28	60	29	39	45.5	46	55	24.5	44.5	30	53	57.5	41	38	48.5	36	51	40	29.5	51.5	28	52	60	57.5	5	14	44.5	31	28.5	49.5	56	33	59	26.5	60.5	61	45.5	46.5	40	26	39	29.5	51.5	43.5	33	58.5	45	51	25	30.5	57	32	48	45.5	52	34.5	31	
73	70	80	53	0	68.5	39.5	44.5	56	6	49	37	77	40.5	34	57.5	26.5	45.5	43.5	57	53	53.5	36.5	30.5	75	74	74	42.5	34	54	31	60	34	67.5	50.5	33	20.5	31.5	29.5	63.5	39	65.5	36	55	72.5	61.5	36	60	73.5	37	59.5	69	20.5	48.5	41.5	52.5	44	80	63	5	52	45	37.5	66	46	61	71.5	21	37.5	41	37	52	62	68.5	69	78	36.5	71.5	57	30	34.5	68	31	75.5	59	74	63	41.5	29.5	51	29	37	80.5	48	43	32.5	54	26.5	22.5	79	60	84	34.5	37.5	34	22.5	69.5	17	29	64	52.5	74.5	66.5	50	31.5	8	74	52	57.5	34	49	71	22.5	29	32.5	54	
10.5	7.5	37.5	45.5	68.5	0	37	58	38.5	74.5	51.5	79.5	14.5	48	76.5	25	89	57	51	45.5	45.5	49	64	68	32.5	28.5	26.5	40	88.5	26.5	43.5	42.5	68.5	35	48	69.5	83	71	72	39	31.5	33	48.5	47.5	4	39	86.5	32.5	21	65.5	43	33.5	58	26	61	50	56.5	17.5	39.5	63.5	50.5	47.5	65	36.5	56.5	41.5	25	63.5	90	43.5	85.5	24.5	24.5	0	11.5	15.5	64	25	45.5	92.5	93	30.5	53.5	21	11.5	11.5	35.5	61	67	33.5	83.5	85.5	18	40.5	55.5	60	26.5	44	65	16.5	42.5	21.5	42	80	76.5	85	27	79.5	41.5	36.5	40	12	2	52.5	74	60.5	11.5	50.5	45	88.5	53.5	23.5	85	83.5	50	36.5	
41.5	38.5	66.5	21.5	39.5	37	0	29	24.5	45.5	22.5	50.5	45.5	19	47.5	26	58	28	22	41.5	21.5	30	33	39	61.5	54.5	42.5	3	59.5	22.5	14.5	46.5	39.5	46	37	40.5	52	42	43	50	7.5	52	19.5	23.5	41	48	57.5	28.5	42	36.5	44	39.5	29	17	32	31	30.5	48.5	35.5	34.5	36.5	18.5	36	42.5	27.5	37.5	58	34.5	61	14.5	56.5	20.5	30.5	37	37.5	46.5	33	58	41.5	61.5	64	54.5	24.5	58	27.5	42.5	31.5	32	38	19.5	54.5	56.5	49	16.5	29.5	31	22.5	15	36	47.5	46.5	52.5	13	51	47.5	54	38	48.5	12.5	32.5	21	43	35	23.5	45	31.5	42.5	36.5	36	59.5	24.5	39.5	54	54.5	21	22.5	
62.5	59.5	55.5	32.5	44.5	58	29	0	39.5	38.5	26.5	53.5	66.5	10	46.5	47	37	1	7	32.5	32.5	29	8	40	50.5	49.5	51.5	32	44.5	43.5	25.5	35.5	24.5	43	26	33.5	31	27	54	39	28.5	41	30.5	30.5	62	37	46.5	45.5	57	17.5	35	44.5	40	38	3	28	19.5	65.5	38.5	45.5	27.5	30.5	33	41.5	21.5	36.5	47	45.5	48	30.5	47.5	41.5	51.5	58	58.5	67.5	8	47	32.5	40.5	45	43.5	35.5	51	48.5	63.5	42.5	3	41	40.5	39.5	47.5	70	37.5	18.5	38	43.5	26	47	66.5	35.5	61.5	16	48	56.5	33	51	27.5	23.5	41.5	38	64	56	25.5	54	42.5	63.5	27.5	33	44.5	24.5	54.5	33	39.5	32	41.5	
43	40	50	33	56	38.5	24.5	39.5	0	58	39	67	47	35.5	64	27.5	56.5	40.5	38.5	27	33	28.5	31.5	55.5	45	44	44	27.5	64	24	31	30	44	37.5	20.5	53	50.5	46.5	59.5	33.5	19	35.5	36	35	42.5	31.5	66	30	43.5	37	29.5	39	45.5	18.5	36.5	27.5	24	50	33	51	12	35	52.5	36	36	31	41.5	51	67.5	31	67	22	32	38.5	39	48	31.5	41.5	27	60	64.5	38	41	45.5	29	44	33	36.5	54.5	5	59	67	50.5	28	23	47.5	24	31.5	52.5	49	30	54	29.5	67.5	64	52.5	39.5	47	29	34	27.5	44.5	36.5	40	61.5	48	44	12	27.5	64	39	41	52.5	59	37.5	2	
79	76	74	51	6	74.5	45.5	38.5	58	0	45	37	83	46.5	30	63.5	20.5	39.5	45.5	51	51	47.5	30.5	28.5	69	68	70	48.5	28	60	37	54	28	61.5	44.5	27	14.5	25.5	35.5	57.5	45	59.5	42	49	78.5	55.5	30	64	75.5	31	53.5	63	26.5	54.5	35.5	46.5	38	84	57	11	46	49	31.5	60	40	55	65.5	27	31.5	47	31	58	68	74.5	75	84	30.5	65.5	51	24	28.5	62	37	69.5	65	80	61	35.5	29.5	57	23	31	86.5	54	37	36.5	60	32.5	28.5	85	54	80	40.5	31.5	40	16.5	69.5	11	35	60	56.5	80.5	72.5	44	37.5	14	80	46	51.5	28	43	73	16.5	23	38.5	60	
56	53	57	34	49	51.5	22.5	26.5	39	45	0	60	60	28.5	53	40.5	43.5	27.5	31.5	34	34	30.5	18.5	46.5	52	51	53	25.5	51	37	24	37	31	44.5	27.5	40	37.5	33.5	52.5	40.5	22	42.5	29	32	55.5	38.5	53	43	56.5	24	36.5	46	38.5	31.5	23.5	29.5	21	63	40	44	29	4	39.5	43	5	38	48.5	44	54.5	8	54	35	45	51.5	52	61	18.5	48.5	34	47	51.5	45	34	52.5	42	57	44	23.5	47.5	34	46	54	63.5	31	20	40.5	37	24.5	45.5	62	37	63	22.5	54.5	57	39.5	52.5	34	22	43	35.5	57.5	49.5	1	54.5	41	57	29	34.5	51	2	54	39.5	46	30.5	37	
84	81	89	64	37	79.5	50.5	53.5	67	37	60	0	88	51.5	35	68.5	20.5	54.5	54.5	66	64	62.5	45.5	41.5	84	83	85	53.5	9	65	42	69	43	76.5	59.5	42	24.5	40.5	20.5	72.5	50	74.5	47	64	83.5	70.5	7	71	84.5	46	68.5	78	31.5	59.5	50.5	61.5	53	91	72	32	61	56	46.5	75	55	70	80.5	22	26.5	52	6	63	73	79.5	80	89	45.5	80.5	66	13	23.5	77	42	84.5	70	85	74	50.5	40.5	62	28	6	91.5	59	52	43.5	65	37.5	28.5	90	69	95	45.5	31.5	3	26.5	80.5	26	40	75	63.5	85.5	77.5	59	27.5	29	85	61	66.5	9	58	82	26.5	28	43.5	65	
4	11	23	54	77	14.5	45.5	66.5	47	83	60	88	0	56.5	85	33.5	95.5	65.5	59.5	54	54	57.5	70.5	76.5	34	37	35	48.5	97	35	52	49	77	43.5	54.5	78	89.5	79.5	80.5	47.5	40	39.5	57	56	18.5	45.5	95	41	29.5	74	51.5	42	66.5	34.5	69.5	58.5	63	21	48	72	59	56	73.5	45	65	50	35.5	72	98.5	52	94	33	33	14.5	20	1	70.5	35.5	54	99	101.5	37	62	35.5	20	3	44	69.5	75.5	42	92	94	16.5	49	62	68.5	35	52.5	73.5	20	49	25	50.5	88.5	85	91.5	35.5	86	50	45	48.5	10.5	12.5	61	82.5	69	3	59	53.5	97	62	32	91.5	92	58.5	45	
52.5	49.5	65.5	32.5	40.5	48	19	10	35.5	46.5	28.5	51.5	56.5	0	48.5	37	47	9	3	42.5	32.5	39	18	40	60.5	59.5	53.5	22	54.5	33.5	15.5	45.5	34.5	53	36	41.5	41	37	44	49	18.5	51	20.5	34.5	52	47	56.5	39.5	53	27.5	45	50.5	30	28	13	38	29.5	59.5	46.5	35.5	37.5	24.5	37	51.5	31.5	46.5	57	35.5	58	20.5	57.5	31.5	41.5	48	48.5	57.5	18	57	42.5	50.5	55	53.5	25.5	61	38.5	53.5	42.5	13	39	30.5	49.5	57.5	60	27.5	28.5	32	33.5	16	37	58.5	45.5	63.5	6	52	48.5	43	49	37.5	13.5	43.5	32	54	46	29.5	46	32.5	53.5	37.5	43	54.5	30.5	50.5	43	49.5	22	33.5	
81	78	82	59	34	76.5	47.5	46.5	64	30	53	35	85	48.5	0	65.5	18.5	47.5	51.5	59	59	55.5	38.5	36.5	77	76	78	50.5	26	62	39	62	36	69.5	52.5	35	17.5	33.5	27.5	65.5	47	67.5	44	57	80.5	63.5	28	68	81.5	39	61.5	71	28.5	56.5	43.5	54.5	46	88	65	29	54	53	39.5	68	48	63	73.5	13	29.5	49	29	60	70	76.5	77	86	38.5	73.5	59	22	26.5	70	39	77.5	67	82	69	43.5	37.5	59	7	29	88.5	56	45	40.5	62	34.5	25.5	87	62	88	42.5	29.5	32	19.5	77.5	19	37	68	60.5	82.5	74.5	52	29.5	26	82	54	59.5	26	51	79	19.5	7	40.5	62	
29.5	26.5	48.5	34.5	57.5	25	26	47	27.5	63.5	40.5	68.5	33.5	37	65.5	0	70	46	40	30.5	34.5	38	45	57	43.5	42.5	30.5	29	77.5	15.5	32.5	28.5	57.5	34	29	58.5	64	60	61	32	20.5	34	37.5	36.5	29	30	75.5	21.5	30	50.5	18	27.5	47	15	50	39	37.5	36.5	28.5	52.5	35.5	36.5	54	30.5	45.5	30.5	40	52.5	79	32.5	74.5	13.5	18.5	25	25.5	34.5	45	40	30.5	73.5	78	36.5	42.5	44	15.5	30.5	24.5	50	56	22.5	72.5	74.5	37	29.5	36.5	49	15.5	33	54	35.5	28.5	40.5	31	69	65.5	66	26	60.5	30.5	25.5	29	31	23	41.5	63	49.5	30.5	35.5	34	77.5	42.5	27.5	66	72.5	39	25.5	
95.5	92.5	72.5	49.5	26.5	89	58	37	56.5	20.5	43.5	20.5	95.5	47	18.5	70	0	38	44	49.5	49.5	46	29	27	67.5	66.5	68.5	55	11.5	68.5	51.5	52.5	26.5	60	43	25.5	8	24	33	56	61.5	58	46.5	47.5	85	54	13.5	62.5	74	29.5	52	61.5	37	69	34	45	36.5	82.5	55.5	31.5	44.5	47.5	30	58.5	38.5	53.5	64	31.5	15	51.5	14.5	70.5	70.5	89	83.5	94.5	29	64	49.5	7.5	12	60.5	41.5	68	81.5	96.5	59.5	34	28	61.5	11.5	14.5	87	54.5	35.5	35	68.5	49	30	83.5	52.5	78.5	53	11	23.5	10	68	9.5	51.5	58.5	55	93	89	42.5	17	34.5	96.5	44.5	50	11.5	41.5	71.5	10	11.5	45	58.5	
61.5	58.5	56.5	33.5	45.5	57	28	1	40.5	39.5	27.5	54.5	65.5	9	47.5	46	38	0	6	33.5	33.5	30	9	41	51.5	50.5	52.5	31	45.5	42.5	24.5	36.5	25.5	44	27	34.5	32	28	53	40	27.5	42	29.5	31.5	61	38	47.5	46.5	58	18.5	36	45.5	39	37	4	29	20.5	66.5	39.5	44.5	28.5	31.5	34	42.5	22.5	37.5	48	44.5	49	29.5	48.5	40.5	50.5	57	57.5	66.5	9	48	33.5	41.5	46	44.5	34.5	52	47.5	62.5	43.5	4	42	39.5	40.5	48.5	69	36.5	19.5	39	42.5	25	46	67.5	36.5	62.5	15	49	57.5	34	52	28.5	22.5	42.5	39	63	55	26.5	55	41.5	62.5	28.5	34	45.5	25.5	55.5	34	40.5	31	42.5	
55.5	52.5	62.5	35.5	43.5	51	22	7	38.5	45.5	31.5	54.5	59.5	3	51.5	40	44	6	0	39.5	35.5	36	15	43	57.5	56.5	56.5	25	51.5	36.5	18.5	42.5	31.5	50	33	40.5	38	34	47	46	21.5	48	23.5	37.5	55	44	53.5	42.5	56	24.5	42	51.5	33	31	10	35	26.5	62.5	45.5	38.5	34.5	27.5	40	48.5	28.5	43.5	54	38.5	55	23.5	54.5	34.5	44.5	51	51.5	60.5	15	54	39.5	47.5	52	50.5	28.5	58	41.5	56.5	45.5	10	42	33.5	46.5	54.5	63	30.5	25.5	35	36.5	19	40	61.5	42.5	66.5	9	55	51.5	40	52	34.5	16.5	46.5	35	57	49	32.5	49	35.5	56.5	34.5	40	51.5	31.5	53.5	40	46.5	25	36.5	
50	47	33	30	57	45.5	41.5	32.5	27	51	34	66	54	42.5	59	30.5	49.5	33.5	39.5	0	30	21.5	24.5	52.5	28	27	29	40.5	57	19	48	13	37	20.5	8.5	46	43.5	39.5	76.5	16.5	36	18.5	47	28	45.5	14.5	59	13	34.5	30	12.5	22	62.5	30.5	29.5	20.5	17	43	6	62	15	38	45.5	19	29	4	24.5	68	60.5	42	60	21	31	45.5	44	55	24.5	24.5	0	53	57.5	21	52	28.5	36	51	10	29.5	53.5	32	52	60	47.5	35	16	50.5	19	48.5	65.5	44	13	39	46.5	60.5	69	45.5	28.5	40	46	9	30.5	51.5	43.5	33	66.5	65	51	15	15.5	57	32	32	45.5	52	50.5	29	
50	47	53	0	53	45.5	21.5	32.5	33	51	34	64	54	32.5	59	34.5	49.5	33.5	35.5	30	0	26.5	24.5	52.5	48	47	49	24.5	57	31	28	33	37	40.5	23.5	46	43.5	39.5	56.5	36.5	14	38.5	33	2	49.5	34.5	59	37	50.5	30	32.5	42	42.5	25.5	29.5	25.5	13	57	36	48	25	32	45.5	39	29	34	44.5	48	60.5	28	60	29	39	45.5	46	55	24.5	44.5	30	53	57.5	41	38	48.5	36	51	40	29.5	51.5	28	52	60	57.5	5	14	44.5	31	28.5	49.5	56	33	59	26.5	60.5	61	45.5	46.5	40	26	39	29.5	51.5	43.5	33	58.5	45	51	25	30.5	57	32	48	45.5	52	34.5	31	
53.5	50.5	44.5	26.5	53.5	49	30	29	28.5	47.5	30.5	62.5	57.5	39	55.5	38	46	30	36	21.5	26.5	0	21	49	39.5	38.5	40.5	33	53.5	34.5	36.5	24.5	33.5	32	15	42.5	40	36	65	28	24.5	30	41.5	24.5	53	26	55.5	34.5	46	26.5	24	33.5	51	29	26	1	13.5	54.5	27.5	56.5	16.5	34.5	42	30.5	25.5	25.5	36	56.5	57	36.5	56.5	32.5	42.5	49	49.5	58.5	21	36	21.5	49.5	54	32.5	46.5	40	39.5	54.5	31.5	26	50	31.5	48.5	56.5	59	31.5	12.5	47	34.5	37	58	55.5	24.5	50.5	35	57	65.5	42	40	36.5	34.5	30.5	9	55	47	29.5	63	53.5	54.5	16.5	22	53.5	28.5	43.5	42	48.5	43	30.5	
70.5	67.5	47.5	24.5	36.5	64	33	8	31.5	30.5	18.5	45.5	70.5	18	38.5	45	29	9	15	24.5	24.5	21	0	32	42.5	41.5	43.5	30	36.5	43.5	31.5	27.5	16.5	35	18	25.5	23	19	58	31	36.5	33	26.5	22.5	60	29	38.5	37.5	49	9.5	27	36.5	42	44	5	20	11.5	57.5	30.5	41.5	19.5	22.5	25	33.5	13.5	28.5	39	51.5	40	26.5	39.5	45.5	45.5	64	58.5	69.5	0	39	24.5	32.5	37	35.5	31.5	43	56.5	71.5	34.5	5	33	36.5	31.5	39.5	62	29.5	10.5	30	43.5	34	45	58.5	27.5	53.5	24	40	48.5	25	43	19.5	31.5	33.5	30	68	64	17.5	46	44.5	71.5	19.5	25	36.5	16.5	46.5	25	31.5	30	33.5	
72.5	69.5	75.5	52.5	30.5	68	39	40	55.5	28.5	46.5	41.5	76.5	40	36.5	57	27	41	43	52.5	52.5	49	32	0	70.5	69.5	71.5	42	34.5	53.5	30.5	55.5	29.5	63	46	28.5	21	27	34	59	38.5	61	35.5	50.5	72	57	36.5	59.5	73	32.5	55	64.5	10	48	37	48	39.5	79.5	58.5	25.5	47.5	44.5	33	61.5	41.5	56.5	67	25.5	38	40.5	37.5	51.5	61.5	68	68.5	77.5	32	67	52.5	30.5	35	63.5	30.5	71	58.5	73.5	62.5	37	1	50.5	29.5	37.5	80	47.5	38.5	32	53.5	26	27	78.5	55.5	81.5	34	38	38.5	23	69	17.5	28.5	61.5	52	74	66	45.5	36	22.5	73.5	47.5	53	34.5	44.5	70.5	23	29.5	32	53.5	
32	25	11	48	75	32.5	61.5	50.5	45	69	52	84	34	60.5	77	43.5	67.5	51.5	57.5	28	48	39.5	42.5	70.5	0	15	27	58.5	75	47	70	21	55	23.5	26.5	64	61.5	57.5	96.5	19.5	58	11.5	65	46	28.5	17.5	77	41	27.5	48	25.5	30	80.5	52.5	47.5	38.5	35	15	34	80	33	56	63.5	27	47	32	7.5	90	78.5	60	78	49	39	32.5	32	33	42.5	7.5	28	71	75.5	9	70	11.5	38	33	38	47.5	71.5	50	70	78	25.5	53	34	68.5	47	70.5	83.5	16	21	11	66.5	78.5	87	63.5	31.5	58	68	37	48.5	31.5	30.5	51	84.5	83	33	33	33.5	75	50	30	63.5	70	68.5	47	
33	30	20	47	74	28.5	54.5	49.5	44	68	51	83	37	59.5	76	42.5	66.5	50.5	56.5	27	47	38.5	41.5	69.5	15	0	26	57.5	74	44	61	20	54	22.5	25.5	63	60.5	56.5	89.5	18.5	49	10.5	64	45	32.5	16.5	76	40	26.5	47	24.5	29	75.5	43.5	46.5	37.5	34	30	33	79	32	55	62.5	26	46	31	11.5	81	77.5	59	77	42	38	28.5	17	38	41.5	11.5	27	70	74.5	6	69	15.5	29	34	37	46.5	70.5	49	69	77	34.5	52	33	67.5	44	61.5	82.5	31	20	26	59.5	77.5	86	62.5	30.5	57	59	36	47.5	34.5	26.5	50	83.5	78	34	32	32.5	74	49	29	62.5	69	67.5	46	
31	28	32	49	74	26.5	42.5	51.5	44	70	53	85	35	53.5	78	30.5	68.5	52.5	56.5	29	49	40.5	43.5	71.5	27	26	0	45.5	76	32	49	22	56	24.5	27.5	65	62.5	58.5	77.5	20.5	37	17.5	54	47	30.5	18.5	78	38	31.5	49	26.5	31	63.5	31.5	48.5	39.5	36	38	35	69	34	53	64.5	28	48	33	23.5	69	79.5	49	79	30	30	26.5	27	36	43.5	23.5	29	72	76.5	20	59	27.5	15	32	39	48.5	72.5	39	71	79	38.5	46	35	65.5	32	49.5	70.5	37	22	38	47.5	79.5	82	64.5	32.5	59	47	38	45.5	32.5	24.5	52	79.5	66	32	34	34.5	76	51	3	64.5	71	55.5	42	
44.5	41.5	63.5	24.5	42.5	40	3	32	27.5	48.5	25.5	53.5	48.5	22	50.5	29	55	31	25	40.5	24.5	33	30	42	58.5	57.5	45.5	0	62.5	25.5	17.5	43.5	42.5	49	34	43.5	49	45	46	47	10.5	49	22.5	26.5	44	45	60.5	31.5	45	35.5	43	42.5	32	20	35	34	27.5	51.5	38.5	37.5	35.5	21.5	39	45.5	30.5	40.5	55	37.5	64	17.5	59.5	23.5	33.5	40	40.5	49.5	30	55	40.5	58.5	63	51.5	27.5	59	30.5	45.5	34.5	35	41	22.5	57.5	59.5	52	19.5	26.5	34	25.5	18	39	50.5	43.5	55.5	16	54	50.5	51	41	45.5	15.5	35.5	24	46	38	26.5	48	34.5	45.5	35.5	39	62.5	27.5	42.5	51	57.5	24	25.5	
93	90	80	57	34	88.5	59.5	44.5	64	28	51	9	97	54.5	26	77.5	11.5	45.5	51.5	57	57	53.5	36.5	34.5	75	74	76	62.5	0	74	51	60	34	67.5	50.5	33	15.5	31.5	29.5	63.5	59	65.5	54	55	92.5	61.5	2	70	81.5	37	59.5	69	40.5	68.5	41.5	52.5	44	90	63	39	52	55	37.5	66	46	61	71.5	31	17.5	59	3	72	78	88.5	89	98	36.5	71.5	57	4	14.5	68	49	75.5	79	94	67	41.5	35.5	69	19	3	94.5	62	43	42.5	74	46.5	37.5	91	60	86	54.5	22.5	12	17.5	75.5	17	49	66	62.5	94.5	86.5	50	28.5	38	94	52	57.5	0	49	79	17.5	19	52.5	66	
31	28	52	31	54	26.5	22.5	43.5	24	60	37	65	35	33.5	62	15.5	68.5	42.5	36.5	19	31	34.5	43.5	53.5	47	44	32	25.5	74	0	29	32	54	35.5	27.5	55	62.5	56.5	57.5	35.5	17	37.5	34	33	30.5	33.5	72	6	31.5	49	31.5	29	43.5	11.5	46.5	35.5	36	38	13	49	34	33	50.5	32	42	15	43.5	49	75.5	29	71	2	20	26.5	27	36	43.5	43.5	19	72	76.5	40	39	47.5	17	32	9	46.5	52.5	19	69	71	38.5	26	35	45.5	0	29.5	50.5	37	32	42	27.5	65.5	62	64.5	27.5	59	27	10	25.5	32.5	24.5	38	59.5	46	32	34	30.5	74	39	29	64.5	69	35.5	22	
48	45	75	28	31	43.5	14.5	25.5	31	37	24	42	52	15.5	39	32.5	51.5	24.5	18.5	48	28	36.5	31.5	30.5	70	61	49	17.5	51	29	0	55	31	52.5	45.5	32	45.5	33.5	34.5	56.5	14	60.5	5	30	47.5	56.5	49	35	48.5	22	50.5	46	20.5	23.5	28.5	37.5	39	55	42	26	43	20	27.5	49	29	44	66.5	26	52.5	16	48	27	37	43.5	44	53	31.5	66.5	48	55	55.5	63	16	64.5	34	49	38	28.5	29.5	26	46	48	55.5	23	38	22.5	29	6.5	27.5	54	55	59	9.5	42.5	39	47.5	44.5	42	2	39	27.5	49.5	41.5	25	36.5	23	49	43	42.5	51	26	46	47.5	46	12.5	29	
47	44	26	33	60	42.5	46.5	35.5	30	54	37	69	49	45.5	62	28.5	52.5	36.5	42.5	13	33	24.5	27.5	55.5	21	20	22	43.5	60	32	55	0	40	13.5	11.5	49	46.5	42.5	81.5	9.5	43	11.5	50	31	38.5	7.5	62	26	27.5	33	10.5	9	65.5	37.5	32.5	23.5	20	36	19	65	18	41	48.5	6	32	17	17.5	75	63.5	45	63	34	18	42.5	37	48	27.5	17.5	13	56	60.5	14	55	21.5	33	48	23	32.5	56.5	35	55	63	40.5	38	19	53.5	32	55.5	68.5	37	0	32	51.5	63.5	72	48.5	21.5	43	53	22	33.5	46.5	40.5	36	69.5	68	48	18	18.5	60	35	25	48.5	55	53.5	32	
73	70	60	37	34	68.5	39.5	24.5	44	28	31	43	77	34.5	36	57.5	26.5	25.5	31.5	37	37	33.5	16.5	29.5	55	54	56	42.5	34	54	31	40	0	47.5	30.5	23	20.5	16.5	49.5	43.5	39	45.5	34	35	72.5	41.5	36	50	61.5	17	39.5	49	35.5	48.5	21.5	32.5	24	70	43	39	32	35	22.5	46	26	41	51.5	41	37.5	39	37	52	58	68.5	69	78	16.5	51.5	37	30	34.5	48	15	55.5	59	74	47	21.5	30.5	49	29	37	74.5	42	23	27.5	54	26.5	42.5	71	40	66	34.5	37.5	46	22.5	55.5	17	29	46	42.5	74.5	66.5	30	43.5	38	74	32	37.5	34	29	59	22.5	29	32.5	46	
39.5	36.5	28.5	40.5	67.5	35	46	43	37.5	61.5	44.5	76.5	43.5	53	69.5	34	60	44	50	20.5	40.5	32	35	63	23.5	22.5	24.5	49	67.5	35.5	52.5	13.5	47.5	0	19	56.5	54	50	81	4	40.5	14	57.5	38.5	39	6	69.5	33.5	30	40.5	18	22.5	67	35	40	31	27.5	38.5	26.5	72.5	25.5	48.5	56	19.5	39.5	24.5	20	72.5	71	52.5	70.5	33.5	31.5	35	35.5	44.5	35	20	20.5	63.5	68	16.5	62.5	24	25.5	40.5	30.5	40	64	42.5	62.5	70.5	43	45.5	26.5	61	35.5	53	74	39.5	13.5	34.5	51	71	79.5	56	8	50.5	50.5	29.5	41	41	33	43.5	77	69.5	40.5	25.5	26	67.5	42.5	27.5	56	62.5	59	39.5	
56.5	51.5	31.5	23.5	50.5	48	37	26	20.5	44.5	27.5	59.5	54.5	36	52.5	29	43	27	33	8.5	23.5	15	18	46	26.5	25.5	27.5	34	50.5	27.5	45.5	11.5	30.5	19	0	39.5	37	33	72	15	37.5	17	40.5	21.5	44	13	52.5	21.5	33	23.5	11	20.5	56	26	23	14	10.5	41.5	14.5	55.5	8.5	31.5	39	17.5	22.5	12.5	23	65.5	54	35.5	53.5	29.5	29.5	48	42.5	53.5	18	23	8.5	46.5	51	19.5	45.5	27	42.5	57.5	18.5	23	47	25.5	45.5	53.5	46	28.5	9.5	44	27.5	50	59	42.5	11.5	37.5	42	54	62.5	39	27	33.5	47.5	17.5	24	52	50	26.5	60	58.5	57.5	8.5	7	50.5	25.5	30.5	39	45.5	44	22.5	
74	71	69	46	33	69.5	40.5	33.5	53	27	40	42	78	41.5	35	58.5	25.5	34.5	40.5	46	46	42.5	25.5	28.5	64	63	65	43.5	33	55	32	49	23	56.5	39.5	0	19.5	20.5	40.5	52.5	40	54.5	37	44	73.5	50.5	35	59	70.5	26	48.5	58	26.5	49.5	30.5	41.5	33	79	52	32	41	44	26.5	55	35	50	60.5	32	36.5	42	36	53	63	69.5	70	79	25.5	60.5	46	29	33.5	57	32	64.5	60	75	56	30.5	29.5	52	28	36	81.5	49	32	31.5	55	27.5	33.5	80	49	75	35.5	36.5	45	21.5	64.5	16	30	55	51.5	75.5	67.5	39	42.5	29	75	41	46.5	33	38	68	21.5	28	33.5	55	
91.5	86.5	66.5	43.5	20.5	83	52	31	50.5	14.5	37.5	24.5	89.5	41	17.5	64	8	32	38	43.5	43.5	40	23	21	61.5	60.5	62.5	49	15.5	62.5	45.5	46.5	20.5	54	37	19.5	0	18	37	50	57.5	52	40.5	41.5	79	48	17.5	56.5	68	23.5	46	55.5	31	63	28	39	30.5	76.5	49.5	25.5	38.5	41.5	24	52.5	32.5	47.5	58	30.5	19	45.5	18.5	64.5	64.5	83	77.5	88.5	23	58	43.5	11.5	16	54.5	35.5	62	77.5	92.5	53.5	28	22	55.5	10.5	18.5	81	48.5	29.5	29	62.5	45	22	77.5	46.5	72.5	47	19	27.5	2	62	3.5	47.5	52.5	49	87	85	36.5	25	28.5	92.5	38.5	44	15.5	35.5	65.5	2	10.5	39	52.5	
75.5	72.5	62.5	39.5	31.5	71	42	27	46.5	25.5	33.5	40.5	79.5	37	33.5	60	24	28	34	39.5	39.5	36	19	27	57.5	56.5	58.5	45	31.5	56.5	33.5	42.5	16.5	50	33	20.5	18	0	47	46	41.5	48	36.5	37.5	75	44	33.5	52.5	64	19.5	42	51.5	33	51	24	35	26.5	72.5	45.5	36.5	34.5	37.5	6	48.5	28.5	43.5	54	38.5	35	41.5	34.5	54.5	60.5	71	71.5	80.5	19	54	39.5	27.5	32	50.5	31.5	58	61.5	76.5	49.5	24	28	51.5	26.5	34.5	77	44.5	25.5	11	56.5	29	40	73.5	42.5	68.5	37	35	43.5	20	58	14.5	31.5	48.5	45	77	69	32.5	41	35.5	76.5	34.5	40	31.5	31.5	61.5	20	26.5	35	48.5	
76.5	73.5	101.5	56.5	29.5	72	43	54	59.5	35.5	52.5	20.5	80.5	44	27.5	61	33	53	47	76.5	56.5	65	58	34	96.5	89.5	77.5	46	29.5	57.5	34.5	81.5	49.5	81	72	40.5	37	47	0	85	42.5	87	39.5	58.5	76	83	27.5	63.5	77	56.5	79	74.5	24	52	57	66	65.5	83.5	70.5	24.5	71.5	48.5	41	77.5	57.5	72.5	93	14.5	18	44.5	26.5	55.5	65.5	72	72.5	81.5	58	93	76.5	31.5	21	89.5	34.5	93	62.5	77.5	66.5	57	33	54.5	34.5	26.5	84	51.5	64.5	36	57.5	30	21	82.5	81.5	87.5	38	26	17.5	39	73	38.5	32.5	67.5	56	78	70	53.5	20	21.5	77.5	71.5	71	29.5	54.5	74.5	39	34.5	36	57.5	
43.5	40.5	24.5	36.5	63.5	39	50	39	33.5	57.5	40.5	72.5	47.5	49	65.5	32	56	40	46	16.5	36.5	28	31	59	19.5	18.5	20.5	47	63.5	35.5	56.5	9.5	43.5	4	15	52.5	50	46	85	0	44.5	10	53.5	34.5	37	2	65.5	29.5	26	36.5	14	18.5	69	39	36	27	23.5	34.5	22.5	68.5	21.5	44.5	52	15.5	35.5	20.5	16	76.5	67	48.5	66.5	37.5	27.5	39	35.5	46.5	31	16	16.5	59.5	64	12.5	58.5	20	29.5	44.5	26.5	36	60	38.5	58.5	66.5	39	41.5	22.5	57	35.5	57	72	35.5	9.5	30.5	55	67	75.5	52	12	46.5	54.5	25.5	37	45	37	39.5	73	71.5	44.5	21.5	22	63.5	38.5	23.5	52	58.5	57	35.5	
36	33	63	14	39	31.5	7.5	28.5	19	45	22	50	40	18.5	47	20.5	61.5	27.5	21.5	36	14	24.5	36.5	38.5	58	49	37	10.5	59	17	14	43	39	40.5	37.5	40	57.5	41.5	42.5	44.5	0	52.5	19	16	35.5	46.5	57	23	36.5	36	38.5	34	28.5	11.5	31.5	25.5	27	43	30	34	31	18	35.5	37	27	32	56.5	34	60.5	14	56	15	25	31.5	32	41	36.5	56.5	36	63	63.5	55	24	52.5	22	37	26	31.5	37.5	14	54	56	43.5	9	28	30.5	17	14.5	35.5	42	43	47	12.5	50.5	47	55.5	32.5	54	12	27	15.5	37.5	29.5	23	44.5	31	37	31	30.5	59	24	34	55.5	54	20.5	17	
41.5	36.5	16.5	38.5	65.5	33	52	41	35.5	59.5	42.5	74.5	39.5	51	67.5	34	58	42	48	18.5	38.5	30	33	61	11.5	10.5	17.5	49	65.5	37.5	60.5	11.5	45.5	14	17	54.5	52	48	87	10	52.5	0	55.5	36.5	29	8	67.5	31.5	16	38.5	16	20.5	71	43	38	29	25.5	26.5	24.5	70.5	23.5	46.5	54	17.5	37.5	22.5	8	80.5	69	50.5	68.5	39.5	29.5	33	27.5	38.5	33	8	18.5	61.5	66	4.5	60.5	12	32.5	42.5	28.5	38	62	40.5	60.5	68.5	31	43.5	24.5	59	37.5	65	74	27.5	11.5	22.5	57	69	77.5	54	22	48.5	62.5	27.5	39	37	35	41.5	75	73.5	42.5	23.5	24	65.5	40.5	20.5	54	60.5	59	37.5	
53	50	70	33	36	48.5	19.5	30.5	36	42	29	47	57	20.5	44	37.5	46.5	29.5	23.5	47	33	41.5	26.5	35.5	65	64	54	22.5	54	34	5	50	34	57.5	40.5	37	40.5	36.5	39.5	53.5	19	55.5	0	35	52.5	51.5	54	40	53.5	17	49.5	51	25.5	28.5	31.5	42.5	34	60	47	31	42	25	32.5	54	34	49	61.5	31	57.5	21	53	32	42	48.5	49	58	26.5	61.5	47	50	54.5	58	21	65.5	39	54	43	31.5	34.5	31	49	53	60.5	28	33	27.5	34	11.5	32.5	59	50	64	14.5	47.5	44	42.5	49.5	37	7	44	32.5	54.5	46.5	30	41.5	28	54	42	47.5	54	31	51	42.5	49	17.5	34	
52	49	51	2	55	47.5	23.5	30.5	35	49	32	64	56	34.5	57	36.5	47.5	31.5	37.5	28	2	24.5	22.5	50.5	46	45	47	26.5	55	33	30	31	35	38.5	21.5	44	41.5	37.5	58.5	34.5	16	36.5	35	0	51.5	32.5	57	39	52.5	28	30.5	40	44.5	27.5	27.5	23.5	11	59	34	50	23	34	43.5	37	27	32	42.5	50	58.5	30	58	31	41	47.5	48	57	22.5	42.5	28	51	55.5	39	40	46.5	38	53	38	27.5	51.5	30	50	58	59.5	7	12	46.5	33	30.5	51.5	58	31	57	28.5	58.5	63	43.5	46.5	38	28	37	31.5	53.5	45.5	31	60.5	47	53	23	28.5	55	30	50	43.5	50	36.5	33	
14.5	11.5	33.5	49.5	72.5	4	41	62	42.5	78.5	55.5	83.5	18.5	52	80.5	29	85	61	55	45.5	49.5	53	60	72	28.5	32.5	30.5	44	92.5	30.5	47.5	38.5	72.5	39	44	73.5	79	75	76	37	35.5	29	52.5	51.5	0	35	90.5	36.5	25	65.5	43	37.5	62	30	65	54	52.5	21.5	43.5	67.5	50.5	51.5	69	40.5	60.5	45.5	21	67.5	94	47.5	89.5	28.5	28.5	4	15.5	19.5	60	21	45.5	88.5	93	26.5	57.5	17	15.5	15.5	39.5	65	71	37.5	87.5	89.5	22	44.5	51.5	64	30.5	48	69	20.5	38.5	25.5	46	84	80.5	81	31	75.5	45.5	40.5	44	16	6	56.5	78	64.5	15.5	50.5	49	92.5	57.5	27.5	81	87.5	54	40.5	
45.5	42.5	22.5	34.5	61.5	39	48	37	31.5	55.5	38.5	70.5	45.5	47	63.5	30	54	38	44	14.5	34.5	26	29	57	17.5	16.5	18.5	45	61.5	33.5	56.5	7.5	41.5	6	13	50.5	48	44	83	2	46.5	8	51.5	32.5	35	0	63.5	27.5	24	34.5	12	16.5	67	39	34	25	21.5	32.5	20.5	66.5	19.5	42.5	50	13.5	33.5	18.5	14	76.5	65	46.5	64.5	35.5	25.5	39	33.5	44.5	29	14	14.5	57.5	62	10.5	56.5	18	31.5	46.5	24.5	34	58	36.5	56.5	64.5	37	39.5	20.5	55	33.5	59	70	33.5	7.5	28.5	53	65	73.5	50	14	44.5	56.5	23.5	35	43	39	37.5	71	69.5	46.5	19.5	20	61.5	36.5	21.5	50	56.5	55	33.5	
91	88	82	59	36	86.5	57.5	46.5	66	30	53	7	95	56.5	28	75.5	13.5	47.5	53.5	59	59	55.5	38.5	36.5	77	76	78	60.5	2	72	49	62	36	69.5	52.5	35	17.5	33.5	27.5	65.5	57	67.5	54	57	90.5	63.5	0	72	83.5	39	61.5	71	38.5	66.5	43.5	54.5	46	92	65	39	54	57	39.5	68	48	63	73.5	29	19.5	59	1	70	80	86.5	87	96	38.5	73.5	59	6	16.5	70	49	77.5	77	92	69	43.5	37.5	69	21	1	96.5	64	45	44.5	72	44.5	35.5	93	62	88	52.5	24.5	10	19.5	77.5	19	47	68	64.5	92.5	84.5	52	30.5	36	92	54	59.5	2	51	81	19.5	21	50.5	68	
37	34	46	37	60	32.5	28.5	45.5	30	64	43	71	41	39.5	68	21.5	62.5	46.5	42.5	13	37	34.5	37.5	59.5	41	40	38	31.5	70	6	35	26	50	33.5	21.5	59	56.5	52.5	63.5	29.5	23	31.5	40	39	36.5	27.5	72	0	37.5	43	25.5	35	49.5	17.5	42.5	33.5	30	44	7	55	28	39	56.5	32	42	9	37.5	55	73.5	35	73	8	26	32.5	33	42	37.5	37.5	13	66	70.5	34	45	41.5	23	38	3	42.5	58.5	25	65	73	44.5	32	29	51.5	6	35.5	56.5	43	26	48	33.5	71.5	68	58.5	33.5	53	33	4	31.5	38.5	30.5	44	65.5	52	38	28	28.5	70	45	35	58.5	65	41.5	28	
25.5	22.5	32.5	50.5	73.5	21	42	57	43.5	75.5	56.5	84.5	29.5	53	81.5	30	74	58	56	34.5	50.5	46	49	73	27.5	26.5	31.5	45	81.5	31.5	48.5	27.5	61.5	30	33	70.5	68	64	77	26	36.5	16	53.5	52.5	25	24	83.5	37.5	0	54.5	32	36.5	63	31	54	45	41.5	32.5	40.5	68.5	39.5	52.5	70	33.5	53.5	38.5	24	68.5	85	48.5	84.5	29.5	29.5	21	21.5	30.5	49	24	34.5	77.5	82	20.5	58.5	28	16.5	26.5	40.5	54	72	38.5	76.5	84.5	33	45.5	40.5	65	31.5	49	70	31.5	27.5	36.5	47	85	81.5	70	32	64.5	46.5	41.5	45	27	19	57.5	79	65.5	26.5	39.5	40	81.5	56.5	28.5	70	76.5	55	41.5	
70	67	53	30	37	65.5	36.5	17.5	37	31	24	46	74	27.5	39	50.5	29.5	18.5	24.5	30	30	26.5	9.5	32.5	48	47	49	35.5	37	49	22	33	17	40.5	23.5	26	23.5	19.5	56.5	36.5	36	38.5	17	28	65.5	34.5	39	43	54.5	0	32.5	42	42.5	45.5	14.5	25.5	17	63	36	42	25	28	25.5	39	19	34	44.5	48	40.5	32	40	49	51	65.5	64	75	9.5	44.5	30	33	37.5	41	32	48.5	56	71	40	14.5	33.5	42	32	40	67.5	35	16	30.5	49	28.5	45.5	64	33	59	31.5	40.5	49	25.5	48.5	20	24	39	35.5	71.5	63.5	23	46.5	45	71	25	30.5	37	22	52	25.5	32	30.5	39	
47.5	44.5	30.5	32.5	59.5	43	44	35	29.5	53.5	36.5	68.5	51.5	45	61.5	18	52	36	42	12.5	32.5	24	27	55	25.5	24.5	26.5	43	59.5	31.5	50.5	10.5	39.5	18	11	48.5	46	42	79	14	38.5	16	49.5	30.5	43	12	61.5	25.5	32	32.5	0	19.5	65	33	32	23	19.5	40.5	18.5	64.5	17.5	40.5	48	16.5	31.5	16.5	22	70.5	63	44.5	62.5	31.5	28.5	43	41.5	52.5	27	22	12.5	55.5	60	18.5	54.5	26	33.5	48.5	22.5	32	56	34.5	54.5	62.5	45	37.5	18.5	53	31.5	51	68	41.5	10.5	36.5	49	63	71.5	48	26	42.5	48.5	21.5	33	49	41	35.5	69	67.5	48.5	17.5	18	59.5	34.5	29.5	48	54.5	53	31.5	
38	35	35	42	69	33.5	39.5	44.5	39	63	46	78	42	50.5	71	27.5	61.5	45.5	51.5	22	42	33.5	36.5	64.5	30	29	31	42.5	69	29	46	9	49	22.5	20.5	58	55.5	51.5	74.5	18.5	34	20.5	51	40	37.5	16.5	71	35	36.5	42	19.5	0	60.5	28.5	41.5	32.5	29	45	28	66	27	50	57.5	3	41	26	26.5	66	72.5	46	72	27	9	33.5	34	43	36.5	26.5	22	65	69.5	23	56	30.5	24	39	32	41.5	65.5	36	64	72	45.5	43	28	62.5	29	46.5	67.5	44	9	41	44.5	72.5	79	57.5	30.5	52	44	31	42.5	39.5	31.5	45	76.5	63	39	27	27.5	69	44	34	57.5	64	52.5	39	
62.5	59.5	85.5	42.5	20.5	58	29	40	45.5	26.5	38.5	31.5	66.5	30	28.5	47	37	39	33	62.5	42.5	51	42	10	80.5	75.5	63.5	32	40.5	43.5	20.5	65.5	35.5	67	56	26.5	31	33	24	69	28.5	71	25.5	44.5	62	67	38.5	49.5	63	42.5	65	60.5	0	38	43	52	49.5	69.5	56.5	15.5	57.5	34.5	27	63.5	43.5	58.5	77	15.5	42	30.5	37.5	41.5	51.5	58	58.5	67.5	42	77	62.5	40.5	45	73.5	20.5	79	48.5	63.5	52.5	43	9	40.5	35.5	37.5	70	37.5	48.5	22	43.5	16	17	68.5	65.5	73.5	24	32	28.5	33	59	27.5	18.5	53.5	42	64	56	39.5	26	12.5	63.5	57.5	57	40.5	40.5	60.5	33	35.5	22	43.5	
30.5	27.5	57.5	25.5	48.5	26	17	38	18.5	54.5	31.5	59.5	34.5	28	56.5	15	69	37	31	30.5	25.5	29	44	48	52.5	43.5	31.5	20	68.5	11.5	23.5	37.5	48.5	35	26	49.5	63	51	52	39	11.5	43	28.5	27.5	30	39	66.5	17.5	31	45.5	33	28.5	38	0	41	30	36.5	37.5	24.5	43.5	30.5	27.5	45	31.5	36.5	26.5	49	43.5	70	23.5	65.5	9.5	19.5	26	26.5	35.5	44	49	30.5	72.5	73	45.5	33.5	47	16.5	31.5	20.5	41	47	13.5	63.5	65.5	38	20.5	35.5	40	11.5	24	45	36.5	37.5	41.5	22	60	56.5	65	27	59.5	21.5	21.5	20	32	24	32.5	54	40.5	31.5	30.5	19	68.5	33.5	28.5	65	63.5	30	16.5	
65.5	62.5	52.5	29.5	41.5	61	32	3	36.5	35.5	23.5	50.5	69.5	13	43.5	50	34	4	10	29.5	29.5	26	5	37	47.5	46.5	48.5	35	41.5	46.5	28.5	32.5	21.5	40	23	30.5	28	24	57	36	31.5	38	31.5	27.5	65	34	43.5	42.5	54	14.5	32	41.5	43	41	0	25	16.5	62.5	35.5	46.5	24.5	27.5	30	38.5	18.5	33.5	44	48.5	45	31.5	44.5	44.5	50.5	61	61.5	70.5	5	44	29.5	37.5	42	40.5	36.5	48	51.5	66.5	39.5	0	38	41.5	36.5	44.5	67	34.5	15.5	35	46.5	29	50	63.5	32.5	58.5	19	45	53.5	30	48	24.5	26.5	38.5	35	67	59	22.5	51	45.5	66.5	24.5	30	41.5	21.5	51.5	30	36.5	35	38.5	
54.5	51.5	43.5	25.5	52.5	50	31	28	27.5	46.5	29.5	61.5	58.5	38	54.5	39	45	29	35	20.5	25.5	1	20	48	38.5	37.5	39.5	34	52.5	35.5	37.5	23.5	32.5	31	14	41.5	39	35	66	27	25.5	29	42.5	23.5	54	25	54.5	33.5	45	25.5	23	32.5	52	30	25	0	12.5	53.5	26.5	57.5	15.5	33.5	41	29.5	24.5	24.5	35	57.5	56	37.5	55.5	33.5	41.5	50	50.5	59.5	20	35	20.5	48.5	53	31.5	47.5	39	40.5	55.5	30.5	25	49	32.5	47.5	55.5	58	30.5	11.5	46	35.5	38	59	54.5	23.5	49.5	36	56	64.5	41	39	35.5	35.5	29.5	10	56	48	28.5	62	54.5	55.5	15.5	21	52.5	27.5	42.5	41	47.5	44	29.5	
63	60	40	13	44	56.5	30.5	19.5	24	38	21	53	63	29.5	46	37.5	36.5	20.5	26.5	17	13	13.5	11.5	39.5	35	34	36	27.5	44	36	39	20	24	27.5	10.5	33	30.5	26.5	65.5	23.5	27	25.5	34	11	52.5	21.5	46	30	41.5	17	19.5	29	49.5	36.5	16.5	12.5	0	50	23	49	12	25	32.5	26	16	21	31.5	59	47.5	29	47	38	38	56.5	51	62	11.5	31.5	17	40	44.5	28	39	35.5	49	64	27	16.5	40.5	29	39	47	54.5	18	1	37.5	36	41.5	52.5	51	20	46	35.5	47.5	56	32.5	35.5	27	39	26	22.5	60.5	56.5	20	53.5	52	64	12	17.5	44	19	39	32.5	39	37.5	26	
17	10	26	57	80	17.5	48.5	65.5	50	84	63	91	21	59.5	88	36.5	82.5	66.5	62.5	43	57	54.5	57.5	79.5	15	30	38	51.5	90	38	55	36	70	38.5	41.5	79	76.5	72.5	83.5	34.5	43	26.5	60	59	21.5	32.5	92	44	32.5	63	40.5	45	69.5	37.5	62.5	53.5	50	0	49	75	48	59	76.5	42	62	47	22.5	75	93.5	55	93	36	36	17.5	23	22	57.5	22.5	43	86	90.5	24	65	26.5	23	18	47	62.5	78.5	45	85	93	24.5	52	49	71.5	38	55.5	76.5	1	36	4	53.5	91.5	88	78.5	38.5	73	53	48	51.5	18.5	15.5	64	85.5	72	18	48	48.5	90	65	35	78.5	85	61.5	48	
44	41	39	36	63	39.5	35.5	38.5	33	57	40	72	48	46.5	65	28.5	55.5	39.5	45.5	6	36	27.5	30.5	58.5	34	33	35	38.5	63	13	42	19	43	26.5	14.5	52	49.5	45.5	70.5	22.5	30	24.5	47	34	43.5	20.5	65	7	40.5	36	18.5	28	56.5	24.5	35.5	26.5	23	49	0	62	21	44	51.5	25	35	2	30.5	62	66.5	42	66	15	33	39.5	40	49	30.5	30.5	6	59	63.5	27	52	34.5	30	45	4	35.5	59.5	32	58	66	51.5	39	22	56.5	13	42.5	63.5	50	19	45	40.5	66.5	75	51.5	34.5	46	40	3	36.5	45.5	37.5	39	72.5	59	45	21	21.5	63	38	38	51.5	58	48.5	35	
68	65	85	48	5	63.5	34.5	45.5	51	11	44	32	72	35.5	29	52.5	31.5	44.5	38.5	62	48	56.5	41.5	25.5	80	79	69	37.5	39	49	26	65	39	72.5	55.5	32	25.5	36.5	24.5	68.5	34	70.5	31	50	67.5	66.5	39	55	68.5	42	64.5	66	15.5	43.5	46.5	57.5	49	75	62	0	57	40	32.5	69	49	64	76.5	16	42.5	36	38	47	57	63.5	64	73	41.5	76.5	62	35	39.5	73	26	80.5	54	69	58	46.5	24.5	46	34	38	75.5	43	48	27.5	49	21.5	17.5	74	65	79	29.5	32.5	29	27.5	64.5	22	24	59	47.5	69.5	61.5	45	26.5	3	69	57	62.5	39	46	66	27.5	34	27.5	49	
55	52	38	25	52	50.5	36.5	27.5	12	46	29	61	59	37.5	54	35.5	44.5	28.5	34.5	15	25	16.5	19.5	47.5	33	32	34	35.5	52	34	43	18	32	25.5	8.5	41	38.5	34.5	71.5	21.5	31	23.5	42	23	50.5	19.5	54	28	39.5	25	17.5	27	57.5	30.5	24.5	15.5	12	48	21	57	0	33	40.5	24	24	19	29.5	63	55.5	37	55	34	36	50.5	49	60	19.5	29.5	15	48	52.5	26	47	33.5	41	56	25	24.5	48.5	17	47	55	52.5	30	11	45.5	34	43.5	60.5	49	18	44	41.5	55.5	64	40.5	33.5	35	41	24	25.5	56.5	48.5	28	61.5	60	56	0	15.5	52	27	37	40.5	47	45.5	14	
52	49	61	32	45	47.5	18.5	30.5	35	49	4	56	56	24.5	53	36.5	47.5	31.5	27.5	38	32	34.5	22.5	44.5	56	55	53	21.5	55	33	20	41	35	48.5	31.5	44	41.5	37.5	48.5	44.5	18	46.5	25	34	51.5	42.5	57	39	52.5	28	40.5	50	34.5	27.5	27.5	33.5	25	59	44	40	33	0	41.5	47	9	42	52.5	40	58.5	4	58	31	41	47.5	48	57	22.5	52.5	38	51	55.5	49	30	56.5	38	53	42	27.5	43.5	30	50	58	59.5	27	24	36.5	33	20.5	41.5	58	41	63	18.5	56.5	53	43.5	48.5	38	18	43	31.5	53.5	45.5	5	50.5	37	53	33	38.5	55	6	50	43.5	50	26.5	33	
69.5	66.5	68.5	45.5	37.5	65	36	33	52.5	31.5	39.5	46.5	73.5	37	39.5	54	30	34	40	45.5	45.5	42	25	33	63.5	62.5	64.5	39	37.5	50.5	27.5	48.5	22.5	56	39	26.5	24	6	41	52	35.5	54	32.5	43.5	69	50	39.5	56.5	70	25.5	48	57.5	27	45	30	41	32.5	76.5	51.5	32.5	40.5	41.5	0	54.5	34.5	49.5	60	32.5	41	37.5	40.5	48.5	58.5	65	65.5	74.5	25	60	45.5	33.5	38	56.5	27.5	64	55.5	70.5	55.5	30	34	47.5	32.5	40.5	77	44.5	31.5	5	50.5	23	34	75.5	48.5	74.5	31	41	45.5	26	64	20.5	25.5	54.5	49	71	63	38.5	43	29.5	70.5	40.5	46	37.5	37.5	67.5	26	32.5	29	50.5	
41	38	32	39	66	36.5	42.5	41.5	36	60	43	75	45	51.5	68	30.5	58.5	42.5	48.5	19	39	30.5	33.5	61.5	27	26	28	45.5	66	32	49	6	46	19.5	17.5	55	52.5	48.5	77.5	15.5	37	17.5	54	37	40.5	13.5	68	32	33.5	39	16.5	3	63.5	31.5	38.5	29.5	26	42	25	69	24	47	54.5	0	38	23	23.5	69	69.5	49	69	30	12	36.5	37	46	33.5	23.5	19	62	66.5	20	59	27.5	27	42	29	38.5	62.5	39	61	69	46.5	44	25	59.5	32	49.5	70.5	43	6	38	47.5	69.5	78	54.5	27.5	49	47	28	39.5	42.5	34.5	42	75.5	66	42	24	24.5	66	41	31	54.5	61	55.5	38	
61	58	52	29	46	56.5	27.5	21.5	36	40	5	55	65	31.5	48	45.5	38.5	22.5	28.5	29	29	25.5	13.5	41.5	47	46	48	30.5	46	42	29	32	26	39.5	22.5	35	32.5	28.5	57.5	35.5	27	37.5	34	27	60.5	33.5	48	42	53.5	19	31.5	41	43.5	36.5	18.5	24.5	16	62	35	49	24	9	34.5	38	0	33	43.5	49	49.5	13	49	40	50	56.5	57	66	13.5	43.5	29	42	46.5	40	39	47.5	47	62	39	18.5	42.5	39	41	49	66.5	34	15	39.5	42	29.5	50.5	63	32	58	27.5	49.5	58	34.5	47.5	29	27	38	34.5	62.5	54.5	4	55.5	46	62	24	29.5	46	3	51	34.5	41	35.5	38	
46	43	37	34	61	41.5	37.5	36.5	31	55	38	70	50	46.5	63	30.5	53.5	37.5	43.5	4	34	25.5	28.5	56.5	32	31	33	40.5	61	15	44	17	41	24.5	12.5	50	47.5	43.5	72.5	20.5	32	22.5	49	32	45.5	18.5	63	9	38.5	34	16.5	26	58.5	26.5	33.5	24.5	21	47	2	64	19	42	49.5	23	33	0	28.5	64	64.5	44	64	17	35	41.5	42	51	28.5	28.5	4	57	61.5	25	54	32.5	32	47	6	33.5	57.5	34	56	64	51.5	39	20	54.5	15	44.5	65.5	48	17	43	42.5	64.5	73	49.5	32.5	44	42	5	34.5	47.5	39.5	37	70.5	61	47	19	19.5	61	36	36	49.5	56	50.5	33	
35.5	32.5	12.5	44.5	71.5	25	58	47	41.5	65.5	48.5	80.5	35.5	57	73.5	40	64	48	54	24.5	44.5	36	39	67	7.5	11.5	23.5	55	71.5	43.5	66.5	17.5	51.5	20	23	60.5	58	54	93	16	56.5	8	61.5	42.5	21	14	73.5	37.5	24	44.5	22	26.5	77	49	44	35	31.5	22.5	30.5	76.5	29.5	52.5	60	23.5	43.5	28.5	0	86.5	75	56.5	74.5	45.5	35.5	25	28.5	34.5	39	0	24.5	67.5	72	5.5	66.5	4	36.5	36.5	34.5	44	68	46.5	66.5	74.5	27	49.5	30.5	65	43.5	69	80	23.5	17.5	18.5	63	75	83.5	60	28	54.5	66.5	33.5	45	33	27	47.5	81	79.5	36.5	29.5	30	71.5	46.5	26.5	60	66.5	65	43.5	
68	65	95	48	21	63.5	34.5	45.5	51	27	44	22	72	35.5	13	52.5	31.5	44.5	38.5	68	48	56.5	51.5	25.5	90	81	69	37.5	31	49	26	75	41	72.5	65.5	32	30.5	38.5	14.5	76.5	34	80.5	31	50	67.5	76.5	29	55	68.5	48	70.5	66	15.5	43.5	48.5	57.5	59	75	62	16	63	40	32.5	69	49	64	86.5	0	32.5	36	28	47	57	63.5	64	73	51.5	86.5	68	35	35.5	83	26	84.5	54	69	58	48.5	24.5	46	20	28	75.5	43	58	27.5	49	21.5	12.5	74	75	79	29.5	22.5	19	32.5	64.5	32	24	59	47.5	69.5	61.5	45	16.5	13	69	63	62.5	31	46	66	32.5	20	27.5	49	
94.5	91.5	83.5	60.5	37.5	90	61	48	67.5	31.5	54.5	26.5	98.5	58	29.5	79	15	49	55	60.5	60.5	57	40	38	78.5	77.5	79.5	64	17.5	75.5	52.5	63.5	37.5	71	54	36.5	19	35	18	67	60.5	69	57.5	58.5	94	65	19.5	73.5	85	40.5	63	72.5	42	70	45	56	47.5	93.5	66.5	42.5	55.5	58.5	41	69.5	49.5	64.5	75	32.5	0	62.5	20.5	73.5	81.5	90	90.5	99.5	40	75	60.5	13.5	3	71.5	52.5	79	80.5	95.5	70.5	45	39	72.5	22.5	20.5	98	65.5	46.5	46	75.5	48	39	94.5	63.5	89.5	56	26	29.5	21	79	20.5	50.5	69.5	66	96	88	53.5	32	39.5	95.5	55.5	61	17.5	52.5	82.5	21	22.5	54	69.5	
48	45	65	28	41	43.5	14.5	30.5	31	47	8	52	52	20.5	49	32.5	51.5	29.5	23.5	42	28	36.5	26.5	40.5	60	59	49	17.5	59	29	16	45	39	52.5	35.5	42	45.5	41.5	44.5	48.5	14	50.5	21	30	47.5	46.5	59	35	48.5	32	44.5	46	30.5	23.5	31.5	37.5	29	55	42	36	37	4	37.5	49	13	44	56.5	36	62.5	0	58	27	37	43.5	44	53	26.5	56.5	42	55	59.5	53	26	60.5	34	49	38	31.5	39.5	26	54	58	55.5	23	28	32.5	29	16.5	37.5	54	45	59	14.5	52.5	49	47.5	44.5	42	14	39	27.5	49.5	41.5	9	46.5	33	49	37	42.5	59	10	46	47.5	54	22.5	29	
90	87	83	60	37	85.5	56.5	47.5	67	31	54	6	94	57.5	29	74.5	14.5	48.5	54.5	60	60	56.5	39.5	37.5	78	77	79	59.5	3	71	48	63	37	70.5	53.5	36	18.5	34.5	26.5	66.5	56	68.5	53	58	89.5	64.5	1	73	84.5	40	62.5	72	37.5	65.5	44.5	55.5	47	93	66	38	55	58	40.5	69	49	64	74.5	28	20.5	58	0	69	79	85.5	86	95	39.5	74.5	60	7	17.5	71	48	78.5	76	91	70	44.5	38.5	68	22	0	97.5	65	46	45.5	71	43.5	34.5	94	63	89	51.5	25.5	9	20.5	78.5	20	46	69	65.5	91.5	83.5	53	31.5	35	91	55	60.5	3	52	82	20.5	22	49.5	69	
29	26	54	29	52	24.5	20.5	41.5	22	58	35	63	33	31.5	60	13.5	70.5	40.5	34.5	21	29	32.5	45.5	51.5	49	42	30	23.5	72	2	27	34	52	33.5	29.5	53	64.5	54.5	55.5	37.5	15	39.5	32	31	28.5	35.5	70	8	29.5	49	31.5	27	41.5	9.5	44.5	33.5	38	36	15	47	34	31	48.5	30	40	17	45.5	47	73.5	27	69	0	18	24.5	25	34	45.5	45.5	21	74	76.5	42	37	45.5	15	30	11	44.5	50.5	17	67	69	36.5	24	37	43.5	2	27.5	48.5	35	34	40	25.5	63.5	60	66.5	25.5	61	25	12	23.5	30.5	22.5	36	57.5	44	30	34	28.5	72	37	27	66.5	67	33.5	20	
29	26	44	39	62	24.5	30.5	51.5	32	68	45	73	33	41.5	70	18.5	70.5	50.5	44.5	31	39	42.5	45.5	61.5	39	38	30	33.5	78	20	37	18	58	31.5	29.5	63	64.5	60.5	65.5	27.5	25	29.5	42	41	28.5	25.5	80	26	29.5	51	28.5	9	51.5	19.5	50.5	41.5	38	36	33	57	36	41	58.5	12	50	35	35.5	57	81.5	37	79	18	0	24.5	25	34	45.5	35.5	31	74	78.5	32	47	39.5	15	30	29	50.5	60.5	27	73	79	36.5	34	37	53.5	20	37.5	58.5	35	18	40	35.5	73.5	70	66.5	25.5	61	35	30	33.5	30.5	22.5	46	67.5	54	30	36	36.5	78	47	27	66.5	73	43.5	30	
10.5	7.5	37.5	45.5	68.5	0	37	58	38.5	74.5	51.5	79.5	14.5	48	76.5	25	89	57	51	45.5	45.5	49	64	68	32.5	28.5	26.5	40	88.5	26.5	43.5	42.5	68.5	35	48	69.5	83	71	72	39	31.5	33	48.5	47.5	4	39	86.5	32.5	21	65.5	43	33.5	58	26	61	50	56.5	17.5	39.5	63.5	50.5	47.5	65	36.5	56.5	41.5	25	63.5	90	43.5	85.5	24.5	24.5	0	11.5	15.5	64	25	45.5	92.5	93	30.5	53.5	21	11.5	11.5	35.5	61	67	33.5	83.5	85.5	18	40.5	55.5	60	26.5	44	65	16.5	42.5	21.5	42	80	76.5	85	27	79.5	41.5	36.5	40	12	2	52.5	74	60.5	11.5	50.5	45	88.5	53.5	23.5	85	83.5	50	36.5	
16	13	37	46	69	11.5	37.5	58.5	39	75	52	80	20	48.5	77	25.5	83.5	57.5	51.5	44	46	49.5	58.5	68.5	32	17	27	40.5	89	27	44	37	69	35.5	42.5	70	77.5	71.5	72.5	35.5	32	27.5	49	48	15.5	33.5	87	33	21.5	64	41.5	34	58.5	26.5	61.5	50.5	51	23	40	64	49	48	65.5	37	57	42	28.5	64	90.5	44	86	25	25	11.5	0	21	58.5	28.5	44	87	91.5	23	54	32.5	12	17	36	61.5	67.5	34	84	86	23.5	41	50	60.5	27	44.5	65.5	22	37	27	42.5	80.5	77	79.5	27.5	74	42	37	40.5	17.5	9.5	53	74.5	61	17	49	45.5	89	54	24	79.5	84	50.5	37	
5	12	22	55	78	15.5	46.5	67.5	48	84	61	89	1	57.5	86	34.5	94.5	66.5	60.5	55	55	58.5	69.5	77.5	33	38	36	49.5	98	36	53	48	78	44.5	53.5	79	88.5	80.5	81.5	46.5	41	38.5	58	57	19.5	44.5	96	42	30.5	75	52.5	43	67.5	35.5	70.5	59.5	62	22	49	73	60	57	74.5	46	66	51	34.5	73	99.5	53	95	34	34	15.5	21	0	69.5	34.5	55	98	102.5	36	63	36.5	21	4	45	70.5	76.5	43	93	95	17.5	50	61	69.5	36	53.5	74.5	21	48	26	51.5	89.5	86	90.5	36.5	85	51	46	49.5	11.5	13.5	62	83.5	70	4	60	54.5	98	63	33	90.5	93	59.5	46	
70.5	67.5	47.5	24.5	36.5	64	33	8	31.5	30.5	18.5	45.5	70.5	18	38.5	45	29	9	15	24.5	24.5	21	0	32	42.5	41.5	43.5	30	36.5	43.5	31.5	27.5	16.5	35	18	25.5	23	19	58	31	36.5	33	26.5	22.5	60	29	38.5	37.5	49	9.5	27	36.5	42	44	5	20	11.5	57.5	30.5	41.5	19.5	22.5	25	33.5	13.5	28.5	39	51.5	40	26.5	39.5	45.5	45.5	64	58.5	69.5	0	39	24.5	32.5	37	35.5	31.5	43	56.5	71.5	34.5	5	33	36.5	31.5	39.5	62	29.5	10.5	30	43.5	34	45	58.5	27.5	53.5	24	40	48.5	25	43	19.5	31.5	33.5	30	68	64	17.5	46	44.5	71.5	19.5	25	36.5	16.5	46.5	25	31.5	30	33.5	
35.5	32.5	12.5	44.5	71.5	25	58	47	41.5	65.5	48.5	80.5	35.5	57	73.5	40	64	48	54	24.5	44.5	36	39	67	7.5	11.5	23.5	55	71.5	43.5	66.5	17.5	51.5	20	23	60.5	58	54	93	16	56.5	8	61.5	42.5	21	14	73.5	37.5	24	44.5	22	26.5	77	49	44	35	31.5	22.5	30.5	76.5	29.5	52.5	60	23.5	43.5	28.5	0	86.5	75	56.5	74.5	45.5	35.5	25	28.5	34.5	39	0	24.5	67.5	72	5.5	66.5	4	36.5	36.5	34.5	44	68	46.5	66.5	74.5	27	49.5	30.5	65	43.5	69	80	23.5	17.5	18.5	63	75	83.5	60	28	54.5	66.5	33.5	45	33	27	47.5	81	79.5	36.5	29.5	30	71.5	46.5	26.5	60	66.5	65	43.5	
50	47	33	30	57	45.5	41.5	32.5	27	51	34	66	54	42.5	59	30.5	49.5	33.5	39.5	0	30	21.5	24.5	52.5	28	27	29	40.5	57	19	48	13	37	20.5	8.5	46	43.5	39.5	76.5	16.5	36	18.5	47	28	45.5	14.5	59	13	34.5	30	12.5	22	62.5	30.5	29.5	20.5	17	43	6	62	15	38	45.5	19	29	4	24.5	68	60.5	42	60	21	31	45.5	44	55	24.5	24.5	0	53	57.5	21	52	28.5	36	51	10	29.5	53.5	32	52	60	47.5	35	16	50.5	19	48.5	65.5	44	13	39	46.5	60.5	69	45.5	28.5	40	46	9	30.5	51.5	43.5	33	66.5	65	51	15	15.5	57	32	32	45.5	52	50.5	29	
97	94	76	53	30	92.5	61.5	40.5	60	24	47	13	99	50.5	22	73.5	7.5	41.5	47.5	53	53	49.5	32.5	30.5	71	70	72	58.5	4	72	55	56	30	63.5	46.5	29	11.5	27.5	31.5	59.5	63	61.5	50	51	88.5	57.5	6	66	77.5	33	55.5	65	40.5	72.5	37.5	48.5	40	86	59	35	48	51	33.5	62	42	57	67.5	35	13.5	55	7	74	74	92.5	87	98	32.5	67.5	53	0	10.5	64	45	71.5	83	98	63	37.5	31.5	65	15	7	90.5	58	39	38.5	72	50.5	33.5	87	56	82	56.5	18.5	16	13.5	71.5	13	53	62	58.5	96.5	90.5	46	24.5	38	98	48	53.5	4	45	75	13.5	15	48.5	62	
97.5	94.5	80.5	57.5	34.5	93	64	45	64.5	28.5	51.5	23.5	101.5	55	26.5	78	12	46	52	57.5	57.5	54	37	35	75.5	74.5	76.5	63	14.5	76.5	55.5	60.5	34.5	68	51	33.5	16	32	21	64	63.5	66	54.5	55.5	93	62	16.5	70.5	82	37.5	60	69.5	45	73	42	53	44.5	90.5	63.5	39.5	52.5	55.5	38	66.5	46.5	61.5	72	35.5	3	59.5	17.5	76.5	78.5	93	91.5	102.5	37	72	57.5	10.5	0	68.5	49.5	76	83.5	98.5	67.5	42	36	69.5	19.5	17.5	95	62.5	43.5	43	76.5	51	38	91.5	60.5	86.5	59	23	26.5	18	76	17.5	53.5	66.5	63	99	91	50.5	29	42.5	98.5	52.5	58	14.5	49.5	79.5	18	19.5	53	66.5	
39	34	14	41	68	30.5	54.5	43.5	38	62	45	77	37	53.5	70	36.5	60.5	44.5	50.5	21	41	32.5	35.5	63.5	9	6	20	51.5	68	40	63	14	48	16.5	19.5	57	54.5	50.5	89.5	12.5	55	4.5	58	39	26.5	10.5	70	34	20.5	41	18.5	23	73.5	45.5	40.5	31.5	28	24	27	73	26	49	56.5	20	40	25	5.5	83	71.5	53	71	42	32	30.5	23	36	35.5	5.5	21	64	68.5	0	63	9.5	35	40	31	40.5	64.5	43	63	71	28.5	46	27	61.5	40	67.5	76.5	25	14	20	59.5	71.5	80	56.5	24.5	51	65	30	41.5	34.5	32.5	44	77.5	76	40	26	26.5	68	43	23	56.5	63	61.5	40	
58	55	75	38	31	53.5	24.5	35.5	41	37	34	42	62	25.5	39	42.5	41.5	34.5	28.5	52	38	46.5	31.5	30.5	70	69	59	27.5	49	39	16	55	15	62.5	45.5	32	35.5	31.5	34.5	58.5	24	60.5	21	40	57.5	56.5	49	45	58.5	32	54.5	56	20.5	33.5	36.5	47.5	39	65	52	26	47	30	27.5	59	39	54	66.5	26	52.5	26	48	37	47	53.5	54	63	31.5	66.5	52	45	49.5	63	0	70.5	44	59	48	36.5	29.5	36	44	48	65.5	33	38	22.5	39	11.5	27.5	64	55	69	19.5	42.5	39	37.5	54.5	32	14	49	37.5	59.5	51.5	35	36.5	23	59	47	52.5	49	36	56	37.5	44	17.5	39	
31.5	28.5	16.5	48.5	75.5	21	58	51	45.5	69.5	52.5	84.5	35.5	61	77.5	44	68	52	58	28.5	48.5	40	43	71	11.5	15.5	27.5	59	75.5	47.5	64.5	21.5	55.5	24	27	64.5	62	58	93	20	52.5	12	65.5	46.5	17	18	77.5	41.5	28	48.5	26	30.5	79	47	48	39	35.5	26.5	34.5	80.5	33.5	56.5	64	27.5	47.5	32.5	4	84.5	79	60.5	78.5	45.5	39.5	21	32.5	36.5	43	4	28.5	71.5	76	9.5	70.5	0	32.5	32.5	38.5	48	72	50.5	70.5	78.5	31	53.5	34.5	69	47.5	65	84	27.5	21.5	22.5	63	79	87.5	64	32	58.5	62.5	37.5	49	33	23	51.5	85	81.5	32.5	33.5	34	75.5	50.5	30.5	64	70.5	69	47.5	
16	13	43	36	59	11.5	27.5	48.5	29	65	42	70	20	38.5	67	15.5	81.5	47.5	41.5	36	36	39.5	56.5	58.5	38	29	15	30.5	79	17	34	33	59	25.5	42.5	60	77.5	61.5	62.5	29.5	22	32.5	39	38	15.5	31.5	77	23	16.5	56	33.5	24	48.5	16.5	51.5	40.5	49	23	30	54	41	38	55.5	27	47	32	36.5	54	80.5	34	76	15	15	11.5	12	21	56.5	36.5	36	83	83.5	35	44	32.5	0	17	26	51.5	57.5	24	74	76	23.5	31	50	50.5	17	34.5	55.5	22	33	27	32.5	70.5	67	75.5	17.5	74	32	27	30.5	17.5	9.5	43	64.5	51	17	41	35.5	79	44	12	75.5	74	40.5	27	
1	8	26	51	74	11.5	42.5	63.5	44	80	57	85	3	53.5	82	30.5	96.5	62.5	56.5	51	51	54.5	71.5	73.5	33	34	32	45.5	94	32	49	48	74	40.5	57.5	75	92.5	76.5	77.5	44.5	37	42.5	54	53	15.5	46.5	92	38	26.5	71	48.5	39	63.5	31.5	66.5	55.5	64	18	45	69	56	53	70.5	42	62	47	36.5	69	95.5	49	91	30	30	11.5	17	4	71.5	36.5	51	98	98.5	40	59	32.5	17	0	41	66.5	72.5	39	89	91	13.5	46	65	65.5	32	49.5	70.5	17	48	22	47.5	85.5	82	90.5	32.5	89	47	42	45.5	7.5	9.5	58	79.5	66	0	56	50.5	94	59	29	90.5	89	55.5	42	
40	37	43	40	63	35.5	31.5	42.5	33	61	44	74	44	42.5	69	24.5	59.5	43.5	45.5	10	40	31.5	34.5	62.5	38	37	39	34.5	67	9	38	23	47	30.5	18.5	56	53.5	49.5	66.5	26.5	26	28.5	43	38	39.5	24.5	69	3	40.5	40	22.5	32	52.5	20.5	39.5	30.5	27	47	4	58	25	42	55.5	29	39	6	34.5	58	70.5	38	70	11	29	35.5	36	45	34.5	34.5	10	63	67.5	31	48	38.5	26	41	0	39.5	61.5	28	62	70	47.5	35	26	54.5	9	38.5	59.5	46	23	49	36.5	70.5	71	55.5	36.5	50	36	1	34.5	41.5	33.5	43	68.5	55	41	25	25.5	67	42	38	55.5	62	44.5	31	
65.5	62.5	52.5	29.5	41.5	61	32	3	36.5	35.5	23.5	50.5	69.5	13	43.5	50	34	4	10	29.5	29.5	26	5	37	47.5	46.5	48.5	35	41.5	46.5	28.5	32.5	21.5	40	23	30.5	28	24	57	36	31.5	38	31.5	27.5	65	34	43.5	42.5	54	14.5	32	41.5	43	41	0	25	16.5	62.5	35.5	46.5	24.5	27.5	30	38.5	18.5	33.5	44	48.5	45	31.5	44.5	44.5	50.5	61	61.5	70.5	5	44	29.5	37.5	42	40.5	36.5	48	51.5	66.5	39.5	0	38	41.5	36.5	44.5	67	34.5	15.5	35	46.5	29	50	63.5	32.5	58.5	19	45	53.5	30	48	24.5	26.5	38.5	35	67	59	22.5	51	45.5	66.5	24.5	30	41.5	21.5	51.5	30	36.5	35	38.5	
71.5	68.5	76.5	51.5	29.5	67	38	41	54.5	29.5	47.5	40.5	75.5	39	37.5	56	28	42	42	53.5	51.5	50	33	1	71.5	70.5	72.5	41	35.5	52.5	29.5	56.5	30.5	64	47	29.5	22	28	33	60	37.5	62	34.5	51.5	71	58	37.5	58.5	72	33.5	56	65.5	9	47	38	49	40.5	78.5	59.5	24.5	48.5	43.5	34	62.5	42.5	57.5	68	24.5	39	39.5	38.5	50.5	60.5	67	67.5	76.5	33	68	53.5	31.5	36	64.5	29.5	72	57.5	72.5	61.5	38	0	49.5	30.5	38.5	79	46.5	39.5	31	52.5	25	26	77.5	56.5	82.5	33	39	37.5	24	68	18.5	27.5	62.5	51	73	65	46.5	35	21.5	72.5	48.5	54	35.5	45.5	69.5	24	30.5	31	52.5	
38	35	55	28	51	33.5	19.5	40.5	5	57	34	62	42	30.5	59	22.5	61.5	39.5	33.5	32	28	31.5	36.5	50.5	50	49	39	22.5	69	19	26	35	49	42.5	25.5	52	55.5	51.5	54.5	38.5	14	40.5	31	30	37.5	36.5	69	25	38.5	42	34.5	36	40.5	13.5	41.5	32.5	29	45	32	46	17	30	47.5	39	39	34	46.5	46	72.5	26	68	17	27	33.5	34	43	36.5	46.5	32	65	69.5	43	36	50.5	24	39	28	41.5	49.5	0	64	68	45.5	23	28	42.5	19	26.5	47.5	44	35	49	24.5	62.5	59	57.5	34.5	52	24	29	22.5	39.5	31.5	35	56.5	43	39	17	32.5	69	36	36	57.5	64	32.5	3	
88	85	75	52	29	83.5	54.5	39.5	59	23	46	28	92	49.5	7	72.5	11.5	40.5	46.5	52	52	48.5	31.5	29.5	70	69	71	57.5	19	69	46	55	29	62.5	45.5	28	10.5	26.5	34.5	58.5	54	60.5	49	50	87.5	56.5	21	65	76.5	32	54.5	64	35.5	63.5	36.5	47.5	39	85	58	34	47	50	32.5	61	41	56	66.5	20	22.5	54	22	67	73	83.5	84	93	31.5	66.5	52	15	19.5	63	44	70.5	74	89	62	36.5	30.5	64	0	22	89.5	57	38	37.5	69	41.5	32.5	86	55	81	49.5	22.5	31	12.5	70.5	12	44	61	57.5	89.5	81.5	45	28.5	33	89	47	52.5	19	44	74	12.5	0	47.5	61	
90	87	83	60	37	85.5	56.5	47.5	67	31	54	6	94	57.5	29	74.5	14.5	48.5	54.5	60	60	56.5	39.5	37.5	78	77	79	59.5	3	71	48	63	37	70.5	53.5	36	18.5	34.5	26.5	66.5	56	68.5	53	58	89.5	64.5	1	73	84.5	40	62.5	72	37.5	65.5	44.5	55.5	47	93	66	38	55	58	40.5	69	49	64	74.5	28	20.5	58	0	69	79	85.5	86	95	39.5	74.5	60	7	17.5	71	48	78.5	76	91	70	44.5	38.5	68	22	0	97.5	65	46	45.5	71	43.5	34.5	94	63	89	51.5	25.5	9	20.5	78.5	20	46	69	65.5	91.5	83.5	53	31.5	35	91	55	60.5	3	52	82	20.5	22	49.5	69	
12.5	14.5	25.5	57.5	80.5	18	49	70	50.5	86.5	63.5	91.5	16.5	60	88.5	37	87	69	63	47.5	57.5	59	62	80	25.5	34.5	38.5	52	94.5	38.5	55.5	40.5	74.5	43	46	81.5	81	77	84	39	43.5	31	60.5	59.5	22	37	96.5	44.5	33	67.5	45	45.5	70	38	67	58	54.5	24.5	51.5	75.5	52.5	59.5	77	46.5	66.5	51.5	27	75.5	98	55.5	97.5	36.5	36.5	18	23.5	17.5	62	27	47.5	90.5	95	28.5	65.5	31	23.5	13.5	47.5	67	79	45.5	89.5	97.5	0	52.5	53.5	72	38.5	56	77	23.5	40.5	28.5	54	92	88.5	83	39	77.5	53.5	48.5	52	6	16	64.5	86	72.5	13.5	52.5	53	94.5	65.5	35.5	83	89.5	62	48.5	
45	42	58	5	48	40.5	16.5	37.5	28	54	31	59	49	27.5	56	29.5	54.5	36.5	30.5	35	5	31.5	29.5	47.5	53	52	46	19.5	62	26	23	38	42	45.5	28.5	49	48.5	44.5	51.5	41.5	9	43.5	28	7	44.5	39.5	64	32	45.5	35	37.5	43	37.5	20.5	34.5	30.5	18	52	39	43	30	27	44.5	44	34	39	49.5	43	65.5	23	65	24	34	40.5	41	50	29.5	49.5	35	58	62.5	46	33	53.5	31	46	35	34.5	46.5	23	57	65	52.5	0	19	39.5	26	23.5	44.5	51	38	56	21.5	59.5	56	50.5	41.5	45	21	36	24.5	46.5	38.5	32	53.5	40	46	30	35.5	62	33	43	50.5	57	29.5	26	
64	59	39	14	43	55.5	29.5	18.5	23	37	20	52	62	28.5	45	36.5	35.5	19.5	25.5	16	14	12.5	10.5	38.5	34	33	35	26.5	43	35	38	19	23	26.5	9.5	32	29.5	25.5	64.5	22.5	28	24.5	33	12	51.5	20.5	45	29	40.5	16	18.5	28	48.5	35.5	15.5	11.5	1	49	22	48	11	24	31.5	25	15	20	30.5	58	46.5	28	46	37	37	55.5	50	61	10.5	30.5	16	39	43.5	27	38	34.5	50	65	26	15.5	39.5	28	38	46	53.5	19	0	36.5	35	42.5	51.5	50	19	45	34.5	46.5	55	31.5	34.5	26	40	25	21.5	59.5	57.5	19	52.5	51	65	11	16.5	43	18	38	31.5	38	36.5	25	
64.5	61.5	73.5	44.5	32.5	60	31	38	47.5	36.5	40.5	43.5	68.5	32	40.5	49	35	39	35	50.5	44.5	47	30	32	68.5	67.5	65.5	34	42.5	45.5	22.5	53.5	27.5	61	44	31.5	29	11	36	57	30.5	59	27.5	46.5	64	55	44.5	51.5	65	30.5	53	62.5	22	40	35	46	37.5	71.5	56.5	27.5	45.5	36.5	5	59.5	39.5	54.5	65	27.5	46	32.5	45.5	43.5	53.5	60	60.5	69.5	30	65	50.5	38.5	43	61.5	22.5	69	50.5	65.5	54.5	35	31	42.5	37.5	45.5	72	39.5	36.5	0	45.5	18	29	70.5	53.5	75.5	26	44	40.5	31	61	25.5	20.5	55.5	44	66	58	41.5	38	24.5	65.5	45.5	51	42.5	42.5	62.5	31	37.5	24	45.5	
31	28	52	31	54	26.5	22.5	43.5	24	60	37	65	35	33.5	62	15.5	68.5	42.5	36.5	19	31	34.5	43.5	53.5	47	44	32	25.5	74	0	29	32	54	35.5	27.5	55	62.5	56.5	57.5	35.5	17	37.5	34	33	30.5	33.5	72	6	31.5	49	31.5	29	43.5	11.5	46.5	35.5	36	38	13	49	34	33	50.5	32	42	15	43.5	49	75.5	29	71	2	20	26.5	27	36	43.5	43.5	19	72	76.5	40	39	47.5	17	32	9	46.5	52.5	19	69	71	38.5	26	35	45.5	0	29.5	50.5	37	32	42	27.5	65.5	62	64.5	27.5	59	27	10	25.5	32.5	24.5	38	59.5	46	32	34	30.5	74	39	29	64.5	69	35.5	22	
48.5	45.5	75.5	28.5	26.5	44	15	26	31.5	32.5	24.5	37.5	52.5	16	34.5	33	49	25	19	48.5	28.5	37	34	26	70.5	61.5	49.5	18	46.5	29.5	6.5	55.5	26.5	53	50	27.5	45	29	30	57	14.5	65	11.5	30.5	48	59	44.5	35.5	49	28.5	51	46.5	16	24	29	38	41.5	55.5	42.5	21.5	43.5	20.5	23	49.5	29.5	44.5	69	21.5	48	16.5	43.5	27.5	37.5	44	44.5	53.5	34	69	48.5	50.5	51	67.5	11.5	65	34.5	49.5	38.5	29	25	26.5	41.5	43.5	56	23.5	42.5	18	29.5	0	23	54.5	55.5	59.5	10	38	34.5	43	45	41.5	4.5	39.5	28	50	42	25.5	32	18.5	49.5	43.5	43	46.5	26.5	46.5	43	41.5	6	29.5	
69.5	66.5	88.5	49.5	22.5	65	36	47	52.5	28.5	45.5	28.5	73.5	37	25.5	54	30	46	40	65.5	49.5	58	45	27	83.5	82.5	70.5	39	37.5	50.5	27.5	68.5	42.5	74	59	33.5	22	40	21	72	35.5	74	32.5	51.5	69	70	35.5	56.5	70	45.5	68	67.5	17	45	50	59	52.5	76.5	63.5	17.5	60.5	41.5	34	70.5	50.5	65.5	80	12.5	39	37.5	34.5	48.5	58.5	65	65.5	74.5	45	80	65.5	33.5	38	76.5	27.5	84	55.5	70.5	59.5	50	26	47.5	32.5	34.5	77	44.5	51.5	29	50.5	23	0	75.5	68.5	80.5	31	29	25.5	20	66	25.5	25.5	60.5	49	71	63	46.5	23	14.5	70.5	60.5	64	37.5	47.5	67.5	20	32.5	29	50.5	
16	9	27	56	79	16.5	47.5	66.5	49	85	62	90	20	58.5	87	35.5	83.5	67.5	61.5	44	56	55.5	58.5	78.5	16	31	37	50.5	91	37	54	37	71	39.5	42.5	80	77.5	73.5	82.5	35.5	42	27.5	59	58	20.5	33.5	93	43	31.5	64	41.5	44	68.5	36.5	63.5	54.5	51	1	50	74	49	58	75.5	43	63	48	23.5	74	94.5	54	94	35	35	16.5	22	21	58.5	23.5	44	87	91.5	25	64	27.5	22	17	46	63.5	77.5	44	86	94	23.5	51	50	70.5	37	54.5	75.5	0	37	5	52.5	90.5	87	79.5	37.5	74	52	47	50.5	17.5	14.5	63	84.5	71	17	49	49.5	91	64	34	79.5	86	60.5	47	
47	44	26	33	60	42.5	46.5	35.5	30	54	37	69	49	45.5	62	28.5	52.5	36.5	42.5	13	33	24.5	27.5	55.5	21	20	22	43.5	60	32	55	0	40	13.5	11.5	49	46.5	42.5	81.5	9.5	43	11.5	50	31	38.5	7.5	62	26	27.5	33	10.5	9	65.5	37.5	32.5	23.5	20	36	19	65	18	41	48.5	6	32	17	17.5	75	63.5	45	63	34	18	42.5	37	48	27.5	17.5	13	56	60.5	14	55	21.5	33	48	23	32.5	56.5	35	55	63	40.5	38	19	53.5	32	55.5	68.5	37	0	32	51.5	63.5	72	48.5	21.5	43	53	22	33.5	46.5	40.5	36	69.5	68	48	18	18.5	60	35	25	48.5	55	53.5	32	
21	14	22	59	84	21.5	52.5	61.5	54	80	63	95	25	63.5	88	40.5	78.5	62.5	66.5	39	59	50.5	53.5	81.5	11	26	38	55.5	86	42	59	32	66	34.5	37.5	75	72.5	68.5	87.5	30.5	47	22.5	64	57	25.5	28.5	88	48	36.5	59	36.5	41	73.5	41.5	58.5	49.5	46	4	45	79	44	63	74.5	38	58	43	18.5	79	89.5	59	89	40	40	21.5	27	26	53.5	18.5	39	82	86.5	20	69	22.5	27	22	49	58.5	82.5	49	81	89	28.5	56	45	75.5	42	59.5	80.5	5	32	0	57.5	89.5	92	74.5	42.5	69	57	48	55.5	22.5	19.5	62	89.5	76	22	44	44.5	86	61	39	74.5	81	65.5	52	
46.5	43.5	71.5	26.5	34.5	42	13	16	29.5	40.5	22.5	45.5	50.5	6	42.5	31	53	15	9	46.5	26.5	35	24	34	66.5	59.5	47.5	16	54.5	27.5	9.5	51.5	34.5	51	42	35.5	47	37	38	55	12.5	57	14.5	28.5	46	53	52.5	33.5	47	31.5	49	44.5	24	22	19	36	35.5	53.5	40.5	29.5	41.5	18.5	31	47.5	27.5	42.5	63	29.5	56	14.5	51.5	25.5	35.5	42	42.5	51.5	24	63	46.5	56.5	59	59.5	19.5	63	32.5	47.5	36.5	19	33	24.5	49.5	51.5	54	21.5	34.5	26	27.5	10	31	52.5	51.5	57.5	0	46	42.5	49	43	43.5	7.5	37.5	26	48	40	23.5	40	26.5	47.5	41.5	41	54.5	24.5	44.5	49	49.5	16	27.5	
84.5	81.5	83.5	60.5	37.5	80	51	48	67.5	31.5	54.5	31.5	88.5	52	29.5	69	11	49	55	60.5	60.5	57	40	38	78.5	77.5	79.5	54	22.5	65.5	42.5	63.5	37.5	71	54	36.5	19	35	26	67	50.5	69	47.5	58.5	84	65	24.5	71.5	85	40.5	63	72.5	32	60	45	56	47.5	91.5	66.5	32.5	55.5	56.5	41	69.5	49.5	64.5	75	22.5	26	52.5	25.5	63.5	73.5	80	80.5	89.5	40	75	60.5	18.5	23	71.5	42.5	79	70.5	85.5	70.5	45	39	62.5	22.5	25.5	92	59.5	46.5	44	65.5	38	29	90.5	63.5	89.5	46	0	30.5	21	79	20.5	40.5	69.5	64	86	78	53.5	6	29.5	85.5	55.5	61	22.5	52.5	82.5	21	22.5	44	65.5	
81	78	92	61	34	76.5	47.5	56.5	64	40	57	3	85	48.5	32	65.5	23.5	57.5	51.5	69	61	65.5	48.5	38.5	87	86	82	50.5	12	62	39	72	46	79.5	62.5	45	27.5	43.5	17.5	75.5	47	77.5	44	63	80.5	73.5	10	68	81.5	49	71.5	79	28.5	56.5	53.5	64.5	56	88	75	29	64	53	45.5	78	58	73	83.5	19	29.5	49	9	60	70	76.5	77	86	48.5	83.5	69	16	26.5	80	39	87.5	67	82	71	53.5	37.5	59	31	9	88.5	56	55	40.5	62	34.5	25.5	87	72	92	42.5	30.5	0	29.5	77.5	29	37	72	60.5	82.5	74.5	58	24.5	26	82	64	69.5	12	59	79	29.5	31	40.5	62	
89.5	86.5	68.5	45.5	22.5	85	54	33	52.5	16.5	39.5	26.5	91.5	43	19.5	66	10	34	40	45.5	45.5	42	25	23	63.5	62.5	64.5	51	17.5	64.5	47.5	48.5	22.5	56	39	21.5	2	20	39	52	55.5	54	42.5	43.5	81	50	19.5	58.5	70	25.5	48	57.5	33	65	30	41	32.5	78.5	51.5	27.5	40.5	43.5	26	54.5	34.5	49.5	60	32.5	21	47.5	20.5	66.5	66.5	85	79.5	90.5	25	60	45.5	13.5	18	56.5	37.5	64	75.5	90.5	55.5	30	24	57.5	12.5	20.5	83	50.5	31.5	31	64.5	43	20	79.5	48.5	74.5	49	21	29.5	0	64	5.5	45.5	54.5	51	89	83	38.5	27	30.5	90.5	40.5	46	17.5	37.5	67.5	0	12.5	41	54.5	
31.5	28.5	36.5	46.5	69.5	27	38	51	39.5	69.5	52.5	80.5	35.5	49	77.5	26	68	52	52	28.5	46.5	40	43	69	31.5	30.5	32.5	41	75.5	27.5	44.5	21.5	55.5	8	27	64.5	62	58	73	12	32.5	22	49.5	46.5	31	14	77.5	33.5	32	48.5	26	30.5	59	27	48	39	35.5	38.5	34.5	64.5	33.5	48.5	64	27.5	47.5	32.5	28	64.5	79	44.5	78.5	25.5	25.5	27	27.5	36.5	43	28	28.5	71.5	76	24.5	54.5	32	17.5	32.5	36.5	48	68	34.5	70.5	78.5	39	41.5	34.5	61	27.5	45	66	37.5	21.5	42.5	43	79	77.5	64	0	58.5	42.5	37.5	41	33	25	51.5	75	61.5	32.5	33.5	34	75.5	50.5	29.5	64	70.5	51	37.5	
90	83	63	40	17	79.5	48.5	27.5	47	11	34	26	86	37.5	19	60.5	9.5	28.5	34.5	40	40	36.5	19.5	17.5	58	57	59	45.5	17	59	42	43	17	50.5	33.5	16	3.5	14.5	38.5	46.5	54	48.5	37	38	75.5	44.5	19	53	64.5	20	42.5	52	27.5	59.5	24.5	35.5	27	73	46	22	35	38	20.5	49	29	44	54.5	32	20.5	42	20	61	61	79.5	74	85	19.5	54.5	40	13	17.5	51	32	58.5	74	89	50	24.5	18.5	52	12	20	77.5	45	26	25.5	59	41.5	25.5	74	43	69	43.5	20.5	29	5.5	58.5	0	44	49	45.5	83.5	81.5	33	26.5	25	89	35	40.5	17	32	62	5.5	12	35.5	49	
46	43	73	26	29	41.5	12.5	23.5	29	35	22	40	50	13.5	37	30.5	51.5	22.5	16.5	46	26	34.5	31.5	28.5	68	59	47	15.5	49	27	2	53	29	50.5	47.5	30	47.5	31.5	32.5	54.5	12	62.5	7	28	45.5	56.5	47	33	46.5	24	48.5	44	18.5	21.5	26.5	35.5	39	53	40	24	41	18	25.5	47	27	42	66.5	24	50.5	14	46	25	35	41.5	42	51	31.5	66.5	46	53	53.5	65	14	62.5	32	47	36	26.5	27.5	24	44	46	53.5	21	40	20.5	27	4.5	25.5	52	53	57	7.5	40.5	37	45.5	42.5	44	0	37	25.5	47.5	39.5	23	34.5	21	47	41	40.5	49	24	44	45.5	44	10.5	27	
41	38	42	39	64	36.5	32.5	41.5	34	60	43	75	45	43.5	68	25.5	58.5	42.5	46.5	9	39	30.5	33.5	61.5	37	36	38	35.5	66	10	39	22	46	29.5	17.5	55	52.5	48.5	67.5	25.5	27	27.5	44	37	40.5	23.5	68	4	41.5	39	21.5	31	53.5	21.5	38.5	29.5	26	48	3	59	24	43	54.5	28	38	5	33.5	59	69.5	39	69	12	30	36.5	37	46	33.5	33.5	9	62	66.5	30	49	37.5	27	42	1	38.5	62.5	29	61	69	48.5	36	25	55.5	10	39.5	60.5	47	22	48	37.5	69.5	72	54.5	37.5	49	37	0	35.5	42.5	34.5	42	69.5	56	42	24	24.5	66	41	39	54.5	61	45.5	32	
44.5	41.5	53.5	29.5	52.5	40	21	38	27.5	56.5	35.5	63.5	48.5	32	60.5	29	55	39	35	30.5	29.5	9	30	52	48.5	47.5	45.5	24	62.5	25.5	27.5	33.5	42.5	41	24	51.5	49	45	56	37	15.5	39	32.5	31.5	44	35	64.5	31.5	45	35.5	33	42.5	42	20	35	10	22.5	51.5	36.5	47.5	25.5	31.5	49	39.5	34.5	34.5	45	47.5	66	27.5	65.5	23.5	33.5	40	40.5	49.5	30	45	30.5	58.5	63	41.5	37.5	49	30.5	45.5	34.5	35	51	22.5	57.5	65.5	52	24.5	21.5	44	25.5	28	49	50.5	33.5	55.5	26	64	60.5	51	41	45.5	25.5	35.5	0	46	38	36.5	58	44.5	45.5	25.5	31	62.5	37.5	42.5	51	57.5	34	25.5	
6.5	8.5	31.5	51.5	74.5	12	43	64	44.5	80.5	57.5	85.5	10.5	54	82.5	31	93	63	57	51.5	51.5	55	68	74	31.5	34.5	32.5	46	94.5	32.5	49.5	46.5	74.5	41	52	75.5	87	77	78	45	37.5	37	54.5	53.5	16	43	92.5	38.5	27	71.5	49	39.5	64	32	67	56	60.5	18.5	45.5	69.5	56.5	53.5	71	42.5	62.5	47.5	33	69.5	96	49.5	91.5	30.5	30.5	12	17.5	11.5	68	33	51.5	96.5	99	34.5	59.5	33	17.5	7.5	41.5	67	73	39.5	89.5	91.5	6	46.5	59.5	66	32.5	50	71	17.5	46.5	22.5	48	86	82.5	89	33	83.5	47.5	42.5	46	0	10	58.5	80	66.5	7.5	56.5	51	94.5	59.5	29.5	89	89.5	56	42.5	
8.5	5.5	35.5	43.5	66.5	2	35	56	36.5	72.5	49.5	77.5	12.5	46	74.5	23	89	55	49	43.5	43.5	47	64	66	30.5	26.5	24.5	38	86.5	24.5	41.5	40.5	66.5	33	50	67.5	85	69	70	37	29.5	35	46.5	45.5	6	39	84.5	30.5	19	63.5	41	31.5	56	24	59	48	56.5	15.5	37.5	61.5	48.5	45.5	63	34.5	54.5	39.5	27	61.5	88	41.5	83.5	22.5	22.5	2	9.5	13.5	64	27	43.5	90.5	91	32.5	51.5	23	9.5	9.5	33.5	59	65	31.5	81.5	83.5	16	38.5	57.5	58	24.5	42	63	14.5	40.5	19.5	40	78	74.5	83	25	81.5	39.5	34.5	38	10	0	50.5	72	58.5	9.5	48.5	43	86.5	51.5	21.5	83	81.5	48	34.5	
57	54	56	33	50	52.5	23.5	25.5	40	44	1	59	61	29.5	52	41.5	42.5	26.5	32.5	33	33	29.5	17.5	45.5	51	50	52	26.5	50	38	25	36	30	43.5	26.5	39	36.5	32.5	53.5	39.5	23	41.5	30	31	56.5	37.5	52	44	57.5	23	35.5	45	39.5	32.5	22.5	28.5	20	64	39	45	28	5	38.5	42	4	37	47.5	45	53.5	9	53	36	46	52.5	53	62	17.5	47.5	33	46	50.5	44	35	51.5	43	58	43	22.5	46.5	35	45	53	64.5	32	19	41.5	38	25.5	46.5	63	36	62	23.5	53.5	58	38.5	51.5	33	23	42	36.5	58.5	50.5	0	55.5	42	58	28	33.5	50	1	55	38.5	45	31.5	38	
78.5	75.5	89.5	58.5	31.5	74	45	54	61.5	37.5	54.5	27.5	82.5	46	29.5	63	17	55	49	66.5	58.5	63	46	36	84.5	83.5	79.5	48	28.5	59.5	36.5	69.5	43.5	77	60	42.5	25	41	20	73	44.5	75	41.5	60.5	78	71	30.5	65.5	79	46.5	69	76.5	26	54	51	62	53.5	85.5	72.5	26.5	61.5	50.5	43	75.5	55.5	70.5	81	16.5	32	46.5	31.5	57.5	67.5	74	74.5	83.5	46	81	66.5	24.5	29	77.5	36.5	85	64.5	79.5	68.5	51	35	56.5	28.5	31.5	86	53.5	52.5	38	59.5	32	23	84.5	69.5	89.5	40	6	24.5	27	75	26.5	34.5	69.5	58	80	72	55.5	0	23.5	79.5	61.5	67	28.5	56.5	76.5	27	28.5	38	59.5	
65	62	88	45	8	60.5	31.5	42.5	48	14	41	29	69	32.5	26	49.5	34.5	41.5	35.5	65	45	53.5	44.5	22.5	83	78	66	34.5	38	46	23	68	38	69.5	58.5	29	28.5	35.5	21.5	71.5	31	73.5	28	47	64.5	69.5	36	52	65.5	45	67.5	63	12.5	40.5	45.5	54.5	52	72	59	3	60	37	29.5	66	46	61	79.5	13	39.5	33	35	44	54	60.5	61	70	44.5	79.5	65	38	42.5	76	23	81.5	51	66	55	45.5	21.5	43	33	35	72.5	40	51	24.5	46	18.5	14.5	71	68	76	26.5	29.5	26	30.5	61.5	25	21	56	44.5	66.5	58.5	42	23.5	0	66	60	59.5	38	43	63	30.5	33	24.5	46	
1	8	26	51	74	11.5	42.5	63.5	44	80	57	85	3	53.5	82	30.5	96.5	62.5	56.5	51	51	54.5	71.5	73.5	33	34	32	45.5	94	32	49	48	74	40.5	57.5	75	92.5	76.5	77.5	44.5	37	42.5	54	53	15.5	46.5	92	38	26.5	71	48.5	39	63.5	31.5	66.5	55.5	64	18	45	69	56	53	70.5	42	62	47	36.5	69	95.5	49	91	30	30	11.5	17	4	71.5	36.5	51	98	98.5	40	59	32.5	17	0	41	66.5	72.5	39	89	91	13.5	46	65	65.5	32	49.5	70.5	17	48	22	47.5	85.5	82	90.5	32.5	89	47	42	45.5	7.5	9.5	58	79.5	66	0	56	50.5	94	59	29	90.5	89	55.5	42	
55	52	38	25	52	50.5	36.5	27.5	12	46	29	61	59	37.5	54	35.5	44.5	28.5	34.5	15	25	16.5	19.5	47.5	33	32	34	35.5	52	34	43	18	32	25.5	8.5	41	38.5	34.5	71.5	21.5	31	23.5	42	23	50.5	19.5	54	28	39.5	25	17.5	27	57.5	30.5	24.5	15.5	12	48	21	57	0	33	40.5	24	24	19	29.5	63	55.5	37	55	34	36	50.5	49	60	19.5	29.5	15	48	52.5	26	47	33.5	41	56	25	24.5	48.5	17	47	55	52.5	30	11	45.5	34	43.5	60.5	49	18	44	41.5	55.5	64	40.5	33.5	35	41	24	25.5	56.5	48.5	28	61.5	60	56	0	15.5	52	27	37	40.5	47	45.5	14	
49.5	46.5	38.5	30.5	57.5	45	36	33	27.5	51.5	34.5	66.5	53.5	43	59.5	34	50	34	40	15.5	30.5	22	25	53	33.5	32.5	34.5	39	57.5	30.5	42.5	18.5	37.5	26	7	46.5	44	40	71	22	30.5	24	47.5	28.5	49	20	59.5	28.5	40	30.5	18	27.5	57	19	30	21	17.5	48.5	21.5	62.5	15.5	38.5	46	24.5	29.5	19.5	30	62.5	61	42.5	60.5	28.5	36.5	45	45.5	54.5	25	30	15.5	53.5	58	26.5	52.5	34	35.5	50.5	25.5	30	54	32.5	52.5	60.5	53	35.5	16.5	51	30.5	43	64	49.5	18.5	44.5	41	61	69.5	46	34	40.5	40.5	24.5	31	51	43	33.5	67	59.5	50.5	15.5	0	57.5	32.5	37.5	46	52.5	49	29.5	
93	90	80	57	34	88.5	59.5	44.5	64	28	51	9	97	54.5	26	77.5	11.5	45.5	51.5	57	57	53.5	36.5	34.5	75	74	76	62.5	0	74	51	60	34	67.5	50.5	33	15.5	31.5	29.5	63.5	59	65.5	54	55	92.5	61.5	2	70	81.5	37	59.5	69	40.5	68.5	41.5	52.5	44	90	63	39	52	55	37.5	66	46	61	71.5	31	17.5	59	3	72	78	88.5	89	98	36.5	71.5	57	4	14.5	68	49	75.5	79	94	67	41.5	35.5	69	19	3	94.5	62	43	42.5	74	46.5	37.5	91	60	86	54.5	22.5	12	17.5	75.5	17	49	66	62.5	94.5	86.5	50	28.5	38	94	52	57.5	0	49	79	17.5	19	52.5	66	
58	55	55	32	49	53.5	24.5	24.5	39	43	2	58	62	30.5	51	42.5	41.5	25.5	31.5	32	32	28.5	16.5	44.5	50	49	51	27.5	49	39	26	35	29	42.5	25.5	38	35.5	31.5	54.5	38.5	24	40.5	31	30	57.5	36.5	51	45	56.5	22	34.5	44	40.5	33.5	21.5	27.5	19	65	38	46	27	6	37.5	41	3	36	46.5	46	52.5	10	52	37	47	53.5	54	63	16.5	46.5	32	45	49.5	43	36	50.5	44	59	42	21.5	45.5	36	44	52	65.5	33	18	42.5	39	26.5	47.5	64	35	61	24.5	52.5	59	37.5	50.5	32	24	41	37.5	59.5	51.5	1	56.5	43	59	27	32.5	49	0	54	37.5	44	32.5	39	
28	25	35	48	71	23.5	39.5	54.5	41	73	54	82	32	50.5	79	27.5	71.5	55.5	53.5	32	48	43.5	46.5	70.5	30	29	3	42.5	79	29	46	25	59	27.5	30.5	68	65.5	61.5	74.5	23.5	34	20.5	51	50	27.5	21.5	81	35	28.5	52	29.5	34	60.5	28.5	51.5	42.5	39	35	38	66	37	50	67.5	31	51	36	26.5	66	82.5	46	82	27	27	23.5	24	33	46.5	26.5	32	75	79.5	23	56	30.5	12	29	38	51.5	69.5	36	74	82	35.5	43	38	62.5	29	46.5	67.5	34	25	39	44.5	82.5	79	67.5	29.5	62	44	39	42.5	29.5	21.5	55	76.5	63	29	37	37.5	79	54	0	67.5	74	52.5	39	
89.5	86.5	68.5	45.5	22.5	85	54	33	52.5	16.5	39.5	26.5	91.5	43	19.5	66	10	34	40	45.5	45.5	42	25	23	63.5	62.5	64.5	51	17.5	64.5	47.5	48.5	22.5	56	39	21.5	2	20	39	52	55.5	54	42.5	43.5	81	50	19.5	58.5	70	25.5	48	57.5	33	65	30	41	32.5	78.5	51.5	27.5	40.5	43.5	26	54.5	34.5	49.5	60	32.5	21	47.5	20.5	66.5	66.5	85	79.5	90.5	25	60	45.5	13.5	18	56.5	37.5	64	75.5	90.5	55.5	30	24	57.5	12.5	20.5	83	50.5	31.5	31	64.5	43	20	79.5	48.5	74.5	49	21	29.5	0	64	5.5	45.5	54.5	51	89	83	38.5	27	30.5	90.5	40.5	46	17.5	37.5	67.5	0	12.5	41	54.5	
88	85	75	52	29	83.5	54.5	39.5	59	23	46	28	92	49.5	7	72.5	11.5	40.5	46.5	52	52	48.5	31.5	29.5	70	69	71	57.5	19	69	46	55	29	62.5	45.5	28	10.5	26.5	34.5	58.5	54	60.5	49	50	87.5	56.5	21	65	76.5	32	54.5	64	35.5	63.5	36.5	47.5	39	85	58	34	47	50	32.5	61	41	56	66.5	20	22.5	54	22	67	73	83.5	84	93	31.5	66.5	52	15	19.5	63	44	70.5	74	89	62	36.5	30.5	64	0	22	89.5	57	38	37.5	69	41.5	32.5	86	55	81	49.5	22.5	31	12.5	70.5	12	44	61	57.5	89.5	81.5	45	28.5	33	89	47	52.5	19	44	74	12.5	0	47.5	61	
54.5	51.5	73.5	34.5	32.5	50	21	32	37.5	38.5	30.5	43.5	58.5	22	40.5	39	45	31	25	50.5	34.5	43	30	32	68.5	67.5	55.5	24	52.5	35.5	12.5	53.5	32.5	59	44	33.5	39	35	36	57	20.5	59	17.5	36.5	54	55	50.5	41.5	55	30.5	53	52.5	22	30	35	44	37.5	61.5	48.5	27.5	45.5	26.5	29	55.5	35.5	50.5	65	27.5	54	22.5	49.5	33.5	43.5	50	50.5	59.5	30	65	50.5	48.5	53	61.5	17.5	69	40.5	55.5	44.5	35	31	32.5	47.5	49.5	62	29.5	36.5	24	35.5	6	29	60.5	53.5	65.5	16	44	40.5	41	51	35.5	10.5	45.5	34	56	48	31.5	38	24.5	55.5	45.5	49	52.5	32.5	52.5	41	47.5	0	35.5	
41	38	52	31	54	36.5	22.5	41.5	2	60	37	65	45	33.5	62	25.5	58.5	42.5	36.5	29	31	30.5	33.5	53.5	47	46	42	25.5	66	22	29	32	46	39.5	22.5	55	52.5	48.5	57.5	35.5	17	37.5	34	33	40.5	33.5	68	28	41.5	39	31.5	39	43.5	16.5	38.5	29.5	26	48	35	49	14	33	50.5	38	38	33	43.5	49	69.5	29	69	20	30	36.5	37	46	33.5	43.5	29	62	66.5	40	39	47.5	27	42	31	38.5	52.5	3	61	69	48.5	26	25	45.5	22	29.5	50.5	47	32	52	27.5	65.5	62	54.5	37.5	49	27	32	25.5	42.5	34.5	38	59.5	46	42	14	29.5	66	39	39	54.5	61	35.5	0	
