Number of items: 125
Horizon: 15
Time limit: 1000
Load limit: 7500
Initial item inventory level
16
84
75
288
58
97
42
172
130
189
42
114
84
40
255
65
30
29
68
28
80
51
93
192
156
172
96
21
198
10
102
52
13
84
237
150
39
176
76
64
95
22
228
31
192
144
60
195
29
52
276
30
162
198
64
75
59
39
48
225
84
114
44
124
279
141
279
118
56
83
99
96
50
178
39
36
170
59
67
90
62
174
114
78
40
201
144
273
104
166
54
108
64
50
171
30
96
174
186
22
38
43
128
24
105
66
166
164
177
134
168
56
94
78
288
216
297
99
54
255
150
249
81
114
88
Maximum inventory capacity per item
32
168
150
384
116
194
63
258
195
252
63
171
112
60
340
130
60
58
136
56
120
102
186
288
234
258
144
42
264
20
136
104
26
112
316
225
52
264
152
128
190
44
304
62
288
192
80
260
58
104
368
45
216
264
128
150
118
52
96
300
168
171
88
186
372
188
372
177
84
166
198
144
100
267
52
48
255
118
134
180
93
232
152
104
60
268
192
364
156
249
72
144
96
75
228
40
128
261
248
33
76
86
192
48
140
99
249
246
236
201
224
112
141
117
384
288
396
198
72
340
200
332
108
152
176
Reserve storage replenishment rate per item and per period
96	0	0	96	0	0	96	0	0	96	0	0	96	0	0	
504	0	0	504	0	0	504	0	0	504	0	0	504	0	0	
450	0	0	450	0	0	450	0	0	450	0	0	450	0	0	
576	0	0	576	0	0	576	0	0	576	0	0	576	0	0	
348	0	0	348	0	0	348	0	0	348	0	0	348	0	0	
582	0	0	582	0	0	582	0	0	582	0	0	582	0	0	
126	0	0	126	0	0	126	0	0	126	0	0	126	0	0	
516	0	0	516	0	0	516	0	0	516	0	0	516	0	0	
390	0	0	390	0	0	390	0	0	390	0	0	390	0	0	
378	0	0	378	0	0	378	0	0	378	0	0	378	0	0	
126	0	0	126	0	0	126	0	0	126	0	0	126	0	0	
342	0	0	342	0	0	342	0	0	342	0	0	342	0	0	
168	0	0	168	0	0	168	0	0	168	0	0	168	0	0	
120	0	0	120	0	0	120	0	0	120	0	0	120	0	0	
510	0	0	510	0	0	510	0	0	510	0	0	510	0	0	
390	0	0	390	0	0	390	0	0	390	0	0	390	0	0	
180	0	0	180	0	0	180	0	0	180	0	0	180	0	0	
174	0	0	174	0	0	174	0	0	174	0	0	174	0	0	
408	0	0	408	0	0	408	0	0	408	0	0	408	0	0	
168	0	0	168	0	0	168	0	0	168	0	0	168	0	0	
240	0	0	240	0	0	240	0	0	240	0	0	240	0	0	
306	0	0	306	0	0	306	0	0	306	0	0	306	0	0	
558	0	0	558	0	0	558	0	0	558	0	0	558	0	0	
576	0	0	576	0	0	576	0	0	576	0	0	576	0	0	
468	0	0	468	0	0	468	0	0	468	0	0	468	0	0	
516	0	0	516	0	0	516	0	0	516	0	0	516	0	0	
288	0	0	288	0	0	288	0	0	288	0	0	288	0	0	
126	0	0	126	0	0	126	0	0	126	0	0	126	0	0	
396	0	0	396	0	0	396	0	0	396	0	0	396	0	0	
60	0	0	60	0	0	60	0	0	60	0	0	60	0	0	
204	0	0	204	0	0	204	0	0	204	0	0	204	0	0	
312	0	0	312	0	0	312	0	0	312	0	0	312	0	0	
78	0	0	78	0	0	78	0	0	78	0	0	78	0	0	
168	0	0	168	0	0	168	0	0	168	0	0	168	0	0	
474	0	0	474	0	0	474	0	0	474	0	0	474	0	0	
450	0	0	450	0	0	450	0	0	450	0	0	450	0	0	
78	0	0	78	0	0	78	0	0	78	0	0	78	0	0	
528	0	0	528	0	0	528	0	0	528	0	0	528	0	0	
456	0	0	456	0	0	456	0	0	456	0	0	456	0	0	
384	0	0	384	0	0	384	0	0	384	0	0	384	0	0	
570	0	0	570	0	0	570	0	0	570	0	0	570	0	0	
132	0	0	132	0	0	132	0	0	132	0	0	132	0	0	
456	0	0	456	0	0	456	0	0	456	0	0	456	0	0	
186	0	0	186	0	0	186	0	0	186	0	0	186	0	0	
576	0	0	576	0	0	576	0	0	576	0	0	576	0	0	
288	0	0	288	0	0	288	0	0	288	0	0	288	0	0	
120	0	0	120	0	0	120	0	0	120	0	0	120	0	0	
390	0	0	390	0	0	390	0	0	390	0	0	390	0	0	
174	0	0	174	0	0	174	0	0	174	0	0	174	0	0	
312	0	0	312	0	0	312	0	0	312	0	0	312	0	0	
552	0	0	552	0	0	552	0	0	552	0	0	552	0	0	
90	0	0	90	0	0	90	0	0	90	0	0	90	0	0	
324	0	0	324	0	0	324	0	0	324	0	0	324	0	0	
396	0	0	396	0	0	396	0	0	396	0	0	396	0	0	
384	0	0	384	0	0	384	0	0	384	0	0	384	0	0	
450	0	0	450	0	0	450	0	0	450	0	0	450	0	0	
354	0	0	354	0	0	354	0	0	354	0	0	354	0	0	
78	0	0	78	0	0	78	0	0	78	0	0	78	0	0	
288	0	0	288	0	0	288	0	0	288	0	0	288	0	0	
450	0	0	450	0	0	450	0	0	450	0	0	450	0	0	
504	0	0	504	0	0	504	0	0	504	0	0	504	0	0	
342	0	0	342	0	0	342	0	0	342	0	0	342	0	0	
264	0	0	264	0	0	264	0	0	264	0	0	264	0	0	
372	0	0	372	0	0	372	0	0	372	0	0	372	0	0	
558	0	0	558	0	0	558	0	0	558	0	0	558	0	0	
282	0	0	282	0	0	282	0	0	282	0	0	282	0	0	
558	0	0	558	0	0	558	0	0	558	0	0	558	0	0	
354	0	0	354	0	0	354	0	0	354	0	0	354	0	0	
168	0	0	168	0	0	168	0	0	168	0	0	168	0	0	
498	0	0	498	0	0	498	0	0	498	0	0	498	0	0	
594	0	0	594	0	0	594	0	0	594	0	0	594	0	0	
288	0	0	288	0	0	288	0	0	288	0	0	288	0	0	
300	0	0	300	0	0	300	0	0	300	0	0	300	0	0	
534	0	0	534	0	0	534	0	0	534	0	0	534	0	0	
78	0	0	78	0	0	78	0	0	78	0	0	78	0	0	
72	0	0	72	0	0	72	0	0	72	0	0	72	0	0	
510	0	0	510	0	0	510	0	0	510	0	0	510	0	0	
354	0	0	354	0	0	354	0	0	354	0	0	354	0	0	
402	0	0	402	0	0	402	0	0	402	0	0	402	0	0	
540	0	0	540	0	0	540	0	0	540	0	0	540	0	0	
186	0	0	186	0	0	186	0	0	186	0	0	186	0	0	
348	0	0	348	0	0	348	0	0	348	0	0	348	0	0	
228	0	0	228	0	0	228	0	0	228	0	0	228	0	0	
156	0	0	156	0	0	156	0	0	156	0	0	156	0	0	
120	0	0	120	0	0	120	0	0	120	0	0	120	0	0	
402	0	0	402	0	0	402	0	0	402	0	0	402	0	0	
288	0	0	288	0	0	288	0	0	288	0	0	288	0	0	
546	0	0	546	0	0	546	0	0	546	0	0	546	0	0	
312	0	0	312	0	0	312	0	0	312	0	0	312	0	0	
498	0	0	498	0	0	498	0	0	498	0	0	498	0	0	
108	0	0	108	0	0	108	0	0	108	0	0	108	0	0	
216	0	0	216	0	0	216	0	0	216	0	0	216	0	0	
192	0	0	192	0	0	192	0	0	192	0	0	192	0	0	
150	0	0	150	0	0	150	0	0	150	0	0	150	0	0	
342	0	0	342	0	0	342	0	0	342	0	0	342	0	0	
60	0	0	60	0	0	60	0	0	60	0	0	60	0	0	
192	0	0	192	0	0	192	0	0	192	0	0	192	0	0	
522	0	0	522	0	0	522	0	0	522	0	0	522	0	0	
372	0	0	372	0	0	372	0	0	372	0	0	372	0	0	
66	0	0	66	0	0	66	0	0	66	0	0	66	0	0	
228	0	0	228	0	0	228	0	0	228	0	0	228	0	0	
258	0	0	258	0	0	258	0	0	258	0	0	258	0	0	
384	0	0	384	0	0	384	0	0	384	0	0	384	0	0	
144	0	0	144	0	0	144	0	0	144	0	0	144	0	0	
210	0	0	210	0	0	210	0	0	210	0	0	210	0	0	
198	0	0	198	0	0	198	0	0	198	0	0	198	0	0	
498	0	0	498	0	0	498	0	0	498	0	0	498	0	0	
492	0	0	492	0	0	492	0	0	492	0	0	492	0	0	
354	0	0	354	0	0	354	0	0	354	0	0	354	0	0	
402	0	0	402	0	0	402	0	0	402	0	0	402	0	0	
336	0	0	336	0	0	336	0	0	336	0	0	336	0	0	
336	0	0	336	0	0	336	0	0	336	0	0	336	0	0	
282	0	0	282	0	0	282	0	0	282	0	0	282	0	0	
234	0	0	234	0	0	234	0	0	234	0	0	234	0	0	
576	0	0	576	0	0	576	0	0	576	0	0	576	0	0	
432	0	0	432	0	0	432	0	0	432	0	0	432	0	0	
594	0	0	594	0	0	594	0	0	594	0	0	594	0	0	
594	0	0	594	0	0	594	0	0	594	0	0	594	0	0	
108	0	0	108	0	0	108	0	0	108	0	0	108	0	0	
510	0	0	510	0	0	510	0	0	510	0	0	510	0	0	
300	0	0	300	0	0	300	0	0	300	0	0	300	0	0	
498	0	0	498	0	0	498	0	0	498	0	0	498	0	0	
162	0	0	162	0	0	162	0	0	162	0	0	162	0	0	
228	0	0	228	0	0	228	0	0	228	0	0	228	0	0	
528	0	0	528	0	0	528	0	0	528	0	0	528	0	0	
Forward storage demand rate per item and per period
16	21	18	8	15	21	18	17	14	28	15	11	17	9	12	
84	103	57	162	78	104	111	6	36	39	59	79	79	94	140	
75	70	88	78	99	93	46	76	83	44	94	87	20	36	113	
96	58	32	33	74	64	65	59	50	129	33	65	97	70	125	
58	84	49	56	42	5	21	42	52	70	46	88	47	81	44	
97	84	158	81	83	80	103	100	127	136	149	100	96	142	82	
21	26	23	26	25	34	19	14	26	15	18	14	20	37	7	
86	92	98	104	94	92	127	71	52	109	63	14	104	141	58	
65	65	74	48	90	103	107	84	118	122	64	74	81	98	56	
63	73	14	87	74	84	90	51	97	103	89	86	50	62	56	
21	14	23	15	36	8	10	13	35	12	30	20	12	13	36	
57	59	44	28	26	7	40	32	24	66	59	80	18	1	39	
28	24	5	38	22	12	22	18	38	34	48	38	27	14	20	
20	18	31	23	4	20	19	11	26	20	20	16	6	32	21	
85	124	16	94	104	160	69	94	86	149	78	97	95	103	64	
65	89	20	60	68	61	80	20	75	103	62	113	125	51	43	
30	28	39	22	5	32	42	39	31	31	20	41	27	17	27	
29	46	37	31	49	30	8	48	36	28	55	30	40	45	17	
68	49	79	53	69	51	84	36	48	84	11	84	70	33	75	
28	29	11	13	30	32	12	22	22	43	25	25	31	17	22	
40	16	52	57	53	46	35	19	33	51	50	47	62	25	39	
51	71	47	54	88	43	34	12	52	38	25	13	72	42	24	
93	102	97	94	102	116	54	87	72	34	19	141	20	157	53	
96	57	31	76	50	133	66	54	123	82	34	132	124	66	63	
78	45	77	118	89	61	101	71	80	101	116	87	63	44	60	
86	44	104	53	78	28	75	114	96	79	40	92	86	74	91	
48	56	34	74	64	67	73	30	18	52	78	62	14	44	65	
21	13	15	29	24	32	12	22	15	3	19	8	19	37	29	
66	58	69	47	48	67	47	104	50	40	88	62	43	59	48	
10	16	7	9	10	2	7	5	12	11	6	8	13	3	11	
34	60	34	21	28	16	32	6	40	36	36	35	51	62	48	
52	42	66	60	59	27	51	77	26	57	45	69	69	73	61	
13	11	17	18	24	6	16	20	14	17	4	13	10	6	12	
28	25	21	28	26	14	23	42	31	25	15	23	53	18	16	
79	82	48	111	57	55	53	16	99	25	82	64	136	87	21	
75	70	81	131	99	102	141	36	95	101	83	89	65	100	76	
13	5	9	11	15	12	13	10	13	11	3	0	16	24	17	
88	94	132	101	53	30	80	70	58	95	58	121	119	93	83	
76	56	109	14	72	94	76	56	133	16	81	6	99	64	93	
64	69	72	46	20	87	90	53	24	43	123	39	84	71	76	
95	53	104	80	86	32	98	137	128	39	78	130	97	105	86	
22	18	14	17	22	34	11	24	26	2	10	23	10	32	26	
76	111	17	39	37	70	62	99	69	54	101	71	27	51	76	
31	35	45	22	39	39	18	41	44	18	40	7	31	7	49	
96	70	19	140	127	109	85	28	66	87	53	64	82	79	111	
48	41	43	84	39	41	30	59	39	63	35	38	38	45	53	
20	22	24	22	17	21	31	18	31	24	2	17	22	21	11	
65	80	19	78	46	89	75	56	76	90	26	109	36	63	34	
29	37	18	10	29	25	36	37	31	34	37	23	48	17	30	
52	51	43	20	67	75	52	31	67	67	44	75	22	34	29	
92	114	79	90	132	138	61	91	168	86	14	117	33	110	20	
15	9	25	13	24	6	17	27	16	7	18	11	13	18	13	
54	86	34	58	47	55	37	53	51	48	97	80	75	67	12	
66	46	57	28	74	43	109	70	45	90	89	71	67	27	89	
64	74	59	26	62	69	79	76	98	55	29	57	65	60	84	
75	94	78	78	110	32	88	82	62	70	40	72	72	69	59	
59	68	65	44	41	78	18	38	39	48	56	102	80	17	37	
13	15	9	22	12	21	8	11	20	19	18	11	6	14	17	
48	26	13	78	42	42	48	40	42	49	50	27	46	51	59	
75	64	66	121	34	77	107	77	96	80	36	95	79	80	54	
84	25	125	22	92	128	102	47	106	83	74	111	149	121	137	
57	21	52	83	41	63	72	73	47	66	57	110	90	69	84	
44	64	42	32	30	56	36	27	39	52	58	58	13	61	44	
62	47	90	97	11	69	30	81	21	56	65	72	55	23	70	
93	56	54	103	120	72	125	120	40	134	96	93	140	105	67	
47	14	26	56	13	79	31	21	42	24	25	42	42	40	57	
93	82	41	103	92	48	106	134	49	115	109	66	101	78	37	
59	70	83	44	57	42	55	44	82	89	62	74	63	66	33	
28	24	15	6	39	32	27	30	22	14	24	17	24	42	36	
83	111	148	58	50	99	93	91	69	102	66	58	139	150	146	
99	76	114	92	130	102	184	137	135	113	158	27	56	99	101	
48	42	68	72	21	60	80	63	32	6	59	55	68	32	27	
50	61	28	66	11	34	52	38	61	72	46	23	43	32	18	
89	58	115	69	47	123	111	65	97	119	153	86	79	31	23	
13	15	15	6	12	23	9	12	11	11	6	4	10	14	24	
12	6	10	5	7	6	17	11	18	8	8	9	20	11	14	
85	117	92	84	129	71	95	139	20	114	101	81	64	100	108	
59	61	37	57	72	104	35	86	86	69	103	79	43	80	101	
67	80	90	66	46	32	62	50	36	40	40	50	68	110	79	
90	110	86	136	132	138	54	90	153	82	61	156	107	89	52	
31	32	41	28	38	58	36	17	52	17	41	25	20	4	19	
58	66	1	34	99	67	59	79	35	76	74	38	45	39	51	
38	47	35	33	44	38	18	60	50	35	26	27	46	44	33	
26	19	38	42	34	26	28	17	7	23	17	13	51	19	11	
20	13	23	21	25	11	25	21	18	25	26	23	18	35	34	
67	54	91	36	71	101	103	74	88	12	67	24	81	78	41	
48	70	15	11	47	48	76	44	24	30	56	39	46	63	15	
91	127	103	111	124	109	160	158	53	68	145	78	91	74	138	
52	58	76	18	52	71	26	54	67	67	52	51	43	20	17	
83	68	104	51	114	87	37	72	39	85	63	56	76	84	116	
18	7	18	15	22	27	18	5	14	24	12	25	3	18	12	
36	29	26	34	44	51	7	45	32	25	41	19	9	66	49	
32	31	16	27	14	28	22	31	47	34	44	41	44	58	15	
25	23	12	30	4	27	27	35	37	9	15	33	33	8	13	
57	68	55	43	27	54	84	86	50	62	38	58	24	42	57	
10	16	4	17	6	16	9	12	7	10	7	6	7	5	2	
32	38	22	37	57	23	33	25	10	21	42	54	27	6	26	
87	115	7	142	41	133	103	40	30	64	150	147	105	98	126	
62	71	31	85	52	21	56	26	35	82	37	48	52	41	109	
11	12	16	13	13	8	1	8	7	11	19	14	20	16	6	
38	33	37	59	45	32	52	64	36	19	36	22	64	29	51	
43	26	57	37	54	38	49	76	41	63	52	72	42	60	46	
64	85	100	28	38	99	50	79	62	79	43	49	117	112	56	
24	13	26	13	28	16	24	14	14	8	26	24	30	30	10	
35	40	19	43	31	37	44	40	58	63	67	48	31	52	52	
33	31	38	48	45	5	44	50	55	30	34	39	45	46	37	
83	84	33	71	130	9	78	121	42	61	103	99	86	100	27	
82	102	115	49	10	72	81	50	63	137	53	84	81	58	109	
59	22	57	24	52	64	36	96	61	16	39	73	42	99	62	
67	40	39	32	7	88	68	37	33	69	117	93	77	71	69	
56	88	42	66	79	62	53	92	85	29	61	58	44	26	42	
56	21	38	88	54	54	99	43	55	31	27	64	61	68	77	
47	70	49	15	29	30	71	28	69	26	58	67	44	48	59	
39	65	42	25	42	72	33	42	36	47	39	43	42	34	26	
96	70	79	116	97	37	171	96	67	116	99	100	133	76	21	
72	87	43	17	41	58	69	20	69	83	64	28	23	64	76	
99	33	125	126	122	165	27	101	132	154	119	68	44	67	138	
99	80	92	53	79	105	39	75	102	106	114	71	94	96	154	
18	27	13	5	5	16	16	4	13	21	17	12	18	19	15	
85	76	68	56	93	77	140	77	31	124	112	40	82	98	111	
50	41	23	58	56	49	27	83	35	38	55	15	63	52	67	
83	34	55	106	59	151	108	147	73	94	138	19	56	79	56	
27	26	19	26	22	31	7	9	43	37	37	28	22	33	29	
38	50	42	56	30	66	41	17	38	39	44	37	36	34	21	
88	97	90	128	109	30	59	82	139	40	110	50	66	29	80	
Distance matrix
0	53	69.5	24	25	57.5	35	29	38.5	62	75	74.5	40.5	29.5	74	11	99	43.5	72	41.5	37	78.5	61	12.5	30	45.5	77.5	33.5	46.5	89	92	36	28.5	41	67	45	43.5	41	94	60	85	70	27.5	68.5	73.5	79	46	82.5	59	78	51	32	59.5	24.5	62.5	38	2	36	38.5	49.5	57	76.5	69.5	67.5	81	57.5	44.5	80.5	43	88	79	14	84	33.5	55.5	69	28	56.5	24	52.5	95.5	55	96.5	52	31.5	70	86.5	28	38.5	27.5	57	51	72	23.5	58.5	53	29.5	67	97.5	54	80	86.5	77	53	70	66.5	27	14	21.5	48.5	51	60.5	22	24	29	71	63.5	47	100	90.5	91.5	32.5	34	96.5	9	72.5	
53	0	27.5	67	78	45.5	48	32	46.5	25	28	27.5	58.5	57.5	21	54	48	31.5	35	59.5	50	31.5	44	60.5	43	13.5	30.5	51.5	34.5	42	45	19	26.5	24	30	28	51.5	64	47	33	38	23	55.5	21.5	26.5	32	29	35.5	12	31	44	55	27.5	62.5	15.5	31	55	39	36.5	27.5	10	29.5	22.5	20.5	34	25.5	52.5	33.5	64	41	32	67	37	61.5	43.5	32	61	50.5	57	40.5	46.5	38	49.5	35	49.5	37	39.5	31	16.5	45.5	40	2	19	61.5	26.5	46	47.5	20	44.5	27	27	39.5	30	46	17	40.5	80	57	39.5	36.5	24	13.5	65	67	78	24	16.5	40	47	43.5	40.5	50.5	47	45.5	62	25.5	
69.5	27.5	0	61.5	60.5	28	50.5	48.5	47	23.5	45.5	41	45	56	16.5	70.5	31.5	42	13.5	44	48.5	17	24.5	73	55.5	30	48	52	39	31.5	38.5	35.5	43	40.5	18.5	40.5	42	44.5	36.5	25.5	25.5	40.5	58	43	32	31.5	39.5	43	33.5	32.5	34.5	53.5	26	61	37	47.5	71.5	49.5	47	36	31.5	51	44	38	39.5	28	41	45	42.5	32.5	31.5	71.5	26.5	52	30	16.5	57.5	29	61.5	33	30	30.5	39	33.5	54	15.5	29	47.5	33	58	28.5	25.5	18.5	62	27	32.5	56	33.5	28	31.5	10.5	49	43.5	32.5	20.5	19	58.5	71.5	56	37	34.5	35	63.5	61.5	56.5	39.5	38	38.5	30.5	45	24	53	51.5	29	76.5	23	
24	67	61.5	0	21	43.5	41	43	42.5	64	89	86.5	30.5	31.5	62	13	77	57.5	54	29.5	39	62.5	45	31.5	44	59.5	91.5	37.5	54.5	77	84	50	42.5	55	59	59	37.5	25	82	56	71	84	33.5	82.5	77.5	77	60	88.5	73	78	45	34	61.5	26.5	76.5	52	26	50	52.5	61.5	71	90.5	83.5	81.5	85	63.5	36.5	90.5	23	78	77	32	72	27.5	45.5	57	28	34.5	32	48.5	75.5	51	84.5	54	39.5	46	74.5	42	52.5	41.5	49	65	64	27.5	62.5	43	41.5	79	73.5	62	56	94.5	89	43	66	44.5	19	10	35.5	52.5	65	74.5	2	0	17	85	77.5	49	76	90.5	69.5	38.5	42	74.5	33	68.5	
25	78	60.5	21	0	42.5	40	54	41.5	63	90	85.5	29.5	30.5	61	34	76	56.5	53	28.5	38	61.5	44	27.5	45	70.5	92.5	36.5	53.5	76	83	61	53.5	64	58	60	36.5	24	81	55	70	85	32.5	93.5	76.5	76	59	87.5	84	77	44	33	60.5	25.5	87.5	57	23	49	51.5	60.5	82	101.5	90.5	82.5	84	62.5	35.5	89.5	22	77	76	11	71	26.5	44.5	56	27	33.5	31	47.5	74.5	50	83.5	53	38.5	45	73.5	53	63.5	42.5	48	76	63	26.5	61.5	42	40.5	78	72.5	61	55	93.5	88	42	65	43.5	2	31	46.5	51.5	64	79.5	23	21	4	84	86.5	48	75	89.5	68.5	37.5	41	73.5	16	67.5	
57.5	45.5	28	43.5	42.5	0	32.5	36.5	29	30.5	57.5	53	27	38	28.5	56.5	43.5	14	20.5	26	30.5	29	11.5	55	37.5	38	60	34	11	43.5	50.5	28.5	31	31.5	25.5	27.5	24	26.5	48.5	22.5	37.5	52.5	40	61	44	43.5	26.5	55	51.5	44.5	16.5	35.5	28	43	55	29.5	59.5	31.5	29	28	49.5	69	58	50	51.5	30	23	57	24.5	44.5	43.5	53.5	38.5	34	2	23.5	39.5	11	43.5	5	42	17.5	51	20.5	36	12.5	41	35.5	31	40	15.5	43.5	30.5	44	29	14.5	38	45.5	40	28.5	22.5	61	55.5	14.5	32.5	11	40.5	53.5	44	9	31.5	47	45.5	43.5	38.5	51.5	54	20.5	42.5	57	36	35	33.5	41	58.5	35	
35	48	50.5	41	40	32.5	0	24	31.5	53	70	69.5	24.5	35.5	51	36	66	38.5	43	23.5	2	51.5	34	42.5	5	40.5	72.5	31.5	41.5	66	73	31	23.5	36	48	40	26.5	24	71	45	60	65	37.5	63.5	66.5	66	41	77.5	54	67	34	33	50.5	40.5	57.5	33	37	31	33.5	44.5	52	71.5	64.5	62.5	74	52.5	25.5	75.5	22	67	66	49	61	31.5	34.5	46	37	23.5	39	37.5	64.5	40	73.5	43	31.5	35	63.5	23	33.5	27.5	38	46	53	41.5	51.5	32	29.5	62	62.5	49	45	81.5	72	32	55	33.5	38	39	21.5	41.5	46	55.5	43	41	36	66	58.5	38	65	79.5	58.5	32.5	1	63.5	44	57.5	
29	32	48.5	43	54	36.5	24	0	22.5	41	54	53.5	34.5	33.5	53	30	72	22.5	49	35.5	26	57.5	40	36.5	19	24.5	56.5	27.5	25.5	68	71	15	7.5	20	46	24	27.5	40	73	39	64	49	31.5	47.5	52.5	58	25	61.5	38	57	30	31	38.5	38.5	41.5	17	31	7	17.5	28.5	36	55.5	48.5	46.5	60	36.5	28.5	59.5	38	67	58	43	63	37.5	34.5	48	37	29.5	33	31.5	70.5	34	75.5	31	25.5	41	65.5	1	17.5	21.5	36	30	51	37.5	37.5	32	23.5	46	68.5	33	51	65.5	56	32	49	39.5	54	33	15.5	27.5	30	39.5	41	43	52	50	42.5	26	71	69.5	64.5	26.5	23	69.5	38	51.5	
38.5	46.5	47	42.5	41.5	29	31.5	22.5	0	49.5	68.5	68	26	37	47.5	39.5	62.5	37	39.5	25	29.5	48	30.5	46	28.5	39	71	33	40	62.5	69.5	29.5	22	34.5	44.5	38.5	5	25.5	67.5	41.5	56.5	63.5	39	62	63	62.5	39.5	74	52.5	63.5	30.5	34.5	47	42	56	31.5	40.5	29.5	32	43	50.5	70	63	61	70.5	49	6	74	23.5	63.5	62.5	52.5	57.5	33	31	42.5	38.5	20	42.5	34	61	36.5	70	39.5	35	31.5	60	21.5	32	31	34.5	44.5	49.5	43	48	28.5	33	60.5	59	47.5	41.5	80	70.5	28.5	51.5	30	39.5	42.5	25	38	44.5	54	44.5	42.5	37.5	64.5	57	34.5	61.5	76	55	34	32.5	60	47.5	54	
62	25	23.5	64	63	30.5	53	41	49.5	0	47	46.5	47.5	58.5	24	63	39	40.5	10	46.5	51	24.5	27	69.5	52	22.5	49.5	54.5	41.5	39	46	28	35.5	33	5	37	44.5	47	44	28	33	42	60.5	40.5	39.5	39	38	50.5	31	40	37	56	28.5	63.5	34.5	40	64	48	45.5	36.5	29	48.5	41.5	39.5	47	30.5	43.5	52.5	45	40	39	74	34	54.5	32.5	7	60	31.5	64	35.5	37.5	33	46.5	36	56.5	18	36.5	40	25.5	54.5	31	23	26	64.5	29.5	35	56.5	39	35.5	34	18	56.5	49	35	28	21.5	61	66	48.5	39.5	33	32.5	66	64	59	43	35.5	41	38	52.5	31.5	55.5	54	36.5	71	30.5	
75	28	45.5	89	90	57.5	70	54	68.5	47	0	24.5	74.5	79.5	41	76	26	53.5	43	73.5	72	36.5	54	82.5	65	35.5	22.5	73.5	56.5	14	33	41	48.5	46	48	50	71.5	74	31	55	30	25	77.5	13.5	33.5	34	51	27.5	24	33	64	77	49.5	84.5	22.5	53	77	61	58.5	49.5	22	21.5	19.5	27.5	6	47.5	70.5	25.5	72	13	34	89	31	81.5	59.5	46	83	58.5	79	62.5	24.5	60	33.5	57	71.5	45	28.5	53	38.5	67.5	58	26	43	83.5	48.5	62	69.5	32	22.5	49	35	31.5	2	62	45	48.5	88	79	61.5	58.5	46	30.5	87	89	86	26	23.5	62	25	35.5	23.5	72.5	69	23.5	84	42.5	
74.5	27.5	41	86.5	85.5	53	69.5	53.5	68	46.5	24.5	0	70	79	36.5	75.5	26.5	53	38.5	69	71.5	32	49.5	82	64.5	35	27	73	56	26.5	33.5	40.5	48	45.5	43.5	49.5	67	69.5	31.5	50.5	25.5	24.5	77	18	33	31.5	50.5	32	23.5	32.5	59.5	76.5	49	84	22	52.5	76.5	60.5	58	49	21.5	26	5	27	30.5	47	66	30	67.5	27.5	31.5	88.5	26.5	77	55	41.5	82.5	54	78.5	58	25	55.5	34	56.5	71	40.5	12	52.5	38	67	53.5	25.5	38.5	83	48	57.5	69	31.5	23	48.5	30.5	36	26.5	57.5	40.5	44	83.5	78.5	61	58	45.5	30	86.5	86.5	81.5	25.5	23	61.5	25.5	40	17	72	68.5	24	83.5	38	
40.5	58.5	45	30.5	29.5	27	24.5	34.5	26	47.5	74.5	70	0	25	45.5	41.5	60.5	41	37.5	1	22.5	46	28.5	42	29.5	51	77	7	38	60.5	67.5	41.5	34	46.5	42.5	44.5	21	13.5	65.5	39.5	54.5	69.5	27	74	61	60.5	43.5	72	64.5	61.5	28.5	22.5	45	30	68	41.5	42.5	33.5	36	45	62.5	82	75	67	68.5	47	20	74	11.5	61.5	60.5	40.5	55.5	21	29	40.5	26.5	18	30.5	32	59	34.5	68	37.5	9	29.5	58	33.5	44	13	32.5	56.5	47.5	31	46	26.5	11	62.5	57	45.5	39.5	78	72.5	26.5	49.5	28	27.5	40.5	19	36	48.5	64	32.5	30.5	25.5	68.5	69	32.5	59.5	74	53	8	25.5	58	45.5	52	
29.5	57.5	56	31.5	30.5	38	35.5	33.5	37	58.5	79.5	79	25	0	56.5	30.5	71.5	48	48.5	24	33.5	57	39.5	37	34.5	50	82	32	49	71.5	78.5	40.5	33	45.5	53.5	49.5	32	19.5	76.5	50.5	65.5	74.5	2	73	72	71.5	50.5	83	63.5	72.5	39.5	28.5	56	31	67	42.5	31.5	40.5	43	54	61.5	81	74	72	79.5	58	31	85	17.5	72.5	71.5	41.5	66.5	4	40	51.5	27.5	29	31.5	43	70	45.5	79	48.5	34	40.5	69	32.5	43	32	43.5	55.5	58.5	32	57	37.5	34	71.5	68	56.5	50.5	89	81.5	37.5	60.5	39	28.5	33.5	26	47	55.5	65	33.5	31.5	26.5	75.5	68	43.5	70.5	85	64	33	36.5	69	38.5	63	
74	21	16.5	62	61	28.5	51	53	47.5	24	41	36.5	45.5	56.5	0	75	27	42.5	14	44.5	49	12.5	25	73.5	56	34.5	43.5	52.5	39.5	27	34	40	47.5	45	19	41	42.5	45	32	26	21	36	58.5	42.5	27.5	27	40	38.5	33	28	35	54	26.5	61.5	36.5	48	76	50	47.5	36.5	31	50.5	41.5	33.5	35	28.5	41.5	40.5	43	28	27	72	22	52.5	30.5	17	58	29.5	62	33.5	25.5	31	34.5	34	54.5	16	24.5	52	37.5	58.5	29	23	2	62.5	27.5	33	56.5	29	23.5	32	6	44.5	39	33	4	19.5	59	72	60.5	37.5	35	30.5	64	62	57	35	37.5	39	26	40.5	19.5	53.5	52	24.5	77	18.5	
11	54	70.5	13	34	56.5	36	30	39.5	63	76	75.5	41.5	30.5	75	0	90	44.5	67	42.5	38	75.5	58	18.5	31	46.5	78.5	34.5	47.5	90	93	37	29.5	42	68	46	44.5	38	95	61	84	71	28.5	69.5	74.5	80	47	83.5	60	79	52	33	60.5	25.5	63.5	39	13	37	39.5	50.5	58	77.5	70.5	68.5	82	58.5	45.5	81.5	36	89	80	25	85	34.5	56.5	70	29	47.5	25	53.5	88.5	56	97.5	53	32.5	59	87.5	29	39.5	28.5	58	52	73	24.5	59.5	54	30.5	68	86.5	55	69	87.5	78	54	71	57.5	32	3	22.5	49.5	52	61.5	11	13	30	72	64.5	48	89	91.5	82.5	33.5	35	87.5	20	73.5	
99	48	31.5	77	76	43.5	66	72	62.5	39	26	26.5	60.5	71.5	27	90	0	57.5	29	59.5	64	22.5	40	88.5	71	55.5	23.5	67.5	54.5	12	7	65	72.5	60	34	56	57.5	60	5	41	16	31	73.5	32.5	27.5	22	55	18.5	42	23	50	69	41.5	76.5	38.5	63	99	65	62.5	51.5	44	29.5	31.5	33.5	20	43.5	56.5	20.5	58	13	22	87	17	67.5	45.5	32	73	44.5	77	48.5	5.5	46	9.5	49	69.5	31	14.5	73	62.5	73.5	44	50	29	77.5	42.5	48	71.5	34	3.5	47	21	19.5	24	48	31	34.5	74	87	79.5	52.5	50	40.5	79	77	72	30	37.5	54	1	15.5	9.5	68.5	67	4.5	92	28.5	
43.5	31.5	42	57.5	56.5	14	38.5	22.5	37	40.5	53.5	53	41	48	42.5	44.5	57.5	0	34.5	40	40.5	43	25.5	51	33.5	24	56	42	3	57.5	64.5	14.5	17	19.5	39.5	23.5	38	40.5	62.5	36.5	51.5	48.5	46	47	52	57.5	24.5	61	37.5	56.5	30.5	45.5	38	53	41	21.5	45.5	29.5	27	28	35.5	55	48	46	59.5	36	37	59	38.5	58.5	57.5	57.5	52.5	48	12	37.5	51.5	25	47.5	9	56	31.5	65	30.5	40	26.5	55	21.5	17	36	29.5	29.5	44.5	52	37	28.5	38	45.5	54	32.5	36.5	65	55.5	28.5	46.5	25	54.5	47.5	30	5	29.5	39	55.5	57.5	52.5	49.5	42	30.5	56.5	69	50	41	37.5	55	52.5	49	
72	35	13.5	54	53	20.5	43	49	39.5	10	43	38.5	37.5	48.5	14	67	29	34.5	0	36.5	41	14.5	17	65.5	48	32.5	45.5	44.5	31.5	29	36	38	45.5	37	5	33	34.5	37	34	18	23	38	50.5	50.5	29.5	29	32	40.5	39	30	27	46	18.5	53.5	40.5	40	74	42	39.5	28.5	39	56.5	43.5	35.5	37	20.5	33.5	42.5	35	30	29	64	24	44.5	22.5	3	50	21.5	54	25.5	27.5	23	36.5	26	46.5	8	26.5	50	35.5	50.5	21	33	16	54.5	19.5	25	48.5	31	25.5	24	8	46.5	41	25	18	11.5	51	64	56.5	29.5	27	32.5	56	54	49	37	39.5	31	28	42.5	21.5	45.5	44	26.5	69	20.5	
41.5	59.5	44	29.5	28.5	26	23.5	35.5	25	46.5	73.5	69	1	24	44.5	42.5	59.5	40	36.5	0	21.5	45	27.5	41	28.5	52	76	8	37	59.5	66.5	42.5	35	47.5	41.5	43.5	20	12.5	64.5	38.5	53.5	68.5	26	75	60	59.5	42.5	71	65.5	60.5	27.5	21.5	44	29	69	40.5	43.5	32.5	35	44	63.5	83	74	66	67.5	46	19	73	10.5	60.5	59.5	39.5	54.5	20	28	39.5	25.5	17	29.5	31	58	33.5	67	36.5	10	28.5	57	34.5	45	14	31.5	57.5	46.5	30	45	25.5	12	61.5	56	44.5	38.5	77	71.5	25.5	48.5	27	26.5	39.5	20	35	47.5	63	31.5	29.5	24.5	67.5	70	31.5	58.5	73	52	9	24.5	57	44.5	51	
37	50	48.5	39	38	30.5	2	26	29.5	51	72	71.5	22.5	33.5	49	38	64	40.5	41	21.5	0	49.5	32	44.5	7	42.5	74.5	29.5	41.5	64	71	33	25.5	38	46	42	24.5	22	69	43	58	67	35.5	65.5	64.5	64	43	75.5	56	65	32	31	48.5	38.5	59.5	35	39	33	35.5	46.5	54	73.5	66.5	64.5	72	50.5	23.5	77.5	20	65	64	49	59	29.5	32.5	44	35	21.5	39	35.5	62.5	38	71.5	41	31.5	33	61.5	25	35.5	29.5	36	48	51	39.5	49.5	30	31.5	64	60.5	49	43	81.5	74	30	53	31.5	36	41	23.5	39.5	48	57.5	41	39	34	68	60.5	36	63	77.5	56.5	30.5	3	61.5	46	55.5	
78.5	31.5	17	62.5	61.5	29	51.5	57.5	48	24.5	36.5	32	46	57	12.5	75.5	22.5	43	14.5	45	49.5	0	25.5	74	56.5	39	39	53	40	22.5	29.5	44.5	52	45.5	19.5	41.5	43	45.5	27.5	26.5	16.5	31.5	59	42	23	22.5	40.5	34	32.5	23.5	35.5	54.5	27	62	34	48.5	80.5	50.5	48	37	30.5	50	37	29	30.5	29	42	36	43.5	23.5	22.5	72.5	17.5	53	31	17.5	58.5	30	62.5	34	21	31.5	30	34.5	55	16.5	20	56.5	42	59	29.5	29.5	14.5	63	28	33.5	57	24.5	19	32.5	6.5	40	34.5	33.5	16.5	20	59.5	72.5	65	38	35.5	18	64.5	62.5	57.5	30.5	33	39.5	21.5	36	15	54	52.5	20	77.5	6	
61	44	24.5	45	44	11.5	34	40	30.5	27	54	49.5	28.5	39.5	25	58	40	25.5	17	27.5	32	25.5	0	56.5	39	36.5	56.5	35.5	22.5	40	47	25	34.5	20	22	16	25.5	28	45	19	34	49	41.5	59.5	40.5	40	15	51.5	50	41	18	37	24.5	44.5	51.5	31	63	33	30.5	24.5	48	67.5	54.5	46.5	48	26.5	24.5	53.5	26	41	40	55	35	35.5	13.5	20	41	12.5	45	16.5	38.5	6	47.5	9	37.5	9	37.5	39	29.5	41.5	4	42	27	45.5	25.5	16	39.5	42	36.5	25	19	57.5	52	16	29	7.5	42	55	47.5	20.5	28	43.5	47	45	40	48	50.5	22	39	53.5	32.5	36.5	35	37.5	60	31.5	
12.5	60.5	73	31.5	27.5	55	42.5	36.5	46	69.5	82.5	82	42	37	73.5	18.5	88.5	51	65.5	41	44.5	74	56.5	0	37.5	53	85	41	54	88.5	95.5	43.5	36	48.5	70.5	52.5	49	36.5	93.5	67.5	82.5	77.5	35	76	81	86.5	53.5	90	66.5	85.5	56.5	39.5	67	32	70	45.5	14.5	43.5	46	57	64.5	84	77	75	88.5	65	48	88	34.5	89.5	86.5	26.5	83.5	39	57	68.5	35.5	46	31.5	60	87	62.5	96	59.5	39	57.5	86	35.5	46	35	60.5	58.5	75.5	31	66	54.5	37	74.5	85	61.5	67.5	94	84.5	54.5	77.5	56	25.5	21.5	29	56	58.5	68	29.5	31.5	23.5	78.5	71	54.5	87.5	98	81	40	41.5	86	21.5	80	
30	43	55.5	44	45	37.5	5	19	28.5	52	65	64.5	29.5	34.5	56	31	71	33.5	48	28.5	7	56.5	39	37.5	0	35.5	67.5	28.5	36.5	71	78	26	18.5	31	53	35	31.5	29	76	50	65	60	32.5	58.5	63.5	69	36	72.5	49	68	39	32	49.5	39.5	52.5	28	32	26	28.5	39.5	47	66.5	59.5	57.5	71	47.5	30.5	70.5	27	72	69	44	66	36.5	39.5	51	38	28.5	34	42.5	69.5	45	78.5	42	26.5	40	68.5	18	28.5	22.5	43	41	58	38.5	48.5	37	24.5	57	67.5	44	50	76.5	67	37	60	38.5	43	34	16.5	38.5	41	50.5	42	44	41	61	53.5	37	70	80.5	63.5	27.5	4	68.5	39	62.5	
45.5	13.5	30	59.5	70.5	38	40.5	24.5	39	22.5	35.5	35	51	50	34.5	46.5	55.5	24	32.5	52	42.5	39	36.5	53	35.5	0	38	44	27	49.5	52.5	11.5	19	16.5	27.5	20.5	44	56.5	54.5	25.5	45.5	30.5	48	29	34	39.5	21.5	43	19.5	38.5	36.5	47.5	14	55	23	23.5	47.5	31.5	29	20	17.5	37	30	28	41.5	12	45	41	56.5	48.5	39.5	59.5	44.5	54	36	29.5	53.5	43	49.5	33	54	30.5	57	27.5	42	29.5	47	23.5	9	38	32.5	11.5	32.5	54	13	38.5	40	27.5	52	19.5	34.5	47	37.5	38.5	30.5	33	72.5	49.5	32	29	16.5	21	57.5	59.5	70.5	31.5	24	32.5	54.5	51	48	43	39.5	53	54.5	33	
77.5	30.5	48	91.5	92.5	60	72.5	56.5	71	49.5	22.5	27	77	82	43.5	78.5	23.5	56	45.5	76	74.5	39	56.5	85	67.5	38	0	76	59	28.5	30.5	43.5	51	48.5	50.5	52.5	74	76.5	28.5	57.5	32.5	27.5	80	9	36	36.5	53.5	5	26.5	35.5	66.5	79.5	52	87	25	55.5	79.5	63.5	61	52	24.5	19	22	30	28.5	50	73	3	74.5	29.5	36.5	91.5	33.5	84	62	48.5	85.5	61	81.5	65	18	62.5	31	59.5	74	47.5	31	55.5	41	70	60.5	28.5	45.5	86	51	64.5	72	34.5	20	51.5	37.5	29	24.5	64.5	47.5	51	90.5	81.5	64	61	48.5	33	89.5	91.5	88.5	28.5	26	64.5	22.5	33	26	75	71.5	19	86.5	45	
33.5	51.5	52	37.5	36.5	34	31.5	27.5	33	54.5	73.5	73	7	32	52.5	34.5	67.5	42	44.5	8	29.5	53	35.5	41	28.5	44	76	0	45	67.5	74.5	34.5	27	39.5	49.5	43.5	28	20.5	72.5	46.5	61.5	68.5	34	67	68	67.5	44.5	79	57.5	68.5	35.5	29.5	52	37	61	36.5	35.5	34.5	37	48	55.5	75	68	66	75.5	54	27	79	18.5	68.5	67.5	47.5	62.5	28	36	47.5	33.5	25	37.5	39	66	41.5	75	44.5	2	36.5	65	26.5	37	6	39.5	49.5	54.5	38	53	33.5	4	65.5	64	52.5	46.5	85	75.5	33.5	56.5	35	34.5	37.5	12	43	49.5	59	39.5	37.5	32.5	69.5	62	39.5	66.5	81	60	1	32.5	65	42.5	59	
46.5	34.5	39	54.5	53.5	11	41.5	25.5	40	41.5	56.5	56	38	49	39.5	47.5	54.5	3	31.5	37	41.5	40	22.5	54	36.5	27	59	45	0	54.5	61.5	17.5	20	22.5	36.5	26.5	35	37.5	59.5	33.5	48.5	51.5	49	50	55	54.5	27.5	64	40.5	55.5	27.5	46.5	39	54	44	24.5	48.5	32.5	30	31	38.5	58	51	49	62.5	39	34	62	35.5	55.5	54.5	60.5	49.5	45	9	34.5	50.5	22	50.5	6	53	28.5	62	31.5	43	23.5	52	24.5	20	39	26.5	32.5	41.5	55	40	25.5	41	48.5	51	35.5	33.5	68	58.5	25.5	43.5	22	51.5	50.5	33	2	32.5	42	56.5	54.5	49.5	52.5	45	31.5	53.5	68	47	44	40.5	52	55.5	46	
89	42	31.5	77	76	43.5	66	68	62.5	39	14	26.5	60.5	71.5	27	90	12	57.5	29	59.5	64	22.5	40	88.5	71	49.5	28.5	67.5	54.5	0	19	55	62.5	60	34	56	57.5	60	17	41	16	31	73.5	27.5	27.5	22	55	23.5	38	23	50	69	41.5	76.5	36.5	63	91	65	62.5	51.5	36	35.5	31.5	33.5	8	43.5	56.5	25.5	58	1	22	87	17	67.5	45.5	32	73	44.5	77	48.5	10.5	46	19.5	49	69.5	31	14.5	67	52.5	73.5	44	40	29	77.5	42.5	48	71.5	34	8.5	47	21	29.5	12	48	31	34.5	74	87	75.5	52.5	50	40.5	79	77	72	30	37.5	54	11	25.5	9.5	68.5	67	9.5	92	28.5	
92	45	38.5	84	83	50.5	73	71	69.5	46	33	33.5	67.5	78.5	34	93	7	64.5	36	66.5	71	29.5	47	95.5	78	52.5	30.5	74.5	61.5	19	0	58	65.5	63	41	63	64.5	67	2	48	23	38	80.5	25.5	34.5	29	62	25.5	41	30	57	76	48.5	83.5	39.5	70	94	72	69.5	58.5	39	28.5	36.5	40.5	27	50.5	63.5	27.5	65	20	29	94	24	74.5	52.5	39	80	51.5	84	55.5	12.5	53	16.5	56	76.5	38	21.5	70	55.5	80.5	51	43	36	84.5	49.5	55	78.5	41	10.5	54	28	26.5	31	55	38	41.5	81	94	78.5	59.5	57	47.5	86	84	79	37	40.5	61	8	22.5	16.5	75.5	74	11.5	99	35.5	
36	19	35.5	50	61	28.5	31	15	29.5	28	41	40.5	41.5	40.5	40	37	65	14.5	38	42.5	33	44.5	25	43.5	26	11.5	43.5	34.5	17.5	55	58	0	9.5	5	33	9	34.5	47	60	26	51	36	38.5	34.5	39.5	45	10	48.5	25	44	27	38	25.5	45.5	28.5	14	38	22	19.5	15.5	23	42.5	35.5	33.5	47	23.5	35.5	46.5	49	54	45	50	50	44.5	26.5	35	44	37.5	40	23.5	61.5	19	62.5	16	32.5	34	52.5	14	4.5	28.5	21	17	38	44.5	24.5	29	30.5	33	61.5	20	44	52.5	43	29	36	32.5	63	40	22.5	19.5	17	26.5	48	50	65	37	29.5	23	64	56.5	57.5	33.5	30	62.5	45	38.5	
28.5	26.5	43	42.5	53.5	31	23.5	7.5	22	35.5	48.5	48	34	33	47.5	29.5	72.5	17	45.5	35	25.5	52	34.5	36	18.5	19	51	27	20	62.5	65.5	9.5	0	14.5	40.5	18.5	27	39.5	67.5	33.5	58.5	43.5	31	42	47	52.5	19.5	56	32.5	51.5	24.5	30.5	33	38	36	11.5	30.5	14.5	10	23	30.5	50	43	41	54.5	31	28	54	41.5	61.5	52.5	42.5	57.5	37	29	42.5	36.5	28	32.5	26	69	28.5	70	25.5	25	41.5	60	6.5	12	21	30.5	24.5	45.5	37	32	26.5	23	40.5	69	27.5	51.5	60	50.5	26.5	43.5	40	55.5	32.5	15	22	24.5	34	40.5	42.5	57.5	44.5	37	20.5	71.5	64	65	26	22.5	70	37.5	46	
41	24	40.5	55	64	31.5	36	20	34.5	33	46	45.5	46.5	45.5	45	42	60	19.5	37	47.5	38	45.5	20	48.5	31	16.5	48.5	39.5	22.5	60	63	5	14.5	0	38	4	39.5	48	65	31	54	41	43.5	39.5	44.5	50	5	53.5	30	49	32	43	30.5	50.5	33.5	19	43	27	24.5	20.5	28	47.5	40.5	38.5	52	28.5	40.5	51.5	46	59	50	55	55	49.5	31.5	40	49	32.5	45	28.5	58.5	14	67.5	11	37.5	29	57.5	19	9.5	33.5	16	22	43	49.5	29.5	34	35.5	38	56.5	25	39	57.5	48	34	41	27.5	62	45	27.5	24.5	22	31.5	53	55	60	42	34.5	28	59	61.5	52.5	38.5	35	57.5	50	43.5	
67	30	18.5	59	58	25.5	48	46	44.5	5	48	43.5	42.5	53.5	19	68	34	39.5	5	41.5	46	19.5	22	70.5	53	27.5	50.5	49.5	36.5	34	41	33	40.5	38	0	38	39.5	42	39	23	28	43	55.5	45.5	34.5	34	37	45.5	36	35	32	51	23.5	58.5	39.5	45	69	47	44.5	33.5	34	53.5	46.5	40.5	42	25.5	38.5	47.5	40	35	34	69	29	49.5	27.5	2	55	26.5	59	30.5	32.5	28	41.5	31	51.5	13	31.5	45	30.5	55.5	26	28	21	59.5	24.5	30	53.5	36	30.5	29	13	51.5	46	30	23	16.5	56	69	53.5	34.5	32	37.5	61	59	54	42	40.5	36	33	47.5	26.5	50.5	49	31.5	74	25.5	
45	28	40.5	59	60	27.5	40	24	38.5	37	50	49.5	44.5	49.5	41	46	56	23.5	33	43.5	42	41.5	16	52.5	35	20.5	52.5	43.5	26.5	56	63	9	18.5	4	38	0	41.5	44	61	35	50	45	47.5	43.5	48.5	54	1	57.5	34	53	34	47	34.5	54.5	37.5	23	47	31	28.5	24.5	32	51.5	44.5	42.5	56	32.5	40.5	55.5	42	57	54	59	51	51.5	29.5	36	53	28.5	49	32.5	54.5	10	63.5	7	41.5	25	53.5	23	13.5	37.5	12	26	43	53.5	33.5	32	39.5	42	52.5	29	35	61.5	52	32	45	23.5	58	49	31.5	28.5	26	35.5	57	59	56	46	38.5	32	55	65.5	48.5	42.5	39	53.5	54	47.5	
43.5	51.5	42	37.5	36.5	24	26.5	27.5	5	44.5	71.5	67	21	32	42.5	44.5	57.5	38	34.5	20	24.5	43	25.5	49	31.5	44	74	28	35	57.5	64.5	34.5	27	39.5	39.5	41.5	0	20.5	62.5	36.5	51.5	66.5	34	67	58	57.5	40.5	69	57.5	58.5	25.5	29.5	42	37	61	36.5	45.5	30.5	33	42	55.5	75	68	64	65.5	44	1	71	18.5	58.5	57.5	47.5	52.5	28	26	37.5	33.5	15	37.5	29	56	31.5	65	34.5	30	26.5	55	26.5	37	34	29.5	49.5	44.5	38	43	23.5	32	59.5	54	42.5	36.5	75	69.5	23.5	46.5	25	34.5	47.5	30	33	45.5	59	39.5	37.5	32.5	65.5	62	29.5	56.5	71	50	29	27.5	55	52.5	49	
41	64	44.5	25	24	26.5	24	40	25.5	47	74	69.5	13.5	19.5	45	38	60	40.5	37	12.5	22	45.5	28	36.5	29	56.5	76.5	20.5	37.5	60	67	47	39.5	48	42	44	20.5	0	65	39	54	69	21.5	79.5	60.5	60	43	71.5	70	61	28	9	44.5	24.5	71.5	41	43	33	35.5	44.5	68	87.5	74.5	66.5	68	46.5	19.5	73.5	2	61	60	35	55	15.5	28.5	40	21	17.5	25	31.5	58.5	34	67.5	37	22.5	29	57.5	39	49.5	26.5	32	62	47	25.5	45.5	26	24.5	62	56.5	45	39	77.5	72	26	49	27.5	22	35	32.5	35.5	48	63.5	27	25	20	68	70.5	32	59	73.5	52.5	21.5	25	57.5	40	51.5	
94	47	36.5	82	81	48.5	71	73	67.5	44	31	31.5	65.5	76.5	32	95	5	62.5	34	64.5	69	27.5	45	93.5	76	54.5	28.5	72.5	59.5	17	2	60	67.5	65	39	61	62.5	65	0	46	21	36	78.5	27.5	32.5	27	60	23.5	43	28	55	74	46.5	81.5	41.5	68	96	70	67.5	56.5	41	30.5	36.5	38.5	25	48.5	61.5	25.5	63	18	27	92	22	72.5	50.5	37	78	49.5	82	53.5	10.5	51	14.5	54	74.5	36	19.5	72	57.5	78.5	49	45	34	82.5	47.5	53	76.5	39	8.5	52	26	24.5	29	53	36	39.5	79	92	80.5	57.5	55	45.5	84	82	77	35	42.5	59	6	20.5	14.5	73.5	72	9.5	97	33.5	
60	33	25.5	56	55	22.5	45	39	41.5	28	55	50.5	39.5	50.5	26	61	41	36.5	18	38.5	43	26.5	19	67.5	50	25.5	57.5	46.5	33.5	41	48	26	33.5	31	23	35	36.5	39	46	0	35	50	52.5	48.5	41.5	41	34	52.5	39	42	29	48	25.5	55.5	42.5	38	62	44	41.5	30.5	37	56.5	49.5	47.5	49	27.5	35.5	54.5	37	42	41	66	36	46.5	24.5	21	52	23.5	56	27.5	39.5	25	48.5	28	48.5	10	38.5	38	23.5	52.5	23	31	28	56.5	26.5	27	50.5	43	37.5	6	20	58.5	53	27	30	13.5	53	64	46.5	31.5	9	40.5	58	56	51	49	43.5	33	40	54.5	33.5	47.5	46	38.5	69	32.5	
85	38	25.5	71	70	37.5	60	64	56.5	33	30	25.5	54.5	65.5	21	84	16	51.5	23	53.5	58	16.5	34	82.5	65	45.5	32.5	61.5	48.5	16	23	51	58.5	54	28	50	51.5	54	21	35	0	15	67.5	33.5	21.5	6	49	27.5	34	7	44	63	35.5	70.5	32.5	57	87	59	56.5	45.5	32	41.5	30.5	27.5	24	37.5	50.5	29.5	52	17	6	81	1	61.5	39.5	26	67	38.5	71	42.5	14.5	40	23.5	43	63.5	25	13.5	63	48.5	67.5	38	36	23	71.5	36.5	42	65.5	28	12.5	41	15	33.5	28	42	25	28.5	68	81	71.5	46.5	44	34.5	73	71	66	14	31.5	48	15	29.5	8.5	62.5	61	13.5	86	22.5	
70	23	40.5	84	85	52.5	65	49	63.5	42	25	24.5	69.5	74.5	36	71	31	48.5	38	68.5	67	31.5	49	77.5	60	30.5	27.5	68.5	51.5	31	38	36	43.5	41	43	45	66.5	69	36	50	15	0	72.5	18.5	28.5	9	46	32.5	19	8	59	72	44.5	79.5	17.5	48	72	56	53.5	44.5	17	26.5	19.5	22.5	31	42.5	65.5	30.5	67	32	9	84	14	76.5	54.5	41	78	53.5	74	57.5	29.5	55	38.5	52	66.5	40	28.5	48	33.5	62.5	53	21	38	78.5	43.5	57	64.5	27	27.5	44	30	36.5	27	57	40	43.5	83	74	56.5	53.5	41	25.5	82	84	81	1	18.5	57	30	40.5	23.5	67.5	64	28.5	79	37.5	
27.5	55.5	58	33.5	32.5	40	37.5	31.5	39	60.5	77.5	77	27	2	58.5	28.5	73.5	46	50.5	26	35.5	59	41.5	35	32.5	48	80	34	49	73.5	80.5	38.5	31	43.5	55.5	47.5	34	21.5	78.5	52.5	67.5	72.5	0	71	74	73.5	48.5	85	61.5	74.5	41.5	30.5	58	33	65	40.5	29.5	38.5	41	52	59.5	79	72	70	81.5	60	33	83	19.5	74.5	73.5	41.5	68.5	6	42	53.5	29.5	31	31.5	45	72	47.5	81	50.5	34	42.5	71	30.5	41	30	45.5	53.5	60.5	34	59	39.5	32	69.5	70	56.5	52.5	89	79.5	39.5	62.5	41	30.5	31.5	24	49	53.5	63	35.5	33.5	28.5	73.5	66	45.5	72.5	87	66	35	36.5	71	36.5	65	
68.5	21.5	43	82.5	93.5	61	63.5	47.5	62	40.5	13.5	18	74	73	42.5	69.5	32.5	47	50.5	75	65.5	42	59.5	76	58.5	29	9	67	50	27.5	25.5	34.5	42	39.5	45.5	43.5	67	79.5	27.5	48.5	33.5	18.5	71	0	27	27.5	44.5	14	17.5	26.5	59.5	70.5	43	78	16	46.5	70.5	54.5	52	43	15.5	10	13	21	19.5	41	68	12	81.5	26.5	27.5	82.5	32.5	77	59	47.5	76.5	70	72.5	56	27	53.5	30	50.5	65	56.5	30	46.5	32	61	55.5	19.5	40.5	77	42	61.5	63	25.5	29	42.5	46.5	20	15.5	61.5	38.5	60	95.5	72.5	55	52	39.5	24	80.5	82.5	97.5	19.5	17	55.5	31.5	24	35	66	62.5	28	77.5	36	
73.5	26.5	32	77.5	76.5	44	66.5	52.5	63	39.5	33.5	33	61	72	27.5	74.5	27.5	52	29.5	60	64.5	23	40.5	81	63.5	34	36	68	55	27.5	34.5	39.5	47	44.5	34.5	48.5	58	60.5	32.5	41.5	21.5	28.5	74	27	0	27.5	49.5	39	22.5	28.5	50.5	69.5	42	77	11	51.5	75.5	59.5	57	48	20.5	35	28	6	35.5	44	57	39	58.5	28.5	27.5	87.5	22.5	68	46	32.5	73.5	45	77.5	49	26	46.5	35	49.5	70	31.5	25	51.5	37	66	44.5	24.5	29.5	78	43	48.5	68	30.5	24	47.5	21.5	45	35.5	48.5	31.5	35	74.5	77.5	60	53	44.5	29	79.5	77.5	72.5	29.5	10	54.5	26.5	41	20	69	67.5	25	82.5	29	
79	32	31.5	77	76	43.5	66	58	62.5	39	34	31.5	60.5	71.5	27	80	22	57.5	29	59.5	64	22.5	40	86.5	69	39.5	36.5	67.5	54.5	22	29	45	52.5	50	34	54	57.5	60	27	41	6	9	73.5	27.5	27.5	0	55	33.5	28	1	50	69	41.5	76.5	26.5	57	81	65	62.5	51.5	26	35.5	28.5	31.5	30	43.5	56.5	35.5	58	23	0	87	5	67.5	45.5	32	73	44.5	77	48.5	20.5	46	29.5	49	69.5	31	19.5	57	42.5	71.5	44	30	29	77.5	42.5	48	71.5	34	18.5	47	21	39.5	34	48	31	34.5	74	83	65.5	52.5	50	34.5	79	77	72	8	27.5	54	21	35.5	14.5	68.5	67	19.5	88	28.5	
46	29	39.5	60	59	26.5	41	25	39.5	38	51	50.5	43.5	50.5	40	47	55	24.5	32	42.5	43	40.5	15	53.5	36	21.5	53.5	44.5	27.5	55	62	10	19.5	5	37	1	40.5	43	60	34	49	46	48.5	44.5	49.5	55	0	58.5	35	54	33	48	35.5	55.5	38.5	24	48	32	29.5	25.5	33	52.5	45.5	43.5	57	33.5	39.5	56.5	41	56	55	60	50	50.5	28.5	35	54	27.5	50	31.5	53.5	9	62.5	6	42.5	24	52.5	24	14.5	38.5	11	27	42	54.5	34.5	31	40.5	43	51.5	30	34	62.5	53	31	44	22.5	57	50	32.5	29.5	27	36.5	58	60	55	47	39.5	33	54	66.5	47.5	43.5	40	52.5	55	46.5	
82.5	35.5	43	88.5	87.5	55	77.5	61.5	74	50.5	27.5	32	72	83	38.5	83.5	18.5	61	40.5	71	75.5	34	51.5	90	72.5	43	5	79	64	23.5	25.5	48.5	56	53.5	45.5	57.5	69	71.5	23.5	52.5	27.5	32.5	85	14	39	33.5	58.5	0	31.5	34.5	61.5	80.5	53	88	30	60.5	84.5	68.5	66	57	29.5	24	27	35	31.5	55	68	2	69.5	24.5	33.5	96.5	28.5	79	57	43.5	84.5	56	86.5	60	13	57.5	26	60.5	79	42.5	26	60.5	46	75	55.5	33.5	40.5	89	54	59.5	77	39.5	15	56.5	32.5	34	29.5	59.5	42.5	46	85.5	86.5	69	64	53.5	38	90.5	88.5	83.5	33.5	31	65.5	17.5	32	21	80	76.5	14	91.5	40	
59	12	33.5	73	84	51.5	54	38	52.5	31	24	23.5	64.5	63.5	33	60	42	37.5	39	65.5	56	32.5	50	66.5	49	19.5	26.5	57.5	40.5	38	41	25	32.5	30	36	34	57.5	70	43	39	34	19	61.5	17.5	22.5	28	35	31.5	0	27	50	61	33.5	68.5	11.5	37	61	45	42.5	33.5	2	25.5	18.5	16.5	30	31.5	58.5	29.5	68	37	28	73	33	67.5	49.5	38	67	54.5	63	46.5	40.5	44	45.5	41	55.5	41	35.5	37	22.5	51.5	46	10	31	67.5	32.5	52	53.5	8	38.5	33	31	35.5	26	52	29	44.5	84	63	45.5	42.5	30	14.5	71	73	82	20	12.5	46	41	39.5	34.5	56.5	53	39.5	68	26.5	
78	31	32.5	78	77	44.5	67	57	63.5	40	33	32.5	61.5	72.5	28	79	23	56.5	30	60.5	65	23.5	41	85.5	68	38.5	35.5	68.5	55.5	23	30	44	51.5	49	35	53	58.5	61	28	42	7	8	74.5	26.5	28.5	1	54	34.5	27	0	51	70	42.5	77.5	25.5	56	80	64	61.5	52.5	25	34.5	27.5	30.5	31	44.5	57.5	36.5	59	24	1	88	6	68.5	46.5	33	74	45.5	78	49.5	21.5	47	30.5	50	70.5	32	20.5	56	41.5	70.5	45	29	30	78.5	43.5	49	72.5	35	19.5	48	22	40.5	35	49	32	35.5	75	82	64.5	53.5	49	33.5	80	78	73	7	26.5	55	22	36.5	15.5	69.5	68	20.5	87	29.5	
51	44	34.5	45	44	16.5	34	30	30.5	37	64	59.5	28.5	39.5	35	52	50	30.5	27	27.5	32	35.5	18	56.5	39	36.5	66.5	35.5	27.5	50	57	27	24.5	32	32	34	25.5	28	55	29	44	59	41.5	59.5	50.5	50	33	61.5	50	51	0	37	34.5	44.5	53.5	13	53	33	30.5	34.5	48	67.5	60.5	56.5	58	36.5	24.5	63.5	26	51	50	55	45	35.5	18.5	30	41	12.5	45	21.5	48.5	24	57.5	27	37.5	19	47.5	29	29.5	41.5	22	42	37	45.5	35.5	2	39.5	52	46.5	35	29	67.5	62	2	39	17.5	42	55	37.5	25.5	38	51.5	47	45	40	58	54.5	4	49	63.5	42.5	36.5	35	47.5	60	41.5	
32	55	53.5	34	33	35.5	33	31	34.5	56	77	76.5	22.5	28.5	54	33	69	45.5	46	21.5	31	54.5	37	39.5	32	47.5	79.5	29.5	46.5	69	76	38	30.5	43	51	47	29.5	9	74	48	63	72	30.5	70.5	69.5	69	48	80.5	61	70	37	0	53.5	33.5	64.5	40	34	38	40.5	51.5	59	78.5	71.5	69.5	77	55.5	28.5	82.5	11	70	69	44	64	24.5	37.5	49	30	26.5	34	40.5	67.5	43	76.5	46	31.5	38	66.5	30	40.5	29.5	41	53	56	34.5	54.5	35	31.5	69	65.5	54	48	86.5	79	35	58	36.5	31	36	23.5	44.5	53	62.5	36	34	29	73	65.5	41	68	82.5	61.5	30.5	34	66.5	41	60.5	
59.5	27.5	26	61.5	60.5	28	50.5	38.5	47	28.5	49.5	49	45	56	26.5	60.5	41.5	38	18.5	44	48.5	27	24.5	67	49.5	14	52	52	39	41.5	48.5	25.5	33	30.5	23.5	34.5	42	44.5	46.5	25.5	35.5	44.5	58	43	42	41.5	35.5	53	33.5	42.5	34.5	53.5	0	61	37	37.5	61.5	45.5	43	34	31.5	51	44	42	49.5	2	41	55	42.5	42.5	41.5	71.5	36.5	52	30	21.5	57.5	29	61.5	33	40	30.5	49	33.5	54	15.5	39	37.5	23	52	28.5	25.5	28.5	62	1	32.5	54	41.5	38	31.5	20.5	59	51.5	32.5	30.5	19	58.5	63.5	46	37	30.5	35	63.5	61.5	56.5	45.5	38	38.5	40.5	55	34	53	51.5	39	68.5	33	
24.5	62.5	61	26.5	25.5	43	40.5	38.5	42	63.5	84.5	84	30	31	61.5	25.5	76.5	53	53.5	29	38.5	62	44.5	32	39.5	55	87	37	54	76.5	83.5	45.5	38	50.5	58.5	54.5	37	24.5	81.5	55.5	70.5	79.5	33	78	77	76.5	55.5	88	68.5	77.5	44.5	33.5	61	0	72	47.5	26.5	45.5	48	59	66.5	86	79	77	84.5	63	36	90	22.5	77.5	76.5	36.5	71.5	27	45	56.5	27.5	34	31.5	48	75	50.5	84	53.5	39	45.5	74	37.5	48	37	48.5	60.5	63.5	1	62	42.5	39	76.5	73	61.5	55.5	94	86.5	42.5	65.5	44	23.5	28.5	31	52	60.5	70	28.5	26.5	21.5	80.5	73	48.5	75.5	90	69	38	41.5	74	33.5	68	
62.5	15.5	37	76.5	87.5	55	57.5	41.5	56	34.5	22.5	22	68	67	36.5	63.5	38.5	41	40.5	69	59.5	34	51.5	70	52.5	23	25	61	44	36.5	39.5	28.5	36	33.5	39.5	37.5	61	71.5	41.5	42.5	32.5	17.5	65	16	11	26.5	38.5	30	11.5	25.5	53.5	64.5	37	72	0	40.5	64.5	48.5	46	37	9.5	24	17	5	28.5	35	62	28	69.5	35.5	26.5	76.5	31.5	71	53	41.5	70.5	56	66.5	50	37	47.5	44	44.5	59	42.5	34	40.5	26	55	49.5	13.5	34.5	71	36	55.5	57	19.5	35	36.5	32.5	34	24.5	55.5	32.5	46	85.5	66.5	49	46	33.5	18	74.5	76.5	83.5	18.5	1	49.5	37.5	38	31	60	56.5	36	71.5	30	
38	31	47.5	52	57	29.5	33	17	31.5	40	53	52.5	41.5	42.5	48	39	63	21.5	40	40.5	35	48.5	31	45.5	28	23.5	55.5	36.5	24.5	63	70	14	11.5	19	45	23	36.5	41	68	38	57	48	40.5	46.5	51.5	57	24	60.5	37	56	13	40	37.5	47.5	40.5	0	40	24	21.5	27.5	35	54.5	47.5	45.5	59	35.5	37.5	58.5	39	64	57	52	58	46.5	31.5	43	46	25.5	42	30.5	61.5	33	70.5	30	34.5	32	60.5	16	16.5	30.5	35	29	50	46.5	36.5	15	32.5	45	59.5	32	42	64.5	55	15	48	30.5	55	42	24.5	26.5	29	38.5	50	52	53	49	41.5	9	62	68.5	55.5	35.5	32	60.5	47	50.5	
2	55	71.5	26	23	59.5	37	31	40.5	64	77	76.5	42.5	31.5	76	13	99	45.5	74	43.5	39	80.5	63	14.5	32	47.5	79.5	35.5	48.5	91	94	38	30.5	43	69	47	45.5	43	96	62	87	72	29.5	70.5	75.5	81	48	84.5	61	80	53	34	61.5	26.5	64.5	40	0	38	40.5	51.5	59	78.5	71.5	69.5	83	59.5	46.5	82.5	45	90	81	12	86	35.5	57.5	71	30	56.5	26	54.5	97.5	57	98.5	54	33.5	68	88.5	30	40.5	29.5	59	53	74	25.5	60.5	55	31.5	69	95.5	56	78	88.5	79	55	72	66.5	25	16	23.5	50.5	53	62.5	24	26	27	73	65.5	49	98	92.5	91.5	34.5	36	96.5	7	74.5	
36	39	49.5	50	49	31.5	31	7	29.5	48	61	60.5	33.5	40.5	50	37	65	29.5	42	32.5	33	50.5	33	43.5	26	31.5	63.5	34.5	32.5	65	72	22	14.5	27	47	31	30.5	33	70	44	59	56	38.5	54.5	59.5	65	32	68.5	45	64	33	38	45.5	45.5	48.5	24	38	0	24.5	35.5	43	62.5	55.5	53.5	67	43.5	29.5	66.5	31	66	65	50	60	40.5	33.5	45	44	22.5	40	36.5	63.5	39	72.5	38	32.5	34	62.5	8	24.5	28.5	37	37	52	44.5	44.5	31	30.5	53	61.5	40	44	72.5	63	31	54	32.5	47	40	22.5	34.5	37	46.5	48	50	45	57	49.5	33	64	76.5	57.5	33.5	30	62.5	45	56.5	
38.5	36.5	47	52.5	51.5	29	33.5	17.5	32	45.5	58.5	58	36	43	47.5	39.5	62.5	27	39.5	35	35.5	48	30.5	46	28.5	29	61	37	30	62.5	69.5	19.5	10	24.5	44.5	28.5	33	35.5	67.5	41.5	56.5	53.5	41	52	57	62.5	29.5	66	42.5	61.5	30.5	40.5	43	48	46	21.5	40.5	24.5	0	33	40.5	60	53	51	64.5	41	32	64	33.5	63.5	62.5	52.5	57.5	43	31	42.5	46.5	18	42.5	34	61	36.5	70	35.5	35	31.5	60	16.5	22	31	34.5	34.5	49.5	47	42	28.5	33	50.5	59	37.5	41.5	70	60.5	28.5	51.5	30	49.5	42.5	25	32	34.5	44	50.5	52.5	47.5	54.5	47	30.5	61.5	74	55	36	32.5	60	47.5	54	
49.5	27.5	36	61.5	60.5	28	44.5	28.5	43	36.5	49.5	49	45	54	36.5	50.5	51.5	28	28.5	44	46.5	37	24.5	57	39.5	20	52	48	31	51.5	58.5	15.5	23	20.5	33.5	24.5	42	44.5	56.5	30.5	45.5	44.5	52	43	48	51.5	25.5	57	33.5	52.5	34.5	51.5	34	59	37	27.5	51.5	35.5	33	0	31.5	51	44	42	55.5	32	41	55	42.5	52.5	51.5	63.5	46.5	52	30	31.5	57.5	29	53.5	33	50	30.5	59	31.5	46	20.5	49	27.5	11	42	28.5	25.5	38.5	58	33	32.5	44	41.5	48	28.5	30.5	61	51.5	32.5	40.5	17	58.5	53.5	36	33	25.5	35	61.5	61.5	56.5	45.5	38	36.5	50.5	65	44	47	43.5	49	58.5	43	
57	10	31.5	71	82	49.5	52	36	50.5	29	22	21.5	62.5	61.5	31	58	44	35.5	39	63.5	54	30.5	48	64.5	47	17.5	24.5	55.5	38.5	36	39	23	30.5	28	34	32	55.5	68	41	37	32	17	59.5	15.5	20.5	26	33	29.5	2	25	48	59	31.5	66.5	9.5	35	59	43	40.5	31.5	0	23.5	16.5	14.5	28	29.5	56.5	27.5	70	35	26	71	31	65.5	47.5	36	65	56.5	61	44.5	42.5	42	43.5	39	53.5	43	33.5	35	20.5	49.5	44	8	29	65.5	30.5	50	51.5	10	40.5	31	33	33.5	24	50	27	46.5	84	61	43.5	40.5	28	12.5	69	71	84	18	10.5	44	43	37.5	36.5	54.5	51	41.5	66	24.5	
76.5	29.5	51	90.5	101.5	69	71.5	55.5	70	48.5	21.5	26	82	81	50.5	77.5	29.5	55	56.5	83	73.5	50	67.5	84	66.5	37	19	75	58	35.5	28.5	42.5	50	47.5	53.5	51.5	75	87.5	30.5	56.5	41.5	26.5	79	10	35	35.5	52.5	24	25.5	34.5	67.5	78.5	51	86	24	54.5	78.5	62.5	60	51	23.5	0	21	29	27.5	49	76	22	85.5	34.5	35.5	90.5	40.5	85	67	55.5	84.5	72	80.5	64	33	61.5	20	58.5	73	58.5	38	54.5	40	69	63.5	27.5	48.5	85	50	69.5	71	33.5	31	50.5	48.5	10	23.5	69.5	46.5	62	101.5	80.5	63	60	47.5	32	88.5	90.5	99.5	27.5	25	63.5	28.5	14	37	74	70.5	32	85.5	44	
69.5	22.5	44	83.5	90.5	58	64.5	48.5	63	41.5	19.5	5	75	74	41.5	70.5	31.5	48	43.5	74	66.5	37	54.5	77	59.5	30	22	68	51	31.5	36.5	35.5	43	40.5	46.5	44.5	68	74.5	36.5	49.5	30.5	19.5	72	13	28	28.5	45.5	27	18.5	27.5	60.5	71.5	44	79	17	47.5	71.5	55.5	53	44	16.5	21	0	22	25.5	42	69	25	72.5	32.5	28.5	83.5	31.5	78	60	46.5	77.5	59	73.5	57	30	54.5	39	51.5	66	45.5	17	47.5	33	62	56.5	20.5	41.5	78	43	62.5	64	26.5	28	43.5	35.5	31	21.5	62.5	39.5	49	88.5	73.5	56	53	40.5	25	81.5	83.5	86.5	20.5	18	56.5	30.5	35	22	67	63.5	29	78.5	37	
67.5	20.5	38	81.5	82.5	50	62.5	46.5	61	39.5	27.5	27	67	72	33.5	68.5	33.5	46	35.5	66	64.5	29	46.5	75	57.5	28	30	66	49	33.5	40.5	33.5	41	38.5	40.5	42.5	64	66.5	38.5	47.5	27.5	22.5	70	21	6	31.5	43.5	35	16.5	30.5	56.5	69.5	42	77	5	45.5	69.5	53.5	51	42	14.5	29	22	0	33.5	40	63	33	64.5	34.5	31.5	81.5	28.5	74	52	38.5	75.5	51	71.5	55	32	52.5	41	49.5	64	37.5	31	45.5	31	60	50.5	18.5	35.5	76	41	54.5	62	24.5	30	41.5	27.5	39	29.5	54.5	37.5	41	80.5	71.5	54	51	38.5	23	79.5	81.5	78.5	23.5	4	54.5	32.5	43	26	65	61.5	31	76.5	35	
81	34	39.5	85	84	51.5	74	60	70.5	47	6	30.5	68.5	79.5	35	82	20	59.5	37	67.5	72	30.5	48	88.5	71	41.5	28.5	75.5	62.5	8	27	47	54.5	52	42	56	65.5	68	25	49	24	31	81.5	19.5	35.5	30	57	31.5	30	31	58	77	49.5	84.5	28.5	59	83	67	64.5	55.5	28	27.5	25.5	33.5	0	51.5	64.5	31.5	66	7	30	95	25	75.5	53.5	40	81	52.5	85	56.5	18.5	54	27.5	57	77.5	39	22.5	59	44.5	73.5	52	32	37	85.5	50.5	56	75.5	38	16.5	55	29	37.5	4	56	39	42.5	82	85	67.5	60.5	52	36.5	87	85	80	32	29.5	62	19	33.5	17.5	76.5	75	17.5	90	36.5	
57.5	25.5	28	63.5	62.5	30	52.5	36.5	49	30.5	47.5	47	47	58	28.5	58.5	43.5	36	20.5	46	50.5	29	26.5	65	47.5	12	50	54	39	43.5	50.5	23.5	31	28.5	25.5	32.5	44	46.5	48.5	27.5	37.5	42.5	60	41	44	43.5	33.5	55	31.5	44.5	36.5	55.5	2	63	35	35.5	59.5	43.5	41	32	29.5	49	42	40	51.5	0	43	53	44.5	44.5	43.5	71.5	38.5	54	32	23.5	59.5	31	61.5	35	42	32.5	51	35.5	54	17.5	41	35.5	21	50	30.5	23.5	30.5	64	1	34.5	52	39.5	40	31.5	22.5	59	49.5	34.5	32.5	21	60.5	61.5	44	39	28.5	33	65.5	63.5	58.5	43.5	36	40.5	42.5	57	36	55	51.5	41	66.5	35	
44.5	52.5	41	36.5	35.5	23	25.5	28.5	6	43.5	70.5	66	20	31	41.5	45.5	56.5	37	33.5	19	23.5	42	24.5	48	30.5	45	73	27	34	56.5	63.5	35.5	28	40.5	38.5	40.5	1	19.5	61.5	35.5	50.5	65.5	33	68	57	56.5	39.5	68	58.5	57.5	24.5	28.5	41	36	62	37.5	46.5	29.5	32	41	56.5	76	69	63	64.5	43	0	70	17.5	57.5	56.5	46.5	51.5	27	25	36.5	32.5	14	36.5	28	55	30.5	64	33.5	29	25.5	54	27.5	38	33	28.5	50.5	43.5	37	42	22.5	31	58.5	53	41.5	35.5	74	68.5	22.5	45.5	24	33.5	46.5	31	32	44.5	60	38.5	36.5	31.5	64.5	63	28.5	55.5	70	49	28	26.5	54	51.5	48	
80.5	33.5	45	90.5	89.5	57	75.5	59.5	74	52.5	25.5	30	74	85	40.5	81.5	20.5	59	42.5	73	77.5	36	53.5	88	70.5	41	3	79	62	25.5	27.5	46.5	54	51.5	47.5	55.5	71	73.5	25.5	54.5	29.5	30.5	83	12	39	35.5	56.5	2	29.5	36.5	63.5	82.5	55	90	28	58.5	82.5	66.5	64	55	27.5	22	25	33	31.5	53	70	0	71.5	26.5	35.5	94.5	30.5	81	59	45.5	86.5	58	84.5	62	15	59.5	28	62.5	77	44.5	28	58.5	44	73	57.5	31.5	42.5	89	54	61.5	75	37.5	17	54.5	34.5	32	27.5	61.5	44.5	48	87.5	84.5	67	64	51.5	36	92.5	90.5	85.5	31.5	29	67.5	19.5	34	23	78	74.5	16	89.5	42	
43	64	42.5	23	22	24.5	22	38	23.5	45	72	67.5	11.5	17.5	43	36	58	38.5	35	10.5	20	43.5	26	34.5	27	56.5	74.5	18.5	35.5	58	65	49	41.5	46	40	42	18.5	2	63	37	52	67	19.5	81.5	58.5	58	41	69.5	68	59	26	11	42.5	22.5	69.5	39	45	31	33.5	42.5	70	85.5	72.5	64.5	66	44.5	17.5	71.5	0	59	58	33	53	13.5	26.5	38	19	15.5	23	29.5	56.5	32	65.5	35	20.5	27	55.5	39	51.5	24.5	30	64	45	23.5	43.5	24	22.5	60	54.5	43	37	75.5	70	24	47	25.5	20	33	30.5	33.5	46	61.5	25	23	18	66	68.5	30	57	71.5	50.5	19.5	23	55.5	38	49.5	
88	41	32.5	78	77	44.5	67	67	63.5	40	13	27.5	61.5	72.5	28	89	13	58.5	30	60.5	65	23.5	41	89.5	72	48.5	29.5	68.5	55.5	1	20	54	61.5	59	35	57	58.5	61	18	42	17	32	74.5	26.5	28.5	23	56	24.5	37	24	51	70	42.5	77.5	35.5	64	90	66	63.5	52.5	35	34.5	32.5	34.5	7	44.5	57.5	26.5	59	0	23	88	18	68.5	46.5	33	74	45.5	78	49.5	11.5	47	20.5	50	70.5	32	15.5	66	51.5	74.5	45	39	30	78.5	43.5	49	72.5	35	9.5	48	22	30.5	11	49	32	35.5	75	88	74.5	53.5	51	41.5	80	78	73	31	36.5	55	12	26.5	10.5	69.5	68	10.5	93	29.5	
79	32	31.5	77	76	43.5	66	58	62.5	39	34	31.5	60.5	71.5	27	80	22	57.5	29	59.5	64	22.5	40	86.5	69	39.5	36.5	67.5	54.5	22	29	45	52.5	50	34	54	57.5	60	27	41	6	9	73.5	27.5	27.5	0	55	33.5	28	1	50	69	41.5	76.5	26.5	57	81	65	62.5	51.5	26	35.5	28.5	31.5	30	43.5	56.5	35.5	58	23	0	87	5	67.5	45.5	32	73	44.5	77	48.5	20.5	46	29.5	49	69.5	31	19.5	57	42.5	71.5	44	30	29	77.5	42.5	48	71.5	34	18.5	47	21	39.5	34	48	31	34.5	74	83	65.5	52.5	50	34.5	79	77	72	8	27.5	54	21	35.5	14.5	68.5	67	19.5	88	28.5	
14	67	71.5	32	11	53.5	49	43	52.5	74	89	88.5	40.5	41.5	72	25	87	57.5	64	39.5	49	72.5	55	26.5	44	59.5	91.5	47.5	60.5	87	94	50	42.5	55	69	59	47.5	35	92	66	81	84	41.5	82.5	87.5	87	60	96.5	73	88	55	44	71.5	36.5	76.5	52	12	50	52.5	63.5	71	90.5	83.5	81.5	95	71.5	46.5	94.5	33	88	87	0	82	37.5	55.5	67	38	44.5	38	58.5	85.5	61	94.5	64	45.5	56	84.5	42	52.5	41.5	59	65	74	37.5	72.5	53	43.5	81	83.5	68	66	100.5	91	53	76	54.5	13	28	35.5	62.5	65	74.5	34	32	15	85	77.5	59	86	100.5	79.5	46.5	48	84.5	5	78.5	
84	37	26.5	72	71	38.5	61	63	57.5	34	31	26.5	55.5	66.5	22	85	17	52.5	24	54.5	59	17.5	35	83.5	66	44.5	33.5	62.5	49.5	17	24	50	57.5	55	29	51	52.5	55	22	36	1	14	68.5	32.5	22.5	5	50	28.5	33	6	45	64	36.5	71.5	31.5	58	86	60	57.5	46.5	31	40.5	31.5	28.5	25	38.5	51.5	30.5	53	18	5	82	0	62.5	40.5	27	68	39.5	72	43.5	15.5	41	24.5	44	64.5	26	14.5	62	47.5	68.5	39	35	24	72.5	37.5	43	66.5	29	13.5	42	16	34.5	29	43	26	29.5	69	82	70.5	47.5	45	35.5	74	72	67	13	32.5	49	16	30.5	9.5	63.5	62	14.5	87	23.5	
33.5	61.5	52	27.5	26.5	34	31.5	37.5	33	54.5	81.5	77	21	4	52.5	34.5	67.5	48	44.5	20	29.5	53	35.5	39	36.5	54	84	28	45	67.5	74.5	44.5	37	49.5	49.5	51.5	28	15.5	72.5	46.5	61.5	76.5	6	77	68	67.5	50.5	79	67.5	68.5	35.5	24.5	52	27	71	46.5	35.5	40.5	43	52	65.5	85	78	74	75.5	54	27	81	13.5	68.5	67.5	37.5	62.5	0	36	47.5	23.5	25	27.5	39	66	41.5	75	44.5	30	36.5	65	36.5	47	34	39.5	59.5	54.5	28	53	33.5	32	69.5	64	52.5	46.5	85	79.5	33.5	56.5	35	24.5	37.5	30	43	55.5	69	29.5	27.5	22.5	75.5	72	39.5	66.5	81	60	29	32.5	65	42.5	59	
55.5	43.5	30	45.5	44.5	2	34.5	34.5	31	32.5	59.5	55	29	40	30.5	56.5	45.5	12	22.5	28	32.5	31	13.5	57	39.5	36	62	36	9	45.5	52.5	26.5	29	31.5	27.5	29.5	26	28.5	50.5	24.5	39.5	54.5	42	59	46	45.5	28.5	57	49.5	46.5	18.5	37.5	30	45	53	31.5	57.5	33.5	31	30	47.5	67	60	52	53.5	32	25	59	26.5	46.5	45.5	55.5	40.5	36	0	25.5	41.5	13	45.5	3	44	19.5	53	22.5	38	14.5	43	33.5	29	42	17.5	41.5	32.5	46	31	16.5	40	47.5	42	30.5	24.5	63	57.5	16.5	34.5	13	42.5	55.5	42	7	33.5	49	47.5	45.5	40.5	53.5	54	22.5	44.5	59	38	37	35.5	43	60.5	37	
69	32	16.5	57	56	23.5	46	48	42.5	7	46	41.5	40.5	51.5	17	70	32	37.5	3	39.5	44	17.5	20	68.5	51	29.5	48.5	47.5	34.5	32	39	35	42.5	40	2	36	37.5	40	37	21	26	41	53.5	47.5	32.5	32	35	43.5	38	33	30	49	21.5	56.5	41.5	43	71	45	42.5	31.5	36	55.5	46.5	38.5	40	23.5	36.5	45.5	38	33	32	67	27	47.5	25.5	0	53	24.5	57	28.5	30.5	26	39.5	29	49.5	11	29.5	47	32.5	53.5	24	30	19	57.5	22.5	28	51.5	34	28.5	27	11	49.5	44	28	21	14.5	54	67	55.5	32.5	30	35.5	59	57	52	40	42.5	34	31	45.5	24.5	48.5	47	29.5	72	23.5	
28	61	57.5	28	27	39.5	37	37	38.5	60	83	82.5	26.5	27.5	58	29	73	51.5	50	25.5	35	58.5	41	35.5	38	53.5	85.5	33.5	50.5	73	80	44	36.5	49	55	53	33.5	21	78	52	67	78	29.5	76.5	73.5	73	54	84.5	67	74	41	30	57.5	27.5	70.5	46	30	44	46.5	57.5	65	84.5	77.5	75.5	81	59.5	32.5	86.5	19	74	73	38	68	23.5	41.5	53	0	30.5	4	44.5	71.5	47	80.5	50	35.5	42	70.5	36	46.5	35.5	45	59	60	28.5	58.5	39	37.5	75	69.5	58	52	90.5	85	39	62	40.5	25	32	29.5	48.5	59	68.5	30	28	23	79	71.5	45	72	86.5	65.5	34.5	38	70.5	37	64.5	
56.5	50.5	29	34.5	33.5	11	23.5	29.5	20	31.5	58.5	54	18	29	29.5	47.5	44.5	25	21.5	17	21.5	30	12.5	46	28.5	43	61	25	22	44.5	51.5	37.5	28	32.5	26.5	28.5	15	17.5	49.5	23.5	38.5	53.5	31	70	45	44.5	27.5	56	54.5	45.5	12.5	26.5	29	34	56	25.5	56.5	22.5	18	29	56.5	72	59	51	52.5	31	14	58	15.5	45.5	44.5	44.5	39.5	25	13	24.5	30.5	0	34.5	16	43	18.5	52	21.5	27	13.5	42	30.5	40	31	16.5	52.5	31.5	35	30	10.5	29	46.5	41	29.5	23.5	62	56.5	10.5	33.5	12	31.5	44.5	37	20	32.5	48	36.5	34.5	29.5	52.5	55	16.5	43.5	58	37	26	24.5	42	49.5	36	
24	57	61.5	32	31	43.5	39	33	42.5	64	79	78.5	30.5	31.5	62	25	77	47.5	54	29.5	39	62.5	45	31.5	34	49.5	81.5	37.5	50.5	77	84	40	32.5	45	59	49	37.5	25	82	56	71	74	31.5	72.5	77.5	77	50	86.5	63	78	45	34	61.5	31.5	66.5	42	26	40	42.5	53.5	61	80.5	73.5	71.5	85	61.5	36.5	84.5	23	78	77	38	72	27.5	45.5	57	4	34.5	0	48.5	75.5	51	84.5	54	35.5	46	74.5	32	42.5	31.5	49	55	64	32.5	62.5	43	33.5	71	73.5	58	56	90.5	81	43	66	44.5	29	28	25.5	52.5	55	64.5	34	32	27	75	67.5	49	76	90.5	69.5	36.5	38	74.5	33	68.5	
52.5	40.5	33	48.5	47.5	5	37.5	31.5	34	35.5	62.5	58	32	43	33.5	53.5	48.5	9	25.5	31	35.5	34	16.5	60	42.5	33	65	39	6	48.5	55.5	23.5	26	28.5	30.5	32.5	29	31.5	53.5	27.5	42.5	57.5	45	56	49	48.5	31.5	60	46.5	49.5	21.5	40.5	33	48	50	30.5	54.5	36.5	34	33	44.5	64	57	55	56.5	35	28	62	29.5	49.5	48.5	58.5	43.5	39	3	28.5	44.5	16	48.5	0	47	22.5	56	25.5	41	17.5	46	30.5	26	45	20.5	38.5	35.5	49	34	19.5	43	50.5	45	33.5	27.5	66	60.5	19.5	37.5	16	45.5	56.5	39	4	36.5	48	50.5	48.5	43.5	56.5	51	25.5	47.5	62	41	40	38.5	46	61.5	40	
95.5	46.5	30	75.5	74.5	42	64.5	70.5	61	37.5	24.5	25	59	70	25.5	88.5	5.5	56	27.5	58	62.5	21	38.5	87	69.5	54	18	66	53	10.5	12.5	61.5	69	58.5	32.5	54.5	56	58.5	10.5	39.5	14.5	29.5	72	27	26	20.5	53.5	13	40.5	21.5	48.5	67.5	40	75	37	61.5	97.5	63.5	61	50	42.5	33	30	32	18.5	42	55	15	56.5	11.5	20.5	85.5	15.5	66	44	30.5	71.5	43	75.5	47	0	44.5	13	47.5	68	29.5	13	71.5	59	72	42.5	46.5	27.5	76	41	46.5	70	32.5	2	45.5	19.5	23	22.5	46.5	29.5	33	72.5	85.5	78	51	48.5	39	77.5	75.5	70.5	28.5	36	52.5	4.5	19	8	67	65.5	1	90.5	27	
55	38	30.5	51	50	17.5	40	34	36.5	33	60	55.5	34.5	45.5	31	56	46	31.5	23	33.5	38	31.5	6	62.5	45	30.5	62.5	41.5	28.5	46	53	19	28.5	14	28	10	31.5	34	51	25	40	55	47.5	53.5	46.5	46	9	57.5	44	47	24	43	30.5	50.5	47.5	33	57	39	36.5	30.5	42	61.5	54.5	52.5	54	32.5	30.5	59.5	32	47	46	61	41	41.5	19.5	26	47	18.5	51	22.5	44.5	0	53.5	3	43.5	15	43.5	33	23.5	47.5	2	36	33	51.5	31.5	22	45.5	48	42.5	31	25	63.5	58	22	35	13.5	48	59	41.5	26.5	34	45.5	53	51	46	54	48.5	28	45	59.5	38.5	42.5	41	43.5	64	37.5	
96.5	49.5	39	84.5	83.5	51	73.5	75.5	70	46.5	33.5	34	68	79	34.5	97.5	9.5	65	36.5	67	71.5	30	47.5	96	78.5	57	31	75	62	19.5	16.5	62.5	70	67.5	41.5	63.5	65	67.5	14.5	48.5	23.5	38.5	81	30	35	29.5	62.5	26	45.5	30.5	57.5	76.5	49	84	44	70.5	98.5	72.5	70	59	43.5	20	39	41	27.5	51	64	28	65.5	20.5	29.5	94.5	24.5	75	53	39.5	80.5	52	84.5	56	13	53.5	0	56.5	77	38.5	22	74.5	60	81	51.5	47.5	36.5	85	50	55.5	79	41.5	11	54.5	28.5	10	31.5	55.5	38.5	42	81.5	94.5	83	60	57.5	48	86.5	84.5	79.5	37.5	45	61.5	8.5	6	17	76	74.5	12	99.5	36	
52	35	33.5	54	53	20.5	43	31	39.5	36	57	56.5	37.5	48.5	34	53	49	30.5	26	36.5	41	34.5	9	59.5	42	27.5	59.5	44.5	31.5	49	56	16	25.5	11	31	7	34.5	37	54	28	43	52	50.5	50.5	49.5	49	6	60.5	41	50	27	46	33.5	53.5	44.5	30	54	38	35.5	31.5	39	58.5	51.5	49.5	57	35.5	33.5	62.5	35	50	49	64	44	44.5	22.5	29	50	21.5	54	25.5	47.5	3	56.5	0	46.5	18	46.5	30	20.5	44.5	5	33	36	54.5	34.5	25	46.5	49	45.5	34	28	66.5	59	25	38	16.5	51	56	38.5	29.5	33	42.5	56	54	49	53	45.5	31	48	62.5	41.5	45.5	44	46.5	61	40.5	
31.5	49.5	54	39.5	38.5	36	31.5	25.5	35	56.5	71.5	71	9	34	54.5	32.5	69.5	40	46.5	10	31.5	55	37.5	39	26.5	42	74	2	43	69.5	76.5	32.5	25	37.5	51.5	41.5	30	22.5	74.5	48.5	63.5	66.5	34	65	70	69.5	42.5	79	55.5	70.5	37.5	31.5	54	39	59	34.5	33.5	32.5	35	46	53.5	73	66	64	77.5	54	29	77	20.5	70.5	69.5	45.5	64.5	30	38	49.5	35.5	27	35.5	41	68	43.5	77	46.5	0	38.5	67	24.5	35	4	41.5	47.5	56.5	40	55	35.5	2	63.5	66	50.5	48.5	83	73.5	35.5	58.5	37	36.5	35.5	10	45	47.5	57	41.5	39.5	34.5	67.5	60	41.5	68.5	83	62	1	30.5	67	40.5	61	
70	37	15.5	46	45	12.5	35	41	31.5	18	45	40.5	29.5	40.5	16	59	31	26.5	8	28.5	33	16.5	9	57.5	40	29.5	47.5	36.5	23.5	31	38	34	41.5	29	13	25	26.5	29	36	10	25	40	42.5	56.5	31.5	31	24	42.5	41	32	19	38	15.5	45.5	42.5	32	68	34	31.5	20.5	43	58.5	45.5	37.5	39	17.5	25.5	44.5	27	32	31	56	26	36.5	14.5	11	42	13.5	46	17.5	29.5	15	38.5	18	38.5	0	28.5	42	31.5	42.5	13	39	18	46.5	16.5	17	40.5	33	27.5	16	10	48.5	43	17	20	3.5	43	56	48.5	21.5	19	34.5	48	46	41	39	41.5	23	30	44.5	23.5	37.5	36	28.5	61	22.5	
86.5	39.5	29	74.5	73.5	41	63.5	65.5	60	36.5	28.5	12	58	69	24.5	87.5	14.5	55	26.5	57	61.5	20	37.5	86	68.5	47	31	65	52	14.5	21.5	52.5	60	57.5	31.5	53.5	55	57.5	19.5	38.5	13.5	28.5	71	30	25	19.5	52.5	26	35.5	20.5	47.5	66.5	39	74	34	60.5	88.5	62.5	60	49	33.5	38	17	31	22.5	41	54	28	55.5	15.5	19.5	84.5	14.5	65	43	29.5	70.5	42	74.5	46	13	43.5	22	46.5	67	28.5	0	64.5	50	71	41.5	37.5	26.5	75	40	45.5	69	31.5	11	44.5	18.5	32	26.5	45.5	28.5	32	71.5	84.5	73	50	47.5	38	76.5	74.5	69.5	27.5	35	51.5	13.5	28	5	66	64.5	12	89.5	26	
28	31	47.5	42	53	35.5	23	1	21.5	40	53	52.5	33.5	32.5	52	29	73	21.5	50	34.5	25	56.5	39	35.5	18	23.5	55.5	26.5	24.5	67	70	14	6.5	19	45	23	26.5	39	72	38	63	48	30.5	46.5	51.5	57	24	60.5	37	56	29	30	37.5	37.5	40.5	16	30	8	16.5	27.5	35	54.5	47.5	45.5	59	35.5	27.5	58.5	39	66	57	42	62	36.5	33.5	47	36	30.5	32	30.5	71.5	33	74.5	30	24.5	42	64.5	0	16.5	20.5	35	29	50	36.5	36.5	31	22.5	45	69.5	32	52	64.5	55	31	48	40.5	55	32	14.5	26.5	29	38.5	40	42	53	49	41.5	25	72	68.5	65.5	25.5	22	70.5	37	50.5	
38.5	16.5	33	52.5	63.5	31	33.5	17.5	32	25.5	38.5	38	44	43	37.5	39.5	62.5	17	35.5	45	35.5	42	29.5	46	28.5	9	41	37	20	52.5	55.5	4.5	12	9.5	30.5	13.5	37	49.5	57.5	23.5	48.5	33.5	41	32	37	42.5	14.5	46	22.5	41.5	29.5	40.5	23	48	26	16.5	40.5	24.5	22	11	20.5	40	33	31	44.5	21	38	44	51.5	51.5	42.5	52.5	47.5	47	29	32.5	46.5	40	42.5	26	59	23.5	60	20.5	35	31.5	50	16.5	0	31	25.5	14.5	35.5	47	22	31.5	33	30.5	59	17.5	41.5	50	40.5	31.5	33.5	28	65.5	42.5	25	22	14.5	24	50.5	52.5	67.5	34.5	27	25.5	61.5	54	55	36	32.5	60	47.5	36	
27.5	45.5	58	41.5	42.5	40	27.5	21.5	31	54.5	67.5	67	13	32	58.5	28.5	73.5	36	50.5	14	29.5	59	41.5	35	22.5	38	70	6	39	73.5	80.5	28.5	21	33.5	55.5	37.5	34	26.5	78.5	52.5	67.5	62.5	30	61	66	71.5	38.5	75	51.5	70.5	41.5	29.5	52	37	55	30.5	29.5	28.5	31	42	49.5	69	62	60	73.5	50	33	73	24.5	74.5	71.5	41.5	68.5	34	42	53.5	35.5	31	31.5	45	72	47.5	81	44.5	4	42.5	71	20.5	31	0	45.5	43.5	60.5	36	51	39.5	2	59.5	70	46.5	52.5	79	69.5	39.5	62.5	41	40.5	31.5	6	41	43.5	53	39.5	41.5	38.5	63.5	56	39.5	72.5	83	66	5	26.5	71	36.5	65	
57	40	28.5	49	48	15.5	38	36	34.5	31	58	53.5	32.5	43.5	29	58	44	29.5	21	31.5	36	29.5	4	60.5	43	32.5	60.5	39.5	26.5	44	51	21	30.5	16	26	12	29.5	32	49	23	38	53	45.5	55.5	44.5	44	11	55.5	46	45	22	41	28.5	48.5	49.5	35	59	37	34.5	28.5	44	63.5	56.5	50.5	52	30.5	28.5	57.5	30	45	44	59	39	39.5	17.5	24	45	16.5	49	20.5	42.5	2	51.5	5	41.5	13	41.5	35	25.5	45.5	0	38	31	49.5	29.5	20	43.5	46	40.5	29	23	61.5	56	20	33	11.5	46	59	43.5	24.5	32	47.5	51	49	44	52	50.5	26	43	57.5	36.5	40.5	39	41.5	64	35.5	
51	2	25.5	65	76	43.5	46	30	44.5	23	26	25.5	56.5	55.5	23	52	50	29.5	33	57.5	48	29.5	42	58.5	41	11.5	28.5	49.5	32.5	40	43	17	24.5	22	28	26	49.5	62	45	31	36	21	53.5	19.5	24.5	30	27	33.5	10	29	42	53	25.5	60.5	13.5	29	53	37	34.5	25.5	8	27.5	20.5	18.5	32	23.5	50.5	31.5	64	39	30	65	35	59.5	41.5	30	59	52.5	55	38.5	46.5	36	47.5	33	47.5	39	37.5	29	14.5	43.5	38	0	21	59.5	24.5	44	45.5	18	46.5	25	29	37.5	28	44	19	42.5	78	55	37.5	34.5	22	11.5	63	65	80	22	14.5	38	49	41.5	42.5	48.5	45	47.5	60	23.5	
72	19	18.5	64	63	30.5	53	51	49.5	26	43	38.5	47.5	58.5	2	73	29	44.5	16	46.5	51	14.5	27	75.5	58	32.5	45.5	54.5	41.5	29	36	38	45.5	43	21	43	44.5	47	34	28	23	38	60.5	40.5	29.5	29	42	40.5	31	30	37	56	28.5	63.5	34.5	50	74	52	49.5	38.5	29	48.5	41.5	35.5	37	30.5	43.5	42.5	45	30	29	74	24	54.5	32.5	19	60	31.5	64	35.5	27.5	33	36.5	36	56.5	18	26.5	50	35.5	60.5	31	21	0	64.5	29.5	35	58.5	31	25.5	34	8	46.5	41	35	2	21.5	61	74	58.5	39.5	37	32.5	66	64	59	37	35.5	41	28	42.5	21.5	55.5	54	26.5	79	20.5	
23.5	61.5	62	27.5	26.5	44	41.5	37.5	43	64.5	83.5	83	31	32	62.5	24.5	77.5	52	54.5	30	39.5	63	45.5	31	38.5	54	86	38	55	77.5	84.5	44.5	37	49.5	59.5	53.5	38	25.5	82.5	56.5	71.5	78.5	34	77	78	77.5	54.5	89	67.5	78.5	45.5	34.5	62	1	71	46.5	25.5	44.5	47	58	65.5	85	78	76	85.5	64	37	89	23.5	78.5	77.5	37.5	72.5	28	46	57.5	28.5	35	32.5	49	76	51.5	85	54.5	40	46.5	75	36.5	47	36	49.5	59.5	64.5	0	63	43.5	38	75.5	74	62.5	56.5	95	85.5	43.5	66.5	45	24.5	27.5	30	53	59.5	69	29.5	27.5	22.5	79.5	72	49.5	76.5	91	70	39	42.5	75	32.5	69	
58.5	26.5	27	62.5	61.5	29	51.5	37.5	48	29.5	48.5	48	46	57	27.5	59.5	42.5	37	19.5	45	49.5	28	25.5	66	48.5	13	51	53	40	42.5	49.5	24.5	32	29.5	24.5	33.5	43	45.5	47.5	26.5	36.5	43.5	59	42	43	42.5	34.5	54	32.5	43.5	35.5	54.5	1	62	36	36.5	60.5	44.5	42	33	30.5	50	43	41	50.5	1	42	54	43.5	43.5	42.5	72.5	37.5	53	31	22.5	58.5	30	62.5	34	41	31.5	50	34.5	55	16.5	40	36.5	22	51	29.5	24.5	29.5	63	0	33.5	53	40.5	39	32.5	21.5	60	50.5	33.5	31.5	20	59.5	62.5	45	38	29.5	34	64.5	62.5	57.5	44.5	37	39.5	41.5	56	35	54	52.5	40	67.5	34	
53	46	32.5	43	42	14.5	32	32	28.5	35	62	57.5	26.5	37.5	33	54	48	28.5	25	25.5	30	33.5	16	54.5	37	38.5	64.5	33.5	25.5	48	55	29	26.5	34	30	32	23.5	26	53	27	42	57	39.5	61.5	48.5	48	31	59.5	52	49	2	35	32.5	42.5	55.5	15	55	31	28.5	32.5	50	69.5	62.5	54.5	56	34.5	22.5	61.5	24	49	48	53	43	33.5	16.5	28	39	10.5	43	19.5	46.5	22	55.5	25	35.5	17	45.5	31	31.5	39.5	20	44	35	43.5	33.5	0	37.5	50	44.5	33	27	65.5	60	0	37	15.5	40	53	39.5	23.5	36	51.5	45	43	38	56	56.5	6	47	61.5	40.5	34.5	33	45.5	58	39.5	
29.5	47.5	56	41.5	40.5	38	29.5	23.5	33	56.5	69.5	69	11	34	56.5	30.5	71.5	38	48.5	12	31.5	57	39.5	37	24.5	40	72	4	41	71.5	78.5	30.5	23	35.5	53.5	39.5	32	24.5	76.5	50.5	65.5	64.5	32	63	68	71.5	40.5	77	53.5	72.5	39.5	31.5	54	39	57	32.5	31.5	30.5	33	44	51.5	71	64	62	75.5	52	31	75	22.5	72.5	71.5	43.5	66.5	32	40	51.5	37.5	29	33.5	43	70	45.5	79	46.5	2	40.5	69	22.5	33	2	43.5	45.5	58.5	38	53	37.5	0	61.5	68	48.5	50.5	81	71.5	37.5	60.5	39	38.5	33.5	8	43	45.5	55	41.5	41.5	36.5	65.5	58	41.5	70.5	85	64	3	28.5	69	38.5	63	
67	20	33.5	79	78	45.5	62	46	60.5	39	32	31.5	62.5	71.5	29	68	34	45.5	31	61.5	64	24.5	42	74.5	57	27.5	34.5	65.5	48.5	34	41	33	40.5	38	36	42	59.5	62	39	43	28	27	69.5	25.5	30.5	34	43	39.5	8	35	52	69	41.5	76.5	19.5	45	69	53	50.5	41.5	10	33.5	26.5	24.5	38	39.5	58.5	37.5	60	35	34	81	29	69.5	47.5	34	75	46.5	71	50.5	32.5	48	41.5	49	63.5	33	31.5	45	30.5	59.5	46	18	31	75.5	40.5	50	61.5	0	30.5	41	23	43.5	34	50	33	36.5	76	71	53.5	50.5	38	22.5	79	79	74	28	20.5	54	33	47.5	26.5	64.5	61	31.5	76	30.5	
97.5	44.5	28	73.5	72.5	40	62.5	68.5	59	35.5	22.5	23	57	68	23.5	86.5	3.5	54	25.5	56	60.5	19	36.5	85	67.5	52	20	64	51	8.5	10.5	61.5	69	56.5	30.5	52.5	54	56.5	8.5	37.5	12.5	27.5	70	29	24	18.5	51.5	15	38.5	19.5	46.5	65.5	38	73	35	59.5	95.5	61.5	59	48	40.5	31	28	30	16.5	40	53	17	54.5	9.5	18.5	83.5	13.5	64	42	28.5	69.5	41	73.5	45	2	42.5	11	45.5	66	27.5	11	69.5	59	70	40.5	46.5	25.5	74	39	44.5	68	30.5	0	43.5	17.5	21	20.5	44.5	27.5	31	70.5	83.5	76	49	46.5	37	75.5	73.5	68.5	26.5	34	50.5	2.5	17	6	65	63.5	1	88.5	25	
54	27	31.5	62	61	28.5	49	33	47.5	34	49	48.5	45.5	56.5	32	55	47	32.5	24	44.5	49	32.5	25	61.5	44	19.5	51.5	52.5	35.5	47	54	20	27.5	25	29	29	42.5	45	52	6	41	44	56.5	42.5	47.5	47	30	56.5	33	48	35	54	31.5	61.5	36.5	32	56	40	37.5	28.5	31	50.5	43.5	41.5	55	31.5	41.5	54.5	43	48	47	68	42	52.5	30.5	27	58	29.5	58	33.5	45.5	31	54.5	34	50.5	16	44.5	32	17.5	46.5	29	25	34	62.5	32.5	33	48.5	41	43.5	0	26	60.5	51	33	36	19.5	59	58	40.5	37.5	3	34.5	64	62	57	45	37.5	39	46	60.5	39.5	51.5	48	44.5	63	38.5	
80	27	10.5	56	55	22.5	45	51	41.5	18	35	30.5	39.5	50.5	6	69	21	36.5	8	38.5	43	6.5	19	67.5	50	34.5	37.5	46.5	33.5	21	28	44	51.5	39	13	35	36.5	39	26	20	15	30	52.5	46.5	21.5	21	34	32.5	31	22	29	48	20.5	55.5	32.5	42	78	44	41.5	30.5	33	48.5	35.5	27.5	29	22.5	35.5	34.5	37	22	21	66	16	46.5	24.5	11	52	23.5	56	27.5	19.5	25	28.5	28	48.5	10	18.5	52	41.5	52.5	23	29	8	56.5	21.5	27	50.5	23	17.5	26	0	38.5	33	27	10	13.5	53	66	58.5	31.5	29	24.5	58	56	51	29	31.5	33	20	34.5	13.5	47.5	46	18.5	71	12.5	
86.5	39.5	49	94.5	93.5	61	81.5	65.5	80	56.5	31.5	36	78	89	44.5	87.5	19.5	65	46.5	77	81.5	40	57.5	94	76.5	47	29	85	68	29.5	26.5	52.5	60	57.5	51.5	61.5	75	77.5	24.5	58.5	33.5	36.5	89	20	45	39.5	62.5	34	35.5	40.5	67.5	86.5	59	94	34	64.5	88.5	72.5	70	61	33.5	10	31	39	37.5	59	74	32	75.5	30.5	39.5	100.5	34.5	85	63	49.5	90.5	62	90.5	66	23	63.5	10	66.5	83	48.5	32	64.5	50	79	61.5	37.5	46.5	95	60	65.5	81	43.5	21	60.5	38.5	0	33.5	65.5	48.5	52	91.5	90.5	73	70	57.5	42	96.5	94.5	89.5	37.5	35	71.5	18.5	4	27	84	80.5	22	95.5	46	
77	30	43.5	89	88	55.5	72	56	70.5	49	2	26.5	72.5	81.5	39	78	24	55.5	41	71.5	74	34.5	52	84.5	67	37.5	24.5	75.5	58.5	12	31	43	50.5	48	46	52	69.5	72	29	53	28	27	79.5	15.5	35.5	34	53	29.5	26	35	62	79	51.5	86.5	24.5	55	79	63	60.5	51.5	24	23.5	21.5	29.5	4	49.5	68.5	27.5	70	11	34	91	29	79.5	57.5	44	85	56.5	81	60.5	22.5	58	31.5	59	73.5	43	26.5	55	40.5	69.5	56	28	41	85.5	50.5	60	71.5	34	20.5	51	33	33.5	0	60	43	46.5	86	81	63.5	60.5	48	32.5	89	89	84	28	25.5	64	23	37.5	21.5	74.5	71	21.5	86	40.5	
53	46	32.5	43	42	14.5	32	32	28.5	35	62	57.5	26.5	37.5	33	54	48	28.5	25	25.5	30	33.5	16	54.5	37	38.5	64.5	33.5	25.5	48	55	29	26.5	34	30	32	23.5	26	53	27	42	57	39.5	61.5	48.5	48	31	59.5	52	49	2	35	32.5	42.5	55.5	15	55	31	28.5	32.5	50	69.5	62.5	54.5	56	34.5	22.5	61.5	24	49	48	53	43	33.5	16.5	28	39	10.5	43	19.5	46.5	22	55.5	25	35.5	17	45.5	31	31.5	39.5	20	44	35	43.5	33.5	0	37.5	50	44.5	33	27	65.5	60	0	37	15.5	40	53	39.5	23.5	36	51.5	45	43	38	56	56.5	6	47	61.5	40.5	34.5	33	45.5	58	39.5	
70	17	20.5	66	65	32.5	55	49	51.5	28	45	40.5	49.5	60.5	4	71	31	46.5	18	48.5	53	16.5	29	77.5	60	30.5	47.5	56.5	43.5	31	38	36	43.5	41	23	45	46.5	49	36	30	25	40	62.5	38.5	31.5	31	44	42.5	29	32	39	58	30.5	65.5	32.5	48	72	54	51.5	40.5	27	46.5	39.5	37.5	39	32.5	45.5	44.5	47	32	31	76	26	56.5	34.5	21	62	33.5	66	37.5	29.5	35	38.5	38	58.5	20	28.5	48	33.5	62.5	33	19	2	66.5	31.5	37	60.5	33	27.5	36	10	48.5	43	37	0	23.5	63	74	56.5	41.5	39	30.5	68	66	61	39	33.5	43	30	44.5	23.5	57.5	56	28.5	79	22.5	
66.5	40.5	19	44.5	43.5	11	33.5	39.5	30	21.5	48.5	44	28	39	19.5	57.5	34.5	25	11.5	27	31.5	20	7.5	56	38.5	33	51	35	22	34.5	41.5	32.5	40	27.5	16.5	23.5	25	27.5	39.5	13.5	28.5	43.5	41	60	35	34.5	22.5	46	44.5	35.5	17.5	36.5	19	44	46	30.5	66.5	32.5	30	17	46.5	62	49	41	42.5	21	24	48	25.5	35.5	34.5	54.5	29.5	35	13	14.5	40.5	12	44.5	16	33	13.5	42	16.5	37	3.5	32	40.5	28	41	11.5	42.5	21.5	45	20	15.5	39	36.5	31	19.5	13.5	52	46.5	15.5	23.5	0	41.5	54.5	47	20	22.5	38	46.5	44.5	39.5	42.5	45	21.5	33.5	48	27	36	34.5	32	59.5	26	
27	80	58.5	19	2	40.5	38	54	39.5	61	88	83.5	27.5	28.5	59	32	74	54.5	51	26.5	36	59.5	42	25.5	43	72.5	90.5	34.5	51.5	74	81	63	55.5	62	56	58	34.5	22	79	53	68	83	30.5	95.5	74.5	74	57	85.5	84	75	42	31	58.5	23.5	85.5	55	25	47	49.5	58.5	84	101.5	88.5	80.5	82	60.5	33.5	87.5	20	75	74	13	69	24.5	42.5	54	25	31.5	29	45.5	72.5	48	81.5	51	36.5	43	71.5	55	65.5	40.5	46	78	61	24.5	59.5	40	38.5	76	70.5	59	53	91.5	86	40	63	41.5	0	29	46.5	49.5	62	77.5	21	19	2	82	84.5	46	73	87.5	66.5	35.5	39	71.5	18	65.5	
14	57	71.5	10	31	53.5	39	33	42.5	66	79	78.5	40.5	33.5	72	3	87	47.5	64	39.5	41	72.5	55	21.5	34	49.5	81.5	37.5	50.5	87	94	40	32.5	45	69	49	47.5	35	92	64	81	74	31.5	72.5	77.5	83	50	86.5	63	82	55	36	63.5	28.5	66.5	42	16	40	42.5	53.5	61	80.5	73.5	71.5	85	61.5	46.5	84.5	33	88	83	28	82	37.5	55.5	67	32	44.5	28	56.5	85.5	59	94.5	56	35.5	56	84.5	32	42.5	31.5	59	55	74	27.5	62.5	53	33.5	71	83.5	58	66	90.5	81	53	74	54.5	29	0	25.5	52.5	55	64.5	8	10	27	75	67.5	51	86	94.5	79.5	36.5	38	84.5	23	76.5	
21.5	39.5	56	35.5	46.5	44	21.5	15.5	25	48.5	61.5	61	19	26	60.5	22.5	79.5	30	56.5	20	23.5	65	47.5	29	16.5	32	64	12	33	75.5	78.5	22.5	15	27.5	53.5	31.5	30	32.5	80.5	46.5	71.5	56.5	24	55	60	65.5	32.5	69	45.5	64.5	37.5	23.5	46	31	49	24.5	23.5	22.5	25	36	43.5	63	56	54	67.5	44	31	67	30.5	74.5	65.5	35.5	70.5	30	42	55.5	29.5	37	25.5	39	78	41.5	83	38.5	10	48.5	73	14.5	25	6	43.5	37.5	58.5	30	45	39.5	8	53.5	76	40.5	58.5	73	63.5	39.5	56.5	47	46.5	25.5	0	35	37.5	47	33.5	35.5	44.5	57.5	50	33.5	78.5	77	72	11	20.5	77	30.5	59	
48.5	36.5	37	52.5	51.5	9	41.5	27.5	38	39.5	58.5	58	36	47	37.5	49.5	52.5	5	29.5	35	39.5	38	20.5	56	38.5	29	61	43	2	52.5	59.5	19.5	22	24.5	34.5	28.5	33	35.5	57.5	31.5	46.5	53.5	49	52	53	52.5	29.5	64	42.5	53.5	25.5	44.5	37	52	46	26.5	50.5	34.5	32	33	40.5	60	53	51	60.5	39	32	64	33.5	53.5	52.5	62.5	47.5	43	7	32.5	48.5	20	52.5	4	51	26.5	60	29.5	45	21.5	50	26.5	22	41	24.5	34.5	39.5	53	38	23.5	43	50.5	49	37.5	31.5	70	60.5	23.5	41.5	20	49.5	52.5	35	0	34.5	44	54.5	52.5	47.5	54.5	47	29.5	51.5	66	45	44	42.5	50	57.5	44	
51	24	34.5	65	64	31.5	46	30	44.5	33	46	45.5	48.5	55.5	35	52	50	29.5	27	47.5	48	35.5	28	58.5	41	16.5	48.5	49.5	32.5	50	57	17	24.5	22	32	26	45.5	48	55	9	44	41	53.5	39.5	44.5	50	27	53.5	30	49	38	53	30.5	60.5	33.5	29	53	37	34.5	25.5	28	47.5	40.5	38.5	52	28.5	44.5	51.5	46	51	50	65	45	55.5	33.5	30	59	32.5	55	36.5	48.5	34	57.5	33	47.5	19	47.5	29	14.5	43.5	32	22	37	59.5	29.5	36	45.5	38	46.5	3	29	57.5	48	36	39	22.5	62	55	37.5	34.5	0	31.5	63	65	60	42	34.5	38	49	61.5	42.5	48.5	45	47.5	60	41.5	
60.5	13.5	35	74.5	79.5	47	55.5	39.5	54	32.5	30.5	30	64	65	30.5	61.5	40.5	39	32.5	63	57.5	18	43.5	68	50.5	21	33	59	42	40.5	47.5	26.5	34	31.5	37.5	35.5	59	63.5	45.5	40.5	34.5	25.5	63	24	29	34.5	36.5	38	14.5	33.5	51.5	62.5	35	70	18	38.5	62.5	46.5	44	35	12.5	32	25	23	36.5	33	60	36	61.5	41.5	34.5	74.5	35.5	69	49	35.5	68.5	48	64.5	48	39	45.5	48	42.5	57	34.5	38	38.5	24	53	47.5	11.5	32.5	69	34	51.5	55	22.5	37	34.5	24.5	42	32.5	51.5	30.5	38	77.5	64.5	47	44	31.5	0	72.5	74.5	75.5	26.5	19	47.5	39.5	46	33	58	54.5	38	69.5	12	
22	65	63.5	2	23	45.5	43	41	44.5	66	87	86.5	32.5	33.5	64	11	79	55.5	56	31.5	41	64.5	47	29.5	42	57.5	89.5	39.5	56.5	79	86	48	40.5	53	61	57	39.5	27	84	58	73	82	35.5	80.5	79.5	79	58	90.5	71	80	47	36	63.5	28.5	74.5	50	24	48	50.5	61.5	69	88.5	81.5	79.5	87	65.5	38.5	92.5	25	80	79	34	74	29.5	47.5	59	30	36.5	34	50.5	77.5	53	86.5	56	41.5	48	76.5	40	50.5	39.5	51	63	66	29.5	64.5	45	41.5	79	75.5	64	58	96.5	89	45	68	46.5	21	8	33.5	54.5	63	72.5	0	2	19	83	75.5	51	78	92.5	71.5	40.5	44	76.5	31	70.5	
24	67	61.5	0	21	43.5	41	43	42.5	64	89	86.5	30.5	31.5	62	13	77	57.5	54	29.5	39	62.5	45	31.5	44	59.5	91.5	37.5	54.5	77	84	50	42.5	55	59	59	37.5	25	82	56	71	84	33.5	82.5	77.5	77	60	88.5	73	78	45	34	61.5	26.5	76.5	52	26	50	52.5	61.5	71	90.5	83.5	81.5	85	63.5	36.5	90.5	23	78	77	32	72	27.5	45.5	57	28	34.5	32	48.5	75.5	51	84.5	54	39.5	46	74.5	42	52.5	41.5	49	65	64	27.5	62.5	43	41.5	79	73.5	62	56	94.5	89	43	66	44.5	19	10	35.5	52.5	65	74.5	2	0	17	85	77.5	49	76	90.5	69.5	38.5	42	74.5	33	68.5	
29	78	56.5	17	4	38.5	36	52	37.5	59	86	81.5	25.5	26.5	57	30	72	52.5	49	24.5	34	57.5	40	23.5	41	70.5	88.5	32.5	49.5	72	79	65	57.5	60	54	56	32.5	20	77	51	66	81	28.5	97.5	72.5	72	55	83.5	82	73	40	29	56.5	21.5	83.5	53	27	45	47.5	56.5	84	99.5	86.5	78.5	80	58.5	31.5	85.5	18	73	72	15	67	22.5	40.5	52	23	29.5	27	43.5	70.5	46	79.5	49	34.5	41	69.5	53	67.5	38.5	44	80	59	22.5	57.5	38	36.5	74	68.5	57	51	89.5	84	38	61	39.5	2	27	44.5	47.5	60	75.5	19	17	0	80	82.5	44	71	85.5	64.5	33.5	37	69.5	20	63.5	
71	24	39.5	85	84	51.5	66	50	64.5	43	26	25.5	68.5	75.5	35	72	30	49.5	37	67.5	68	30.5	48	78.5	61	31.5	28.5	69.5	52.5	30	37	37	44.5	42	42	46	65.5	68	35	49	14	1	73.5	19.5	29.5	8	47	33.5	20	7	58	73	45.5	80.5	18.5	49	73	57	54.5	45.5	18	27.5	20.5	23.5	32	43.5	64.5	31.5	66	31	8	85	13	75.5	53.5	40	79	52.5	75	56.5	28.5	54	37.5	53	67.5	39	27.5	49	34.5	63.5	52	22	37	79.5	44.5	56	65.5	28	26.5	45	29	37.5	28	56	39	42.5	82	75	57.5	54.5	42	26.5	83	85	80	0	19.5	58	29	41.5	22.5	68.5	65	27.5	80	36.5	
63.5	16.5	38	77.5	86.5	54	58.5	42.5	57	35.5	23.5	23	69	68	37.5	64.5	37.5	42	39.5	70	60.5	33	50.5	71	53.5	24	26	62	45	37.5	40.5	29.5	37	34.5	40.5	38.5	62	70.5	42.5	43.5	31.5	18.5	66	17	10	27.5	39.5	31	12.5	26.5	54.5	65.5	38	73	1	41.5	65.5	49.5	47	38	10.5	25	18	4	29.5	36	63	29	68.5	36.5	27.5	77.5	32.5	72	54	42.5	71.5	55	67.5	51	36	48.5	45	45.5	60	41.5	35	41.5	27	56	50.5	14.5	35.5	72	37	56.5	58	20.5	34	37.5	31.5	35	25.5	56.5	33.5	45	84.5	67.5	50	47	34.5	19	75.5	77.5	82.5	19.5	0	50.5	36.5	39	30	61	57.5	35	72.5	31	
47	40	38.5	49	48	20.5	38	26	34.5	41	62	61.5	32.5	43.5	39	48	54	30.5	31	31.5	36	39.5	22	54.5	37	32.5	64.5	39.5	31.5	54	61	23	20.5	28	36	32	29.5	32	59	33	48	57	45.5	55.5	54.5	54	33	65.5	46	55	4	41	38.5	48.5	49.5	9	49	33	30.5	36.5	44	63.5	56.5	54.5	62	40.5	28.5	67.5	30	55	54	59	49	39.5	22.5	34	45	16.5	49	25.5	52.5	28	61.5	31	41.5	23	51.5	25	25.5	39.5	26	38	41	49.5	39.5	6	41.5	54	50.5	39	33	71.5	64	6	43	21.5	46	51	33.5	29.5	38	47.5	51	49	44	58	50.5	0	53	67.5	46.5	40.5	39	51.5	56	45.5	
100	47	30.5	76	75	42.5	65	71	61.5	38	25	25.5	59.5	70.5	26	89	1	56.5	28	58.5	63	21.5	39	87.5	70	54.5	22.5	66.5	53.5	11	8	64	71.5	59	33	55	56.5	59	6	40	15	30	72.5	31.5	26.5	21	54	17.5	41	22	49	68	40.5	75.5	37.5	62	98	64	61.5	50.5	43	28.5	30.5	32.5	19	42.5	55.5	19.5	57	12	21	86	16	66.5	44.5	31	72	43.5	76	47.5	4.5	45	8.5	48	68.5	30	13.5	72	61.5	72.5	43	49	28	76.5	41.5	47	70.5	33	2.5	46	20	18.5	23	47	30	33.5	73	86	78.5	51.5	49	39.5	78	76	71	29	36.5	53	0	14.5	8.5	67.5	66	3.5	91	27.5	
90.5	43.5	45	90.5	89.5	57	79.5	69.5	76	52.5	35.5	40	74	85	40.5	91.5	15.5	69	42.5	73	77.5	36	53.5	98	80.5	51	33	81	68	25.5	22.5	56.5	64	61.5	47.5	65.5	71	73.5	20.5	54.5	29.5	40.5	87	24	41	35.5	66.5	32	39.5	36.5	63.5	82.5	55	90	38	68.5	92.5	76.5	74	65	37.5	14	35	43	33.5	57	70	34	71.5	26.5	35.5	100.5	30.5	81	59	45.5	86.5	58	90.5	62	19	59.5	6	62.5	83	44.5	28	68.5	54	83	57.5	41.5	42.5	91	56	61.5	85	47.5	17	60.5	34.5	4	37.5	61.5	44.5	48	87.5	94.5	77	66	61.5	46	92.5	90.5	85.5	41.5	39	67.5	14.5	0	23	82	80.5	18	99.5	42	
91.5	40.5	24	69.5	68.5	36	58.5	64.5	55	31.5	23.5	17	53	64	19.5	82.5	9.5	50	21.5	52	56.5	15	32.5	81	63.5	48	26	60	47	9.5	16.5	57.5	65	52.5	26.5	48.5	50	52.5	14.5	33.5	8.5	23.5	66	35	20	14.5	47.5	21	34.5	15.5	42.5	61.5	34	69	31	55.5	91.5	57.5	55	44	36.5	37	22	26	17.5	36	49	23	50.5	10.5	14.5	79.5	9.5	60	38	24.5	65.5	37	69.5	41	8	38.5	17	41.5	62	23.5	5	65.5	55	66	36.5	42.5	21.5	70	35	40.5	64	26.5	6	39.5	13.5	27	21.5	40.5	23.5	27	66.5	79.5	72	45	42.5	33	71.5	69.5	64.5	22.5	30	46.5	8.5	23	0	61	59.5	7	84.5	21	
32.5	50.5	53	38.5	37.5	35	32.5	26.5	34	55.5	72.5	72	8	33	53.5	33.5	68.5	41	45.5	9	30.5	54	36.5	40	27.5	43	75	1	44	68.5	75.5	33.5	26	38.5	50.5	42.5	29	21.5	73.5	47.5	62.5	67.5	35	66	69	68.5	43.5	80	56.5	69.5	36.5	30.5	53	38	60	35.5	34.5	33.5	36	47	54.5	74	67	65	76.5	55	28	78	19.5	69.5	68.5	46.5	63.5	29	37	48.5	34.5	26	36.5	40	67	42.5	76	45.5	1	37.5	66	25.5	36	5	40.5	48.5	55.5	39	54	34.5	3	64.5	65	51.5	47.5	84	74.5	34.5	57.5	36	35.5	36.5	11	44	48.5	58	40.5	38.5	33.5	68.5	61	40.5	67.5	82	61	0	31.5	66	41.5	60	
34	47	51.5	42	41	33.5	1	23	32.5	54	69	68.5	25.5	36.5	52	35	67	37.5	44	24.5	3	52.5	35	41.5	4	39.5	71.5	32.5	40.5	67	74	30	22.5	35	49	39	27.5	25	72	46	61	64	36.5	62.5	67.5	67	40	76.5	53	68	35	34	51.5	41.5	56.5	32	36	30	32.5	43.5	51	70.5	63.5	61.5	75	51.5	26.5	74.5	23	68	67	48	62	32.5	35.5	47	38	24.5	38	38.5	65.5	41	74.5	44	30.5	36	64.5	22	32.5	26.5	39	45	54	42.5	52.5	33	28.5	61	63.5	48	46	80.5	71	33	56	34.5	39	38	20.5	42.5	45	54.5	44	42	37	65	57.5	39	66	80.5	59.5	31.5	0	64.5	43	58.5	
96.5	45.5	29	74.5	73.5	41	63.5	69.5	60	36.5	23.5	24	58	69	24.5	87.5	4.5	55	26.5	57	61.5	20	37.5	86	68.5	53	19	65	52	9.5	11.5	62.5	70	57.5	31.5	53.5	55	57.5	9.5	38.5	13.5	28.5	71	28	25	19.5	52.5	14	39.5	20.5	47.5	66.5	39	74	36	60.5	96.5	62.5	60	49	41.5	32	29	31	17.5	41	54	16	55.5	10.5	19.5	84.5	14.5	65	43	29.5	70.5	42	74.5	46	1	43.5	12	46.5	67	28.5	12	70.5	60	71	41.5	47.5	26.5	75	40	45.5	69	31.5	1	44.5	18.5	22	21.5	45.5	28.5	32	71.5	84.5	77	50	47.5	38	76.5	74.5	69.5	27.5	35	51.5	3.5	18	7	66	64.5	0	89.5	26	
9	62	76.5	33	16	58.5	44	38	47.5	71	84	83.5	45.5	38.5	77	20	92	52.5	69	44.5	46	77.5	60	21.5	39	54.5	86.5	42.5	55.5	92	99	45	37.5	50	74	54	52.5	40	97	69	86	79	36.5	77.5	82.5	88	55	91.5	68	87	60	41	68.5	33.5	71.5	47	7	45	47.5	58.5	66	85.5	78.5	76.5	90	66.5	51.5	89.5	38	93	88	5	87	42.5	60.5	72	37	49.5	33	61.5	90.5	64	99.5	61	40.5	61	89.5	37	47.5	36.5	64	60	79	32.5	67.5	58	38.5	76	88.5	63	71	95.5	86	58	79	59.5	18	23	30.5	57.5	60	69.5	31	33	20	80	72.5	56	91	99.5	84.5	41.5	43	89.5	0	81.5	
72.5	25.5	23	68.5	67.5	35	57.5	51.5	54	30.5	42.5	38	52	63	18.5	73.5	28.5	49	20.5	51	55.5	6	31.5	80	62.5	33	45	59	46	28.5	35.5	38.5	46	43.5	25.5	47.5	49	51.5	33.5	32.5	22.5	37.5	65	36	29	28.5	46.5	40	26.5	29.5	41.5	60.5	33	68	30	50.5	74.5	56.5	54	43	24.5	44	37	35	36.5	35	48	42	49.5	29.5	28.5	78.5	23.5	59	37	23.5	64.5	36	68.5	40	27	37.5	36	40.5	61	22.5	26	50.5	36	65	35.5	23.5	20.5	69	34	39.5	63	30.5	25	38.5	12.5	46	40.5	39.5	22.5	26	65.5	76.5	59	44	41.5	12	70.5	68.5	63.5	36.5	31	45.5	27.5	42	21	60	58.5	26	81.5	0	
