Number of items: 125
Horizon: 6
Time limit: 1000
Load limit: 7500
Initial item inventory level
25
78
141
34
21
165
80
102
65
93
140
50
189
56
134
48
105
184
22
51
32
54
165
75
124
51
69
108
51
50
99
77
27
80
83
49
88
168
17
47
32
39
54
267
58
123
225
69
124
166
22
128
171
34
51
44
28
150
61
186
36
44
41
195
270
41
64
18
94
126
138
213
66
234
154
47
110
22
86
134
146
74
120
66
111
92
60
124
86
148
20
30
120
177
249
190
165
108
96
34
138
37
178
84
100
240
52
50
264
10
22
291
10
50
114
24
124
210
129
54
89
75
138
52
33
Maximum inventory capacity per item
50
156
188
68
42
220
160
153
130
124
210
100
252
84
201
64
140
276
44
68
48
72
220
100
186
68
92
162
102
100
198
154
54
160
166
98
176
252
34
94
64
52
108
356
116
164
300
138
186
249
33
192
228
68
102
88
56
200
122
279
72
66
82
260
360
82
128
36
141
189
184
284
132
312
231
94
165
44
172
201
219
111
160
99
148
184
80
186
129
222
40
60
180
236
332
285
220
144
192
51
184
74
267
168
150
320
78
100
352
20
33
388
20
75
152
36
186
280
172
72
178
150
207
78
66
Reserve storage replenishment rate per item and per period
150	0	0	150	0	0	
468	0	0	468	0	0	
282	0	0	282	0	0	
204	0	0	204	0	0	
126	0	0	126	0	0	
330	0	0	330	0	0	
480	0	0	480	0	0	
306	0	0	306	0	0	
390	0	0	390	0	0	
186	0	0	186	0	0	
420	0	0	420	0	0	
300	0	0	300	0	0	
378	0	0	378	0	0	
168	0	0	168	0	0	
402	0	0	402	0	0	
96	0	0	96	0	0	
210	0	0	210	0	0	
552	0	0	552	0	0	
132	0	0	132	0	0	
102	0	0	102	0	0	
96	0	0	96	0	0	
108	0	0	108	0	0	
330	0	0	330	0	0	
150	0	0	150	0	0	
372	0	0	372	0	0	
102	0	0	102	0	0	
138	0	0	138	0	0	
324	0	0	324	0	0	
306	0	0	306	0	0	
300	0	0	300	0	0	
594	0	0	594	0	0	
462	0	0	462	0	0	
162	0	0	162	0	0	
480	0	0	480	0	0	
498	0	0	498	0	0	
294	0	0	294	0	0	
528	0	0	528	0	0	
504	0	0	504	0	0	
102	0	0	102	0	0	
282	0	0	282	0	0	
192	0	0	192	0	0	
78	0	0	78	0	0	
324	0	0	324	0	0	
534	0	0	534	0	0	
348	0	0	348	0	0	
246	0	0	246	0	0	
450	0	0	450	0	0	
414	0	0	414	0	0	
372	0	0	372	0	0	
498	0	0	498	0	0	
66	0	0	66	0	0	
384	0	0	384	0	0	
342	0	0	342	0	0	
204	0	0	204	0	0	
306	0	0	306	0	0	
264	0	0	264	0	0	
168	0	0	168	0	0	
300	0	0	300	0	0	
366	0	0	366	0	0	
558	0	0	558	0	0	
216	0	0	216	0	0	
132	0	0	132	0	0	
246	0	0	246	0	0	
390	0	0	390	0	0	
540	0	0	540	0	0	
246	0	0	246	0	0	
384	0	0	384	0	0	
108	0	0	108	0	0	
282	0	0	282	0	0	
378	0	0	378	0	0	
276	0	0	276	0	0	
426	0	0	426	0	0	
396	0	0	396	0	0	
468	0	0	468	0	0	
462	0	0	462	0	0	
282	0	0	282	0	0	
330	0	0	330	0	0	
132	0	0	132	0	0	
516	0	0	516	0	0	
402	0	0	402	0	0	
438	0	0	438	0	0	
222	0	0	222	0	0	
240	0	0	240	0	0	
198	0	0	198	0	0	
222	0	0	222	0	0	
552	0	0	552	0	0	
120	0	0	120	0	0	
372	0	0	372	0	0	
258	0	0	258	0	0	
444	0	0	444	0	0	
120	0	0	120	0	0	
180	0	0	180	0	0	
360	0	0	360	0	0	
354	0	0	354	0	0	
498	0	0	498	0	0	
570	0	0	570	0	0	
330	0	0	330	0	0	
216	0	0	216	0	0	
576	0	0	576	0	0	
102	0	0	102	0	0	
276	0	0	276	0	0	
222	0	0	222	0	0	
534	0	0	534	0	0	
504	0	0	504	0	0	
300	0	0	300	0	0	
480	0	0	480	0	0	
156	0	0	156	0	0	
300	0	0	300	0	0	
528	0	0	528	0	0	
60	0	0	60	0	0	
66	0	0	66	0	0	
582	0	0	582	0	0	
60	0	0	60	0	0	
150	0	0	150	0	0	
228	0	0	228	0	0	
72	0	0	72	0	0	
372	0	0	372	0	0	
420	0	0	420	0	0	
258	0	0	258	0	0	
108	0	0	108	0	0	
534	0	0	534	0	0	
450	0	0	450	0	0	
414	0	0	414	0	0	
156	0	0	156	0	0	
198	0	0	198	0	0	
Forward storage demand rate per item and per period
25	32	28	32	12	26	
78	136	128	130	53	88	
47	37	48	37	41	30	
34	23	44	33	37	21	
21	32	15	10	30	20	
55	66	92	19	28	17	
80	35	85	87	86	24	
51	56	69	62	24	29	
65	40	113	66	85	57	
31	26	31	30	27	31	
70	96	119	84	80	93	
50	27	55	34	41	43	
63	46	46	66	87	48	
28	29	18	29	35	42	
67	128	110	105	80	99	
16	3	23	4	21	13	
35	10	44	45	28	19	
92	86	133	13	93	14	
22	32	28	33	24	34	
17	21	21	24	18	9	
16	27	26	8	17	15	
18	10	20	8	34	31	
55	56	39	58	92	57	
25	22	12	21	20	24	
62	77	94	84	51	98	
17	29	14	10	3	26	
23	18	15	21	18	16	
54	79	30	67	73	33	
51	11	76	69	85	73	
50	69	40	28	41	44	
99	105	70	84	45	32	
77	26	133	28	13	98	
27	22	14	43	6	26	
80	48	17	99	70	87	
83	129	117	35	58	44	
49	59	69	76	46	84	
88	82	76	132	108	65	
84	145	79	91	45	146	
17	18	15	13	15	14	
47	56	17	39	1	43	
32	34	32	30	56	13	
13	8	12	16	3	15	
54	61	56	35	35	97	
89	149	109	82	76	126	
58	13	51	56	48	58	
41	33	47	52	12	27	
75	83	101	76	82	122	
69	62	87	106	84	18	
62	46	60	9	102	98	
83	89	80	117	41	12	
11	11	10	2	10	5	
64	40	49	84	92	35	
57	19	44	74	76	84	
34	45	10	36	27	32	
51	77	90	20	84	42	
44	28	28	14	30	72	
28	22	22	44	12	26	
50	78	63	49	23	19	
61	66	95	69	73	60	
93	64	125	106	94	169	
36	23	31	41	16	57	
22	17	8	23	24	22	
41	46	41	17	68	49	
65	78	26	39	61	107	
90	30	29	62	82	100	
41	7	56	11	15	36	
64	107	80	32	35	114	
18	9	18	24	15	19	
47	64	35	25	46	27	
63	62	23	54	45	59	
46	72	72	55	36	48	
71	113	35	34	132	71	
66	76	110	75	73	62	
78	48	115	52	77	43	
77	116	42	94	107	85	
47	38	44	44	61	25	
55	43	59	13	98	80	
22	28	22	35	21	33	
86	103	160	89	13	54	
67	77	39	52	70	47	
73	100	79	32	112	22	
37	50	30	25	9	16	
40	38	45	45	33	63	
33	46	33	4	33	42	
37	46	38	39	40	9	
92	119	78	108	82	10	
20	12	33	23	14	25	
62	74	78	72	83	45	
43	57	54	42	69	33	
74	118	45	65	123	67	
20	22	30	32	25	30	
30	29	10	19	34	46	
60	45	25	31	38	21	
59	48	9	12	65	68	
83	4	85	120	131	59	
95	114	113	120	97	98	
55	78	86	44	94	27	
36	46	41	58	17	37	
96	96	143	72	62	97	
17	15	4	15	26	22	
46	19	57	57	52	5	
37	32	42	39	22	48	
89	49	87	149	87	80	
84	111	153	101	104	88	
50	51	73	57	63	41	
80	56	74	122	115	91	
26	14	34	33	17	18	
50	8	39	62	81	70	
88	74	107	126	119	78	
10	14	5	9	12	2	
11	13	11	1	13	11	
97	136	83	153	125	168	
10	4	4	8	11	4	
25	23	39	20	7	32	
38	58	32	51	52	50	
12	11	18	21	14	18	
62	93	79	75	79	69	
70	23	118	54	64	86	
43	13	77	22	23	74	
18	17	17	25	3	18	
89	64	95	107	56	86	
75	58	34	75	40	118	
69	45	36	56	13	76	
26	15	23	36	26	43	
33	35	40	19	46	34	
Distance matrix
0	63	76.5	29.5	30.5	41.5	10.5	11	50	14	32.5	51	51.5	38.5	26.5	19	84	19	32	31.5	63.5	59	73.5	76.5	63	53.5	34.5	78	76.5	58.5	39	31	18	25	69	47	42	95.5	69	24	35.5	39	51	42.5	61	64.5	37	64.5	48.5	14	67.5	51.5	60.5	33.5	69.5	27	45	75.5	42	84	25.5	32.5	79	76.5	76	71.5	54	52	50.5	39	86.5	54.5	33.5	59.5	28	40	36.5	85.5	46.5	38.5	4	66.5	70	87	25.5	66.5	72.5	46	31.5	24	84.5	60	66	12	38	36	15.5	86	16	45.5	43.5	62	95.5	34.5	14.5	31.5	65.5	19	40.5	66	15.5	100	86.5	11.5	83	73.5	91	38.5	48	22	29.5	73	65.5	66	20.5	89.5	
63	0	35.5	67.5	66.5	49.5	68.5	64	47	57	64.5	44	45.5	58.5	44.5	78	33	72	65	65.5	33.5	4	36.5	39.5	26	43.5	32.5	41	39.5	26.5	52	34	79	58	32	50	45	46.5	32	57	61.5	58	46	40.5	24	32.5	60	32.5	36.5	77	30.5	45.5	23.5	31.5	27.5	70	48	38.5	25	33	71.5	50.5	38	39.5	39	34.5	27	35	46.5	52	45.5	42.5	41.5	37.5	61	33	54.5	26.5	24.5	58.5	67	29.5	27	50	71.5	29.5	35.5	51	39.5	67	27.5	23	29	65	59	29	53.5	49	69	43.5	53.5	35	46.5	62.5	52.5	65.5	31.5	78	56.5	31	63.5	37	45.5	69.5	44	36.5	36	46.5	21	75	57.5	10	31.5	29	68.5	52.5	
76.5	35.5	0	69	68	57	82	77.5	48.5	70.5	66	47.5	47	60	58	79.5	19.5	79.5	66.5	67	35	35.5	3	32	29.5	45	46	39.5	32	40	59.5	47.5	80.5	71.5	30.5	51.5	56.5	33	30.5	70.5	63	59.5	47.5	54	22.5	34	61.5	34	50	84.5	31	47	16	45	29	71.5	53.5	33	38.5	19.5	73	64	24.5	38	37.5	33	40.5	46.5	48	59.5	32	44	55	39	70.5	46.5	62	9	38	60	80.5	28	28.5	36.5	73	32	34	52.5	53	74.5	8	26.5	27.5	78.5	60.5	42.5	67	37.5	82.5	53	55	36.5	33	64	66	67	33	79.5	58	32.5	77	23.5	32	83	30.5	3	22.5	60	34.5	76.5	69	25.5	33	27.5	78	39	
29.5	67.5	69	0	15	44	35	30.5	30.5	28.5	23	49.5	24	27	41	26.5	66.5	26.5	28.5	14	42	71.5	72	79	77.5	42	49	92.5	79	67	41.5	45.5	27.5	35.5	81.5	23.5	48.5	80	83.5	36.5	20	31.5	39.5	53	75.5	61	33.5	61	57	31.5	68	44	75	48	56	18.5	45.5	80	56.5	66.5	20	43	71.5	91	84.5	84	66.5	58.5	45	41.5	79	51	48	46	32.5	54.5	39	60	61	27	33.5	81	50.5	83.5	20	69	83	34.5	46	26.5	61	74.5	80.5	31.5	32.5	50.5	30	84.5	29.5	50	32	48.5	80	5	29	24	40	26.5	35	54.5	14	70.5	79	34	77.5	72	69.5	47	62.5	23.5	36	57.5	50	80.5	9	86	
30.5	66.5	68	15	0	43	20	28.5	29.5	35.5	22	48.5	23	26	48	15.5	65.5	20.5	27.5	1	41	70.5	71	78	76.5	41	60	91.5	78	66	40.5	56.5	16.5	34.5	80.5	22.5	47.5	79	90.5	35.5	19	30.5	38.5	52	86.5	60	32.5	60	56	20.5	67	43	84	59	55	7.5	44.5	79	67.5	65.5	5	42	70.5	98	83.5	83	65.5	57.5	44	40.5	78	50	51	45	31.5	59.5	38	59	68	26	30.5	88	49.5	82.5	5	68	82	33.5	53	25.5	60	79.5	83.5	27.5	31.5	61.5	39	83.5	23.5	49	31	47.5	79	10	40	23	39	15.5	34	53.5	29	69.5	78	19	76.5	71	68.5	46	71.5	17.5	35	56.5	49	91.5	24	85	
41.5	49.5	57	44	43	0	47	42.5	23.5	35.5	41	37.5	22	35	23	54.5	54.5	50.5	41.5	42	30	45.5	60	63	49.5	30	21	64.5	63	45	30.5	17.5	55.5	36.5	55.5	26.5	28.5	68	55.5	35.5	38	34.5	27.5	29	47.5	49	36.5	49	35	55.5	54	32	47	20	44	46.5	31.5	62	28.5	54.5	48	29	59.5	63	62.5	58	40.5	38.5	33	30.5	67	39	8	34	39.5	26.5	33	48	33	35	45.5	53	38.5	71.5	48	53	59	27.5	10	45.5	49	46.5	52.5	43.5	35.5	22.5	32	72.5	47.5	32	30	36.5	68	39	31	42	28	54.5	33	42.5	42	58.5	67	48	65.5	60	57.5	3	34.5	51.5	36	45.5	38	52.5	47	74	
10.5	68.5	82	35	20	47	0	16.5	49.5	19.5	38	56.5	43	44	32	29.5	85.5	24.5	37.5	21	61	64.5	79	82	68.5	59	40	83.5	82	64	44.5	36.5	28.5	30.5	74.5	42.5	47.5	99	74.5	29.5	39	44.5	56.5	48	66.5	70	42.5	70	54	24.5	73	57	66	39	75	27.5	50.5	81	47.5	85.5	15	38	84.5	82	81.5	77	59.5	57.5	56	44.5	92	60	39	65	33.5	45.5	42	79	52	44	14.5	72	69.5	92.5	15	72	78	51.5	37	29.5	80	65.5	71.5	17.5	43.5	41.5	21	91.5	21.5	51	49	67.5	99	30	20	37	59	29.5	46	71.5	21	89.5	92	1	88.5	79	88.5	44	53.5	27.5	35	76.5	69	71.5	26	95	
11	64	77.5	30.5	28.5	42.5	16.5	0	49	15	33.5	52	42.5	39.5	27.5	30	85	8	33	27.5	60.5	60	74.5	77.5	64	54.5	35.5	79	77.5	59.5	40	32	29	26	70	42	43	96.5	70	25	36.5	40	52	43.5	62	65.5	38	65.5	49.5	25	68.5	52.5	61.5	34.5	70.5	32	46	76.5	43	85	31.5	33.5	80	77.5	77	72.5	55	53	51.5	40	87.5	55.5	34.5	60.5	29	41	37.5	78.5	47.5	39.5	15	67.5	69	88	31.5	67.5	73.5	47	32.5	25	79.5	61	67	1	39	37	16.5	87	5	46.5	44.5	63	96.5	29.5	15.5	32.5	58.5	30	41.5	67	16.5	89	87.5	17.5	84	74.5	88	39.5	49	11	30.5	74	66.5	67	21.5	90.5	
50	47	48.5	30.5	29.5	23.5	49.5	49	0	44	27.5	29	8.5	21.5	31.5	41	46	41	28	28.5	21.5	51	51.5	58.5	57	21.5	34.5	72	58.5	46.5	11	31	42	35	61	13	28	59.5	69	36	24.5	21	19	32.5	61	40.5	23	40.5	36.5	46	47.5	23.5	60.5	33.5	35.5	33	25	59.5	42	46	34.5	27.5	51	76.5	64	63.5	46	38	24.5	11	58.5	30.5	31.5	25.5	32	40	23.5	39.5	46.5	21.5	54	66.5	30	63	34.5	48.5	62.5	4	31.5	36	40.5	60	64	48	22	36	40.5	64	44	29.5	16.5	28	59.5	25.5	39.5	28.5	19.5	41	19.5	34	44.5	50	58.5	48.5	57	51.5	49	26.5	48	38	30.5	37	29.5	66	39.5	65.5	
14	57	70.5	28.5	35.5	35.5	19.5	15	44	0	26.5	45	39.5	32.5	20.5	33	78	23	26	34.5	57.5	53	67.5	70.5	57	47.5	28.5	72	70.5	52.5	33	25	32	19	63	39	36	89.5	63	18	29.5	33	45	36.5	55	58.5	31	58.5	42.5	28	61.5	45.5	54.5	27.5	63.5	39	39	69.5	36	78	34.5	26.5	73	70.5	70	65.5	48	46	44.5	33	80.5	48.5	27.5	53.5	22	34	30.5	75.5	40.5	32.5	18	60.5	64	81	34.5	60.5	66.5	40	25.5	10	76.5	54	60	16	32	30	9.5	80	20	39.5	37.5	56	89.5	31.5	8.5	25.5	55.5	33	34.5	60	14.5	86	80.5	20.5	77	67.5	85	32.5	42	26	23.5	67	59.5	60	19.5	83.5	
32.5	64.5	66	23	22	41	38	33.5	27.5	26.5	0	46.5	21	24	34	33.5	63.5	33.5	25.5	21	39	66.5	69	76	70.5	39	42	85.5	76	64	38.5	38.5	34.5	32.5	76.5	20.5	45.5	77	76.5	31.5	3	28.5	36.5	50	68.5	58	30.5	58	54	38.5	65	41	68	41	53	25.5	42.5	77	49.5	63.5	27	40	68.5	84	81.5	79	61.5	55.5	42	38.5	76	48	41	43	29.5	47.5	36	57	54	24	36.5	74	47.5	80.5	27	66	80	31.5	39	28.5	58	67.5	73.5	34.5	29.5	43.5	17	81.5	36.5	47	29	45.5	77	18	18	1	37	33.5	32	51.5	33	67.5	76	39	74.5	69	66.5	44	55.5	30.5	33	54.5	47	73.5	32	83	
51	44	47.5	49.5	48.5	37.5	56.5	52	29	45	46.5	0	27.5	40.5	32.5	60	45	60	47	47.5	20.5	40	50.5	57.5	44	25.5	20.5	59	57.5	39.5	40	22	61	46	50	32	33	58.5	50	45	43.5	40	28	28.5	42	39.5	42	39.5	29.5	65	46.5	27.5	41.5	19.5	34.5	52	34	56.5	23	45	53.5	38.5	50	57.5	57	52.5	35	33	28.5	40	57.5	29.5	29.5	24.5	49	11	42.5	38.5	27.5	40.5	55	47.5	29	62	53.5	47.5	53.5	33	27.5	55	39.5	41	47	53	41	15	41.5	63	57	31.5	35.5	27	58.5	44.5	40.5	47.5	18.5	60	38.5	33	51.5	49	57.5	57.5	56	50.5	48	34.5	29	57	45.5	36	28.5	47	56.5	64.5	
51.5	45.5	47	24	23	22	43	42.5	8.5	39.5	21	27.5	0	15	25	34.5	44.5	34.5	21.5	22	20	49.5	50	57	55.5	20	39	70.5	57	45	19.5	37.5	35.5	28.5	59.5	6.5	26.5	58	69.5	29.5	18	14.5	17.5	31	67.5	39	16.5	39	35	39.5	46	22	63	40	34	26.5	23.5	58	46.5	44.5	28	19	49.5	77	62.5	62	44.5	36.5	23	19.5	57	29	30	24	25.5	38.5	15	38	47	15	49.5	67	28.5	61.5	28	47	61	12.5	32	29.5	39	58.5	62.5	41.5	15.5	42.5	38	62.5	37.5	28	8	26.5	58	19	39	22	18	34.5	11	32.5	38	48.5	57	42	55.5	50	47.5	25	50.5	31.5	24	35.5	28	72.5	33	64	
38.5	58.5	60	27	26	35	44	39.5	21.5	32.5	24	40.5	15	0	30	37.5	57.5	37.5	24.5	25	33	62.5	63	70	66.5	33	38	81.5	70	58	32.5	34.5	38.5	31.5	72.5	14.5	39.5	71	72.5	32.5	21	22.5	30.5	44	64.5	52	24.5	52	48	42.5	59	35	64	37	47	29.5	36.5	71	45.5	57.5	31	34	62.5	80	75.5	75	57.5	49.5	36	32.5	70	42	37	37	28.5	43.5	30	51	50	0	42.5	70	41.5	74.5	31	60	74	25.5	35	32.5	52	63.5	69.5	40.5	23.5	39.5	29	75.5	40.5	41	23	39.5	71	22	28	25	31	37.5	26	45.5	39	61.5	70	45	68.5	63	60.5	38	51.5	34.5	9	48.5	41	69.5	36	77	
26.5	44.5	58	41	48	23	32	27.5	31.5	20.5	34	32.5	25	30	0	45.5	65.5	35.5	28.5	47	45	40.5	55	58	44.5	35	16	59.5	58	40	20.5	12.5	44.5	21.5	50.5	31.5	23.5	77	50.5	20.5	37	25.5	32.5	24	42.5	46	23.5	46	30	40.5	49	33	42	15	51	51.5	26.5	57	23.5	65.5	47	6	60.5	58	57.5	53	35.5	33.5	32	20.5	68	36	15	41	24.5	21.5	10	63	28	30	30.5	48	51.5	68.5	47	48	54	27.5	13	30.5	64	41.5	47.5	28.5	24.5	17.5	17	67.5	32.5	27	17	43.5	77	44	16	33	43	45.5	14	47.5	27	73.5	68	33	64.5	55	72.5	20	29.5	38.5	21	54.5	47	47.5	32	71	
19	78	79.5	26.5	15.5	54.5	29.5	30	41	33	33.5	60	34.5	37.5	45.5	0	77	32	39	14.5	52.5	78	82.5	89.5	82	52.5	53.5	97	89.5	77.5	52	50	1	44	88	34	59	90.5	88	43	30.5	42	50	61.5	80	71.5	44	71.5	67.5	5	78.5	54.5	79.5	52.5	66.5	8	56	90.5	61	77	20.5	51.5	82	95.5	95	90.5	73	69	55.5	52	89.5	61.5	52.5	56.5	43	59	49.5	70.5	65.5	37.5	15	85.5	61	94	20.5	79.5	91.5	45	50.5	37	71.5	79	85	31	43	55	34.5	95	35	60.5	42.5	59	90.5	21.5	33.5	34.5	50.5	0	45.5	65	34.5	81	89.5	30.5	88	82.5	80	57.5	67	29	46.5	68	60.5	85	35.5	96.5	
84	33	19.5	66.5	65.5	54.5	85.5	85	46	78	63.5	45	44.5	57.5	65.5	77	0	77	64	64.5	32.5	37	22.5	24.5	33	42.5	53.5	38	24.5	37.5	57	55	78	71	15	49	54	25.5	33	72	60.5	57	45	53.5	23	31.5	59	31.5	47.5	82	28.5	44.5	29.5	52.5	26.5	69	51	25.5	46	0	70.5	63.5	5	40.5	30	29.5	42	44	45.5	57	24.5	41.5	62.5	36.5	68	54	59.5	10.5	45.5	57.5	88	30.5	26	29	70.5	29.5	28.5	50	60.5	72	11.5	34	18	84	58	50	74.5	30	80	50.5	52.5	34	25.5	61.5	73.5	64.5	30.5	77	55.5	30	80.5	16	24.5	84.5	23	22.5	15	57.5	42	74	66.5	23	30.5	30	75.5	31.5	
19	72	79.5	26.5	20.5	50.5	24.5	8	41	23	33.5	60	34.5	37.5	35.5	32	77	0	39	19.5	52.5	68	82.5	85.5	72	52.5	43.5	87	85.5	67.5	48	40	33	34	78	34	51	90.5	78	33	30.5	42	50	51.5	70	71.5	44	71.5	57.5	33	76.5	54.5	69.5	42.5	66.5	24	54	84.5	51	77	25.5	41.5	82	85.5	85	80.5	63	61	55.5	48	89.5	61.5	42.5	56.5	37	49	45.5	70.5	55.5	37.5	23	75.5	61	94	25.5	75.5	81.5	45	40.5	33	71.5	69	75	7	43	45	24.5	95	3	54.5	42.5	59	90.5	21.5	23.5	34.5	50.5	32	45.5	65	24.5	81	89.5	25.5	88	82.5	80	47.5	57	3	38.5	68	60.5	75	29.5	96.5	
32	65	66.5	28.5	27.5	41.5	37.5	33	28	26	25.5	47	21.5	24.5	28.5	39	64	39	0	26.5	39.5	61	69.5	76.5	65	39.5	36.5	80	76.5	60.5	39	33	40	7	71	21	44	77.5	71	8	22.5	29	37	44.5	63	58.5	31	58.5	50.5	44	65.5	41.5	62.5	35.5	53.5	31	43	77.5	44	64	32.5	34.5	69	78.5	78	73.5	56	54	42.5	39	76.5	48.5	35.5	43.5	4	42	36.5	57.5	48.5	24.5	36	68.5	48	81	32.5	66.5	74.5	32	33.5	34	58.5	62	68	34	30	38	22.5	82	38	47.5	29.5	46	77.5	23.5	21.5	26.5	37.5	39	32.5	52	32.5	68	76.5	38.5	75	69.5	67	40.5	50	36	31.5	55	47.5	68	37.5	83.5	
31.5	65.5	67	14	1	42	21	27.5	28.5	34.5	21	47.5	22	25	47	14.5	64.5	19.5	26.5	0	40	69.5	70	77	75.5	40	59	90.5	77	65	39.5	57.5	15.5	33.5	79.5	21.5	46.5	78	89.5	34.5	18	29.5	37.5	51	87.5	59	31.5	59	55	19.5	66	42	83	60	54	6.5	43.5	78	66.5	64.5	6	41	69.5	97	82.5	82	64.5	56.5	43	39.5	77	49	50	44	30.5	58.5	37	58	67	25	29.5	87	48.5	81.5	6	67	81	32.5	52	24.5	59	78.5	82.5	26.5	30.5	62.5	38	82.5	22.5	48	30	46.5	78	9	39	22	38	14.5	33	52.5	28	68.5	77	20	75.5	70	67.5	45	70.5	16.5	34	55.5	48	92.5	23	84	
63.5	33.5	35	42	41	30	61	60.5	21.5	57.5	39	20.5	20	33	45	52.5	32.5	52.5	39.5	40	0	37.5	38	45	43.5	18	33	58.5	45	33	32.5	34.5	53.5	46.5	47.5	24.5	29.5	46	57.5	47.5	36	32.5	20.5	29	49.5	27	34.5	27	15	57.5	34	20	49	32	22	44.5	26.5	46	30.5	32.5	46	39	37.5	65	50.5	50	32.5	24.5	21	32.5	45	9	38	4	43.5	31.5	35	26	35	33	67.5	55	16.5	49.5	46	35	49	25.5	40	47.5	27	46.5	50.5	59.5	33.5	29.5	54	50.5	55.5	26	28	14.5	46	37	53	40	2	52.5	31	20.5	56	36.5	45	60	43.5	38	35.5	33	36.5	49.5	42	23.5	16	54.5	51	52	
59	4	35.5	71.5	70.5	45.5	64.5	60	51	53	66.5	40	49.5	62.5	40.5	78	37	68	61	69.5	37.5	0	32.5	35.5	22	47.5	28.5	37	35.5	22.5	48	30	77	54	28	54	41	50.5	28	53	65.5	58	50	36.5	20	28.5	56	28.5	32.5	73	26.5	45.5	19.5	27.5	31.5	74	44	34.5	21	37	75.5	46.5	38	35.5	35	30.5	23	31	44.5	48	45.5	38.5	37.5	41.5	57	29	50.5	30.5	20.5	62.5	63	25.5	31	46	75.5	25.5	31.5	55	35.5	63	31.5	19	25	61	57	25	49.5	45	65	39.5	57.5	39	50.5	66.5	48.5	65.5	35.5	78	54.5	35	59.5	41	45.5	65.5	42	32.5	40	42.5	17	71	53.5	14	35.5	25	64.5	48.5	
73.5	36.5	3	72	71	60	79	74.5	51.5	67.5	69	50.5	50	63	55	82.5	22.5	82.5	69.5	70	38	32.5	0	35	26.5	48	43	36.5	35	37	62.5	44.5	83.5	68.5	27.5	54.5	55.5	36	27.5	67.5	66	62.5	50.5	51	19.5	37	64.5	37	47	87.5	34	50	13	42	32	74.5	56.5	34	35.5	22.5	76	61	27.5	35	34.5	30	37.5	45.5	51	62.5	35	47	52	42	71.5	43.5	65	12	35	63	77.5	25	31.5	39.5	76	35	31	55.5	50	77.5	11	23.5	24.5	75.5	63.5	39.5	64	40.5	79.5	54	58	39.5	36	67	63	70	36	82.5	61	35.5	74	26.5	35	80	33.5	0	25.5	57	31.5	79.5	68	28.5	36	24.5	79	42	
76.5	39.5	32	79	78	63	82	77.5	58.5	70.5	76	57.5	57	70	58	89.5	24.5	85.5	76.5	77	45	35.5	35	0	29.5	55	46	29.5	0	40	65.5	47.5	90.5	71.5	25.5	61.5	58.5	33	20.5	70.5	73	69.5	57.5	54	17.5	44	71.5	44	50	90.5	39	57	22	45	39	81.5	61.5	1	38.5	24.5	83	64	29.5	28	27.5	5	40.5	48.5	58	65.5	32	54	55	49	74.5	46.5	68	23	38	70	80.5	10	38.5	36.5	83	38	4	62.5	53	80.5	24	26.5	22.5	78.5	70.5	42.5	67	37.5	82.5	57	65	46.5	33	74	66	77	43	89.5	68	42.5	77	23.5	32	83	30.5	35	22.5	60	34.5	86.5	71	35.5	43	17.5	82	39	
63	26	29.5	77.5	76.5	49.5	68.5	64	57	57	70.5	44	55.5	66.5	44.5	82	33	72	65	75.5	43.5	22	26.5	29.5	0	51.5	32.5	31	29.5	26.5	52	34	81	58	22	60	45	46.5	22	57	71.5	62	54	40.5	14	32.5	60	32.5	36.5	77	25.5	49.5	13.5	31.5	37.5	80	48	28.5	25	33	81.5	50.5	32	29.5	29	24.5	27	35	48.5	52	39.5	42.5	41.5	47.5	61	33	54.5	26.5	24.5	66.5	67	19.5	37	40	81.5	24.5	25.5	59	39.5	67	27.5	3	19	65	61	29	53.5	39	69	43.5	61.5	45	46.5	72.5	52.5	69.5	41.5	82	58.5	39	63.5	37	39.5	69.5	36	26.5	36	46.5	21	75	57.5	34	41.5	19	68.5	42.5	
53.5	43.5	45	42	41	30	59	54.5	21.5	47.5	39	25.5	20	33	35	52.5	42.5	52.5	39.5	40	18	47.5	48	55	51.5	0	19	66.5	55	43	32.5	24.5	53.5	46.5	57.5	24.5	29.5	56	57.5	47.5	36	32.5	20.5	11	49.5	37	34.5	37	33	57.5	44	2	49	20	32	44.5	26.5	56	30.5	42.5	46	39	47.5	65	60.5	60	42.5	34.5	3	32.5	55	27	32	22	43.5	28.5	35	36	35	33	57.5	55	26.5	59.5	46	45	59	25.5	30	47.5	37	48.5	54.5	55.5	33.5	24.5	44	60.5	55.5	8	28	24.5	56	37	43	40	16	52.5	31	30.5	54	46.5	55	60	53.5	48	45.5	33	36.5	49.5	42	33.5	26	54.5	51	62	
34.5	32.5	46	49	60	21	40	35.5	34.5	28.5	42	20.5	39	38	16	53.5	53.5	43.5	36.5	59	33	28.5	43	46	32.5	19	0	47.5	46	28	23.5	5.5	52.5	29.5	38.5	41.5	16.5	65	38.5	28.5	45	33.5	25.5	8	30.5	34	31.5	34	18	48.5	37	17	30	1	39	61.5	19.5	45	11.5	53.5	55	22	48.5	46	45.5	41	23.5	21.5	16	23.5	56	24	13	29	32.5	9.5	26	55	16	38	38.5	36	39.5	56.5	55	36	42	30.5	11	38.5	54	29.5	35.5	36.5	32.5	5.5	25	55.5	40.5	11	33	31.5	65	54	24	41	35	53.5	30	35.5	35	65.5	56	41	52.5	43	60.5	18	17.5	46.5	29	42.5	35	35.5	40	59	
78	41	39.5	92.5	91.5	64.5	83.5	79	72	72	85.5	59	70.5	81.5	59.5	97	38	87	80	90.5	58.5	37	36.5	29.5	31	66.5	47.5	0	29.5	41.5	67	49	96	73	27	75	60	31.5	17	72	86.5	77	69	55.5	19	47.5	75	47.5	51.5	92	40.5	64.5	23.5	46.5	52.5	95	63	28.5	40	38	96.5	65.5	37	14.5	24	24.5	42	50	63.5	67	29.5	57.5	56.5	62.5	76	48	69.5	36.5	39.5	81.5	82	19.5	52	9	96.5	39.5	25.5	74	54.5	82	37.5	28	24	80	76	44	68.5	8	84	58.5	76.5	60	31.5	87.5	67.5	84.5	56.5	97	73.5	54	78.5	22	29.5	84.5	31	36.5	31	61.5	36	90	72.5	49	56.5	14	83.5	27.5	
76.5	39.5	32	79	78	63	82	77.5	58.5	70.5	76	57.5	57	70	58	89.5	24.5	85.5	76.5	77	45	35.5	35	0	29.5	55	46	29.5	0	40	65.5	47.5	90.5	71.5	25.5	61.5	58.5	33	20.5	70.5	73	69.5	57.5	54	17.5	44	71.5	44	50	90.5	39	57	22	45	39	81.5	61.5	1	38.5	24.5	83	64	29.5	28	27.5	5	40.5	48.5	58	65.5	32	54	55	49	74.5	46.5	68	23	38	70	80.5	10	38.5	36.5	83	38	4	62.5	53	80.5	24	26.5	22.5	78.5	70.5	42.5	67	37.5	82.5	57	65	46.5	33	74	66	77	43	89.5	68	42.5	77	23.5	32	83	30.5	35	22.5	60	34.5	86.5	71	35.5	43	17.5	82	39	
58.5	26.5	40	67	66	45	64	59.5	46.5	52.5	64	39.5	45	58	40	77.5	37.5	67.5	60.5	65	33	22.5	37	40	26.5	43	28	41.5	40	0	47.5	29.5	76.5	53.5	32.5	49.5	40.5	51	32.5	52.5	61	57.5	45.5	36	24.5	6	55.5	6	32	72.5	31	45	24	27	11	69.5	43.5	39	20.5	37.5	71	46	42.5	40	39.5	35	22.5	30.5	44	47.5	50	38	37	37	56.5	28.5	50	31	20	58	62.5	30	26.5	50.5	71	30	36	50.5	35	62.5	32	23.5	29.5	60.5	56.5	24.5	49	49.5	64.5	39	53	34.5	51	62	48	65	31	77.5	54	30.5	59	41.5	50	65	46.5	37	40.5	42	16.5	70.5	53	28.5	31	29.5	64	53	
39	52	59.5	41.5	40.5	30.5	44.5	40	11	33	38.5	40	19.5	32.5	20.5	52	57	48	39	39.5	32.5	48	62.5	65.5	52	32.5	23.5	67	65.5	47.5	0	20	53	34	58	24	31	70.5	58	33	35.5	32	30	31.5	50	51.5	34	51.5	37.5	53	56.5	34.5	49.5	22.5	46.5	44	34	64.5	31	57	45.5	26.5	62	65.5	65	60.5	43	41	35.5	0	69.5	41.5	22.5	36.5	37	29	30.5	50.5	35.5	32.5	43	55.5	41	74	45.5	55.5	61.5	7	20.5	43	51.5	49	55	41	33	25	29.5	75	45	34.5	27.5	39	70.5	36.5	28.5	39.5	30.5	52	30.5	45	39.5	61	69.5	45.5	68	62.5	60	27.5	37	49	33.5	48	40.5	55	44.5	76.5	
31	34	47.5	45.5	56.5	17.5	36.5	32	31	25	38.5	22	37.5	34.5	12.5	50	55	40	33	57.5	34.5	30	44.5	47.5	34	24.5	5.5	49	47.5	29.5	20	0	49	26	40	38	11	66.5	40	25	41.5	30	20	13.5	32	35.5	28	35.5	19.5	45	38.5	22.5	31.5	4.5	40.5	58	14	46.5	13	55	51.5	18.5	50	47.5	47	42.5	25	23	21.5	20	57.5	25.5	9.5	30.5	29	11	22.5	56.5	17.5	34.5	35	37.5	41	58	51.5	37.5	43.5	27	7.5	35	55.5	31	37	33	29	7	21.5	57	37	16.5	29.5	33	66.5	50.5	20.5	37.5	36.5	50	26.5	37	31.5	69	57.5	37.5	54	44.5	62	14.5	19	43	25.5	44	36.5	37	36.5	60.5	
18	79	80.5	27.5	16.5	55.5	28.5	29	42	32	34.5	61	35.5	38.5	44.5	1	78	33	40	15.5	53.5	77	83.5	90.5	81	53.5	52.5	96	90.5	76.5	53	49	0	43	87	35	60	91.5	87	42	31.5	43	51	60.5	79	72.5	45	72.5	66.5	4	79.5	55.5	78.5	51.5	67.5	9	57	91.5	60	78	21.5	50.5	83	94.5	94	89.5	72	70	56.5	53	90.5	62.5	51.5	57.5	44	58	50.5	71.5	64.5	38.5	14	84.5	62	95	21.5	80.5	90.5	46	49.5	38	72.5	78	84	30	44	54	33.5	96	34	61.5	43.5	60	91.5	22.5	32.5	35.5	51.5	1	46.5	66	33.5	82	90.5	29.5	89	83.5	81	56.5	66	30	47.5	69	61.5	84	36.5	97.5	
25	58	71.5	35.5	34.5	36.5	30.5	26	35	19	32.5	46	28.5	31.5	21.5	44	71	34	7	33.5	46.5	54	68.5	71.5	58	46.5	29.5	73	71.5	53.5	34	26	43	0	64	28	37	84.5	64	1	29.5	34	44	37.5	56	59.5	32	59.5	43.5	39	62.5	46.5	55.5	28.5	60.5	38	40	70.5	37	71	39.5	27.5	74	71.5	71	66.5	49	47	45.5	34	81.5	49.5	28.5	50.5	3	35	31.5	64.5	41.5	31.5	29	61.5	55	82	39.5	61.5	67.5	39	26.5	29	65.5	55	61	27	33	31	15.5	81	31	40.5	36.5	53	84.5	30.5	14.5	31.5	44.5	44	35.5	59	25.5	75	81.5	31.5	78	68.5	74	33.5	43	37	24.5	62	54.5	61	30.5	84.5	
69	32	30.5	81.5	80.5	55.5	74.5	70	61	63	76.5	50	59.5	72.5	50.5	88	15	78	71	79.5	47.5	28	27.5	25.5	22	57.5	38.5	27	25.5	32.5	58	40	87	64	0	64	51	40.5	18	63	75.5	68	60	46.5	8	38.5	66	38.5	42.5	83	31.5	55.5	14.5	37.5	41.5	84	54	24.5	31	15	85.5	56.5	10	25.5	25	20.5	33	41	54.5	58	35.5	48.5	47.5	51.5	67	39	60.5	25.5	30.5	72.5	73	15.5	41	36	85.5	30.5	21.5	65	45.5	73	26.5	19	3	71	67	35	59.5	35	75	49.5	67.5	49	40.5	76.5	58.5	75.5	45.5	88	64.5	45	69.5	31	35.5	75.5	32	27.5	30	52.5	27	81	63.5	38	45.5	15	74.5	38.5	
47	50	51.5	23.5	22.5	26.5	42.5	42	13	39	20.5	32	6.5	14.5	31.5	34	49	34	21	21.5	24.5	54	54.5	61.5	60	24.5	41.5	75	61.5	49.5	24	38	35	28	64	0	31	62.5	74	29	17.5	8	22	35.5	68	43.5	10	43.5	39.5	39	50.5	26.5	67.5	40.5	38.5	26	28	62.5	49	49	27.5	25.5	54	81.5	67	66.5	49	41	27.5	24	61.5	33.5	34.5	28.5	25	43	21.5	42.5	51.5	14.5	49	71.5	33	66	27.5	51.5	65.5	17	36.5	29	43.5	63	67	41	9	43	37.5	67	37	32.5	14.5	31	62.5	18.5	36.5	21.5	22.5	34	17.5	37	37.5	53	61.5	41.5	60	54.5	52	29.5	55	31	23.5	40	32.5	73	32.5	68.5	
42	45	56.5	48.5	47.5	28.5	47.5	43	28	36	45.5	33	26.5	39.5	23.5	59	54	51	44	46.5	29.5	41	55.5	58.5	45	29.5	16.5	60	58.5	40.5	31	11	60	37	51	31	0	67.5	51	36	42.5	39	9	24.5	43	46.5	39	46.5	30.5	56	49.5	31.5	42.5	15.5	43.5	51	3	57.5	24	54	52.5	29.5	59	58.5	58	53.5	36	34	32.5	31	66.5	36.5	20.5	33.5	40	22	33.5	47.5	28.5	39.5	46	48.5	38	69	52.5	48.5	54.5	32	18.5	46	48.5	42	48	44	40	18	32.5	68	48	27.5	34.5	36	67.5	43.5	31.5	46.5	27.5	59	37.5	42	42.5	58	66.5	48.5	65	55.5	57	25.5	30	54	36.5	45	37.5	48	47.5	71.5	
95.5	46.5	33	80	79	68	99	96.5	59.5	89.5	77	58.5	58	71	77	90.5	25.5	90.5	77.5	78	46	50.5	36	33	46.5	56	65	31.5	33	51	70.5	66.5	91.5	84.5	40.5	62.5	67.5	0	34.5	85.5	74	70.5	58.5	67	36.5	45	72.5	45	61	95.5	42	58	41	64	40	82.5	64.5	34	57.5	25.5	84	77	30.5	19	33.5	38	55.5	57.5	59	70.5	23	55	74	50	81.5	65.5	73	24	57	71	99.5	37	39.5	22.5	84	43	37	63.5	72	85.5	25	45.5	41.5	97.5	71.5	61.5	86	23.5	93.5	64	66	47.5	0	75	85	78	44	90.5	69	43.5	94	9.5	23	98	26.5	36	18.5	71	53.5	87.5	80	36.5	44	31.5	89	6	
69	32	30.5	83.5	90.5	55.5	74.5	70	69	63	76.5	50	69.5	72.5	50.5	88	33	78	71	89.5	57.5	28	27.5	20.5	22	57.5	38.5	17	20.5	32.5	58	40	87	64	18	74	51	34.5	0	63	79.5	68	60	46.5	10	38.5	66	38.5	42.5	83	31.5	55.5	14.5	37.5	43.5	94	54	19.5	31	33	89.5	56.5	28	15.5	7	15.5	33	41	54.5	58	25.5	48.5	47.5	53.5	67	39	60.5	35.5	30.5	72.5	73	10.5	49	26	89.5	30.5	16.5	65	45.5	73	36.5	19	15	71	67	35	59.5	25	75	49.5	67.5	51	34.5	86.5	58.5	75.5	55.5	88	64.5	45	69.5	31	25.5	75.5	14	27.5	22	52.5	27	81	63.5	42	49.5	3	74.5	28.5	
24	57	70.5	36.5	35.5	35.5	29.5	25	36	18	31.5	45	29.5	32.5	20.5	43	72	33	8	34.5	47.5	53	67.5	70.5	57	47.5	28.5	72	70.5	52.5	33	25	42	1	63	29	36	85.5	63	0	30.5	33	45	36.5	55	58.5	31	58.5	42.5	38	61.5	45.5	54.5	27.5	61.5	39	39	69.5	36	72	40.5	26.5	73	70.5	70	65.5	48	46	44.5	33	80.5	48.5	27.5	51.5	4	34	30.5	65.5	40.5	32.5	28	60.5	56	81	40.5	60.5	66.5	40	25.5	28	66.5	54	60	26	32	30	14.5	80	30	39.5	37.5	54	85.5	31.5	13.5	30.5	45.5	43	34.5	60	24.5	76	80.5	30.5	77	67.5	75	32.5	42	36	23.5	63	55.5	60	29.5	83.5	
35.5	61.5	63	20	19	38	39	36.5	24.5	29.5	3	43.5	18	21	37	30.5	60.5	30.5	22.5	18	36	65.5	66	73	71.5	36	45	86.5	73	61	35.5	41.5	31.5	29.5	75.5	17.5	42.5	74	79.5	30.5	0	25.5	33.5	47	71.5	55	27.5	55	51	35.5	62	38	71	44	50	22.5	39.5	74	52.5	60.5	24	37	65.5	87	78.5	78	60.5	52.5	39	35.5	73	45	44	40	26.5	50.5	33	54	57	21	39.5	77	44.5	77.5	24	63	77	28.5	42	25.5	55	70.5	76.5	37.5	26.5	46.5	20	78.5	33.5	44	26	42.5	74	15	21	4	34	30.5	29	48.5	34	64.5	73	38	71.5	66	63.5	41	58.5	27.5	30	51.5	44	76.5	29	80	
39	58	59.5	31.5	30.5	34.5	44.5	40	21	33	28.5	40	14.5	22.5	25.5	42	57	42	29	29.5	32.5	58	62.5	69.5	62	32.5	33.5	77	69.5	57.5	32	30	43	34	68	8	39	70.5	68	33	25.5	0	30	41.5	60	51.5	2	51.5	47.5	47	58.5	34.5	59.5	32.5	46.5	34	36	70.5	41	57	35.5	31.5	62	75.5	75	70.5	53	49	35.5	32	69.5	41.5	32.5	36.5	33	39	29.5	50.5	45.5	22.5	43	65.5	41	74	35.5	59.5	71.5	25	30.5	37	51.5	59	65	41	1	35	29.5	75	45	40.5	22.5	39	70.5	26.5	28.5	29.5	30.5	42	25.5	45	39.5	61	69.5	45.5	68	62.5	60	37.5	47	39	31.5	48	40.5	65	40.5	76.5	
51	46	47.5	39.5	38.5	27.5	56.5	52	19	45	36.5	28	17.5	30.5	32.5	50	45	50	37	37.5	20.5	50	50.5	57.5	54	20.5	25.5	69	57.5	45.5	30	20	51	44	60	22	9	58.5	60	45	33.5	30	0	31.5	52	39.5	32	39.5	35.5	55	46.5	22.5	51.5	24.5	34.5	42	6	58.5	33	45	43.5	36.5	50	67.5	63	62.5	45	37	23.5	30	57.5	29.5	29.5	24.5	41	31	32.5	38.5	37.5	30.5	55	57.5	29	62	43.5	47.5	61.5	23	27.5	45	39.5	51	57	53	31	27	41.5	63	53	28.5	25.5	27	58.5	34.5	40.5	37.5	18.5	50	28.5	33	51.5	49	57.5	57.5	56	50.5	48	30.5	39	47	39.5	36	28.5	57	48.5	64.5	
42.5	40.5	54	53	52	29	48	43.5	32.5	36.5	50	28.5	31	44	24	61.5	53.5	51.5	44.5	51	29	36.5	51	54	40.5	11	8	55.5	54	36	31.5	13.5	60.5	37.5	46.5	35.5	24.5	67	46.5	36.5	47	41.5	31.5	0	38.5	42	39.5	42	26	56.5	45	9	38	9	43	55.5	27.5	53	19.5	53.5	57	30	56.5	54	53.5	49	31.5	29.5	8	31.5	64	32	21	33	40.5	17.5	34	47	24	44	46.5	44	37.5	64.5	57	44	50	36.5	19	46.5	48	37.5	43.5	44.5	40.5	13.5	33	63.5	48.5	3	39	35.5	67	48	32	49	27	61.5	38	41.5	43	57.5	64	49	60.5	51	56.5	26	25.5	54.5	37	44.5	37	43.5	48	67	
61	24	22.5	75.5	86.5	47.5	66.5	62	61	55	68.5	42	67.5	64.5	42.5	80	23	70	63	87.5	49.5	20	19.5	17.5	14	49.5	30.5	19	17.5	24.5	50	32	79	56	8	68	43	36.5	10	55	71.5	60	52	38.5	0	30.5	58	30.5	34.5	75	23.5	47.5	6.5	29.5	35.5	88	46	16.5	23	23	81.5	48.5	18	17.5	17	12.5	25	33	46.5	50	27.5	40.5	39.5	45.5	59	31	52.5	31.5	22.5	64.5	65	7.5	41	28	81.5	22.5	13.5	57	37.5	65	30.5	11	5	63	59	27	51.5	27	67	41.5	59.5	43	36.5	80.5	50.5	67.5	51.5	80	56.5	37	61.5	39	27.5	67.5	24	19.5	32	44.5	19	73	55.5	34	41.5	7	66.5	30.5	
64.5	32.5	34	61	60	49	70	65.5	40.5	58.5	58	39.5	39	52	46	71.5	31.5	71.5	58.5	59	27	28.5	37	44	32.5	37	34	47.5	44	6	51.5	35.5	72.5	59.5	38.5	43.5	46.5	45	38.5	58.5	55	51.5	39.5	42	30.5	0	53.5	0	38	76.5	33	39	30	33	5	63.5	45.5	45	26.5	31.5	65	52	36.5	46	45.5	41	28.5	36.5	40	51.5	44	36	43	31	62.5	34.5	54	25	26	52	68.5	36	20.5	48.5	65	34	42	44.5	41	66.5	26	29.5	35.5	66.5	52.5	30.5	55	49.5	70.5	45	47	28.5	45	56	54	59	25	71.5	50	24.5	65	35.5	44	71	42.5	37	34.5	48	22.5	68.5	59	22.5	25	35.5	70	51	
37	60	61.5	33.5	32.5	36.5	42.5	38	23	31	30.5	42	16.5	24.5	23.5	44	59	44	31	31.5	34.5	56	64.5	71.5	60	34.5	31.5	75	71.5	55.5	34	28	45	32	66	10	39	72.5	66	31	27.5	2	32	39.5	58	53.5	0	53.5	45.5	49	60.5	36.5	57.5	30.5	48.5	36	38	72.5	39	59	37.5	29.5	64	73.5	73	68.5	51	49	37.5	34	71.5	43.5	30.5	38.5	35	37	31.5	52.5	43.5	24.5	41	63.5	43	76	37.5	61.5	69.5	27	28.5	39	53.5	57	63	39	1	33	27.5	77	43	42.5	24.5	41	72.5	28.5	26.5	31.5	32.5	44	27.5	47	37.5	63	71.5	43.5	70	64.5	62	35.5	45	41	31.5	50	42.5	63	42.5	78.5	
64.5	32.5	34	61	60	49	70	65.5	40.5	58.5	58	39.5	39	52	46	71.5	31.5	71.5	58.5	59	27	28.5	37	44	32.5	37	34	47.5	44	6	51.5	35.5	72.5	59.5	38.5	43.5	46.5	45	38.5	58.5	55	51.5	39.5	42	30.5	0	53.5	0	38	76.5	33	39	30	33	5	63.5	45.5	45	26.5	31.5	65	52	36.5	46	45.5	41	28.5	36.5	40	51.5	44	36	43	31	62.5	34.5	54	25	26	52	68.5	36	20.5	48.5	65	34	42	44.5	41	66.5	26	29.5	35.5	66.5	52.5	30.5	55	49.5	70.5	45	47	28.5	45	56	54	59	25	71.5	50	24.5	65	35.5	44	71	42.5	37	34.5	48	22.5	68.5	59	22.5	25	35.5	70	51	
48.5	36.5	50	57	56	35	54	49.5	36.5	42.5	54	29.5	35	48	30	67.5	47.5	57.5	50.5	55	15	32.5	47	50	36.5	33	18	51.5	50	32	37.5	19.5	66.5	43.5	42.5	39.5	30.5	61	42.5	42.5	51	47.5	35.5	26	34.5	38	45.5	38	0	62.5	41	35	34	17	37	59.5	33.5	49	15.5	47.5	61	36	52.5	50	49.5	45	27.5	25.5	34	37.5	60	6	27	11	46.5	18.5	40	41	20	48	52.5	40	31.5	60.5	61	40	46	40.5	25	52.5	42	33.5	39.5	50.5	46.5	14.5	39	59.5	54.5	29	43	29.5	61	52	38	55	17	67.5	44	35.5	49	51.5	60	55	56.5	47	50.5	32	21.5	60.5	43	38.5	31	39.5	54	63	
14	77	84.5	31.5	20.5	55.5	24.5	25	46	28	38.5	65	39.5	42.5	40.5	5	82	33	44	19.5	57.5	73	87.5	90.5	77	57.5	48.5	92	90.5	72.5	53	45	4	39	83	39	56	95.5	83	38	35.5	47	55	56.5	75	76.5	49	76.5	62.5	0	81.5	59.5	74.5	47.5	71.5	13	59	89.5	56	82	25.5	46.5	87	90.5	90	85.5	68	66	60.5	53	94.5	66.5	47.5	61.5	42	54	50.5	75.5	60.5	42.5	10	80.5	66	99	25.5	80.5	86.5	50	45.5	38	76.5	74	80	26	48	50	29.5	100	30	59.5	47.5	64	95.5	26.5	28.5	39.5	55.5	5	50.5	70	29.5	86	94.5	25.5	93	87.5	85	52.5	62	34	43.5	73	65.5	80	34.5	101.5	
67.5	30.5	31	68	67	54	73	68.5	47.5	61.5	65	46.5	46	59	49	78.5	28.5	76.5	65.5	66	34	26.5	34	39	25.5	44	37	40.5	39	31	56.5	38.5	79.5	62.5	31.5	50.5	49.5	42	31.5	61.5	62	58.5	46.5	45	23.5	33	60.5	33	41	81.5	0	46	23	36	28	70.5	52.5	38	29.5	28.5	72	55	33.5	39	38.5	34	31.5	39.5	47	56.5	41	43	46	38	65.5	37.5	59	22	29	59	71.5	29	27.5	45.5	72	1	35	51.5	44	71.5	23	22.5	28.5	69.5	59.5	33.5	58	46.5	73.5	48	54	35.5	42	63	57	66	32	78.5	57	31.5	68	32.5	41	74	39.5	34	31.5	51	25.5	75.5	62	24.5	32	28.5	73	48	
51.5	45.5	47	44	43	32	57	52.5	23.5	45.5	41	27.5	22	35	33	54.5	44.5	54.5	41.5	42	20	45.5	50	57	49.5	2	17	64.5	57	45	34.5	22.5	55.5	46.5	55.5	26.5	31.5	58	55.5	45.5	38	34.5	22.5	9	47.5	39	36.5	39	35	59.5	46	0	47	18	34	46.5	28.5	58	28.5	44.5	48	39	49.5	63	62.5	58	40.5	36.5	1	34.5	57	29	30	24	45.5	26.5	37	38	33	35	55.5	53	28.5	61.5	48	47	59	27.5	28	49.5	39	46.5	52.5	53.5	35.5	22.5	42	62.5	57.5	6	30	26.5	58	39	41	42	18	54.5	33	32.5	52	48.5	57	58	55.5	50	47.5	35	34.5	51.5	44	35.5	28	52.5	53	64	
60.5	23.5	16	75	84	47	66	61.5	60.5	54.5	68	41.5	63	64	42	79.5	29.5	69.5	62.5	83	49	19.5	13	22	13.5	49	30	23.5	22	24	49.5	31.5	78.5	55.5	14.5	67.5	42.5	41	14.5	54.5	71	59.5	51.5	38	6.5	30	57.5	30	34	74.5	23	47	0	29	35	87.5	45.5	21	22.5	29.5	81	48	24.5	22	21.5	17	24.5	32.5	46	49.5	32	40	39	45	58.5	30.5	52	25	22	64	64.5	12	40.5	32.5	81	22	18	56.5	37	64.5	24	10.5	11.5	62.5	58.5	26.5	51	31.5	66.5	41	59	42.5	41	80	50	67	49	79.5	56	36.5	61	39.5	32	67	28.5	13	36.5	44	18.5	72.5	55	33.5	41	11.5	66	35	
33.5	31.5	45	48	59	20	39	34.5	33.5	27.5	41	19.5	40	37	15	52.5	52.5	42.5	35.5	60	32	27.5	42	45	31.5	20	1	46.5	45	27	22.5	4.5	51.5	28.5	37.5	40.5	15.5	64	37.5	27.5	44	32.5	24.5	9	29.5	33	30.5	33	17	47.5	36	18	29	0	38	60.5	18.5	44	10.5	52.5	54	21	47.5	45	44.5	40	22.5	20.5	17	22.5	55	23	12	28	31.5	8.5	25	54	15	37	37.5	35	38.5	55.5	54	35	41	29.5	10	37.5	53	28.5	34.5	35.5	31.5	4.5	24	54.5	39.5	12	32	30.5	64	53	23	40	34	52.5	29	34.5	34	66.5	55	40	51.5	42	59.5	17	16.5	45.5	28	41.5	34	34.5	39	58	
69.5	27.5	29	56	55	44	75	70.5	35.5	63.5	53	34.5	34	47	51	66.5	26.5	66.5	53.5	54	22	31.5	32	39	37.5	32	39	52.5	39	11	46.5	40.5	67.5	60.5	41.5	38.5	43.5	40	43.5	61.5	50	46.5	34.5	43	35.5	5	48.5	5	37	71.5	28	34	35	38	0	58.5	40.5	40	31.5	26.5	60	53	31.5	51	44.5	44	31.5	33.5	35	46.5	39	31	48	26	57.5	39.5	49	20	31	47	73.5	41	15.5	43.5	60	29	43	39.5	46	61.5	21	34.5	40.5	71.5	47.5	35.5	60	44.5	69.5	40	42	23.5	40	51	59	54	20	66.5	45	19.5	70	30.5	39	74	37.5	32	29.5	47	27.5	63.5	56	17.5	20	40.5	65	46	
27	70	71.5	18.5	7.5	46.5	27.5	32	33	39	25.5	52	26.5	29.5	51.5	8	69	24	31	6.5	44.5	74	74.5	81.5	80	44.5	61.5	95	81.5	69.5	44	58	9	38	84	26	51	82.5	94	39	22.5	34	42	55.5	88	63.5	36	63.5	59.5	13	70.5	46.5	87.5	60.5	58.5	0	48	82.5	69	69	12.5	45.5	74	101.5	87	86.5	69	61	47.5	44	81.5	53.5	54.5	48.5	35	63	41.5	62.5	71.5	29.5	23	91.5	53	86	12.5	71.5	85.5	37	56.5	29	63.5	83	87	31	35	63	42.5	87	27	52.5	34.5	51	82.5	13.5	41.5	26.5	42.5	8	37.5	57	32.5	73	81.5	26.5	80	74.5	72	49.5	75	21	38.5	60	52.5	93	27.5	88.5	
45	48	53.5	45.5	44.5	31.5	50.5	46	25	39	42.5	34	23.5	36.5	26.5	56	51	54	43	43.5	26.5	44	56.5	61.5	48	26.5	19.5	63	61.5	43.5	34	14	57	40	54	28	3	64.5	54	39	39.5	36	6	27.5	46	45.5	38	45.5	33.5	59	52.5	28.5	45.5	18.5	40.5	48	0	60.5	27	51	49.5	32.5	56	61.5	61	56.5	39	37	29.5	34	63.5	35.5	23.5	30.5	43	25	36.5	44.5	31.5	36.5	49	51.5	35	68	49.5	51.5	57.5	29	21.5	49	45.5	45	51	47	37	21	35.5	69	51	30.5	31.5	33	64.5	40.5	34.5	43.5	24.5	56	34.5	39	45.5	55	63.5	51.5	62	56.5	54	28.5	33	53	39.5	42	34.5	51	50.5	70.5	
75.5	38.5	33	80	79	62	81	76.5	59.5	69.5	77	56.5	58	71	57	90.5	25.5	84.5	77.5	78	46	34.5	34	1	28.5	56	45	28.5	1	39	64.5	46.5	91.5	70.5	24.5	62.5	57.5	34	19.5	69.5	74	70.5	58.5	53	16.5	45	72.5	45	49	89.5	38	58	21	44	40	82.5	60.5	0	37.5	25.5	84	63	30.5	27	26.5	4	39.5	47.5	59	64.5	33	55	54	50	73.5	45.5	67	24	37	71	79.5	9	39.5	37.5	84	37	3	63.5	52	79.5	25	25.5	21.5	77.5	71.5	41.5	66	36.5	81.5	56	66	47.5	34	75	65	78	44	90.5	69	43.5	76	24.5	33	82	31.5	34	23.5	59	33.5	87.5	70	36.5	44	16.5	81	40	
42	25	38.5	56.5	67.5	28.5	47.5	43	42	36	49.5	23	46.5	45.5	23.5	61	46	51	44	66.5	30.5	21	35.5	38.5	25	30.5	11.5	40	38.5	20.5	31	13	60	37	31	49	24	57.5	31	36	52.5	41	33	19.5	23	26.5	39	26.5	15.5	56	29.5	28.5	22.5	10.5	31.5	69	27	37.5	0	46	62.5	29.5	41	38.5	38	33.5	16	10	27.5	31	48.5	21.5	20.5	26.5	40	12	33.5	47.5	8.5	45.5	46	28.5	32	49	62.5	28.5	34.5	38	18.5	46	46.5	22	28	44	40	8	32.5	48	48	22.5	40.5	20	57.5	61.5	31.5	48.5	32.5	61	37.5	28	42.5	58	48.5	48.5	45	35.5	53	25.5	10	54	36.5	35	27.5	28	47.5	51.5	
84	33	19.5	66.5	65.5	54.5	85.5	85	46	78	63.5	45	44.5	57.5	65.5	77	0	77	64	64.5	32.5	37	22.5	24.5	33	42.5	53.5	38	24.5	37.5	57	55	78	71	15	49	54	25.5	33	72	60.5	57	45	53.5	23	31.5	59	31.5	47.5	82	28.5	44.5	29.5	52.5	26.5	69	51	25.5	46	0	70.5	63.5	5	40.5	30	29.5	42	44	45.5	57	24.5	41.5	62.5	36.5	68	54	59.5	10.5	45.5	57.5	88	30.5	26	29	70.5	29.5	28.5	50	60.5	72	11.5	34	18	84	58	50	74.5	30	80	50.5	52.5	34	25.5	61.5	73.5	64.5	30.5	77	55.5	30	80.5	16	24.5	84.5	23	22.5	15	57.5	42	74	66.5	23	30.5	30	75.5	31.5	
25.5	71.5	73	20	5	48	15	31.5	34.5	34.5	27	53.5	28	31	47	20.5	70.5	25.5	32.5	6	46	75.5	76	83	81.5	46	55	96.5	83	71	45.5	51.5	21.5	39.5	85.5	27.5	52.5	84	89.5	40.5	24	35.5	43.5	57	81.5	65	37.5	65	61	25.5	72	48	81	54	60	12.5	49.5	84	62.5	70.5	0	47	75.5	97	88.5	88	70.5	62.5	49	45.5	83	55	54	50	36.5	60.5	43	64	67	31	29.5	87	54.5	87.5	0	73	87	38.5	52	30.5	65	80.5	86.5	32.5	36.5	56.5	36	88.5	28.5	54	36	52.5	84	15	35	28	44	20.5	39	58.5	34	74.5	83	14	81.5	76	73.5	51	68.5	22.5	40	61.5	54	86.5	29	90	
32.5	50.5	64	43	42	29	38	33.5	27.5	26.5	40	38.5	19	34	6	51.5	63.5	41.5	34.5	41	39	46.5	61	64	50.5	39	22	65.5	64	46	26.5	18.5	50.5	27.5	56.5	25.5	29.5	77	56.5	26.5	37	31.5	36.5	30	48.5	52	29.5	52	36	46.5	55	39	48	21	53	45.5	32.5	63	29.5	63.5	47	0	66.5	64	63.5	59	41.5	39.5	38	26.5	74	42	21	43	30.5	27.5	4	57	34	34	36.5	54	47.5	74.5	47	54	60	31.5	19	36.5	58	47.5	53.5	34.5	30.5	23.5	23	73.5	38.5	33	11	45.5	77	38	22	39	37	51.5	8	51.5	33	67.5	74	39	70.5	61	66.5	26	35.5	44.5	27	54.5	47	53.5	38	77	
79	38	24.5	71.5	70.5	59.5	84.5	80	51	73	68.5	50	49.5	62.5	60.5	82	5	82	69	69.5	37.5	38	27.5	29.5	32	47.5	48.5	37	29.5	42.5	62	50	83	74	10	54	59	30.5	28	73	65.5	62	50	56.5	18	36.5	64	36.5	52.5	87	33.5	49.5	24.5	47.5	31.5	74	56	30.5	41	5	75.5	66.5	0	35.5	35	30.5	43	49	50.5	62	29.5	46.5	57.5	41.5	73	49	64.5	15.5	40.5	62.5	83	25.5	31	34	75.5	34.5	31.5	55	55.5	77	16.5	29	13	81	63	45	69.5	35	85	55.5	57.5	39	30.5	66.5	68.5	69.5	35.5	82	60.5	35	79.5	21	29.5	85.5	28	27.5	20	62.5	37	79	71.5	28	35.5	25	80.5	36.5	
76.5	39.5	38	91	98	63	82	77.5	76.5	70.5	84	57.5	77	80	58	95.5	40.5	85.5	78.5	97	65	35.5	35	28	29.5	65	46	14.5	28	40	65.5	47.5	94.5	71.5	25.5	81.5	58.5	19	15.5	70.5	87	75.5	67.5	54	17.5	46	73.5	46	50	90.5	39	63	22	45	51	101.5	61.5	27	38.5	40.5	97	64	35.5	0	22.5	23	40.5	48.5	62	65.5	28	56	55	61	74.5	46.5	68	43	38	80	80.5	18	56.5	23.5	97	38	24	72.5	53	80.5	44	26.5	22.5	78.5	74.5	42.5	67	22.5	82.5	57	75	58.5	19	94	66	83	63	95.5	72	52.5	77	28.5	28	83	29.5	35	37.5	60	34.5	88.5	71	49.5	57	12.5	82	13	
76	39	37.5	84.5	83.5	62.5	81.5	77	64	70	81.5	57	62.5	75.5	57.5	95	30	85	78	82.5	50.5	35	34.5	27.5	29	60.5	45.5	24	27.5	39.5	65	47	94	71	25	67	58	33.5	7	70	78.5	75	63	53.5	17	45.5	73	45.5	49.5	90	38.5	62.5	21.5	44.5	44.5	87	61	26.5	38	30	88.5	63.5	35	22.5	0	22.5	40	48	61.5	65	32.5	55.5	54.5	54.5	74	46	67.5	28.5	37.5	75.5	80	17.5	44	33	88.5	37.5	23.5	68	52.5	80	29.5	26	22	78	74	42	66.5	32	82	56.5	70.5	52	33.5	79.5	65.5	82.5	48.5	95	71.5	48	76.5	24	32.5	82.5	7	34.5	15	59.5	34	88	70.5	41	48.5	10	81.5	35.5	
71.5	34.5	33	84	83	58	77	72.5	63.5	65.5	79	52.5	62	75	53	90.5	29.5	80.5	73.5	82	50	30.5	30	5	24.5	60	41	24.5	5	35	60.5	42.5	89.5	66.5	20.5	66.5	53.5	38	15.5	65.5	78	70.5	62.5	49	12.5	41	68.5	41	45	85.5	34	58	17	40	44	86.5	56.5	4	33.5	29.5	88	59	30.5	23	22.5	0	35.5	43.5	57	60.5	33	51	50	54	69.5	41.5	63	28	33	75	75.5	5	43.5	33.5	88	33	1	67.5	48	75.5	29	21.5	17.5	73.5	69.5	37.5	62	32.5	77.5	52	70	51.5	38	79	61	78	48	90.5	67	47.5	72	28.5	33	78	29.5	30	27.5	55	29.5	83.5	66	40.5	48	12.5	77	36	
54	27	40.5	66.5	65.5	40.5	59.5	55	46	48	61.5	35	44.5	57.5	35.5	73	42	63	56	64.5	32.5	23	37.5	40.5	27	42.5	23.5	42	40.5	22.5	43	25	72	49	33	49	36	55.5	33	48	60.5	53	45	31.5	25	28.5	51	28.5	27.5	68	31.5	40.5	24.5	22.5	31.5	69	39	39.5	16	42	70.5	41.5	43	40.5	40	35.5	0	26	39.5	43	50.5	33.5	32.5	36.5	52	24	45.5	35.5	15.5	57.5	58	30.5	16	51	70.5	30.5	36.5	50	30.5	58	36.5	24	30	56	52	20	44.5	50	60	34.5	52.5	34	55.5	61.5	43.5	60.5	30.5	73	49.5	12	54.5	46	50.5	60.5	47	37.5	45	37.5	6	66	48.5	33	30.5	30	59.5	53.5	
52	35	46.5	58.5	57.5	38.5	57.5	53	38	46	55.5	33	36.5	49.5	33.5	69	44	61	54	56.5	24.5	31	45.5	48.5	35	34.5	21.5	50	48.5	30.5	41	23	70	47	41	41	34	57.5	41	46	52.5	49	37	29.5	33	36.5	49	36.5	25.5	66	39.5	36.5	32.5	20.5	33.5	61	37	47.5	10	44	62.5	39.5	49	48.5	48	43.5	26	0	37.5	41	56.5	31.5	30.5	28.5	50	22	43.5	37.5	18.5	49.5	56	38.5	28	59	62.5	38.5	44.5	42	28.5	56	38.5	32	38	54	50	18	42.5	58	58	32.5	44.5	10	57.5	53.5	41.5	56.5	22.5	69	47.5	32	52.5	48	56.5	58.5	55	45.5	47	35.5	20	64	46.5	35	27.5	38	57.5	61.5	
50.5	46.5	48	45	44	33	56	51.5	24.5	44.5	42	28.5	23	36	32	55.5	45.5	55.5	42.5	43	21	44.5	51	58	48.5	3	16	63.5	58	44	35.5	21.5	56.5	45.5	54.5	27.5	32.5	59	54.5	44.5	39	35.5	23.5	8	46.5	40	37.5	40	34	60.5	47	1	46	17	35	47.5	29.5	59	27.5	45.5	49	38	50.5	62	61.5	57	39.5	37.5	0	35.5	58	30	29	25	46.5	25.5	38	39	32	36	54.5	52	29.5	62.5	49	48	58	28.5	27	50.5	40	45.5	51.5	52.5	36.5	21.5	41	63.5	56.5	5	31	27.5	59	40	40	43	19	55.5	34	33.5	51	49.5	58	57	56.5	51	48.5	34	33.5	52.5	45	36.5	29	51.5	54	65	
39	52	59.5	41.5	40.5	30.5	44.5	40	11	33	38.5	40	19.5	32.5	20.5	52	57	48	39	39.5	32.5	48	62.5	65.5	52	32.5	23.5	67	65.5	47.5	0	20	53	34	58	24	31	70.5	58	33	35.5	32	30	31.5	50	51.5	34	51.5	37.5	53	56.5	34.5	49.5	22.5	46.5	44	34	64.5	31	57	45.5	26.5	62	65.5	65	60.5	43	41	35.5	0	69.5	41.5	22.5	36.5	37	29	30.5	50.5	35.5	32.5	43	55.5	41	74	45.5	55.5	61.5	7	20.5	43	51.5	49	55	41	33	25	29.5	75	45	34.5	27.5	39	70.5	36.5	28.5	39.5	30.5	52	30.5	45	39.5	61	69.5	45.5	68	62.5	60	27.5	37	49	33.5	48	40.5	55	44.5	76.5	
86.5	45.5	32	79	78	67	92	87.5	58.5	80.5	76	57.5	57	70	68	89.5	24.5	89.5	76.5	77	45	45.5	35	32	39.5	55	56	29.5	32	50	69.5	57.5	90.5	81.5	35.5	61.5	66.5	23	25.5	80.5	73	69.5	57.5	64	27.5	44	71.5	44	60	94.5	41	57	32	55	39	81.5	63.5	33	48.5	24.5	83	74	29.5	28	32.5	33	50.5	56.5	58	69.5	0	54	65	49	80.5	56.5	72	23	48	70	90.5	28	38.5	26.5	83	42	34	62.5	63	84.5	24	36.5	32.5	88.5	70.5	52.5	77	27.5	92.5	63	65	46.5	23	74	76	77	43	89.5	68	42.5	87	13.5	0	93	25.5	35	17.5	70	44.5	86.5	79	35.5	43	22.5	88	29	
54.5	42.5	44	51	50	39	60	55.5	30.5	48.5	48	29.5	29	42	36	61.5	41.5	61.5	48.5	49	9	38.5	47	54	42.5	27	24	57.5	54	38	41.5	25.5	62.5	49.5	48.5	33.5	36.5	55	48.5	48.5	45	41.5	29.5	32	40.5	36	43.5	36	6	66.5	43	29	40	23	31	53.5	35.5	55	21.5	41.5	55	42	46.5	56	55.5	51	33.5	31.5	30	41.5	54	0	33	5	52.5	24.5	44	35	26	42	58.5	46	25.5	58.5	55	44	52	34.5	31	56.5	36	39.5	45.5	56.5	42.5	20.5	45	59.5	60.5	35	37	23.5	55	46	44	49	11	61.5	40	29.5	55	45.5	54	61	52.5	47	44.5	38	27.5	58.5	49	32.5	25	45.5	60	61	
33.5	41.5	55	48	51	8	39	34.5	31.5	27.5	41	29.5	30	37	15	52.5	62.5	42.5	35.5	50	38	37.5	52	55	41.5	32	13	56.5	55	37	22.5	9.5	51.5	28.5	47.5	34.5	20.5	74	47.5	27.5	44	32.5	29.5	21	39.5	43	30.5	43	27	47.5	46	30	39	12	48	54.5	23.5	54	20.5	62.5	54	21	57.5	55	54.5	50	32.5	30.5	29	22.5	65	33	0	38	31.5	18.5	25	56	25	37	37.5	45	46.5	65.5	54	45	51	29.5	2	37.5	57	38.5	44.5	35.5	31.5	14.5	24	64.5	39.5	24	32	40.5	74	47	23	40	36	52.5	29	44.5	34	66.5	65	40	61.5	52	65.5	5	26.5	45.5	28	51.5	44	44.5	39	68	
59.5	37.5	39	46	45	34	65	60.5	25.5	53.5	43	24.5	24	37	41	56.5	36.5	56.5	43.5	44	4	41.5	42	49	47.5	22	29	62.5	49	37	36.5	30.5	57.5	50.5	51.5	28.5	33.5	50	53.5	51.5	40	36.5	24.5	33	45.5	31	38.5	31	11	61.5	38	24	45	28	26	48.5	30.5	50	26.5	36.5	50	43	41.5	61	54.5	54	36.5	28.5	25	36.5	49	5	38	0	47.5	29.5	39	30	31	37	63.5	51	20.5	53.5	50	39	53	29.5	36	51.5	31	44.5	50.5	61.5	37.5	25.5	50	54.5	59.5	30	32	18.5	50	41	49	44	6	56.5	35	24.5	60	40.5	49	64	47.5	42	39.5	37	32.5	53.5	46	27.5	20	50.5	55	56	
28	61	70.5	32.5	31.5	39.5	33.5	29	32	22	29.5	49	25.5	28.5	24.5	43	68	37	4	30.5	43.5	57	71.5	74.5	61	43.5	32.5	76	74.5	56.5	37	29	44	3	67	25	40	81.5	67	4	26.5	33	41	40.5	59	62.5	35	62.5	46.5	42	65.5	45.5	58.5	31.5	57.5	35	43	73.5	40	68	36.5	30.5	73	74.5	74	69.5	52	50	46.5	37	80.5	52.5	31.5	47.5	0	38	34.5	61.5	44.5	28.5	32	64.5	52	85	36.5	64.5	70.5	36	29.5	32	62.5	58	64	30	34	34	18.5	84	34	43.5	33.5	50	81.5	27.5	17.5	30.5	41.5	43	36.5	56	28.5	72	80.5	34.5	79	71.5	71	36.5	46	40	27.5	59	51.5	64	33.5	87.5	
40	33	46.5	54.5	59.5	26.5	45.5	41	40	34	47.5	11	38.5	43.5	21.5	59	54	49	42	58.5	31.5	29	43.5	46.5	33	28.5	9.5	48	46.5	28.5	29	11	58	35	39	43	22	65.5	39	34	50.5	39	31	17.5	31	34.5	37	34.5	18.5	54	37.5	26.5	30.5	8.5	39.5	63	25	45.5	12	54	60.5	27.5	49	46.5	46	41.5	24	22	25.5	29	56.5	24.5	18.5	29.5	38	0	31.5	49.5	16.5	43.5	44	36.5	40	57	60.5	36.5	42.5	36	16.5	44	50.5	30	36	42	38	4	30.5	56	46	20.5	38.5	32	65.5	55.5	29.5	46.5	29.5	59	35.5	36	40.5	60	56.5	46.5	53	43.5	59	23.5	18	52	34.5	43	35.5	36	45.5	59.5	
36.5	54.5	62	39	38	33	42	37.5	23.5	30.5	36	42.5	15	30	10	49.5	59.5	45.5	36.5	37	35	50.5	65	68	54.5	35	26	69.5	68	50	30.5	22.5	50.5	31.5	60.5	21.5	33.5	73	60.5	30.5	33	29.5	32.5	34	52.5	54	31.5	54	40	50.5	59	37	52	25	49	41.5	36.5	67	33.5	59.5	43	4	64.5	68	67.5	63	45.5	43.5	38	30.5	72	44	25	39	34.5	31.5	0	53	38	30	40.5	58	43.5	76.5	43	58	64	27.5	23	40.5	54	51.5	57.5	38.5	30.5	27.5	27	77.5	42.5	37	7	41.5	73	34	26	37	33	49.5	4	47.5	37	63.5	72	43	70.5	65	62.5	30	39.5	46.5	31	50.5	43	57.5	42	79	
85.5	26.5	9	60	59	48	79	78.5	39.5	75.5	57	38.5	38	51	63	70.5	10.5	70.5	57.5	58	26	30.5	12	23	26.5	36	55	36.5	23	31	50.5	56.5	71.5	64.5	25.5	42.5	47.5	24	35.5	65.5	54	50.5	38.5	47	31.5	25	52.5	25	41	75.5	22	38	25	54	20	62.5	44.5	24	47.5	10.5	64	57	15.5	43	28.5	28	35.5	37.5	39	50.5	23	35	56	30	61.5	49.5	53	0	43	51	85.5	33	19.5	27.5	64	23	27	43.5	58	65.5	1	29.5	28.5	77.5	51.5	51.5	74	28.5	73.5	44	46	27.5	24	55	75	58	24	70.5	49	23.5	74	14.5	23	78	21.5	12	13.5	51	41.5	67.5	60	16.5	24	36.5	69	30	
46.5	24.5	38	61	68	33	52	47.5	46.5	40.5	54	27.5	47	50	28	65.5	45.5	55.5	48.5	67	35	20.5	35	38	24.5	35	16	39.5	38	20	35.5	17.5	64.5	41.5	30.5	51.5	28.5	57	30.5	40.5	57	45.5	37.5	24	22.5	26	43.5	26	20	60.5	29	33	22	15	31	71.5	31.5	37	8.5	45.5	67	34	40.5	38	37.5	33	15.5	18.5	32	35.5	48	26	25	31	44.5	16.5	38	43	0	50	50.5	28	31.5	48.5	67	28	34	42.5	23	50.5	44	21.5	27.5	48.5	44.5	12.5	37	47.5	52.5	27	45	28.5	57	64	36	53	33	65.5	42	27.5	47	53.5	48	53	44.5	35	52.5	30	9.5	58.5	41	34.5	19	27.5	52	51	
38.5	58.5	60	27	26	35	44	39.5	21.5	32.5	24	40.5	15	0	30	37.5	57.5	37.5	24.5	25	33	62.5	63	70	66.5	33	38	81.5	70	58	32.5	34.5	38.5	31.5	72.5	14.5	39.5	71	72.5	32.5	21	22.5	30.5	44	64.5	52	24.5	52	48	42.5	59	35	64	37	47	29.5	36.5	71	45.5	57.5	31	34	62.5	80	75.5	75	57.5	49.5	36	32.5	70	42	37	37	28.5	43.5	30	51	50	0	42.5	70	41.5	74.5	31	60	74	25.5	35	32.5	52	63.5	69.5	40.5	23.5	39.5	29	75.5	40.5	41	23	39.5	71	22	28	25	31	37.5	26	45.5	39	61.5	70	45	68.5	63	60.5	38	51.5	34.5	9	48.5	41	69.5	36	77	
4	67	80.5	33.5	30.5	45.5	14.5	15	54	18	36.5	55	49.5	42.5	30.5	15	88	23	36	29.5	67.5	63	77.5	80.5	67	57.5	38.5	82	80.5	62.5	43	35	14	29	73	49	46	99.5	73	28	39.5	43	55	46.5	65	68.5	41	68.5	52.5	10	71.5	55.5	64.5	37.5	73.5	23	49	79.5	46	88	29.5	36.5	83	80.5	80	75.5	58	56	54.5	43	90.5	58.5	37.5	63.5	32	44	40.5	85.5	50.5	42.5	0	70.5	74	91	29.5	70.5	76.5	50	35.5	28	86.5	64	70	16	42	40	19.5	90	20	49.5	47.5	66	99.5	36.5	18.5	35.5	65.5	15	44.5	70	19.5	96	90.5	15.5	87	77.5	95	42.5	52	26	33.5	77	69.5	70	24.5	93.5	
66.5	29.5	28	81	88	53	72	67.5	66.5	60.5	74	47.5	67	70	48	85.5	30.5	75.5	68.5	87	55	25.5	25	10	19.5	55	36	19.5	10	30	55.5	37.5	84.5	61.5	15.5	71.5	48.5	37	10.5	60.5	77	65.5	57.5	44	7.5	36	63.5	36	40	80.5	29	53	12	35	41	91.5	51.5	9	28.5	30.5	87	54	25.5	18	17.5	5	30.5	38.5	52	55.5	28	46	45	51	64.5	36.5	58	33	28	70	70.5	0	46.5	28.5	87	28	6	62.5	43	70.5	34	16.5	12.5	68.5	64.5	32.5	57	27.5	72.5	47	65	48.5	37	84	56	73	53	85.5	62	42.5	67	33.5	28	73	24.5	25	32.5	50	24.5	78.5	61	39.5	47	7.5	72	31	
70	27	28.5	50.5	49.5	38.5	69.5	69	30	64	47.5	29	28.5	41.5	51.5	61	26	61	48	48.5	16.5	31	31.5	38.5	37	26.5	39.5	52	38.5	26.5	41	41	62	55	41	33	38	39.5	49	56	44.5	41	29	37.5	41	20.5	43	20.5	31.5	66	27.5	28.5	40.5	38.5	15.5	53	35	39.5	32	26	54.5	47.5	31	56.5	44	43.5	16	28	29.5	41	38.5	25.5	46.5	20.5	52	40	43.5	19.5	31.5	41.5	74	46.5	0	43	54.5	28.5	42.5	34	46.5	56	20.5	40	44	68	42	36	60.5	44	64	34.5	36.5	18	39.5	45.5	59.5	48.5	14.5	61	39.5	4	64.5	30	38.5	68.5	37	31.5	29	41.5	22	58	50.5	17	14.5	46	59.5	45.5	
87	50	36.5	83.5	82.5	71.5	92.5	88	63	81	80.5	62	61.5	74.5	68.5	94	29	94	81	81.5	49.5	46	39.5	36.5	40	59.5	56.5	9	36.5	50.5	74	58	95	82	36	66	69	22.5	26	81	77.5	74	62	64.5	28	48.5	76	48.5	60.5	99	45.5	61.5	32.5	55.5	43.5	86	68	37.5	49	29	87.5	74.5	34	23.5	33	33.5	51	59	62.5	74	26.5	58.5	65.5	53.5	85	57	76.5	27.5	48.5	74.5	91	28.5	43	0	87.5	46.5	34.5	67	63.5	89	28.5	37	33	89	75	53	77.5	1	93	67.5	69.5	51	22.5	78.5	76.5	81.5	47.5	94	72.5	47	87.5	13	26.5	93.5	30	39.5	22	70.5	45	91	81.5	40	47.5	23	92.5	28.5	
25.5	71.5	73	20	5	48	15	31.5	34.5	34.5	27	53.5	28	31	47	20.5	70.5	25.5	32.5	6	46	75.5	76	83	81.5	46	55	96.5	83	71	45.5	51.5	21.5	39.5	85.5	27.5	52.5	84	89.5	40.5	24	35.5	43.5	57	81.5	65	37.5	65	61	25.5	72	48	81	54	60	12.5	49.5	84	62.5	70.5	0	47	75.5	97	88.5	88	70.5	62.5	49	45.5	83	55	54	50	36.5	60.5	43	64	67	31	29.5	87	54.5	87.5	0	73	87	38.5	52	30.5	65	80.5	86.5	32.5	36.5	56.5	36	88.5	28.5	54	36	52.5	84	15	35	28	44	20.5	39	58.5	34	74.5	83	14	81.5	76	73.5	51	68.5	22.5	40	61.5	54	86.5	29	90	
66.5	29.5	32	69	68	53	72	67.5	48.5	60.5	66	47.5	47	60	48	79.5	29.5	75.5	66.5	67	35	25.5	35	38	24.5	45	36	39.5	38	30	55.5	37.5	80.5	61.5	30.5	51.5	48.5	43	30.5	60.5	63	59.5	47.5	44	22.5	34	61.5	34	40	80.5	1	47	22	35	29	71.5	51.5	37	28.5	29.5	73	54	34.5	38	37.5	33	30.5	38.5	48	55.5	42	44	45	39	64.5	36.5	58	23	28	60	70.5	28	28.5	46.5	73	0	34	52.5	43	70.5	24	21.5	27.5	68.5	60.5	32.5	57	47.5	72.5	47	55	36.5	43	64	56	67	33	79.5	58	32.5	67	33.5	42	73	40.5	35	32.5	50	24.5	76.5	61	25.5	33	27.5	72	49	
72.5	35.5	34	83	82	59	78	73.5	62.5	66.5	80	53.5	61	74	54	91.5	28.5	81.5	74.5	81	49	31.5	31	4	25.5	59	42	25.5	4	36	61.5	43.5	90.5	67.5	21.5	65.5	54.5	37	16.5	66.5	77	71.5	61.5	50	13.5	42	69.5	42	46	86.5	35	59	18	41	43	85.5	57.5	3	34.5	28.5	87	60	31.5	24	23.5	1	36.5	44.5	58	61.5	34	52	51	53	70.5	42.5	64	27	34	74	76.5	6	42.5	34.5	87	34	0	66.5	49	76.5	28	22.5	18.5	74.5	70.5	38.5	63	33.5	78.5	53	69	50.5	37	78	62	79	47	91.5	68	46.5	73	27.5	34	79	30.5	31	26.5	56	30.5	84.5	67	39.5	47	13.5	78	37	
46	51	52.5	34.5	33.5	27.5	51.5	47	4	40	31.5	33	12.5	25.5	27.5	45	50	45	32	32.5	25.5	55	55.5	62.5	59	25.5	30.5	74	62.5	50.5	7	27	46	39	65	17	32	63.5	65	40	28.5	25	23	36.5	57	44.5	27	44.5	40.5	50	51.5	27.5	56.5	29.5	39.5	37	29	63.5	38	50	38.5	31.5	55	72.5	68	67.5	50	42	28.5	7	62.5	34.5	29.5	29.5	36	36	27.5	43.5	42.5	25.5	50	62.5	34	67	38.5	52.5	66.5	0	27.5	40	44.5	56	62	48	26	32	36.5	68	48	33.5	20.5	32	63.5	29.5	35.5	32.5	23.5	45	23.5	38	46.5	54	62.5	52.5	61	55.5	53	30.5	44	42	34.5	41	33.5	62	43.5	69.5	
31.5	39.5	53	46	53	10	37	32.5	31.5	25.5	39	27.5	32	35	13	50.5	60.5	40.5	33.5	52	40	35.5	50	53	39.5	30	11	54.5	53	35	20.5	7.5	49.5	26.5	45.5	36.5	18.5	72	45.5	25.5	42	30.5	27.5	19	37.5	41	28.5	41	25	45.5	44	28	37	10	46	56.5	21.5	52	18.5	60.5	52	19	55.5	53	52.5	48	30.5	28.5	27	20.5	63	31	2	36	29.5	16.5	23	58	23	35	35.5	43	46.5	63.5	52	43	49	27.5	0	35.5	59	36.5	42.5	33.5	29.5	12.5	22	62.5	37.5	22	30	38.5	72	49	21	38	38	50.5	27	42.5	32	68.5	63	38	59.5	50	67.5	7	24.5	43.5	26	49.5	42	42.5	37	66	
24	67	74.5	26.5	25.5	45.5	29.5	25	36	10	28.5	55	29.5	32.5	30.5	37	72	33	34	24.5	47.5	63	77.5	80.5	67	47.5	38.5	82	80.5	62.5	43	35	38	29	73	29	46	85.5	73	28	25.5	37	45	46.5	65	66.5	39	66.5	52.5	38	71.5	49.5	64.5	37.5	61.5	29	49	79.5	46	72	30.5	36.5	77	80.5	80	75.5	58	56	50.5	43	84.5	56.5	37.5	51.5	32	44	40.5	65.5	50.5	32.5	28	70.5	56	89	30.5	70.5	76.5	40	35.5	0	66.5	64	70	26	38	40	19.5	90	30	49.5	37.5	54	85.5	21.5	18.5	29.5	45.5	37	40.5	60	24.5	76	84.5	30.5	83	77.5	75	42.5	52	34	33.5	63	55.5	70	29.5	91.5	
84.5	27.5	8	61	60	49	80	79.5	40.5	76.5	58	39.5	39	52	64	71.5	11.5	71.5	58.5	59	27	31.5	11	24	27.5	37	54	37.5	24	32	51.5	55.5	72.5	65.5	26.5	43.5	48.5	25	36.5	66.5	55	51.5	39.5	48	30.5	26	53.5	26	42	76.5	23	39	24	53	21	63.5	45.5	25	46.5	11.5	65	58	16.5	44	29.5	29	36.5	38.5	40	51.5	24	36	57	31	62.5	50.5	54	1	44	52	86.5	34	20.5	28.5	65	24	28	44.5	59	66.5	0	30.5	29.5	78.5	52.5	50.5	75	29.5	74.5	45	47	28.5	25	56	74	59	25	71.5	50	24.5	75	15.5	24	79	22.5	11	14.5	52	42.5	68.5	61	17.5	25	35.5	70	31	
60	23	26.5	74.5	79.5	46.5	65.5	61	60	54	67.5	41	58.5	63.5	41.5	79	34	69	62	78.5	46.5	19	23.5	26.5	3	48.5	29.5	28	26.5	23.5	49	31	78	55	19	63	42	45.5	19	54	70.5	59	51	37.5	11	29.5	57	29.5	33.5	74	22.5	46.5	10.5	28.5	34.5	83	45	25.5	22	34	80.5	47.5	29	26.5	26	21.5	24	32	45.5	49	36.5	39.5	38.5	44.5	58	30	51.5	29.5	21.5	63.5	64	16.5	40	37	80.5	21.5	22.5	56	36.5	64	30.5	0	16	62	58	26	50.5	36	66	40.5	58.5	42	45.5	75.5	49.5	66.5	44.5	79	55.5	36	60.5	40	36.5	66.5	33	23.5	39	43.5	18	72	54.5	33	40.5	16	65.5	39.5	
66	29	27.5	80.5	83.5	52.5	71.5	67	64	60	73.5	47	62.5	69.5	47.5	85	18	75	68	82.5	50.5	25	24.5	22.5	19	54.5	35.5	24	22.5	29.5	55	37	84	61	3	67	48	41.5	15	60	76.5	65	57	43.5	5	35.5	63	35.5	39.5	80	28.5	52.5	11.5	34.5	40.5	87	51	21.5	28	18	86.5	53.5	13	22.5	22	17.5	30	38	51.5	55	32.5	45.5	44.5	50.5	64	36	57.5	28.5	27.5	69.5	70	12.5	44	33	86.5	27.5	18.5	62	42.5	70	29.5	16	0	68	64	32	56.5	32	72	46.5	64.5	48	41.5	79.5	55.5	72.5	48.5	85	61.5	42	66.5	34	32.5	72.5	29	24.5	33	49.5	24	78	60.5	39	46.5	12	71.5	35.5	
12	65	78.5	31.5	27.5	43.5	17.5	1	48	16	34.5	53	41.5	40.5	28.5	31	84	7	34	26.5	59.5	61	75.5	78.5	65	55.5	36.5	80	78.5	60.5	41	33	30	27	71	41	44	97.5	71	26	37.5	41	53	44.5	63	66.5	39	66.5	50.5	26	69.5	53.5	62.5	35.5	71.5	31	47	77.5	44	84	32.5	34.5	81	78.5	78	73.5	56	54	52.5	41	88.5	56.5	35.5	61.5	30	42	38.5	77.5	48.5	40.5	16	68.5	68	89	32.5	68.5	74.5	48	33.5	26	78.5	62	68	0	40	38	17.5	88	4	47.5	45.5	64	97.5	28.5	16.5	33.5	57.5	31	42.5	68	17.5	88	88.5	18.5	85	75.5	87	40.5	50	10	31.5	75	67.5	68	22.5	91.5	
38	59	60.5	32.5	31.5	35.5	43.5	39	22	32	29.5	41	15.5	23.5	24.5	43	58	43	30	30.5	33.5	57	63.5	70.5	61	33.5	32.5	76	70.5	56.5	33	29	44	33	67	9	40	71.5	67	32	26.5	1	31	40.5	59	52.5	1	52.5	46.5	48	59.5	35.5	58.5	31.5	47.5	35	37	71.5	40	58	36.5	30.5	63	74.5	74	69.5	52	50	36.5	33	70.5	42.5	31.5	37.5	34	38	30.5	51.5	44.5	23.5	42	64.5	42	75	36.5	60.5	70.5	26	29.5	38	52.5	58	64	40	0	34	28.5	76	44	41.5	23.5	40	71.5	27.5	27.5	30.5	31.5	43	26.5	46	38.5	62	70.5	44.5	69	63.5	61	36.5	46	40	32.5	49	41.5	64	41.5	77.5	
36	29	42.5	50.5	61.5	22.5	41.5	37	36	30	43.5	15	42.5	39.5	17.5	55	50	45	38	62.5	29.5	25	39.5	42.5	29	24.5	5.5	44	42.5	24.5	25	7	54	31	35	43	18	61.5	35	30	46.5	35	27	13.5	27	30.5	33	30.5	14.5	50	33.5	22.5	26.5	4.5	35.5	63	21	41.5	8	50	56.5	23.5	45	42.5	42	37.5	20	18	21.5	25	52.5	20.5	14.5	25.5	34	4	27.5	51.5	12.5	39.5	40	32.5	36	53	56.5	32.5	38.5	32	12.5	40	50.5	26	32	38	34	0	26.5	52	42	16.5	34.5	28	61.5	55.5	25.5	42.5	31.5	55	31.5	32	36.5	64	52.5	42.5	49	39.5	57	19.5	14	48	30.5	39	31.5	32	41.5	55.5	
15.5	53.5	67	30	39	32	21	16.5	40.5	9.5	17	41.5	38	29	17	34.5	74.5	24.5	22.5	38	54	49.5	64	67	53.5	44	25	68.5	67	49	29.5	21.5	33.5	15.5	59.5	37.5	32.5	86	59.5	14.5	20	29.5	41.5	33	51.5	55	27.5	55	39	29.5	58	42	51	24	60	42.5	35.5	66	32.5	74.5	36	23	69.5	67	66.5	62	44.5	42.5	41	29.5	77	45	24	50	18.5	30.5	27	74	37	29	19.5	57	60.5	77.5	36	57	63	36.5	22	19.5	75	50.5	56.5	17.5	28.5	26.5	0	76.5	21.5	36	34	52.5	86	35	1	16	54	34.5	31	56.5	16	84.5	77	22	73.5	64	81.5	29	38.5	27.5	20	63.5	56	56.5	21	80	
86	49	37.5	84.5	83.5	72.5	91.5	87	64	80	81.5	63	62.5	75.5	67.5	95	30	95	82	82.5	50.5	45	40.5	37.5	39	60.5	55.5	8	37.5	49.5	75	57	96	81	35	67	68	23.5	25	80	78.5	75	63	63.5	27	49.5	77	49.5	59.5	100	46.5	62.5	31.5	54.5	44.5	87	69	36.5	48	30	88.5	73.5	35	22.5	32	32.5	50	58	63.5	75	27.5	59.5	64.5	54.5	84	56	77.5	28.5	47.5	75.5	90	27.5	44	1	88.5	47.5	33.5	68	62.5	90	29.5	36	32	88	76	52	76.5	0	92	66.5	70.5	52	23.5	79.5	75.5	82.5	48.5	95	73.5	48	86.5	14	27.5	92.5	31	40.5	23	69.5	44	92	80.5	41	48.5	22	91.5	29.5	
16	69	82.5	29.5	23.5	47.5	21.5	5	44	20	36.5	57	37.5	40.5	32.5	35	80	3	38	22.5	55.5	65	79.5	82.5	69	55.5	40.5	84	82.5	64.5	45	37	34	31	75	37	48	93.5	75	30	33.5	45	53	48.5	67	70.5	43	70.5	54.5	30	73.5	57.5	66.5	39.5	69.5	27	51	81.5	48	80	28.5	38.5	85	82.5	82	77.5	60	58	56.5	45	92.5	60.5	39.5	59.5	34	46	42.5	73.5	52.5	40.5	20	72.5	64	93	28.5	72.5	78.5	48	37.5	30	74.5	66	72	4	44	42	21.5	92	0	51.5	45.5	62	93.5	24.5	20.5	37.5	53.5	35	46.5	68	21.5	84	92.5	22.5	89	79.5	83	44.5	54	6	35.5	71	63.5	72	26.5	95.5	
45.5	43.5	53	50	49	32	51	46.5	29.5	39.5	47	31.5	28	41	27	60.5	50.5	54.5	47.5	48	26	39.5	54	57	43.5	8	11	58.5	57	39	34.5	16.5	61.5	40.5	49.5	32.5	27.5	64	49.5	39.5	44	40.5	28.5	3	41.5	45	42.5	45	29	59.5	48	6	41	12	40	52.5	30.5	56	22.5	50.5	54	33	55.5	57	56.5	52	34.5	32.5	5	34.5	63	35	24	30	43.5	20.5	37	44	27	41	49.5	47	34.5	67.5	54	47	53	33.5	22	49.5	45	40.5	46.5	47.5	41.5	16.5	36	66.5	51.5	0	36	32.5	64	45	35	48	24	60.5	39	38.5	46	54.5	63	52	61.5	54	53.5	29	28.5	57.5	40	41.5	34	46.5	51	70	
43.5	53.5	55	32	31	30	49	44.5	16.5	37.5	29	35.5	8	23	17	42.5	52.5	42.5	29.5	30	28	57.5	58	65	61.5	28	33	76.5	65	53	27.5	29.5	43.5	36.5	67.5	14.5	34.5	66	67.5	37.5	26	22.5	25.5	39	59.5	47	24.5	47	43	47.5	54	30	59	32	42	34.5	31.5	66	40.5	52.5	36	11	57.5	75	70.5	70	52.5	44.5	31	27.5	65	37	32	32	33.5	38.5	7	46	45	23	47.5	65	36.5	69.5	36	55	69	20.5	30	37.5	47	58.5	64.5	45.5	23.5	34.5	34	70.5	45.5	36	0	34.5	66	27	33	30	26	42.5	3	40.5	44	56.5	65	50	63.5	58	55.5	33	46.5	39.5	32	43.5	36	64.5	41	72	
62	35	36.5	48.5	47.5	36.5	67.5	63	28	56	45.5	27	26.5	39.5	43.5	59	34	59	46	46.5	14.5	39	39.5	46.5	45	24.5	31.5	60	46.5	34.5	39	33	60	53	49	31	36	47.5	51	54	42.5	39	27	35.5	43	28.5	41	28.5	29.5	64	35.5	26.5	42.5	30.5	23.5	51	33	47.5	20	34	52.5	45.5	39	58.5	52	51.5	34	10	27.5	39	46.5	23.5	40.5	18.5	50	32	41.5	27.5	28.5	39.5	66	48.5	18	51	52.5	36.5	50.5	32	38.5	54	28.5	42	48	64	40	28	52.5	52	62	32.5	34.5	0	47.5	43.5	51.5	46.5	12.5	59	37.5	22	62.5	38	46.5	66.5	45	39.5	37	39.5	30	56	48.5	25	17.5	48	57.5	53.5	
95.5	46.5	33	80	79	68	99	96.5	59.5	89.5	77	58.5	58	71	77	90.5	25.5	90.5	77.5	78	46	50.5	36	33	46.5	56	65	31.5	33	51	70.5	66.5	91.5	84.5	40.5	62.5	67.5	0	34.5	85.5	74	70.5	58.5	67	36.5	45	72.5	45	61	95.5	42	58	41	64	40	82.5	64.5	34	57.5	25.5	84	77	30.5	19	33.5	38	55.5	57.5	59	70.5	23	55	74	50	81.5	65.5	73	24	57	71	99.5	37	39.5	22.5	84	43	37	63.5	72	85.5	25	45.5	41.5	97.5	71.5	61.5	86	23.5	93.5	64	66	47.5	0	75	85	78	44	90.5	69	43.5	94	9.5	23	98	26.5	36	18.5	71	53.5	87.5	80	36.5	44	31.5	89	6	
34.5	62.5	64	5	10	39	30	29.5	25.5	31.5	18	44.5	19	22	44	21.5	61.5	21.5	23.5	9	37	66.5	67	74	72.5	37	54	87.5	74	62	36.5	50.5	22.5	30.5	76.5	18.5	43.5	75	86.5	31.5	15	26.5	34.5	48	80.5	56	28.5	56	52	26.5	63	39	80	53	51	13.5	40.5	75	61.5	61.5	15	38	66.5	94	79.5	79	61.5	53.5	40	36.5	74	46	47	41	27.5	55.5	34	55	64	22	36.5	84	45.5	78.5	15	64	78	29.5	49	21.5	56	75.5	79.5	28.5	27.5	55.5	35	79.5	24.5	45	27	43.5	75	0	34	19	35	21.5	30	49.5	19	65.5	74	29	72.5	67	64.5	42	67.5	18.5	31	52.5	45	85.5	14	81	
14.5	52.5	66	29	40	31	20	15.5	39.5	8.5	18	40.5	39	28	16	33.5	73.5	23.5	21.5	39	53	48.5	63	66	52.5	43	24	67.5	66	48	28.5	20.5	32.5	14.5	58.5	36.5	31.5	85	58.5	13.5	21	28.5	40.5	32	50.5	54	26.5	54	38	28.5	57	41	50	23	59	41.5	34.5	65	31.5	73.5	35	22	68.5	66	65.5	61	43.5	41.5	40	28.5	76	44	23	49	17.5	29.5	26	75	36	28	18.5	56	59.5	76.5	35	56	62	35.5	21	18.5	74	49.5	55.5	16.5	27.5	25.5	1	75.5	20.5	35	33	51.5	85	34	0	17	55	33.5	30	55.5	15	85.5	76	21	72.5	63	80.5	28	37.5	26.5	19	62.5	55	55.5	20	79	
31.5	65.5	67	24	23	42	37	32.5	28.5	25.5	1	47.5	22	25	33	34.5	64.5	34.5	26.5	22	40	65.5	70	77	69.5	40	41	84.5	77	65	39.5	37.5	35.5	31.5	75.5	21.5	46.5	78	75.5	30.5	4	29.5	37.5	49	67.5	59	31.5	59	55	39.5	66	42	67	40	54	26.5	43.5	78	48.5	64.5	28	39	69.5	83	82.5	78	60.5	56.5	43	39.5	77	49	40	44	30.5	46.5	37	58	53	25	35.5	73	48.5	81.5	28	67	79	32.5	38	29.5	59	66.5	72.5	33.5	30.5	42.5	16	82.5	37.5	48	30	46.5	78	19	17	0	38	34.5	33	52.5	32	68.5	77	38	75.5	70	67.5	45	54.5	31.5	34	55.5	48	72.5	33	84	
65.5	31.5	33	40	39	28	59	58.5	19.5	55.5	37	18.5	18	31	43	50.5	30.5	50.5	37.5	38	2	35.5	36	43	41.5	16	35	56.5	43	31	30.5	36.5	51.5	44.5	45.5	22.5	27.5	44	55.5	45.5	34	30.5	18.5	27	51.5	25	32.5	25	17	55.5	32	18	49	34	20	42.5	24.5	44	32.5	30.5	44	37	35.5	63	48.5	48	30.5	22.5	19	30.5	43	11	36	6	41.5	29.5	33	24	33	31	65.5	53	14.5	47.5	44	33	47	23.5	38	45.5	25	44.5	48.5	57.5	31.5	31.5	54	48.5	53.5	24	26	12.5	44	35	55	38	0	50.5	29	18.5	54	34.5	43	58	41.5	36	33.5	31	36.5	47.5	40	21.5	14	56.5	49	50	
19	78	79.5	26.5	15.5	54.5	29.5	30	41	33	33.5	60	34.5	37.5	45.5	0	77	32	39	14.5	52.5	78	82.5	89.5	82	52.5	53.5	97	89.5	77.5	52	50	1	44	88	34	59	90.5	88	43	30.5	42	50	61.5	80	71.5	44	71.5	67.5	5	78.5	54.5	79.5	52.5	66.5	8	56	90.5	61	77	20.5	51.5	82	95.5	95	90.5	73	69	55.5	52	89.5	61.5	52.5	56.5	43	59	49.5	70.5	65.5	37.5	15	85.5	61	94	20.5	79.5	91.5	45	50.5	37	71.5	79	85	31	43	55	34.5	95	35	60.5	42.5	59	90.5	21.5	33.5	34.5	50.5	0	45.5	65	34.5	81	89.5	30.5	88	82.5	80	57.5	67	29	46.5	68	60.5	85	35.5	96.5	
40.5	56.5	58	35	34	33	46	41.5	19.5	34.5	32	38.5	11	26	14	45.5	55.5	45.5	32.5	33	31	54.5	61	68	58.5	31	30	73.5	68	54	30.5	26.5	46.5	35.5	64.5	17.5	37.5	69	64.5	34.5	29	25.5	28.5	38	56.5	50	27.5	50	44	50.5	57	33	56	29	45	37.5	34.5	69	37.5	55.5	39	8	60.5	72	71.5	67	49.5	47.5	34	30.5	68	40	29	35	36.5	35.5	4	49	42	26	44.5	62	39.5	72.5	39	58	68	23.5	27	40.5	50	55.5	61.5	42.5	26.5	31.5	31	73.5	46.5	39	3	37.5	69	30	30	33	29	45.5	0	43.5	41	59.5	68	47	66.5	61	58.5	34	43.5	42.5	35	46.5	39	61.5	44	75	
66	31	32.5	54.5	53.5	42.5	71.5	67	34	60	51.5	33	32.5	45.5	47.5	65	30	65	52	52.5	20.5	35	35.5	42.5	39	30.5	35.5	54	42.5	30.5	45	37	66	59	45	37	42	43.5	45	60	48.5	45	33	41.5	37	24.5	47	24.5	35.5	70	31.5	32.5	36.5	34.5	19.5	57	39	43.5	28	30	58.5	51.5	35	52.5	48	47.5	12	32	33.5	45	42.5	29.5	44.5	24.5	56	36	47.5	23.5	27.5	45.5	70	42.5	4	47	58.5	32.5	46.5	38	42.5	60	24.5	36	42	68	46	32	56.5	48	68	38.5	40.5	22	43.5	49.5	55.5	52.5	18.5	65	43.5	0	66.5	34	42.5	72.5	41	35.5	33	45.5	18	62	54.5	21	18.5	42	63.5	49.5	
15.5	63.5	77	14	29	42	21	16.5	44.5	14.5	33	51.5	38	39	27	34.5	80.5	24.5	32.5	28	56	59.5	74	77	63.5	54	35	78.5	77	59	39.5	31.5	33.5	25.5	69.5	37.5	42.5	94	69.5	24.5	34	39.5	51.5	43	61.5	65	37.5	65	49	29.5	68	52	61	34	70	32.5	45.5	76	42.5	80.5	34	33	79.5	77	76.5	72	54.5	52.5	51	39.5	87	55	34	60	28.5	40.5	37	74	47	39	19.5	67	64.5	87.5	34	67	73	46.5	32	24.5	75	60.5	66.5	17.5	38.5	36.5	16	86.5	21.5	46	44	62.5	94	19	15	32	54	34.5	41	66.5	0	84.5	87	22	83.5	74	83.5	39	48.5	27.5	30	71.5	64	66.5	5	90	
100	37	23.5	70.5	69.5	58.5	89.5	89	50	86	67.5	49	48.5	61.5	73.5	81	16	81	68	68.5	36.5	41	26.5	23.5	37	46.5	65.5	22	23.5	41.5	61	69	82	75	31	53	58	9.5	31	76	64.5	61	49	57.5	39	35.5	63	35.5	51.5	86	32.5	48.5	39.5	66.5	30.5	73	55	24.5	58	16	74.5	67.5	21	28.5	24	28.5	46	48	49.5	61	13.5	45.5	66.5	40.5	72	60	63.5	14.5	53.5	61.5	96	33.5	30	13	74.5	33.5	27.5	54	68.5	76	15.5	40	34	88	62	64	84.5	14	84	54.5	56.5	38	9.5	65.5	85.5	68.5	34.5	81	59.5	34	84.5	0	13.5	88.5	17	26.5	9	61.5	52	78	70.5	27	34.5	34	79.5	15.5	
86.5	45.5	32	79	78	67	92	87.5	58.5	80.5	76	57.5	57	70	68	89.5	24.5	89.5	76.5	77	45	45.5	35	32	39.5	55	56	29.5	32	50	69.5	57.5	90.5	81.5	35.5	61.5	66.5	23	25.5	80.5	73	69.5	57.5	64	27.5	44	71.5	44	60	94.5	41	57	32	55	39	81.5	63.5	33	48.5	24.5	83	74	29.5	28	32.5	33	50.5	56.5	58	69.5	0	54	65	49	80.5	56.5	72	23	48	70	90.5	28	38.5	26.5	83	42	34	62.5	63	84.5	24	36.5	32.5	88.5	70.5	52.5	77	27.5	92.5	63	65	46.5	23	74	76	77	43	89.5	68	42.5	87	13.5	0	93	25.5	35	17.5	70	44.5	86.5	79	35.5	43	22.5	88	29	
11.5	69.5	83	34	19	48	1	17.5	48.5	20.5	39	57.5	42	45	33	30.5	84.5	25.5	38.5	20	60	65.5	80	83	69.5	60	41	84.5	83	65	45.5	37.5	29.5	31.5	75.5	41.5	48.5	98	75.5	30.5	38	45.5	57.5	49	67.5	71	43.5	71	55	25.5	74	58	67	40	74	26.5	51.5	82	48.5	84.5	14	39	85.5	83	82.5	78	60.5	58.5	57	45.5	93	61	40	64	34.5	46.5	43	78	53	45	15.5	73	68.5	93.5	14	73	79	52.5	38	30.5	79	66.5	72.5	18.5	44.5	42.5	22	92.5	22.5	52	50	66.5	98	29	21	38	58	30.5	47	72.5	22	88.5	93	0	89.5	80	87.5	45	54.5	28.5	36	75.5	68	72.5	27	96	
83	44	30.5	77.5	76.5	65.5	88.5	84	57	77	74.5	56	55.5	68.5	64.5	88	23	88	75	75.5	43.5	42	33.5	30.5	36	53.5	52.5	31	30.5	46.5	68	54	89	78	32	60	65	26.5	14	77	71.5	68	56	60.5	24	42.5	70	42.5	56.5	93	39.5	55.5	28.5	51.5	37.5	80	62	31.5	45	23	81.5	70.5	28	29.5	7	29.5	47	55	56.5	68	25.5	52.5	61.5	47.5	79	53	70.5	21.5	44.5	68.5	87	24.5	37	30	81.5	40.5	30.5	61	59.5	83	22.5	33	29	85	69	49	73.5	31	89	61.5	63.5	45	26.5	72.5	72.5	75.5	41.5	88	66.5	41	83.5	17	25.5	89.5	0	33.5	8	66.5	41	85	77.5	34	41.5	17	86.5	32.5	
73.5	36.5	3	72	71	60	79	74.5	51.5	67.5	69	50.5	50	63	55	82.5	22.5	82.5	69.5	70	38	32.5	0	35	26.5	48	43	36.5	35	37	62.5	44.5	83.5	68.5	27.5	54.5	55.5	36	27.5	67.5	66	62.5	50.5	51	19.5	37	64.5	37	47	87.5	34	50	13	42	32	74.5	56.5	34	35.5	22.5	76	61	27.5	35	34.5	30	37.5	45.5	51	62.5	35	47	52	42	71.5	43.5	65	12	35	63	77.5	25	31.5	39.5	76	35	31	55.5	50	77.5	11	23.5	24.5	75.5	63.5	39.5	64	40.5	79.5	54	58	39.5	36	67	63	70	36	82.5	61	35.5	74	26.5	35	80	33.5	0	25.5	57	31.5	79.5	68	28.5	36	24.5	79	42	
91	36	22.5	69.5	68.5	57.5	88.5	88	49	85	66.5	48	47.5	60.5	72.5	80	15	80	67	67.5	35.5	40	25.5	22.5	36	45.5	60.5	31	22.5	40.5	60	62	81	74	30	52	57	18.5	22	75	63.5	60	48	56.5	32	34.5	62	34.5	50.5	85	31.5	47.5	36.5	59.5	29.5	72	54	23.5	53	15	73.5	66.5	20	37.5	15	27.5	45	47	48.5	60	17.5	44.5	65.5	39.5	71	59	62.5	13.5	52.5	60.5	95	32.5	29	22	73.5	32.5	26.5	53	67.5	75	14.5	39	33	87	61	57	81.5	23	83	53.5	55.5	37	18.5	64.5	80.5	67.5	33.5	80	58.5	33	83.5	9	17.5	87.5	8	25.5	0	60.5	49	77	69.5	26	33.5	25	78.5	24.5	
38.5	46.5	60	47	46	3	44	39.5	26.5	32.5	44	34.5	25	38	20	57.5	57.5	47.5	40.5	45	33	42.5	57	60	46.5	33	18	61.5	60	42	27.5	14.5	56.5	33.5	52.5	29.5	25.5	71	52.5	32.5	41	37.5	30.5	26	44.5	48	35.5	48	32	52.5	51	35	44	17	47	49.5	28.5	59	25.5	57.5	51	26	62.5	60	59.5	55	37.5	35.5	34	27.5	70	38	5	37	36.5	23.5	30	51	30	38	42.5	50	41.5	70.5	51	50	56	30.5	7	42.5	52	43.5	49.5	40.5	36.5	19.5	29	69.5	44.5	29	33	39.5	71	42	28	45	31	57.5	34	45.5	39	61.5	70	45	66.5	57	60.5	0	31.5	50.5	33	48.5	41	49.5	44	73	
48	21	34.5	62.5	71.5	34.5	53.5	49	48	42	55.5	29	50.5	51.5	29.5	67	42	57	50	70.5	36.5	17	31.5	34.5	21	36.5	17.5	36	34.5	16.5	37	19	66	43	27	55	30	53.5	27	42	58.5	47	39	25.5	19	22.5	45	22.5	21.5	62	25.5	34.5	18.5	16.5	27.5	75	33	33.5	10	42	68.5	35.5	37	34.5	34	29.5	6	20	33.5	37	44.5	27.5	26.5	32.5	46	18	39.5	41.5	9.5	51.5	52	24.5	22	45	68.5	24.5	30.5	44	24.5	52	42.5	18	24	50	46	14	38.5	44	54	28.5	46.5	30	53.5	67.5	37.5	54.5	36.5	67	43.5	18	48.5	52	44.5	54.5	41	31.5	49	31.5	0	60	42.5	31	28.5	24	53.5	47.5	
22	75	76.5	23.5	17.5	51.5	27.5	11	38	26	30.5	57	31.5	34.5	38.5	29	74	3	36	16.5	49.5	71	79.5	86.5	75	49.5	46.5	90	86.5	70.5	49	43	30	37	81	31	54	87.5	81	36	27.5	39	47	54.5	73	68.5	41	68.5	60.5	34	75.5	51.5	72.5	45.5	63.5	21	53	87.5	54	74	22.5	44.5	79	88.5	88	83.5	66	64	52.5	49	86.5	58.5	45.5	53.5	40	52	46.5	67.5	58.5	34.5	26	78.5	58	91	22.5	76.5	84.5	42	43.5	34	68.5	72	78	10	40	48	27.5	92	6	57.5	39.5	56	87.5	18.5	26.5	31.5	47.5	29	42.5	62	27.5	78	86.5	28.5	85	79.5	77	50.5	60	0	41.5	65	57.5	78	32.5	93.5	
29.5	57.5	69	36	35	36	35	30.5	30.5	23.5	33	45.5	24	9	21	46.5	66.5	38.5	31.5	34	42	53.5	68	71	57.5	42	29	72.5	71	53	33.5	25.5	47.5	24.5	63.5	23.5	36.5	80	63.5	23.5	30	31.5	39.5	37	55.5	59	31.5	59	43	43.5	62	44	55	28	56	38.5	39.5	70	36.5	66.5	40	27	71.5	71	70.5	66	48.5	46.5	45	33.5	79	49	28	46	27.5	34.5	31	60	41	9	33.5	61	50.5	81.5	40	61	67	34.5	26	33.5	61	54.5	60.5	31.5	32.5	30.5	20	80.5	35.5	40	32	48.5	80	31	19	34	40	46.5	35	54.5	30	70.5	79	36	77.5	68	69.5	33	42.5	41.5	0	57.5	50	60.5	35	84	
73	10	25.5	57.5	56.5	45.5	76.5	74	37	67	54.5	36	35.5	48.5	54.5	68	23	68	55	55.5	23.5	14	28.5	35.5	34	33.5	42.5	49	35.5	28.5	48	44	69	62	38	40	45	36.5	42	63	51.5	48	36	44.5	34	22.5	50	22.5	38.5	73	24.5	35.5	33.5	41.5	17.5	60	42	36.5	35	23	61.5	54.5	28	49.5	41	40.5	33	35	36.5	48	35.5	32.5	51.5	27.5	59	43	50.5	16.5	34.5	48.5	77	39.5	17	40	61.5	25.5	39.5	41	49.5	63	17.5	33	39	75	49	39	63.5	41	71	41.5	43.5	25	36.5	52.5	62.5	55.5	21.5	68	46.5	21	71.5	27	35.5	75.5	34	28.5	26	48.5	31	65	57.5	0	21.5	39	66.5	42.5	
65.5	31.5	33	50	49	38	69	66.5	29.5	59.5	47	28.5	28	41	47	60.5	30.5	60.5	47.5	48	16	35.5	36	43	41.5	26	35	56.5	43	31	40.5	36.5	61.5	54.5	45.5	32.5	37.5	44	49.5	55.5	44	40.5	28.5	37	41.5	25	42.5	25	31	65.5	32	28	41	34	20	52.5	34.5	44	27.5	30.5	54	47	35.5	57	48.5	48	30.5	27.5	29	40.5	43	25	44	20	51.5	35.5	43	24	19	41	69.5	47	14.5	47.5	54	33	47	33.5	42	55.5	25	40.5	46.5	67.5	41.5	31.5	56	48.5	63.5	34	36	17.5	44	45	55	48	14	60.5	39	18.5	64	34.5	43	68	41.5	36	33.5	41	28.5	57.5	50	21.5	0	46.5	59	50	
66	29	27.5	80.5	91.5	52.5	71.5	67	66	60	73.5	47	72.5	69.5	47.5	85	30	75	68	92.5	54.5	25	24.5	17.5	19	54.5	35.5	14	17.5	29.5	55	37	84	61	15	73	48	31.5	3	60	76.5	65	57	43.5	7	35.5	63	35.5	39.5	80	28.5	52.5	11.5	34.5	40.5	93	51	16.5	28	30	86.5	53.5	25	12.5	10	12.5	30	38	51.5	55	22.5	45.5	44.5	50.5	64	36	57.5	36.5	27.5	69.5	70	7.5	46	23	86.5	27.5	13.5	62	42.5	70	35.5	16	12	68	64	32	56.5	22	72	46.5	64.5	48	31.5	85.5	55.5	72.5	56.5	85	61.5	42	66.5	34	22.5	72.5	17	24.5	25	49.5	24	78	60.5	39	46.5	0	71.5	25.5	
20.5	68.5	78	9	24	47	26	21.5	39.5	19.5	32	56.5	33	36	32	35.5	75.5	29.5	37.5	23	51	64.5	79	82	68.5	51	40	83.5	82	64	44.5	36.5	36.5	30.5	74.5	32.5	47.5	89	74.5	29.5	29	40.5	48.5	48	66.5	70	42.5	70	54	34.5	73	53	66	39	65	27.5	50.5	81	47.5	75.5	29	38	80.5	82	81.5	77	59.5	57.5	54	44.5	88	60	39	55	33.5	45.5	42	69	52	36	24.5	72	59.5	92.5	29	72	78	43.5	37	29.5	70	65.5	71.5	22.5	41.5	41.5	21	91.5	26.5	51	41	57.5	89	14	20	33	49	35.5	44	63.5	5	79.5	88	27	86.5	79	78.5	44	53.5	32.5	35	66.5	59	71.5	0	95	
89.5	52.5	39	86	85	74	95	90.5	65.5	83.5	83	64.5	64	77	71	96.5	31.5	96.5	83.5	84	52	48.5	42	39	42.5	62	59	27.5	39	53	76.5	60.5	97.5	84.5	38.5	68.5	71.5	6	28.5	83.5	80	76.5	64.5	67	30.5	51	78.5	51	63	101.5	48	64	35	58	46	88.5	70.5	40	51.5	31.5	90	77	36.5	13	35.5	36	53.5	61.5	65	76.5	29	61	68	56	87.5	59.5	79	30	51	77	93.5	31	45.5	28.5	90	49	37	69.5	66	91.5	31	39.5	35.5	91.5	77.5	55.5	80	29.5	95.5	70	72	53.5	6	81	79	84	50	96.5	75	49.5	90	15.5	29	96	32.5	42	24.5	73	47.5	93.5	84	42.5	50	25.5	95	0	
