Number of items: 125
Horizon: 9
Time limit: 1000
Load limit: 7500
Initial item inventory level
48
67
43
22
186
64
152
147
24
132
246
219
288
132
246
180
87
128
194
148
195
24
52
14
39
84
26
87
31
86
177
36
134
270
44
20
273
270
12
53
170
40
93
71
47
129
32
219
158
20
153
186
252
23
192
124
240
60
34
54
192
57
90
82
132
40
22
67
216
135
19
148
138
78
26
63
198
159
183
102
129
23
20
45
135
39
42
13
90
75
138
73
78
57
32
49
108
159
184
60
291
108
10
30
88
104
58
31
231
198
267
146
57
246
146
48
88
122
33
78
33
150
44
78
102
Maximum inventory capacity per item
64
134
86
44
248
96
228
196
48
176
328
292
384
176
328
240
116
192
291
222
260
48
78
28
78
168
52
116
62
129
236
48
201
360
88
30
364
360
24
106
255
80
186
142
94
172
48
292
237
30
204
248
336
46
256
186
320
90
68
108
288
114
120
164
176
60
44
134
288
180
38
222
184
104
52
126
264
212
244
153
172
46
40
60
180
78
56
26
135
150
184
146
117
76
48
98
144
212
276
80
388
144
20
40
176
156
116
62
308
264
356
219
76
328
219
96
132
183
66
117
44
200
88
117
153
Reserve storage replenishment rate per item and per period
96	0	0	96	0	0	96	0	0	
402	0	0	402	0	0	402	0	0	
258	0	0	258	0	0	258	0	0	
132	0	0	132	0	0	132	0	0	
372	0	0	372	0	0	372	0	0	
192	0	0	192	0	0	192	0	0	
456	0	0	456	0	0	456	0	0	
294	0	0	294	0	0	294	0	0	
144	0	0	144	0	0	144	0	0	
264	0	0	264	0	0	264	0	0	
492	0	0	492	0	0	492	0	0	
438	0	0	438	0	0	438	0	0	
576	0	0	576	0	0	576	0	0	
264	0	0	264	0	0	264	0	0	
492	0	0	492	0	0	492	0	0	
360	0	0	360	0	0	360	0	0	
174	0	0	174	0	0	174	0	0	
384	0	0	384	0	0	384	0	0	
582	0	0	582	0	0	582	0	0	
444	0	0	444	0	0	444	0	0	
390	0	0	390	0	0	390	0	0	
144	0	0	144	0	0	144	0	0	
156	0	0	156	0	0	156	0	0	
84	0	0	84	0	0	84	0	0	
234	0	0	234	0	0	234	0	0	
504	0	0	504	0	0	504	0	0	
156	0	0	156	0	0	156	0	0	
174	0	0	174	0	0	174	0	0	
186	0	0	186	0	0	186	0	0	
258	0	0	258	0	0	258	0	0	
354	0	0	354	0	0	354	0	0	
72	0	0	72	0	0	72	0	0	
402	0	0	402	0	0	402	0	0	
540	0	0	540	0	0	540	0	0	
264	0	0	264	0	0	264	0	0	
60	0	0	60	0	0	60	0	0	
546	0	0	546	0	0	546	0	0	
540	0	0	540	0	0	540	0	0	
72	0	0	72	0	0	72	0	0	
318	0	0	318	0	0	318	0	0	
510	0	0	510	0	0	510	0	0	
240	0	0	240	0	0	240	0	0	
558	0	0	558	0	0	558	0	0	
426	0	0	426	0	0	426	0	0	
282	0	0	282	0	0	282	0	0	
258	0	0	258	0	0	258	0	0	
96	0	0	96	0	0	96	0	0	
438	0	0	438	0	0	438	0	0	
474	0	0	474	0	0	474	0	0	
60	0	0	60	0	0	60	0	0	
306	0	0	306	0	0	306	0	0	
372	0	0	372	0	0	372	0	0	
504	0	0	504	0	0	504	0	0	
138	0	0	138	0	0	138	0	0	
384	0	0	384	0	0	384	0	0	
372	0	0	372	0	0	372	0	0	
480	0	0	480	0	0	480	0	0	
180	0	0	180	0	0	180	0	0	
204	0	0	204	0	0	204	0	0	
324	0	0	324	0	0	324	0	0	
576	0	0	576	0	0	576	0	0	
342	0	0	342	0	0	342	0	0	
180	0	0	180	0	0	180	0	0	
492	0	0	492	0	0	492	0	0	
264	0	0	264	0	0	264	0	0	
120	0	0	120	0	0	120	0	0	
132	0	0	132	0	0	132	0	0	
402	0	0	402	0	0	402	0	0	
432	0	0	432	0	0	432	0	0	
270	0	0	270	0	0	270	0	0	
114	0	0	114	0	0	114	0	0	
444	0	0	444	0	0	444	0	0	
276	0	0	276	0	0	276	0	0	
156	0	0	156	0	0	156	0	0	
156	0	0	156	0	0	156	0	0	
378	0	0	378	0	0	378	0	0	
396	0	0	396	0	0	396	0	0	
318	0	0	318	0	0	318	0	0	
366	0	0	366	0	0	366	0	0	
306	0	0	306	0	0	306	0	0	
258	0	0	258	0	0	258	0	0	
138	0	0	138	0	0	138	0	0	
120	0	0	120	0	0	120	0	0	
90	0	0	90	0	0	90	0	0	
270	0	0	270	0	0	270	0	0	
234	0	0	234	0	0	234	0	0	
84	0	0	84	0	0	84	0	0	
78	0	0	78	0	0	78	0	0	
270	0	0	270	0	0	270	0	0	
450	0	0	450	0	0	450	0	0	
276	0	0	276	0	0	276	0	0	
438	0	0	438	0	0	438	0	0	
234	0	0	234	0	0	234	0	0	
114	0	0	114	0	0	114	0	0	
96	0	0	96	0	0	96	0	0	
294	0	0	294	0	0	294	0	0	
216	0	0	216	0	0	216	0	0	
318	0	0	318	0	0	318	0	0	
552	0	0	552	0	0	552	0	0	
120	0	0	120	0	0	120	0	0	
582	0	0	582	0	0	582	0	0	
216	0	0	216	0	0	216	0	0	
60	0	0	60	0	0	60	0	0	
60	0	0	60	0	0	60	0	0	
528	0	0	528	0	0	528	0	0	
312	0	0	312	0	0	312	0	0	
348	0	0	348	0	0	348	0	0	
186	0	0	186	0	0	186	0	0	
462	0	0	462	0	0	462	0	0	
396	0	0	396	0	0	396	0	0	
534	0	0	534	0	0	534	0	0	
438	0	0	438	0	0	438	0	0	
114	0	0	114	0	0	114	0	0	
492	0	0	492	0	0	492	0	0	
438	0	0	438	0	0	438	0	0	
288	0	0	288	0	0	288	0	0	
264	0	0	264	0	0	264	0	0	
366	0	0	366	0	0	366	0	0	
198	0	0	198	0	0	198	0	0	
234	0	0	234	0	0	234	0	0	
66	0	0	66	0	0	66	0	0	
300	0	0	300	0	0	300	0	0	
264	0	0	264	0	0	264	0	0	
234	0	0	234	0	0	234	0	0	
306	0	0	306	0	0	306	0	0	
Forward storage demand rate per item and per period
16	21	16	16	11	17	5	19	20	
67	64	74	83	48	83	72	58	56	
43	42	34	50	45	48	29	32	54	
22	24	26	13	15	25	13	24	15	
62	99	56	48	73	10	69	59	81	
32	47	51	47	31	29	50	7	25	
76	113	76	45	118	97	47	32	136	
49	7	55	70	63	55	60	47	59	
24	23	39	38	37	46	30	12	18	
44	64	30	47	29	78	25	46	59	
82	92	46	32	64	94	80	94	50	
73	41	117	29	67	80	73	91	47	
96	125	100	62	55	127	91	74	91	
44	10	59	44	41	7	52	87	36	
82	136	92	112	54	104	78	63	80	
60	32	70	65	68	60	41	44	14	
29	27	10	41	31	23	20	35	10	
64	95	104	76	86	72	54	73	101	
97	61	174	85	33	105	31	154	164	
74	136	45	74	76	110	139	24	90	
65	75	38	48	51	46	34	37	22	
24	23	20	10	11	20	32	38	23	
26	34	13	16	31	27	14	25	29	
14	27	11	18	20	15	16	5	1	
39	42	34	14	57	16	40	10	73	
84	136	80	123	69	11	149	38	50	
26	18	23	20	14	27	20	9	24	
29	16	49	26	7	42	17	28	23	
31	30	54	13	51	39	25	25	19	
43	35	22	42	16	59	71	39	35	
59	25	100	63	68	49	55	82	15	
12	11	11	9	13	12	14	10	7	
67	18	89	41	75	30	36	82	50	
90	46	56	56	103	124	113	105	107	
44	54	42	47	47	1	84	41	31	
10	13	1	13	11	15	6	8	16	
91	120	89	90	117	63	80	134	42	
90	38	49	114	101	76	33	161	50	
12	15	5	11	14	12	9	14	18	
53	58	19	21	67	60	39	53	22	
85	28	73	93	40	91	110	66	113	
40	17	63	73	41	40	63	22	27	
93	111	21	118	125	88	69	121	77	
71	41	81	21	74	84	33	127	120	
47	41	24	69	40	21	56	88	63	
43	63	46	41	33	24	21	44	38	
16	19	26	7	17	10	25	3	16	
73	80	24	32	75	63	112	114	61	
79	72	95	90	53	58	126	36	90	
10	2	10	8	11	18	5	6	6	
51	67	23	63	79	44	93	35	63	
62	83	48	63	86	87	93	43	68	
84	88	49	91	49	64	84	76	121	
23	12	19	31	9	18	42	25	13	
64	52	41	55	96	38	64	93	83	
62	90	69	24	51	52	77	100	66	
80	77	72	59	43	42	76	101	95	
30	24	8	40	17	35	9	48	33	
34	39	29	6	43	44	46	47	38	
54	30	84	81	90	45	45	80	46	
96	39	49	39	61	95	113	28	101	
57	59	100	67	29	18	66	56	12	
30	51	19	43	33	10	18	30	55	
82	121	103	57	48	11	83	98	42	
44	57	29	45	46	69	17	34	59	
20	8	15	21	4	21	30	24	16	
22	20	18	28	30	23	16	32	14	
67	47	22	90	94	76	47	58	121	
72	105	91	79	46	70	98	123	113	
45	70	54	21	84	10	49	30	62	
19	24	31	8	8	15	35	3	30	
74	29	119	66	72	53	128	85	67	
46	61	30	38	90	48	62	42	29	
26	15	22	24	20	17	46	34	30	
26	11	28	22	33	46	34	16	23	
63	32	100	27	21	98	75	93	27	
66	113	110	87	23	42	21	92	71	
53	31	96	60	57	79	61	37	28	
61	63	64	77	48	61	26	63	5	
51	78	64	48	63	46	51	40	47	
43	58	22	36	44	25	45	51	20	
23	25	27	11	16	15	34	12	26	
20	18	12	16	13	23	22	30	26	
15	10	22	17	23	12	14	9	10	
45	6	12	34	43	6	36	53	31	
39	54	34	28	25	68	18	34	19	
14	17	12	15	18	17	15	10	14	
13	19	19	14	16	11	9	3	3	
45	51	20	66	63	51	37	44	6	
75	95	74	91	66	52	78	125	109	
46	38	32	53	59	12	38	76	31	
73	95	60	107	95	49	59	37	120	
39	21	49	64	65	8	37	30	48	
19	32	18	24	23	19	20	4	11	
16	19	20	13	16	11	29	23	22	
49	45	59	58	26	59	66	56	82	
36	40	16	36	34	57	40	40	12	
53	26	48	53	52	49	45	89	52	
92	54	155	133	86	160	92	104	58	
20	28	9	1	33	28	12	14	16	
97	86	154	175	101	104	78	163	88	
36	36	34	52	24	47	57	12	42	
10	8	13	7	12	8	10	10	4	
10	7	13	12	6	11	10	8	9	
88	86	102	79	137	147	50	105	69	
52	20	83	79	78	96	80	36	47	
58	33	40	58	76	53	94	55	36	
31	38	32	41	38	31	43	38	55	
77	93	134	79	107	88	83	91	13	
66	62	37	49	106	109	40	64	20	
89	98	137	58	104	116	83	74	85	
73	56	62	31	123	53	53	112	100	
19	30	10	21	20	1	22	15	24	
82	39	64	129	108	147	11	62	75	
73	108	62	80	60	55	137	121	39	
48	38	29	54	29	17	41	23	38	
44	72	51	47	42	43	43	57	21	
61	62	71	78	92	84	40	48	12	
33	33	34	51	4	35	32	35	20	
39	30	49	71	30	30	46	25	28	
11	8	6	10	21	16	11	4	16	
50	52	49	37	49	66	19	40	74	
44	30	55	26	43	27	76	46	16	
39	32	51	9	60	21	54	39	16	
51	44	47	24	49	25	56	56	76	
Distance matrix
0	18.5	29	51.5	38.5	43.5	32	97.5	63	25.5	51	24	92	72	23.5	71.5	84.5	30	48.5	50	53	46	37.5	72.5	61	38.5	25.5	30	40.5	98.5	88.5	90	26.5	57	74	48.5	74.5	79	67.5	9	60	65	70	89	57.5	36.5	89	62	41	30.5	42	71.5	65.5	62.5	53.5	43.5	59	18	40.5	43.5	43	37	10	68.5	76.5	81	82	43	59	67.5	92	31	46.5	56	59.5	80	48.5	79.5	12	55.5	92	63	36	12	64.5	68.5	56	35	64	47.5	55	56.5	53.5	66.5	49.5	80	1	56.5	52	54.5	31	56.5	81	8	79.5	66	30	46.5	25.5	15.5	40	26.5	53.5	52	36	27	11	74	41	35	45	56.5	18.5	43.5	40.5	54.5	
18.5	0	32.5	35	38	47	35.5	89	66.5	31	54.5	32.5	79.5	59.5	33	75	88	33.5	52	41.5	56.5	45.5	29	54	50.5	42	29	26.5	26	88	92	81.5	30	60.5	57.5	52	62	82.5	71	17.5	63.5	56.5	73.5	72.5	39	40	92.5	65.5	30.5	34	45.5	75	69	64	43	47	62.5	36.5	44	47	28.5	34.5	18.5	68	80	84.5	79.5	38.5	62.5	69	89.5	34.5	50	55.5	47	83.5	52	83	15.5	59	79.5	48.5	39.5	30.5	68	72	55.5	38.5	47.5	39	58.5	40	57	70	47	83.5	19.5	50	55.5	58	34.5	60	80.5	26.5	77	69.5	33.5	50	29	29	31.5	30	57	55.5	39.5	30.5	29.5	57.5	44.5	38.5	26.5	60	32	43	44	58	
29	32.5	0	29.5	32.5	22.5	31	76.5	42	49.5	30	43	69	49	47.5	50.5	63.5	1	27.5	21	32	17	41.5	43.5	40	17.5	9.5	49	40.5	77.5	67.5	69	30.5	36	47	27.5	51.5	58	46.5	28	39	44	49	62	28.5	15.5	68	41	40	14.5	13	50.5	44.5	41.5	32.5	22.5	38	47	24.5	22.5	38	36	29	47.5	55.5	60	61	32	38	46.5	71	20	25.5	35	36.5	59	27.5	58.5	21	34.5	69	38	15	41	43.5	47.5	35	24	37	31.5	34	29.5	32.5	45.5	28.5	59	30	35.5	31	33.5	20	35.5	60	37	58.5	45	19	25.5	29.5	39.5	39	50.5	32.5	31	15	36	40	47	20	6	36	35.5	42.5	27.5	19.5	33.5	
51.5	35	29.5	0	15	40	21.5	56	35.5	28	37.5	29.5	46.5	26.5	30	72	69	28.5	55	8.5	55.5	12.5	16	21	17.5	45	26	23.5	13	55	65	48.5	27	31.5	24.5	55	29	59.5	66	44.5	58.5	23.5	58.5	39.5	6	27	59.5	46.5	12.5	21	16.5	62	68	31	10	50	29.5	35.5	11	30	10.5	16.5	43.5	35	67	57.5	46.5	10.5	39.5	36	56.5	22.5	47	22.5	14	58.5	25	64	41.5	58	46.5	15.5	42.5	41.5	39	75	22.5	18.5	14.5	4	53.5	7	60	37	14	58.5	52.5	17	56.5	49	22.5	57	47.5	45.5	44	72.5	23.5	37	28	38	13.5	27	50	36.5	42.5	26.5	42.5	24.5	27.5	23.5	8.5	57	35	8	43	39	
38.5	38	32.5	15	0	47	24.5	69	48.5	31	50.5	32.5	59.5	39.5	33	75	82	33.5	52	21.5	56.5	25.5	19	34	30.5	42	29	26.5	16	68	78	61.5	30	44.5	37.5	52	42	72.5	71	37.5	63.5	36.5	71.5	52.5	19	40	72.5	59.5	15.5	34	29.5	75	69	44	23	47	42.5	38.5	26	43	13.5	19.5	38.5	48	80	70.5	59.5	18.5	52.5	49	69.5	30.5	50	35.5	27	71.5	38	77	30.5	59	59.5	28.5	39.5	44.5	52	72	35.5	26.5	27.5	19	58.5	20	57	50	27	71.5	39.5	30	55.5	58	30.5	60	60.5	46.5	57	69.5	31.5	50	31	41	16.5	30	57	49.5	39.5	29.5	45.5	37.5	40.5	36.5	11.5	60	38	23	44	52	
43.5	47	22.5	40	47	0	45.5	64	31.5	64	19.5	57.5	54.5	34.5	62	40	53	23.5	17	41.5	21.5	39.5	54	29	30.5	5	24	61.5	51	63	57	56.5	45	25.5	32.5	17	37	47.5	36	42.5	28.5	31.5	38.5	47.5	34	25	57.5	30.5	50.5	29	35.5	40	34	31	38	12	27.5	61.5	39	22	48.5	50.5	43.5	37	45	49.5	50.5	46.5	27.5	36	60.5	34.5	15	29.5	32	48.5	27	48	35.5	24	54.5	28.5	9.5	55.5	33	37	29.5	38.5	27.5	44	23.5	35	22	35	38	48.5	44.5	35	20.5	23	34.5	25	49.5	51.5	48	34.5	33.5	3	44	54	51.5	65	22	20.5	9.5	50.5	54.5	32.5	24.5	28.5	46.5	25	57	42	3	23	
32	35.5	31	21.5	24.5	45.5	0	75.5	55	32.5	53	34	66	46	34.5	73.5	86.5	32	50.5	28	55	32	20.5	40.5	37	40.5	27.5	28	17.5	74.5	84.5	68	31.5	51	44	50.5	48.5	79	69.5	31	62	43	72	59	25.5	38.5	79	64	9	32.5	36	73.5	67.5	50.5	29.5	45.5	49	40	32.5	45.5	11	5	32	54.5	78.5	77	66	25	59	55.5	76	33	48.5	42	33.5	78	44.5	81.5	24	57.5	66	35	38	44	58.5	70.5	42	33	34	25.5	57	26.5	55.5	56.5	33.5	78	33	36.5	54	56.5	33	58.5	67	40	63.5	68	32	48.5	32.5	42.5	8	31.5	55.5	54	38	31	43	44	43	37	13	58.5	39.5	29.5	42.5	56.5	
97.5	89	76.5	56	69	64	75.5	0	44.5	82	56.5	83.5	15.5	35.5	84	34	13	77.5	51	57.5	50.5	61.5	70	35	46.5	61	78	77.5	67	1	9	17.5	81	50.5	33.5	51	33	28.5	40	96.5	47.5	42.5	37.5	18.5	50	71	18.5	45.5	66.5	77	65.5	36	38	45	54	56	48.5	89.5	67	64	64.5	70.5	97.5	39	31	26.5	25.5	64.5	48.5	40	15.5	76.5	59	51.5	48	27.5	59	28	89.5	48	15.5	44.5	63.5	95.5	43	31	51.5	72.5	43.5	60	52.5	51	46	41	58	27.5	98.5	51	49.5	53	76.5	49	26.5	99.5	28	33.5	77.5	61	82	92	67.5	81	54	55.5	63.5	80.5	96.5	33.5	66.5	72.5	62.5	49	89	64	63	53	
63	66.5	42	35.5	48.5	31.5	55	44.5	0	61.5	34	63	35	9	63.5	44.5	57.5	43	21.5	37	26	41	49.5	14.5	26	26.5	43.5	57	46.5	43.5	53.5	37	60.5	30	11	21.5	17.5	48	40.5	62	33	22	43	28	29.5	44.5	48	35	46	48.5	45	44.5	38.5	24.5	33.5	21.5	28	69	46.5	41.5	44	50	63	23.5	49.5	46	35	44	4	24.5	45	54	24.5	31	27.5	47	38.5	52.5	55	28.5	35	24	29	75	27.5	41.5	31	52	23	39.5	28	30.5	26.5	25.5	37.5	47	64	30.5	25	27.5	54	29.5	36	71	32.5	39	53	34.5	61.5	71.5	47	60.5	26.5	35	29	60	74	11	44	48	42	29.5	68.5	43.5	28.5	32.5	
25.5	31	49.5	28	31	64	32.5	82	61.5	0	63.5	20.5	72.5	52.5	2	92	95	50.5	69	34.5	73.5	38.5	22	47	43.5	59	46	14.5	19	81	91	74.5	33	57.5	50.5	69	55	85.5	88	29.5	80.5	49.5	84.5	65.5	32	53	85.5	72.5	23.5	49	42.5	88	86	57	36	64	55.5	21.5	39	56	21.5	27.5	30.5	61	93	83.5	72.5	31.5	65.5	62	82.5	43.5	67	48.5	40	84.5	51	90	32.5	76	72.5	41.5	56.5	27.5	65	89	48.5	39.5	40.5	32	75.5	33	74	63	40	84.5	26.5	43	72.5	75	43.5	77	73.5	31.5	70	86.5	44.5	63	34	10	24.5	1	74	62.5	56.5	27.5	28.5	50.5	53.5	49.5	19.5	77	7	36	61	65	
51	54.5	30	37.5	50.5	19.5	53	56.5	34	63.5	0	65	47	27	65.5	42.5	55.5	31	19.5	39	24	43	51.5	21.5	28	14.5	31.5	59	48.5	55.5	59.5	49	52.5	6	25	19.5	29.5	50	38.5	50	31	14	41	40	31.5	32.5	60	33	48	36.5	43	42.5	36.5	31.5	35.5	14.5	8	69	46.5	29.5	46	52	51	35.5	47.5	52	47	46	30	36.5	57	42	17.5	33	29.5	51	34.5	50.5	43	26.5	47	26	17	63	35.5	39.5	33	46	25	41.5	26	32.5	24.5	37.5	39.5	51	52	32.5	23	25.5	42	27.5	48	59	44.5	37	41	22.5	51.5	61.5	49	62.5	24.5	1	17	58	62	25	32	36	44	27.5	64.5	45.5	16.5	25.5	
24	32.5	43	29.5	32.5	57.5	34	83.5	63	20.5	65	0	74	54	22.5	85.5	96.5	44	62.5	36	67	40	23.5	48.5	45	52.5	39.5	6	20.5	82.5	92.5	76	34.5	59	52	62.5	56.5	87	81.5	15	74	51	84	67	33.5	50.5	87	74	25	44.5	44	85.5	79.5	58.5	37.5	57.5	57	28	40.5	57.5	23	29	14	62.5	90.5	85	74	33	67	63.5	84	45	60.5	50	41.5	86	52.5	91.5	26	69.5	74	43	50	34	66.5	82.5	50	41	42	33.5	69	34.5	67.5	64.5	41.5	86	25	44.5	66	68.5	45	70.5	75	32	71.5	80	44	60.5	35.5	30.5	26	19.5	67.5	64	50	29	35	52	55	49	21	70.5	27.5	37.5	54.5	66.5	
92	79.5	69	46.5	59.5	54.5	66	15.5	35	72.5	47	74	0	26	74.5	31.5	28.5	68	45.5	48	45	52	60.5	25.5	37	55.5	72.5	68	57.5	14.5	24.5	2	71.5	41	24	45.5	23.5	13	30.5	89	38	33	28	9	40.5	61.5	19	36	57	67.5	56	26.5	32.5	35.5	44.5	50.5	39	80	57.5	54.5	55	61	88	29.5	26.5	11	16	55	39	30.5	16	67	51.5	42	38.5	12	49.5	23.5	84	42.5	0	35	58	86	33.5	30.5	42	63	34	50.5	43	41.5	40.5	31.5	48.5	12	93	41.5	44	43.5	67	41.5	17	90	18.5	26	68	51.5	72.5	82.5	58	71.5	44.5	46	58	71	87	24	57	63	53	41.5	79.5	54.5	57.5	43.5	
72	59.5	49	26.5	39.5	34.5	46	35.5	9	52.5	27	54	26	0	54.5	51.5	48.5	48	30.5	28	35	32	40.5	5.5	17	35.5	52.5	48	37.5	34.5	44.5	28	51.5	21	2	30.5	8.5	39	45.5	69	38	13	38	19	20.5	41.5	39	26	37	47.5	36	41.5	47.5	15.5	24.5	30.5	19	60	37.5	34.5	35	41	68	14.5	46.5	37	26	35	13	15.5	36	47	31.5	22	18.5	38	29.5	43.5	64	37.5	26	15	38	66	18.5	50.5	22	43	14	30.5	33	21.5	35.5	16.5	28.5	38	73	21.5	34	28.5	47	36.5	27	70	23.5	48	48	31.5	52.5	62.5	38	51.5	29.5	26	38	51	67	2	37	43	33	36.5	59.5	34.5	37.5	23.5	
23.5	33	47.5	30	33	62	34.5	84	63.5	2	65.5	22.5	74.5	54.5	0	90	97	48.5	67	36.5	71.5	40.5	24	49	45.5	57	44	16.5	21	83	93	76.5	35	59.5	52.5	67	57	87.5	86	27.5	78.5	51.5	86.5	67.5	34	55	87.5	74.5	25.5	49	44.5	90	84	59	38	62	57.5	23.5	41	58	23.5	29.5	28.5	63	95	85.5	74.5	33.5	67.5	64	84.5	45.5	65	50.5	42	86.5	53	92	30.5	74	74.5	43.5	54.5	29.5	67	87	50.5	41.5	42.5	34	73.5	35	72	65	42	86.5	24.5	45	70.5	73	45.5	75	75.5	31.5	72	84.5	46.5	65	36	8	26.5	3	72	64.5	54.5	29.5	30.5	52.5	55.5	51.5	21.5	75	5	38	59	67	
71.5	75	50.5	72	75	40	73.5	34	44.5	92	42.5	85.5	31.5	51.5	90	0	21	51.5	25	71.5	24.5	67.5	84	51	62.5	35	52	91.5	83	35	25	31.5	73	48.5	49.5	25	49	20.5	14	70.5	21.5	56.5	21.5	34.5	66	53	25.5	33.5	82.5	57	63.5	18	12	49	70	30	50.5	89.5	67	50	80.5	78.5	71.5	45	5	22.5	33.5	74.5	40.5	44	28.5	62.5	33	57.5	64	21.5	55	8	63.5	22	31.5	60.5	37.5	83.5	41	3	57.5	66.5	59.5	74	26.5	67	20	43	66	21.5	72.5	63	23.5	31	62.5	23	32.5	79.5	36	7.5	61.5	43	72	82	81.5	93	30	43.5	37.5	78.5	82.5	49.5	52.5	56.5	78.5	23	85	70	37	41	
84.5	88	63.5	69	82	53	86.5	13	57.5	95	55.5	96.5	28.5	48.5	97	21	0	64.5	38	70.5	37.5	74.5	83	48	59.5	48	65	90.5	80	14	4	30.5	86	61.5	46.5	38	46	33.5	27	83.5	34.5	55.5	34.5	31.5	63	66	31.5	46.5	79.5	70	76.5	31	25	58	67	43	61.5	102.5	80	63	77.5	83.5	84.5	52	26	35.5	38.5	77.5	53.5	53	28.5	75.5	46	64.5	61	34.5	68	29	76.5	35	28.5	57.5	50.5	96.5	54	18	64.5	79.5	56.5	73	39.5	64	33	54	71	34.5	85.5	64	36.5	44	75.5	36	39.5	92.5	41	20.5	74.5	56	85	95	80.5	94	43	56.5	50.5	91.5	95.5	46.5	65.5	69.5	75.5	36	98	77	50	54	
30	33.5	1	28.5	33.5	23.5	32	77.5	43	50.5	31	44	68	48	48.5	51.5	64.5	0	28.5	20	33	16	42.5	42.5	39	18.5	10.5	50	39.5	76.5	68.5	70	31.5	37	46	28.5	50.5	59	47.5	29	40	45	50	61	27.5	16.5	69	42	39	15.5	12	51.5	45.5	42.5	31.5	23.5	39	48	25.5	23.5	37	37	30	48.5	56.5	61	62	33	39	47.5	72	21	26.5	36	35.5	60	28.5	59.5	22	35.5	68	37	16	42	44.5	48.5	36	25	36	32.5	35	28.5	33.5	46.5	29.5	60	31	36.5	32	34.5	21	36.5	61	38	59.5	46	20	26.5	30.5	40.5	40	51.5	33.5	32	16	37	41	46	21	5	35	36.5	43.5	28.5	20.5	34.5	
48.5	52	27.5	55	52	17	50.5	51	21.5	69	19.5	62.5	45.5	30.5	67	25	38	28.5	0	48.5	6.5	44.5	61	34	39.5	12	29	68.5	64	52	42	43.5	50	25.5	32.5	0	26	32.5	21	47.5	13.5	33.5	23.5	42.5	49	30	42.5	15.5	59.5	34	40.5	25	19	26	47	7	27.5	66.5	44	27	61.5	55.5	48.5	20	30	34.5	35.5	51.5	17.5	19	45.5	39.5	10	34.5	43	33.5	32	33	40.5	9	45.5	41.5	14.5	60.5	16	22	34.5	43.5	42.5	51	8.5	50	7	18	43	33.5	49.5	40	5.5	6	39.5	10	34.5	56.5	33	19.5	38.5	20	49	59	58.5	70	5	20.5	14.5	55.5	59.5	32.5	29.5	33.5	61.5	10	62	47	14	18	
50	41.5	21	8.5	21.5	41.5	28	57.5	37	34.5	39	36	48	28	36.5	71.5	70.5	20	48.5	0	53	4	22.5	22.5	19	38.5	30.5	30	19.5	56.5	66.5	50	33.5	33	26	48.5	30.5	61	67.5	49	60	25	60	41	7.5	28.5	61	48	19	29.5	8	63.5	65.5	32.5	11.5	43.5	31	42	19.5	31.5	17	23	50	36.5	68.5	59	48	17	41	37.5	58	29	46.5	24	15.5	60	26.5	65.5	42	55.5	48	17	36	48	40.5	68.5	24	25	16	12.5	55	8.5	53.5	38.5	15.5	60	51	18.5	52	50.5	29	56.5	49	52	45.5	66	30	38.5	34.5	44.5	20	33.5	51.5	38	36	33	49	26	29	15	15	56.5	41.5	16.5	40.5	40.5	
53	56.5	32	55.5	56.5	21.5	55	50.5	26	73.5	24	67	45	35	71.5	24.5	37.5	33	6.5	53	0	49	65.5	34.5	44	16.5	33.5	73	66.5	51.5	41.5	43	54.5	30	33	6.5	32.5	32	20.5	52	13	38	23	38	49.5	34.5	42	9	64	38.5	45	24.5	18.5	30.5	51.5	11.5	32	71	48.5	31.5	64	60	53	26.5	29.5	34	35	56	22	25.5	45	44	14.5	39	47.5	33	36.5	32.5	45	8.5	45	44	19	65	22.5	21.5	39	48	43	55.5	2	50.5	6.5	24.5	47.5	33	54	44.5	1	12.5	44	9.5	34	61	32.5	19	43	24.5	53.5	63.5	63	74.5	11.5	25	19	60	64	33	34	38	62	9.5	66.5	51.5	18.5	22.5	
46	45.5	17	12.5	25.5	39.5	32	61.5	41	38.5	43	40	52	32	40.5	67.5	74.5	16	44.5	4	49	0	26.5	26.5	23	34.5	26.5	34	23.5	60.5	70.5	54	37.5	37	30	44.5	34.5	65	63.5	45	56	29	64	45	11.5	32.5	65	52	23	31.5	4	67.5	61.5	36.5	15.5	39.5	35	46	23.5	35.5	21	27	46	40.5	72.5	63	52	21	45	41.5	62	33	42.5	28	19.5	64	30.5	69.5	38	51.5	52	21	32	52	44.5	64.5	28	29	20	16.5	51	12.5	49.5	42.5	19.5	64	47	22.5	48	50.5	33	52.5	53	54	49.5	62	34	42.5	38.5	48.5	24	37.5	49.5	42	32	37	53	30	33	11	19	52.5	45.5	20.5	36.5	44.5	
37.5	29	41.5	16	19	54	20.5	70	49.5	22	51.5	23.5	60.5	40.5	24	84	83	42.5	61	22.5	65.5	26.5	0	35	31.5	51	38	17.5	3	69	79	62.5	11	45.5	38.5	61	43	73.5	80	36.5	72.5	37.5	72.5	53.5	20	41	73.5	60.5	11.5	37	30.5	76	78	45	24	56	43.5	29.5	27	44	9.5	15.5	37.5	49	81	71.5	60.5	19.5	53.5	50	70.5	31.5	59	36.5	28	72.5	39	78	29.5	68	60.5	29.5	48.5	35.5	53	81	36.5	27.5	28.5	20	67.5	21	66	51	28	72.5	38.5	31	64.5	63	31.5	69	61.5	39.5	58	78.5	32.5	51	12	32	12.5	21	64	50.5	48.5	20.5	36.5	38.5	41.5	37.5	7.5	69	29	24	53	53	
72.5	54	43.5	21	34	29	40.5	35	14.5	47	21.5	48.5	25.5	5.5	49	51	48	42.5	34	22.5	34.5	26.5	35	0	11.5	34	47	42.5	32	34	44	27.5	46	15.5	3.5	34	8	38.5	45	63.5	37.5	7.5	37.5	18.5	15	36	38.5	25.5	31.5	42	30.5	41	47	10	19	29	13.5	54.5	32	29	29.5	35.5	62.5	14	46	36.5	25.5	29.5	18.5	15	35.5	41.5	26	16.5	13	37.5	24	43	60.5	37	25.5	9.5	36.5	60.5	18	54	16.5	37.5	8.5	25	32.5	16	39	16	23	37.5	71.5	16	35.5	28	41.5	36	26.5	64.5	23	51.5	42.5	26	47	57	32.5	46	29	20.5	36.5	45.5	61.5	3.5	31.5	37.5	27.5	36	54	29	32	18	
61	50.5	40	17.5	30.5	30.5	37	46.5	26	43.5	28	45	37	17	45.5	62.5	59.5	39	39.5	19	44	23	31.5	11.5	0	29.5	41.5	39	28.5	45.5	55.5	39	42.5	22	15	39.5	19.5	50	56.5	60	49	14	49	30	11.5	32.5	50	37	28	38.5	27	52.5	56.5	21.5	15.5	34.5	20	51	28.5	25.5	26	32	59	25.5	57.5	48	37	26	30	26.5	47	38	37.5	5	9.5	49	20.5	54.5	53	46.5	37	2	25	57	29.5	59.5	5	34	3	21.5	44	12.5	44.5	27.5	19.5	49	62	12.5	43	39.5	38	47.5	38	61	34.5	57	39	27.5	43.5	53.5	29	42.5	40.5	27	25	42	58	15	28	34	24	47.5	50.5	25.5	31.5	29.5	
38.5	42	17.5	45	42	5	40.5	61	26.5	59	14.5	52.5	55.5	35.5	57	35	48	18.5	12	38.5	16.5	34.5	51	34	29.5	0	19	58.5	54	62	52	53.5	40	20.5	37.5	12	38	42.5	31	37.5	23.5	28.5	33.5	52.5	39	20	52.5	25.5	49.5	24	30.5	35	29	26	37	7	22.5	56.5	34	17	51.5	45.5	38.5	32	40	44.5	45.5	41.5	22.5	31	55.5	29.5	10	24.5	33	43.5	22	43	30.5	19	55.5	31.5	4.5	50.5	28	32	24.5	33.5	32.5	41	18.5	40	17	30	33	43.5	39.5	30	15.5	18	29.5	20	44.5	46.5	43	29.5	28.5	8	39	49	48.5	60	17	15.5	4.5	45.5	49.5	37.5	19.5	23.5	51.5	20	52	37	2	18	
25.5	29	9.5	26	29	24	27.5	78	43.5	46	31.5	39.5	72.5	52.5	44	52	65	10.5	29	30.5	33.5	26.5	38	47	41.5	19	0	45.5	39	79	69	70.5	27	37.5	50.5	29	55	59.5	48	24.5	40.5	45.5	50.5	65.5	32	17	69.5	42.5	36.5	5	22.5	52	46	43	34	24	39.5	43.5	15	24	36.5	32.5	25.5	49	57	61.5	62.5	28.5	39.5	48	72.5	16.5	27	36.5	40	60.5	29	60	17.5	36	72.5	41.5	16.5	37.5	45	49	36.5	20.5	40.5	22	35.5	33	34	47	30	60.5	26.5	37	32.5	35	16.5	37	61.5	33.5	60	46.5	15.5	27	26	36	35.5	47	34	32.5	16.5	32.5	36.5	50.5	21.5	15.5	34.5	37	39	18	21	35	
30	26.5	49	23.5	26.5	61.5	28	77.5	57	14.5	59	6	68	48	16.5	91.5	90.5	50	68.5	30	73	34	17.5	42.5	39	58.5	45.5	0	14.5	76.5	86.5	70	28.5	53	46	68.5	50.5	81	87.5	21	80	45	80	61	27.5	48.5	81	68	19	44.5	38	83.5	85.5	52.5	31.5	63.5	51	22	34.5	51.5	17	23	20	56.5	88.5	79	68	27	61	57.5	78	39	66.5	44	35.5	80	46.5	85.5	32	75.5	68	37	56	28	60.5	88.5	44	35	36	27.5	75	28.5	73.5	58.5	35.5	80	31	38.5	72	70.5	39	76.5	69	32	65.5	86	40	58.5	29.5	24.5	20	13.5	71.5	58	56	23	29	46	49	45	15	76.5	21.5	31.5	60.5	60.5	
40.5	26	40.5	13	16	51	17.5	67	46.5	19	48.5	20.5	57.5	37.5	21	83	80	39.5	64	19.5	66.5	23.5	3	32	28.5	54	39	14.5	0	66	76	59.5	14	42.5	35.5	64	40	70.5	77	35.5	69.5	34.5	69.5	50.5	17	38	70.5	57.5	8.5	34	27.5	73	79	42	21	59	40.5	26.5	24	41	6.5	12.5	34.5	46	78	68.5	57.5	16.5	50.5	47	67.5	28.5	58	33.5	25	69.5	36	75	32.5	69	57.5	26.5	51.5	32.5	50	84	33.5	24.5	25.5	17	64.5	18	69	48	25	69.5	41.5	28	67.5	60	28.5	68	58.5	36.5	55	81.5	29.5	48	15	29	9.5	18	61	47.5	51.5	17.5	33.5	35.5	38.5	34.5	4.5	68	26	21	54	50	
98.5	88	77.5	55	68	63	74.5	1	43.5	81	55.5	82.5	14.5	34.5	83	35	14	76.5	52	56.5	51.5	60.5	69	34	45.5	62	79	76.5	66	0	10	16.5	80	49.5	32.5	52	32	27.5	39	97.5	46.5	41.5	36.5	17.5	49	70	17.5	44.5	65.5	76	64.5	35	39	44	53	57	47.5	88.5	66	63	63.5	69.5	96.5	38	30	25.5	24.5	63.5	47.5	39	14.5	75.5	60	50.5	47	26.5	58	27	90.5	49	14.5	43.5	64.5	94.5	42	32	50.5	71.5	42.5	59	51.5	50	47	40	57	26.5	99.5	50	50.5	52	75.5	50	25.5	98.5	27	34.5	76.5	60	81	91	66.5	80	53	54.5	64.5	79.5	95.5	32.5	65.5	71.5	61.5	50	88	63	64	52	
88.5	92	67.5	65	78	57	84.5	9	53.5	91	59.5	92.5	24.5	44.5	93	25	4	68.5	42	66.5	41.5	70.5	79	44	55.5	52	69	86.5	76	10	0	26.5	90	59.5	42.5	42	42	37.5	31	87.5	38.5	51.5	38.5	27.5	59	70	27.5	50.5	75.5	74	74.5	35	29	54	63	47	57.5	98.5	76	67	73.5	79.5	88.5	48	30	35.5	34.5	73.5	57.5	49	24.5	79.5	50	60.5	57	36.5	68	33	80.5	39	24.5	53.5	54.5	100.5	52	22	60.5	81.5	52.5	69	43.5	60	37	50	67	36.5	89.5	60	40.5	48	79.5	40	35.5	96.5	37	24.5	78.5	60	89	99	76.5	90	47	60.5	54.5	89.5	99.5	42.5	69.5	73.5	71.5	40	98	73	54	58	
90	81.5	69	48.5	61.5	56.5	68	17.5	37	74.5	49	76	2	28	76.5	31.5	30.5	70	43.5	50	43	54	62.5	27.5	39	53.5	70.5	70	59.5	16.5	26.5	0	73.5	43	26	43.5	25.5	11	32.5	89	40	35	30	11	42.5	63.5	21	38	59	69.5	58	28.5	30.5	37.5	46.5	48.5	41	82	59.5	56.5	57	63	90	31.5	28.5	9	18	57	41	32.5	18	69	51.5	44	40.5	10	51.5	25.5	82	40.5	2	37	56	88	35.5	28.5	44	65	36	52.5	45	43.5	38.5	33.5	50.5	10	91	43.5	42	45.5	69	41.5	19	92	20.5	24	70	53.5	74.5	84.5	60	73.5	46.5	48	56	73	89	26	59	65	55	41.5	81.5	56.5	55.5	45.5	
26.5	30	30.5	27	30	45	31.5	81	60.5	33	52.5	34.5	71.5	51.5	35	73	86	31.5	50	33.5	54.5	37.5	11	46	42.5	40	27	28.5	14	80	90	73.5	0	56.5	49.5	50	54	80.5	69	25.5	61.5	48.5	71.5	64.5	31	38	84.5	63.5	22.5	32	41.5	73	67	56	35	45	54.5	40.5	38	45	20.5	26.5	26.5	60	78	82.5	71.5	30.5	60.5	61	81.5	32.5	48	47.5	39	81.5	50	81	18.5	57	71.5	40.5	37.5	38.5	64	70	47.5	36.5	39.5	31	56.5	32	55	62	39	81.5	27.5	42	53.5	56	32.5	58	72.5	34.5	69	67.5	31.5	48	1	37	23.5	32	55	53.5	37.5	31.5	37.5	49.5	42.5	36.5	18.5	58	40	35	42	56	
57	60.5	36	31.5	44.5	25.5	51	50.5	30	57.5	6	59	41	21	59.5	48.5	61.5	37	25.5	33	30	37	45.5	15.5	22	20.5	37.5	53	42.5	49.5	59.5	43	56.5	0	19	25.5	23.5	54	44.5	56	37	8	47	34	25.5	38.5	54	39	42	42.5	41	48.5	42.5	25.5	29.5	20.5	2	65	42.5	35.5	40	46	57	29.5	53.5	52	41	40	34	30.5	51	48	23.5	27	23.5	53	34.5	56.5	49	32.5	41	20	23	69	33.5	45.5	27	48	19	35.5	32	26.5	30.5	31.5	33.5	53	58	26.5	29	31.5	48	33.5	42	65	38.5	43	47	28.5	57.5	67.5	43	56.5	30.5	5	23	56	68	19	38	42	38	33.5	64.5	39.5	22.5	31.5	
74	57.5	47	24.5	37.5	32.5	44	33.5	11	50.5	25	52	24	2	52.5	49.5	46.5	46	32.5	26	33	30	38.5	3.5	15	37.5	50.5	46	35.5	32.5	42.5	26	49.5	19	0	32.5	6.5	37	43.5	67	36	11	36	17	18.5	39.5	37	24	35	45.5	34	39.5	45.5	13.5	22.5	32.5	17	58	35.5	32.5	33	39	66	12.5	44.5	35	24	33	15	13.5	34	45	29.5	20	16.5	36	27.5	41.5	64	35.5	24	13	40	64	16.5	52.5	20	41	12	28.5	31	19.5	37.5	14.5	26.5	36	75	19.5	34	26.5	45	34.5	25	68	21.5	50	46	29.5	50.5	60.5	36	49.5	27.5	24	40	49	65	0	35	41	31	34.5	57.5	32.5	35.5	21.5	
48.5	52	27.5	55	52	17	50.5	51	21.5	69	19.5	62.5	45.5	30.5	67	25	38	28.5	0	48.5	6.5	44.5	61	34	39.5	12	29	68.5	64	52	42	43.5	50	25.5	32.5	0	26	32.5	21	47.5	13.5	33.5	23.5	42.5	49	30	42.5	15.5	59.5	34	40.5	25	19	26	47	7	27.5	66.5	44	27	61.5	55.5	48.5	20	30	34.5	35.5	51.5	17.5	19	45.5	39.5	10	34.5	43	33.5	32	33	40.5	9	45.5	41.5	14.5	60.5	16	22	34.5	43.5	42.5	51	8.5	50	7	18	43	33.5	49.5	40	5.5	6	39.5	10	34.5	56.5	33	19.5	38.5	20	49	59	58.5	70	5	20.5	14.5	55.5	59.5	32.5	29.5	33.5	61.5	10	62	47	14	18	
74.5	62	51.5	29	42	37	48.5	33	17.5	55	29.5	56.5	23.5	8.5	57	49	46	50.5	26	30.5	32.5	34.5	43	8	19.5	38	55	50.5	40	32	42	25.5	54	23.5	6.5	26	0	36.5	43	71.5	35.5	15.5	35.5	16.5	23	44	36.5	23.5	39.5	50	38.5	39	45	18	27	33	21.5	62.5	40	37	37.5	43.5	70.5	6	44	34.5	23.5	37.5	21.5	7	33.5	49.5	34	24.5	21	35.5	32	41	66.5	35	23.5	17.5	40.5	68.5	10	48	24.5	45.5	16.5	33	30.5	24	33	8	31	35.5	75.5	24	31.5	20	49.5	34	24.5	72.5	21	45.5	50.5	34	55	65	40.5	54	21	28.5	40.5	53.5	69.5	6.5	39.5	45.5	35.5	34	62	37	40	26	
79	82.5	58	59.5	72.5	47.5	79	28.5	48	85.5	50	87	13	39	87.5	20.5	33.5	59	32.5	61	32	65	73.5	38.5	50	42.5	59.5	81	70.5	27.5	37.5	11	80.5	54	37	32.5	36.5	0	21.5	78	29	46	29	22	53.5	60.5	32	41	70	64.5	69	25.5	19.5	48.5	57.5	37.5	52	93	70.5	57.5	68	74	79	42.5	25.5	2	29	68	48	43.5	29	70	40.5	55	51.5	1	62.5	28.5	71	29.5	13	48	45	91	46.5	17.5	55	74	47	63.5	34	54.5	27.5	44.5	61.5	1	80	54.5	31	38.5	70	30.5	30	87	31.5	13	69	50.5	79.5	89.5	71	84.5	37.5	51	45	84	90	37	60	64	66	30.5	92.5	67.5	44.5	48.5	
67.5	71	46.5	66	71	36	69.5	40	40.5	88	38.5	81.5	30.5	45.5	86	14	27	47.5	21	67.5	20.5	63.5	80	45	56.5	31	48	87.5	77	39	31	32.5	69	44.5	43.5	21	43	21.5	0	66.5	17.5	52.5	17.5	28.5	60	49	31.5	29.5	76.5	53	59.5	4	2	45	64	26	46.5	85.5	63	46	74.5	74.5	67.5	41	19	23.5	29.5	70.5	36.5	40	34.5	58.5	29	53.5	58	22.5	51	22	59.5	18	30.5	54.5	33.5	79.5	37	11	53.5	62.5	53.5	70	22.5	61	16	39	62	22.5	68.5	59	19.5	27	58.5	19	28.5	75.5	32	8.5	57.5	39	68	78	77.5	89	26	39.5	33.5	74.5	78.5	43.5	48.5	52.5	72.5	19	81	66	33	37	
9	17.5	28	44.5	37.5	42.5	31	96.5	62	29.5	50	15	89	69	27.5	70.5	83.5	29	47.5	49	52	45	36.5	63.5	60	37.5	24.5	21	35.5	97.5	87.5	89	25.5	56	67	47.5	71.5	78	66.5	0	59	64	69	82	48.5	35.5	88	61	40	29.5	41	70.5	64.5	61.5	52.5	42.5	58	27	39.5	42.5	38	36	1	67.5	75.5	80	81	42	58	66.5	91	30	45.5	55	56.5	79	47.5	78.5	11	54.5	89	58	35	21	63.5	67.5	55	34	57	46.5	54	49.5	52.5	65.5	48.5	79	10	55.5	51	53.5	30	55.5	80	17	78.5	65	29	45.5	24.5	19.5	39	30.5	52.5	51	35	26	20	67	40	34	36	55.5	22.5	42.5	39.5	53.5	
60	63.5	39	58.5	63.5	28.5	62	47.5	33	80.5	31	74	38	38	78.5	21.5	34.5	40	13.5	60	13	56	72.5	37.5	49	23.5	40.5	80	69.5	46.5	38.5	40	61.5	37	36	13.5	35.5	29	17.5	59	0	45	20	31	52.5	41.5	39	22	69	45.5	52	21.5	15.5	37.5	56.5	18.5	39	78	55.5	38.5	67	67	60	33.5	26.5	31	32	63	29	32.5	42	51	21.5	46	50.5	30	43.5	29.5	52	10.5	38	47	26	72	29.5	18.5	46	55	46	62.5	15	53.5	8.5	31.5	54.5	30	61	51.5	12	19.5	51	11.5	31	68	29.5	16	50	31.5	60.5	70.5	70	81.5	18.5	32	26	67	71	36	41	45	65	11.5	73.5	58.5	25.5	29.5	
65	56.5	44	23.5	36.5	31.5	43	42.5	22	49.5	14	51	33	13	51.5	56.5	55.5	45	33.5	25	38	29	37.5	7.5	14	28.5	45.5	45	34.5	41.5	51.5	35	48.5	8	11	33.5	15.5	46	52.5	64	45	0	45	26	17.5	38.5	46	33	34	44.5	33	48.5	50.5	17.5	21.5	28.5	6	57	34.5	31.5	32	38	65	21.5	53.5	44	33	32	26	22.5	43	44	31.5	19	15.5	45	26.5	50.5	57	40.5	33	12	31	63	25.5	53.5	19	40	11	27.5	40	18.5	38.5	23.5	25.5	45	66	18.5	37	35.5	44	41.5	34	67	30.5	51	45	28.5	49.5	59.5	35	48.5	36.5	13	31	48	64	11	34	40	30	41.5	56.5	31.5	30.5	25.5	
70	73.5	49	58.5	71.5	38.5	72	37.5	43	84.5	41	84	28	38	86.5	21.5	34.5	50	23.5	60	23	64	72.5	37.5	49	33.5	50.5	80	69.5	36.5	38.5	30	71.5	47	36	23.5	35.5	29	17.5	69	20	45	0	19	52.5	51.5	39	32	69	55.5	62	21.5	15.5	47.5	56.5	28.5	49	88	65.5	48.5	67	73	70	41.5	26.5	31	12	67	39	42.5	38	61	31.5	54	50.5	30	53.5	29.5	62	20.5	28	47	36	82	39.5	18.5	54	65	46	62.5	25	53.5	18.5	41.5	60.5	30	71	53.5	22	29.5	61	21.5	11	78	30.5	16	60	41.5	70.5	80.5	70	83.5	28.5	42	36	77	81	36	51	55	65	21.5	83.5	66.5	35.5	39.5	
89	72.5	62	39.5	52.5	47.5	59	18.5	28	65.5	40	67	9	19	67.5	34.5	31.5	61	42.5	41	38	45	53.5	18.5	30	52.5	65.5	61	50.5	17.5	27.5	11	64.5	34	17	42.5	16.5	22	28.5	82	31	26	19	0	33.5	54.5	22	29	50	60.5	49	24.5	30.5	28.5	37.5	47.5	32	73	50.5	47.5	48	54	81	22.5	29.5	20	7	48	32	23.5	19	60	44.5	35	31.5	21	42.5	26.5	79	35.5	9	28	55	79	26.5	37.5	35	56	27	43.5	36	34.5	37.5	24.5	41.5	21	90	34.5	39	36.5	60	34.5	8	83	11.5	35	61	44.5	65.5	75.5	51	64.5	37.5	39	55	64	80	17	50	56	46	34.5	72.5	47.5	50.5	36.5	
57.5	39	28.5	6	19	34	25.5	50	29.5	32	31.5	33.5	40.5	20.5	34	66	63	27.5	49	7.5	49.5	11.5	20	15	11.5	39	32	27.5	17	49	59	42.5	31	25.5	18.5	49	23	53.5	60	48.5	52.5	17.5	52.5	33.5	0	21	53.5	40.5	16.5	27	15.5	56	62	25	4	44	23.5	39.5	17	24	14.5	20.5	47.5	29	61	51.5	40.5	14.5	33.5	30	50.5	26.5	41	16.5	8	52.5	19	58	45.5	52	40.5	9.5	36.5	45.5	33	69	16.5	22.5	8.5	10	47.5	1	54	31	8	52.5	56.5	11	50.5	43	26.5	51	41.5	49.5	38	66.5	27.5	31	32	42	17.5	31	44	30.5	36.5	30.5	46.5	18.5	21.5	22.5	12.5	51	39	14	37	33	
36.5	40	15.5	27	40	25	38.5	71	44.5	53	32.5	50.5	61.5	41.5	55	53	66	16.5	30	28.5	34.5	32.5	41	36	32.5	20	17	48.5	38	70	70	63.5	38	38.5	39.5	30	44	60.5	49	35.5	41.5	38.5	51.5	54.5	21	0	70.5	43.5	37.5	22	28.5	53	47	44	17	25	40.5	54.5	32	25	35.5	41.5	36.5	50	58	62.5	61.5	35.5	40.5	49	71.5	27.5	28	37.5	29	61.5	30	61	28.5	37	61.5	30.5	17.5	48.5	46	50	37.5	31.5	29.5	31	36.5	20	35	48	13	61.5	37.5	32	33.5	36	27.5	38	62.5	44.5	59	47.5	26.5	28	37	47	38.5	52	35	33.5	17.5	43.5	47.5	39.5	22.5	21.5	33.5	38	50	35	22	36	
89	92.5	68	59.5	72.5	57.5	79	18.5	48	85.5	60	87	19	39	87.5	25.5	31.5	69	42.5	61	42	65	73.5	38.5	50	52.5	69.5	81	70.5	17.5	27.5	21	84.5	54	37	42.5	36.5	32	31.5	88	39	46	39	22	53.5	70.5	0	49	70	74.5	69	35.5	29.5	48.5	57.5	47.5	52	93	70.5	67.5	68	74	89	42.5	30.5	30	29	68	52	43.5	3	80	50.5	55	51.5	31	62.5	31.5	81	39.5	19	48	55	99	46.5	22.5	55	76	47	63.5	44	54.5	37.5	44.5	61.5	31	90	54.5	41	48.5	80	40.5	30	97	31.5	25	79	60.5	85.5	95.5	71	84.5	47.5	59	55	84	100	37	70	74	66	40.5	92.5	67.5	54.5	56.5	
62	65.5	41	46.5	59.5	30.5	64	45.5	35	72.5	33	74	36	26	74.5	33.5	46.5	42	15.5	48	9	52	60.5	25.5	37	25.5	42.5	68	57.5	44.5	50.5	38	63.5	39	24	15.5	23.5	41	29.5	61	22	33	32	29	40.5	43.5	49	0	57	47.5	54	33.5	27.5	35.5	44.5	20.5	39	80	57.5	40.5	55	61	62	29.5	38.5	43	36	55	31	30.5	46	53	23.5	42	38.5	42	45.5	41.5	54	17.5	36	35	28	74	31.5	30.5	42	57	34	50.5	7	41.5	15.5	31.5	48.5	42	63	41.5	10	21.5	53	18.5	37	70	33.5	28	52	33.5	62.5	72.5	58	71.5	20.5	34	28	69	73	24	43	47	53	18.5	75.5	54.5	27.5	31.5	
41	30.5	40	12.5	15.5	50.5	9	66.5	46	23.5	48	25	57	37	25.5	82.5	79.5	39	59.5	19	64	23	11.5	31.5	28	49.5	36.5	19	8.5	65.5	75.5	59	22.5	42	35	59.5	39.5	70	76.5	40	69	34	69	50	16.5	37.5	70	57	0	33.5	27	72.5	76.5	41.5	20.5	54.5	40	31	23.5	40.5	2	4	39	45.5	77.5	68	57	16	50	46.5	67	28	57.5	33	24.5	69	35.5	74.5	33	66.5	57	26	47	37	49.5	79.5	33	24	25	16.5	64	17.5	64.5	47.5	24.5	69	42	27.5	63	59.5	28	67.5	58	41	54.5	77	29	47.5	23.5	33.5	1	22.5	60.5	47	47	22	38	35	38	34	4	67.5	30.5	20.5	51.5	49.5	
30.5	34	14.5	21	34	29	32.5	77	48.5	49	36.5	44.5	67.5	47.5	49	57	70	15.5	34	29.5	38.5	31.5	37	42	38.5	24	5	44.5	34	76	74	69.5	32	42.5	45.5	34	50	64.5	53	29.5	45.5	44.5	55.5	60.5	27	22	74.5	47.5	33.5	0	27.5	57	51	48	31	29	44.5	48.5	10	29	31.5	37.5	30.5	54	62	66.5	67.5	31.5	44.5	53	77.5	21.5	32	41.5	35	65.5	34	65	22.5	41	67.5	36.5	21.5	42.5	50	54	41.5	25.5	35.5	17	40.5	28	39	52	35	65.5	31.5	38	37.5	40	21.5	42	66.5	38.5	65	51.5	20.5	32	31	41	34.5	48	39	37.5	21.5	37.5	41.5	45.5	26.5	20.5	29.5	42	44	13	26	40	
42	45.5	13	16.5	29.5	35.5	36	65.5	45	42.5	43	44	56	36	44.5	63.5	76.5	12	40.5	8	45	4	30.5	30.5	27	30.5	22.5	38	27.5	64.5	74.5	58	41.5	41	34	40.5	38.5	69	59.5	41	52	33	62	49	15.5	28.5	69	54	27	27.5	0	63.5	57.5	40.5	19.5	35.5	39	50	27.5	35.5	25	31	42	44.5	68.5	67	56	25	49	45.5	66	33	38.5	32	23.5	68	34.5	71.5	34	47.5	56	25	28	54	48.5	60.5	32	33	24	20.5	47	16.5	45.5	46.5	23.5	68	43	26.5	44	46.5	33	48.5	57	50	53.5	58	32	38.5	42.5	52.5	28	41.5	45.5	44	28	41	53	34	33	7	23	48.5	49.5	24.5	32.5	46.5	
71.5	75	50.5	62	75	40	73.5	36	44.5	88	42.5	85.5	26.5	41.5	90	18	31	51.5	25	63.5	24.5	67.5	76	41	52.5	35	52	83.5	73	35	35	28.5	73	48.5	39.5	25	39	25.5	4	70.5	21.5	48.5	21.5	24.5	56	53	35.5	33.5	72.5	57	63.5	0	6	49	60	30	50.5	89.5	67	50	70.5	76.5	71.5	45	23	27.5	31.5	70.5	40.5	44	36.5	62.5	33	57.5	54	26.5	55	26	63.5	22	26.5	50.5	37.5	83.5	41	15	57.5	66.5	49.5	66	26.5	57	20	43	64	26.5	72.5	57	23.5	31	62.5	23	32.5	79.5	34	12.5	61.5	43	72	82	73.5	87	30	43.5	37.5	78.5	82.5	39.5	52.5	56.5	68.5	23	85	70	37	41	
65.5	69	44.5	68	69	34	67.5	38	38.5	86	36.5	79.5	32.5	47.5	84	12	25	45.5	19	65.5	18.5	61.5	78	47	56.5	29	46	85.5	79	39	29	30.5	67	42.5	45.5	19	45	19.5	2	64.5	15.5	50.5	15.5	30.5	62	47	29.5	27.5	76.5	51	57.5	6	0	43	64	24	44.5	83.5	61	44	76.5	72.5	65.5	39	17	21.5	27.5	68.5	34.5	38	32.5	56.5	27	51.5	60	20.5	49	20	57.5	16	32.5	56.5	31.5	77.5	35	9	51.5	60.5	55.5	68	20.5	63	14	37	60	20.5	66.5	57	17.5	25	56.5	17	26.5	73.5	30	6.5	55.5	37	66	76	75.5	87	24	37.5	31.5	72.5	76.5	45.5	46.5	50.5	74.5	17	79	64	31	35	
62.5	64	41.5	31	44	31	50.5	45	24.5	57	31.5	58.5	35.5	15.5	59	49	58	42.5	26	32.5	30.5	36.5	45	10	21.5	26	43	52.5	42	44	54	37.5	56	25.5	13.5	26	18	48.5	45	61.5	37.5	17.5	47.5	28.5	25	44	48.5	35.5	41.5	48	40.5	49	43	0	29	19	23.5	64.5	42	39	39.5	45.5	62.5	24	54	46.5	35.5	39.5	28.5	25	45.5	51.5	16	26.5	23	47.5	34	53	54.5	33	35.5	19.5	28.5	70.5	28	46	26.5	47.5	18.5	35	32.5	26	31	26	33	47.5	63.5	26	29.5	32	51.5	34	36.5	70.5	33	43.5	52.5	34	57	67	42.5	56	31	30.5	28.5	55.5	71.5	13.5	41.5	47.5	37.5	34	64	39	28	8	
53.5	43	32.5	10	23	38	29.5	54	33.5	36	35.5	37.5	44.5	24.5	38	70	67	31.5	47	11.5	51.5	15.5	24	19	15.5	37	34	31.5	21	53	63	46.5	35	29.5	22.5	47	27	57.5	64	52.5	56.5	21.5	56.5	37.5	4	17	57.5	44.5	20.5	31	19.5	60	64	29	0	42	27.5	43.5	21	28	18.5	24.5	51.5	33	65	55.5	44.5	18.5	37.5	34	54.5	30.5	45	20.5	12	56.5	23	62	45.5	54	44.5	13.5	34.5	49.5	37	67	20.5	26.5	12.5	14	51.5	3	52	35	4	56.5	54.5	15	50.5	47	30.5	55	45.5	53.5	42	64.5	31.5	35	36	46	21.5	35	48	34.5	34.5	34.5	50.5	22.5	25.5	26.5	16.5	55	43	18	39	37	
43.5	47	22.5	50	47	12	45.5	56	21.5	64	14.5	57.5	50.5	30.5	62	30	43	23.5	7	43.5	11.5	39.5	56	29	34.5	7	24	63.5	59	57	47	48.5	45	20.5	32.5	7	33	37.5	26	42.5	18.5	28.5	28.5	47.5	44	25	47.5	20.5	54.5	29	35.5	30	24	19	42	0	22.5	61.5	39	22	56.5	50.5	43.5	27	35	39.5	40.5	46.5	17.5	26	50.5	34.5	3	29.5	38	38.5	27	38	35.5	14	50.5	36.5	9.5	55.5	23	27	29.5	38.5	37.5	46	13.5	45	12	25	38	38.5	44.5	35	10.5	13	34.5	15	39.5	51.5	38	24.5	33.5	15	44	54	53.5	65	12	15.5	9.5	50.5	54.5	32.5	24.5	28.5	56.5	15	57	42	9	11	
59	62.5	38	29.5	42.5	27.5	49	48.5	28	55.5	8	57	39	19	57.5	50.5	61.5	39	27.5	31	32	35	43.5	13.5	20	22.5	39.5	51	40.5	47.5	57.5	41	54.5	2	17	27.5	21.5	52	46.5	58	39	6	49	32	23.5	40.5	52	39	40	44.5	39	50.5	44.5	23.5	27.5	22.5	0	63	40.5	37.5	38	44	59	27.5	55.5	50	39	38	32	28.5	49	50	25.5	25	21.5	51	32.5	56.5	51	34.5	39	18	25	69	31.5	47.5	25	46	17	33.5	34	24.5	32.5	29.5	31.5	51	60	24.5	31	33.5	50	35.5	40	67	36.5	45	49	30.5	55.5	65.5	41	54.5	32.5	7	25	54	70	17	40	44	36	35.5	62.5	37.5	24.5	31.5	
18	36.5	47	35.5	38.5	61.5	40	89.5	69	21.5	69	28	80	60	23.5	89.5	102.5	48	66.5	42	71	46	29.5	54.5	51	56.5	43.5	22	26.5	88.5	98.5	82	40.5	65	58	66.5	62.5	93	85.5	27	78	57	88	73	39.5	54.5	93	80	31	48.5	50	89.5	83.5	64.5	43.5	61.5	63	0	46.5	61.5	29	35	28	68.5	94.5	91	80	39	73	69.5	90	49	64.5	56	47.5	92	58.5	97.5	30	73.5	80	49	54	6	72.5	86.5	56	47	48	39.5	73	40.5	71.5	70.5	47.5	92	17	50.5	70	72.5	49	74.5	81	10	77.5	84	48	64.5	41.5	31.5	32	20.5	71.5	70	54	35	7	58	59	53	27	74.5	28.5	43.5	58.5	72.5	
40.5	44	24.5	11	26	39	32.5	67	46.5	39	46.5	40.5	57.5	37.5	41	67	80	25.5	44	19.5	48.5	23.5	27	32	28.5	34	15	34.5	24	66	76	59.5	38	42.5	35.5	44	40	70.5	63	39.5	55.5	34.5	65.5	50.5	17	32	70.5	57.5	23.5	10	27.5	67	61	42	21	39	40.5	46.5	0	39	21.5	27.5	40.5	46	72	68.5	57.5	21.5	50.5	47	67.5	31.5	42	33.5	25	69.5	36	75	32.5	51	57.5	26.5	31.5	52.5	50	64	33.5	29.5	25.5	7	50.5	18	49	48	25	69.5	41.5	28	47.5	50	31.5	52	58.5	48.5	55	61.5	30.5	42	39	49	24.5	38	49	47.5	31.5	37.5	51.5	35.5	36.5	30.5	19.5	52	46	3	36	50	
43.5	47	22.5	30	43	22	45.5	64	41.5	56	29.5	57.5	54.5	34.5	58	50	63	23.5	27	31.5	31.5	35.5	44	29	25.5	17	24	51.5	41	63	67	56.5	45	35.5	32.5	27	37	57.5	46	42.5	38.5	31.5	48.5	47.5	24	25	67.5	40.5	40.5	29	35.5	50	44	39	28	22	37.5	61.5	39	0	38.5	44.5	43.5	43	55	59.5	54.5	38.5	37.5	44	64.5	34.5	25	30.5	16	58.5	5	58	35.5	34	54.5	23.5	14.5	55.5	43	47	30.5	38.5	22.5	34	33.5	25	32	45	32	58.5	44.5	13	30.5	33	34.5	35	55.5	51.5	52	44.5	33.5	25	44	54	41.5	55	32	30.5	14.5	50.5	54.5	32.5	24.5	28.5	36.5	35	57	38	19	33	
43	28.5	38	10.5	13.5	48.5	11	64.5	44	21.5	46	23	55	35	23.5	80.5	77.5	37	61.5	17	64	21	9.5	29.5	26	51.5	36.5	17	6.5	63.5	73.5	57	20.5	40	33	61.5	37.5	68	74.5	38	67	32	67	48	14.5	35.5	68	55	2	31.5	25	70.5	76.5	39.5	18.5	56.5	38	29	21.5	38.5	0	6	37	43.5	75.5	66	55	14	48	44.5	65	26	55.5	31	22.5	67	33.5	72.5	35	66.5	55	24	49	35	47.5	81.5	31	22	23	14.5	62	15.5	66.5	45.5	22.5	67	44	25.5	65	57.5	26	65.5	56	39	52.5	79	27	45.5	21.5	31.5	3	20.5	58.5	45	49	20	36	33	36	32	2	65.5	28.5	18.5	51.5	47.5	
37	34.5	36	16.5	19.5	50.5	5	70.5	50	27.5	52	29	61	41	29.5	78.5	83.5	37	55.5	23	60	27	15.5	35.5	32	45.5	32.5	23	12.5	69.5	79.5	63	26.5	46	39	55.5	43.5	74	74.5	36	67	38	73	54	20.5	41.5	74	61	4	37.5	31	76.5	72.5	45.5	24.5	50.5	44	35	27.5	44.5	6	0	37	49.5	81.5	72	61	20	54	50.5	71	32	53.5	37	28.5	73	39.5	78.5	29	62.5	61	30	43	41	53.5	75.5	37	28	29	20.5	62	21.5	60.5	51.5	28.5	73	38	31.5	59	61.5	32	63.5	62	45	58.5	73	33	51.5	27.5	37.5	3	26.5	60.5	51	43	26	42	39	42	38	8	63.5	34.5	24.5	47.5	53.5	
10	18.5	29	43.5	38.5	43.5	32	97.5	63	30.5	51	14	88	68	28.5	71.5	84.5	30	48.5	50	53	46	37.5	62.5	59	38.5	25.5	20	34.5	96.5	88.5	90	26.5	57	66	48.5	70.5	79	67.5	1	60	65	70	81	47.5	36.5	89	62	39	30.5	42	71.5	65.5	62.5	51.5	43.5	59	28	40.5	43.5	37	37	0	68.5	76.5	81	82	43	59	67.5	92	31	46.5	56	55.5	80	48.5	79.5	12	55.5	88	57	36	22	64.5	68.5	56	35	56	47.5	55	48.5	53.5	66.5	49.5	80	11	56.5	52	54.5	31	56.5	81	18	79.5	66	30	46.5	25.5	20.5	40	31.5	53.5	52	36	27	21	66	41	35	35	56.5	23.5	43.5	40.5	54.5	
68.5	68	47.5	35	48	37	54.5	39	23.5	61	35.5	62.5	29.5	14.5	63	45	52	48.5	20	36.5	26.5	40.5	49	14	25.5	32	49	56.5	46	38	48	31.5	60	29.5	12.5	20	6	42.5	41	67.5	33.5	21.5	41.5	22.5	29	50	42.5	29.5	45.5	54	44.5	45	39	24	33	27	27.5	68.5	46	43	43.5	49.5	68.5	0	50	40.5	29.5	43.5	27.5	1	39.5	55.5	30	30.5	27	41.5	38	47	60.5	29	29.5	23.5	34.5	74.5	4	42	30.5	51.5	22.5	39	28.5	30	27	2	37	41.5	69.5	30	25.5	14	55.5	30	30.5	76.5	27	39.5	56.5	40	61	71	46.5	60	15	34.5	34.5	59.5	75.5	12.5	45.5	51.5	41.5	30	68	43	34	32	
76.5	80	55.5	67	80	45	78.5	31	49.5	93	47.5	90.5	26.5	46.5	95	5	26	56.5	30	68.5	29.5	72.5	81	46	57.5	40	57	88.5	78	30	30	28.5	78	53.5	44.5	30	44	25.5	19	75.5	26.5	53.5	26.5	29.5	61	58	30.5	38.5	77.5	62	68.5	23	17	54	65	35	55.5	94.5	72	55	75.5	81.5	76.5	50	0	27.5	36.5	75.5	45.5	49	31.5	67.5	38	62.5	59	26.5	60	3	68.5	27	26.5	55.5	42.5	88.5	46	8	62.5	71.5	54.5	71	31.5	62	25	48	69	26.5	77.5	62	28.5	36	67.5	28	37.5	84.5	39	12.5	66.5	48	77	87	78.5	92	35	48.5	42.5	83.5	87.5	44.5	57.5	61.5	73.5	28	90	75	42	46	
81	84.5	60	57.5	70.5	49.5	77	26.5	46	83.5	52	85	11	37	85.5	22.5	35.5	61	34.5	59	34	63	71.5	36.5	48	44.5	61.5	79	68.5	25.5	35.5	9	82.5	52	35	34.5	34.5	2	23.5	80	31	44	31	20	51.5	62.5	30	43	68	66.5	67	27.5	21.5	46.5	55.5	39.5	50	91	68.5	59.5	66	72	81	40.5	27.5	0	27	66	50	41.5	27	72	42.5	53	49.5	1	60.5	30.5	73	31.5	11	46	47	93	44.5	19.5	53	74	45	61.5	36	52.5	29.5	42.5	59.5	1	82	52.5	33	40.5	72	32.5	28	89	29.5	15	71	52.5	81.5	91.5	69	82.5	39.5	53	47	82	92	35	62	66	64	32.5	90.5	65.5	46.5	50.5	
82	79.5	61	46.5	59.5	50.5	66	25.5	35	72.5	47	74	16	26	74.5	33.5	38.5	62	35.5	48	35	52	60.5	25.5	37	45.5	62.5	68	57.5	24.5	34.5	18	71.5	41	24	35.5	23.5	29	29.5	81	32	33	12	7	40.5	61.5	29	36	57	67.5	56	31.5	27.5	35.5	44.5	40.5	39	80	57.5	54.5	55	61	82	29.5	36.5	27	0	55	39	30.5	26	67	43.5	42	38.5	28	49.5	33.5	74	32.5	16	35	48	86	33.5	30.5	42	63	34	50.5	37	41.5	30.5	31.5	48.5	28	83	41.5	34	41.5	67	33.5	1	90	18.5	28	68	51.5	72.5	82.5	58	71.5	40.5	46	48	71	87	24	57	63	53	33.5	79.5	54.5	47.5	43.5	
43	38.5	32	10.5	18.5	46.5	25	64.5	44	31.5	46	33	55	35	33.5	74.5	77.5	33	51.5	17	56	21	19.5	29.5	26	41.5	28.5	27	16.5	63.5	73.5	57	30.5	40	33	51.5	37.5	68	70.5	42	63	32	67	48	14.5	35.5	68	55	16	31.5	25	70.5	68.5	39.5	18.5	46.5	38	39	21.5	38.5	14	20	43	43.5	75.5	66	55	0	48	44.5	65	12	49.5	31	22.5	67	33.5	72.5	35	58.5	55	24	39	45	47.5	71.5	31	8	23	14.5	58	15.5	56.5	45.5	22.5	67	44	25.5	55	57.5	12	59.5	56	49	52.5	69	13	45.5	31.5	41.5	17	30.5	56.5	45	39	30	46	33	36	32	12	59.5	38.5	18.5	43.5	47.5	
59	62.5	38	39.5	52.5	27.5	59	48.5	4	65.5	30	67	39	13	67.5	40.5	53.5	39	17.5	41	22	45	53.5	18.5	30	22.5	39.5	61	50.5	47.5	57.5	41	60.5	34	15	17.5	21.5	48	36.5	58	29	26	39	32	33.5	40.5	52	31	50	44.5	49	40.5	34.5	28.5	37.5	17.5	32	73	50.5	37.5	48	54	59	27.5	45.5	50	39	48	0	28.5	49	50	20.5	35	31.5	49	42.5	48.5	51	24.5	39	28	25	71	31.5	37.5	35	54	27	43.5	24	34.5	22.5	29.5	41.5	49	60	34.5	21	23.5	50	25.5	40	67	36.5	35	49	30.5	59.5	69.5	51	64.5	22.5	31	25	64	70	15	40	44	46	25.5	72.5	47.5	24.5	28.5	
67.5	69	46.5	36	49	36	55.5	40	24.5	62	36.5	63.5	30.5	15.5	64	44	53	47.5	19	37.5	25.5	41.5	50	15	26.5	31	48	57.5	47	39	49	32.5	61	30.5	13.5	19	7	43.5	40	66.5	32.5	22.5	42.5	23.5	30	49	43.5	30.5	46.5	53	45.5	44	38	25	34	26	28.5	69.5	47	44	44.5	50.5	67.5	1	49	41.5	30.5	44.5	28.5	0	40.5	56.5	29	31.5	28	42.5	39	48	59.5	28	30.5	24.5	33.5	75.5	3	41	31.5	52.5	23.5	40	27.5	31	26	1	38	42.5	68.5	31	24.5	13	56.5	29	31.5	75.5	28	38.5	57.5	39	62	72	47.5	61	14	35.5	33.5	60.5	76.5	13.5	46.5	52.5	42.5	29	69	44	33	33	
92	89.5	71	56.5	69.5	60.5	76	15.5	45	82.5	57	84	16	36	84.5	28.5	28.5	72	45.5	58	45	62	70.5	35.5	47	55.5	72.5	78	67.5	14.5	24.5	18	81.5	51	34	45.5	33.5	29	34.5	91	42	43	38	19	50.5	71.5	3	46	67	77.5	66	36.5	32.5	45.5	54.5	50.5	49	90	67.5	64.5	65	71	92	39.5	31.5	27	26	65	49	40.5	0	77	53.5	52	48.5	28	59.5	28.5	84	42.5	16	45	58	96	43.5	25.5	52	73	44	60.5	47	51.5	40.5	41.5	58.5	28	93	51.5	44	51.5	77	43.5	27	100	28.5	28	78	61.5	82.5	92.5	68	81.5	50.5	56	58	81	97	34	67	73	63	43.5	89.5	64.5	57.5	53.5	
31	34.5	20	22.5	30.5	34.5	33	76.5	54	43.5	42	45	67	47	45.5	62.5	75.5	21	39.5	29	44	33	31.5	41.5	38	29.5	16.5	39	28.5	75.5	79.5	69	32.5	48	45	39.5	49.5	70	58.5	30	51	44	61	60	26.5	27.5	80	53	28	21.5	33	62.5	56.5	51.5	30.5	34.5	50	49	31.5	34.5	26	32	31	55.5	67.5	72	67	12	50	56.5	77	0	37.5	43	34.5	71	39.5	70.5	23	46.5	67	36	27	43	55.5	59.5	43	4	35	26.5	46	27.5	44.5	57.5	34.5	71	32	37.5	43	45.5	0	47.5	68	39	64.5	57	1	37.5	31.5	41.5	29	42.5	44.5	43	27	38	42	45	32	26	24	47.5	44.5	30.5	31.5	45.5	
46.5	50	25.5	47	50	15	48.5	59	24.5	67	17.5	60.5	51.5	31.5	65	33	46	26.5	10	46.5	14.5	42.5	59	26	37.5	10	27	66.5	58	60	50	51.5	48	23.5	29.5	10	34	40.5	29	45.5	21.5	31.5	31.5	44.5	41	28	50.5	23.5	57.5	32	38.5	33	27	16	45	3	25.5	64.5	42	25	55.5	53.5	46.5	30	38	42.5	43.5	49.5	20.5	29	53.5	37.5	0	32.5	39	41.5	30	41	38.5	17	51.5	35.5	12.5	58.5	26	30	32.5	41.5	34.5	49	16.5	42	15	28	41	41.5	47.5	38	13.5	16	37.5	18	42.5	54.5	41	27.5	36.5	18	47	57	56.5	68	15	18.5	12.5	53.5	57.5	29.5	27.5	31.5	53.5	18	60	45	12	8	
56	55.5	35	22.5	35.5	29.5	42	51.5	31	48.5	33	50	42	22	50.5	57.5	64.5	36	34.5	24	39	28	36.5	16.5	5	24.5	36.5	44	33.5	50.5	60.5	44	47.5	27	20	34.5	24.5	55	53.5	55	46	19	54	35	16.5	37.5	55	42	33	41.5	32	57.5	51.5	26.5	20.5	29.5	25	56	33.5	30.5	31	37	56	30.5	62.5	53	42	31	35	31.5	52	43	32.5	0	14.5	54	25.5	59.5	48	41.5	42	7	20	62	34.5	54.5	0	39	8	26.5	41	17.5	39.5	32.5	24.5	54	57	17.5	38	40.5	43	42.5	43	64	39.5	52	44	32.5	48.5	58.5	34	47.5	39.5	32	20	47	63	20	33	39	29	42.5	55.5	30.5	26.5	34.5	
59.5	47	36.5	14	27	32	33.5	48	27.5	40	29.5	41.5	38.5	18.5	42	64	61	35.5	43	15.5	47.5	19.5	28	13	9.5	33	40	35.5	25	47	57	40.5	39	23.5	16.5	43	21	51.5	58	56.5	50.5	15.5	50.5	31.5	8	29	51.5	38.5	24.5	35	23.5	54	60	23	12	38	21.5	47.5	25	16	22.5	28.5	55.5	27	59	49.5	38.5	22.5	31.5	28	48.5	34.5	39	14.5	0	50.5	11	56	51.5	50	38.5	7.5	30.5	53.5	31	63	14.5	30.5	6.5	18	45.5	9	48	29	16	50.5	60.5	3	46.5	41	34.5	49	39.5	57.5	36	60.5	35.5	29	40	50	25.5	39	42	28.5	30.5	38.5	54.5	16.5	24.5	30.5	20.5	49	47	22	35	31	
80	83.5	59	58.5	71.5	48.5	78	27.5	47	84.5	51	86	12	38	86.5	21.5	34.5	60	33.5	60	33	64	72.5	37.5	49	43.5	60.5	80	69.5	26.5	36.5	10	81.5	53	36	33.5	35.5	1	22.5	79	30	45	30	21	52.5	61.5	31	42	69	65.5	68	26.5	20.5	47.5	56.5	38.5	51	92	69.5	58.5	67	73	80	41.5	26.5	1	28	67	49	42.5	28	71	41.5	54	50.5	0	61.5	29.5	72	30.5	12	47	46	92	45.5	18.5	54	75	46	62.5	35	53.5	28.5	43.5	60.5	0	81	53.5	32	39.5	71	31.5	29	88	30.5	14	70	51.5	80.5	90.5	70	83.5	38.5	52	46	83	91	36	61	65	65	31.5	91.5	66.5	45.5	49.5	
48.5	52	27.5	25	38	27	44.5	59	38.5	51	34.5	52.5	49.5	29.5	53	55	68	28.5	32	26.5	36.5	30.5	39	24	20.5	22	29	46.5	36	58	68	51.5	50	34.5	27.5	32	32	62.5	51	47.5	43.5	26.5	53.5	42.5	19	30	62.5	45.5	35.5	34	34.5	55	49	34	23	27	32.5	58.5	36	5	33.5	39.5	48.5	38	60	60.5	49.5	33.5	42.5	39	59.5	39.5	30	25.5	11	61.5	0	63	40.5	39	49.5	18.5	19.5	60.5	42	52	25.5	41.5	17.5	29	38.5	20	37	40	27	61.5	49.5	8	35.5	38	39.5	40	50.5	56.5	47	49.5	38.5	30	49	59	36.5	50	37	35.5	19.5	49.5	59.5	27.5	29.5	33.5	31.5	40	58	33	24	38	
79.5	83	58.5	64	77	48	81.5	28	52.5	90	50.5	91.5	23.5	43.5	92	8	29	59.5	33	65.5	32.5	69.5	78	43	54.5	43	60	85.5	75	27	33	25.5	81	56.5	41.5	33	41	28.5	22	78.5	29.5	50.5	29.5	26.5	58	61	31.5	41.5	74.5	65	71.5	26	20	53	62	38	56.5	97.5	75	58	72.5	78.5	79.5	47	3	30.5	33.5	72.5	48.5	48	28.5	70.5	41	59.5	56	29.5	63	0	71.5	30	23.5	52.5	45.5	91.5	49	11	59.5	74.5	51.5	68	34.5	59	28	49	66	29.5	80.5	59	31.5	39	70.5	31	34.5	87.5	36	15.5	69.5	51	80	90	75.5	89	38	51.5	45.5	86.5	90.5	41.5	60.5	64.5	70.5	31	93	72	45	49	
12	15.5	21	41.5	30.5	35.5	24	89.5	55	32.5	43	26	84	64	30.5	63.5	76.5	22	40.5	42	45	38	29.5	60.5	53	30.5	17.5	32	32.5	90.5	80.5	82	18.5	49	64	40.5	66.5	71	59.5	11	52	57	62	79	45.5	28.5	81	54	33	22.5	34	63.5	57.5	54.5	45.5	35.5	51	30	32.5	35.5	35	29	12	60.5	68.5	73	74	35	51	59.5	84	23	38.5	48	51.5	72	40.5	71.5	0	47.5	84	55	28	24	56.5	60.5	48	27	54	39.5	47	46.5	45.5	58.5	41.5	72	13	48.5	44	46.5	23	48.5	73	20	71.5	58	22	38.5	17.5	22.5	32	33.5	45.5	44	28	15	23	64	33	27	33	48.5	25.5	35.5	32.5	46.5	
55.5	59	34.5	58	59	24	57.5	48	28.5	76	26.5	69.5	42.5	37.5	74	22	35	35.5	9	55.5	8.5	51.5	68	37	46.5	19	36	75.5	69	49	39	40.5	57	32.5	35.5	9	35	29.5	18	54.5	10.5	40.5	20.5	35.5	52	37	39.5	17.5	66.5	41	47.5	22	16	33	54	14	34.5	73.5	51	34	66.5	62.5	55.5	29	27	31.5	32.5	58.5	24.5	28	42.5	46.5	17	41.5	50	30.5	39	30	47.5	0	42.5	46.5	21.5	67.5	25	19	41.5	50.5	45.5	58	10.5	53	2	27	50	30.5	56.5	47	7.5	15	46.5	1	31.5	63.5	30	16.5	45.5	27	56	66	65.5	77	14	27.5	21.5	62.5	66.5	35.5	36.5	40.5	64.5	1	69	54	21	25	
92	79.5	69	46.5	59.5	54.5	66	15.5	35	72.5	47	74	0	26	74.5	31.5	28.5	68	45.5	48	45	52	60.5	25.5	37	55.5	72.5	68	57.5	14.5	24.5	2	71.5	41	24	45.5	23.5	13	30.5	89	38	33	28	9	40.5	61.5	19	36	57	67.5	56	26.5	32.5	35.5	44.5	50.5	39	80	57.5	54.5	55	61	88	29.5	26.5	11	16	55	39	30.5	16	67	51.5	42	38.5	12	49.5	23.5	84	42.5	0	35	58	86	33.5	30.5	42	63	34	50.5	43	41.5	40.5	31.5	48.5	12	93	41.5	44	43.5	67	41.5	17	90	18.5	26	68	51.5	72.5	82.5	58	71.5	44.5	46	58	71	87	24	57	63	53	41.5	79.5	54.5	57.5	43.5	
63	48.5	38	15.5	28.5	28.5	35	44.5	24	41.5	26	43	35	15	43.5	60.5	57.5	37	41.5	17	44	21	29.5	9.5	2	31.5	41.5	37	26.5	43.5	53.5	37	40.5	20	13	41.5	17.5	48	54.5	58	47	12	47	28	9.5	30.5	48	35	26	36.5	25	50.5	56.5	19.5	13.5	36.5	18	49	26.5	23.5	24	30	57	23.5	55.5	46	35	24	28	24.5	45	36	35.5	7	7.5	47	18.5	52.5	55	46.5	35	0	27	55	27.5	61.5	7	32	1	19.5	42	10.5	46.5	25.5	17.5	47	64	10.5	45	37.5	36	45.5	36	59	32.5	59	37	25.5	41.5	51.5	27	40.5	38.5	25	27	40	56	13	26	32	22	45.5	48.5	23.5	31.5	27.5	
36	39.5	15	42.5	39.5	9.5	38	63.5	29	56.5	17	50	58	38	54.5	37.5	50.5	16	14.5	36	19	32	48.5	36.5	25	4.5	16.5	56	51.5	64.5	54.5	56	37.5	23	40	14.5	40.5	45	33.5	35	26	31	36	55	36.5	17.5	55	28	47	21.5	28	37.5	31.5	28.5	34.5	9.5	25	54	31.5	14.5	49	43	36	34.5	42.5	47	48	39	25	33.5	58	27	12.5	20	30.5	46	19.5	45.5	28	21.5	58	27	0	48	30.5	34.5	20	31	28	38.5	21	37.5	19.5	32.5	30.5	46	37	27.5	18	20.5	27	22.5	47	44	45.5	32	26	12.5	36.5	46.5	46	57.5	19.5	18	0	43	47	40	17	21	49	22.5	49.5	34.5	6.5	20.5	
12	30.5	41	41.5	44.5	55.5	44	95.5	75	27.5	63	34	86	66	29.5	83.5	96.5	42	60.5	48	65	52	35.5	60.5	57	50.5	37.5	28	32.5	94.5	100.5	88	38.5	69	64	60.5	68.5	91	79.5	21	72	63	82	79	45.5	48.5	99	74	37	42.5	54	83.5	77.5	70.5	49.5	55.5	69	6	52.5	55.5	35	41	22	74.5	88.5	93	86	45	71	75.5	96	43	58.5	62	53.5	92	60.5	91.5	24	67.5	86	55	48	0	76.5	80.5	62	47	54	45.5	67	46.5	65.5	76.5	53.5	92	11	56.5	64	66.5	43	68.5	87	4	83.5	78	42	58.5	37.5	27.5	38	26.5	65.5	64	48	39	1	64	53	47	33	68.5	30.5	49.5	52.5	66.5	
64.5	68	43.5	39	52	33	58.5	43	27.5	65	35.5	66.5	33.5	18.5	67	41	54	44.5	16	40.5	22.5	44.5	53	18	29.5	28	45	60.5	50	42	52	35.5	64	33.5	16.5	16	10	46.5	37	63.5	29.5	25.5	39.5	26.5	33	46	46.5	31.5	49.5	50	48.5	41	35	28	37	23	31.5	72.5	50	43	47.5	53.5	64.5	4	46	44.5	33.5	47.5	31.5	3	43.5	55.5	26	34.5	31	45.5	42	49	56.5	25	33.5	27.5	30.5	76.5	0	38	34.5	55.5	26.5	43	24.5	34	23	2	41	45.5	65.5	34	21.5	10	55.5	26	34.5	72.5	31	35.5	54.5	36	65	75	50.5	64	11	36.5	30.5	63.5	75.5	16.5	45.5	49.5	45.5	26	72	47	30	34	
68.5	72	47.5	75	72	37	70.5	31	41.5	89	39.5	82.5	30.5	50.5	87	3	18	48.5	22	68.5	21.5	64.5	81	54	59.5	32	49	88.5	84	32	22	28.5	70	45.5	52.5	22	48	17.5	11	67.5	18.5	53.5	18.5	37.5	69	50	22.5	30.5	79.5	54	60.5	15	9	46	67	27	47.5	86.5	64	47	81.5	75.5	68.5	42	8	19.5	30.5	71.5	37.5	41	25.5	59.5	30	54.5	63	18.5	52	11	60.5	19	30.5	61.5	34.5	80.5	38	0	54.5	63.5	62.5	71	23.5	70	17	40	63	18.5	69.5	60	20.5	28	59.5	20	29.5	76.5	33	4.5	58.5	40	69	79	78.5	90	27	40.5	34.5	75.5	79.5	52.5	49.5	53.5	81.5	20	82	67	34	38	
56	55.5	35	22.5	35.5	29.5	42	51.5	31	48.5	33	50	42	22	50.5	57.5	64.5	36	34.5	24	39	28	36.5	16.5	5	24.5	36.5	44	33.5	50.5	60.5	44	47.5	27	20	34.5	24.5	55	53.5	55	46	19	54	35	16.5	37.5	55	42	33	41.5	32	57.5	51.5	26.5	20.5	29.5	25	56	33.5	30.5	31	37	56	30.5	62.5	53	42	31	35	31.5	52	43	32.5	0	14.5	54	25.5	59.5	48	41.5	42	7	20	62	34.5	54.5	0	39	8	26.5	41	17.5	39.5	32.5	24.5	54	57	17.5	38	40.5	43	42.5	43	64	39.5	52	44	32.5	48.5	58.5	34	47.5	39.5	32	20	47	63	20	33	39	29	42.5	55.5	30.5	26.5	34.5	
35	38.5	24	18.5	26.5	38.5	33	72.5	52	39.5	46	41	63	43	41.5	66.5	79.5	25	43.5	25	48	29	27.5	37.5	34	33.5	20.5	35	24.5	71.5	81.5	65	36.5	48	41	43.5	45.5	74	62.5	34	55	40	65	56	22.5	31.5	76	57	24	25.5	33	66.5	60.5	47.5	26.5	38.5	46	47	29.5	38.5	22	28	35	51.5	71.5	74	63	8	54	52.5	73	4	41.5	39	30.5	75	41.5	74.5	27	50.5	63	32	31	47	55.5	63.5	39	0	31	22.5	50	23.5	48.5	53.5	30.5	75	36	33.5	47	49.5	4	51.5	64	43	60.5	61	5	41.5	35.5	45.5	25	38.5	48.5	47	31	38	46	41	36	30	20	51.5	46.5	26.5	35.5	49.5	
64	47.5	37	14.5	27.5	27.5	34	43.5	23	40.5	25	42	34	14	42.5	59.5	56.5	36	42.5	16	43	20	28.5	8.5	3	32.5	40.5	36	25.5	42.5	52.5	36	39.5	19	12	42.5	16.5	47	53.5	57	46	11	46	27	8.5	29.5	47	34	25	35.5	24	49.5	55.5	18.5	12.5	37.5	17	48	25.5	22.5	23	29	56	22.5	54.5	45	34	23	27	23.5	44	35	34.5	8	6.5	46	17.5	51.5	54	45.5	34	1	28	54	26.5	62.5	8	31	0	18.5	41	9.5	47.5	24.5	16.5	46	65	9.5	44	36.5	35	44.5	35	58	31.5	60	36	24.5	40.5	50.5	26	39.5	37.5	24	28	39	55	12	25	31	21	44.5	47.5	22.5	30.5	26.5	
47.5	39	31.5	4	19	44	25.5	60	39.5	32	41.5	33.5	50.5	30.5	34	74	73	32.5	51	12.5	55.5	16.5	20	25	21.5	41	22	27.5	17	59	69	52.5	31	35.5	28.5	51	33	63.5	70	46.5	62.5	27.5	62.5	43.5	10	31	63.5	50.5	16.5	17	20.5	66	68	35	14	46	33.5	39.5	7	34	14.5	20.5	47.5	39	71	61.5	50.5	14.5	43.5	40	60.5	26.5	49	26.5	18	62.5	29	68	39.5	58	50.5	19.5	38.5	45.5	43	71	26.5	22.5	18.5	0	57.5	11	56	41	18	62.5	48.5	21	54.5	53	26.5	59	51.5	49.5	48	68.5	27.5	41	32	42	17.5	31	54	40.5	38.5	30.5	46.5	28.5	31.5	27.5	12.5	59	39	4	43	43	
55	58.5	34	53.5	58.5	23.5	57	52.5	28	75.5	26	69	43	33	73.5	26.5	39.5	35	8.5	55	2	51	67.5	32.5	44	18.5	35.5	75	64.5	51.5	43.5	45	56.5	32	31	8.5	30.5	34	22.5	54	15	40	25	36	47.5	36.5	44	7	64	40.5	47	26.5	20.5	32.5	51.5	13.5	34	73	50.5	33.5	62	62	55	28.5	31.5	36	37	58	24	27.5	47	46	16.5	41	45.5	35	38.5	34.5	47	10.5	43	42	21	67	24.5	23.5	41	50	41	57.5	0	48.5	8.5	26.5	49.5	35	56	46.5	3	14.5	46	11.5	36	63	34.5	21	45	26.5	55.5	65.5	65	76.5	13.5	27	21	62	66	31	36	40	60	11.5	68.5	53.5	20.5	24.5	
56.5	40	29.5	7	20	35	26.5	51	30.5	33	32.5	34.5	41.5	21.5	35	67	64	28.5	50	8.5	50.5	12.5	21	16	12.5	40	33	28.5	18	50	60	43.5	32	26.5	19.5	50	24	54.5	61	49.5	53.5	18.5	53.5	34.5	1	20	54.5	41.5	17.5	28	16.5	57	63	26	3	45	24.5	40.5	18	25	15.5	21.5	48.5	30	62	52.5	41.5	15.5	34.5	31	51.5	27.5	42	17.5	9	53.5	20	59	46.5	53	41.5	10.5	37.5	46.5	34	70	17.5	23.5	9.5	11	48.5	0	55	32	7	53.5	57.5	12	51.5	44	27.5	52	42.5	50.5	39	67.5	28.5	32	33	43	18.5	32	45	31.5	37.5	31.5	47.5	19.5	22.5	23.5	13.5	52	40	15	38	34	
53.5	57	32.5	60	57	22	55.5	46	26.5	74	24.5	67.5	40.5	35.5	72	20	33	33.5	7	53.5	6.5	49.5	66	39	44.5	17	34	73.5	69	47	37	38.5	55	30.5	37.5	7	33	27.5	16	52.5	8.5	38.5	18.5	37.5	54	35	37.5	15.5	64.5	39	45.5	20	14	31	52	12	32.5	71.5	49	32	66.5	60.5	53.5	27	25	29.5	30.5	56.5	22.5	26	40.5	44.5	15	39.5	48	28.5	37	28	45.5	2	40.5	46.5	19.5	65.5	23	17	39.5	48.5	47.5	56	8.5	55	0	25	48	28.5	54.5	45	5.5	13	44.5	3	29.5	61.5	28	14.5	43.5	25	54	64	63.5	75	12	25.5	19.5	60.5	64.5	37.5	34.5	38.5	66.5	3	67	52	19	23	
66.5	70	45.5	37	50	35	56.5	41	25.5	63	37.5	64.5	31.5	16.5	65	43	54	46.5	18	38.5	24.5	42.5	51	16	27.5	30	47	58.5	48	40	50	33.5	62	31.5	14.5	18	8	44.5	39	65.5	31.5	23.5	41.5	24.5	31	48	44.5	31.5	47.5	52	46.5	43	37	26	35	25	29.5	70.5	48	45	45.5	51.5	66.5	2	48	42.5	31.5	45.5	29.5	1	41.5	57.5	28	32.5	29	43.5	40	49	58.5	27	31.5	25.5	32.5	76.5	2	40	32.5	53.5	24.5	41	26.5	32	25	0	39	43.5	67.5	32	23.5	12	57.5	28	32.5	74.5	29	37.5	56.5	38	63	73	48.5	62	13	36.5	32.5	61.5	77.5	14.5	47.5	51.5	43.5	28	70	45	32	34	
49.5	47	28.5	14	27	38	33.5	58	37.5	40	39.5	41.5	48.5	28.5	42	66	71	29.5	43	15.5	47.5	19.5	28	23	19.5	33	30	35.5	25	57	67	50.5	39	33.5	26.5	43	31	61.5	62	48.5	54.5	25.5	60.5	41.5	8	13	61.5	48.5	24.5	35	23.5	64	60	33	4	38	31.5	47.5	25	32	22.5	28.5	49.5	37	69	59.5	48.5	22.5	41.5	38	58.5	34.5	41	24.5	16	60.5	27	66	41.5	50	48.5	17.5	30.5	53.5	41	63	24.5	30.5	16.5	18	49.5	7	48	39	0	60.5	50.5	19	46.5	49	34.5	51	49.5	57.5	46	60.5	35.5	39	40	50	25.5	39	48	38.5	30.5	38.5	54.5	26.5	29.5	30.5	20.5	51	47	22	35	41	
80	83.5	59	58.5	71.5	48.5	78	27.5	47	84.5	51	86	12	38	86.5	21.5	34.5	60	33.5	60	33	64	72.5	37.5	49	43.5	60.5	80	69.5	26.5	36.5	10	81.5	53	36	33.5	35.5	1	22.5	79	30	45	30	21	52.5	61.5	31	42	69	65.5	68	26.5	20.5	47.5	56.5	38.5	51	92	69.5	58.5	67	73	80	41.5	26.5	1	28	67	49	42.5	28	71	41.5	54	50.5	0	61.5	29.5	72	30.5	12	47	46	92	45.5	18.5	54	75	46	62.5	35	53.5	28.5	43.5	60.5	0	81	53.5	32	39.5	71	31.5	29	88	30.5	14	70	51.5	80.5	90.5	70	83.5	38.5	52	46	83	91	36	61	65	65	31.5	91.5	66.5	45.5	49.5	
1	19.5	30	52.5	39.5	44.5	33	98.5	64	26.5	52	25	93	73	24.5	72.5	85.5	31	49.5	51	54	47	38.5	71.5	62	39.5	26.5	31	41.5	99.5	89.5	91	27.5	58	75	49.5	75.5	80	68.5	10	61	66	71	90	56.5	37.5	90	63	42	31.5	43	72.5	66.5	63.5	54.5	44.5	60	17	41.5	44.5	44	38	11	69.5	77.5	82	83	44	60	68.5	93	32	47.5	57	60.5	81	49.5	80.5	13	56.5	93	64	37	11	65.5	69.5	57	36	65	48.5	56	57.5	54.5	67.5	50.5	81	0	57.5	53	55.5	32	57.5	82	7	80.5	67	31	47.5	26.5	16.5	41	27.5	54.5	53	37	28	10	75	42	36	44	57.5	19.5	44.5	41.5	55.5	
56.5	50	35.5	17	30	35	36.5	51	30.5	43	32.5	44.5	41.5	21.5	45	63	64	36.5	40	18.5	44.5	22.5	31	16	12.5	30	37	38.5	28	50	60	43.5	42	26.5	19.5	40	24	54.5	59	55.5	51.5	18.5	53.5	34.5	11	32	54.5	41.5	27.5	38	26.5	57	57	26	15	35	24.5	50.5	28	13	25.5	31.5	56.5	30	62	52.5	41.5	25.5	34.5	31	51.5	37.5	38	17.5	3	53.5	8	59	48.5	47	41.5	10.5	27.5	56.5	34	60	17.5	33.5	9.5	21	46.5	12	45	32	19	53.5	57.5	0	43.5	44	37.5	48	42.5	60.5	39	57.5	38.5	32	43	53	28.5	42	45	31.5	27.5	41.5	57.5	19.5	27.5	33.5	23.5	48	50	25	32	34	
52	55.5	31	56.5	55.5	20.5	54	49.5	25	72.5	23	66	44	34	70.5	23.5	36.5	32	5.5	52	1	48	64.5	35.5	43	15.5	32.5	72	67.5	50.5	40.5	42	53.5	29	34	5.5	31.5	31	19.5	51	12	37	22	39	50.5	33.5	41	10	63	37.5	44	23.5	17.5	29.5	50.5	10.5	31	70	47.5	30.5	65	59	52	25.5	28.5	33	34	55	21	24.5	44	43	13.5	38	46.5	32	35.5	31.5	44	7.5	44	45	18	64	21.5	20.5	38	47	44	54.5	3	51.5	5.5	23.5	46.5	32	53	43.5	0	11.5	43	8.5	33	60	31.5	18	42	23.5	52.5	62.5	62	73.5	10.5	24	18	59	63	34	33	37	63	8.5	65.5	50.5	17.5	21.5	
54.5	58	33.5	49	58	23	56.5	53	27.5	75	25.5	68.5	43.5	28.5	73	31	44	34.5	6	50.5	12.5	50.5	63	28	39.5	18	35	70.5	60	52	48	45.5	56	31.5	26.5	6	20	38.5	27	53.5	19.5	35.5	29.5	36.5	43	36	48.5	21.5	59.5	40	46.5	31	25	32	47	13	33.5	72.5	50	33	57.5	61.5	54.5	14	36	40.5	41.5	57.5	23.5	13	51.5	45.5	16	40.5	41	39.5	38	39	46.5	15	43.5	37.5	20.5	66.5	10	28	40.5	49.5	36.5	53	14.5	44	13	12	49	39.5	55.5	44	11.5	0	45.5	16	40.5	62.5	39	25.5	44.5	26	55	65	60.5	74	1	26.5	20.5	61.5	65.5	26.5	35.5	39.5	55.5	16	68	53	20	24	
31	34.5	20	22.5	30.5	34.5	33	76.5	54	43.5	42	45	67	47	45.5	62.5	75.5	21	39.5	29	44	33	31.5	41.5	38	29.5	16.5	39	28.5	75.5	79.5	69	32.5	48	45	39.5	49.5	70	58.5	30	51	44	61	60	26.5	27.5	80	53	28	21.5	33	62.5	56.5	51.5	30.5	34.5	50	49	31.5	34.5	26	32	31	55.5	67.5	72	67	12	50	56.5	77	0	37.5	43	34.5	71	39.5	70.5	23	46.5	67	36	27	43	55.5	59.5	43	4	35	26.5	46	27.5	44.5	57.5	34.5	71	32	37.5	43	45.5	0	47.5	68	39	64.5	57	1	37.5	31.5	41.5	29	42.5	44.5	43	27	38	42	45	32	26	24	47.5	44.5	30.5	31.5	45.5	
56.5	60	35.5	57	60	25	58.5	49	29.5	77	27.5	70.5	41.5	36.5	75	23	36	36.5	10	56.5	9.5	52.5	69	36	47.5	20	37	76.5	68	50	40	41.5	58	33.5	34.5	10	34	30.5	19	55.5	11.5	41.5	21.5	34.5	51	38	40.5	18.5	67.5	42	48.5	23	17	34	55	15	35.5	74.5	52	35	65.5	63.5	56.5	30	28	32.5	33.5	59.5	25.5	29	43.5	47.5	18	42.5	49	31.5	40	31	48.5	1	41.5	45.5	22.5	68.5	26	20	42.5	51.5	44.5	59	11.5	52	3	28	51	31.5	57.5	48	8.5	16	47.5	0	32.5	64.5	31	17.5	46.5	28	57	67	66.5	78	15	28.5	22.5	63.5	67.5	34.5	37.5	41.5	63.5	0	70	55	22	26	
81	80.5	60	47.5	60.5	49.5	67	26.5	36	73.5	48	75	17	27	75.5	32.5	39.5	61	34.5	49	34	53	61.5	26.5	38	44.5	61.5	69	58.5	25.5	35.5	19	72.5	42	25	34.5	24.5	30	28.5	80	31	34	11	8	41.5	62.5	30	37	58	66.5	57	32.5	26.5	36.5	45.5	39.5	40	81	58.5	55.5	56	62	81	30.5	37.5	28	1	56	40	31.5	27	68	42.5	43	39.5	29	50.5	34.5	73	31.5	17	36	47	87	34.5	29.5	43	64	35	51.5	36	42.5	29.5	32.5	49.5	29	82	42.5	33	40.5	68	32.5	0	89	19.5	27	69	52.5	73.5	83.5	59	72.5	39.5	47	47	72	88	25	58	64	54	32.5	80.5	55.5	46.5	44.5	
8	26.5	37	45.5	46.5	51.5	40	99.5	71	31.5	59	32	90	70	31.5	79.5	92.5	38	56.5	52	61	54	39.5	64.5	61	46.5	33.5	32	36.5	98.5	96.5	92	34.5	65	68	56.5	72.5	87	75.5	17	68	67	78	83	49.5	44.5	97	70	41	38.5	50	79.5	73.5	70.5	53.5	51.5	67	10	48.5	51.5	39	45	18	76.5	84.5	89	90	49	67	75.5	100	39	54.5	64	57.5	88	56.5	87.5	20	63.5	90	59	44	4	72.5	76.5	64	43	58	49.5	63	50.5	61.5	74.5	57.5	88	7	60.5	60	62.5	39	64.5	89	0	87.5	74	38	54.5	33.5	23.5	42	30.5	61.5	60	44	35	3	68	49	43	37	64.5	26.5	51.5	48.5	62.5	
79.5	77	58.5	44	57	48	63.5	28	32.5	70	44.5	71.5	18.5	23.5	72	36	41	59.5	33	45.5	32.5	49.5	58	23	34.5	43	60	65.5	55	27	37	20.5	69	38.5	21.5	33	21	31.5	32	78.5	29.5	30.5	30.5	11.5	38	59	31.5	33.5	54.5	65	53.5	34	30	33	42	38	36.5	77.5	55	52	52.5	58.5	79.5	27	39	29.5	18.5	52.5	36.5	28	28.5	64.5	41	39.5	36	30.5	47	36	71.5	30	18.5	32.5	45.5	83.5	31	33	39.5	60.5	31.5	48	34.5	39	28	29	46	30.5	80.5	39	31.5	39	64.5	31	19.5	87.5	0	30.5	65.5	49	70	80	55.5	69	38	43.5	45.5	68.5	84.5	21.5	54.5	60.5	50.5	31	77	52	45	41	
66	69.5	45	72.5	69.5	34.5	68	33.5	39	86.5	37	80	26	48	84.5	7.5	20.5	46	19.5	66	19	62	78.5	51.5	57	29.5	46.5	86	81.5	34.5	24.5	24	67.5	43	50	19.5	45.5	13	8.5	65	16	51	16	35	66.5	47.5	25	28	77	51.5	58	12.5	6.5	43.5	64.5	24.5	45	84	61.5	44.5	79	73	66	39.5	12.5	15	28	69	35	38.5	28	57	27.5	52	60.5	14	49.5	15.5	58	16.5	26	59	32	78	35.5	4.5	52	61	60	68.5	21	67.5	14.5	37.5	60.5	14	67	57.5	18	25.5	57	17.5	27	74	30.5	0	56	37.5	66.5	76.5	76	87.5	24.5	38	32	73	77	50	47	51	79	17.5	79.5	64.5	31.5	35.5	
30	33.5	19	23.5	31.5	33.5	32	77.5	53	44.5	41	44	68	48	46.5	61.5	74.5	20	38.5	30	43	34	32.5	42.5	39	28.5	15.5	40	29.5	76.5	78.5	70	31.5	47	46	38.5	50.5	69	57.5	29	50	45	60	61	27.5	26.5	79	52	29	20.5	32	61.5	55.5	52.5	31.5	33.5	49	48	30.5	33.5	27	33	30	56.5	66.5	71	68	13	49	57.5	78	1	36.5	44	35.5	70	38.5	69.5	22	45.5	68	37	26	42	54.5	58.5	44	5	36	27.5	45	28.5	43.5	56.5	35.5	70	31	38.5	42	44.5	1	46.5	69	38	65.5	56	0	36.5	30.5	40.5	30	43.5	43.5	42	26	37	41	46	31	25	25	46.5	43.5	31.5	30.5	44.5	
46.5	50	25.5	37	50	3	48.5	61	34.5	63	22.5	60.5	51.5	31.5	65	43	56	26.5	20	38.5	24.5	42.5	51	26	27.5	8	27	58.5	48	60	60	53.5	48	28.5	29.5	20	34	50.5	39	45.5	31.5	28.5	41.5	44.5	31	28	60.5	33.5	47.5	32	38.5	43	37	34	35	15	30.5	64.5	42	25	45.5	51.5	46.5	40	48	52.5	51.5	45.5	30.5	39	61.5	37.5	18	32.5	29	51.5	30	51	38.5	27	51.5	25.5	12.5	58.5	36	40	32.5	41.5	24.5	41	26.5	32	25	38	39	51.5	47.5	32	23.5	26	37.5	28	52.5	54.5	49	37.5	36.5	0	47	57	48.5	62	25	23.5	12.5	53.5	57.5	29.5	27.5	31.5	43.5	28	60	45	6	26	
25.5	29	29.5	28	31	44	32.5	82	61.5	34	51.5	35.5	72.5	52.5	36	72	85	30.5	49	34.5	53.5	38.5	12	47	43.5	39	26	29.5	15	81	89	74.5	1	57.5	50.5	49	55	79.5	68	24.5	60.5	49.5	70.5	65.5	32	37	85.5	62.5	23.5	31	42.5	72	66	57	36	44	55.5	41.5	39	44	21.5	27.5	25.5	61	77	81.5	72.5	31.5	59.5	62	82.5	31.5	47	48.5	40	80.5	49	80	17.5	56	72.5	41.5	36.5	37.5	65	69	48.5	35.5	40.5	32	55.5	33	54	63	40	80.5	26.5	43	52.5	55	31.5	57	73.5	33.5	70	66.5	30.5	47	0	36	24.5	33	54	52.5	36.5	32.5	36.5	50.5	41.5	35.5	19.5	57	39	36	41	55	
15.5	29	39.5	38	41	54	42.5	92	71.5	10	61.5	30.5	82.5	62.5	8	82	95	40.5	59	44.5	63.5	48.5	32	57	53.5	49	36	24.5	29	91	99	84.5	37	67.5	60.5	59	65	89.5	78	19.5	70.5	59.5	80.5	75.5	42	47	95.5	72.5	33.5	41	52.5	82	76	67	46	54	65.5	31.5	49	54	31.5	37.5	20.5	71	87	91.5	82.5	41.5	69.5	72	92.5	41.5	57	58.5	50	90.5	59	90	22.5	66	82.5	51.5	46.5	27.5	75	79	58.5	45.5	50.5	42	65.5	43	64	73	50	90.5	16.5	53	62.5	65	41.5	67	83.5	23.5	80	76.5	40.5	57	36	0	34.5	11	64	62.5	46.5	37.5	26.5	60.5	51.5	45.5	29.5	67	3	46	51	65	
40	31.5	39	13.5	16.5	51.5	8	67.5	47	24.5	49	26	58	38	26.5	81.5	80.5	40	58.5	20	63	24	12.5	32.5	29	48.5	35.5	20	9.5	66.5	76.5	60	23.5	43	36	58.5	40.5	71	77.5	39	70	35	70	51	17.5	38.5	71	58	1	34.5	28	73.5	75.5	42.5	21.5	53.5	41	32	24.5	41.5	3	3	40	46.5	78.5	69	58	17	51	47.5	68	29	56.5	34	25.5	70	36.5	75.5	32	65.5	58	27	46	38	50.5	78.5	34	25	26	17.5	65	18.5	63.5	48.5	25.5	70	41	28.5	62	60.5	29	66.5	59	42	55.5	76	30	48.5	24.5	34.5	0	23.5	61.5	48	46	23	39	36	39	35	5	66.5	31.5	21.5	50.5	50.5	
26.5	30	50.5	27	30	65	31.5	81	60.5	1	62.5	19.5	71.5	51.5	3	93	94	51.5	70	33.5	74.5	37.5	21	46	42.5	60	47	13.5	18	80	90	73.5	32	56.5	49.5	70	54	84.5	89	30.5	81.5	48.5	83.5	64.5	31	52	84.5	71.5	22.5	48	41.5	87	87	56	35	65	54.5	20.5	38	55	20.5	26.5	31.5	60	92	82.5	71.5	30.5	64.5	61	81.5	42.5	68	47.5	39	83.5	50	89	33.5	77	71.5	40.5	57.5	26.5	64	90	47.5	38.5	39.5	31	76.5	32	75	62	39	83.5	27.5	42	73.5	74	42.5	78	72.5	30.5	69	87.5	43.5	62	33	11	23.5	0	75	61.5	57.5	26.5	27.5	49.5	52.5	48.5	18.5	78	8	35	62	64	
53.5	57	32.5	50	57	22	55.5	54	26.5	74	24.5	67.5	44.5	29.5	72	30	43	33.5	5	51.5	11.5	49.5	64	29	40.5	17	34	71.5	61	53	47	46.5	55	30.5	27.5	5	21	37.5	26	52.5	18.5	36.5	28.5	37.5	44	35	47.5	20.5	60.5	39	45.5	30	24	31	48	12	32.5	71.5	49	32	58.5	60.5	53.5	15	35	39.5	40.5	56.5	22.5	14	50.5	44.5	15	39.5	42	38.5	37	38	45.5	14	44.5	38.5	19.5	65.5	11	27	39.5	48.5	37.5	54	13.5	45	12	13	48	38.5	54.5	45	10.5	1	44.5	15	39.5	61.5	38	24.5	43.5	25	54	64	61.5	75	0	25.5	19.5	60.5	64.5	27.5	34.5	38.5	56.5	15	67	52	19	23	
52	55.5	31	36.5	49.5	20.5	54	55.5	35	62.5	1	64	46	26	64.5	43.5	56.5	32	20.5	38	25	42	50.5	20.5	27	15.5	32.5	58	47.5	54.5	60.5	48	53.5	5	24	20.5	28.5	51	39.5	51	32	13	42	39	30.5	33.5	59	34	47	37.5	44	43.5	37.5	30.5	34.5	15.5	7	70	47.5	30.5	45	51	52	34.5	48.5	53	46	45	31	35.5	56	43	18.5	32	28.5	52	35.5	51.5	44	27.5	46	25	18	64	36.5	40.5	32	47	24	40.5	27	31.5	25.5	36.5	38.5	52	53	31.5	24	26.5	43	28.5	47	60	43.5	38	42	23.5	52.5	62.5	48	61.5	25.5	0	18	59	63	24	33	37	43	28.5	65.5	44.5	17.5	26.5	
36	39.5	15	42.5	39.5	9.5	38	63.5	29	56.5	17	50	58	38	54.5	37.5	50.5	16	14.5	36	19	32	48.5	36.5	25	4.5	16.5	56	51.5	64.5	54.5	56	37.5	23	40	14.5	40.5	45	33.5	35	26	31	36	55	36.5	17.5	55	28	47	21.5	28	37.5	31.5	28.5	34.5	9.5	25	54	31.5	14.5	49	43	36	34.5	42.5	47	48	39	25	33.5	58	27	12.5	20	30.5	46	19.5	45.5	28	21.5	58	27	0	48	30.5	34.5	20	31	28	38.5	21	37.5	19.5	32.5	30.5	46	37	27.5	18	20.5	27	22.5	47	44	45.5	32	26	12.5	36.5	46.5	46	57.5	19.5	18	0	43	47	40	17	21	49	22.5	49.5	34.5	6.5	20.5	
27	30.5	36	26.5	29.5	50.5	31	80.5	60	27.5	58	29	71	51	29.5	78.5	91.5	37	55.5	33	60	37	20.5	45.5	42	45.5	32.5	23	17.5	79.5	89.5	73	31.5	56	49	55.5	53.5	84	74.5	26	67	48	77	64	30.5	43.5	84	69	22	37.5	41	78.5	72.5	55.5	34.5	50.5	54	35	37.5	50.5	20	26	27	59.5	83.5	82	71	30	64	60.5	81	38	53.5	47	38.5	83	49.5	86.5	15	62.5	71	40	43	39	63.5	75.5	47	38	39	30.5	62	31.5	60.5	61.5	38.5	83	28	41.5	59	61.5	38	63.5	72	35	68.5	73	37	53.5	32.5	37.5	23	26.5	60.5	59	43	0	38	49	48	42	18	63.5	34.5	34.5	47.5	61.5	
11	29.5	40	42.5	45.5	54.5	43	96.5	74	28.5	62	35	87	67	30.5	82.5	95.5	41	59.5	49	64	53	36.5	61.5	58	49.5	36.5	29	33.5	95.5	99.5	89	37.5	68	65	59.5	69.5	90	78.5	20	71	64	81	80	46.5	47.5	100	73	38	41.5	53	82.5	76.5	71.5	50.5	54.5	70	7	51.5	54.5	36	42	21	75.5	87.5	92	87	46	70	76.5	97	42	57.5	63	54.5	91	59.5	90.5	23	66.5	87	56	47	1	75.5	79.5	63	46	55	46.5	66	47.5	64.5	77.5	54.5	91	10	57.5	63	65.5	42	67.5	88	3	84.5	77	41	57.5	36.5	26.5	39	27.5	64.5	63	47	38	0	65	52	46	34	67.5	29.5	50.5	51.5	65.5	
74	57.5	47	24.5	37.5	32.5	44	33.5	11	50.5	25	52	24	2	52.5	49.5	46.5	46	32.5	26	33	30	38.5	3.5	15	37.5	50.5	46	35.5	32.5	42.5	26	49.5	19	0	32.5	6.5	37	43.5	67	36	11	36	17	18.5	39.5	37	24	35	45.5	34	39.5	45.5	13.5	22.5	32.5	17	58	35.5	32.5	33	39	66	12.5	44.5	35	24	33	15	13.5	34	45	29.5	20	16.5	36	27.5	41.5	64	35.5	24	13	40	64	16.5	52.5	20	41	12	28.5	31	19.5	37.5	14.5	26.5	36	75	19.5	34	26.5	45	34.5	25	68	21.5	50	46	29.5	50.5	60.5	36	49.5	27.5	24	40	49	65	0	35	41	31	34.5	57.5	32.5	35.5	21.5	
41	44.5	20	27.5	40.5	24.5	43	66.5	44	53.5	32	55	57	37	55.5	52.5	65.5	21	29.5	29	34	33	41.5	31.5	28	19.5	21.5	49	38.5	65.5	69.5	59	42.5	38	35	29.5	39.5	60	48.5	40	41	34	51	50	21.5	22.5	70	43	38	26.5	33	52.5	46.5	41.5	25.5	24.5	40	59	36.5	24.5	36	42	41	45.5	57.5	62	57	36	40	46.5	67	32	27.5	33	24.5	61	29.5	60.5	33	36.5	57	26	17	53	45.5	49.5	33	36	25	31.5	36	22.5	34.5	47.5	29.5	61	42	27.5	33	35.5	32	37.5	58	49	54.5	47	31	27.5	41.5	51.5	39	52.5	34.5	33	17	48	52	35	0	26	34	37.5	54.5	35.5	21.5	35.5	
35	38.5	6	23.5	36.5	28.5	37	72.5	48	49.5	36	49	63	43	51.5	56.5	69.5	5	33.5	15	38	11	37.5	37.5	34	23.5	15.5	45	34.5	71.5	73.5	65	36.5	42	41	33.5	45.5	64	52.5	34	45	40	55	56	22.5	21.5	74	47	34	20.5	7	56.5	50.5	47.5	26.5	28.5	44	53	30.5	28.5	32	38	35	51.5	61.5	66	63	32	44	52.5	73	26	31.5	39	30.5	65	33.5	64.5	27	40.5	63	32	21	47	49.5	53.5	39	30	31	27.5	40	23.5	38.5	51.5	30.5	65	36	33.5	37	39.5	26	41.5	64	43	60.5	51	25	31.5	35.5	45.5	35	48.5	38.5	37	21	42	46	41	26	0	30	41.5	48.5	31.5	25.5	39.5	
45	26.5	36	8.5	11.5	46.5	13	62.5	42	19.5	44	21	53	33	21.5	78.5	75.5	35	61.5	15	62	19	7.5	27.5	24	51.5	34.5	15	4.5	61.5	71.5	55	18.5	38	31	61.5	35.5	66	72.5	36	65	30	65	46	12.5	33.5	66	53	4	29.5	23	68.5	74.5	37.5	16.5	56.5	36	27	19.5	36.5	2	8	35	41.5	73.5	64	53	12	46	42.5	63	24	53.5	29	20.5	65	31.5	70.5	33	64.5	53	22	49	33	45.5	81.5	29	20	21	12.5	60	13.5	66.5	43.5	20.5	65	44	23.5	63	55.5	24	63.5	54	37	50.5	79	25	43.5	19.5	29.5	5	18.5	56.5	43	49	18	34	31	34	30	0	63.5	26.5	16.5	49.5	45.5	
56.5	60	35.5	57	60	25	58.5	49	29.5	77	27.5	70.5	41.5	36.5	75	23	36	36.5	10	56.5	9.5	52.5	69	36	47.5	20	37	76.5	68	50	40	41.5	58	33.5	34.5	10	34	30.5	19	55.5	11.5	41.5	21.5	34.5	51	38	40.5	18.5	67.5	42	48.5	23	17	34	55	15	35.5	74.5	52	35	65.5	63.5	56.5	30	28	32.5	33.5	59.5	25.5	29	43.5	47.5	18	42.5	49	31.5	40	31	48.5	1	41.5	45.5	22.5	68.5	26	20	42.5	51.5	44.5	59	11.5	52	3	28	51	31.5	57.5	48	8.5	16	47.5	0	32.5	64.5	31	17.5	46.5	28	57	67	66.5	78	15	28.5	22.5	63.5	67.5	34.5	37.5	41.5	63.5	0	70	55	22	26	
18.5	32	42.5	35	38	57	39.5	89	68.5	7	64.5	27.5	79.5	59.5	5	85	98	43.5	62	41.5	66.5	45.5	29	54	50.5	52	39	21.5	26	88	98	81.5	40	64.5	57.5	62	62	92.5	81	22.5	73.5	56.5	83.5	72.5	39	50	92.5	75.5	30.5	44	49.5	85	79	64	43	57	62.5	28.5	46	57	28.5	34.5	23.5	68	90	90.5	79.5	38.5	72.5	69	89.5	44.5	60	55.5	47	91.5	58	93	25.5	69	79.5	48.5	49.5	30.5	72	82	55.5	46.5	47.5	39	68.5	40	67	70	47	91.5	19.5	50	65.5	68	44.5	70	80.5	26.5	77	79.5	43.5	60	39	3	31.5	8	67	65.5	49.5	34.5	29.5	57.5	54.5	48.5	26.5	70	0	43	54	68	
43.5	43	27.5	8	23	42	29.5	64	43.5	36	45.5	37.5	54.5	34.5	38	70	77	28.5	47	16.5	51.5	20.5	24	29	25.5	37	18	31.5	21	63	73	56.5	35	39.5	32.5	47	37	67.5	66	42.5	58.5	31.5	66.5	47.5	14	35	67.5	54.5	20.5	13	24.5	70	64	39	18	42	37.5	43.5	3	38	18.5	24.5	43.5	43	75	65.5	54.5	18.5	47.5	44	64.5	30.5	45	30.5	22	66.5	33	72	35.5	54	54.5	23.5	34.5	49.5	47	67	30.5	26.5	22.5	4	53.5	15	52	45	22	66.5	44.5	25	50.5	53	30.5	55	55.5	51.5	52	64.5	31.5	45	36	46	21.5	35	52	44.5	34.5	34.5	50.5	32.5	35.5	31.5	16.5	55	43	0	39	47	
40.5	44	19.5	43	44	3	42.5	63	28.5	61	16.5	54.5	57.5	37.5	59	37	50	20.5	14	40.5	18.5	36.5	53	32	31.5	2	21	60.5	54	64	54	55.5	42	22.5	35.5	14	40	44.5	33	39.5	25.5	30.5	35.5	50.5	37	22	54.5	27.5	51.5	26	32.5	37	31	28	39	9	24.5	58.5	36	19	51.5	47.5	40.5	34	42	46.5	47.5	43.5	24.5	33	57.5	31.5	12	26.5	35	45.5	24	45	32.5	21	57.5	31.5	6.5	52.5	30	34	26.5	35.5	30.5	43	20.5	38	19	32	35	45.5	41.5	32	17.5	20	31.5	22	46.5	48.5	45	31.5	30.5	6	41	51	50.5	62	19	17.5	6.5	47.5	51.5	35.5	21.5	25.5	49.5	22	54	39	0	20	
54.5	58	33.5	39	52	23	56.5	53	32.5	65	25.5	66.5	43.5	23.5	67	41	54	34.5	18	40.5	22.5	44.5	53	18	29.5	18	35	60.5	50	52	58	45.5	56	31.5	21.5	18	26	48.5	37	53.5	29.5	25.5	39.5	36.5	33	36	56.5	31.5	49.5	40	46.5	41	35	8	37	11	31.5	72.5	50	33	47.5	53.5	54.5	32	46	50.5	43.5	47.5	28.5	33	53.5	45.5	8	34.5	31	49.5	38	49	46.5	25	43.5	27.5	20.5	66.5	34	38	34.5	49.5	26.5	43	24.5	34	23	34	41	49.5	55.5	34	21.5	24	45.5	26	44.5	62.5	41	35.5	44.5	26	55	65	50.5	64	23	26.5	20.5	61.5	65.5	21.5	35.5	39.5	45.5	26	68	47	20	0	
