Number of items: 125
Horizon: 9
Time limit: 1000
Load limit: 7500
Initial item inventory level
30
99
93
76
177
47
170
39
92
213
30
19
11
32
168
62
93
126
108
90
83
55
35
93
153
38
62
81
198
201
192
59
26
44
273
249
90
64
141
71
57
94
198
45
138
70
92
16
74
140
285
198
66
66
50
84
58
42
64
66
234
165
29
192
74
180
75
98
54
142
86
20
80
294
93
83
74
98
64
122
38
89
228
204
21
159
60
128
84
18
51
95
27
92
81
38
148
171
17
124
92
38
96
130
20
219
58
30
57
180
67
71
105
25
40
16
63
34
27
42
39
126
71
182
54
Maximum inventory capacity per item
40
198
124
152
236
94
255
52
184
284
45
38
22
48
252
124
124
168
162
120
166
110
70
186
204
76
124
108
264
268
288
118
52
88
364
332
180
96
188
142
114
188
297
60
207
140
184
32
148
210
380
264
132
132
100
126
87
63
128
99
312
220
58
288
148
240
100
196
81
213
129
30
120
392
186
166
148
147
128
183
57
178
304
272
42
212
80
192
112
36
102
190
54
138
108
76
222
228
34
186
138
57
192
195
40
292
116
40
76
270
134
142
140
50
80
32
84
68
54
63
52
168
142
273
108
Reserve storage replenishment rate per item and per period
60	0	0	60	0	0	60	0	0	
594	0	0	594	0	0	594	0	0	
186	0	0	186	0	0	186	0	0	
456	0	0	456	0	0	456	0	0	
354	0	0	354	0	0	354	0	0	
282	0	0	282	0	0	282	0	0	
510	0	0	510	0	0	510	0	0	
78	0	0	78	0	0	78	0	0	
552	0	0	552	0	0	552	0	0	
426	0	0	426	0	0	426	0	0	
90	0	0	90	0	0	90	0	0	
114	0	0	114	0	0	114	0	0	
66	0	0	66	0	0	66	0	0	
96	0	0	96	0	0	96	0	0	
504	0	0	504	0	0	504	0	0	
372	0	0	372	0	0	372	0	0	
186	0	0	186	0	0	186	0	0	
252	0	0	252	0	0	252	0	0	
324	0	0	324	0	0	324	0	0	
180	0	0	180	0	0	180	0	0	
498	0	0	498	0	0	498	0	0	
330	0	0	330	0	0	330	0	0	
210	0	0	210	0	0	210	0	0	
558	0	0	558	0	0	558	0	0	
306	0	0	306	0	0	306	0	0	
228	0	0	228	0	0	228	0	0	
372	0	0	372	0	0	372	0	0	
162	0	0	162	0	0	162	0	0	
396	0	0	396	0	0	396	0	0	
402	0	0	402	0	0	402	0	0	
576	0	0	576	0	0	576	0	0	
354	0	0	354	0	0	354	0	0	
156	0	0	156	0	0	156	0	0	
264	0	0	264	0	0	264	0	0	
546	0	0	546	0	0	546	0	0	
498	0	0	498	0	0	498	0	0	
540	0	0	540	0	0	540	0	0	
192	0	0	192	0	0	192	0	0	
282	0	0	282	0	0	282	0	0	
426	0	0	426	0	0	426	0	0	
342	0	0	342	0	0	342	0	0	
564	0	0	564	0	0	564	0	0	
594	0	0	594	0	0	594	0	0	
90	0	0	90	0	0	90	0	0	
414	0	0	414	0	0	414	0	0	
420	0	0	420	0	0	420	0	0	
552	0	0	552	0	0	552	0	0	
96	0	0	96	0	0	96	0	0	
444	0	0	444	0	0	444	0	0	
420	0	0	420	0	0	420	0	0	
570	0	0	570	0	0	570	0	0	
396	0	0	396	0	0	396	0	0	
396	0	0	396	0	0	396	0	0	
396	0	0	396	0	0	396	0	0	
300	0	0	300	0	0	300	0	0	
252	0	0	252	0	0	252	0	0	
174	0	0	174	0	0	174	0	0	
126	0	0	126	0	0	126	0	0	
384	0	0	384	0	0	384	0	0	
198	0	0	198	0	0	198	0	0	
468	0	0	468	0	0	468	0	0	
330	0	0	330	0	0	330	0	0	
174	0	0	174	0	0	174	0	0	
576	0	0	576	0	0	576	0	0	
444	0	0	444	0	0	444	0	0	
360	0	0	360	0	0	360	0	0	
150	0	0	150	0	0	150	0	0	
588	0	0	588	0	0	588	0	0	
162	0	0	162	0	0	162	0	0	
426	0	0	426	0	0	426	0	0	
258	0	0	258	0	0	258	0	0	
60	0	0	60	0	0	60	0	0	
240	0	0	240	0	0	240	0	0	
588	0	0	588	0	0	588	0	0	
558	0	0	558	0	0	558	0	0	
498	0	0	498	0	0	498	0	0	
444	0	0	444	0	0	444	0	0	
294	0	0	294	0	0	294	0	0	
384	0	0	384	0	0	384	0	0	
366	0	0	366	0	0	366	0	0	
114	0	0	114	0	0	114	0	0	
534	0	0	534	0	0	534	0	0	
456	0	0	456	0	0	456	0	0	
408	0	0	408	0	0	408	0	0	
126	0	0	126	0	0	126	0	0	
318	0	0	318	0	0	318	0	0	
120	0	0	120	0	0	120	0	0	
384	0	0	384	0	0	384	0	0	
168	0	0	168	0	0	168	0	0	
108	0	0	108	0	0	108	0	0	
306	0	0	306	0	0	306	0	0	
570	0	0	570	0	0	570	0	0	
162	0	0	162	0	0	162	0	0	
276	0	0	276	0	0	276	0	0	
162	0	0	162	0	0	162	0	0	
228	0	0	228	0	0	228	0	0	
444	0	0	444	0	0	444	0	0	
342	0	0	342	0	0	342	0	0	
102	0	0	102	0	0	102	0	0	
372	0	0	372	0	0	372	0	0	
276	0	0	276	0	0	276	0	0	
114	0	0	114	0	0	114	0	0	
576	0	0	576	0	0	576	0	0	
390	0	0	390	0	0	390	0	0	
120	0	0	120	0	0	120	0	0	
438	0	0	438	0	0	438	0	0	
348	0	0	348	0	0	348	0	0	
60	0	0	60	0	0	60	0	0	
114	0	0	114	0	0	114	0	0	
540	0	0	540	0	0	540	0	0	
402	0	0	402	0	0	402	0	0	
426	0	0	426	0	0	426	0	0	
210	0	0	210	0	0	210	0	0	
150	0	0	150	0	0	150	0	0	
240	0	0	240	0	0	240	0	0	
96	0	0	96	0	0	96	0	0	
126	0	0	126	0	0	126	0	0	
204	0	0	204	0	0	204	0	0	
162	0	0	162	0	0	162	0	0	
126	0	0	126	0	0	126	0	0	
78	0	0	78	0	0	78	0	0	
252	0	0	252	0	0	252	0	0	
426	0	0	426	0	0	426	0	0	
546	0	0	546	0	0	546	0	0	
324	0	0	324	0	0	324	0	0	
Forward storage demand rate per item and per period
10	11	0	8	7	6	15	9	9	
99	144	150	41	72	42	64	154	121	
31	36	41	46	17	21	28	18	20	
76	73	97	93	54	19	85	91	77	
59	105	93	91	92	79	35	60	84	
47	31	56	23	77	20	53	44	55	
85	41	127	92	121	107	24	154	61	
13	10	8	23	8	5	10	4	12	
92	72	101	74	106	123	169	140	76	
71	55	87	59	88	82	25	73	84	
15	6	23	16	11	21	23	2	19	
19	35	29	23	9	8	18	12	11	
11	11	9	9	14	5	15	10	8	
16	19	14	21	28	7	14	8	20	
84	74	82	112	26	77	114	112	72	
62	48	39	71	27	97	34	51	43	
31	34	37	15	30	17	37	2	34	
42	75	32	58	19	29	47	35	43	
54	67	69	27	34	67	5	5	61	
30	34	19	30	49	34	22	25	38	
83	75	21	87	38	79	115	37	143	
55	74	31	45	19	28	41	12	49	
35	41	55	45	42	59	24	27	62	
93	43	154	75	88	120	105	104	138	
51	52	57	38	53	15	54	97	37	
38	55	38	7	53	10	27	45	61	
62	43	106	69	86	67	99	48	101	
27	35	23	34	16	29	35	20	40	
66	77	90	31	23	57	78	84	70	
67	60	88	27	94	56	56	108	65	
96	118	162	52	130	33	131	89	111	
59	53	31	56	38	39	6	72	53	
26	34	33	26	20	25	8	5	32	
44	60	18	50	57	18	64	36	48	
91	96	157	72	48	30	106	128	150	
83	59	91	21	43	42	74	80	65	
90	86	143	70	72	47	81	119	149	
32	48	20	30	32	44	35	59	53	
47	82	56	56	36	72	58	21	54	
71	38	102	55	83	126	48	87	104	
57	82	41	85	8	57	34	33	86	
94	89	30	75	153	98	138	68	121	
99	133	105	84	134	137	175	181	66	
15	9	18	22	2	20	18	22	22	
69	100	34	110	7	36	27	59	65	
70	66	96	43	43	55	46	80	55	
92	71	137	159	62	37	87	128	99	
16	5	17	15	16	19	17	21	11	
74	69	139	61	108	101	48	41	71	
70	89	17	123	97	51	58	13	85	
95	71	28	96	138	105	153	110	178	
66	37	112	119	69	96	78	102	69	
66	64	49	102	29	37	75	107	74	
66	60	81	16	75	29	118	37	88	
50	28	80	38	24	9	77	44	50	
42	42	49	59	63	57	31	18	41	
29	24	15	20	25	35	44	50	29	
21	7	14	10	23	11	16	20	31	
64	90	70	82	75	73	38	26	56	
33	16	42	5	39	8	24	34	35	
78	87	137	63	81	71	16	73	75	
55	79	12	39	18	33	46	47	56	
29	30	5	42	27	40	5	48	25	
96	118	63	38	56	87	94	142	50	
74	95	105	45	52	60	81	59	96	
60	56	52	57	93	64	62	86	37	
25	34	33	19	14	45	13	20	34	
98	136	45	46	181	143	114	153	39	
27	29	18	50	20	27	8	18	24	
71	110	72	107	85	41	110	68	55	
43	72	60	64	73	49	53	39	42	
10	4	11	9	11	17	10	14	8	
40	66	55	54	25	56	5	28	43	
98	40	89	162	151	88	40	89	18	
93	134	88	54	54	6	71	100	54	
83	91	37	120	89	162	161	45	129	
74	41	66	104	85	139	93	47	53	
49	58	15	53	38	52	62	42	26	
64	30	28	85	89	109	33	32	89	
61	97	43	65	26	108	64	38	57	
19	23	29	21	22	14	10	17	10	
89	107	14	37	110	52	146	111	153	
76	47	127	76	86	66	90	115	8	
68	75	60	45	34	98	72	55	105	
21	35	19	25	27	2	22	12	9	
53	79	37	84	62	102	54	76	55	
20	29	20	29	29	13	23	11	20	
64	48	93	48	51	45	38	47	26	
28	33	7	35	29	24	16	22	33	
18	23	4	21	17	19	4	19	32	
51	28	63	17	92	46	59	50	37	
95	104	104	120	108	65	79	80	33	
27	39	34	39	24	11	30	29	18	
46	48	66	20	65	34	62	43	33	
27	17	27	27	26	34	25	22	45	
38	49	48	26	37	29	3	55	31	
74	35	59	53	31	85	94	95	57	
57	5	65	26	47	24	59	47	65	
17	11	29	7	19	25	17	23	20	
62	3	43	90	35	96	66	59	30	
46	44	13	51	38	37	54	75	53	
19	30	34	18	10	9	23	13	16	
96	136	39	39	138	105	87	80	103	
65	102	78	34	60	37	54	39	63	
20	21	36	12	23	14	12	16	4	
73	40	78	85	35	83	63	35	68	
58	89	45	40	32	50	42	41	46	
10	11	10	14	13	9	6	7	13	
19	34	20	28	4	28	17	19	13	
90	26	119	103	57	150	101	103	50	
67	27	94	27	97	99	106	66	50	
71	28	103	63	93	71	33	98	10	
35	46	37	36	41	10	52	24	21	
25	37	39	27	17	34	20	12	25	
40	20	37	48	22	9	27	58	10	
16	26	13	15	17	9	21	17	12	
21	20	27	12	19	20	30	20	31	
34	52	43	34	15	57	28	41	32	
27	11	13	32	29	26	15	16	39	
21	25	17	20	18	11	22	20	24	
13	11	17	17	5	15	1	7	10	
42	48	34	67	53	28	52	57	10	
71	65	64	104	126	35	76	29	101	
91	63	69	114	34	139	113	105	85	
54	75	65	19	23	47	87	10	80	
Distance matrix
0	24	33	72.5	58.5	39.5	83	73	73	70	37	63.5	49.5	50.5	47	1	66.5	51.5	25	32	7	27.5	69	56	57	83.5	80.5	70	69.5	59	65	47.5	43	26	62	41	22	62.5	29	23.5	38	64.5	64	74.5	41.5	90.5	83	22.5	37	38.5	28	11	53	47	60.5	47	43	46	30	81.5	70.5	44.5	96.5	20	31.5	23.5	78.5	45.5	76.5	55.5	25	67.5	26.5	80.5	72.5	48.5	4	9	27	71.5	88	42.5	75	14.5	43	70	62.5	78	50	46	65.5	61	77.5	33.5	76.5	27.5	38.5	64	43	81.5	35	57	36	76.5	33.5	13.5	91	52.5	38	13.5	64.5	58	83.5	30	68	54	44.5	11	77	18.5	84.5	15	24	63	76.5	28	
24	0	17	56.5	42.5	23.5	63	57	57	54	39	47.5	33.5	34.5	31	25	44.5	29.5	39	44	31	26.5	53	40	41	67.5	60.5	54	53.5	43	49	31.5	27	40	46	25	16	46.5	23	32.5	22	48.5	42	58.5	25.5	74.5	67	11.5	13	37.5	32	35	37	31	44.5	31	27	22	14	65.5	54.5	28.5	80.5	34	15.5	32.5	62.5	29.5	54.5	35.5	19	51.5	10.5	64.5	56.5	32.5	28	33	11	55.5	72	26.5	51	33.5	27	54	46.5	62	34	30	49.5	45	61.5	42.5	60.5	11.5	22.5	48	27	65.5	11	41	20	54.5	22.5	12.5	75	36.5	38	32.5	48.5	42	67.5	14	52	38	31.5	35	59	27.5	66.5	39	18	47	60.5	12	
33	17	0	45.5	31.5	17.5	54	46	46	43	50	36.5	22.5	28.5	20	34	35.5	35.5	48	55	40	35.5	42	29	30	56.5	51.5	43	42.5	32	38	35.5	16	49	35	14	25	35.5	32	41.5	21	37.5	33	47.5	19.5	63.5	56	20.5	30	46.5	41	44	20	14	33.5	20	16	39	13	54.5	43.5	17.5	69.5	43	9.5	41.5	51.5	18.5	45.5	31.5	28	40.5	14.5	53.5	45.5	21.5	37	42	10	44.5	61	15.5	42	42.5	10	43	35.5	51	17	19	38.5	34	50.5	51.5	49.5	15.5	26.5	37	26	54.5	28	30	9	45.5	31.5	21.5	64	30.5	49	41.5	37.5	31	56.5	13	41	21	42.5	44	50	36.5	57.5	48	27	36	49.5	11	
72.5	56.5	45.5	0	26	57	39.5	35.5	15.5	52.5	85.5	31	57	68	49.5	73.5	56	71	87.5	90.5	79.5	75	21.5	38.5	49.5	11	42	52.5	3	51.5	47.5	75	35.5	88.5	54.5	43.5	64.5	20	71.5	81	60.5	22	58.5	22	59	28	35.5	60	69.5	84	80.5	83.5	65.5	59.5	48	29.5	45.5	76.5	52.5	9	28	42	34	82.5	49	81	44	43	46	67	67.5	15	54	8	50	46	76.5	81.5	49.5	49	25.5	40	47.5	82	55.5	12.5	60	15.5	62.5	48.5	23	23.5	15	89	14	55	66	36.5	65.5	9	67.5	19.5	38.5	46	71	61	28.5	70	84.5	81	42	40.5	39	52.5	50.5	66.5	78	83.5	45.5	76	38	87.5	66.5	25.5	24	50.5	
58.5	42.5	31.5	26	0	43	28.5	26.5	26.5	36.5	69.5	5	43	54	35.5	59.5	40	55	73.5	74.5	65.5	61	22.5	24.5	35.5	37	22	36.5	23	37.5	33.5	59	21.5	74.5	40.5	29.5	50.5	16	57.5	67	46.5	18	42.5	28	45	44	36.5	46	55.5	68	66.5	69.5	51.5	45.5	34	15.5	31.5	60.5	38.5	35	24	28	50	68.5	35	67	20	29	30	51	53.5	21	40	34	34	32	62.5	67.5	35.5	35	41.5	26	31.5	68	41.5	23.5	44	31.5	48.5	34.5	19	14.5	31	73	30	41	52	22.5	51.5	35	53.5	10.5	24.5	30	57	47	44.5	54	68.5	67	28	26.5	33	38.5	36.5	52.5	62	69.5	29.5	62	32	73.5	52.5	16.5	30	36.5	
39.5	23.5	17.5	57	43	0	47.5	57.5	57.5	40.5	38.5	48	34	11	31.5	40.5	29	24	50.5	43.5	46.5	42	53.5	40.5	41.5	68	45	40.5	54	41.5	45.5	28	27.5	49.5	38.5	25.5	31.5	47	38.5	48	27.5	49	26.5	59	2	75	57.5	27	36.5	37	47.5	50.5	27.5	31.5	45	31.5	27.5	29.5	19.5	66	55	29	69	49.5	8	48	47	30	39	16	34.5	52	21	65	43	33	43.5	48.5	16.5	44	72.5	27	35.5	49	27.5	54.5	33	62.5	30.5	30.5	50	45.5	62	42	61	22	33	48.5	32.5	66	34.5	41.5	20.5	39	38	28	69.5	13	37.5	48	49	42.5	52	19.5	42.5	26.5	31	50.5	43.5	43	51	54.5	33.5	47.5	61	17.5	
83	63	54	39.5	28.5	47.5	0	10	34	17	50	23.5	37.5	36.5	40	84	20.5	35.5	62	55	80	59.5	28	31	30	28.5	6.5	17	42.5	28	22	39.5	44	61	25	46	65	29.5	58	63.5	49	27.5	23	27.5	45.5	31.5	14	64.5	50	48.5	59	76	34	40	26.5	40	44	41	57	30.5	21.5	42.5	25.5	67	55.5	63.5	8.5	41.5	10.5	31.5	62	34.5	60.5	31.5	14.5	38.5	83	78	60	15.5	29	44.5	12	72.5	44	37	24.5	39	37	41	26.5	22	44.5	53.5	45.5	59.5	48.5	23	44	30.5	52	26	49	10.5	53.5	71.5	26	34.5	49	73.5	22.5	29	8.5	57	19	33	42.5	76	10	68.5	7.5	72	63	20	25.5	59	
73	57	46	35.5	26.5	57.5	10	0	36	27	60	31.5	47.5	46.5	50	74	30.5	45.5	72	65	80	69.5	32	39	40	38.5	16.5	27	32.5	38	32	49.5	36	71	35	44	65	25.5	68	73.5	59	27.5	33	37.5	55.5	41.5	24	60.5	60	58.5	69	84	44	50	36.5	30	46	51	53	40.5	31.5	42.5	35.5	77	49.5	73.5	18.5	43.5	20.5	41.5	68	30.5	54.5	41.5	24.5	46.5	77	82	50	25.5	39	40.5	22	82.5	54	33	34.5	41	47	49	28.5	12	40.5	63.5	39.5	55.5	58.5	33	54	40.5	62	16	39	20.5	63.5	61.5	36	44.5	59	81.5	32.5	39	18.5	53	29	43	52.5	84	20	76.5	17.5	82	67	10	35.5	51	
73	57	46	15.5	26.5	57.5	34	36	0	47	80	31.5	57.5	66.5	50	74	50.5	65.5	88	85	80	75.5	22	39	50	26.5	36.5	47	12.5	52	48	69.5	36	89	55	44	65	20.5	72	81.5	61	22.5	53	22.5	59.5	33.5	34	60.5	70	78.5	81	84	64	60	48.5	30	46	71	53	24.5	28.5	42.5	35.5	83	49.5	81.5	38.5	43.5	40.5	61.5	68	15.5	54.5	23.5	44.5	46.5	77	82	50	45.5	31	40.5	42	82.5	56	3	54.5	21	63	49	23.5	24	20.5	83.5	19.5	55.5	66.5	37	66	24.5	68	20	39	40.5	71.5	61.5	34	64.5	79	81.5	42.5	41	33.5	53	49	63	72.5	84	40	76.5	32.5	88	67	26	24.5	51	
70	54	43	52.5	36.5	40.5	17	27	47	0	43	31.5	30.5	29.5	33	71	13.5	28.5	55	48	73	52.5	41	14	23	41.5	14.5	0	49.5	21	5	32.5	33	54	18	39	58	42.5	51	56.5	42	40.5	16	40.5	38.5	44.5	27	57.5	43	41.5	52	69	27	33	19.5	23	37	34	50	43.5	34.5	35.5	38.5	60	46.5	56.5	16.5	34.5	8.5	24.5	55	47.5	51.5	44.5	12.5	31.5	74	71	47	13.5	42	37.5	5	65.5	37	50	17.5	52	30	34	39.5	39	57.5	46.5	56.5	52.5	41.5	26	37	43.5	45	37	36	8.5	46.5	58.5	39	27.5	42	66.5	20.5	12	21.5	50	2	26	35.5	69	13	61.5	20.5	65	56	37	38.5	48	
37	39	50	85.5	69.5	38.5	50	60	80	43	0	64.5	38.5	27.5	46	38	31.5	16.5	18	11	36	20.5	74	57	46	74.5	47.5	43	86.5	44	48	20.5	60	17	41	52	31	75.5	24	19.5	35	73.5	29	73.5	36.5	77.5	60	35.5	26	9.5	9	32	30	36	47.5	64	50	17	43	76.5	67.5	53.5	71.5	23	46.5	19.5	49.5	52.5	41.5	22.5	28	80.5	41.5	77.5	45.5	49.5	39	34	44	46.5	75	55.5	38	28.5	40	83	35.5	85	33	47	72.5	72	90.5	9.5	91.5	40.5	29.5	59	30	76.5	28	74	53	41.5	24.5	30.5	72	25.5	1	29.5	53.5	55	54.5	43	45	29	13.5	32	46	24.5	53.5	28	29	70	71.5	45	
63.5	47.5	36.5	31	5	48	23.5	31.5	31.5	31.5	64.5	0	48	51	40.5	64.5	35	50	76.5	69.5	70.5	66	27.5	29.5	40.5	42	17	31.5	28	42.5	36.5	54	26.5	75.5	39.5	34.5	55.5	21	62.5	72	51.5	23	37.5	33	50	49	33.5	51	60.5	63	71.5	74.5	48.5	50.5	39	20.5	36.5	55.5	43.5	40	29	33	45	73.5	40	72	15	34	25	46	58.5	26	45	39	29	37	67.5	72.5	40.5	30	46.5	31	26.5	73	46.5	28.5	39	36.5	51.5	39.5	24	19.5	36	68	35	46	57	27.5	56.5	40	58.5	15.5	29.5	25	62	52	45.5	49	63.5	72	33	31.5	28	43.5	33.5	47.5	57	74.5	24.5	67	27	78.5	57.5	21.5	35	41.5	
49.5	33.5	22.5	57	43	34	37.5	47.5	57.5	30.5	38.5	48	0	25	31.5	50.5	19	24	50.5	43.5	56.5	48	53.5	40.5	33.5	62	35	30.5	54	31.5	35.5	28	27.5	49.5	28.5	25.5	41.5	47	46.5	52	37.5	49	16.5	59	34	65	47.5	37	38.5	37	47.5	60.5	22.5	28.5	35	31.5	27.5	29.5	29.5	64	55	29	59	55.5	26	52	37	30	29	20	44.5	52	31	65	33	33	53.5	58.5	26.5	34	62.5	27	25.5	59	32.5	54.5	23	62.5	25.5	30.5	50	45.5	62	42	61	32	37	46.5	32.5	64	40.5	41.5	20.5	29	42	38	59.5	23	37.5	58	41	42.5	42	29.5	32.5	21.5	31	60.5	33.5	53	41	60.5	43.5	47.5	59	27.5	
50.5	34.5	28.5	68	54	11	36.5	46.5	66.5	29.5	27.5	51	25	0	32.5	51.5	18	13	39.5	32.5	57.5	37	60.5	43.5	32.5	61	34	29.5	65	30.5	34.5	17	38.5	38.5	27.5	36.5	42.5	58	35.5	41	26.5	60	15.5	60	9	64	46.5	38	27.5	26	36.5	53.5	16.5	22.5	34	42.5	36.5	18.5	30.5	63	54	40	58	44.5	19	41	36	39	28	5	39.5	63	32	64	32	36	54.5	55.5	27.5	33	61.5	38	24.5	50	26.5	65.5	22	71.5	19.5	33.5	59	56.5	73	31	72	33	26	45.5	21.5	63	29.5	52.5	31.5	28	31	39	58.5	2	26.5	51	40	41.5	41	30.5	31.5	15.5	20	53.5	32.5	46	40	49.5	40.5	56.5	58	28.5	
47	31	20	49.5	35.5	31.5	40	50	50	33	46	40.5	31.5	32.5	0	48	21.5	31.5	58	51	54	49.5	46	33	34	60.5	37.5	33	46.5	34	38	35.5	20	57	31	6	39	39.5	46	55.5	35	41.5	17	51.5	33.5	67.5	50	34.5	44	44.5	55	58	30	34	37.5	24	4	37	27	58.5	47.5	21.5	61.5	57	23.5	55.5	39.5	22.5	31.5	27.5	42	44.5	28.5	57.5	35.5	25.5	51	56	24	36.5	65	19.5	28	56.5	30	47	25.5	55	33	1	42.5	38	54.5	49.5	53.5	29.5	40.5	41	40	58.5	42	34	11	31.5	45.5	35.5	62	30.5	45	55.5	41.5	35	44.5	27	35	29	38.5	58	36	50.5	43.5	62	41	40	53.5	25	
1	25	34	73.5	59.5	40.5	84	74	74	71	38	64.5	50.5	51.5	48	0	67.5	52.5	26	33	6	28.5	70	57	58	84.5	81.5	71	70.5	60	66	48.5	44	27	63	42	23	63.5	30	24.5	39	65.5	65	75.5	42.5	91.5	84	23.5	38	39.5	29	10	54	48	61.5	48	44	47	31	82.5	71.5	45.5	97.5	21	32.5	24.5	79.5	46.5	77.5	56.5	26	68.5	27.5	81.5	73.5	49.5	3	8	28	72.5	89	43.5	74	15.5	44	71	63.5	79	51	47	66.5	62	78.5	34.5	77.5	28.5	39.5	65	44	82.5	36	58	37	77.5	34.5	14.5	92	53.5	39	14.5	65.5	59	84.5	31	69	55	45.5	10	78	19.5	85.5	14	25	64	77.5	29	
66.5	44.5	35.5	56	40	29	20.5	30.5	50.5	13.5	31.5	35	19	18	21.5	67.5	0	17	43.5	36.5	61.5	41	44.5	27.5	16.5	45	18	13.5	59	14.5	18.5	21	30.5	42.5	11.5	27.5	46.5	46	39.5	45	30.5	44	4.5	44	27	48	30.5	46	31.5	30	40.5	57.5	15.5	21.5	18	36.5	25.5	22.5	38.5	47	38	22	42	48.5	37	45	20	21	12	13	43.5	51	42	48	16	18	64.5	59.5	41.5	17	45.5	24	8.5	54	25.5	53.5	4	55.5	18.5	22.5	43	42.5	61	35	62	41	30	29.5	25.5	47	33.5	46.5	32.5	12	35	55	42.5	16	30.5	55	24	25.5	25	38.5	15.5	14.5	24	57.5	16.5	50	24	53.5	44.5	40.5	42	40.5	
51.5	29.5	35.5	71	55	24	35.5	45.5	65.5	28.5	16.5	50	24	13	31.5	52.5	17	0	28.5	21.5	46.5	26	59.5	42.5	31.5	60	33	28.5	74	29.5	33.5	4	45.5	27.5	26.5	37.5	31.5	61	24.5	30	20.5	59	14.5	59	22	63	45.5	31	16.5	15	25.5	42.5	15.5	21.5	33	51.5	35.5	7.5	28.5	62	53	39	57	33.5	32	30	35	38	27	8	28.5	66	25	63	31	35	49.5	44.5	31.5	32	60.5	41	23.5	39	25.5	68.5	21	70.5	18.5	32.5	58	57.5	76	20	77	24	13	44.5	15.5	62	18.5	61.5	42.5	27	20	40	57.5	11	15.5	40	39	40.5	40	28.5	30.5	14.5	9	42.5	31.5	35	39	38.5	29.5	55.5	57	30.5	
25	39	48	87.5	73.5	50.5	62	72	88	55	18	76.5	50.5	39.5	58	26	43.5	28.5	0	7	32	32.5	84	69	58	86.5	59.5	55	84.5	56	60	32.5	58	1	53	56	37	77.5	36	26.5	47	79.5	41	85.5	48.5	89.5	72	37.5	38	21.5	27	34	42	48	59.5	62	58	29	45	88.5	79.5	59.5	83.5	5	46.5	26.5	61.5	60.5	53.5	34.5	40	82.5	41.5	89.5	57.5	61.5	29	34	42	58.5	87	57.5	50	30.5	52	85	47.5	93	45	59	80.5	76	92.5	16.5	91.5	42.5	41.5	71	42	88.5	40	72	51	53.5	36.5	28.5	84	37.5	17	31.5	65.5	67	66.5	45	57	41	25.5	34	58	31.5	65.5	30	39	78	83.5	43	
32	44	55	90.5	74.5	43.5	55	65	85	48	11	69.5	43.5	32.5	51	33	36.5	21.5	7	0	31	25.5	79	62	51	79.5	52.5	48	91.5	49	53	25.5	65	6	46	57	36	80.5	29	19.5	40	78.5	34	78.5	41.5	82.5	65	40.5	31	14.5	20	27	35	41	52.5	69	55	22	48	81.5	72.5	58.5	76.5	12	51.5	19.5	54.5	57.5	46.5	27.5	33	85.5	46.5	82.5	50.5	54.5	34	29	49	51.5	80	60.5	43	23.5	45	88	40.5	90	38	52	77.5	77	95.5	9.5	96.5	45.5	34.5	64	35	81.5	33	79	58	46.5	29.5	35.5	77	30.5	10	24.5	58.5	60	59.5	48	50	34	18.5	27	51	24.5	58.5	23	34	75	76.5	50	
7	31	40	79.5	65.5	46.5	80	80	80	73	36	70.5	56.5	57.5	54	6	61.5	46.5	32	31	0	34.5	76	63	64	90.5	77.5	73	76.5	66	72	50.5	50	33	69	48	29	69.5	36	30.5	45	71.5	59	81.5	48.5	97.5	90	29.5	44	39.5	35	4	60	54	67.5	54	50	47	37	88.5	77.5	51.5	101.5	27	38.5	30.5	79.5	52.5	71.5	52.5	32	74.5	33.5	87.5	75.5	55.5	3	2	34	76.5	95	49.5	68	21.5	50	77	65.5	85	57	53	72.5	68	84.5	34.5	83.5	34.5	45.5	71	50	88.5	42	64	43	71.5	40.5	20.5	98	55.5	35	20.5	71.5	65	84.5	37	75	59	43.5	4	76	25.5	83.5	8	31	70	83.5	35	
27.5	26.5	35.5	75	61	42	59.5	69.5	75.5	52.5	20.5	66	48	37	49.5	28.5	41	26	32.5	25.5	34.5	0	71.5	58.5	55.5	84	57	52.5	72	53.5	57.5	30	45.5	31.5	50.5	43.5	24.5	65	31.5	34	40.5	67	38.5	77	44	87	69.5	25	35.5	11	29.5	38.5	39.5	45.5	57	49.5	45.5	26.5	32.5	84	73	47	81	37.5	34	34	59	48	51	32	27.5	70	29	83	55	51	31.5	36.5	29.5	56	84.5	45	47.5	37	45.5	72.5	45	80.5	42.5	48.5	68	63.5	80	24	79	30	39	66.5	39.5	84	37.5	59.5	38.5	51	34	14	81.5	35	19.5	36	63	60.5	64	32.5	54.5	38.5	23	38.5	55.5	31	63	42.5	26.5	65.5	79	30.5	
69	53	42	21.5	22.5	53.5	28	32	22	41	74	27.5	53.5	60.5	46	70	44.5	59.5	84	79	76	71.5	0	35	46	32.5	30.5	41	18.5	48	44	63.5	32	85	49	40	61	16.5	68	77.5	57	18.5	47	23.5	55.5	39.5	14	56.5	66	72.5	77	80	58	56	44.5	26	42	65	49	30.5	24.5	38.5	39.5	79	45.5	77.5	32.5	39.5	34.5	55.5	64	16.5	50.5	29.5	38.5	42.5	73	78	46	39.5	37	36.5	36	78.5	52	19	48.5	27	59	45	19.5	20	26.5	77.5	25.5	51.5	62.5	33	62	30.5	64	16	35	34.5	67.5	57.5	40	58.5	73	77.5	38.5	37	27.5	49	43	57	66.5	80	34	72.5	26.5	84	63	22	25.5	47	
56	40	29	38.5	24.5	40.5	31	39	39	14	57	29.5	40.5	43.5	33	57	27.5	42.5	69	62	63	58.5	35	0	33	49.5	28.5	14	35.5	35	9	46.5	19	68	32	27	48	28.5	55	64.5	44	30.5	30	40.5	42.5	56.5	41	43.5	53	55.5	64	67	41	43	31.5	9	29	48	36	47.5	36.5	25.5	52.5	66	32.5	64.5	30.5	26.5	22.5	38.5	51	33.5	37.5	46.5	26.5	29.5	60	65	33	27.5	54	23.5	19	65.5	39	36	31.5	44	44	32	31.5	27	43.5	60.5	42.5	38.5	49.5	30	49	47.5	51	23	22	22.5	54.5	44.5	53	41.5	56	64.5	30.5	2	35.5	36	12	40	49.5	67	27	59.5	34.5	71	50	29	42.5	34	
57	41	30	49.5	35.5	41.5	30	40	50	23	46	40.5	33.5	32.5	34	58	16.5	31.5	58	51	64	55.5	46	33	0	54.5	27.5	23	46.5	2	28	35.5	14	57	5	28	49	39.5	54	59.5	45	41.5	19	51.5	41.5	57.5	40	44.5	46	44.5	55	68	30	36	27.5	24	30	37	37	56.5	47.5	26.5	51.5	63	33.5	59.5	29.5	27.5	21.5	27.5	52	44.5	38.5	57.5	25.5	30.5	61	66	34	26.5	55	24.5	18	66.5	40	47	20.5	55	33	33	42.5	38	54.5	49.5	53.5	39.5	44.5	39	40	56.5	48	34	23	21.5	49.5	45.5	52	30.5	45	65.5	33.5	35	34.5	37	25	29	38.5	68	26	60.5	33.5	68	51	40	51.5	35	
83.5	67.5	56.5	11	37	68	28.5	38.5	26.5	41.5	74.5	42	62	61	60.5	84.5	45	60	86.5	79.5	90.5	84	32.5	49.5	54.5	0	31	41.5	14	52.5	46.5	64	46.5	85.5	49.5	54.5	75.5	31	82.5	88	71.5	33	47.5	33	70	31	28.5	71	74.5	73	83.5	94.5	58.5	64.5	51	40.5	56.5	65.5	63.5	2	39	53	25	91.5	60	88	33	54	35	56	78.5	26	65	3	39	57	87.5	92.5	60.5	40	28.5	51	36.5	93	66.5	23.5	49	26.5	61.5	59.5	34	34.5	26	78	25	66	73	47.5	68.5	2	76.5	30.5	49.5	35	78	72	25.5	59	73.5	92	47	51.5	28	63.5	43.5	57.5	67	94.5	34.5	87	27	96.5	77.5	36.5	35	61.5	
80.5	60.5	51.5	42	22	45	6.5	16.5	36.5	14.5	47.5	17	35	34	37.5	81.5	18	33	59.5	52.5	77.5	57	30.5	28.5	27.5	31	0	14.5	45	25.5	19.5	37	41.5	58.5	22.5	43.5	62.5	32	55.5	61	46.5	30	20.5	30	43	34	16.5	62	47.5	46	56.5	73.5	31.5	37.5	24	37.5	41.5	38.5	54.5	33	24	40	28	64.5	53	61	2	39	8	29	59.5	37	58	34	12	36	80.5	75.5	57.5	13	31.5	42	9.5	70	41.5	39.5	22	41.5	34.5	38.5	29	28.5	47	51	48	57	46	20.5	41.5	33	49.5	32.5	46.5	8	51	69	28.5	32	46.5	71	20	26.5	11	54.5	16.5	30.5	40	73.5	7.5	66	10	69.5	60.5	26.5	28	56.5	
70	54	43	52.5	36.5	40.5	17	27	47	0	43	31.5	30.5	29.5	33	71	13.5	28.5	55	48	73	52.5	41	14	23	41.5	14.5	0	49.5	21	5	32.5	33	54	18	39	58	42.5	51	56.5	42	40.5	16	40.5	38.5	44.5	27	57.5	43	41.5	52	69	27	33	19.5	23	37	34	50	43.5	34.5	35.5	38.5	60	46.5	56.5	16.5	34.5	8.5	24.5	55	47.5	51.5	44.5	12.5	31.5	74	71	47	13.5	42	37.5	5	65.5	37	50	17.5	52	30	34	39.5	39	57.5	46.5	56.5	52.5	41.5	26	37	43.5	45	37	36	8.5	46.5	58.5	39	27.5	42	66.5	20.5	12	21.5	50	2	26	35.5	69	13	61.5	20.5	65	56	37	38.5	48	
69.5	53.5	42.5	3	23	54	42.5	32.5	12.5	49.5	86.5	28	54	65	46.5	70.5	59	74	84.5	91.5	76.5	72	18.5	35.5	46.5	14	45	49.5	0	48.5	44.5	72	32.5	85.5	51.5	40.5	61.5	17	68.5	78	57.5	19	61.5	19	56	25	32.5	57	66.5	83	77.5	80.5	62.5	56.5	45	26.5	42.5	75.5	49.5	12	25	39	31	79.5	46	78	43	40	49	70	64.5	12	51	11	47	43	73.5	78.5	46.5	46	22.5	37	50.5	79	52.5	9.5	57	12.5	59.5	45.5	20	20.5	12	88	11	52	63	33.5	62.5	12	64.5	16.5	35.5	49	68	58	25.5	67	87.5	78	39	37.5	38	49.5	47.5	63.5	79	80.5	46.5	73	39	84.5	63.5	22.5	21	47.5	
59	43	32	51.5	37.5	41.5	28	38	52	21	44	42.5	31.5	30.5	34	60	14.5	29.5	56	49	66	53.5	48	35	2	52.5	25.5	21	48.5	0	26	33.5	16	55	3	30	51	41.5	52	57.5	43	43.5	17	51.5	39.5	55.5	38	46.5	44	42.5	53	70	28	34	25.5	26	32	35	39	54.5	45.5	28.5	49.5	61	35.5	57.5	27.5	29.5	19.5	25.5	54	46.5	40.5	55.5	23.5	32.5	63	68	36	24.5	53	26.5	16	66.5	38	49	18.5	57	31	35	44.5	40	56.5	47.5	55.5	41.5	42.5	37	38	54.5	46	36	25	19.5	47.5	47.5	50	28.5	43	67.5	31.5	33	32.5	39	23	27	36.5	70	24	62.5	31.5	66	53	42	49.5	37	
65	49	38	47.5	33.5	45.5	22	32	48	5	48	36.5	35.5	34.5	38	66	18.5	33.5	60	53	72	57.5	44	9	28	46.5	19.5	5	44.5	26	0	37.5	28	59	23	36	57	37.5	56	61.5	47	39.5	21	45.5	43.5	49.5	32	52.5	48	46.5	57	74	32	38	24.5	18	38	39	45	48.5	39.5	34.5	43.5	65	41.5	61.5	21.5	35.5	13.5	29.5	60	42.5	46.5	49.5	17.5	36.5	69	74	42	18.5	47	32.5	10	70.5	42	45	22.5	53	35	39	40.5	36	52.5	51.5	51.5	47.5	46.5	31	42	48.5	50	32	31	13.5	51.5	53.5	44	32.5	47	71.5	25.5	7	26.5	45	3	31	40.5	74	18	66.5	25.5	70	59	38	43.5	43	
47.5	31.5	35.5	75	59	28	39.5	49.5	69.5	32.5	20.5	54	28	17	35.5	48.5	21	4	32.5	25.5	50.5	30	63.5	46.5	35.5	64	37	32.5	72	33.5	37.5	0	45.5	31.5	30.5	41.5	35.5	65	28.5	34	24.5	63	18.5	63	26	67	49.5	35	20.5	19	29.5	46.5	19.5	25.5	37	49.5	39.5	11.5	32.5	66	57	43	61	37.5	34	34	39	42	31	12	32.5	70	21	67	35	39	51.5	48.5	29.5	36	64.5	45	27.5	43	29.5	72.5	25	74.5	22.5	36.5	62	61.5	80	24	79	20	9	48.5	19.5	66	22.5	59.5	38.5	31	24	36	61.5	15	19.5	44	43	44.5	44	32.5	34.5	18.5	13	46.5	35.5	39	43	42.5	33.5	59.5	61	30.5	
43	27	16	35.5	21.5	27.5	44	36	36	33	60	26.5	27.5	38.5	20	44	30.5	45.5	58	65	50	45.5	32	19	14	46.5	41.5	33	32.5	16	28	45.5	0	59	19	14	35	25.5	42	51.5	31	27.5	33	37.5	29.5	53.5	46	30.5	40	56.5	51	54	36	30	23.5	10	16	49	23	44.5	33.5	12.5	59.5	53	19.5	51.5	41.5	13.5	35.5	41.5	38	30.5	24.5	43.5	35.5	16.5	47	52	20	34.5	51	10.5	32	52.5	26	33	30.5	41	33	19	28.5	24	40.5	61.5	39.5	25.5	36.5	27	36	44.5	38	20	9	35.5	41.5	31.5	54	40.5	59	51.5	27.5	21	46.5	23	31	37	52.5	54	40	46.5	47.5	58	37	26	39.5	21	
26	40	49	88.5	74.5	49.5	61	71	89	54	17	75.5	49.5	38.5	57	27	42.5	27.5	1	6	33	31.5	85	68	57	85.5	58.5	54	85.5	55	59	31.5	59	0	52	57	38	78.5	35	25.5	46	80.5	40	84.5	47.5	88.5	71	38.5	37	20.5	26	33	41	47	58.5	63	59	28	46	87.5	78.5	60.5	82.5	6	47.5	25.5	60.5	61.5	52.5	33.5	39	83.5	42.5	88.5	56.5	60.5	30	35	43	57.5	86	58.5	49	29.5	51	86	46.5	94	44	58	81.5	77	93.5	15.5	92.5	43.5	40.5	70	41	87.5	39	73	52	52.5	35.5	29.5	83	36.5	16	30.5	64.5	66	65.5	46	56	40	24.5	33	57	30.5	64.5	29	40	79	82.5	44	
62	46	35	54.5	40.5	38.5	25	35	55	18	41	39.5	28.5	27.5	31	63	11.5	26.5	53	46	69	50.5	49	32	5	49.5	22.5	18	51.5	3	23	30.5	19	52	0	33	54	44.5	49	54.5	40	46.5	14	48.5	36.5	52.5	35	49.5	41	39.5	50	67	25	31	22.5	29	35	32	42	51.5	42.5	31.5	46.5	58	38.5	54.5	24.5	32.5	16.5	22.5	53	49.5	43.5	52.5	20.5	29.5	66	69	39	21.5	50	29.5	13	63.5	35	52	15.5	60	28	32	47.5	43	59.5	44.5	58.5	44.5	39.5	34	35	51.5	43	39	28	16.5	44.5	50.5	47	25.5	40	64.5	28.5	30	29.5	42	20	24	33.5	67	21	59.5	28.5	63	54	45	46.5	40	
41	25	14	43.5	29.5	25.5	46	44	44	39	52	34.5	25.5	36.5	6	42	27.5	37.5	56	57	48	43.5	40	27	28	54.5	43.5	39	40.5	30	36	41.5	14	57	33	0	33	33.5	40	49.5	29	35.5	23	45.5	27.5	61.5	54	28.5	38	50.5	49	52	34	28	31.5	18	2	43	21	52.5	41.5	15.5	67.5	51	17.5	49.5	45.5	16.5	37.5	33.5	36	38.5	22.5	51.5	41.5	19.5	45	50	18	42.5	59	13.5	34	50.5	24	41	31.5	49	31	5	36.5	32	48.5	55.5	47.5	23.5	34.5	35	34	52.5	36	28	5	37.5	39.5	29.5	62	36.5	51	49.5	35.5	29	50.5	21	39	35	44.5	52	42	44.5	49.5	56	35	34	47.5	19	
22	16	25	64.5	50.5	31.5	65	65	65	58	31	55.5	41.5	42.5	39	23	46.5	31.5	37	36	29	24.5	61	48	49	75.5	62.5	58	61.5	51	57	35.5	35	38	54	33	0	54.5	7	30.5	30	56.5	44	66.5	33.5	82.5	75	14.5	29	29.5	30	33	45	39	52.5	39	35	32	22	73.5	62.5	36.5	86.5	32	23.5	30.5	64.5	37.5	56.5	37.5	3	59.5	18.5	72.5	60.5	40.5	26	31	19	61.5	80	34.5	53	31.5	35	62	50.5	70	42	38	57.5	53	69.5	34.5	68.5	19.5	30.5	56	35	73.5	27	49	28	56.5	25.5	10.5	83	40.5	30	30.5	56.5	50	69.5	22	60	44	28.5	33	61	25.5	68.5	37	2	55	68.5	20	
62.5	46.5	35.5	20	16	47	29.5	25.5	20.5	42.5	75.5	21	47	58	39.5	63.5	46	61	77.5	80.5	69.5	65	16.5	28.5	39.5	31	32	42.5	17	41.5	37.5	65	25.5	78.5	44.5	33.5	54.5	0	61.5	71	50.5	2	48.5	22	49	38	30.5	50	59.5	74	70.5	73.5	55.5	49.5	38	19.5	35.5	66.5	42.5	29	8	32	44	72.5	39	71	34	33	36	57	57.5	15	44	28	40	36	66.5	71.5	39.5	39	35.5	30	37.5	72	45.5	17.5	50	25.5	52.5	38.5	3	13.5	25	79	24	45	56	26.5	55.5	29	57.5	9.5	28.5	36	61	51	38.5	60	74.5	71	32	30.5	21	42.5	40.5	56.5	68	73.5	35.5	66	22	77.5	56.5	15.5	24	40.5	
29	23	32	71.5	57.5	38.5	58	68	72	51	24	62.5	46.5	35.5	46	30	39.5	24.5	36	29	36	31.5	68	55	54	82.5	55.5	51	68.5	52	56	28.5	42	35	49	40	7	61.5	0	37.5	37	63.5	37	73.5	40.5	85.5	68	21.5	34	22.5	33	40	38	44	55.5	46	42	25	29	80.5	69.5	43.5	79.5	39	30.5	37.5	57.5	44.5	49.5	30.5	4	66.5	25.5	79.5	53.5	47.5	33	38	26	54.5	83	41.5	46	38.5	42	69	43.5	77	41	45	64.5	60	76.5	27.5	75.5	26.5	37.5	63	38	80.5	34	56	35	49.5	32.5	17.5	80	33.5	23	37.5	61.5	57	62.5	29	53	37	21.5	40	54	32.5	61.5	44	5	62	75.5	27	
23.5	32.5	41.5	81	67	48	63.5	73.5	81.5	56.5	19.5	72	52	41	55.5	24.5	45	30	26.5	19.5	30.5	34	77.5	64.5	59.5	88	61	56.5	78	57.5	61.5	34	51.5	25.5	54.5	49.5	30.5	71	37.5	0	46.5	73	42.5	83	50	91	73.5	31	39.5	23	28.5	34.5	43.5	49.5	61	55.5	51.5	30.5	38.5	90	79	53	85	31.5	40	0	63	54	55	36	33.5	76	35	89	59	57	27.5	32.5	35.5	60	88.5	51	51.5	33	51.5	78.5	49	86.5	46.5	54.5	74	69.5	86	10	85	36	43	72.5	43.5	90	41.5	65.5	44.5	55	38	22	85.5	39	18.5	32	67	66.5	68	38.5	58.5	42.5	27	34.5	59.5	5	67	36.5	32.5	71.5	85	36.5	
38	22	21	60.5	46.5	27.5	49	59	61	42	35	51.5	37.5	26.5	35	39	30.5	20.5	47	40	45	40.5	57	44	45	71.5	46.5	42	57.5	43	47	24.5	31	46	40	29	30	50.5	37	46.5	0	52.5	28	62.5	29.5	76.5	59	25.5	35	33.5	44	49	29	35	46.5	35	31	26	8	69.5	58.5	32.5	70.5	48	19.5	46.5	48.5	33.5	40.5	21.5	33	55.5	19.5	68.5	44.5	36.5	42	47	11	45.5	74	30.5	37	47.5	31	58	34.5	66	32	34	53.5	49	65.5	38.5	64.5	20.5	31.5	52	5	69.5	33	45	24	40.5	36.5	26.5	71	24.5	34	46.5	52.5	46	53.5	8	44	28	27.5	49	45	41.5	52.5	53	32	51	64.5	10	
64.5	48.5	37.5	22	18	49	27.5	27.5	22.5	40.5	73.5	23	49	60	41.5	65.5	44	59	79.5	78.5	71.5	67	18.5	30.5	41.5	33	30	40.5	19	43.5	39.5	63	27.5	80.5	46.5	35.5	56.5	2	63.5	73	52.5	0	46.5	24	51	40	32.5	52	61.5	72	72.5	75.5	57.5	51.5	40	21.5	37.5	64.5	44.5	31	6	34	44	74.5	41	73	32	35	34	55	59.5	17	46	30	38	38	68.5	73.5	41.5	39	37.5	32	35.5	74	47.5	19.5	48	27.5	54.5	40.5	1	15.5	27	77	26	47	58	28.5	57.5	31	59.5	11.5	30.5	34	63	53	40.5	58	72.5	73	34	32.5	19	44.5	42.5	56.5	66	75.5	33.5	68	20	79.5	58.5	17.5	26	42.5	
64	42	33	58.5	42.5	26.5	23	33	53	16	29	37.5	16.5	15.5	17	65	4.5	14.5	41	34	59	38.5	47	30	19	47.5	20.5	16	61.5	17	21	18.5	33	40	14	23	44	48.5	37	42.5	28	46.5	0	46.5	24.5	50.5	33	43.5	29	27.5	38	55	13	19	20.5	39	21	20	36	49.5	40.5	26.5	44.5	46	34.5	42.5	22.5	25.5	14.5	10.5	41	53.5	39.5	50.5	18.5	22.5	62	57	39	19.5	48	28.5	11	51.5	23	56	8.5	58	16	18	45.5	45	63.5	32.5	64.5	38.5	27.5	32	23	49.5	31	49	28	14.5	32.5	52.5	45	13.5	28	52.5	26.5	28	27.5	36	18	12	21.5	55	19	47.5	26.5	51	42	43	44.5	38	
74.5	58.5	47.5	22	28	59	27.5	37.5	22.5	40.5	73.5	33	59	60	51.5	75.5	44	59	85.5	78.5	81.5	77	23.5	40.5	51.5	33	30	40.5	19	51.5	45.5	63	37.5	84.5	48.5	45.5	66.5	22	73.5	83	62.5	24	46.5	0	61	40	27.5	62	71.5	72	82.5	85.5	57.5	61.5	50	31.5	47.5	64.5	54.5	31	30	44	34	84.5	51	83	32	45	34	55	69.5	7	56	30	38	48	78.5	83.5	51.5	39	37.5	42	35.5	84	57.5	19.5	48	27.5	60.5	50.5	25	25.5	27	77	26	57	68	38.5	67.5	31	69.5	21.5	40.5	34	73	63	34.5	58	72.5	83	44	42.5	27	54.5	42.5	56.5	66	85.5	33.5	78	26	89.5	68.5	27.5	2	52.5	
41.5	25.5	19.5	59	45	2	45.5	55.5	59.5	38.5	36.5	50	34	9	33.5	42.5	27	22	48.5	41.5	48.5	44	55.5	42.5	41.5	70	43	38.5	56	39.5	43.5	26	29.5	47.5	36.5	27.5	33.5	49	40.5	50	29.5	51	24.5	61	0	73	55.5	29	36.5	35	45.5	52.5	25.5	31.5	43	33.5	29.5	27.5	21.5	68	57	31	67	51.5	10	50	45	32	37	14	36.5	54	23	67	41	35	45.5	50.5	18.5	42	70.5	29	33.5	51	29.5	56.5	31	64.5	28.5	32.5	52	47.5	64	40	63	24	35	50.5	30.5	68	36.5	43.5	22.5	37	40	30	67.5	11	35.5	50	49	44.5	50	21.5	40.5	24.5	29	52.5	41.5	45	49	56.5	35.5	49.5	63	19.5	
90.5	74.5	63.5	28	44	75	31.5	41.5	33.5	44.5	77.5	49	65	64	67.5	91.5	48	63	89.5	82.5	97.5	87	39.5	56.5	57.5	31	34	44.5	25	55.5	49.5	67	53.5	88.5	52.5	61.5	82.5	38	85.5	91	76.5	40	50.5	40	73	0	31.5	78	77.5	76	86.5	101.5	61.5	67.5	54	47.5	63.5	68.5	70.5	33	44	60	6	94.5	67	91	36	61	38	59	85.5	33	72	34	42	64	94.5	99.5	67.5	43	26.5	58	39.5	100	71.5	30.5	52	28.5	64.5	66.5	41	41.5	13	81	14	73	76	50.5	71.5	33	79.5	37.5	56.5	38	81	79	23.5	62	76.5	99	50	56.5	31	70.5	46.5	60.5	70	101.5	37.5	94	30	99.5	84.5	43.5	38	68.5	
83	67	56	35.5	36.5	57.5	14	24	34	27	60	33.5	47.5	46.5	50	84	30.5	45.5	72	65	90	69.5	14	41	40	28.5	16.5	27	32.5	38	32	49.5	46	71	35	54	75	30.5	68	73.5	59	32.5	33	27.5	55.5	31.5	0	70.5	60	58.5	69	86	44	50	36.5	40	54	51	63	30.5	26.5	52.5	25.5	77	59.5	73.5	18.5	51.5	20.5	41.5	72	30.5	64.5	31.5	24.5	48.5	87	88	60	25.5	29	50.5	22	82.5	54	33	34.5	39	47	51	31.5	34	40.5	63.5	39.5	65.5	58.5	33	54	30.5	62	30	49	20.5	63.5	71.5	26	44.5	59	83.5	32.5	39	13.5	63	29	43	52.5	86	20	78.5	12.5	82	73	34	25.5	61	
22.5	11.5	20.5	60	46	27	64.5	60.5	60.5	57.5	35.5	51	37	38	34.5	23.5	46	31	37.5	40.5	29.5	25	56.5	43.5	44.5	71	62	57.5	57	46.5	52.5	35	30.5	38.5	49.5	28.5	14.5	50	21.5	31	25.5	52	43.5	62	29	78	70.5	0	24.5	34	30.5	33.5	40.5	34.5	48	34.5	30.5	31.5	17.5	69	58	32	84	32.5	19	31	64	33	56	37	17.5	55	14	68	60	36	26.5	31.5	14.5	59	75.5	30	52.5	32	30.5	57.5	50	65.5	37.5	33.5	53	48.5	65	39	64	15	26	51.5	30.5	69	22.5	44.5	23.5	56	11	11	78.5	40	34.5	31	52	45.5	69	17.5	55.5	41.5	22	33.5	60.5	26	68	37.5	16.5	50.5	64	15.5	
37	13	30	69.5	55.5	36.5	50	60	70	43	26	60.5	38.5	27.5	44	38	31.5	16.5	38	31	44	35.5	66	53	46	74.5	47.5	43	66.5	44	48	20.5	40	37	41	38	29	59.5	34	39.5	35	61.5	29	71.5	36.5	77.5	60	24.5	0	24.5	35	48	30	36	47.5	44	40	9	27	76.5	67.5	41.5	71.5	43	28.5	39.5	49.5	42.5	41.5	22.5	32	64.5	23.5	77.5	45.5	45.5	41	46	24	46.5	75	39.5	38	46.5	40	67	35.5	75	33	43	62.5	58	74.5	29.5	73.5	24.5	29.5	59	30	76.5	2	54	33	41.5	29.5	25.5	72	25.5	25	45.5	53.5	55	54.5	27	45	29	18.5	48	46	40.5	53.5	48	31	60	71.5	25	
38.5	37.5	46.5	84	68	37	48.5	58.5	78.5	41.5	9.5	63	37	26	44.5	39.5	30	15	21.5	14.5	39.5	11	72.5	55.5	44.5	73	46	41.5	83	42.5	46.5	19	56.5	20.5	39.5	50.5	29.5	74	22.5	23	33.5	72	27.5	72	35	76	58.5	34	24.5	0	18.5	35.5	28.5	34.5	46	60.5	48.5	15.5	41.5	75	66	52	70	26.5	45	23	48	51	40	21	26.5	79	40	76	44	48	42.5	37.5	40.5	45	73.5	54	36.5	32	38.5	81.5	34	83.5	31.5	45.5	71	70.5	89	13	90	39	28	57.5	28.5	75	26.5	70.5	49.5	40	23	25	70.5	24	8.5	33	52	53.5	53	41.5	43.5	27.5	12	35.5	44.5	28	52	31.5	27.5	68.5	70	41.5	
28	32	41	80.5	66.5	47.5	59	69	81	52	9	71.5	47.5	36.5	55	29	40.5	25.5	27	20	35	29.5	77	64	55	83.5	56.5	52	77.5	53	57	29.5	51	26	50	49	30	70.5	33	28.5	44	72.5	38	82.5	45.5	86.5	69	30.5	35	18.5	0	39	39	45	56.5	55	51	26	38	85.5	76.5	52.5	80.5	32	39.5	28.5	58.5	53.5	50.5	31.5	33	75.5	34.5	86.5	54.5	56.5	32	37	35	55.5	84	50.5	47	37.5	49	78	44.5	86	42	54	73.5	69	85.5	18.5	84.5	35.5	38.5	68	39	85.5	37	65	44	50.5	33.5	21.5	81	34.5	10	36.5	62.5	64	63.5	38	54	38	22.5	39	55	31.5	62.5	37	32	71	80.5	36	
11	35	44	83.5	69.5	50.5	76	84	84	69	32	74.5	60.5	53.5	58	10	57.5	42.5	34	27	4	38.5	80	67	68	94.5	73.5	69	80.5	70	74	46.5	54	33	67	52	33	73.5	40	34.5	49	75.5	55	85.5	52.5	101.5	86	33.5	48	35.5	39	0	56	58	71.5	58	54	43	41	92.5	81.5	55.5	97.5	31	42.5	34.5	75.5	56.5	67.5	48.5	36	78.5	37.5	91.5	71.5	59.5	7	2	38	72.5	99	53.5	64	25.5	54	81	61.5	89	59	57	76.5	72	88.5	30.5	87.5	38.5	49.5	75	54	92.5	46	68	47	67.5	44.5	24.5	98	51.5	31	24.5	75.5	69	80.5	41	71	55	39.5	0	72	29.5	79.5	4	35	74	87.5	39	
53	37	20	65.5	51.5	27.5	34	44	64	27	30	48.5	22.5	16.5	30	54	15.5	15.5	42	35	60	39.5	58	41	30	58.5	31.5	27	62.5	28	32	19.5	36	41	25	34	45	55.5	38	43.5	29	57.5	13	57.5	25.5	61.5	44	40.5	30	28.5	39	56	0	6	31.5	40	34	21	33	60.5	51.5	37.5	55.5	47	29.5	43.5	33.5	36.5	25.5	11.5	42	60.5	34.5	61.5	29.5	33.5	57	58	30	30.5	59	35.5	22	52.5	10	63	19.5	69	3	31	56.5	54	70.5	33.5	69.5	35.5	28.5	43	24	60.5	32	50	29	25.5	33.5	41.5	56	14.5	29	53.5	37.5	39	38.5	33	29	1	22.5	56	30	48.5	37.5	52	43	54	55.5	31	
47	31	14	59.5	45.5	31.5	40	50	60	33	36	50.5	28.5	22.5	34	48	21.5	21.5	48	41	54	45.5	56	43	36	64.5	37.5	33	56.5	34	38	25.5	30	47	31	28	39	49.5	44	49.5	35	51.5	19	61.5	31.5	67.5	50	34.5	36	34.5	45	58	6	0	37.5	34	30	27	27	66.5	57.5	31.5	61.5	53	23.5	49.5	39.5	32.5	31.5	17.5	42	54.5	28.5	67.5	35.5	35.5	51	56	24	36.5	65	29.5	28	56.5	4	57	25.5	65	3	33	52.5	48	64.5	39.5	63.5	29.5	34.5	49	30	66.5	38	44	23	31.5	39.5	35.5	62	20.5	35	55.5	43.5	45	44.5	27	35	7	28.5	58	36	50.5	43.5	58	41	50	61.5	25	
60.5	44.5	33.5	48	34	45	26.5	36.5	48.5	19.5	47.5	39	35	34	37.5	61.5	18	33	59.5	52.5	67.5	57	44.5	31.5	27.5	51	24	19.5	45	25.5	24.5	37	23.5	58.5	22.5	31.5	52.5	38	55.5	61	46.5	40	20.5	50	43	54	36.5	48	47.5	46	56.5	71.5	31.5	37.5	0	22.5	33.5	38.5	40.5	53	44	30	48	64.5	37	61	26	31	18	29	55.5	43	42	54	22	34	64.5	69.5	37.5	23	51.5	28	14.5	70	41.5	45.5	22	53.5	34.5	36.5	41	36.5	53	51	52	43	46	35.5	41.5	53	49.5	32.5	26.5	18	51	49	48.5	32	46.5	69	30	31.5	31	40.5	21.5	30.5	40	71.5	22.5	64	30	69.5	54.5	38.5	48	38.5	
47	31	20	29.5	15.5	31.5	40	30	30	23	64	20.5	31.5	42.5	24	48	36.5	51.5	62	69	54	49.5	26	9	24	40.5	37.5	23	26.5	26	18	49.5	10	63	29	18	39	19.5	46	55.5	35	21.5	39	31.5	33.5	47.5	40	34.5	44	60.5	55	58	40	34	22.5	0	20	53	27	38.5	27.5	16.5	53.5	57	23.5	55.5	35.5	17.5	31.5	47.5	42	24.5	28.5	37.5	29.5	20.5	51	56	24	28.5	45	14.5	28	56.5	30	27	34.5	35	37	23	22.5	18	34.5	65.5	33.5	29.5	40.5	21	40	38.5	42	14	13	31.5	45.5	35.5	48	44.5	65	55.5	21.5	11	40.5	27	21	41	56.5	58	34	50.5	41.5	62	41	20	33.5	25	
43	27	16	45.5	31.5	27.5	44	46	46	37	50	36.5	27.5	36.5	4	44	25.5	35.5	58	55	50	45.5	42	29	30	56.5	41.5	37	42.5	32	38	39.5	16	59	35	2	35	35.5	42	51.5	31	37.5	21	47.5	29.5	63.5	54	30.5	40	48.5	51	54	34	30	33.5	20	0	41	23	54.5	43.5	17.5	65.5	53	19.5	51.5	43.5	18.5	35.5	31.5	38	40.5	24.5	53.5	39.5	21.5	47	52	20	40.5	61	15.5	32	52.5	26	43	29.5	51	33	3	38.5	34	50.5	53.5	49.5	25.5	36.5	37	36	54.5	38	30	7	35.5	41.5	31.5	64	34.5	49	51.5	37.5	31	48.5	23	39	33	42.5	54	40	46.5	47.5	58	37	36	49.5	21	
46	22	39	76.5	60.5	29.5	41	51	71	34	17	55.5	29.5	18.5	37	47	22.5	7.5	29	22	47	26.5	65	48	37	65.5	38.5	34	75.5	35	39	11.5	49	28	32	43	32	66.5	25	30.5	26	64.5	20	64.5	27.5	68.5	51	31.5	9	15.5	26	43	21	27	38.5	53	41	0	34	67.5	58.5	44.5	62.5	34	37.5	30.5	40.5	43.5	32.5	13.5	29	71.5	32.5	68.5	36.5	40.5	50	45	33	37.5	66	46.5	29	39.5	31	74	26.5	76	24	38	63.5	63	81.5	20.5	82.5	31.5	20.5	50	21	67.5	11	63	42	32.5	20.5	34.5	63	16.5	16	40.5	44.5	46	45.5	34	36	20	9.5	43	37	35.5	44.5	39	30	61	62.5	34	
30	14	13	52.5	38.5	19.5	57	53	53	50	43	43.5	29.5	30.5	27	31	38.5	28.5	45	48	37	32.5	49	36	37	63.5	54.5	50	49.5	39	45	32.5	23	46	42	21	22	42.5	29	38.5	8	44.5	36	54.5	21.5	70.5	63	17.5	27	41.5	38	41	33	27	40.5	27	23	34	0	61.5	50.5	24.5	76.5	40	11.5	38.5	56.5	25.5	48.5	29.5	25	47.5	11.5	60.5	52.5	28.5	34	39	3	51.5	68	22.5	45	39.5	23	50	42.5	58	30	26	45.5	41	57.5	46.5	56.5	12.5	23.5	44	13	61.5	25	37	16	48.5	28.5	18.5	71	32.5	42	38.5	44.5	38	61.5	0	48	34	35.5	41	53	33.5	60.5	45	24	43	56.5	2	
81.5	65.5	54.5	9	35	66	30.5	40.5	24.5	43.5	76.5	40	64	63	58.5	82.5	47	62	88.5	81.5	88.5	84	30.5	47.5	56.5	2	33	43.5	12	54.5	48.5	66	44.5	87.5	51.5	52.5	73.5	29	80.5	90	69.5	31	49.5	31	68	33	30.5	69	76.5	75	85.5	92.5	60.5	66.5	53	38.5	54.5	67.5	61.5	0	37	51	27	91.5	58	90	35	52	37	58	76.5	24	63	1	41	55	85.5	90.5	58.5	42	30.5	49	38.5	91	64.5	21.5	51	24.5	63.5	57.5	32	32.5	24	80	23	64	75	45.5	70.5	0	76.5	28.5	47.5	37	80	70	27.5	61	75.5	90	49	49.5	30	61.5	45.5	59.5	69	92.5	36.5	85	29	96.5	75.5	34.5	33	59.5	
70.5	54.5	43.5	28	24	55	21.5	31.5	28.5	34.5	67.5	29	55	54	47.5	71.5	38	53	79.5	72.5	77.5	73	24.5	36.5	47.5	39	24	34.5	25	45.5	39.5	57	33.5	78.5	42.5	41.5	62.5	8	69.5	79	58.5	6	40.5	30	57	44	26.5	58	67.5	66	76.5	81.5	51.5	57.5	44	27.5	43.5	58.5	50.5	37	0	40	38	80.5	47	79	26	41	28	49	65.5	23	52	36	32	44	74.5	79.5	47.5	33	41.5	38	29.5	80	53.5	25.5	42	33.5	54.5	46.5	5	21.5	33	71	32	53	64	34.5	61.5	37	65.5	17.5	36.5	28	69	59	38.5	52	66.5	79	40	38.5	13	50.5	36.5	50.5	60	81.5	27.5	74	14	85.5	64.5	23.5	32	48.5	
44.5	28.5	17.5	42	28	29	42.5	42.5	42.5	35.5	53.5	33	29	40	21.5	45.5	22	39	59.5	58.5	51.5	47	38.5	25.5	26.5	53	40	35.5	39	28.5	34.5	43	12.5	60.5	31.5	15.5	36.5	32	43.5	53	32.5	34	26.5	44	31	60	52.5	32	41.5	52	52.5	55.5	37.5	31.5	30	16.5	17.5	44.5	24.5	51	40	0	64	54.5	21	53	42	1	34	35	39.5	37	26	50	38	4	48.5	53.5	21.5	39	57.5	2	30.5	54	27.5	39.5	18	47.5	34.5	20.5	35	30.5	47	57	46	27	38	33.5	37.5	51	39.5	26.5	10.5	34	43	33	60.5	38	52.5	53	34	27.5	47	24.5	37.5	36.5	46	55.5	38.5	48	46	59.5	38.5	32.5	46	22.5	
96.5	80.5	69.5	34	50	69	25.5	35.5	35.5	38.5	71.5	45	59	58	61.5	97.5	42	57	83.5	76.5	101.5	81	39.5	52.5	51.5	25	28	38.5	31	49.5	43.5	61	59.5	82.5	46.5	67.5	86.5	44	79.5	85	70.5	44	44.5	34	67	6	25.5	84	71.5	70	80.5	97.5	55.5	61.5	48	53.5	65.5	62.5	76.5	27	38	64	0	88.5	73	85	30	63	32	53	83.5	39	78	28	36	60	100.5	99.5	73.5	37	20.5	64	33.5	94	65.5	36.5	46	30.5	58.5	62.5	43	47.5	19	75	20	79	70	44.5	65.5	27	73.5	43.5	62.5	32	75	85	17.5	56	70.5	95	44	50.5	25	76.5	40.5	54.5	64	97.5	31.5	90	24	93.5	84.5	45.5	32	74.5	
20	34	43	82.5	68.5	49.5	67	77	83	60	23	73.5	55.5	44.5	57	21	48.5	33.5	5	12	27	37.5	79	66	63	91.5	64.5	60	79.5	61	65	37.5	53	6	58	51	32	72.5	39	31.5	48	74.5	46	84.5	51.5	94.5	77	32.5	43	26.5	32	31	47	53	64.5	57	53	34	40	91.5	80.5	54.5	88.5	0	41.5	31.5	66.5	55.5	58.5	39.5	35	77.5	36.5	90.5	62.5	58.5	24	29	37	63.5	92	52.5	55	29.5	53	80	52.5	88	50	56	75.5	71	87.5	21.5	86.5	37.5	46.5	74	47	91.5	45	67	46	58.5	41.5	23.5	89	42.5	22	28.5	70.5	68	71.5	40	62	46	30.5	31	63	28.5	70.5	35	34	73	86.5	38	
31.5	15.5	9.5	49	35	8	55.5	49.5	49.5	46.5	46.5	40	26	19	23.5	32.5	37	32	46.5	51.5	38.5	34	45.5	32.5	33.5	60	53	46.5	46	35.5	41.5	34	19.5	47.5	38.5	17.5	23.5	39	30.5	40	19.5	41	34.5	51	10	67	59.5	19	28.5	45	39.5	42.5	29.5	23.5	37	23.5	19.5	37.5	11.5	58	47	21	73	41.5	0	40	55	22	47	24	26.5	44	13	57	49	25	35.5	40.5	8.5	48	64.5	19	43.5	41	19.5	46.5	39	54.5	26.5	22.5	42	37.5	54	50	53	14	25	40.5	24.5	58	26.5	33.5	12.5	47	30	20	67.5	21	45.5	40	41	34.5	60	11.5	44.5	30.5	39	42.5	51.5	35	59	46.5	25.5	39.5	53	9.5	
23.5	32.5	41.5	81	67	48	63.5	73.5	81.5	56.5	19.5	72	52	41	55.5	24.5	45	30	26.5	19.5	30.5	34	77.5	64.5	59.5	88	61	56.5	78	57.5	61.5	34	51.5	25.5	54.5	49.5	30.5	71	37.5	0	46.5	73	42.5	83	50	91	73.5	31	39.5	23	28.5	34.5	43.5	49.5	61	55.5	51.5	30.5	38.5	90	79	53	85	31.5	40	0	63	54	55	36	33.5	76	35	89	59	57	27.5	32.5	35.5	60	88.5	51	51.5	33	51.5	78.5	49	86.5	46.5	54.5	74	69.5	86	10	85	36	43	72.5	43.5	90	41.5	65.5	44.5	55	38	22	85.5	39	18.5	32	67	66.5	68	38.5	58.5	42.5	27	34.5	59.5	5	67	36.5	32.5	71.5	85	36.5	
78.5	62.5	51.5	44	20	47	8.5	18.5	38.5	16.5	49.5	15	37	36	39.5	79.5	20	35	61.5	54.5	79.5	59	32.5	30.5	29.5	33	2	16.5	43	27.5	21.5	39	41.5	60.5	24.5	45.5	64.5	34	57.5	63	48.5	32	22.5	32	45	36	18.5	64	49.5	48	58.5	75.5	33.5	39.5	26	35.5	43.5	40.5	56.5	35	26	42	30	66.5	55	63	0	41	10	31	61.5	39	60	36	14	38	82.5	77.5	55.5	15	33.5	44	11.5	72	43.5	41.5	24	43.5	36.5	40.5	31	30.5	49	53	50	59	48	22.5	43.5	35	51.5	30.5	44.5	10	53	67	30.5	34	48.5	73	22	28.5	13	56.5	18.5	32.5	42	75.5	9.5	68	12	71.5	62.5	28.5	30	56.5	
45.5	29.5	18.5	43	29	30	41.5	43.5	43.5	34.5	52.5	34	30	39	22.5	46.5	21	38	60.5	57.5	52.5	48	39.5	26.5	27.5	54	39	34.5	40	29.5	35.5	42	13.5	61.5	32.5	16.5	37.5	33	44.5	54	33.5	35	25.5	45	32	61	51.5	33	42.5	51	53.5	56.5	36.5	32.5	31	17.5	18.5	43.5	25.5	52	41	1	63	55.5	22	54	41	0	33	34	40.5	38	27	51	37	3	49.5	54.5	22.5	38	58.5	3	29.5	55	28.5	40.5	17	48.5	35.5	21.5	36	31.5	48	56	47	28	39	34.5	38.5	52	40.5	27.5	11.5	33	44	34	61.5	37	51.5	54	35	28.5	46	25.5	36.5	35.5	45	56.5	37.5	49	45	60.5	39.5	33.5	47	23.5	
76.5	54.5	45.5	46	30	39	10.5	20.5	40.5	8.5	41.5	25	29	28	31.5	77.5	12	27	53.5	46.5	71.5	51	34.5	22.5	21.5	35	8	8.5	49	19.5	13.5	31	35.5	52.5	16.5	37.5	56.5	36	49.5	55	40.5	34	14.5	34	37	38	20.5	56	41.5	40	50.5	67.5	25.5	31.5	18	31.5	35.5	32.5	48.5	37	28	34	32	58.5	47	55	10	33	0	23	53.5	41	52	38	4	30	74.5	69.5	51.5	5	35.5	36	3.5	64	35.5	43.5	16	45.5	28.5	32.5	33	32.5	51	45	52	51	40	19.5	35.5	37	43.5	36.5	42.5	0	45	65	32.5	26	40.5	65	12	20.5	15	48.5	10.5	24.5	34	67.5	6.5	60	14	63.5	54.5	30.5	32	50.5	
55.5	35.5	31.5	67	51	16	31.5	41.5	61.5	24.5	22.5	46	20	5	27.5	56.5	13	8	34.5	27.5	52.5	32	55.5	38.5	27.5	56	29	24.5	70	25.5	29.5	12	41.5	33.5	22.5	33.5	37.5	57	30.5	36	21.5	55	10.5	55	14	59	41.5	37	22.5	21	31.5	48.5	11.5	17.5	29	47.5	31.5	13.5	29.5	58	49	35	53	39.5	24	36	31	34	23	0	34.5	62	33	59	27	31	55.5	50.5	32.5	28	56.5	37	19.5	45	21.5	64.5	17	66.5	14.5	28.5	54	53.5	72	26	73	32	21	40.5	16.5	58	24.5	57.5	36.5	23	26	44	53.5	3	21.5	46	35	36.5	36	29.5	26.5	10.5	15	48.5	27.5	41	35	44.5	35.5	51.5	53	31.5	
25	19	28	67.5	53.5	34.5	62	68	68	55	28	58.5	44.5	39.5	42	26	43.5	28.5	40	33	32	27.5	64	51	52	78.5	59.5	55	64.5	54	60	32.5	38	39	53	36	3	57.5	4	33.5	33	59.5	41	69.5	36.5	85.5	72	17.5	32	26.5	33	36	42	42	55.5	42	38	29	25	76.5	65.5	39.5	83.5	35	26.5	33.5	61.5	40.5	53.5	34.5	0	62.5	21.5	75.5	57.5	43.5	29	34	22	58.5	83	37.5	50	34.5	38	65	47.5	73	45	41	60.5	56	72.5	31.5	71.5	22.5	33.5	59	38	76.5	30	52	31	53.5	28.5	13.5	84	37.5	27	33.5	59.5	53	66.5	25	57	41	25.5	36	58	28.5	65.5	40	1	58	71.5	23	
67.5	51.5	40.5	15	21	52	34.5	30.5	15.5	47.5	80.5	26	52	63	44.5	68.5	51	66	82.5	85.5	74.5	70	16.5	33.5	44.5	26	37	47.5	12	46.5	42.5	70	30.5	83.5	49.5	38.5	59.5	15	66.5	76	55.5	17	53.5	7	54	33	30.5	55	64.5	79	75.5	78.5	60.5	54.5	43	24.5	40.5	71.5	47.5	24	23	37	39	77.5	44	76	39	38	41	62	62.5	0	49	23	45	41	71.5	76.5	44.5	44	30.5	35	42.5	77	50.5	12.5	55	20.5	57.5	43.5	18	18.5	20	84	19	50	61	31.5	60.5	24	62.5	14.5	33.5	41	66	56	33.5	65	79.5	76	37	35.5	34	47.5	45.5	61.5	73	78.5	40.5	71	33	82.5	61.5	20.5	9	45.5	
26.5	10.5	14.5	54	40	21	60.5	54.5	54.5	51.5	41.5	45	31	32	28.5	27.5	42	25	41.5	46.5	33.5	29	50.5	37.5	38.5	65	58	51.5	51	40.5	46.5	21	24.5	42.5	43.5	22.5	18.5	44	25.5	35	19.5	46	39.5	56	23	72	64.5	14	23.5	40	34.5	37.5	34.5	28.5	42	28.5	24.5	32.5	11.5	63	52	26	78	36.5	13	35	60	27	52	33	21.5	49	0	62	54	30	30.5	35.5	8.5	53	69.5	24	48.5	36	24.5	51.5	44	59.5	31.5	27.5	47	42.5	59	45	58	1	12	45.5	24.5	63	21.5	38.5	17.5	52	25	15	72.5	34	40.5	35	46	39.5	65	11.5	49.5	35.5	34	37.5	56.5	30	64	41.5	20.5	44.5	58	9.5	
80.5	64.5	53.5	8	34	65	31.5	41.5	23.5	44.5	77.5	39	65	64	57.5	81.5	48	63	89.5	82.5	87.5	83	29.5	46.5	57.5	3	34	44.5	11	55.5	49.5	67	43.5	88.5	52.5	51.5	72.5	28	79.5	89	68.5	30	50.5	30	67	34	31.5	68	77.5	76	86.5	91.5	61.5	67.5	54	37.5	53.5	68.5	60.5	1	36	50	28	90.5	57	89	36	51	38	59	75.5	23	62	0	42	54	84.5	89.5	57.5	43	31.5	48	39.5	90	63.5	20.5	52	23.5	64.5	56.5	31	31.5	23	81	22	63	74	44.5	71.5	1	75.5	27.5	46.5	38	79	69	28.5	62	76.5	89	50	48.5	31	60.5	46.5	60.5	70	91.5	37.5	84	30	95.5	74.5	33.5	32	58.5	
72.5	56.5	45.5	50	34	43	14.5	24.5	44.5	12.5	45.5	29	33	32	35.5	73.5	16	31	57.5	50.5	75.5	55	38.5	26.5	25.5	39	12	12.5	47	23.5	17.5	35	35.5	56.5	20.5	41.5	60.5	40	53.5	59	44.5	38	18.5	38	41	42	24.5	60	45.5	44	54.5	71.5	29.5	35.5	22	29.5	39.5	36.5	52.5	41	32	38	36	62.5	49	59	14	37	4	27	57.5	45	54	42	0	34	76.5	73.5	49.5	1	39.5	40	7.5	68	39.5	47.5	20	49.5	32.5	36.5	37	36.5	55	49	54	55	44	23.5	39.5	41	47.5	34.5	38.5	4	49	61	36.5	30	44.5	69	8	24.5	19	52.5	14.5	28.5	38	71.5	10.5	64	18	67.5	58.5	34.5	36	50.5	
48.5	32.5	21.5	46	32	33	38.5	46.5	46.5	31.5	49.5	37	33	36	25.5	49.5	18	35	61.5	54.5	55.5	51	42.5	29.5	30.5	57	36	31.5	43	32.5	36.5	39	16.5	60.5	29.5	19.5	40.5	36	47.5	57	36.5	38	22.5	48	35	64	48.5	36	45.5	48	56.5	59.5	33.5	35.5	34	20.5	21.5	40.5	28.5	55	44	4	60	58.5	25	57	38	3	30	31	43.5	41	30	54	34	0	52.5	57.5	25.5	35	61.5	6	26.5	58	31.5	43.5	14	51.5	36.5	24.5	39	34.5	51	53	50	31	42	37.5	41.5	55	43.5	30.5	14.5	30	47	37	60.5	34	48.5	57	38	31.5	43	28.5	33.5	32.5	42	59.5	34.5	52	42	63.5	42.5	36.5	50	26.5	
4	28	37	76.5	62.5	43.5	83	77	77	74	39	67.5	53.5	54.5	51	3	64.5	49.5	29	34	3	31.5	73	60	61	87.5	80.5	74	73.5	63	69	51.5	47	30	66	45	26	66.5	33	27.5	42	68.5	62	78.5	45.5	94.5	87	26.5	41	42.5	32	7	57	51	64.5	51	47	50	34	85.5	74.5	48.5	100.5	24	35.5	27.5	82.5	49.5	74.5	55.5	29	71.5	30.5	84.5	76.5	52.5	0	5	31	75.5	92	46.5	71	18.5	47	74	66.5	82	54	50	69.5	65	81.5	37.5	80.5	31.5	42.5	68	47	85.5	39	61	40	74.5	37.5	17.5	95	56.5	38	17.5	68.5	62	87.5	34	72	58	46.5	7	79	22.5	86.5	11	28	67	80.5	32	
9	33	42	81.5	67.5	48.5	78	82	82	71	34	72.5	58.5	55.5	56	8	59.5	44.5	34	29	2	36.5	78	65	66	92.5	75.5	71	78.5	68	74	48.5	52	35	69	50	31	71.5	38	32.5	47	73.5	57	83.5	50.5	99.5	88	31.5	46	37.5	37	2	58	56	69.5	56	52	45	39	90.5	79.5	53.5	99.5	29	40.5	32.5	77.5	54.5	69.5	50.5	34	76.5	35.5	89.5	73.5	57.5	5	0	36	74.5	97	51.5	66	23.5	52	79	63.5	87	59	55	74.5	70	86.5	32.5	85.5	36.5	47.5	73	52	90.5	44	66	45	69.5	42.5	22.5	100	53.5	33	22.5	73.5	67	82.5	39	73	57	41.5	2	74	27.5	81.5	6	33	72	85.5	37	
27	11	10	49.5	35.5	16.5	60	50	50	47	44	40.5	26.5	27.5	24	28	41.5	31.5	42	49	34	29.5	46	33	34	60.5	57.5	47	46.5	36	42	29.5	20	43	39	18	19	39.5	26	35.5	11	41.5	39	51.5	18.5	67.5	60	14.5	24	40.5	35	38	30	24	37.5	24	20	33	3	58.5	47.5	21.5	73.5	37	8.5	35.5	55.5	22.5	51.5	32.5	22	44.5	8.5	57.5	49.5	25.5	31	36	0	48.5	65	19.5	48	36.5	20	47	39.5	55	27	23	42.5	38	54.5	45.5	53.5	9.5	20.5	41	16	58.5	22	34	13	51.5	25.5	15.5	68	29.5	45	35.5	41.5	35	60.5	3	45	31	36.5	38	54	30.5	61.5	42	21	40	53.5	1	
71.5	55.5	44.5	49	35	44	15.5	25.5	45.5	13.5	46.5	30	34	33	36.5	72.5	17	32	58.5	51.5	76.5	56	39.5	27.5	26.5	40	13	13.5	46	24.5	18.5	36	34.5	57.5	21.5	42.5	61.5	39	54.5	60	45.5	39	19.5	39	42	43	25.5	59	46.5	45	55.5	72.5	30.5	36.5	23	28.5	40.5	37.5	51.5	42	33	39	37	63.5	48	60	15	38	5	28	58.5	44	53	43	1	35	75.5	74.5	48.5	0	40.5	39	8.5	69	40.5	46.5	21	50.5	33.5	37.5	38	37.5	54	50	53	54	45	24.5	40.5	42	48.5	33.5	37.5	5	50	60	37.5	31	45.5	70	7	25.5	20	51.5	15.5	29.5	39	72.5	11.5	65	19	68.5	59.5	35.5	37	49.5	
88	72	61	25.5	41.5	72.5	29	39	31	42	75	46.5	62.5	61.5	65	89	45.5	60.5	87	80	95	84.5	37	54	55	28.5	31.5	42	22.5	53	47	64.5	51	86	50	59	80	35.5	83	88.5	74	37.5	48	37.5	70.5	26.5	29	75.5	75	73.5	84	99	59	65	51.5	45	61	66	68	30.5	41.5	57.5	20.5	92	64.5	88.5	33.5	58.5	35.5	56.5	83	30.5	69.5	31.5	39.5	61.5	92	97	65	40.5	0	55.5	37	97.5	69	28	49.5	10	62	64	38.5	39	25.5	78.5	24.5	70.5	73.5	48	69	30.5	77	35	54	35.5	78.5	76.5	3	59.5	74	96.5	47.5	54	28.5	68	44	58	67.5	99	35	91.5	27.5	97	82	41	35.5	66	
42.5	26.5	15.5	40	26	27	44.5	40.5	40.5	37.5	55.5	31	27	38	19.5	43.5	24	41	57.5	60.5	49.5	45	36.5	23.5	24.5	51	42	37.5	37	26.5	32.5	45	10.5	58.5	29.5	13.5	34.5	30	41.5	51	30.5	32	28.5	42	29	58	50.5	30	39.5	54	50.5	53.5	35.5	29.5	28	14.5	15.5	46.5	22.5	49	38	2	64	52.5	19	51	44	3	36	37	37.5	35	24	48	40	6	46.5	51.5	19.5	39	55.5	0	32.5	52	25.5	37.5	20	45.5	32.5	18.5	33	28.5	45	59	44	25	36	31.5	35.5	49	37.5	24.5	8.5	36	41	31	58.5	40	54.5	51	32	25.5	49	22.5	35.5	36.5	48	53.5	40.5	46	48	57.5	36.5	30.5	44	20.5	
75	51	42	47.5	31.5	35.5	12	22	42	5	38	26.5	25.5	24.5	28	74	8.5	23.5	50	43	68	47.5	36	19	18	36.5	9.5	5	50.5	16	10	27.5	32	49	13	34	53	37.5	46	51.5	37	35.5	11	35.5	33.5	39.5	22	52.5	38	36.5	47	64	22	28	14.5	28	32	29	45	38.5	29.5	30.5	33.5	55	43.5	51.5	11.5	29.5	3.5	19.5	50	42.5	48.5	39.5	7.5	26.5	71	66	48	8.5	37	32.5	0	60.5	32	45	12.5	47	25	29	34.5	34	52.5	41.5	53.5	47.5	36.5	21	32	38.5	40	38	39	3.5	41.5	61.5	34	22.5	37	61.5	15.5	17	16.5	45	7	21	30.5	64	8	56.5	15.5	60	51	32	33.5	47	
14.5	33.5	42.5	82	68	49	72.5	82.5	82.5	65.5	28.5	73	59	50	56.5	15.5	54	39	30.5	23.5	21.5	37	78.5	65.5	66.5	93	70	65.5	79	66.5	70.5	43	52.5	29.5	63.5	50.5	31.5	72	38.5	33	47.5	74	51.5	84	51	100	82.5	32	46.5	32	37.5	25.5	52.5	56.5	70	56.5	52.5	39.5	39.5	91	80	54	94	29.5	41	33	72	55	64	45	34.5	77	36	90	68	58	18.5	23.5	36.5	69	97.5	52	60.5	0	52.5	79.5	58	87.5	55.5	55.5	75	70.5	87	27	86	37	48	73.5	52.5	91	44.5	66.5	45.5	64	43	23	94.5	48	27.5	1	74	67.5	77	39.5	67.5	51.5	36	25.5	68.5	28	76	29.5	33.5	72.5	86	37.5	
43	27	10	55.5	41.5	27.5	44	54	56	37	40	46.5	32.5	26.5	30	44	25.5	25.5	52	45	50	45.5	52	39	40	66.5	41.5	37	52.5	38	42	29.5	26	51	35	24	35	45.5	42	51.5	31	47.5	23	57.5	29.5	71.5	54	30.5	40	38.5	49	54	10	4	41.5	30	26	31	23	64.5	53.5	27.5	65.5	53	19.5	51.5	43.5	28.5	35.5	21.5	38	50.5	24.5	63.5	39.5	31.5	47	52	20	40.5	69	25.5	32	52.5	0	53	29.5	61	7	29	48.5	44	60.5	43.5	59.5	25.5	36.5	47	34	64.5	38	40	19	35.5	41.5	31.5	66	24.5	39	51.5	47.5	41	48.5	23	39	11	32.5	54	40	46.5	47.5	58	37	46	59.5	21	
70	54	43	12.5	23.5	54.5	37	33	3	50	83	28.5	54.5	65.5	47	71	53.5	68.5	85	88	77	72.5	19	36	47	23.5	39.5	50	9.5	49	45	72.5	33	86	52	41	62	17.5	69	78.5	58	19.5	56	19.5	56.5	30.5	33	57.5	67	81.5	78	81	63	57	45.5	27	43	74	50	21.5	25.5	39.5	36.5	80	46.5	78.5	41.5	40.5	43.5	64.5	65	12.5	51.5	20.5	47.5	43.5	74	79	47	46.5	28	37.5	45	79.5	53	0	57.5	18	60	46	20.5	21	17.5	86.5	16.5	52.5	63.5	34	63	21.5	65	17	36	43.5	68.5	58.5	31	67.5	82	78.5	39.5	38	36.5	50	48	64	75.5	81	43	73.5	35.5	85	64	23	21.5	48	
62.5	46.5	35.5	60	44	33	24.5	34.5	54.5	17.5	35.5	39	23	22	25.5	63.5	4	21	47.5	40.5	65.5	45	48.5	31.5	20.5	49	22	17.5	57	18.5	22.5	25	30.5	46.5	15.5	31.5	50.5	50	43.5	49	34.5	48	8.5	48	31	52	34.5	50	35.5	34	44.5	61.5	19.5	25.5	22	34.5	29.5	26.5	42.5	51	42	18	46	52.5	39	49	24	17	16	17	47.5	55	44	52	20	14	66.5	63.5	39.5	21	49.5	20	12.5	58	29.5	57.5	0	59.5	22.5	26.5	47	46.5	65	39	64	45	34	33.5	29.5	51	37.5	44.5	28.5	16	39	51	46.5	20	34.5	59	28	29.5	29	42.5	19.5	18.5	28	61.5	20.5	54	28	57.5	48.5	44.5	46	40.5	
78	62	51	15.5	31.5	62.5	39	41	21	52	85	36.5	62.5	71.5	55	79	55.5	70.5	93	90	85	80.5	27	44	55	26.5	41.5	52	12.5	57	53	74.5	41	94	60	49	70	25.5	77	86.5	66	27.5	58	27.5	64.5	28.5	39	65.5	75	83.5	86	89	69	65	53.5	35	51	76	58	24.5	33.5	47.5	30.5	88	54.5	86.5	43.5	48.5	45.5	66.5	73	20.5	59.5	23.5	49.5	51.5	82	87	55	50.5	10	45.5	47	87.5	61	18	59.5	0	68	54	28.5	29	15.5	88.5	14.5	60.5	71.5	42	71	24.5	73	25	44	45.5	76.5	66.5	13	69.5	84	86.5	47.5	46	38.5	58	54	68	77.5	89	45	81.5	37.5	93	72	31	29.5	56	
50	34	17	62.5	48.5	30.5	37	47	63	30	33	51.5	25.5	19.5	33	51	18.5	18.5	45	38	57	42.5	59	44	33	61.5	34.5	30	59.5	31	35	22.5	33	44	28	31	42	52.5	41	46.5	32	54.5	16	60.5	28.5	64.5	47	37.5	33	31.5	42	59	3	3	34.5	37	33	24	30	63.5	54.5	34.5	58.5	50	26.5	46.5	36.5	35.5	28.5	14.5	45	57.5	31.5	64.5	32.5	36.5	54	59	27	33.5	62	32.5	25	55.5	7	60	22.5	68	0	34	55.5	51	67.5	36.5	66.5	32.5	31.5	46	27	63.5	35	47	26	28.5	36.5	38.5	59	17.5	32	56.5	40.5	42	41.5	30	32	4	25.5	59	33	51.5	40.5	55	44	53	58.5	28	
46	30	19	48.5	34.5	30.5	41	49	49	34	47	39.5	30.5	33.5	1	47	22.5	32.5	59	52	53	48.5	45	32	33	59.5	38.5	34	45.5	35	39	36.5	19	58	32	5	38	38.5	45	54.5	34	40.5	18	50.5	32.5	66.5	51	33.5	43	45.5	54	57	31	33	36.5	23	3	38	26	57.5	46.5	20.5	62.5	56	22.5	54.5	40.5	21.5	32.5	28.5	41	43.5	27.5	56.5	36.5	24.5	50	55	23	37.5	64	18.5	29	55.5	29	46	26.5	54	34	0	41.5	37	53.5	50.5	52.5	28.5	39.5	40	39	57.5	41	33	10	32.5	44.5	34.5	63	31.5	46	54.5	40.5	34	45.5	26	36	30	39.5	57	37	49.5	44.5	61	40	39	52.5	24	
65.5	49.5	38.5	23	19	50	26.5	28.5	23.5	39.5	72.5	24	50	59	42.5	66.5	43	58	80.5	77.5	72.5	68	19.5	31.5	42.5	34	29	39.5	20	44.5	40.5	62	28.5	81.5	47.5	36.5	57.5	3	64.5	74	53.5	1	45.5	25	52	41	31.5	53	62.5	71	73.5	76.5	56.5	52.5	41	22.5	38.5	63.5	45.5	32	5	35	43	75.5	42	74	31	36	33	54	60.5	18	47	31	37	39	69.5	74.5	42.5	38	38.5	33	34.5	75	48.5	20.5	47	28.5	55.5	41.5	0	16.5	28	76	27	48	59	29.5	58.5	32	60.5	12.5	31.5	33	64	54	41.5	57	71.5	74	35	33.5	18	45.5	41.5	55.5	65	76.5	32.5	69	19	80.5	59.5	18.5	27	43.5	
61	45	34	23.5	14.5	45.5	22	12	24	39	72	19.5	45.5	56.5	38	62	42.5	57.5	76	77	68	63.5	20	27	38	34.5	28.5	39	20.5	40	36	61.5	24	77	43	32	53	13.5	60	69.5	49	15.5	45	25.5	47.5	41.5	34	48.5	58	70.5	69	72	54	48	36.5	18	34	63	41	32.5	21.5	30.5	47.5	71	37.5	69.5	30.5	31.5	32.5	53.5	56	18.5	42.5	31.5	36.5	34.5	65	70	38	37.5	39	28.5	34	70.5	44	21	46.5	29	51	37	16.5	0	28.5	75.5	27.5	43.5	54.5	25	54	32.5	56	4	27	32.5	59.5	49.5	42	56.5	71	69.5	30.5	29	30.5	41	39	55	64.5	72	32	64.5	29.5	76	55	2	27.5	39	
77.5	61.5	50.5	15	31	62	44.5	40.5	20.5	57.5	90.5	36	62	73	54.5	78.5	61	76	92.5	95.5	84.5	80	26.5	43.5	54.5	26	47	57.5	12	56.5	52.5	80	40.5	93.5	59.5	48.5	69.5	25	76.5	86	65.5	27	63.5	27	64	13	40.5	65	74.5	89	85.5	88.5	70.5	64.5	53	34.5	50.5	81.5	57.5	24	33	47	19	87.5	54	86	49	48	51	72	72.5	20	59	23	55	51	81.5	86.5	54.5	54	25.5	45	52.5	87	60.5	17.5	65	15.5	67.5	53.5	28	28.5	0	94	1	60	71	41.5	70.5	24	72.5	24.5	43.5	51	76	66	28.5	75	89.5	86	47	45.5	44	57.5	55.5	71.5	83	88.5	50.5	81	43	92.5	71.5	30.5	29	55.5	
33.5	42.5	51.5	89	73	42	53.5	63.5	83.5	46.5	9.5	68	42	31	49.5	34.5	35	20	16.5	9.5	34.5	24	77.5	60.5	49.5	78	51	46.5	88	47.5	51.5	24	61.5	15.5	44.5	55.5	34.5	79	27.5	10	38.5	77	32.5	77	40	81	63.5	39	29.5	13	18.5	30.5	33.5	39.5	51	65.5	53.5	20.5	46.5	80	71	57	75	21.5	50	10	53	56	45	26	31.5	84	45	81	49	53	37.5	32.5	45.5	50	78.5	59	41.5	27	43.5	86.5	39	88.5	36.5	50.5	76	75.5	94	0	95	44	33	62.5	33.5	80	31.5	75.5	54.5	45	28	32	75.5	29	8.5	28	57	58.5	58	46.5	48.5	32.5	17	30.5	49.5	15	57	26.5	32.5	73.5	75	46.5	
76.5	60.5	49.5	14	30	61	45.5	39.5	19.5	56.5	91.5	35	61	72	53.5	77.5	62	77	91.5	96.5	83.5	79	25.5	42.5	53.5	25	48	56.5	11	55.5	51.5	79	39.5	92.5	58.5	47.5	68.5	24	75.5	85	64.5	26	64.5	26	63	14	39.5	64	73.5	90	84.5	87.5	69.5	63.5	52	33.5	49.5	82.5	56.5	23	32	46	20	86.5	53	85	50	47	52	73	71.5	19	58	22	54	50	80.5	85.5	53.5	53	24.5	44	53.5	86	59.5	16.5	64	14.5	66.5	52.5	27	27.5	1	95	0	59	70	40.5	69.5	23	71.5	23.5	42.5	52	75	65	27.5	74	90.5	85	46	44.5	45	56.5	54.5	70.5	84	87.5	51.5	80	44	91.5	70.5	29.5	28	54.5	
27.5	11.5	15.5	55	41	22	59.5	55.5	55.5	52.5	40.5	46	32	33	29.5	28.5	41	24	42.5	45.5	34.5	30	51.5	38.5	39.5	66	57	52.5	52	41.5	47.5	20	25.5	43.5	44.5	23.5	19.5	45	26.5	36	20.5	47	38.5	57	24	73	65.5	15	24.5	39	35.5	38.5	35.5	29.5	43	29.5	25.5	31.5	12.5	64	53	27	79	37.5	14	36	59	28	51	32	22.5	50	1	63	55	31	31.5	36.5	9.5	54	70.5	25	47.5	37	25.5	52.5	45	60.5	32.5	28.5	48	43.5	60	44	59	0	11	46.5	25.5	64	22.5	39.5	18.5	51	26	16	73.5	35	39.5	36	47	40.5	64	12.5	50.5	36.5	33	38.5	55.5	31	63	42.5	21.5	45.5	59	10.5	
38.5	22.5	26.5	66	52	33	48.5	58.5	66.5	41.5	29.5	57	37	26	40.5	39.5	30	13	41.5	34.5	45.5	39	62.5	49.5	44.5	73	46	41.5	63	42.5	46.5	9	36.5	40.5	39.5	34.5	30.5	56	37.5	43	31.5	58	27.5	68	35	76	58.5	26	29.5	28	38.5	49.5	28.5	34.5	46	40.5	36.5	20.5	23.5	75	64	38	70	46.5	25	43	48	39	40	21	33.5	61	12	74	44	42	42.5	47.5	20.5	45	73.5	36	36.5	48	36.5	63.5	34	71.5	31.5	39.5	59	54.5	71	33	70	11	0	57.5	28.5	75	31.5	50.5	29.5	40	33	27	70.5	24	28.5	47	52	51.5	53	23.5	43.5	27.5	22	49.5	44.5	42	52	51.5	32.5	56.5	70	21.5	
64	48	37	36.5	22.5	48.5	23	33	37	26	59	27.5	46.5	45.5	41	65	29.5	44.5	71	64	71	66.5	33	30	39	47.5	20.5	26	33.5	37	31	48.5	27	70	34	35	56	26.5	63	72.5	52	28.5	32	38.5	50.5	50.5	33	51.5	59	57.5	68	75	43	49	35.5	21	37	50	44	45.5	34.5	33.5	44.5	74	40.5	72.5	22.5	34.5	19.5	40.5	59	31.5	45.5	44.5	23.5	37.5	68	73	41	24.5	48	31.5	21	73.5	47	34	33.5	42	46	40	29.5	25	41.5	62.5	40.5	46.5	57.5	0	53	45.5	59	21	30	19.5	62.5	52.5	45	43.5	58	72.5	31.5	32	27.5	44	28	42	51.5	75	13	67.5	26.5	79	58	27	40.5	42	
43	27	26	65.5	51.5	32.5	44	54	66	37	30	56.5	32.5	21.5	40	44	25.5	15.5	42	35	50	39.5	62	49	40	68.5	41.5	37	62.5	38	42	19.5	36	41	35	34	35	55.5	38	43.5	5	57.5	23	67.5	30.5	71.5	54	30.5	30	28.5	39	54	24	30	41.5	40	36	21	13	70.5	61.5	37.5	65.5	47	24.5	43.5	43.5	38.5	35.5	16.5	38	60.5	24.5	71.5	39.5	41.5	47	52	16	40.5	69	35.5	32	52.5	34	63	29.5	71	27	39	58.5	54	70.5	33.5	69.5	25.5	28.5	53	0	70.5	32	50	29	35.5	33.5	31.5	66	19.5	29	51.5	47.5	49	48.5	13	39	23	22.5	54	40	46.5	47.5	52	37	56	65.5	15	
81.5	65.5	54.5	9	35	66	30.5	40.5	24.5	43.5	76.5	40	64	63	58.5	82.5	47	62	88.5	81.5	88.5	84	30.5	47.5	56.5	2	33	43.5	12	54.5	48.5	66	44.5	87.5	51.5	52.5	73.5	29	80.5	90	69.5	31	49.5	31	68	33	30.5	69	76.5	75	85.5	92.5	60.5	66.5	53	38.5	54.5	67.5	61.5	0	37	51	27	91.5	58	90	35	52	37	58	76.5	24	63	1	41	55	85.5	90.5	58.5	42	30.5	49	38.5	91	64.5	21.5	51	24.5	63.5	57.5	32	32.5	24	80	23	64	75	45.5	70.5	0	76.5	28.5	47.5	37	80	70	27.5	61	75.5	90	49	49.5	30	61.5	45.5	59.5	69	92.5	36.5	85	29	96.5	75.5	34.5	33	59.5	
35	11	28	67.5	53.5	34.5	52	62	68	45	28	58.5	40.5	29.5	42	36	33.5	18.5	40	33	42	37.5	64	51	48	76.5	49.5	45	64.5	46	50	22.5	38	39	43	36	27	57.5	34	41.5	33	59.5	31	69.5	36.5	79.5	62	22.5	2	26.5	37	46	32	38	49.5	42	38	11	25	76.5	65.5	39.5	73.5	45	26.5	41.5	51.5	40.5	43.5	24.5	30	62.5	21.5	75.5	47.5	43.5	39	44	22	48.5	77	37.5	40	44.5	38	65	37.5	73	35	41	60.5	56	72.5	31.5	71.5	22.5	31.5	59	32	76.5	0	52	31	43.5	31.5	23.5	74	27.5	27	43.5	55.5	53	56.5	25	47	31	20.5	46	48	38.5	55.5	50	29	58	71.5	23	
57	41	30	19.5	10.5	41.5	26	16	20	37	74	15.5	41.5	52.5	34	58	46.5	61.5	72	79	64	59.5	16	23	34	30.5	32.5	37	16.5	36	32	59.5	20	73	39	28	49	9.5	56	65.5	45	11.5	49	21.5	43.5	37.5	30	44.5	54	70.5	65	68	50	44	32.5	14	30	63	37	28.5	17.5	26.5	43.5	67	33.5	65.5	30.5	27.5	36.5	57.5	52	14.5	38.5	27.5	34.5	30.5	61	66	34	33.5	35	24.5	38	66.5	40	17	44.5	25	47	33	12.5	4	24.5	75.5	23.5	39.5	50.5	21	50	28.5	52	0	23	36.5	55.5	45.5	38	54.5	75	65.5	26.5	25	30.5	37	35	51	66.5	68	34	60.5	31.5	72	51	6	23.5	35	
36	20	9	38.5	24.5	20.5	49	39	39	36	53	29.5	20.5	31.5	11	37	32.5	42.5	51	58	43	38.5	35	22	23	49.5	46.5	36	35.5	25	31	38.5	9	52	28	5	28	28.5	35	44.5	24	30.5	28	40.5	22.5	56.5	49	23.5	33	49.5	44	47	29	23	26.5	13	7	42	16	47.5	36.5	10.5	62.5	46	12.5	44.5	44.5	11.5	42.5	36.5	31	33.5	17.5	46.5	38.5	14.5	40	45	13	37.5	54	8.5	39	45.5	19	36	28.5	44	26	10	31.5	27	43.5	54.5	42.5	18.5	29.5	30	29	47.5	31	23	0	42.5	34.5	24.5	57	33.5	54	44.5	30.5	24	49.5	16	34	30	45.5	47	43	39.5	50.5	51	30	29	42.5	14	
76.5	54.5	45.5	46	30	39	10.5	20.5	40.5	8.5	41.5	25	29	28	31.5	77.5	12	27	53.5	46.5	71.5	51	34.5	22.5	21.5	35	8	8.5	49	19.5	13.5	31	35.5	52.5	16.5	37.5	56.5	36	49.5	55	40.5	34	14.5	34	37	38	20.5	56	41.5	40	50.5	67.5	25.5	31.5	18	31.5	35.5	32.5	48.5	37	28	34	32	58.5	47	55	10	33	0	23	53.5	41	52	38	4	30	74.5	69.5	51.5	5	35.5	36	3.5	64	35.5	43.5	16	45.5	28.5	32.5	33	32.5	51	45	52	51	40	19.5	35.5	37	43.5	36.5	42.5	0	45	65	32.5	26	40.5	65	12	20.5	15	48.5	10.5	24.5	34	67.5	6.5	60	14	63.5	54.5	30.5	32	50.5	
33.5	22.5	31.5	71	57	38	53.5	63.5	71.5	46.5	24.5	62	42	31	45.5	34.5	35	20	36.5	29.5	40.5	34	67.5	54.5	49.5	78	51	46.5	68	47.5	51.5	24	41.5	35.5	44.5	39.5	25.5	61	32.5	38	36.5	63	32.5	73	40	81	63.5	11	29.5	23	33.5	44.5	33.5	39.5	51	45.5	41.5	20.5	28.5	80	69	43	75	41.5	30	38	53	44	45	26	28.5	66	25	79	49	47	37.5	42.5	25.5	50	78.5	41	41.5	43	41.5	68.5	39	76.5	36.5	44.5	64	59.5	76	28	75	26	33	62.5	33.5	80	31.5	55.5	34.5	45	0	22	75.5	29	23.5	42	57	56.5	58	28.5	48.5	32.5	11	44.5	49.5	37	57	46.5	27.5	61.5	75	26.5	
13.5	12.5	21.5	61	47	28	71.5	61.5	61.5	58.5	30.5	52	38	39	35.5	14.5	55	40	28.5	35.5	20.5	14	57.5	44.5	45.5	72	69	58.5	58	47.5	53.5	36	31.5	29.5	50.5	29.5	10.5	51	17.5	22	26.5	53	52.5	63	30	79	71.5	11	25.5	25	21.5	24.5	41.5	35.5	49	35.5	31.5	34.5	18.5	70	59	33	85	23.5	20	22	67	34	65	44	13.5	56	15	69	61	37	17.5	22.5	15.5	60	76.5	31	61.5	23	31.5	58.5	51	66.5	38.5	34.5	54	49.5	66	32	65	16	27	52.5	31.5	70	23.5	45.5	24.5	65	22	0	79.5	41	31.5	22	53	46.5	72	18.5	56.5	42.5	33	24.5	65.5	17	73	28.5	12.5	51.5	65	16.5	
91	75	64	28.5	44.5	69.5	26	36	34	39	72	45.5	59.5	58.5	62	92	42.5	57.5	84	77	98	81.5	40	53	52	25.5	28.5	39	25.5	50	44	61.5	54	83	47	62	83	38.5	80	85.5	71	40.5	45	34.5	67.5	23.5	26	78.5	72	70.5	81	98	56	62	48.5	48	64	63	71	27.5	38.5	60.5	17.5	89	67.5	85.5	30.5	61.5	32.5	53.5	84	33.5	72.5	28.5	36.5	60.5	95	100	68	37.5	3	58.5	34	94.5	66	31	46.5	13	59	63	41.5	42	28.5	75.5	27.5	73.5	70.5	45	66	27.5	74	38	57	32.5	75.5	79.5	0	56.5	71	95.5	44.5	51	25.5	71	41	55	64.5	98	32	90.5	24.5	94	85	44	32.5	69	
52.5	36.5	30.5	70	54	13	34.5	44.5	64.5	27.5	25.5	49	23	2	30.5	53.5	16	11	37.5	30.5	55.5	35	58.5	41.5	30.5	59	32	27.5	67	28.5	32.5	15	40.5	36.5	25.5	36.5	40.5	60	33.5	39	24.5	58	13.5	58	11	62	44.5	40	25.5	24	34.5	51.5	14.5	20.5	32	44.5	34.5	16.5	32.5	61	52	38	56	42.5	21	39	34	37	26	3	37.5	65	34	62	30	34	56.5	53.5	29.5	31	59.5	40	22.5	48	24.5	67.5	20	69.5	17.5	31.5	57	56.5	75	29	74	35	24	43.5	19.5	61	27.5	54.5	33.5	26	29	41	56.5	0	24.5	49	38	39.5	39	32.5	29.5	13.5	18	51.5	30.5	44	38	47.5	38.5	54.5	56	30.5	
38	38	49	84.5	68.5	37.5	49	59	79	42	1	63.5	37.5	26.5	45	39	30.5	15.5	17	10	35	19.5	73	56	45	73.5	46.5	42	87.5	43	47	19.5	59	16	40	51	30	74.5	23	18.5	34	72.5	28	72.5	35.5	76.5	59	34.5	25	8.5	10	31	29	35	46.5	65	49	16	42	75.5	66.5	52.5	70.5	22	45.5	18.5	48.5	51.5	40.5	21.5	27	79.5	40.5	76.5	44.5	48.5	38	33	45	45.5	74	54.5	37	27.5	39	82	34.5	84	32	46	71.5	71	89.5	8.5	90.5	39.5	28.5	58	29	75.5	27	75	54	40.5	23.5	31.5	71	24.5	0	28.5	52.5	54	53.5	42	44	28	12.5	31	45	23.5	52.5	27	28	69	70.5	44	
13.5	32.5	41.5	81	67	48	73.5	81.5	81.5	66.5	29.5	72	58	51	55.5	14.5	55	40	31.5	24.5	20.5	36	77.5	64.5	65.5	92	71	66.5	78	67.5	71.5	44	51.5	30.5	64.5	49.5	30.5	71	37.5	32	46.5	73	52.5	83	50	99	83.5	31	45.5	33	36.5	24.5	53.5	55.5	69	55.5	51.5	40.5	38.5	90	79	53	95	28.5	40	32	73	54	65	46	33.5	76	35	89	69	57	17.5	22.5	35.5	70	96.5	51	61.5	1	51.5	78.5	59	86.5	56.5	54.5	74	69.5	86	28	85	36	47	72.5	51.5	90	43.5	65.5	44.5	65	42	22	95.5	49	28.5	0	73	66.5	78	38.5	68.5	52.5	37	24.5	69.5	27	77	28.5	32.5	71.5	85	36.5	
64.5	48.5	37.5	42	28	49	22.5	32.5	42.5	20.5	53.5	33	41	40	41.5	65.5	24	39	65.5	58.5	71.5	63	38.5	30.5	33.5	47	20	20.5	39	31.5	25.5	43	27.5	64.5	28.5	35.5	56.5	32	61.5	67	52.5	34	26.5	44	49	50	32.5	52	53.5	52	62.5	75.5	37.5	43.5	30	21.5	37.5	44.5	44.5	49	40	34	44	70.5	41	67	22	35	12	35	59.5	37	46	50	8	38	68.5	73.5	41.5	7	47.5	32	15.5	74	47.5	39.5	28	47.5	40.5	40.5	35	30.5	47	57	46	47	52	31.5	47.5	49	55.5	26.5	30.5	12	57	53	44.5	38	52.5	73	0	32.5	27	44.5	22.5	36.5	46	75.5	18.5	68	26	75.5	58.5	32.5	44	42.5	
58	42	31	40.5	26.5	42.5	29	39	41	12	55	31.5	42.5	41.5	35	59	25.5	40.5	67	60	65	60.5	37	2	35	51.5	26.5	12	37.5	33	7	44.5	21	66	30	29	50	30.5	57	66.5	46	32.5	28	42.5	44.5	56.5	39	45.5	55	53.5	64	69	39	45	31.5	11	31	46	38	49.5	38.5	27.5	50.5	68	34.5	66.5	28.5	28.5	20.5	36.5	53	35.5	39.5	48.5	24.5	31.5	62	67	35	25.5	54	25.5	17	67.5	41	38	29.5	46	42	34	33.5	29	45.5	58.5	44.5	40.5	51.5	32	49	49.5	53	25	24	20.5	56.5	46.5	51	39.5	54	66.5	32.5	0	33.5	38	10	38	47.5	69	25	61.5	32.5	73	52	31	44.5	36	
83.5	67.5	56.5	39	33	52	8.5	18.5	33.5	21.5	54.5	28	42	41	44.5	84.5	25	40	66.5	59.5	84.5	64	27.5	35.5	34.5	28	11	21.5	38	32.5	26.5	44	46.5	65.5	29.5	50.5	69.5	21	62.5	68	53.5	19	27.5	27	50	31	13.5	69	54.5	53	63.5	80.5	38.5	44.5	31	40.5	48.5	45.5	61.5	30	13	47	25	71.5	60	68	13	46	15	36	66.5	34	65	31	19	43	87.5	82.5	60.5	20	28.5	49	16.5	77	48.5	36.5	29	38.5	41.5	45.5	18	30.5	44	58	45	64	53	27.5	48.5	30	56.5	30.5	49.5	15	58	72	25.5	39	53.5	78	27	33.5	0	61.5	23.5	37.5	47	80.5	14.5	73	1	76.5	67.5	28.5	25	61.5	
30	14	13	52.5	38.5	19.5	57	53	53	50	43	43.5	29.5	30.5	27	31	38.5	28.5	45	48	37	32.5	49	36	37	63.5	54.5	50	49.5	39	45	32.5	23	46	42	21	22	42.5	29	38.5	8	44.5	36	54.5	21.5	70.5	63	17.5	27	41.5	38	41	33	27	40.5	27	23	34	0	61.5	50.5	24.5	76.5	40	11.5	38.5	56.5	25.5	48.5	29.5	25	47.5	11.5	60.5	52.5	28.5	34	39	3	51.5	68	22.5	45	39.5	23	50	42.5	58	30	26	45.5	41	57.5	46.5	56.5	12.5	23.5	44	13	61.5	25	37	16	48.5	28.5	18.5	71	32.5	42	38.5	44.5	38	61.5	0	48	34	35.5	41	53	33.5	60.5	45	24	43	56.5	2	
68	52	41	50.5	36.5	42.5	19	29	49	2	45	33.5	32.5	31.5	35	69	15.5	30.5	57	50	75	54.5	43	12	25	43.5	16.5	2	47.5	23	3	34.5	31	56	20	39	60	40.5	53	58.5	44	42.5	18	42.5	40.5	46.5	29	55.5	45	43.5	54	71	29	35	21.5	21	39	36	48	45.5	36.5	37.5	40.5	62	44.5	58.5	18.5	36.5	10.5	26.5	57	45.5	49.5	46.5	14.5	33.5	72	73	45	15.5	44	35.5	7	67.5	39	48	19.5	54	32	36	41.5	39	55.5	48.5	54.5	50.5	43.5	28	39	45.5	47	35	34	10.5	48.5	56.5	41	29.5	44	68.5	22.5	10	23.5	48	0	28	37.5	71	15	63.5	22.5	67	58	39	40.5	46	
54	38	21	66.5	52.5	26.5	33	43	63	26	29	47.5	21.5	15.5	29	55	14.5	14.5	41	34	59	38.5	57	40	29	57.5	30.5	26	63.5	27	31	18.5	37	40	24	35	44	56.5	37	42.5	28	56.5	12	56.5	24.5	60.5	43	41.5	29	27.5	38	55	1	7	30.5	41	33	20	34	59.5	50.5	36.5	54.5	46	30.5	42.5	32.5	35.5	24.5	10.5	41	61.5	35.5	60.5	28.5	32.5	58	57	31	29.5	58	36.5	21	51.5	11	64	18.5	68	4	30	55.5	55	71.5	32.5	70.5	36.5	27.5	42	23	59.5	31	51	30	24.5	32.5	42.5	55	13.5	28	52.5	36.5	38	37.5	34	28	0	21.5	55	29	47.5	36.5	51	42	53	54.5	32	
44.5	31.5	42.5	78	62	31	42.5	52.5	72.5	35.5	13.5	57	31	20	38.5	45.5	24	9	25.5	18.5	43.5	23	66.5	49.5	38.5	67	40	35.5	79	36.5	40.5	13	52.5	24.5	33.5	44.5	28.5	68	21.5	27	27.5	66	21.5	66	29	70	52.5	22	18.5	12	22.5	39.5	22.5	28.5	40	56.5	42.5	9.5	35.5	69	60	46	64	30.5	39	27	42	45	34	15	25.5	73	34	70	38	42	46.5	41.5	36.5	39	67.5	48	30.5	36	32.5	75.5	28	77.5	25.5	39.5	65	64.5	83	17	84	33	22	51.5	22.5	69	20.5	66.5	45.5	34	11	33	64.5	18	12.5	37	46	47.5	47	35.5	37.5	21.5	0	39.5	38.5	32	46	35.5	26.5	62.5	64	37.5	
11	35	44	83.5	69.5	50.5	76	84	84	69	32	74.5	60.5	53.5	58	10	57.5	42.5	34	27	4	38.5	80	67	68	94.5	73.5	69	80.5	70	74	46.5	54	33	67	52	33	73.5	40	34.5	49	75.5	55	85.5	52.5	101.5	86	33.5	48	35.5	39	0	56	58	71.5	58	54	43	41	92.5	81.5	55.5	97.5	31	42.5	34.5	75.5	56.5	67.5	48.5	36	78.5	37.5	91.5	71.5	59.5	7	2	38	72.5	99	53.5	64	25.5	54	81	61.5	89	59	57	76.5	72	88.5	30.5	87.5	38.5	49.5	75	54	92.5	46	68	47	67.5	44.5	24.5	98	51.5	31	24.5	75.5	69	80.5	41	71	55	39.5	0	72	29.5	79.5	4	35	74	87.5	39	
77	59	50	45.5	29.5	43.5	10	20	40	13	46	24.5	33.5	32.5	36	78	16.5	31.5	58	51	76	55.5	34	27	26	34.5	7.5	13	46.5	24	18	35.5	40	57	21	42	61	35.5	54	59.5	45	33.5	19	33.5	41.5	37.5	20	60.5	46	44.5	55	72	30	36	22.5	34	40	37	53	36.5	27.5	38.5	31.5	63	51.5	59.5	9.5	37.5	6.5	27.5	58	40.5	56.5	37.5	10.5	34.5	79	74	54	11.5	35	40.5	8	68.5	40	43	20.5	45	33	37	32.5	32	50.5	49.5	51.5	55.5	44.5	13	40	36.5	48	34	43	6.5	49.5	65.5	32	30.5	45	69.5	18.5	25	14.5	53	15	29	38.5	72	0	64.5	13.5	68	59	30	31.5	55	
18.5	27.5	36.5	76	62	43	68.5	76.5	76.5	61.5	24.5	67	53	46	50.5	19.5	50	35	31.5	24.5	25.5	31	72.5	59.5	60.5	87	66	61.5	73	62.5	66.5	39	46.5	30.5	59.5	44.5	25.5	66	32.5	5	41.5	68	47.5	78	45	94	78.5	26	40.5	28	31.5	29.5	48.5	50.5	64	50.5	46.5	35.5	33.5	85	74	48	90	28.5	35	5	68	49	60	41	28.5	71	30	84	64	52	22.5	27.5	30.5	65	91.5	46	56.5	28	46.5	73.5	54	81.5	51.5	49.5	69	64.5	81	15	80	31	42	67.5	46.5	85	38.5	60.5	39.5	60	37	17	90.5	44	23.5	27	68	61.5	73	33.5	63.5	47.5	32	29.5	64.5	0	72	33.5	27.5	66.5	80	31.5	
84.5	66.5	57.5	38	32	51	7.5	17.5	32.5	20.5	53.5	27	41	40	43.5	85.5	24	39	65.5	58.5	83.5	63	26.5	34.5	33.5	27	10	20.5	39	31.5	25.5	43	47.5	64.5	28.5	49.5	68.5	22	61.5	67	52.5	20	26.5	26	49	30	12.5	68	53.5	52	62.5	79.5	37.5	43.5	30	41.5	47.5	44.5	60.5	29	14	46	24	70.5	59	67	12	45	14	35	65.5	33	64	30	18	42	86.5	81.5	61.5	19	27.5	48	15.5	76	47.5	35.5	28	37.5	40.5	44.5	19	29.5	43	57	44	63	52	26.5	47.5	29	55.5	31.5	50.5	14	57	73	24.5	38	52.5	77	26	32.5	1	60.5	22.5	36.5	46	79.5	13.5	72	0	75.5	66.5	27.5	24	62.5	
15	39	48	87.5	73.5	54.5	72	82	88	65	28	78.5	60.5	49.5	62	14	53.5	38.5	30	23	8	42.5	84	71	68	96.5	69.5	65	84.5	66	70	42.5	58	29	63	56	37	77.5	44	36.5	53	79.5	51	89.5	56.5	99.5	82	37.5	48	31.5	37	4	52	58	69.5	62	58	39	45	96.5	85.5	59.5	93.5	35	46.5	36.5	71.5	60.5	63.5	44.5	40	82.5	41.5	95.5	67.5	63.5	11	6	42	68.5	97	57.5	60	29.5	58	85	57.5	93	55	61	80.5	76	92.5	26.5	91.5	42.5	51.5	79	52	96.5	50	72	51	63.5	46.5	28.5	94	47.5	27	28.5	75.5	73	76.5	45	67	51	35.5	4	68	33.5	75.5	0	39	78	91.5	43	
24	18	27	66.5	52.5	33.5	63	67	67	56	29	57.5	43.5	40.5	41	25	44.5	29.5	39	34	31	26.5	63	50	51	77.5	60.5	56	63.5	53	59	33.5	37	40	54	35	2	56.5	5	32.5	32	58.5	42	68.5	35.5	84.5	73	16.5	31	27.5	32	35	43	41	54.5	41	37	30	24	75.5	64.5	38.5	84.5	34	25.5	32.5	62.5	39.5	54.5	35.5	1	61.5	20.5	74.5	58.5	42.5	28	33	21	59.5	82	36.5	51	33.5	37	64	48.5	72	44	40	59.5	55	71.5	32.5	70.5	21.5	32.5	58	37	75.5	29	51	30	54.5	27.5	12.5	85	38.5	28	32.5	58.5	52	67.5	24	58	42	26.5	35	59	27.5	66.5	39	0	57	70.5	22	
63	47	36	25.5	16.5	47.5	20	10	26	37	70	21.5	47.5	56.5	40	64	40.5	55.5	78	75	70	65.5	22	29	40	36.5	26.5	37	22.5	42	38	59.5	26	79	45	34	55	15.5	62	71.5	51	17.5	43	27.5	49.5	43.5	34	50.5	60	68.5	71	74	54	50	38.5	20	36	61	43	34.5	23.5	32.5	45.5	73	39.5	71.5	28.5	33.5	30.5	51.5	58	20.5	44.5	33.5	34.5	36.5	67	72	40	35.5	41	30.5	32	72.5	46	23	44.5	31	53	39	18.5	2	30.5	73.5	29.5	45.5	56.5	27	56	34.5	58	6	29	30.5	61.5	51.5	44	54.5	69	71.5	32.5	31	28.5	43	39	53	62.5	74	30	66.5	27.5	78	57	0	29.5	41	
76.5	60.5	49.5	24	30	61	25.5	35.5	24.5	38.5	71.5	35	59	58	53.5	77.5	42	57	83.5	76.5	83.5	79	25.5	42.5	51.5	35	28	38.5	21	49.5	43.5	61	39.5	82.5	46.5	47.5	68.5	24	75.5	85	64.5	26	44.5	2	63	38	25.5	64	71.5	70	80.5	87.5	55.5	61.5	48	33.5	49.5	62.5	56.5	33	32	46	32	86.5	53	85	30	47	32	53	71.5	9	58	32	36	50	80.5	85.5	53.5	37	35.5	44	33.5	86	59.5	21.5	46	29.5	58.5	52.5	27	27.5	29	75	28	59	70	40.5	65.5	33	71.5	23.5	42.5	32	75	65	32.5	56	70.5	85	44	44.5	25	56.5	40.5	54.5	64	87.5	31.5	80	24	91.5	70.5	29.5	0	54.5	
28	12	11	50.5	36.5	17.5	59	51	51	48	45	41.5	27.5	28.5	25	29	40.5	30.5	43	50	35	30.5	47	34	35	61.5	56.5	48	47.5	37	43	30.5	21	44	40	19	20	40.5	27	36.5	10	42.5	38	52.5	19.5	68.5	61	15.5	25	41.5	36	39	31	25	38.5	25	21	34	2	59.5	48.5	22.5	74.5	38	9.5	36.5	56.5	23.5	50.5	31.5	23	45.5	9.5	58.5	50.5	26.5	32	37	1	49.5	66	20.5	47	37.5	21	48	40.5	56	28	24	43.5	39	55.5	46.5	54.5	10.5	21.5	42	15	59.5	23	35	14	50.5	26.5	16.5	69	30.5	44	36.5	42.5	36	61.5	2	46	32	37.5	39	55	31.5	62.5	43	22	41	54.5	0	
