Number of items: 125
Horizon: 6
Time limit: 1000
Load limit: 7500
Initial item inventory level
24
188
67
249
84
65
96
33
102
198
58
144
178
56
66
225
297
17
26
138
147
162
95
34
56
98
120
36
48
77
68
90
49
129
222
91
97
228
44
74
72
50
34
144
288
70
89
258
291
176
36
267
66
26
31
78
95
99
11
97
14
146
76
130
48
282
58
29
21
42
154
52
42
216
270
39
66
168
88
138
78
51
207
57
146
98
10
158
154
188
58
68
36
81
96
178
66
29
140
84
89
141
108
94
42
285
36
46
42
37
213
108
20
88
42
81
276
70
80
98
76
64
176
180
117
Maximum inventory capacity per item
48
282
134
332
126
130
192
66
136
264
116
192
267
112
88
300
396
34
39
207
196
243
190
68
112
196
180
54
96
154
102
120
98
172
296
182
194
304
66
111
96
100
68
216
384
105
178
344
388
264
54
356
132
39
62
104
190
132
22
194
28
219
114
195
96
376
87
58
42
63
231
78
84
288
360
52
132
224
176
184
117
102
276
76
219
196
20
237
231
282
87
136
48
108
128
267
132
58
210
112
178
188
162
141
63
380
48
69
56
74
284
162
30
176
56
162
368
140
160
196
152
96
264
240
156
Reserve storage replenishment rate per item and per period
144	0	0	144	0	0	
564	0	0	564	0	0	
402	0	0	402	0	0	
498	0	0	498	0	0	
252	0	0	252	0	0	
390	0	0	390	0	0	
576	0	0	576	0	0	
198	0	0	198	0	0	
204	0	0	204	0	0	
396	0	0	396	0	0	
348	0	0	348	0	0	
288	0	0	288	0	0	
534	0	0	534	0	0	
336	0	0	336	0	0	
132	0	0	132	0	0	
450	0	0	450	0	0	
594	0	0	594	0	0	
102	0	0	102	0	0	
78	0	0	78	0	0	
414	0	0	414	0	0	
294	0	0	294	0	0	
486	0	0	486	0	0	
570	0	0	570	0	0	
204	0	0	204	0	0	
336	0	0	336	0	0	
588	0	0	588	0	0	
360	0	0	360	0	0	
108	0	0	108	0	0	
288	0	0	288	0	0	
462	0	0	462	0	0	
204	0	0	204	0	0	
180	0	0	180	0	0	
294	0	0	294	0	0	
258	0	0	258	0	0	
444	0	0	444	0	0	
546	0	0	546	0	0	
582	0	0	582	0	0	
456	0	0	456	0	0	
132	0	0	132	0	0	
222	0	0	222	0	0	
144	0	0	144	0	0	
300	0	0	300	0	0	
204	0	0	204	0	0	
432	0	0	432	0	0	
576	0	0	576	0	0	
210	0	0	210	0	0	
534	0	0	534	0	0	
516	0	0	516	0	0	
582	0	0	582	0	0	
528	0	0	528	0	0	
108	0	0	108	0	0	
534	0	0	534	0	0	
396	0	0	396	0	0	
78	0	0	78	0	0	
186	0	0	186	0	0	
156	0	0	156	0	0	
570	0	0	570	0	0	
198	0	0	198	0	0	
66	0	0	66	0	0	
582	0	0	582	0	0	
84	0	0	84	0	0	
438	0	0	438	0	0	
228	0	0	228	0	0	
390	0	0	390	0	0	
288	0	0	288	0	0	
564	0	0	564	0	0	
174	0	0	174	0	0	
174	0	0	174	0	0	
126	0	0	126	0	0	
126	0	0	126	0	0	
462	0	0	462	0	0	
156	0	0	156	0	0	
252	0	0	252	0	0	
432	0	0	432	0	0	
540	0	0	540	0	0	
78	0	0	78	0	0	
396	0	0	396	0	0	
336	0	0	336	0	0	
528	0	0	528	0	0	
276	0	0	276	0	0	
234	0	0	234	0	0	
306	0	0	306	0	0	
414	0	0	414	0	0	
114	0	0	114	0	0	
438	0	0	438	0	0	
588	0	0	588	0	0	
60	0	0	60	0	0	
474	0	0	474	0	0	
462	0	0	462	0	0	
564	0	0	564	0	0	
174	0	0	174	0	0	
408	0	0	408	0	0	
72	0	0	72	0	0	
162	0	0	162	0	0	
192	0	0	192	0	0	
534	0	0	534	0	0	
396	0	0	396	0	0	
174	0	0	174	0	0	
420	0	0	420	0	0	
168	0	0	168	0	0	
534	0	0	534	0	0	
282	0	0	282	0	0	
324	0	0	324	0	0	
282	0	0	282	0	0	
126	0	0	126	0	0	
570	0	0	570	0	0	
72	0	0	72	0	0	
138	0	0	138	0	0	
84	0	0	84	0	0	
222	0	0	222	0	0	
426	0	0	426	0	0	
324	0	0	324	0	0	
60	0	0	60	0	0	
528	0	0	528	0	0	
84	0	0	84	0	0	
486	0	0	486	0	0	
552	0	0	552	0	0	
420	0	0	420	0	0	
480	0	0	480	0	0	
588	0	0	588	0	0	
456	0	0	456	0	0	
192	0	0	192	0	0	
528	0	0	528	0	0	
360	0	0	360	0	0	
234	0	0	234	0	0	
Forward storage demand rate per item and per period
24	32	20	38	20	22	
94	94	95	31	147	41	
67	90	104	84	44	60	
83	97	82	89	128	78	
42	57	30	37	18	47	
65	85	43	57	108	76	
96	111	128	30	97	121	
33	41	44	26	54	32	
34	30	23	24	35	11	
66	83	104	106	41	95	
58	50	47	65	23	12	
48	24	49	53	33	40	
89	95	107	98	116	104	
56	45	54	80	37	14	
22	23	25	20	7	13	
75	71	33	54	79	26	
99	95	143	64	120	97	
17	6	19	21	17	15	
13	4	7	16	4	10	
69	22	60	103	39	76	
49	35	45	42	37	57	
81	116	20	89	124	55	
95	80	110	134	90	83	
34	40	20	24	31	41	
56	64	43	55	101	66	
98	74	105	162	127	134	
60	27	23	72	80	54	
18	21	10	12	17	17	
48	64	49	53	22	91	
77	75	48	75	72	42	
34	23	13	57	37	16	
30	29	28	27	35	38	
49	85	66	72	60	44	
43	79	73	30	47	28	
74	45	107	28	74	76	
91	111	83	74	98	136	
97	166	42	84	69	20	
76	81	64	54	98	52	
22	6	32	24	6	21	
37	36	52	28	36	40	
24	36	34	9	10	18	
50	74	19	73	55	39	
34	25	14	51	45	43	
72	35	109	73	64	72	
96	88	127	134	57	175	
35	36	31	40	23	40	
89	50	45	116	84	59	
86	103	81	122	94	105	
97	135	77	63	41	86	
88	119	31	49	80	94	
18	30	18	5	25	26	
89	133	141	74	100	150	
66	114	102	71	33	43	
13	13	17	18	11	12	
31	23	34	36	16	35	
26	9	34	15	33	27	
95	119	65	113	51	72	
33	36	20	4	45	17	
11	20	10	10	9	14	
97	89	59	143	116	92	
14	13	11	4	17	15	
73	16	96	97	53	46	
38	34	51	21	53	27	
65	113	50	55	43	55	
48	70	50	59	74	23	
94	147	33	176	54	89	
29	31	35	36	32	17	
29	21	11	9	28	41	
21	25	19	22	19	19	
21	22	24	11	16	9	
77	41	27	97	36	76	
26	19	45	13	29	17	
42	64	26	27	45	34	
72	75	81	49	125	71	
90	121	77	58	71	100	
13	22	10	19	15	7	
66	89	92	37	51	54	
56	20	33	65	60	82	
88	30	128	48	163	118	
46	18	50	50	48	18	
39	15	56	12	22	62	
51	50	61	48	53	51	
69	72	113	107	58	94	
19	6	22	19	7	27	
73	48	101	32	130	37	
98	10	86	147	70	169	
10	3	7	10	2	10	
79	99	68	94	28	59	
77	112	40	72	39	90	
94	143	111	90	115	118	
29	33	42	41	35	50	
68	24	42	130	109	82	
12	13	18	17	11	9	
27	38	40	14	48	20	
32	20	42	39	34	25	
89	126	87	66	73	74	
66	68	95	121	92	63	
29	14	31	35	14	31	
70	34	89	78	42	74	
28	27	28	25	24	28	
89	82	62	95	41	145	
47	66	44	34	49	58	
54	44	38	73	39	92	
47	78	64	17	45	34	
21	32	34	10	29	9	
95	120	134	97	26	106	
12	22	13	11	8	9	
23	35	41	23	13	22	
14	10	24	11	8	17	
37	61	30	10	29	19	
71	10	34	110	26	50	
54	82	54	68	61	92	
10	8	12	8	18	14	
88	51	98	55	66	125	
14	18	20	15	8	9	
81	142	59	88	34	108	
92	132	146	126	98	142	
70	92	14	78	115	23	
80	68	94	92	96	26	
98	77	92	89	180	81	
76	81	78	111	66	101	
32	24	50	39	33	23	
88	43	131	78	63	106	
60	59	53	26	48	63	
39	53	43	45	52	50	
Distance matrix
0	57.5	37	48	35	11.5	67	33.5	17.5	39	79	100.5	86.5	48	39.5	94.5	62.5	70	57	39.5	40	66.5	34	41	30.5	50.5	36.5	9	54.5	80.5	62.5	74.5	20	56.5	27	41	68.5	91.5	25	40	48.5	47	31.5	35.5	25	26.5	80	73.5	89	69.5	52	21	53.5	41.5	36	23.5	71	87.5	13	97.5	18	78.5	70	77.5	66.5	82.5	53.5	83.5	50.5	38	50.5	28.5	28	20	88.5	33.5	66.5	9.5	78	76.5	68	26.5	42	24.5	5	98	49	33	72	48.5	11.5	43	47	65.5	37	89	64	43.5	16.5	11.5	9.5	62	39	58.5	47.5	68.5	67.5	50	73	30	26.5	43	47.5	3.5	80	91.5	37.5	61.5	73.5	27.5	27	20.5	10.5	77.5	97.5	45.5	
57.5	0	34.5	25.5	52.5	54	19.5	46	50	46.5	31.5	47	31	59.5	22	43	15	22.5	34.5	68	47.5	41	73.5	28.5	53	53	29	56.5	37	33	5	27	47.5	1	44.5	28.5	21	36	82.5	27.5	31	34.5	54	38	42.5	59	32.5	34	33.5	22	39.5	38.5	46	64	71.5	66	28.5	40	70.5	50	75.5	31	22.5	20	9	35	36	34	43	55.5	43	31	79.5	47.5	41	56	19	62	29.5	29	20.5	69	39.5	67	62.5	44.5	56.5	50.5	29.5	41	64	64.5	14.5	38	70.5	41.5	41.5	56	49	64	52	14.5	66.5	21	30	21	20	57.5	25.5	47.5	39	40.5	60	56	27.5	44	70	14	16	40	74.5	43	63	30	50	48	
37	34.5	0	25	32	33.5	44	25.5	29.5	26	56	67.5	51.5	35	16.5	63.5	39.5	47	34	43.5	27	31.5	49	18	32.5	32.5	13.5	36	31.5	57.5	39.5	51.5	27	33.5	24	18	45.5	56.5	58	17	25.5	24	33.5	17.5	22	38.5	53	44.5	54	46.5	29	18	30.5	41.5	47	45.5	48	64.5	50	70.5	55	55.5	47	50.5	43.5	59.5	30.5	54.5	27.5	35	27.5	10.5	55	27	65.5	35.5	43.5	41.5	45	53.5	45	48.5	5	46.5	42	65	34	30	49	25.5	43.5	40	24	42.5	46	66	39	35.5	28.5	43.5	31.5	39	44	35.5	24.5	45.5	44.5	33	50	27	18.5	6	35.5	35.5	43	66.5	45.5	38.5	50.5	19.5	54	22.5	42.5	54.5	70.5	27.5	
48	25.5	25	0	43	44.5	35	36.5	40.5	37	47	56.5	40.5	44	12.5	52.5	30.5	38	9	52.5	38	25.5	58	19	43.5	41.5	19.5	47	27.5	48.5	30.5	42.5	38	24.5	35	19	36.5	45.5	67	18	21.5	25	44.5	28.5	33	49.5	42	33.5	43	37.5	30	29	36.5	50.5	56	56.5	39	55.5	61	59.5	66	46.5	38	39.5	34.5	50.5	26.5	43.5	33.5	46	33.5	21.5	64	38	56.5	46.5	34.5	52.5	34	44.5	36	59.5	30	57.5	53	54	43	41	40	31.5	54.5	49	15	31.5	55	57	16	46.5	39.5	54.5	42.5	30	53	26.5	20.5	36.5	35.5	42	41	38	29.5	31	44.5	46.5	32	55.5	54.5	29.5	41.5	30.5	65	33.5	53.5	45.5	59.5	38.5	
35	52.5	32	43	0	31.5	62	28.5	27.5	34	74	69.5	53.5	13	34.5	65.5	57.5	65	48	25.5	35	33.5	31	36	30.5	29.5	31.5	34	45.5	75.5	57.5	69.5	25	51.5	8	36	63.5	58.5	40	35	43.5	42	31.5	30.5	10	36.5	55	46.5	56	64.5	43	14	36.5	23.5	29	41.5	54	82.5	48	72.5	47	71.5	65	52.5	61.5	67.5	46.5	56.5	39.5	3	39.5	23.5	37	25	71.5	31.5	61.5	39.5	47	71.5	63	38.5	37	40.5	40	67	26	2	53	41.5	41.5	22	42	44.5	28	76	41	26.5	26.5	41.5	29.5	57	26	53.5	42.5	63.5	62.5	25	68	5	21.5	38	22.5	33.5	45	68.5	27.5	56.5	56.5	22.5	38	20.5	40.5	72.5	72.5	34.5	
11.5	54	33.5	44.5	31.5	0	63.5	30	14	35.5	75.5	93	77	40.5	36	89	59	66.5	53.5	34	36.5	57	29.5	37.5	27	47	33	10.5	51	77	59	71	16.5	53	23.5	37.5	65	82	36.5	36.5	45	43.5	28	32	21.5	23	76.5	70	79.5	66	48.5	17.5	50	38	32.5	12	67.5	84	24.5	94	29.5	75	66.5	74	63	79	50	80	47	34.5	47	25	35.5	16.5	85	30	63	16	70.5	73	64.5	15	38.5	13	16.5	90.5	45.5	29.5	68.5	45	18	35.5	43.5	62	31.5	85.5	60.5	40	13	18	2	58.5	35.5	55	44	65	64	46.5	69.5	26.5	23	39.5	44	10	68.5	88	34	58	70	24	28.5	17	17	74	94	42	
67	19.5	44	35	62	63.5	0	55.5	59.5	56	16	37.5	36.5	75	31.5	31.5	14.5	3	44	81.5	57	56.5	89	38	62.5	62.5	38.5	66	46.5	17.5	24.5	11.5	57	18.5	54	38	5.5	31.5	92	37	40.5	44	63.5	47.5	52	68.5	37	45.5	34	21.5	49	48	55.5	73.5	83	75.5	38	24.5	80	34.5	85	20.5	27	39.5	28.5	24.5	45.5	35.5	52.5	65	52.5	40.5	95	57	25.5	65.5	18.5	71.5	45	13.5	15	78.5	49	76.5	72	35	66	60	39	50.5	73.5	80	24	47.5	84	26	51	65.5	58.5	73.5	61.5	19	76	30.5	39.5	5.5	19.5	67	6	57	48.5	50	69.5	65.5	43	28.5	79.5	13.5	35.5	49.5	84	52.5	72.5	14.5	34.5	57.5	
33.5	46	25.5	36.5	28.5	30	55.5	0	26	27.5	67.5	71	55	23.5	28	67	51	58.5	45.5	32	28.5	35	37.5	29.5	29	31	25	32.5	43	69	51	63	23.5	45	20.5	29.5	57	60	46.5	28.5	37	35.5	30	24	18.5	35	56.5	48	57.5	58	40.5	14.5	38	30	35.5	42	55.5	76	46.5	74	51.5	67	58.5	54	55	69	42	58	39	31.5	39	17	43.5	23.5	73	32	55	38	48.5	65	56.5	45	30.5	43	38.5	68.5	27.5	26.5	54.5	37	40	28.5	35.5	46	34.5	77.5	42.5	10	25	40	28	50.5	32.5	47	36	57	56	26.5	61.5	23.5	7	31.5	14	32	46.5	70	34	50	58	6	44.5	19	39	66	74	34	
17.5	50	29.5	40.5	27.5	14	59.5	26	0	31.5	71.5	87	71	34.5	32	83	55	62.5	49.5	22	32.5	51	33.5	33.5	23	43	29	16.5	47	73	55	67	12.5	49	19.5	33.5	61	76	42.5	32.5	41	39.5	24	28	17.5	9	72.5	64	73.5	62	44.5	13.5	46	34	31.5	26	63.5	80	30.5	90	35.5	71	62.5	70	59	75	46	74	43	30.5	43	21	39.5	12.5	81	26	59	22	64.5	69	60.5	29	34.5	27	22.5	84.5	41.5	25.5	64.5	41	24	29.5	39.5	58	30.5	81.5	56.5	36	1	24	12	54.5	31.5	51	40	61	60	42.5	65.5	22.5	19	35.5	40	16	62.5	84	20	54	66	20	34.5	13	23	70	90	38	
39	46.5	26	37	34	35.5	56	27.5	31.5	0	68	65.5	49.5	23	28.5	61.5	51.5	59	44	31.5	1	29.5	37	30	34.5	25.5	25.5	38	41.5	69.5	51.5	63.5	29	45.5	26	30	57.5	54.5	46	29	37.5	36	35.5	24.5	24	40.5	51	42.5	52	58.5	39	20	32.5	29.5	35	47.5	50	76.5	52	68.5	53	67.5	59	48.5	55.5	63.5	42.5	52.5	35.5	33	35.5	17.5	43	29	67.5	37.5	55.5	43.5	43	65.5	57	44.5	31	46.5	44	63	10	32	49	37.5	45.5	28	36	40.5	34	72	37	27.5	30.5	45.5	33.5	51	32	47.5	36.5	57.5	56.5	11	62	29	20.5	32	23.5	37.5	41	64.5	33.5	50.5	52.5	21.5	44	24.5	44.5	66.5	68.5	30.5	
79	31.5	56	47	74	75.5	16	67.5	71.5	68	0	25.5	34.5	73	43.5	26.5	26.5	19	56	81.5	69	54.5	87	50	74.5	70.5	50.5	78	58.5	24.5	36.5	13.5	69	30.5	66	50	12.5	29.5	96	49	52.5	56	75.5	59.5	64	80.5	41	47.5	32	33.5	61	60	67.5	79.5	85	87.5	50	26.5	92	28.5	97	32.5	39	43.5	40.5	36.5	57.5	37.5	64.5	77	64.5	52.5	93	69	32.5	77.5	30.5	83.5	43	15.5	27	90.5	61	88.5	84	19	72	72	49	62.5	85.5	78	36	55.5	84	10	57	77.5	70.5	85.5	73.5	31	82	42.5	51.5	12.5	31.5	71	22	69	60.5	62	73.5	77.5	41	29.5	83.5	25.5	47.5	61.5	94	64.5	84.5	21.5	28.5	69.5	
100.5	47	67.5	56.5	69.5	93	37.5	71	87	65.5	25.5	0	18	56.5	65	10	42	34.5	47.5	65	64.5	38	70.5	63.5	74	54	68	95.5	50	24	42	26	84.5	48	77.5	63.5	34	13	79.5	64.5	56	57.5	73	69	79.5	78	24.5	31	15.5	35	52.5	81.5	51	63	68.5	81	33.5	13	91.5	3	86.5	26	34.5	27	38	22	51	21	54	66.5	54	74	76.5	84.5	16	71	38	95	26.5	24	36.5	78	62.5	80	99.5	6.5	55.5	71.5	32.5	56	93	61.5	57.5	39	67.5	15.5	40.5	61	88	93	95	42.5	65.5	46	57	34	37	54.5	31.5	74.5	78	61.5	57	99	24.5	13	67	43	31	77	77.5	84	94	27	3	59	
86.5	31	51.5	40.5	53.5	77	36.5	55	71	49.5	34.5	18	0	40.5	49	14	24	33.5	31.5	49	48.5	22	54.5	47.5	58	38	52	79.5	34	28	26	44	68.5	32	61.5	47.5	40	7	63.5	48.5	40	41.5	57	53	63.5	62	8.5	15	4.5	17	36.5	67.5	35	47	52.5	65	17.5	31	75.5	21	70.5	20	18.5	11	22	16	35	3	38	50.5	38	60	60.5	68.5	20	55	20	79	10.5	42	25.5	62	46.5	64	83.5	15.5	39.5	55.5	16.5	40	77	45.5	41.5	23	51.5	24.5	24.5	45	72	77	79	26.5	49.5	30	41	40	19	38.5	30.5	58.5	62	45.5	41	85	8.5	17	51	25	15	61	61.5	68	78	31	21	43	
48	59.5	35	44	13	40.5	75	23.5	34.5	23	73	56.5	40.5	0	47.5	52.5	64.5	72	35	12.5	22	20.5	18	41	21.5	16.5	40.5	43	32.5	66.5	54.5	82.5	32	60.5	21	41	76.5	45.5	27	42	38.5	35	20.5	31.5	23	25.5	42	33.5	43	57.5	30	27	23.5	10.5	16	28.5	41	69.5	39	59.5	34	58.5	52	39.5	50.5	54.5	33.5	43.5	26.5	10	26.5	36.5	24	32	58.5	18.5	60.5	42.5	34	80.5	64	25.5	30	27.5	47	54	13	15	40	28.5	40.5	9	55	31.5	15	63	28	13.5	35.5	40.5	42.5	60	13	48.5	39.5	76.5	59.5	12	69	18	30.5	29	9.5	46.5	32	55.5	14.5	65.5	43.5	29.5	25	31.5	41.5	69.5	59.5	21.5	
39.5	22	16.5	12.5	34.5	36	31.5	28	32	28.5	43.5	65	49	47.5	0	59	27	34.5	21.5	54	29.5	27	61.5	10.5	35	35	11	38.5	15	45	27	39	29.5	21	26.5	10.5	33	54	64.5	9.5	9	16.5	36	20	24.5	41	44.5	38	51.5	34	21.5	20.5	28	46	55.5	48	35.5	52	52.5	62	57.5	43	34.5	42	31	47	14	48	25	37.5	25	13	67.5	29.5	53	38	31	44	42.5	41	32.5	51	21.5	49	44.5	62.5	38.5	32.5	36.5	23	46	52.5	11.5	30	56.5	53.5	28.5	38	31	46	34	26.5	48.5	23	8	33	32	39.5	37.5	29.5	21	22.5	42	38	40.5	56	52	26	38	22	56.5	25	45	42	62	30	
94.5	43	63.5	52.5	65.5	89	31.5	67	83	61.5	26.5	10	14	52.5	59	0	38	30.5	43.5	61	60.5	34	66.5	59.5	70	50	64	91.5	46	14	38	34	80.5	44	73.5	59.5	26	9	75.5	60.5	52	53.5	69	65	75.5	74	20.5	27	11.5	31	48.5	75.5	47	59	64.5	77	29.5	23	87.5	13	82.5	22	30.5	23	34	18	47	17	50	62.5	50	68	72.5	80.5	6	67	34	91	22.5	34	32.5	74	58.5	76	95.5	7.5	51.5	67.5	28.5	52	89	57.5	51.5	35	63.5	16.5	36.5	57	84	89	89	38.5	61.5	42	53	26	33	50.5	27.5	70.5	74	57.5	53	93	20.5	3	63	39	27	73	73.5	80	90	17	13	55	
62.5	15	39.5	30.5	57.5	59	14.5	51	55	51.5	26.5	42	24	64.5	27	38	0	17.5	39.5	73	52.5	46	78.5	33.5	58	58	34	61.5	42	28	20	22	52.5	14	49.5	33.5	16	31	87.5	32.5	36	39.5	59	43	47.5	64	32.5	39	28.5	7	44.5	43.5	51	69	76.5	71	33.5	35	75.5	45	80.5	26	22.5	35	24	30	41	21	48	60.5	48	36	84.5	52.5	36	61	4	67	34.5	24	15.5	74	44.5	72	67.5	39.5	61.5	55.5	34.5	46	69	69.5	19.5	43	75.5	36.5	46.5	61	54	69	57	14.5	71.5	26	35	16	5	62.5	20.5	52.5	44	45.5	65	61	32.5	39	75	1	31	45	79.5	48	68	25	45	53	
70	22.5	47	38	65	66.5	3	58.5	62.5	59	19	34.5	33.5	72	34.5	30.5	17.5	0	47	80.5	60	53.5	86	41	65.5	65.5	41.5	69	49.5	20.5	27.5	14.5	60	21.5	57	41	8.5	28.5	95	40	43.5	47	66.5	50.5	55	71.5	40	46.5	31	24.5	52	51	58.5	76.5	84	78.5	41	27.5	83	37.5	88	23.5	30	42.5	31.5	27.5	48.5	36.5	55.5	68	55.5	43.5	92	60	28.5	68.5	21.5	74.5	42	16.5	18	81.5	52	79.5	75	32	69	63	42	53.5	76.5	77	27	50.5	83	29	54	68.5	61.5	76.5	64.5	22	79	33.5	42.5	8.5	22.5	70	3	60	51.5	53	72.5	68.5	40	31.5	82.5	16.5	38.5	52.5	87	55.5	75.5	17.5	37.5	60.5	
57	34.5	34	9	48	53.5	44	45.5	49.5	44	56	47.5	31.5	35	21.5	43.5	39.5	47	0	43.5	43	16.5	49	28	52.5	32.5	28.5	56	28.5	57.5	39.5	51.5	47	33.5	44	28	45.5	36.5	58	27	30.5	34	51.5	37.5	42	56.5	33	24.5	34	46.5	31	38	29.5	41.5	47	59.5	32	60.5	70	50.5	65	49.5	43	30.5	41.5	45.5	29.5	34.5	32.5	45	32.5	30.5	55	47	49.5	49.5	43.5	61.5	25	53.5	45	56.5	39	58.5	62	45	34	50	31	34.5	63.5	40	24	22.5	46	54	7	39.5	48.5	63.5	51.5	39	44	35.5	29.5	45.5	44.5	33	50	47	38.5	40	35.5	55.5	23	46.5	45.5	38.5	34.5	39.5	56	42.5	62.5	54.5	50.5	37.5	
39.5	68	43.5	52.5	25.5	34	81.5	32	22	31.5	81.5	65	49	12.5	54	61	73	80.5	43.5	0	30.5	29	11.5	49.5	25	25	49	36.5	41	75	63	89	30.5	69	33.5	49.5	83	54	20.5	50.5	47	43.5	24	40	35.5	13	50.5	42	51.5	66	38.5	35.5	32	14	9.5	22	49.5	78	32.5	68	27.5	67	60.5	48	59	63	42	52	35	22.5	35	43	17.5	30.5	67	22	69	36	42.5	89	72.5	19	38.5	21	40.5	62.5	21.5	27.5	48.5	37	34	7.5	61.5	40	8.5	71.5	36.5	22	23	34	34	68.5	11.5	57	48	83	68	20.5	77.5	30.5	39	37.5	18	38	40.5	64	2	74	52	38	18.5	35	35	78	68	30	
40	47.5	27	38	35	36.5	57	28.5	32.5	1	69	64.5	48.5	22	29.5	60.5	52.5	60	43	30.5	0	28.5	36	31	35.5	24.5	26.5	39	40.5	70.5	52.5	64.5	30	46.5	27	31	58.5	53.5	45	30	38.5	37	36.5	25.5	25	41.5	50	41.5	51	59.5	38	21	31.5	28.5	34	46.5	49	77.5	53	67.5	52	66.5	60	47.5	56.5	62.5	41.5	51.5	34.5	32	34.5	18.5	42	30	66.5	36.5	56.5	44.5	42	66.5	58	43.5	32	45.5	45	62	9	33	48	36.5	46.5	27	37	39.5	33	71	36	26.5	31.5	46.5	34.5	52	31	48.5	37.5	58.5	57.5	10	63	30	21.5	33	22.5	38.5	40	63.5	32.5	51.5	51.5	22.5	43	25.5	45.5	67.5	67.5	29.5	
66.5	41	31.5	25.5	33.5	57	56.5	35	51	29.5	54.5	38	22	20.5	27	34	46	53.5	16.5	29	28.5	0	34.5	27.5	38	18	32	59.5	12	48	36	64	48.5	42	41.5	27.5	60	27	43.5	28.5	18	21.5	37	33	43.5	42	23.5	15	24.5	39	16.5	47.5	15	27	32.5	45	22.5	51	55.5	41	50.5	40	33.5	21	32	36	13	25	18	30.5	18	40	40.5	48.5	40	35	42	59	15.5	62	45.5	42	26.5	44	63.5	35.5	19.5	35.5	21.5	20	57	25.5	36.5	13	31.5	44.5	9.5	25	52	57	59	41.5	29.5	30	19	60	41	18.5	50.5	38.5	42	25.5	21	65	13.5	37	31	47	25	41	41.5	48	58	51	41	23	
34	73.5	49	58	31	29.5	89	37.5	33.5	37	87	70.5	54.5	18	61.5	66.5	78.5	86	49	11.5	36	34.5	0	55	30.5	30.5	54.5	25	46.5	80.5	68.5	96.5	36	74.5	39	55	92.5	59.5	11	56	52.5	49	29.5	45.5	41	24.5	56	47.5	57	71.5	44	45	37.5	19.5	10	17.5	55	83.5	23	73.5	18	72.5	66	53.5	64.5	68.5	47.5	57.5	40.5	28	40.5	52.5	8	36	72.5	27.5	74.5	26.5	48	94.5	78	14.5	44	16.5	31	68	27	33	54	42.5	24.5	13	69	45.5	9	77	42	27.5	34.5	24.5	31.5	74	17	62.5	53.5	92.5	73.5	26	83	36	44.5	43	23.5	32.5	46	69.5	13.5	79.5	57.5	43.5	7	40.5	25.5	83.5	73.5	35.5	
41	28.5	18	19	36	37.5	38	29.5	33.5	30	50	63.5	47.5	41	10.5	59.5	33.5	41	28	49.5	31	27.5	55	0	36.5	36.5	12.5	40	25.5	51.5	33.5	45.5	31	27.5	28	0	39.5	52.5	64	1	19.5	6	37.5	21.5	26	42.5	49	40.5	50	40.5	11	22	29.5	47.5	53	49.5	42	58.5	54	66.5	59	49.5	41	46.5	37.5	53.5	24.5	50.5	26.5	39	26.5	14.5	61	31	59.5	39.5	37.5	45.5	41	47.5	39	52.5	23	50.5	46	61	40	34	43	24.5	47.5	46	18	36.5	52	60	35	39.5	32.5	47.5	35.5	33	50	29.5	18.5	39.5	38.5	39	44	31	22.5	24	41.5	39.5	39	62.5	51.5	32.5	44.5	23.5	58	26.5	46.5	48.5	66.5	31.5	
30.5	53	32.5	43.5	30.5	27	62.5	29	23	34.5	74.5	74	58	21.5	35	70	58	65.5	52.5	25	35.5	38	30.5	36.5	0	34	32	29.5	50	76	58	70	20.5	52	22.5	36.5	64	63	39.5	35.5	44	42.5	1	31	20.5	32	59.5	51	60.5	65	47.5	16.5	41	11	28.5	39	58.5	83	43.5	77	46.5	74	65.5	57	62	72	49	61	44	31.5	44	24	36.5	20.5	76	3	62	35	51.5	72	63.5	38	37.5	40	35.5	71.5	30.5	28.5	57.5	44	37	21.5	42.5	49	27.5	80.5	45.5	31	22	37	25	57.5	25.5	54	43	64	63	29.5	68.5	25.5	22	38.5	27	29	49.5	73	27	57	61	23	37.5	10	36	73	77	39	
50.5	53	32.5	41.5	29.5	47	62.5	31	43	25.5	70.5	54	38	16.5	35	50	58	65.5	32.5	25	24.5	18	30.5	36.5	34	0	32	49.5	30	64	52	70	40.5	52	37.5	36.5	64	43	39.5	35.5	36	32.5	33	15	35.5	38	39.5	31	40.5	55	27.5	31.5	21	23	28.5	41	38.5	67	51.5	57	46.5	56	49.5	37	48	52	31	41	24	26.5	24	22	36.5	40.5	56	31	58	55	31.5	72	61.5	38	27.5	40	55.5	51.5	15.5	31.5	37.5	26	53	21.5	42.5	29	27.5	60.5	25.5	21	42	53	45	57.5	25.5	46	37	64	57	14.5	66.5	34.5	32	26.5	17	49	29.5	53	27	57	41	33	37.5	36	54	67	57	5	
36.5	29	13.5	19.5	31.5	33	38.5	25	29	25.5	50.5	68	52	40.5	11	64	34	41.5	28.5	49	26.5	32	54.5	12.5	32	32	0	35.5	26	52	34	46	26.5	28	23.5	12.5	40	57	61.5	11.5	20	18.5	33	17	21.5	38	51.5	45	54.5	41	23.5	17.5	17	43	52.5	45	42.5	59	49.5	69	54.5	50	41.5	49	38	54	25	55	14	34.5	14	10	60.5	26.5	60	35	38	41	45.5	48	39.5	48	18.5	46	41.5	65.5	35.5	29.5	43.5	12	43	45.5	18.5	37	51.5	60.5	35.5	35	28	43	31	33.5	45.5	30	19	40	39	36.5	44.5	26.5	18	19.5	39	35	43.5	63	49	33	45	19	53.5	22	42	49	69	27	
9	56.5	36	47	34	10.5	66	32.5	16.5	38	78	95.5	79.5	43	38.5	91.5	61.5	69	56	36.5	39	59.5	25	40	29.5	49.5	35.5	0	53.5	79.5	61.5	73.5	19	55.5	26	40	67.5	84.5	34	39	47.5	46	30.5	34.5	24	25.5	79	72.5	82	68.5	51	20	52.5	40.5	35	22.5	70	86.5	22	96.5	27	77.5	69	76.5	65.5	81.5	52.5	82.5	49.5	37	49.5	27.5	33	19	87.5	32.5	65.5	13.5	73	75.5	67	25.5	41	23.5	14	93	48	32	71	47.5	15.5	38	46	64.5	34	88	63	42.5	15.5	15.5	8.5	61	38	57.5	46.5	67.5	66.5	49	72	29	25.5	42	46.5	7.5	71	90.5	36.5	60.5	72.5	26.5	18	19.5	14.5	76.5	96.5	44.5	
54.5	37	31.5	27.5	45.5	51	46.5	43	47	41.5	58.5	50	34	32.5	15	46	42	49.5	28.5	41	40.5	12	46.5	25.5	50	30	26	53.5	0	60	42	54	44.5	36	41.5	25.5	48	39	55.5	24.5	6	31.5	49	35	39.5	54	35.5	27	36.5	49	28.5	35.5	27	39	44.5	57	34.5	63	67.5	53	62.5	52	45.5	33	44	48	1	37	30	42.5	30	28	52.5	44.5	52	47	46	59	27.5	56	47.5	54	36.5	56	59.5	47.5	31.5	47.5	33.5	32	61	37.5	26.5	25	43.5	56.5	21.5	37	46	61	49	41.5	41.5	38	7	48	47	30.5	52.5	44.5	36	37.5	33	53	25.5	49	43	41	37	37	53.5	40	60	57	53	35	
80.5	33	57.5	48.5	75.5	77	17.5	69	73	69.5	24.5	24	28	66.5	45	14	28	20.5	57.5	75	70.5	48	80.5	51.5	76	64	52	79.5	60	0	38	20	70.5	32	67.5	51.5	12	23	89.5	50.5	54	57.5	77	61	65.5	82	34.5	41	25.5	35	62.5	61.5	61	73	78.5	89	43.5	33	93.5	27	96.5	34	40.5	37	42	32	59	31	64	76.5	64	54	86.5	70.5	8	79	32	85	36.5	22	28.5	88	62.5	90	85.5	21.5	65.5	73.5	42.5	64	87	71.5	37.5	49	77.5	30.5	50.5	71	72	87	75	32.5	75.5	44	53	12	33	64.5	23.5	70.5	62	63.5	67	79	34.5	11	77	27	41	63	87.5	66	86	3	27	69	
62.5	5	39.5	30.5	57.5	59	24.5	51	55	51.5	36.5	42	26	54.5	27	38	20	27.5	39.5	63	52.5	36	68.5	33.5	58	52	34	61.5	42	38	0	32	52.5	6	49.5	33.5	26	31	77.5	32.5	36	39.5	59	43	47.5	64	27.5	29	28.5	27	44.5	43.5	49	61	66.5	71	31.5	45	75.5	45	80.5	36	27.5	15	4	40	41	29	48	60.5	48	36	74.5	52.5	44	61	24	67	24.5	34	25.5	74	44.5	72	67.5	39.5	53.5	55.5	30.5	46	69	59.5	19.5	37	65.5	46.5	38.5	59	54	69	57	19.5	63.5	26	35	26	25	52.5	30.5	52.5	44	45.5	55	61	22.5	41	65	19	11	45	75.5	48	68	35	45	53	
74.5	27	51.5	42.5	69.5	71	11.5	63	67	63.5	13.5	26	44	82.5	39	34	22	14.5	51.5	89	64.5	64	96.5	45.5	70	70	46	73.5	54	20	32	0	64.5	26	61.5	45.5	8	39	99.5	44.5	48	51.5	71	55	59.5	76	44.5	53	41.5	29	56.5	55.5	63	81	90.5	83	45.5	13	87.5	23	92.5	28	34.5	47	36	32	53	43	60	72.5	60	48	102.5	64.5	28	73	26	79	52.5	2	22.5	86	56.5	84	79.5	32.5	73.5	67.5	46.5	58	81	87.5	31.5	55	91.5	23.5	58.5	73	66	81	69	26.5	83.5	38	47	8	27	74.5	17.5	64.5	56	57.5	77	73	50.5	31	87	21	43	57	91.5	60	80	17	23	65	
20	47.5	27	38	25	16.5	57	23.5	12.5	29	69	84.5	68.5	32	29.5	80.5	52.5	60	47	30.5	30	48.5	36	31	20.5	40.5	26.5	19	44.5	70.5	52.5	64.5	0	46.5	17	31	58.5	73.5	45	30	38.5	37	21.5	25.5	15	21.5	70	61.5	71	59.5	42	11	43.5	31.5	34	28.5	61	77.5	33	87.5	38	68.5	60	67.5	56.5	72.5	43.5	71.5	40.5	28	40.5	18.5	42	0	78.5	23.5	56.5	24.5	62	66.5	58	31.5	32	29.5	25	82	39	23	62	38.5	26.5	23	37	55.5	33	79	54	33.5	11.5	26.5	14.5	52	19	48.5	37.5	58.5	57.5	40	63	20	16.5	33	37.5	18.5	60	81.5	32.5	51.5	63.5	17.5	37	10.5	25.5	67.5	87.5	35.5	
56.5	1	33.5	24.5	51.5	53	18.5	45	49	45.5	30.5	48	32	60.5	21	44	14	21.5	33.5	69	46.5	42	74.5	27.5	52	52	28	55.5	36	32	6	26	46.5	0	43.5	27.5	20	37	81.5	26.5	30	33.5	53	37	41.5	58	31.5	35	34.5	21	38.5	37.5	45	63	72.5	65	27.5	39	69.5	49	74.5	30	21.5	21	10	34	35	35	42	54.5	42	30	80.5	46.5	40	55	18	61	30.5	28	19.5	68	38.5	66	61.5	45.5	55.5	49.5	28.5	40	63	65.5	13.5	37	71.5	40.5	40.5	55	48	63	51	13.5	65.5	20	29	20	19	56.5	24.5	46.5	38	39.5	59	55	28.5	43	69	13	17	39	73.5	42	62	29	49	47	
27	44.5	24	35	8	23.5	54	20.5	19.5	26	66	77.5	61.5	21	26.5	73.5	49.5	57	44	33.5	27	41.5	39	28	22.5	37.5	23.5	26	41.5	67.5	49.5	61.5	17	43.5	0	28	55.5	66.5	48	27	35.5	34	23.5	22.5	2	28.5	63	54.5	64	56.5	39	6	40.5	31.5	37	35.5	58	74.5	40	80.5	45	65.5	57	60.5	53.5	69.5	40.5	64.5	37.5	11	37.5	15.5	45	17	75.5	25.5	53.5	31.5	55	63.5	55	38.5	29	36.5	32	75	34	6	59	35.5	33.5	30	34	52.5	36	76	49	30.5	18.5	33.5	21.5	49	34	45.5	34.5	55.5	54.5	33	60	3	13.5	30	30.5	25.5	53	76.5	35.5	48.5	60.5	14.5	44	12.5	32.5	64.5	80.5	32.5	
41	28.5	18	19	36	37.5	38	29.5	33.5	30	50	63.5	47.5	41	10.5	59.5	33.5	41	28	49.5	31	27.5	55	0	36.5	36.5	12.5	40	25.5	51.5	33.5	45.5	31	27.5	28	0	39.5	52.5	64	1	19.5	6	37.5	21.5	26	42.5	49	40.5	50	40.5	11	22	29.5	47.5	53	49.5	42	58.5	54	66.5	59	49.5	41	46.5	37.5	53.5	24.5	50.5	26.5	39	26.5	14.5	61	31	59.5	39.5	37.5	45.5	41	47.5	39	52.5	23	50.5	46	61	40	34	43	24.5	47.5	46	18	36.5	52	60	35	39.5	32.5	47.5	35.5	33	50	29.5	18.5	39.5	38.5	39	44	31	22.5	24	41.5	39.5	39	62.5	51.5	32.5	44.5	23.5	58	26.5	46.5	48.5	66.5	31.5	
68.5	21	45.5	36.5	63.5	65	5.5	57	61	57.5	12.5	34	40	76.5	33	26	16	8.5	45.5	83	58.5	60	92.5	39.5	64	64	40	67.5	48	12	26	8	58.5	20	55.5	39.5	0	35	93.5	38.5	42	45.5	65	49	53.5	70	38.5	47	37.5	23	50.5	49.5	57	75	84.5	77	39.5	21	81.5	31	86.5	22	28.5	41	30	26	47	37	54	66.5	54	42	96.5	58.5	20	67	20	73	46.5	10	16.5	80	50.5	78	73.5	31.5	67.5	61.5	40.5	52	75	81.5	25.5	49	85.5	22.5	52.5	67	60	75	63	20.5	77.5	32	41	0	21	68.5	11.5	58.5	50	51.5	71	67	46.5	23	81	15	37	51	85.5	54	74	9	31	59	
91.5	36	56.5	45.5	58.5	82	31.5	60	76	54.5	29.5	13	7	45.5	54	9	31	28.5	36.5	54	53.5	27	59.5	52.5	63	43	57	84.5	39	23	31	39	73.5	37	66.5	52.5	35	0	68.5	53.5	45	46.5	62	58	68.5	67	13.5	20	4.5	24	41.5	72.5	40	52	57.5	70	22.5	26	80.5	16	75.5	13	23.5	16	27	9	40	10	43	55.5	43	65	65.5	73.5	15	60	27	84	15.5	37	25.5	67	51.5	69	88.5	10.5	44.5	60.5	21.5	45	82	50.5	46.5	28	56.5	19.5	29.5	50	77	82	84	31.5	54.5	35	46	35	26	43.5	25.5	63.5	67	50.5	46	90	13.5	12	56	32	20	66	66.5	73	83	26	16	48	
25	82.5	58	67	40	36.5	92	46.5	42.5	46	96	79.5	63.5	27	64.5	75.5	87.5	95	58	20.5	45	43.5	11	64	39.5	39.5	61.5	34	55.5	89.5	77.5	99.5	45	81.5	48	64	93.5	68.5	0	65	61.5	58	38.5	54.5	50	33.5	65	56.5	66	80.5	53	46	46.5	28.5	19	26.5	64	92.5	12	82.5	7	81.5	75	62.5	73.5	77.5	56.5	66.5	49.5	37	49.5	53.5	3	45	81.5	36.5	83.5	30.5	57	101.5	87	23.5	53	25.5	20	77	36	42	63	51.5	28.5	22	72	54.5	18	86	51	36.5	41.5	28.5	34.5	83	26	71.5	62.5	93.5	82.5	35	92	45	51.5	52	32.5	28.5	55	78.5	22.5	86.5	66.5	52.5	18	45.5	29.5	92.5	82.5	44.5	
40	27.5	17	18	35	36.5	37	28.5	32.5	29	49	64.5	48.5	42	9.5	60.5	32.5	40	27	50.5	30	28.5	56	1	35.5	35.5	11.5	39	24.5	50.5	32.5	44.5	30	26.5	27	1	38.5	53.5	65	0	18.5	7	36.5	20.5	25	41.5	50	41.5	51	39.5	12	21	28.5	46.5	54	48.5	41	57.5	53	67.5	58	48.5	40	47.5	36.5	52.5	23.5	51.5	25.5	38	25.5	13.5	62	30	58.5	38.5	36.5	44.5	42	46.5	38	51.5	22	49.5	45	62	39	33	42	23.5	46.5	47	17	35.5	53	59	34	38.5	31.5	46.5	34.5	32	49	28.5	17.5	38.5	37.5	40	43	30	21.5	23	42.5	38.5	40	61.5	52.5	31.5	43.5	22.5	57	25.5	45.5	47.5	67.5	30.5	
48.5	31	25.5	21.5	43.5	45	40.5	37	41	37.5	52.5	56	40	38.5	9	52	36	43.5	30.5	47	38.5	18	52.5	19.5	44	36	20	47.5	6	54	36	48	38.5	30	35.5	19.5	42	45	61.5	18.5	0	25.5	45	29	33.5	50	41.5	33	42.5	43	30.5	29.5	33	45	50.5	57	40.5	61	61.5	59	66.5	52	43.5	39	40	54	5	43	34	46.5	34	22	58.5	38.5	58	47	40	53	33.5	50	41.5	60	30.5	58	53.5	53.5	37.5	41.5	39.5	32	55	43.5	20.5	31	49.5	62.5	27.5	43	40	55	43	35.5	47.5	32	1	42	41	36.5	46.5	38.5	30	31.5	39	47	31.5	55	49	35	43	31	59.5	34	54	51	59	39	
47	34.5	24	25	42	43.5	44	35.5	39.5	36	56	57.5	41.5	35	16.5	53.5	39.5	47	34	43.5	37	21.5	49	6	42.5	32.5	18.5	46	31.5	57.5	39.5	51.5	37	33.5	34	6	45.5	46.5	58	7	25.5	0	43.5	27.5	32	48.5	43	34.5	44	46.5	5	28	29.5	41.5	47	55.5	42	64.5	60	60.5	65	55.5	47	40.5	43.5	55.5	30.5	44.5	32.5	45	32.5	20.5	55	37	59.5	45.5	43.5	51.5	35	53.5	45	56.5	29	56.5	52	55	34	40	41	30.5	53.5	40	24	32.5	46	64	29	39.5	38.5	53.5	41.5	39	44	35.5	24.5	45.5	44.5	33	50	37	28.5	30	35.5	45.5	33	56.5	45.5	38.5	44.5	29.5	56	32.5	52.5	54.5	60.5	37.5	
31.5	54	33.5	44.5	31.5	28	63.5	30	24	35.5	75.5	73	57	20.5	36	69	59	66.5	51.5	24	36.5	37	29.5	37.5	1	33	33	30.5	49	77	59	71	21.5	53	23.5	37.5	65	62	38.5	36.5	45	43.5	0	32	21.5	33	58.5	50	59.5	66	46.5	17.5	40	10	27.5	40	57.5	84	44.5	76	45.5	75	66.5	56	63	71	50	60	43	30.5	43	25	35.5	21.5	75	2	63	36	50.5	73	64.5	37	38.5	39	36.5	70.5	29.5	29.5	56.5	45	38	20.5	43.5	48	26.5	79.5	44.5	30	23	38	26	58.5	24.5	55	44	65	64	28.5	69.5	26.5	23	39.5	26	30	48.5	72	26	58	60	24	36.5	11	37	74	76	38	
35.5	38	17.5	28.5	30.5	32	47.5	24	28	24.5	59.5	69	53	31.5	20	65	43	50.5	37.5	40	25.5	33	45.5	21.5	31	15	17	34.5	35	61	43	55	25.5	37	22.5	21.5	49	58	54.5	20.5	29	27.5	32	0	20.5	37	54.5	46	55.5	50	32.5	16.5	34	38	43.5	44	51.5	68	48.5	72	53.5	59	50.5	52	47	63	34	56	31	33.5	31	7	51.5	25.5	69	34	47	40	46.5	57	48.5	47	22.5	45	40.5	66.5	30.5	28.5	52.5	29	42	36.5	27.5	44	42.5	69.5	40.5	34	27	42	30	42.5	40.5	39	28	49	48	29.5	53.5	25.5	17	23.5	32	34	44.5	68	42	42	54	18	52.5	21	41	58	72	10	
25	42.5	22	33	10	21.5	52	18.5	17.5	24	64	79.5	63.5	23	24.5	75.5	47.5	55	42	35.5	25	43.5	41	26	20.5	35.5	21.5	24	39.5	65.5	47.5	59.5	15	41.5	2	26	53.5	68.5	50	25	33.5	32	21.5	20.5	0	26.5	65	56.5	66	54.5	37	4	38.5	31.5	39	33.5	56	72.5	38	82.5	43	63.5	55	62.5	51.5	67.5	38.5	66.5	35.5	13	35.5	13.5	47	15	73.5	23.5	51.5	29.5	57	61.5	53	36.5	27	34.5	30	77	34	8	57	33.5	31.5	32	32	50.5	38	74	49	28.5	16.5	31.5	19.5	47	34	43.5	32.5	53.5	52.5	35	58	5	11.5	28	32.5	23.5	55	76.5	37.5	46.5	58.5	12.5	42	10.5	30.5	62.5	82.5	30.5	
26.5	59	38.5	49.5	36.5	23	68.5	35	9	40.5	80.5	78	62	25.5	41	74	64	71.5	56.5	13	41.5	42	24.5	42.5	32	38	38	25.5	54	82	64	76	21.5	58	28.5	42.5	70	67	33.5	41.5	50	48.5	33	37	26.5	0	63.5	55	64.5	71	51.5	22.5	45	27	22.5	35	62.5	89	39.5	81	40.5	80	71.5	61	68	76	55	65	48	35.5	48	30	30.5	21.5	80	35	68	31	55.5	78	69.5	32	43.5	34	31.5	75.5	34.5	34.5	61.5	50	33	20.5	48.5	53	21.5	84.5	49.5	35	10	33	21	63.5	24.5	60	49	70	69	33.5	74.5	31.5	28	44.5	31	25	53.5	77	11	63	65	29	31.5	22	32	79	81	43	
80	32.5	53	42	55	76.5	37	56.5	72.5	51	41	24.5	8.5	42	44.5	20.5	32.5	40	33	50.5	50	23.5	56	49	59.5	39.5	51.5	79	35.5	34.5	27.5	44.5	70	31.5	63	49	38.5	13.5	65	50	41.5	43	58.5	54.5	65	63.5	0	16.5	11	25.5	38	61	36.5	48.5	54	66.5	19	37.5	77	27.5	72	26.5	10	12.5	23.5	22.5	36.5	11.5	39.5	52	39.5	53.5	62	70	26.5	56.5	28.5	80.5	12	46.5	32	63.5	48	65.5	85	22	41	57	18	41.5	78.5	47	37	24.5	53	31	26	46.5	71.5	78.5	74.5	18	51	31.5	42.5	38.5	27.5	40	37	60	61.5	47	42.5	78.5	10	23.5	52.5	31.5	16.5	62.5	63	65.5	79.5	37.5	27.5	44.5	
73.5	34	44.5	33.5	46.5	70	45.5	48	64	42.5	47.5	31	15	33.5	38	27	39	46.5	24.5	42	41.5	15	47.5	40.5	51	31	45	72.5	27	41	29	53	61.5	35	54.5	40.5	47	20	56.5	41.5	33	34.5	50	46	56.5	55	16.5	0	17.5	32	29.5	54.5	28	40	45.5	58	15.5	44	68.5	34	63.5	33	26.5	14	25	29	28	18	31	43.5	31	47	53.5	61.5	33	48	35	72	8.5	55	38.5	55	39.5	57	76.5	28.5	32.5	48.5	14.5	33	70	38.5	30.5	16	44.5	37.5	17.5	38	65	70	68	34.5	42.5	15	34	47	34	31.5	43.5	51.5	55	38.5	34	72	6.5	30	44	40	18	54	54.5	59	71	44	34	36	
89	33.5	54	43	56	79.5	34	57.5	73.5	52	32	15.5	4.5	43	51.5	11.5	28.5	31	34	51.5	51	24.5	57	50	60.5	40.5	54.5	82	36.5	25.5	28.5	41.5	71	34.5	64	50	37.5	4.5	66	51	42.5	44	59.5	55.5	66	64.5	11	17.5	0	21.5	39	70	37.5	49.5	55	67.5	20	28.5	78	18.5	73	17.5	21	13.5	24.5	13.5	37.5	7.5	40.5	53	40.5	62.5	63	71	17.5	57.5	24.5	81.5	13	39.5	21	64.5	49	66.5	86	13	42	58	19	42.5	79.5	48	44	25.5	54	22	27	47.5	74.5	79.5	81.5	29	52	32.5	43.5	37.5	23.5	41	28	61	64.5	48	43.5	87.5	11	14.5	53.5	29.5	17.5	63.5	64	70.5	80.5	28.5	18.5	45.5	
69.5	22	46.5	37.5	64.5	66	21.5	58	62	58.5	33.5	35	17	57.5	34	31	7	24.5	46.5	66	59.5	39	71.5	40.5	65	55	41	68.5	49	35	27	29	59.5	21	56.5	40.5	23	24	80.5	39.5	43	46.5	66	50	54.5	71	25.5	32	21.5	0	51.5	50.5	52	64	69.5	78	34.5	42	82.5	38	87.5	33	29.5	28	31	33	48	14	55	67.5	55	43	77.5	59.5	37	68	3	74	27.5	31	22.5	79	51.5	79	74.5	32.5	56.5	62.5	33.5	53	76	62.5	26.5	40	68.5	41.5	41.5	62	61	76	64	21.5	66.5	33	42	23	2	55.5	27.5	59.5	51	52.5	58	68	25.5	34	68	8	32	52	78.5	55	75	32	38	60	
52	39.5	29	30	43	48.5	49	40.5	44.5	39	61	52.5	36.5	30	21.5	48.5	44.5	52	31	38.5	38	16.5	44	11	47.5	27.5	23.5	51	28.5	62.5	44.5	56.5	42	38.5	39	11	50.5	41.5	53	12	30.5	5	46.5	32.5	37	51.5	38	29.5	39	51.5	0	33	24.5	36.5	42	54.5	37	65.5	65	55.5	60	54.5	48	35.5	46.5	50.5	29.5	39.5	27.5	40	27.5	25.5	50	42	54.5	44.5	48.5	56.5	30	58.5	50	51.5	34	53.5	57	50	29	45	36	29.5	58.5	35	29	27.5	41	59	24	34.5	43.5	58.5	46.5	44	39	40.5	29.5	50.5	49.5	28	55	42	33.5	35	30.5	50.5	28	51.5	40.5	43.5	39.5	34.5	51	37.5	57.5	59.5	55.5	32.5	
21	38.5	18	29	14	17.5	48	14.5	13.5	20	60	81.5	67.5	27	20.5	75.5	43.5	51	38	35.5	21	47.5	45	22	16.5	31.5	17.5	20	35.5	61.5	43.5	55.5	11	37.5	6	22	49.5	72.5	46	21	29.5	28	17.5	16.5	4	22.5	61	54.5	70	50.5	33	0	34.5	27.5	37	29.5	52	68.5	34	78.5	39	59.5	51	58.5	47.5	63.5	34.5	64.5	31.5	17	31.5	9.5	49	11	69.5	19.5	47.5	25.5	59	57.5	49	32.5	23	30.5	26	79	30	12	53	29.5	27.5	34	28	46.5	38	70	45	24.5	12.5	27.5	15.5	43	30	39.5	28.5	49.5	48.5	31	54	9	7.5	24	28.5	19.5	59	72.5	33.5	42.5	54.5	8.5	38	6.5	26.5	58.5	78.5	26.5	
53.5	46	30.5	36.5	36.5	50	55.5	38	46	32.5	67.5	51	35	23.5	28	47	51	58.5	29.5	32	31.5	15	37.5	29.5	41	21	17	52.5	27	61	49	63	43.5	45	40.5	29.5	57	40	46.5	28.5	33	29.5	40	34	38.5	45	36.5	28	37.5	52	24.5	34.5	0	30	35.5	48	35.5	64	58.5	54	53.5	53	46.5	34	45	49	28	38	3	33.5	3	27	43.5	43.5	53	38	55	58	28.5	65	56.5	45	29.5	47	58.5	48.5	22.5	38.5	34.5	5	60	28.5	35.5	26	34.5	57.5	22.5	28	45	60	48	50.5	32.5	43	34	57	54	21.5	61.5	41.5	35	28.5	24	52	26.5	50	34	50	38	36	44.5	39	59	64	54	26	
41.5	64	41.5	50.5	23.5	38	73.5	30	34	29.5	79.5	63	47	10.5	46	59	69	76.5	41.5	14	28.5	27	19.5	47.5	11	23	43	40.5	39	73	61	81	31.5	63	31.5	47.5	75	52	28.5	46.5	45	41.5	10	38	31.5	27	48.5	40	49.5	64	36.5	27.5	30	0	17.5	30	47.5	76	40.5	66	35.5	65	58.5	46	57	61	40	50	33	20.5	33	35	25.5	31.5	65	8	67	44	40.5	83	70.5	27	36.5	29	46.5	60.5	19.5	25.5	46.5	35	42	10.5	53.5	38	16.5	69.5	34.5	20	33	42	36	66.5	14.5	55	46	75	66	18.5	75.5	28.5	33	35.5	16	40	38.5	62	16	68	50	34	26.5	21	43	76	66	28	
36	71.5	47	56	29	32.5	83	35.5	31.5	35	85	68.5	52.5	16	55.5	64.5	76.5	84	47	9.5	34	32.5	10	53	28.5	28.5	52.5	35	44.5	78.5	66.5	90.5	34	72.5	37	53	84.5	57.5	19	54	50.5	47	27.5	43.5	39	22.5	54	45.5	55	69.5	42	37	35.5	17.5	0	20.5	53	81.5	31	71.5	26	70.5	64	51.5	62.5	66.5	45.5	55.5	38.5	26	38.5	44.5	16	34	70.5	25.5	72.5	34.5	46	92.5	76	17.5	42	19.5	39	66	25	31	52	40.5	32.5	11	63	43.5	1	75	40	25.5	32.5	32.5	30.5	72	15	60.5	51.5	84.5	71.5	24	81	34	42.5	41	21.5	34.5	44	67.5	11.5	77.5	55.5	41.5	17	36.5	33.5	81.5	71.5	33.5	
23.5	66	45.5	56.5	41.5	12	75.5	42	26	47.5	87.5	81	65	28.5	48	77	71	78.5	59.5	22	46.5	45	17.5	49.5	39	41	45	22.5	57	89	71	83	28.5	65	35.5	49.5	77	70	26.5	48.5	57	55.5	40	44	33.5	35	66.5	58	67.5	78	54.5	29.5	48	30	20.5	0	65.5	94	36.5	84	33.5	83	76.5	64	75	79	58	68	51	38.5	51	37	23.5	28.5	83	38	75	28	58.5	85	76.5	3	50.5	1	28.5	78.5	37.5	41.5	64.5	53	30	23.5	55.5	56	19.5	87.5	52.5	38	25	30	14	70.5	27.5	67	56	77	76	36.5	81.5	38.5	35	51.5	34	22	56.5	80	24	70	68	36	24.5	29	29	86	84	46	
71	28.5	48	39	54	67.5	38	55.5	63.5	50	50	33.5	17.5	41	35.5	29.5	33.5	41	32	49.5	49	22.5	55	42	58.5	38.5	42.5	70	34.5	43.5	31.5	45.5	61	27.5	58	42	39.5	22.5	64	41	40.5	42	57.5	51.5	56	62.5	19	15.5	20	34.5	37	52	35.5	47.5	53	65.5	0	46.5	76	36.5	71	35.5	29	16.5	27.5	31.5	35.5	20.5	38.5	51	38.5	44.5	61	61	35.5	55.5	37.5	75.5	7	47.5	39	62.5	47	64.5	76	31	40	56	1	40.5	77.5	46	28	23.5	52	40	25	45.5	62.5	77.5	65.5	33	50	30.5	41.5	39.5	36.5	39	44	59	52.5	46	41.5	69.5	9	32.5	51.5	32.5	20.5	53.5	62	56.5	76.5	46.5	36.5	43.5	
87.5	40	64.5	55.5	82.5	84	24.5	76	80	76.5	26.5	13	31	69.5	52	23	35	27.5	60.5	78	77.5	51	83.5	58.5	83	67	59	86.5	63	33	45	13	77.5	39	74.5	58.5	21	26	92.5	57.5	61	64.5	84	68	72.5	89	37.5	44	28.5	42	65.5	68.5	64	76	81.5	94	46.5	0	100.5	10	99.5	39	47.5	40	49	35	64	34	67	79.5	67	61	89.5	77.5	29	84	39	92	39.5	11	35.5	91	69.5	93	92.5	19.5	68.5	80.5	45.5	69	94	74.5	44.5	52	80.5	28.5	53.5	74	79	94	82	39.5	78.5	51	60	21	40	67.5	30.5	77.5	69	70.5	70	86	37.5	26	80	34	44	70	90.5	73	93	30	10	72	
13	70.5	50	61	48	24.5	80	46.5	30.5	52	92	91.5	75.5	39	52.5	87.5	75.5	83	70	32.5	53	55.5	23	54	43.5	51.5	49.5	22	67.5	93.5	75.5	87.5	33	69.5	40	54	81.5	80.5	12	53	61.5	60	44.5	48.5	38	39.5	77	68.5	78	82.5	65	34	58.5	40.5	31	36.5	76	100.5	0	94.5	5	91.5	83	74.5	79.5	89.5	66.5	78.5	61.5	49	61.5	41.5	15	33	93.5	46.5	79.5	22.5	69	89.5	81	35.5	55	37.5	8	89	48	46	75	61.5	24.5	34	60	66.5	30	98	63	48.5	29.5	24.5	22.5	75	38	71.5	60.5	81.5	80.5	47	86	43	39.5	56	44.5	16.5	67	90.5	34.5	74.5	78.5	40.5	30	33.5	23.5	90.5	94.5	56.5	
97.5	50	70.5	59.5	72.5	94	34.5	74	90	68.5	28.5	3	21	59.5	62	13	45	37.5	50.5	68	67.5	41	73.5	66.5	77	57	69	96.5	53	27	45	23	87.5	49	80.5	66.5	31	16	82.5	67.5	59	60.5	76	72	82.5	81	27.5	34	18.5	38	55.5	78.5	54	66	71.5	84	36.5	10	94.5	0	89.5	29	37.5	30	41	25	54	24	57	69.5	57	71	79.5	87.5	19	74	41	98	29.5	21	39.5	81	65.5	83	102.5	9.5	58.5	74.5	35.5	59	96	64.5	54.5	42	70.5	18.5	43.5	64	89	96	92	45.5	68.5	49	60	31	40	57.5	34.5	77.5	79	64.5	60	96	27.5	16	70	44	34	80	80.5	83	97	30	0	62	
18	75.5	55	66	47	29.5	85	51.5	35.5	53	97	86.5	70.5	34	57.5	82.5	80.5	88	65	27.5	52	50.5	18	59	46.5	46.5	54.5	27	62.5	96.5	80.5	92.5	38	74.5	45	59	86.5	75.5	7	58	66.5	65	45.5	53.5	43	40.5	72	63.5	73	87.5	60	39	53.5	35.5	26	33.5	71	99.5	5	89.5	0	88.5	82	69.5	80.5	84.5	63.5	73.5	56.5	44	56.5	46.5	10	38	88.5	43.5	84.5	27.5	64	94.5	86	30.5	60	32.5	13	84	43	49	70	58.5	29.5	29	65	61.5	25	93	58	43.5	34.5	29.5	27.5	80	33	76.5	65.5	86.5	85.5	42	91	48	44.5	59	39.5	21.5	62	85.5	29.5	79.5	73.5	45.5	25	38.5	28.5	95.5	89.5	51.5	
78.5	31	55.5	46.5	71.5	75	20.5	67	71	67.5	32.5	26	20	58.5	43	22	26	23.5	49.5	67	66.5	40	72.5	49.5	74	56	50	77.5	52	34	36	28	68.5	30	65.5	49.5	22	13	81.5	48.5	52	55.5	75	59	63.5	80	26.5	33	17.5	33	54.5	59.5	53	65	70.5	83	35.5	39	91.5	29	88.5	0	36.5	29	40	4	53	23	56	68.5	56	52	78.5	68.5	28	73	30	83	28.5	30	26.5	80	60.5	82	83.5	23.5	57.5	71.5	34.5	58	85	63.5	35.5	41	69.5	32.5	42.5	63	70	85	73	30.5	67.5	42	51	22	31	56.5	26.5	68.5	60	61.5	59	77	26.5	25	69	25	33	61	79.5	64	84	31	29	61	
70	22.5	47	38	65	66.5	27	58.5	62.5	59	39	34.5	18.5	52	34.5	30.5	22.5	30	43	60.5	60	33.5	66	41	65.5	49.5	41.5	69	45.5	40.5	27.5	34.5	60	21.5	57	41	28.5	23.5	75	40	43.5	47	66.5	50.5	55	71.5	10	26.5	21	29.5	48	51	46.5	58.5	64	76.5	29	47.5	83	37.5	82	36.5	0	22.5	31.5	32.5	46.5	21.5	49.5	62	49.5	43.5	72	60	36.5	66.5	26.5	74.5	22	36.5	28	73.5	52	75.5	75	32	51	63	28	51.5	76.5	57	27	34.5	63	41	36	56.5	61.5	76.5	64.5	8	61	33.5	42.5	28.5	27.5	50	33	60	51.5	53	52.5	68.5	20	33.5	62.5	21.5	26.5	52.5	73	55.5	75.5	37.5	37.5	54.5	
77.5	20	50.5	39.5	52.5	74	39.5	54	70	48.5	43.5	27	11	39.5	42	23	35	42.5	30.5	48	47.5	21	53.5	46.5	57	37	49	76.5	33	37	15	47	67.5	21	60.5	46.5	41	16	62.5	47.5	39	40.5	56	52	62.5	61	12.5	14	13.5	28	35.5	58.5	34	46	51.5	64	16.5	40	74.5	30	69.5	29	22.5	0	11	25	34	14	37	49.5	37	51	59.5	67.5	29	54	31	78	9.5	49	34.5	61	45.5	63	82.5	24.5	38.5	54.5	15.5	39	76	44.5	34.5	22	50.5	33.5	23.5	44	69	76	72	30.5	48.5	29	40	41	30	37.5	39.5	57.5	59	44.5	40	76	7.5	26	50	34	4	60	60.5	63	77	40	30	42	
66.5	9	43.5	34.5	61.5	63	28.5	55	59	55.5	40.5	38	22	50.5	31	34	24	31.5	41.5	59	56.5	32	64.5	37.5	62	48	38	65.5	44	42	4	36	56.5	10	53.5	37.5	30	27	73.5	36.5	40	43.5	63	47	51.5	68	23.5	25	24.5	31	46.5	47.5	45	57	62.5	75	27.5	49	79.5	41	80.5	40	31.5	11	0	36	45	25	48	60.5	48	40	70.5	56.5	40	65	28	71	20.5	38	29.5	72	48.5	74	71.5	35.5	49.5	59.5	26.5	50	73	55.5	23.5	33	61.5	44.5	34.5	55	58	73	61	23.5	59.5	30	39	30	29	48.5	34.5	56.5	48	49.5	51	65	18.5	37	61	23	7	49	71.5	52	72	39	41	53	
82.5	35	59.5	50.5	67.5	79	24.5	69	75	63.5	36.5	22	16	54.5	47	18	30	27.5	45.5	63	62.5	36	68.5	53.5	72	52	54	81.5	48	32	40	32	72.5	34	69.5	53.5	26	9	77.5	52.5	54	55.5	71	63	67.5	76	22.5	29	13.5	33	50.5	63.5	49	61	66.5	79	31.5	35	89.5	25	84.5	4	32.5	25	36	0	49	19	52	64.5	52	56	74.5	72.5	24	69	34	87	24.5	34	30.5	76	60.5	78	87.5	19.5	53.5	69.5	30.5	54	89	59.5	39.5	37	65.5	28.5	38.5	59	74	89	77	34.5	63.5	44	55	26	35	52.5	30.5	72.5	64	59.5	55	81	22.5	21	65	29	29	65	75.5	68	88	35	25	57	
53.5	36	30.5	26.5	46.5	50	45.5	42	46	42.5	57.5	51	35	33.5	14	47	41	48.5	29.5	42	41.5	13	47.5	24.5	49	31	25	52.5	1	59	41	53	43.5	35	40.5	24.5	47	40	56.5	23.5	5	30.5	50	34	38.5	55	36.5	28	37.5	48	29.5	34.5	28	40	45.5	58	35.5	64	66.5	54	63.5	53	46.5	34	45	49	0	38	31	43.5	31	27	53.5	43.5	53	48	45	58	28.5	55	46.5	55	35.5	57	58.5	48.5	32.5	46.5	34.5	33	60	38.5	25.5	26	44.5	57.5	22.5	38	45	60	48	40.5	42.5	37	6	47	46	31.5	51.5	43.5	35	36.5	34	52	26.5	50	44	40	38	36	54.5	39	59	56	54	36	
83.5	34	54.5	43.5	56.5	80	35.5	58	74	52.5	37.5	21	3	43.5	48	17	21	36.5	34.5	52	51.5	25	57.5	50.5	61	41	55	82.5	37	31	29	43	71.5	35	64.5	50.5	37	10	66.5	51.5	43	44.5	60	56	66.5	65	11.5	18	7.5	14	39.5	64.5	38	50	55.5	68	20.5	34	78.5	24	73.5	23	21.5	14	25	19	38	0	41	53.5	41	57	63.5	71.5	23	58	17	82	13.5	45	28.5	65	49.5	67	86.5	18.5	42.5	58.5	19.5	43	80	48.5	40.5	26	54.5	27.5	27.5	48	75	80	78	29.5	52.5	33	44	37	16	41.5	33.5	61.5	65	48.5	44	82	11.5	20	54	22	18	64	64.5	69	81	34	24	46	
50.5	43	27.5	33.5	39.5	47	52.5	39	43	35.5	64.5	54	38	26.5	25	50	48	55.5	32.5	35	34.5	18	40.5	26.5	44	24	14	49.5	30	64	48	60	40.5	42	37.5	26.5	54	43	49.5	25.5	34	32.5	43	31	35.5	48	39.5	31	40.5	55	27.5	31.5	3	33	38.5	51	38.5	67	61.5	57	56.5	56	49.5	37	48	52	31	41	0	36.5	0	24	46.5	40.5	56	41	52	55	31.5	62	53.5	48	32.5	50	55.5	51.5	25.5	41.5	37.5	2	57	31.5	32.5	29	37.5	60.5	25.5	31	42	57	45	47.5	35.5	44	33	54	53	24.5	58.5	40.5	32	31.5	27	49	29.5	53	37	47	41	33	47.5	36	56	63	57	29	
38	55.5	35	46	3	34.5	65	31.5	30.5	33	77	66.5	50.5	10	37.5	62.5	60.5	68	45	22.5	32	30.5	28	39	31.5	26.5	34.5	37	42.5	76.5	60.5	72.5	28	54.5	11	39	66.5	55.5	37	38	46.5	45	30.5	33.5	13	35.5	52	43.5	53	67.5	40	17	33.5	20.5	26	38.5	51	79.5	49	69.5	44	68.5	62	49.5	60.5	64.5	43.5	53.5	36.5	0	36.5	26.5	34	28	68.5	28.5	64.5	42.5	44	74.5	66	35.5	40	37.5	43	64	23	5	50	38.5	44.5	19	45	41.5	25	73	38	23.5	29.5	44.5	32.5	60	23	56.5	45.5	66.5	65.5	22	71	8	24.5	39	19.5	36.5	42	65.5	24.5	59.5	53.5	25.5	35	23.5	43.5	75.5	69.5	31.5	
50.5	43	27.5	33.5	39.5	47	52.5	39	43	35.5	64.5	54	38	26.5	25	50	48	55.5	32.5	35	34.5	18	40.5	26.5	44	24	14	49.5	30	64	48	60	40.5	42	37.5	26.5	54	43	49.5	25.5	34	32.5	43	31	35.5	48	39.5	31	40.5	55	27.5	31.5	3	33	38.5	51	38.5	67	61.5	57	56.5	56	49.5	37	48	52	31	41	0	36.5	0	24	46.5	40.5	56	41	52	55	31.5	62	53.5	48	32.5	50	55.5	51.5	25.5	41.5	37.5	2	57	31.5	32.5	29	37.5	60.5	25.5	31	42	57	45	47.5	35.5	44	33	54	53	24.5	58.5	40.5	32	31.5	27	49	29.5	53	37	47	41	33	47.5	36	56	63	57	29	
28.5	31	10.5	21.5	23.5	25	40.5	17	21	17.5	52.5	74	60	36.5	13	68	36	43.5	30.5	43	18.5	40	52.5	14.5	24	22	10	27.5	28	54	36	48	18.5	30	15.5	14.5	42	65	53.5	13.5	22	20.5	25	7	13.5	30	53.5	47	62.5	43	25.5	9.5	27	35	44.5	37	44.5	61	41.5	71	46.5	52	43.5	51	40	56	27	57	24	26.5	24	0	56.5	18.5	62	27	40	33	51.5	50	41.5	40	15.5	38	33.5	71.5	27.5	21.5	45.5	22	35	41.5	20.5	39	45.5	62.5	37.5	27	20	35	23	35.5	37.5	32	21	42	41	28.5	46.5	18.5	10	16.5	31	27	51.5	65	41	35	47	11	45.5	14	34	51	71	17	
28	79.5	55	64	37	35.5	95	43.5	39.5	43	93	76.5	60.5	24	67.5	72.5	84.5	92	55	17.5	42	40.5	8	61	36.5	36.5	60.5	33	52.5	86.5	74.5	102.5	42	80.5	45	61	96.5	65.5	3	62	58.5	55	35.5	51.5	47	30.5	62	53.5	63	77.5	50	49	43.5	25.5	16	23.5	61	89.5	15	79.5	10	78.5	72	59.5	70.5	74.5	53.5	63.5	46.5	34	46.5	56.5	0	42	78.5	33.5	80.5	27.5	54	100.5	84	20.5	50	22.5	23	74	33	39	60	48.5	25.5	19	75	51.5	15	83	48	33.5	40.5	25.5	37.5	80	23	68.5	59.5	96.5	79.5	32	89	42	50.5	49	29.5	31.5	52	75.5	19.5	85.5	63.5	49.5	15	46.5	26.5	89.5	79.5	41.5	
20	47.5	27	38	25	16.5	57	23.5	12.5	29	69	84.5	68.5	32	29.5	80.5	52.5	60	47	30.5	30	48.5	36	31	20.5	40.5	26.5	19	44.5	70.5	52.5	64.5	0	46.5	17	31	58.5	73.5	45	30	38.5	37	21.5	25.5	15	21.5	70	61.5	71	59.5	42	11	43.5	31.5	34	28.5	61	77.5	33	87.5	38	68.5	60	67.5	56.5	72.5	43.5	71.5	40.5	28	40.5	18.5	42	0	78.5	23.5	56.5	24.5	62	66.5	58	31.5	32	29.5	25	82	39	23	62	38.5	26.5	23	37	55.5	33	79	54	33.5	11.5	26.5	14.5	52	19	48.5	37.5	58.5	57.5	40	63	20	16.5	33	37.5	18.5	60	81.5	32.5	51.5	63.5	17.5	37	10.5	25.5	67.5	87.5	35.5	
88.5	41	65.5	56.5	71.5	85	25.5	73	81	67.5	32.5	16	20	58.5	53	6	36	28.5	49.5	67	66.5	40	72.5	59.5	76	56	60	87.5	52	8	44	28	78.5	40	75.5	59.5	20	15	81.5	58.5	58	59.5	75	69	73.5	80	26.5	33	17.5	37	54.5	69.5	53	65	70.5	83	35.5	29	93.5	19	88.5	28	36.5	29	40	24	53	23	56	68.5	56	62	78.5	78.5	0	73	40	93	28.5	30	36.5	80	64.5	82	93.5	13.5	57.5	73.5	34.5	58	95	63.5	45.5	41	69.5	22.5	42.5	63	80	95	83	40.5	67.5	48	59	20	39	56.5	31.5	76.5	70	63.5	59	87	26.5	3	69	35	33	71	79.5	74	94	11	19	61	
33.5	56	35.5	46.5	31.5	30	65.5	32	26	37.5	77.5	71	55	18.5	38	67	61	68.5	49.5	22	36.5	35	27.5	39.5	3	31	35	32.5	47	79	61	73	23.5	55	25.5	39.5	67	60	36.5	38.5	47	45.5	2	34	23.5	35	56.5	48	57.5	68	44.5	19.5	38	8	25.5	38	55.5	84	46.5	74	43.5	73	66.5	54	65	69	48	58	41	28.5	41	27	33.5	23.5	73	0	65	38	48.5	75	66.5	35	40.5	37	38.5	68.5	27.5	31.5	54.5	43	40	18.5	45.5	46	24.5	77.5	42.5	28	25	40	28	60.5	22.5	57	46	67	66	26.5	71.5	28.5	25	41.5	24	32	46.5	70	24	60	58	26	34.5	13	39	76	74	36	
66.5	19	43.5	34.5	61.5	63	18.5	55	59	55.5	30.5	38	20	60.5	31	34	4	21.5	43.5	69	56.5	42	74.5	37.5	62	58	38	65.5	46	32	24	26	56.5	18	53.5	37.5	20	27	83.5	36.5	40	43.5	63	47	51.5	68	28.5	35	24.5	3	48.5	47.5	55	67	72.5	75	37.5	39	79.5	41	84.5	30	26.5	31	28	34	45	17	52	64.5	52	40	80.5	56.5	40	65	0	71	30.5	28	19.5	78	48.5	76	71.5	35.5	59.5	59.5	36.5	50	73	65.5	23.5	43	71.5	40.5	44.5	65	58	73	61	18.5	69.5	30	39	20	1	58.5	24.5	56.5	48	49.5	61	65	28.5	37	71	5	35	49	81.5	52	72	29	41	57	
9.5	62	41.5	52.5	39.5	16	71.5	38	22	43.5	83.5	95	79	42.5	44	91	67	74.5	61.5	36	44.5	59	26.5	45.5	35	55	41	13.5	59	85	67	79	24.5	61	31.5	45.5	73	84	30.5	44.5	53	51.5	36	40	29.5	31	80.5	72	81.5	74	56.5	25.5	58	44	34.5	28	75.5	92	22.5	98	27.5	83	74.5	78	71	87	58	82	55	42.5	55	33	27.5	24.5	93	38	71	0	72.5	81	72.5	31	46.5	29	14.5	92.5	51.5	37.5	76.5	53	2	37.5	51.5	70	33.5	93.5	66.5	48	21	2	14	66.5	41.5	63	52	73	72	50.5	77.5	34.5	31	47.5	48	6	70.5	94	38	66	78	32	31.5	25	1	82	98	50	
78	29.5	45	34	47	70.5	45	48.5	64.5	43	43	26.5	10.5	34	42.5	22.5	34.5	42	25	42.5	42	15.5	48	41	51.5	31.5	45.5	73	27.5	36.5	24.5	52.5	62	30.5	55	41	46.5	15.5	57	42	33.5	35	50.5	46.5	57	55.5	12	8.5	13	27.5	30	59	28.5	40.5	46	58.5	7	39.5	69	29.5	64	28.5	22	9.5	20.5	24.5	28.5	13.5	31.5	44	31.5	51.5	54	62	28.5	48.5	30.5	72.5	0	50.5	34	55.5	40	57.5	77	24	33	49	6	33.5	70.5	39	35	16.5	45	33	18	38.5	65.5	70.5	72.5	30	43	23.5	34.5	46.5	29.5	32	39	52	55.5	39	34.5	76.5	2	25.5	44.5	35.5	13.5	54.5	55	61.5	71.5	39.5	29.5	36.5	
76.5	29	53.5	44.5	71.5	73	13.5	65	69	65.5	15.5	24	42	80.5	41	34	24	16.5	53.5	89	66.5	62	94.5	47.5	72	72	48	75.5	56	22	34	2	66.5	28	63.5	47.5	10	37	101.5	46.5	50	53.5	73	57	61.5	78	46.5	55	39.5	31	58.5	57.5	65	83	92.5	85	47.5	11	89.5	21	94.5	30	36.5	49	38	34	55	45	62	74.5	62	50	100.5	66.5	30	75	28	81	50.5	0	24.5	88	58.5	86	81.5	30.5	75.5	69.5	48.5	60	83	85.5	33.5	57	91.5	25.5	60.5	75	68	83	71	28.5	85.5	40	49	10	29	76.5	19.5	66.5	58	59.5	79	75	48.5	33	89	23	45	59	93.5	62	82	19	21	67	
68	20.5	45	36	63	64.5	15	56.5	60.5	57	27	36.5	25.5	64	32.5	32.5	15.5	18	45	72.5	58	45.5	78	39	63.5	61.5	39.5	67	47.5	28.5	25.5	22.5	58	19.5	55	39	16.5	25.5	87	38	41.5	45	64.5	48.5	53	69.5	32	38.5	21	22.5	50	49	56.5	70.5	76	76.5	39	35.5	81	39.5	86	26.5	28	34.5	29.5	30.5	46.5	28.5	53.5	66	53.5	41.5	84	58	36.5	66.5	19.5	72.5	34	24.5	0	79.5	50	77.5	73	34	63	61	40	51.5	74.5	69	25	46.5	75	37	48	66.5	59.5	74.5	62.5	20	73	31.5	40.5	16.5	20.5	62	21	58	49.5	51	64.5	66.5	32	35.5	74.5	14.5	36.5	50.5	85	53.5	73.5	25.5	39.5	58.5	
26.5	69	48.5	59.5	38.5	15	78.5	45	29	44.5	90.5	78	62	25.5	51	74	74	81.5	56.5	19	43.5	42	14.5	52.5	38	38	48	25.5	54	88	74	86	31.5	68	38.5	52.5	80	67	23.5	51.5	60	56.5	37	47	36.5	32	63.5	55	64.5	79	51.5	32.5	45	27	17.5	3	62.5	91	35.5	81	30.5	80	73.5	61	72	76	55	65	48	35.5	48	40	20.5	31.5	80	35	78	31	55.5	88	79.5	0	51.5	2	31.5	75.5	34.5	40.5	61.5	50	33	20.5	58.5	53	16.5	84.5	49.5	35	28	33	17	73.5	24.5	70	59	80	79	33.5	84.5	41.5	38	50.5	31	25	53.5	77	21	73	65	39	21.5	32	32	89	81	43	
42	39.5	5	30	37	38.5	49	30.5	34.5	31	61	62.5	46.5	30	21.5	58.5	44.5	52	39	38.5	32	26.5	44	23	37.5	27.5	18.5	41	36.5	62.5	44.5	56.5	32	38.5	29	23	50.5	51.5	53	22	30.5	29	38.5	22.5	27	43.5	48	39.5	49	51.5	34	23	29.5	36.5	42	50.5	47	69.5	55	65.5	60	60.5	52	45.5	48.5	60.5	35.5	49.5	32.5	40	32.5	15.5	50	32	64.5	40.5	48.5	46.5	40	58.5	50	51.5	0	51.5	47	60	29	35	46	30.5	48.5	35	29	37.5	41	69	34	34.5	33.5	48.5	36.5	44	39	40.5	29.5	50.5	49.5	28	55	32	23.5	1	30.5	40.5	38	61.5	40.5	43.5	49.5	24.5	51	27.5	47.5	59.5	65.5	32.5	
24.5	67	46.5	57.5	40.5	13	76.5	43	27	46.5	88.5	80	64	27.5	49	76	72	79.5	58.5	21	45.5	44	16.5	50.5	40	40	46	23.5	56	90	72	84	29.5	66	36.5	50.5	78	69	25.5	49.5	58	56.5	39	45	34.5	34	65.5	57	66.5	79	53.5	30.5	47	29	19.5	1	64.5	93	37.5	83	32.5	82	75.5	63	74	78	57	67	50	37.5	50	38	22.5	29.5	82	37	76	29	57.5	86	77.5	2	51.5	0	29.5	77.5	36.5	42.5	63.5	52	31	22.5	56.5	55	18.5	86.5	51.5	37	26	31	15	71.5	26.5	68	57	78	77	35.5	82.5	39.5	36	52.5	33	23	55.5	79	23	71	67	37	23.5	30	30	87	83	45	
5	62.5	42	53	40	16.5	72	38.5	22.5	44	84	99.5	83.5	47	44.5	95.5	67.5	75	62	40.5	45	63.5	31	46	35.5	55.5	41.5	14	59.5	85.5	67.5	79.5	25	61.5	32	46	73.5	88.5	20	45	53.5	52	36.5	40.5	30	31.5	85	76.5	86	74.5	57	26	58.5	46.5	39	28.5	76	92.5	8	102.5	13	83.5	75	82.5	71.5	87.5	58.5	86.5	55.5	43	55.5	33.5	23	25	93.5	38.5	71.5	14.5	77	81.5	73	31.5	47	29.5	0	97	54	38	77	53.5	16.5	42	52	70.5	38	94	69	48.5	21.5	16.5	14.5	67	44	63.5	52.5	73.5	72.5	55	78	35	31.5	48	52.5	8.5	75	96.5	42.5	66.5	78.5	32.5	32	25.5	15.5	82.5	102.5	50.5	
98	44.5	65	54	67	90.5	35	68.5	84.5	63	19	6.5	15.5	54	62.5	7.5	39.5	32	45	62.5	62	35.5	68	61	71.5	51.5	65.5	93	47.5	21.5	39.5	32.5	82	45.5	75	61	31.5	10.5	77	62	53.5	55	70.5	66.5	77	75.5	22	28.5	13	32.5	50	79	48.5	60.5	66	78.5	31	19.5	89	9.5	84	23.5	32	24.5	35.5	19.5	48.5	18.5	51.5	64	51.5	71.5	74	82	13.5	68.5	35.5	92.5	24	30.5	34	75.5	60	77.5	97	0	53	69	30	53.5	90.5	59	55	36.5	65	9	38	58.5	85.5	90.5	92.5	40	63	43.5	54.5	31.5	34.5	52	29	72	75.5	59	54.5	96.5	22	10.5	64.5	40.5	28.5	74.5	75	81.5	91.5	24.5	9.5	56.5	
49	56.5	34	43	26	45.5	66	27.5	41.5	10	72	55.5	39.5	13	38.5	51.5	61.5	69	34	21.5	9	19.5	27	40	30.5	15.5	35.5	48	31.5	65.5	53.5	73.5	39	55.5	34	40	67.5	44.5	36	39	37.5	34	29.5	30.5	34	34.5	41	32.5	42	56.5	29	30	22.5	19.5	25	37.5	40	68.5	48	58.5	43	57.5	51	38.5	49.5	53.5	32.5	42.5	25.5	23	25.5	27.5	33	39	57.5	27.5	59.5	51.5	33	75.5	63	34.5	29	36.5	54	53	0	28	39	27.5	49.5	18	46	30.5	24	62	27	17.5	40.5	49.5	43.5	59	22	47.5	38.5	67.5	58.5	1	68	31	30.5	28	13.5	47.5	31	54.5	23.5	60.5	42.5	31.5	34	34.5	50.5	68.5	58.5	20.5	
33	50.5	30	41	2	29.5	60	26.5	25.5	32	72	71.5	55.5	15	32.5	67.5	55.5	63	50	27.5	33	35.5	33	34	28.5	31.5	29.5	32	47.5	73.5	55.5	67.5	23	49.5	6	34	61.5	60.5	42	33	41.5	40	29.5	28.5	8	34.5	57	48.5	58	62.5	45	12	38.5	25.5	31	41.5	56	80.5	46	74.5	49	71.5	63	54.5	59.5	69.5	46.5	58.5	41.5	5	41.5	21.5	39	23	73.5	31.5	59.5	37.5	49	69.5	61	40.5	35	42.5	38	69	28	0	55	41.5	39.5	24	40	46.5	30	78	43	28.5	24.5	39.5	27.5	55	28	51.5	40.5	61.5	60.5	27	66	3	19.5	36	24.5	31.5	47	70.5	29.5	54.5	58.5	20.5	40	18.5	38.5	70.5	74.5	36.5	
72	29.5	49	40	53	68.5	39	54.5	64.5	49	49	32.5	16.5	40	36.5	28.5	34.5	42	31	48.5	48	21.5	54	43	57.5	37.5	43.5	71	33.5	42.5	30.5	46.5	62	28.5	59	43	40.5	21.5	63	42	39.5	41	56.5	52.5	57	61.5	18	14.5	19	33.5	36	53	34.5	46.5	52	64.5	1	45.5	75	35.5	70	34.5	28	15.5	26.5	30.5	34.5	19.5	37.5	50	37.5	45.5	60	62	34.5	54.5	36.5	76.5	6	48.5	40	61.5	46	63.5	77	30	39	55	0	39.5	76.5	45	29	22.5	51	39	24	44.5	63.5	76.5	66.5	34	49	29.5	40.5	40.5	35.5	38	45	58	53.5	45	40.5	70.5	8	31.5	50.5	33.5	19.5	54.5	61	57.5	77.5	45.5	35.5	42.5	
48.5	41	25.5	31.5	41.5	45	50.5	37	41	37.5	62.5	56	40	28.5	23	52	46	53.5	34.5	37	36.5	20	42.5	24.5	44	26	12	47.5	32	64	46	58	38.5	40	35.5	24.5	52	45	51.5	23.5	32	30.5	45	29	33.5	50	41.5	33	42.5	53	29.5	29.5	5	35	40.5	53	40.5	69	61.5	59	58.5	58	51.5	39	50	54	33	43	2	38.5	2	22	48.5	38.5	58	43	50	53	33.5	60	51.5	50	30.5	52	53.5	53.5	27.5	41.5	39.5	0	55	33.5	30.5	31	39.5	62.5	27.5	33	40	55	43	45.5	37.5	42	31	52	51	26.5	56.5	38.5	30	31.5	29	47	31.5	55	39	45	43	31	49.5	34	54	61	59	31	
11.5	64	43.5	54.5	41.5	18	73.5	40	24	45.5	85.5	93	77	40.5	46	89	69	76.5	63.5	34	46.5	57	24.5	47.5	37	53	43	15.5	61	87	69	81	26.5	63	33.5	47.5	75	82	28.5	46.5	55	53.5	38	42	31.5	33	78.5	70	79.5	76	58.5	27.5	60	42	32.5	30	77.5	94	24.5	96	29.5	85	76.5	76	73	89	60	80	57	44.5	57	35	25.5	26.5	95	40	73	2	70.5	83	74.5	33	48.5	31	16.5	90.5	49.5	39.5	76.5	55	0	35.5	53.5	68	31.5	95.5	64.5	50	23	0	16	68.5	39.5	65	54	75	74	48.5	79.5	36.5	33	49.5	46	8	68.5	92	36	68	80	34	31.5	27	1	84	96	52	
43	64.5	40	49	22	35.5	80	28.5	29.5	28	78	61.5	45.5	9	52.5	57.5	69.5	77	40	7.5	27	25.5	13	46	21.5	21.5	45.5	38	37.5	71.5	59.5	87.5	23	65.5	30	46	81.5	50.5	22	47	43.5	40	20.5	36.5	32	20.5	47	38.5	48	62.5	35	34	28.5	10.5	11	23.5	46	74.5	34	64.5	29	63.5	57	44.5	55.5	59.5	38.5	48.5	31.5	19	31.5	41.5	19	23	63.5	18.5	65.5	37.5	39	85.5	69	20.5	35	22.5	42	59	18	24	45	33.5	35.5	0	60	36.5	10	68	33	18.5	30.5	35.5	37.5	65	4	53.5	44.5	81.5	64.5	17	74	27	35.5	34	14.5	41.5	37	60.5	9.5	70.5	48.5	34.5	20	31.5	36.5	74.5	64.5	26.5	
47	14.5	24	15	42	43.5	24	35.5	39.5	36	36	57.5	41.5	55	11.5	51.5	19.5	27	24	61.5	37	36.5	69	18	42.5	42.5	18.5	46	26.5	37.5	19.5	31.5	37	13.5	34	18	25.5	46.5	72	17	20.5	24	43.5	27.5	32	48.5	37	30.5	44	26.5	29	28	35.5	53.5	63	55.5	28	44.5	60	54.5	65	35.5	27	34.5	23.5	39.5	25.5	40.5	32.5	45	32.5	20.5	75	37	45.5	45.5	23.5	51.5	35	33.5	25	58.5	29	56.5	52	55	46	40	29	30.5	53.5	60	0	27.5	64	46	31	45.5	38.5	53.5	41.5	19	56	15.5	19.5	25.5	24.5	47	30	37	28.5	30	49.5	45.5	33	48.5	59.5	18.5	30.5	29.5	64	32.5	52.5	34.5	54.5	37.5	
65.5	38	42.5	31.5	44.5	62	47.5	46	58	40.5	55.5	39	23	31.5	30	35	43	50.5	22.5	40	39.5	13	45.5	36.5	49	29	37	64.5	25	49	37	55	55.5	37	52.5	36.5	49	28	54.5	35.5	31	32.5	48	44	50.5	53	24.5	16	25.5	40	27.5	46.5	26	38	43.5	56	23.5	52	66.5	42	61.5	41	34.5	22	33	37	26	26	29	41.5	29	39	51.5	55.5	41	46	43	70	16.5	57	46.5	53	37.5	55	70.5	36.5	30.5	46.5	22.5	31	68	36.5	27.5	0	42.5	45.5	15.5	36	57	68	60	42.5	40.5	31	32	49	42	29.5	51.5	49.5	47	36.5	32	64	14.5	38	42	42	26	48	52.5	51	69	52	42	34	
37	70.5	46	55	28	31.5	84	34.5	30.5	34	84	67.5	51.5	15	56.5	63.5	75.5	83	46	8.5	33	31.5	9	52	27.5	27.5	51.5	34	43.5	77.5	65.5	91.5	33	71.5	36	52	85.5	56.5	18	53	49.5	46	26.5	42.5	38	21.5	53	44.5	54	68.5	41	38	34.5	16.5	1	19.5	52	80.5	30	70.5	25	69.5	63	50.5	61.5	65.5	44.5	54.5	37.5	25	37.5	45.5	15	33	69.5	24.5	71.5	33.5	45	91.5	75	16.5	41	18.5	38	65	24	30	51	39.5	31.5	10	64	42.5	0	74	39	24.5	31.5	31.5	31.5	71	14	59.5	50.5	85.5	70.5	23	80	33	41.5	40	20.5	35.5	43	66.5	10.5	76.5	54.5	40.5	16	37.5	32.5	80.5	70.5	32.5	
89	41.5	66	57	76	85.5	26	77.5	81.5	72	10	15.5	24.5	63	53.5	16.5	36.5	29	54	71.5	71	44.5	77	60	80.5	60.5	60.5	88	56.5	30.5	46.5	23.5	79	40.5	76	60	22.5	19.5	86	59	62.5	64	79.5	69.5	74	84.5	31	37.5	22	41.5	59	70	57.5	69.5	75	87.5	40	28.5	98	18.5	93	32.5	41	33.5	44.5	28.5	57.5	27.5	60.5	73	60.5	62.5	83	79	22.5	77.5	40.5	93.5	33	25.5	37	84.5	69	86.5	94	9	62	78	39	62.5	95.5	68	46	45.5	74	0	47	67.5	80.5	95.5	83.5	41	72	52.5	61.5	22.5	41.5	61	32	79	70.5	68	63.5	87.5	31	19.5	73.5	35.5	37.5	71.5	84	74.5	94.5	31.5	18.5	65.5	
64	41.5	39	16	41	60.5	51	42.5	56.5	37	57	40.5	24.5	28	28.5	36.5	46.5	54	7	36.5	36	9.5	42	35	45.5	25.5	35.5	63	21.5	50.5	38.5	58.5	54	40.5	49	35	52.5	29.5	51	34	27.5	29	44.5	40.5	49	49.5	26	17.5	27	41.5	24	45	22.5	34.5	40	52.5	25	53.5	63	43.5	58	42.5	36	23.5	34.5	38.5	22.5	27.5	25.5	38	25.5	37.5	48	54	42.5	42.5	44.5	66.5	18	60.5	48	49.5	34	51.5	69	38	27	43	24	27.5	64.5	33	31	15.5	39	47	0	32.5	55.5	64.5	58.5	44	37	32.5	28.5	52.5	43.5	26	53	46	45.5	33	28.5	62.5	16	39.5	38.5	45.5	27.5	46.5	49	49.5	65.5	53.5	43.5	30.5	
43.5	56	35.5	46.5	26.5	40	65.5	10	36	27.5	77.5	61	45	13.5	38	57	61	68.5	39.5	22	26.5	25	27.5	39.5	31	21	35	42.5	37	71	59	73	33.5	55	30.5	39.5	67	50	36.5	38.5	43	39.5	30	34	28.5	35	46.5	38	47.5	62	34.5	24.5	28	20	25.5	38	45.5	74	48.5	64	43.5	63	56.5	44	55	59	38	48	31	23.5	31	27	33.5	33.5	63	28	65	48	38.5	75	66.5	35	34.5	37	48.5	58.5	17.5	28.5	44.5	33	50	18.5	45.5	36	24.5	67.5	32.5	0	35	50	38	60.5	22.5	53	44	67	64	16.5	71.5	31.5	17	33.5	4	42	36.5	60	24	60	48	16	34.5	29	49	74	64	26	
16.5	49	28.5	39.5	26.5	13	58.5	25	1	30.5	70.5	88	72	35.5	31	84	54	61.5	48.5	23	31.5	52	34.5	32.5	22	42	28	15.5	46	72	54	66	11.5	48	18.5	32.5	60	77	41.5	31.5	40	38.5	23	27	16.5	10	71.5	65	74.5	61	43.5	12.5	45	33	32.5	25	62.5	79	29.5	89	34.5	70	61.5	69	58	74	45	75	42	29.5	42	20	40.5	11.5	80	25	58	21	65.5	68	59.5	28	33.5	26	21.5	85.5	40.5	24.5	63.5	40	23	30.5	38.5	57	31.5	80.5	55.5	35	0	23	11	53.5	30.5	50	39	60	59	41.5	64.5	21.5	18	34.5	39	15	63.5	83	21	53	65	19	33.5	12	22	69	89	37	
11.5	64	43.5	54.5	41.5	18	73.5	40	24	45.5	85.5	93	77	40.5	46	89	69	76.5	63.5	34	46.5	57	24.5	47.5	37	53	43	15.5	61	87	69	81	26.5	63	33.5	47.5	75	82	28.5	46.5	55	53.5	38	42	31.5	33	78.5	70	79.5	76	58.5	27.5	60	42	32.5	30	77.5	94	24.5	96	29.5	85	76.5	76	73	89	60	80	57	44.5	57	35	25.5	26.5	95	40	73	2	70.5	83	74.5	33	48.5	31	16.5	90.5	49.5	39.5	76.5	55	0	35.5	53.5	68	31.5	95.5	64.5	50	23	0	16	68.5	39.5	65	54	75	74	48.5	79.5	36.5	33	49.5	46	8	68.5	92	36	68	80	34	31.5	27	1	84	96	52	
9.5	52	31.5	42.5	29.5	2	61.5	28	12	33.5	73.5	95	79	42.5	34	89	57	64.5	51.5	34	34.5	59	31.5	35.5	25	45	31	8.5	49	75	57	69	14.5	51	21.5	35.5	63	84	34.5	34.5	43	41.5	26	30	19.5	21	74.5	68	81.5	64	46.5	15.5	48	36	30.5	14	65.5	82	22.5	92	27.5	73	64.5	72	61	77	48	78	45	32.5	45	23	37.5	14.5	83	28	61	14	72.5	71	62.5	17	36.5	15	14.5	92.5	43.5	27.5	66.5	43	16	37.5	41.5	60	31.5	83.5	58.5	38	11	16	0	56.5	33.5	53	42	63	62	44.5	67.5	24.5	21	37.5	42	8	70.5	86	32	56	68	22	26.5	15	15	72	92	40	
62	14.5	39	30	57	58.5	19	50.5	54.5	51	31	42.5	26.5	60	26.5	38.5	14.5	22	39	68.5	52	41.5	74	33	57.5	57.5	33.5	61	41.5	32.5	19.5	26.5	52	13.5	49	33	20.5	31.5	83	32	35.5	39	58.5	42.5	47	63.5	18	34.5	29	21.5	44	43	50.5	66.5	72	70.5	33	39.5	75	45.5	80	30.5	8	30.5	23.5	34.5	40.5	29.5	47.5	60	47.5	35.5	80	52	40.5	60.5	18.5	66.5	30	28.5	20	73.5	44	71.5	67	40	59	55	34	45.5	68.5	65	19	42.5	71	41	44	60.5	53.5	68.5	56.5	0	69	25.5	34.5	20.5	19.5	58	25	52	43.5	45	60.5	60.5	28	41.5	70.5	13.5	30.5	44.5	79	47.5	67.5	29.5	45.5	52.5	
39	66.5	44	53	26	35.5	76	32.5	31.5	32	82	65.5	49.5	13	48.5	61.5	71.5	79	44	11.5	31	29.5	17	50	25.5	25.5	45.5	38	41.5	75.5	63.5	83.5	19	65.5	34	50	77.5	54.5	26	49	47.5	44	24.5	40.5	34	24.5	51	42.5	52	66.5	39	30	32.5	14.5	15	27.5	50	78.5	38	68.5	33	67.5	61	48.5	59.5	63.5	42.5	52.5	35.5	23	35.5	37.5	23	19	67.5	22.5	69.5	41.5	43	85.5	73	24.5	39	26.5	44	63	22	28	49	37.5	39.5	4	56	40.5	14	72	37	22.5	30.5	39.5	33.5	69	0	57.5	48.5	77.5	68.5	21	78	31	35.5	38	18.5	37.5	41	64.5	13.5	70.5	52.5	36.5	24	29.5	40.5	78.5	68.5	30.5	
58.5	21	35.5	26.5	53.5	55	30.5	47	51	47.5	42.5	46	30	48.5	23	42	26	33.5	35.5	57	48.5	30	62.5	29.5	54	46	30	57.5	38	44	26	38	48.5	20	45.5	29.5	32	35	71.5	28.5	32	35.5	55	39	43.5	60	31.5	15	32.5	33	40.5	39.5	43	55	60.5	67	30.5	51	71.5	49	76.5	42	33.5	29	30	44	37	33	44	56.5	44	32	68.5	48.5	48	57	30	63	23.5	40	31.5	70	40.5	68	63.5	43.5	47.5	51.5	29.5	42	65	53.5	15.5	31	59.5	52.5	32.5	53	50	65	53	25.5	57.5	0	31	32	31	46.5	36.5	48.5	40	41.5	49	57	21.5	45	59	25	33	41	69.5	44	64	41	49	49	
47.5	30	24.5	20.5	42.5	44	39.5	36	40	36.5	51.5	57	41	39.5	8	53	35	42.5	29.5	48	37.5	19	53.5	18.5	43	37	19	46.5	7	53	35	47	37.5	29	34.5	18.5	41	46	62.5	17.5	1	24.5	44	28	32.5	49	42.5	34	43.5	42	29.5	28.5	34	46	51.5	56	41.5	60	60.5	60	65.5	51	42.5	40	39	55	6	44	33	45.5	33	21	59.5	37.5	59	46	39	52	34.5	49	40.5	59	29.5	57	52.5	54.5	38.5	40.5	40.5	31	54	44.5	19.5	32	50.5	61.5	28.5	44	39	54	42	34.5	48.5	31	0	41	40	37.5	45.5	37.5	29	30.5	40	46	32.5	56	50	34	44	30	60.5	33	53	50	60	38	
68.5	21	45.5	36.5	63.5	65	5.5	57	61	57.5	12.5	34	40	76.5	33	26	16	8.5	45.5	83	58.5	60	92.5	39.5	64	64	40	67.5	48	12	26	8	58.5	20	55.5	39.5	0	35	93.5	38.5	42	45.5	65	49	53.5	70	38.5	47	37.5	23	50.5	49.5	57	75	84.5	77	39.5	21	81.5	31	86.5	22	28.5	41	30	26	47	37	54	66.5	54	42	96.5	58.5	20	67	20	73	46.5	10	16.5	80	50.5	78	73.5	31.5	67.5	61.5	40.5	52	75	81.5	25.5	49	85.5	22.5	52.5	67	60	75	63	20.5	77.5	32	41	0	21	68.5	11.5	58.5	50	51.5	71	67	46.5	23	81	15	37	51	85.5	54	74	9	31	59	
67.5	20	44.5	35.5	62.5	64	19.5	56	60	56.5	31.5	37	19	59.5	32	33	5	22.5	44.5	68	57.5	41	73.5	38.5	63	57	39	66.5	47	33	25	27	57.5	19	54.5	38.5	21	26	82.5	37.5	41	44.5	64	48	52.5	69	27.5	34	23.5	2	49.5	48.5	54	66	71.5	76	36.5	40	80.5	40	85.5	31	27.5	30	29	35	46	16	53	65.5	53	41	79.5	57.5	39	66	1	72	29.5	29	20.5	79	49.5	77	72.5	34.5	58.5	60.5	35.5	51	74	64.5	24.5	42	70.5	41.5	43.5	64	59	74	62	19.5	68.5	31	40	21	0	57.5	25.5	57.5	49	50.5	60	66	27.5	36	70	6	34	50	80.5	53	73	30	40	58	
50	57.5	33	42	25	46.5	67	26.5	42.5	11	71	54.5	38.5	12	39.5	50.5	62.5	70	33	20.5	10	18.5	26	39	29.5	14.5	36.5	49	30.5	64.5	52.5	74.5	40	56.5	33	39	68.5	43.5	35	40	36.5	33	28.5	29.5	35	33.5	40	31.5	41	55.5	28	31	21.5	18.5	24	36.5	39	67.5	47	57.5	42	56.5	50	37.5	48.5	52.5	31.5	41.5	24.5	22	24.5	28.5	32	40	56.5	26.5	58.5	50.5	32	76.5	62	33.5	28	35.5	55	52	1	27	38	26.5	48.5	17	47	29.5	23	61	26	16.5	41.5	48.5	44.5	58	21	46.5	37.5	68.5	57.5	0	67	30	31.5	27	12.5	48.5	30	53.5	22.5	61.5	41.5	32.5	33	35.5	49.5	67.5	57.5	19.5	
73	25.5	50	41	68	69.5	6	61.5	65.5	62	22	31.5	30.5	69	37.5	27.5	20.5	3	50	77.5	63	50.5	83	44	68.5	66.5	44.5	72	52.5	23.5	30.5	17.5	63	24.5	60	44	11.5	25.5	92	43	46.5	50	69.5	53.5	58	74.5	37	43.5	28	27.5	55	54	61.5	75.5	81	81.5	44	30.5	86	34.5	91	26.5	33	39.5	34.5	30.5	51.5	33.5	58.5	71	58.5	46.5	89	63	31.5	71.5	24.5	77.5	39	19.5	21	84.5	55	82.5	78	29	68	66	45	56.5	79.5	74	30	51.5	80	32	53	71.5	64.5	79.5	67.5	25	78	36.5	45.5	11.5	25.5	67	0	63	54.5	56	69.5	71.5	37	30.5	79.5	19.5	41.5	55.5	90	58.5	78.5	20.5	34.5	63.5	
30	47.5	27	38	5	26.5	57	23.5	22.5	29	69	74.5	58.5	18	29.5	70.5	52.5	60	47	30.5	30	38.5	36	31	25.5	34.5	26.5	29	44.5	70.5	52.5	64.5	20	46.5	3	31	58.5	63.5	45	30	38.5	37	26.5	25.5	5	31.5	60	51.5	61	59.5	42	9	41.5	28.5	34	38.5	59	77.5	43	77.5	48	68.5	60	57.5	56.5	72.5	43.5	61.5	40.5	8	40.5	18.5	42	20	76.5	28.5	56.5	34.5	52	66.5	58	41.5	32	39.5	35	72	31	3	58	38.5	36.5	27	37	49.5	33	79	46	31.5	21.5	36.5	24.5	52	31	48.5	37.5	58.5	57.5	30	63	0	16.5	33	27.5	28.5	50	73.5	32.5	51.5	61.5	17.5	43	15.5	35.5	67.5	77.5	35.5	
26.5	39	18.5	29.5	21.5	23	48.5	7	19	20.5	60.5	78	62	30.5	21	74	44	51.5	38.5	39	21.5	42	44.5	22.5	22	32	18	25.5	36	62	44	56	16.5	38	13.5	22.5	50	67	51.5	21.5	30	28.5	23	17	11.5	28	61.5	55	64.5	51	33.5	7.5	35	33	42.5	35	52.5	69	39.5	79	44.5	60	51.5	59	48	64	35	65	32	24.5	32	10	50.5	16.5	70	25	48	31	55.5	58	49.5	38	23.5	36	31.5	75.5	30.5	19.5	53.5	30	33	35.5	28.5	47	41.5	70.5	45.5	17	18	33	21	43.5	35.5	40	29	50	49	31.5	54.5	16.5	0	24.5	21	25	53.5	73	39	43	55	1	43.5	12	32	59	79	27	
43	40.5	6	31	38	39.5	50	31.5	35.5	32	62	61.5	45.5	29	22.5	57.5	45.5	53	40	37.5	33	25.5	43	24	38.5	26.5	19.5	42	37.5	63.5	45.5	57.5	33	39.5	30	24	51.5	50.5	52	23	31.5	30	39.5	23.5	28	44.5	47	38.5	48	52.5	35	24	28.5	35.5	41	51.5	46	70.5	56	64.5	59	61.5	53	44.5	49.5	59.5	36.5	48.5	31.5	39	31.5	16.5	49	33	63.5	41.5	49.5	47.5	39	59.5	51	50.5	1	52.5	48	59	28	36	45	31.5	49.5	34	30	36.5	40	68	33	33.5	34.5	49.5	37.5	45	38	41.5	30.5	51.5	50.5	27	56	33	24.5	0	29.5	41.5	37	60.5	39.5	44.5	48.5	25.5	50	28.5	48.5	60.5	64.5	31.5	
47.5	60	35.5	44.5	22.5	44	69.5	14	40	23.5	73.5	57	41	9.5	42	53	65	72.5	35.5	18	22.5	21	23.5	41.5	27	17	39	46.5	33	67	55	77	37.5	59	30.5	41.5	71	46	32.5	42.5	39	35.5	26	32	32.5	31	42.5	34	43.5	58	30.5	28.5	24	16	21.5	34	41.5	70	44.5	60	39.5	59	52.5	40	51	55	34	44	27	19.5	27	31	29.5	37.5	59	24	61	48	34.5	79	64.5	31	30.5	33	52.5	54.5	13.5	24.5	40.5	29	46	14.5	49.5	32	20.5	63.5	28.5	4	39	46	42	60.5	18.5	49	40	71	60	12.5	69.5	27.5	21	29.5	0	46	32.5	56	20	64	44	20	30.5	33	47	70	60	22	
3.5	56	35.5	46.5	33.5	10	65.5	32	16	37.5	77.5	99	85	46.5	38	93	61	68.5	55.5	38	38.5	65	32.5	39.5	29	49	35	7.5	53	79	61	73	18.5	55	25.5	39.5	67	90	28.5	38.5	47	45.5	30	34	23.5	25	78.5	72	87.5	68	50.5	19.5	52	40	34.5	22	69.5	86	16.5	96	21.5	77	68.5	76	65	81	52	82	49	36.5	49	27	31.5	18.5	87	32	65	6	76.5	75	66.5	25	40.5	23	8.5	96.5	47.5	31.5	70.5	47	8	41.5	45.5	64	35.5	87.5	62.5	42	15	8	8	60.5	37.5	57	46	67	66	48.5	71.5	28.5	25	41.5	46	0	76.5	90	36	60	72	26	25.5	19	7	76	96	44	
80	27.5	43	32	45	68.5	43	46.5	62.5	41	41	24.5	8.5	32	40.5	20.5	32.5	40	23	40.5	40	13.5	46	39	49.5	29.5	43.5	71	25.5	34.5	22.5	50.5	60	28.5	53	39	46.5	13.5	55	40	31.5	33	48.5	44.5	55	53.5	10	6.5	11	25.5	28	59	26.5	38.5	44	56.5	9	37.5	67	27.5	62	26.5	20	7.5	18.5	22.5	26.5	11.5	29.5	42	29.5	51.5	52	60	26.5	46.5	28.5	70.5	2	48.5	32	53.5	38	55.5	75	22	31	47	8	31.5	68.5	37	33	14.5	43	31	16	36.5	63.5	68.5	70.5	28	41	21.5	32.5	46.5	27.5	30	37	50	53.5	37	32.5	76.5	0	23.5	42.5	33.5	11.5	52.5	53	59.5	69.5	37.5	27.5	34.5	
91.5	44	66.5	55.5	68.5	88	28.5	70	84	64.5	29.5	13	17	55.5	56	3	39	31.5	46.5	64	63.5	37	69.5	62.5	73	53	63	90.5	49	11	41	31	81.5	43	76.5	62.5	23	12	78.5	61.5	55	56.5	72	68	76.5	77	23.5	30	14.5	34	51.5	72.5	50	62	67.5	80	32.5	26	90.5	16	85.5	25	33.5	26	37	21	50	20	53	65.5	53	65	75.5	81.5	3	70	37	94	25.5	33	35.5	77	61.5	79	96.5	10.5	54.5	70.5	31.5	55	92	60.5	48.5	38	66.5	19.5	39.5	60	83	92	86	41.5	64.5	45	56	23	36	53.5	30.5	73.5	73	60.5	56	90	23.5	0	66	38	30	74	76.5	77	93	14	16	58	
37.5	70	45.5	54.5	27.5	34	79.5	34	20	33.5	83.5	67	51	14.5	52	63	75	82.5	45.5	2	32.5	31	13.5	51.5	27	27	49	36.5	43	77	65	87	32.5	69	35.5	51.5	81	56	22.5	52.5	49	45.5	26	42	37.5	11	52.5	44	53.5	68	40.5	33.5	34	16	11.5	24	51.5	80	34.5	70	29.5	69	62.5	50	61	65	44	54	37	24.5	37	41	19.5	32.5	69	24	71	38	44.5	89	74.5	21	40.5	23	42.5	64.5	23.5	29.5	50.5	39	36	9.5	59.5	42	10.5	73.5	38.5	24	21	36	32	70.5	13.5	59	50	81	70	22.5	79.5	32.5	39	39.5	20	36	42.5	66	0	74	54	40	20.5	33	37	80	70	32	
61.5	14	38.5	29.5	56.5	58	13.5	50	54	50.5	25.5	43	25	65.5	26	39	1	16.5	38.5	74	51.5	47	79.5	32.5	57	57	33	60.5	41	27	19	21	51.5	13	48.5	32.5	15	32	86.5	31.5	35	38.5	58	42	46.5	63	31.5	40	29.5	8	43.5	42.5	50	68	77.5	70	32.5	34	74.5	44	79.5	25	21.5	34	23	29	40	22	47	59.5	47	35	85.5	51.5	35	60	5	66	35.5	23	14.5	73	43.5	71	66.5	40.5	60.5	54.5	33.5	45	68	70.5	18.5	42	76.5	35.5	45.5	60	53	68	56	13.5	70.5	25	34	15	6	61.5	19.5	51.5	43	44.5	64	60	33.5	38	74	0	30	44	78.5	47	67	24	44	52	
73.5	16	50.5	41.5	56.5	70	35.5	58	66	52.5	47.5	31	15	43.5	38	27	31	38.5	34.5	52	51.5	25	57.5	44.5	61	41	45	72.5	37	41	11	43	63.5	17	60.5	44.5	37	20	66.5	43.5	43	44.5	60	54	58.5	65	16.5	18	17.5	32	39.5	54.5	38	50	55.5	68	20.5	44	78.5	34	73.5	33	26.5	4	7	29	38	18	41	53.5	41	47	63.5	63.5	33	58	35	78	13.5	45	36.5	65	49.5	67	78.5	28.5	42.5	58.5	19.5	43	80	48.5	30.5	26	54.5	37.5	27.5	48	65	80	68	30.5	52.5	33	44	37	34	41.5	41.5	61.5	55	48.5	44	72	11.5	30	54	30	0	56	64.5	59	79	44	34	46	
27.5	40	19.5	30.5	22.5	24	49.5	6	20	21.5	61.5	77	61	29.5	22	73	45	52.5	39.5	38	22.5	41	43.5	23.5	23	33	19	26.5	37	63	45	57	17.5	39	14.5	23.5	51	66	52.5	22.5	31	29.5	24	18	12.5	29	62.5	54	63.5	52	34.5	8.5	36	34	41.5	36	53.5	70	40.5	80	45.5	61	52.5	60	49	65	36	64	33	25.5	33	11	49.5	17.5	71	26	49	32	54.5	59	50.5	39	24.5	37	32.5	74.5	31.5	20.5	54.5	31	34	34.5	29.5	48	40.5	71.5	46.5	16	19	34	22	44.5	36.5	41	30	51	50	32.5	55.5	17.5	1	25.5	20	26	52.5	74	40	44	56	0	44.5	13	33	60	80	28	
27	74.5	54	65	38	28.5	84	44.5	34.5	44	94	77.5	61.5	25	56.5	73.5	79.5	87	56	18.5	43	41.5	7	58	37.5	37.5	53.5	18	53.5	87.5	75.5	91.5	37	73.5	44	58	85.5	66.5	18	57	59.5	56	36.5	52.5	42	31.5	63	54.5	64	78.5	51	38	44.5	26.5	17	24.5	62	90.5	30	80.5	25	79.5	73	60.5	71.5	75.5	54.5	64.5	47.5	35	47.5	45.5	15	37	79.5	34.5	81.5	31.5	55	93.5	85	21.5	51	23.5	32	75	34	40	61	49.5	31.5	20	64	52.5	16	84	49	34.5	33.5	31.5	26.5	79	24	69.5	60.5	85.5	80.5	33	90	43	43.5	50	30.5	25.5	53	76.5	20.5	78.5	64.5	44.5	0	37.5	32.5	90.5	80.5	42.5	
20.5	43	22.5	33.5	20.5	17	52.5	19	13	24.5	64.5	84	68	31.5	25	80	48	55.5	42.5	35	25.5	48	40.5	26.5	10	36	22	19.5	40	66	48	60	10.5	42	12.5	26.5	54	73	45.5	25.5	34	32.5	11	21	10.5	22	65.5	59	70.5	55	37.5	6.5	39	21	36.5	29	56.5	73	33.5	83	38.5	64	55.5	63	52	68	39	69	36	23.5	36	14	46.5	10.5	74	13	52	25	61.5	62	53.5	32	27.5	30	25.5	81.5	34.5	18.5	57.5	34	27	31.5	32.5	51	37.5	74.5	49.5	29	12	27	15	47.5	29.5	44	33	54	53	35.5	58.5	15.5	12	28.5	33	19	59.5	77	33	47	59	13	37.5	0	26	63	83	31	
10.5	63	42.5	53.5	40.5	17	72.5	39	23	44.5	84.5	94	78	41.5	45	90	68	75.5	62.5	35	45.5	58	25.5	46.5	36	54	42	14.5	60	86	68	80	25.5	62	32.5	46.5	74	83	29.5	45.5	54	52.5	37	41	30.5	32	79.5	71	80.5	75	57.5	26.5	59	43	33.5	29	76.5	93	23.5	97	28.5	84	75.5	77	72	88	59	81	56	43.5	56	34	26.5	25.5	94	39	72	1	71.5	82	73.5	32	47.5	30	15.5	91.5	50.5	38.5	77.5	54	1	36.5	52.5	69	32.5	94.5	65.5	49	22	1	15	67.5	40.5	64	53	74	73	49.5	78.5	35.5	32	48.5	47	7	69.5	93	37	67	79	33	32.5	26	0	83	97	51	
77.5	30	54.5	45.5	72.5	74	14.5	66	70	66.5	21.5	27	31	69.5	42	17	25	17.5	54.5	78	67.5	51	83.5	48.5	73	67	49	76.5	57	3	35	17	67.5	29	64.5	48.5	9	26	92.5	47.5	51	54.5	74	58	62.5	79	37.5	44	28.5	32	59.5	58.5	64	76	81.5	86	46.5	30	90.5	30	95.5	31	37.5	40	39	35	56	34	63	75.5	63	51	89.5	67.5	11	76	29	82	39.5	19	25.5	89	59.5	87	82.5	24.5	68.5	70.5	45.5	61	84	74.5	34.5	52	80.5	31.5	53.5	74	69	84	72	29.5	78.5	41	50	9	30	67.5	20.5	67.5	59	60.5	70	76	37.5	14	80	24	44	60	90.5	63	83	0	30	68	
97.5	50	70.5	59.5	72.5	94	34.5	74	90	68.5	28.5	3	21	59.5	62	13	45	37.5	50.5	68	67.5	41	73.5	66.5	77	57	69	96.5	53	27	45	23	87.5	49	80.5	66.5	31	16	82.5	67.5	59	60.5	76	72	82.5	81	27.5	34	18.5	38	55.5	78.5	54	66	71.5	84	36.5	10	94.5	0	89.5	29	37.5	30	41	25	54	24	57	69.5	57	71	79.5	87.5	19	74	41	98	29.5	21	39.5	81	65.5	83	102.5	9.5	58.5	74.5	35.5	59	96	64.5	54.5	42	70.5	18.5	43.5	64	89	96	92	45.5	68.5	49	60	31	40	57.5	34.5	77.5	79	64.5	60	96	27.5	16	70	44	34	80	80.5	83	97	30	0	62	
45.5	48	27.5	38.5	34.5	42	57.5	34	38	30.5	69.5	59	43	21.5	30	55	53	60.5	37.5	30	29.5	23	35.5	31.5	39	5	27	44.5	35	69	53	65	35.5	47	32.5	31.5	59	48	44.5	30.5	39	37.5	38	10	30.5	43	44.5	36	45.5	60	32.5	26.5	26	28	33.5	46	43.5	72	56.5	62	51.5	61	54.5	42	53	57	36	46	29	31.5	29	17	41.5	35.5	61	36	57	50	36.5	67	58.5	43	32.5	45	50.5	56.5	20.5	36.5	42.5	31	52	26.5	37.5	34	32.5	65.5	30.5	26	37	52	40	52.5	30.5	49	38	59	58	19.5	63.5	35.5	27	31.5	22	44	34.5	58	32	52	46	28	42.5	31	51	68	62	0	
