Number of items: 125
Horizon: 9
Time limit: 1000
Load limit: 7500
Initial item inventory level
102
246
41
46
106
93
51
141
204
138
182
24
86
30
28
198
104
201
42
74
154
210
162
219
106
40
49
249
69
105
120
64
25
68
31
90
156
30
51
261
64
86
70
135
81
122
144
60
178
93
171
96
216
182
108
276
258
111
90
48
198
59
98
66
40
83
192
80
106
123
29
102
85
88
45
22
156
144
57
234
194
45
128
49
99
105
100
52
76
120
264
84
138
10
82
297
90
276
77
120
32
72
56
94
138
117
270
180
116
90
222
42
42
106
276
31
62
112
91
237
141
146
90
148
46
Maximum inventory capacity per item
136
328
82
92
159
186
68
188
272
207
273
48
172
60
42
264
156
268
63
111
231
280
243
292
159
80
98
332
138
140
180
96
50
102
62
120
208
45
68
348
128
129
140
180
108
183
192
120
267
124
228
192
288
273
144
368
344
148
135
72
264
118
196
132
60
166
256
120
159
164
58
136
170
132
60
44
208
216
114
312
291
60
192
98
132
140
150
78
114
160
352
168
184
20
164
396
120
368
154
160
48
144
112
188
207
156
360
240
174
120
296
63
63
159
368
62
93
168
182
316
188
219
120
222
69
Reserve storage replenishment rate per item and per period
204	0	0	204	0	0	204	0	0	
492	0	0	492	0	0	492	0	0	
246	0	0	246	0	0	246	0	0	
276	0	0	276	0	0	276	0	0	
318	0	0	318	0	0	318	0	0	
558	0	0	558	0	0	558	0	0	
102	0	0	102	0	0	102	0	0	
282	0	0	282	0	0	282	0	0	
408	0	0	408	0	0	408	0	0	
414	0	0	414	0	0	414	0	0	
546	0	0	546	0	0	546	0	0	
144	0	0	144	0	0	144	0	0	
516	0	0	516	0	0	516	0	0	
180	0	0	180	0	0	180	0	0	
84	0	0	84	0	0	84	0	0	
396	0	0	396	0	0	396	0	0	
312	0	0	312	0	0	312	0	0	
402	0	0	402	0	0	402	0	0	
126	0	0	126	0	0	126	0	0	
222	0	0	222	0	0	222	0	0	
462	0	0	462	0	0	462	0	0	
420	0	0	420	0	0	420	0	0	
486	0	0	486	0	0	486	0	0	
438	0	0	438	0	0	438	0	0	
318	0	0	318	0	0	318	0	0	
240	0	0	240	0	0	240	0	0	
294	0	0	294	0	0	294	0	0	
498	0	0	498	0	0	498	0	0	
414	0	0	414	0	0	414	0	0	
210	0	0	210	0	0	210	0	0	
360	0	0	360	0	0	360	0	0	
192	0	0	192	0	0	192	0	0	
150	0	0	150	0	0	150	0	0	
204	0	0	204	0	0	204	0	0	
186	0	0	186	0	0	186	0	0	
180	0	0	180	0	0	180	0	0	
312	0	0	312	0	0	312	0	0	
90	0	0	90	0	0	90	0	0	
102	0	0	102	0	0	102	0	0	
522	0	0	522	0	0	522	0	0	
384	0	0	384	0	0	384	0	0	
258	0	0	258	0	0	258	0	0	
420	0	0	420	0	0	420	0	0	
270	0	0	270	0	0	270	0	0	
162	0	0	162	0	0	162	0	0	
366	0	0	366	0	0	366	0	0	
288	0	0	288	0	0	288	0	0	
360	0	0	360	0	0	360	0	0	
534	0	0	534	0	0	534	0	0	
186	0	0	186	0	0	186	0	0	
342	0	0	342	0	0	342	0	0	
576	0	0	576	0	0	576	0	0	
432	0	0	432	0	0	432	0	0	
546	0	0	546	0	0	546	0	0	
216	0	0	216	0	0	216	0	0	
552	0	0	552	0	0	552	0	0	
516	0	0	516	0	0	516	0	0	
222	0	0	222	0	0	222	0	0	
270	0	0	270	0	0	270	0	0	
144	0	0	144	0	0	144	0	0	
396	0	0	396	0	0	396	0	0	
354	0	0	354	0	0	354	0	0	
588	0	0	588	0	0	588	0	0	
396	0	0	396	0	0	396	0	0	
120	0	0	120	0	0	120	0	0	
498	0	0	498	0	0	498	0	0	
384	0	0	384	0	0	384	0	0	
240	0	0	240	0	0	240	0	0	
318	0	0	318	0	0	318	0	0	
246	0	0	246	0	0	246	0	0	
174	0	0	174	0	0	174	0	0	
204	0	0	204	0	0	204	0	0	
510	0	0	510	0	0	510	0	0	
264	0	0	264	0	0	264	0	0	
90	0	0	90	0	0	90	0	0	
132	0	0	132	0	0	132	0	0	
312	0	0	312	0	0	312	0	0	
432	0	0	432	0	0	432	0	0	
342	0	0	342	0	0	342	0	0	
468	0	0	468	0	0	468	0	0	
582	0	0	582	0	0	582	0	0	
90	0	0	90	0	0	90	0	0	
384	0	0	384	0	0	384	0	0	
294	0	0	294	0	0	294	0	0	
198	0	0	198	0	0	198	0	0	
210	0	0	210	0	0	210	0	0	
300	0	0	300	0	0	300	0	0	
156	0	0	156	0	0	156	0	0	
228	0	0	228	0	0	228	0	0	
240	0	0	240	0	0	240	0	0	
528	0	0	528	0	0	528	0	0	
504	0	0	504	0	0	504	0	0	
276	0	0	276	0	0	276	0	0	
60	0	0	60	0	0	60	0	0	
492	0	0	492	0	0	492	0	0	
594	0	0	594	0	0	594	0	0	
180	0	0	180	0	0	180	0	0	
552	0	0	552	0	0	552	0	0	
462	0	0	462	0	0	462	0	0	
240	0	0	240	0	0	240	0	0	
96	0	0	96	0	0	96	0	0	
432	0	0	432	0	0	432	0	0	
336	0	0	336	0	0	336	0	0	
564	0	0	564	0	0	564	0	0	
414	0	0	414	0	0	414	0	0	
234	0	0	234	0	0	234	0	0	
540	0	0	540	0	0	540	0	0	
360	0	0	360	0	0	360	0	0	
348	0	0	348	0	0	348	0	0	
180	0	0	180	0	0	180	0	0	
444	0	0	444	0	0	444	0	0	
126	0	0	126	0	0	126	0	0	
126	0	0	126	0	0	126	0	0	
318	0	0	318	0	0	318	0	0	
552	0	0	552	0	0	552	0	0	
186	0	0	186	0	0	186	0	0	
186	0	0	186	0	0	186	0	0	
336	0	0	336	0	0	336	0	0	
546	0	0	546	0	0	546	0	0	
474	0	0	474	0	0	474	0	0	
282	0	0	282	0	0	282	0	0	
438	0	0	438	0	0	438	0	0	
180	0	0	180	0	0	180	0	0	
444	0	0	444	0	0	444	0	0	
138	0	0	138	0	0	138	0	0	
Forward storage demand rate per item and per period
34	34	19	50	48	44	40	29	19	
82	89	136	115	152	88	82	99	77	
41	40	57	51	63	57	35	15	8	
46	13	42	53	37	25	5	52	31	
53	60	31	42	53	46	67	92	64	
93	77	76	44	108	52	28	121	97	
17	16	26	28	12	25	11	12	10	
47	43	55	51	66	32	27	40	74	
68	61	72	132	26	12	99	71	67	
69	66	108	112	26	34	41	95	34	
91	111	93	67	41	102	150	74	101	
24	29	13	27	22	42	16	27	15	
86	98	43	163	65	52	125	157	63	
30	20	32	36	7	24	17	42	44	
14	19	11	15	5	23	8	0	5	
66	81	58	78	81	67	26	28	98	
52	69	73	55	48	52	51	44	66	
67	64	48	51	31	75	30	115	100	
21	12	21	20	20	21	11	25	7	
37	48	9	35	22	51	47	27	68	
77	118	112	129	98	62	110	62	88	
70	68	57	31	91	34	64	2	69	
81	31	122	90	85	74	114	7	54	
73	76	110	69	15	67	45	54	87	
53	64	17	53	48	81	42	46	49	
40	44	20	40	35	34	52	25	30	
49	61	63	73	45	38	40	54	46	
83	13	80	54	64	75	70	72	152	
69	88	50	24	71	65	55	115	58	
35	17	25	15	55	15	54	42	28	
60	40	21	59	67	80	84	37	45	
32	40	50	29	15	23	51	52	46	
25	7	35	27	39	17	21	25	21	
34	56	46	58	13	21	27	58	41	
31	30	19	26	44	16	33	15	24	
30	34	34	26	50	12	40	48	42	
52	77	24	33	44	23	95	69	47	
15	14	19	19	10	24	16	11	26	
17	18	9	15	25	12	17	20	7	
87	102	101	79	24	113	92	112	93	
64	40	62	93	58	41	37	50	19	
43	18	33	40	38	45	22	18	46	
70	78	29	78	38	111	60	78	82	
45	57	47	55	80	21	46	23	43	
27	20	8	52	9	31	24	37	41	
61	66	22	81	107	95	63	83	97	
48	72	30	59	45	26	56	47	48	
60	40	77	97	50	44	81	79	87	
89	97	80	34	130	129	32	108	109	
31	48	50	27	25	42	4	10	25	
57	59	60	65	61	67	55	94	43	
96	91	102	111	115	124	86	76	65	
72	100	74	114	82	75	101	93	79	
91	67	68	57	27	124	75	131	130	
36	45	20	53	0	61	30	21	43	
92	92	113	84	57	140	86	73	147	
86	78	122	91	141	104	56	90	86	
37	18	39	58	66	37	29	33	31	
45	9	26	34	51	75	29	18	10	
24	14	24	19	23	41	20	29	25	
66	97	61	51	90	109	31	78	37	
59	87	51	12	46	47	43	51	28	
98	101	69	97	55	93	109	171	67	
66	95	19	66	71	59	57	40	90	
20	4	11	36	35	32	18	26	8	
83	102	55	76	76	127	131	88	79	
64	71	86	119	73	57	35	85	52	
40	41	54	29	17	64	49	43	25	
53	13	64	54	75	63	40	67	56	
41	64	16	40	61	14	34	47	71	
29	13	20	36	30	28	27	32	40	
34	29	35	12	42	21	38	23	45	
85	75	57	126	5	11	58	122	63	
44	29	49	29	65	27	52	19	26	
15	13	23	27	4	8	26	18	10	
22	13	20	37	17	23	5	29	25	
52	65	34	59	81	68	77	99	54	
72	104	77	57	88	39	81	62	70	
57	26	37	74	24	57	83	57	49	
78	109	76	96	58	80	145	48	145	
97	75	80	91	46	21	152	94	74	
15	20	4	7	17	5	17	20	12	
64	29	51	67	54	69	102	39	79	
49	41	38	56	61	79	70	20	51	
33	51	24	39	11	15	29	26	36	
35	53	24	38	35	44	44	45	31	
50	39	31	21	69	34	6	77	35	
26	21	34	36	27	39	48	11	19	
38	41	12	52	45	38	32	14	51	
40	33	56	49	12	50	39	46	32	
88	66	87	63	147	121	81	150	142	
84	119	96	69	101	68	23	91	69	
46	30	52	40	37	50	83	55	9	
10	4	11	5	5	11	14	16	6	
82	69	29	44	102	72	48	75	106	
99	110	138	13	75	25	29	35	40	
30	20	40	16	30	39	24	49	45	
92	79	108	43	63	73	48	52	161	
77	55	28	100	23	50	121	100	115	
40	59	41	37	45	25	33	53	28	
16	9	4	21	20	5	11	6	12	
72	115	71	76	28	41	134	105	62	
56	7	51	33	53	82	10	37	2	
94	131	39	83	13	90	104	104	77	
69	60	88	126	94	105	50	84	53	
39	53	35	32	26	46	42	46	55	
90	49	44	63	90	138	55	59	45	
60	18	66	46	80	75	25	76	15	
58	14	31	31	42	76	37	12	71	
30	38	47	29	42	26	29	32	24	
74	107	67	31	47	93	106	72	68	
21	25	29	19	28	35	30	16	17	
21	23	25	14	14	17	13	11	34	
53	53	70	66	32	34	48	52	35	
92	127	68	70	90	44	76	51	124	
31	28	43	44	26	32	23	51	31	
31	55	32	42	18	53	41	32	48	
56	35	52	64	94	12	14	55	29	
91	93	82	85	121	90	56	93	72	
79	51	117	42	57	22	36	78	68	
47	40	40	49	66	62	59	3	41	
73	100	95	25	12	121	93	128	57	
30	41	26	27	29	35	12	37	31	
74	45	96	56	82	70	66	94	31	
23	21	36	12	28	31	19	22	23	
Distance matrix
0	25	88	79.5	36.5	34.5	61	91.5	18.5	62	27.5	35.5	35.5	78.5	23	12.5	23	18.5	71	52.5	99.5	21.5	48.5	58.5	76	33.5	10	34.5	80	48	74	79.5	31	51	83	77.5	74.5	62	37	93.5	19	56	63	58.5	86.5	76.5	55	52	85	41.5	72	39.5	39	38	60.5	67	35.5	45.5	70	45.5	59.5	40	17.5	85.5	84	29.5	27.5	28	38.5	34	27	64.5	47.5	73	48.5	64.5	60	76.5	39	72	18.5	54	69	6	19.5	60	47.5	91.5	38	22.5	54	44.5	61.5	71.5	85	75	22	58	33	46	59.5	35.5	68	33	63.5	56.5	12	92	67	61.5	76.5	92	73.5	51	75	66.5	56.5	46	39.5	65	50.5	73	28	91	90.5	45	
25	0	77	60.5	31.5	30.5	56	86.5	18.5	57	22.5	30.5	30.5	61.5	18	32.5	28	38.5	66	47.5	80.5	41.5	41.5	51.5	59	28.5	25	30.5	75	43	51	74.5	34	46	72	72.5	69.5	53	32	76.5	44	51	58	53.5	73.5	63.5	40	47	80	36.5	67	34.5	34	33	55.5	62	29.5	40.5	65	40.5	54.5	25	17.5	80.5	61	35.5	22.5	33	26.5	29	22	59.5	32.5	68	43.5	55.5	45	71.5	14	67	18.5	49	64	21	29.5	45	22.5	78.5	27	42.5	49	35.5	56.5	66.5	80	70	43	47	32	41	50.5	29.5	63	28	56.5	43.5	17	83	62	56.5	71.5	83	68.5	34	60	61.5	43.5	41	34.5	60	39.5	68	3	74	69.5	40	
88	77	0	22.5	59.5	67.5	41	25.5	81.5	40	70.5	66.5	66.5	23.5	71	89.5	79	83.5	29	49.5	17.5	80.5	53.5	43.5	26	56.5	88	67.5	22	54	28	22.5	71	51	19	24.5	32.5	40	65	13.5	83	44	39	31.5	15.5	25.5	47	40	3	60.5	30	62.5	57	64	33.5	21	66.5	48.5	32	56.5	42.5	62	80.5	31.5	18	72.5	70.5	74	63.5	62	75	37.5	54.5	31	41.5	37.5	42	25.5	63	30	81.5	48	33	84	82.5	42	54.5	15.5	64	79.5	48	57.5	40.5	30.5	3	13	80	44	69	56	42.5	66.5	20	61	38.5	45.5	80	20	21	40.5	30.5	20	31.5	51	27	35.5	45.5	56	62.5	37	51.5	15	74	3	11.5	53	
79.5	60.5	22.5	0	49	51	24.5	34	67	23.5	58	50	50	1	62.5	73	62.5	67	45.5	33	26	64	37	27	9.5	48	75.5	51	20.5	37.5	11.5	26	54.5	34.5	17.5	18	41	23.5	48.5	22	66.5	29.5	27.5	33	19	3	30.5	31.5	25.5	44	18.5	46	46.5	47.5	35	41.5	50	40	20.5	40	20	45.5	68	40	6.5	56	58	57.5	47	51.5	58.5	31	38	47.5	33	21	25.5	19	46.5	46.5	67	31.5	16.5	75.5	66	25.5	38	24	47.5	63	31.5	41	24	8	25.5	35.5	63.5	27.5	52.5	39.5	26	50	42.5	52.5	22	29	71.5	28.5	41.5	18	39	28.5	42	34.5	10.5	19	29	39.5	46	20.5	35	37.5	57.5	19.5	15	40.5	
36.5	31.5	59.5	49	0	46	32.5	63	30	33.5	19	17	37	50	19.5	44	39.5	50	42.5	24	69	53	30	30	47.5	3	36.5	54	51.5	24.5	39.5	51	57.5	22.5	54.5	49	46	33.5	33.5	65	55.5	27.5	34.5	30	58	48	31.5	23.5	56.5	33	43.5	3	10.5	34.5	32	38.5	47	17	41.5	9	31	48.5	29	57	49.5	51	19	44.5	50	10.5	23.5	36	39	44.5	20	36	31.5	48	45.5	43.5	30	25.5	40.5	32.5	41	31.5	41	63	50.5	54	25.5	36	33	43	56.5	46.5	58.5	29.5	55.5	17.5	31	53	39.5	9.5	35	20	28.5	63.5	38.5	33	48	63.5	45	37.5	46.5	38	20	17.5	3	36.5	32	44.5	34.5	62.5	58	16.5	
34.5	30.5	67.5	51	46	0	64.5	79	16	63.5	37	45	25	52	32.5	38	27.5	32	80.5	58	71	29	32	42	49.5	43	34.5	16	65.5	37.5	41.5	71	19.5	54.5	62.5	63	84	43.5	28.5	67	31.5	65.5	72.5	68	64	54	30.5	61.5	70.5	29	63.5	49	48.5	27.5	70	76.5	1	55	65.5	45	69	10.5	17	85	51.5	21	37	22.5	4	43.5	36.5	74	23	82.5	58	46	35.5	64	16.5	81.5	16	61.5	56.5	30.5	31	35.5	13	69	12.5	28	51.5	26	59	59	70.5	80.5	28.5	37.5	17.5	49.5	41	15	77.5	42.5	47	34	26.5	73.5	76.5	69	84	73.5	83	24.5	50.5	54	34	49.5	49	50.5	30	82.5	27.5	64.5	60	54.5	
61	56	41	24.5	32.5	64.5	0	52.5	54.5	1	43.5	41.5	61.5	25.5	44	68.5	64	74.5	32	28.5	44.5	77.5	50.5	40.5	15	29.5	61	64.5	39	49	25	40.5	68	32	36	36.5	35.5	37	58	40.5	80	5	24	19.5	37.5	27.5	44	9	44	57.5	33	35.5	30	59	21.5	28	63.5	21.5	31	41.5	20.5	59	53.5	46.5	25	69.5	43.5	69	60.5	35	48	25.5	51.5	34	14.5	34.5	39	37.5	60	33	54.5	25	8	57	65.5	39	51.5	42.5	61	76.5	35	54.5	27.5	32.5	44	36	77	41	66	37	39.5	63.5	29	34	35.5	42.5	53	47	28	22.5	37.5	47	34.5	48	14	32.5	42.5	37	35.5	34	48.5	34	59	38	33.5	26	
91.5	86.5	25.5	34	63	79	52.5	0	85	51.5	74	72	78	35	74.5	99	90.5	95	22.5	59	8	92	65	55	37.5	60	91.5	79	33.5	65.5	39.5	34	82.5	62.5	30.5	36	31	51.5	76.5	20	94.5	47.5	44.5	35	27	37	58.5	43.5	28.5	72	41.5	66	60.5	75.5	37	28.5	78	52	43.5	68	46	73.5	84	6	29.5	84	74	85.5	75	65.5	78.5	41	66	24.5	45	49	53.5	37	74.5	23.5	85	55.5	44.5	87.5	94	53.5	66	22	75.5	91	59.5	69	52	42	28.5	36.5	91.5	55.5	80.5	67.5	54	78	29.5	64.5	50	57	83.5	21.5	28.5	48	33	21.5	30	62.5	38.5	47	57	67.5	66	48.5	63	34.5	85.5	22.5	23	56.5	
18.5	18.5	81.5	67	30	16	54.5	85	0	55.5	21	29	29	68	16.5	26	21.5	32	64.5	46	87	35	42	52	65.5	27	18.5	32	73.5	41.5	57.5	73	35.5	44.5	76.5	71	68	55.5	30.5	83	37.5	49.5	56.5	52	80	70	46.5	45.5	78.5	35	65.5	33	32.5	31.5	54	60.5	17	39	63.5	39	53	26.5	1	79	67.5	33	21	26.5	20	27.5	20.5	58	39	66.5	42	58	51.5	70	32.5	65.5	0	47.5	62.5	14.5	23	51.5	29	85	28.5	36	47.5	38	55	65	78.5	68.5	40.5	51.5	33.5	39.5	53	31	61.5	26.5	57	50	10.5	85.5	60.5	55	70	85.5	67	40.5	66.5	60	50	39.5	33	58.5	44	66.5	21.5	80.5	76	38.5	
62	57	40	23.5	33.5	63.5	1	51.5	55.5	0	44.5	42.5	62.5	24.5	45	69.5	65	75.5	33	29.5	43.5	76.5	49.5	39.5	14	30.5	62	63.5	38	50	24	41.5	67	33	35	35.5	36.5	36	59	39.5	79	6	25	20.5	36.5	26.5	43	10	43	56.5	34	36.5	31	60	22.5	29	62.5	22.5	32	42.5	21.5	58	54.5	47.5	24	68.5	44.5	70	59.5	36	49	26.5	50.5	35	15.5	33.5	38	36.5	59	34	55.5	26	7	58	66.5	38	50.5	41.5	60	75.5	36	53.5	28.5	31.5	43	37	76	40	65	38	38.5	62.5	30	35	34.5	41.5	54	46	29	23.5	38.5	46	35.5	47	13	31.5	41.5	38	36.5	33	47.5	35	60	37	32.5	27	
27.5	22.5	70.5	58	19	37	43.5	74	21	44.5	0	18	28	59	10.5	35	30.5	41	53.5	35	78	44	31	41	56.5	16	27.5	43	62.5	30.5	48.5	62	46.5	33.5	65.5	60	57	44.5	24.5	74	46.5	38.5	45.5	41	69	59	37.5	34.5	67.5	14	54.5	22	21.5	25.5	43	49.5	38	28	52.5	28	42	37.5	20	68	58.5	42	0	35.5	39	16.5	14.5	47	20	55.5	31	47	42.5	59	36.5	54.5	21	36.5	51.5	23.5	32	42.5	30	74	39.5	45	36.5	17	44	54	67.5	57.5	49.5	40.5	44.5	28.5	42	42	50.5	15.5	46	39	19.5	74.5	49.5	44	59	74.5	56	31.5	57.5	49	39	28.5	22	47.5	33	55.5	25.5	71.5	67	27.5	
35.5	30.5	66.5	50	17	45	41.5	72	29	42.5	18	0	36	51	18.5	43	38.5	49	51.5	33	70	52	13	39	48.5	14	35.5	45	60.5	28.5	40.5	60	48.5	31.5	61.5	58	55	42.5	32.5	66	54.5	36.5	43.5	39	63	53	29.5	32.5	65.5	32	52.5	20	19.5	33.5	41	47.5	44	26	50.5	26	40	39.5	28	66	50.5	50	18	43.5	41	14.5	22.5	45	32	53.5	29	45	34.5	57	40.5	52.5	29	34.5	49.5	31.5	40	34.5	32	68	41.5	53	34.5	35	42	52	65.5	55.5	57.5	36.5	46.5	26.5	40	44	48.5	13.5	44	33	27.5	72.5	47.5	42	57	72.5	54	28.5	49.5	47	33	26.5	20	45.5	15	53.5	33.5	63.5	59	25.5	
35.5	30.5	66.5	50	37	25	61.5	78	29	62.5	28	36	0	51	23.5	43	36.5	41	71.5	53	70	38	31	41	48.5	34	35.5	25	64.5	36.5	40.5	70	28.5	51.5	61.5	62	75	42.5	27.5	66	40.5	56.5	63.5	59	63	53	29.5	52.5	69.5	28	62.5	40	39.5	26.5	61	67.5	24	46	64.5	44	60	19.5	28	84	50.5	30	28	31.5	21	34.5	27.5	65	22	73.5	49	45	34.5	63	20.5	72.5	29	54.5	55.5	31.5	40	34.5	12	68	21.5	37	50.5	25	58	58	69.5	75.5	37.5	36.5	26.5	46.5	40	24	68.5	33.5	46	33	27.5	72.5	67.5	62	77	72.5	74	23.5	49.5	53	33	46.5	40	49.5	29	73.5	31.5	63.5	59	45.5	
78.5	61.5	23.5	1	50	52	25.5	35	68	24.5	59	51	51	0	61.5	74	63.5	68	44.5	34	27	65	38	28	10.5	47	76.5	52	21.5	38.5	12.5	27	55.5	35.5	18.5	19	42	24.5	49.5	23	67.5	30.5	28.5	32	20	2	31.5	30.5	26.5	45	19.5	47	47.5	48.5	34	40.5	51	39	21.5	41	19	46.5	69	41	7.5	57	59	58.5	48	52.5	59.5	32	39	46.5	32	22	26.5	20	47.5	45.5	68	32.5	17.5	74.5	67	26.5	39	25	48.5	64	32.5	42	25	7	26.5	36.5	64.5	28.5	53.5	40.5	27	51	41.5	51.5	23	30	70.5	29.5	40.5	17	40	29.5	43	35.5	11.5	20	30	40.5	47	21.5	36	38.5	58.5	20.5	16	41.5	
23	18	71	62.5	19.5	32.5	44	74.5	16.5	45	10.5	18.5	23.5	61.5	0	30.5	26	36.5	54	35.5	82.5	39.5	31.5	41.5	59	16.5	23	42.5	63	31	53	62.5	44	34	66	60.5	57.5	45	14	76.5	42	39	46	41.5	69.5	59.5	38	35	68	24.5	55	22.5	22	15	43.5	50	33.5	28.5	53	28.5	42.5	37	15.5	68.5	63	37.5	10.5	31	36.5	17	4	47.5	30.5	56	31.5	47.5	43	59.5	32	55	16.5	37	52	19	27.5	43	29.5	74.5	39	40.5	37	27.5	44.5	54.5	68	58	45	41	44	29	42.5	41.5	51	16	46.5	39.5	15	75	50	44.5	59.5	75	56.5	34	58	49.5	39.5	29	22.5	48	33.5	56	21	74	71.5	28	
12.5	32.5	89.5	73	44	38	68.5	99	26	69.5	35	43	43	74	30.5	0	30.5	6	78.5	60	93	9	54	64	71.5	41	17.5	28	87.5	55.5	63.5	87	26.5	58.5	84.5	85	82	65.5	44.5	89	31.5	63.5	70.5	66	86	76	52.5	59.5	92.5	49	79.5	47	46.5	45.5	68	74.5	37	53	77.5	53	67	27.5	25	93	73.5	33	35	35.5	34	41.5	34.5	72	45	80.5	56	68	57.5	84	38.5	79.5	26	61.5	76.5	13.5	27	57.5	35	91	29.5	10	61.5	48	69	79	92.5	82.5	30.5	59.5	24.5	53.5	63	27	75.5	40.5	69	56	19.5	95.5	74.5	69	84	95.5	81	46.5	72.5	74	56	53.5	47	72.5	52	80.5	35.5	86.5	82	52.5	
23	28	79	62.5	39.5	27.5	64	90.5	21.5	65	30.5	38.5	36.5	63.5	26	30.5	0	36.5	74	55.5	82.5	35.5	43.5	53.5	61	36.5	23	22.5	77	49	53	82.5	26	54	74	74.5	77.5	55	40	78.5	38	59	66	61.5	75.5	65.5	42	55	82	40.5	75	42.5	42	39	63.5	70	26.5	48.5	73	48.5	62.5	17	20.5	88.5	63	27.5	30.5	5	23.5	37	30	67.5	34.5	76	51.5	57.5	47	75.5	28	75	21.5	57	68	19	27.5	47	24.5	80.5	15	34.5	57	37.5	64.5	70.5	82	78	35	49	24	49	52.5	21.5	71	36	58.5	45.5	11	85	70	64.5	79.5	85	76.5	36	62	65.5	45.5	49	42.5	62	41.5	76	31	76	71.5	48	
18.5	38.5	83.5	67	50	32	74.5	95	32	75.5	41	49	41	68	36.5	6	36.5	0	84.5	66	87	3	48	58	65.5	47	23.5	22	81.5	53.5	57.5	87	20.5	64.5	78.5	79	88	59.5	44.5	83	27.5	69.5	76.5	72	80	70	46.5	65.5	86.5	45	79.5	53	52.5	43.5	74	80.5	31	59	81.5	59	73	21.5	31	99	67.5	27	41	33.5	28	47.5	40.5	78	39	86.5	62	62	51.5	80	32.5	85.5	32	67.5	72.5	19.5	33	51.5	29	85	23.5	4	67.5	42	75	75	86.5	88.5	24.5	53.5	18.5	59.5	57	21	81.5	46.5	63	50	25.5	89.5	80.5	75	90	89.5	87	40.5	66.5	70	50	59.5	53	66.5	46	86.5	41.5	80.5	76	58.5	
71	66	29	45.5	42.5	80.5	32	22.5	64.5	33	53.5	51.5	71.5	44.5	54	78.5	74	84.5	0	38.5	30.5	87.5	64.5	54.5	47	39.5	71	90.5	31	59	55	25.5	92	42	34	33.5	10.5	53	68	29.5	90	27	24	14.5	32.5	42.5	66	23	26	67.5	33	45.5	40	69	16.5	8	81.5	31.5	31	51.5	25.5	89	63.5	16.5	45	85.5	53.5	79	84.5	45	58	20.5	73.5	2	24.5	50.5	61	32.5	80	1	64.5	35	40	67	75.5	61	81.5	27.5	89	88.5	45	70.5	37.5	37.5	26	16	93	59	94	47	55.5	91.5	9	44	49.5	62.5	63	21	8	27.5	12.5	21	9.5	72	46	42.5	62.5	47	45.5	46	66.5	14	69	32	36.5	36	
52.5	47.5	49.5	33	24	58	28.5	59	46	29.5	35	33	53	34	35.5	60	55.5	66	38.5	0	53	69	44	34	31.5	21	52.5	58	47.5	40.5	23.5	47	61.5	23.5	44.5	45	42	30.5	49.5	49	71.5	23.5	30.5	26	46	36	37.5	19.5	52.5	49	39.5	27	21.5	50.5	28	34.5	57	7	37.5	33	27	52.5	45	53	33.5	63	35	60.5	54	26.5	39.5	32	45	40.5	16	12	32.5	44	53.5	39.5	46	21.5	36.5	48.5	57	32.5	45	51	54.5	70	26.5	48	29	39	52.5	42.5	70.5	34.5	59.5	28.5	33	57	35.5	25.5	11	36	44.5	55.5	34.5	29	44	55.5	41	41.5	32.5	34	36	28.5	27	32.5	42	40.5	50.5	46.5	42	17.5	
99.5	80.5	17.5	26	69	71	44.5	8	87	43.5	78	70	70	27	82.5	93	82.5	87	30.5	53	0	84	57	47	29.5	68	95.5	71	25.5	57.5	31.5	26	74.5	54.5	22.5	28	31	43.5	68.5	12	86.5	49.5	42.5	43	19	29	50.5	51.5	20.5	64	33.5	66	66.5	67.5	45	36.5	70	60	35.5	60	46	65.5	88	14	21.5	76	78	77.5	67	71.5	78.5	41	58	32.5	53	41	45.5	29	66.5	31.5	87	51.5	36.5	95.5	86	45.5	58	14	67.5	83	51.5	61	44	34	20.5	30.5	83.5	47.5	72.5	59.5	46	70	37.5	72.5	42	49	91.5	13.5	36.5	44	29	13.5	32	54.5	30.5	39	49	59.5	66	40.5	55	32.5	77.5	14.5	15	60.5	
21.5	41.5	80.5	64	53	29	77.5	92	35	76.5	44	52	38	65	39.5	9	35.5	3	87.5	69	84	0	45	55	62.5	50	26.5	19	78.5	50.5	54.5	84	17.5	67.5	75.5	76	91	56.5	41.5	80	24.5	72.5	79.5	75	77	67	43.5	68.5	83.5	42	76.5	56	55.5	40.5	77	83.5	28	62	78.5	58	76	18.5	34	98	64.5	24	44	30.5	25	50.5	43.5	81	36	89.5	65	59	48.5	77	29.5	88.5	35	70.5	69.5	22.5	34	48.5	26	82	20.5	1	64.5	39	72	72	83.5	91.5	21.5	50.5	15.5	62.5	54	18	84.5	49.5	60	47	28.5	86.5	83.5	78	93	86.5	90	37.5	63.5	67	47	62.5	56	63.5	43	89.5	40.5	77.5	73	61.5	
48.5	41.5	53.5	37	30	32	50.5	65	42	49.5	31	13	31	38	31.5	54	43.5	48	64.5	44	57	45	0	28	35.5	27	48.5	32	51.5	23.5	27.5	57	35.5	40.5	48.5	49	68	29.5	29.5	53	47.5	49.5	56.5	52	50	40	16.5	45.5	56.5	25	49.5	33	32.5	28.5	54	60.5	31	39	51.5	31	53	26.5	41	71	37.5	37	31	38.5	28	27.5	35.5	58	19	66.5	42	32	21.5	50	27.5	65.5	42	47.5	42.5	44.5	47	21.5	19	55	28.5	44	37.5	22	45	45	56.5	66.5	44.5	23.5	33.5	35.5	27	31	61.5	26.5	33	20	40.5	59.5	60.5	55	70	59.5	67	15.5	36.5	40	20	35.5	33	36.5	2	66.5	38.5	50.5	46	38.5	
58.5	51.5	43.5	27	30	42	40.5	55	52	39.5	41	39	41	28	41.5	64	53.5	58	54.5	34	47	55	28	0	25.5	27	58.5	42	41.5	28.5	17.5	47	45.5	30.5	38.5	39	58	19.5	39.5	43	57.5	39.5	46.5	42	40	30	21.5	35.5	46.5	35	39.5	33	27.5	38.5	44	50.5	41	29	41.5	31	43	36.5	51	61	27.5	47	41	48.5	38	32.5	45.5	48	29	56.5	32	22	16.5	40	37.5	55.5	52	37.5	32.5	54.5	57	16.5	29	45	38.5	54	27.5	32	35	35	46.5	56.5	54.5	18.5	43.5	30.5	1	41	51.5	31.5	23	20	50.5	49.5	50.5	45	60	49.5	57	25.5	26.5	30	20	30.5	33	26.5	26	56.5	48.5	40.5	36	28.5	
76	59	26	9.5	47.5	49.5	15	37.5	65.5	14	56.5	48.5	48.5	10.5	59	71.5	61	65.5	47	31.5	29.5	62.5	35.5	25.5	0	44.5	74	49.5	24	36	10	29.5	53	33	21	21.5	44.5	22	47	25.5	65	20	31	34.5	22.5	12.5	29	24	29	42.5	22	44.5	45	46	36.5	43	48.5	36.5	24	38.5	29.5	44	66.5	43.5	10	54.5	56.5	56	45.5	50	57	34.5	36.5	49	29.5	19.5	24	22.5	45	48	65.5	30	7	72	64.5	24	36.5	27.5	46	61.5	30	39.5	22.5	17.5	29	39	62	26	51	38	24.5	48.5	44	49	20.5	27.5	68	32	43	27.5	42.5	32	45.5	33	1	17.5	27.5	38	44.5	19	33.5	41	56	23	18.5	39	
33.5	28.5	56.5	48	3	43	29.5	60	27	30.5	16	14	34	47	16.5	41	36.5	47	39.5	21	68	50	27	27	44.5	0	33.5	53	48.5	21.5	42.5	48	54.5	19.5	51.5	46	43	30.5	30.5	62	52.5	24.5	31.5	27	55	45	28.5	20.5	53.5	30	40.5	6	7.5	31.5	29	35.5	44	14	38.5	12	28	51.5	26	54	52.5	48	16	41.5	47	7.5	20.5	33	36	41.5	17	33	28.5	45	42.5	40.5	27	22.5	37.5	29.5	38	28.5	44	60	51.5	51	22.5	33	30	40	53.5	43.5	55.5	26.5	56.5	14.5	28	54	36.5	6.5	32	23	25.5	60.5	35.5	30	45	60.5	42	34.5	43.5	35	23	14.5	6	33.5	29	41.5	31.5	59.5	59	13.5	
10	25	88	75.5	36.5	34.5	61	91.5	18.5	62	27.5	35.5	35.5	76.5	23	17.5	23	23.5	71	52.5	95.5	26.5	48.5	58.5	74	33.5	0	30.5	80	48	66	79.5	21	51	83	77.5	74.5	62	37	91.5	29	56	63	58.5	86.5	76.5	55	52	85	41.5	72	39.5	39	38	60.5	67	35.5	45.5	70	45.5	59.5	30	17.5	85.5	76	29.5	27.5	28	36.5	34	27	64.5	47.5	73	48.5	64.5	60	76.5	39	72	18.5	54	69	4	19.5	60	37.5	91.5	32	27.5	54	44.5	61.5	71.5	85	75	32	58	23	46	59.5	29.5	68	33	63.5	56.5	12	92	67	61.5	76.5	92	73.5	49	75	66.5	56.5	46	39.5	65	50.5	73	28	89	84.5	45	
34.5	30.5	67.5	51	54	16	64.5	79	32	63.5	43	45	25	52	42.5	28	22.5	22	90.5	58	71	19	32	42	49.5	53	30.5	0	65.5	37.5	41.5	71	9.5	54.5	62.5	63	86	43.5	28.5	67	21.5	69.5	72.5	78	64	54	30.5	71.5	70.5	29	63.5	51	56.5	27.5	80	86.5	15	65	65.5	45	71	5.5	33	85	51.5	5	43	17.5	12	51.5	38.5	76	23	92.5	68	46	35.5	64	16.5	91.5	32	61.5	56.5	30.5	15	35.5	13	69	7.5	18	51.5	26	59	59	70.5	80.5	18.5	37.5	7.5	49.5	41	1	87.5	52.5	47	34	31.5	73.5	86.5	69	84	73.5	87	24.5	50.5	54	34	49.5	51	50.5	30	82.5	27.5	64.5	60	60.5	
80	75	22	20.5	51.5	65.5	39	33.5	73.5	38	62.5	60.5	64.5	21.5	63	87.5	77	81.5	31	47.5	25.5	78.5	51.5	41.5	24	48.5	80	65.5	0	52	26	25.5	69	49	3	22.5	34.5	38	63	21.5	81	36	33	23.5	18.5	23.5	45	32	25	58.5	28	54.5	49	62	25.5	27	64.5	40.5	30	54.5	34.5	60	72.5	39.5	16	70.5	62.5	72	61.5	54	67	29.5	52.5	33	33.5	35.5	40	23.5	61	32	73.5	44	31	76	80.5	40	52.5	23.5	62	77.5	46	55.5	38.5	28.5	25	35	78	42	67	54	40.5	64.5	28	53	36.5	43.5	72	28	27	36.5	36.5	28	33.5	49	25	33.5	43.5	54	54.5	35	49.5	33	72	19	14.5	45	
48	43	54	37.5	24.5	37.5	49	65.5	41.5	50	30.5	28.5	36.5	38.5	31	55.5	49	53.5	59	40.5	57.5	50.5	23.5	28.5	36	21.5	48	37.5	52	0	28	57.5	41	39	49	49.5	62.5	30	35	53.5	53	44	51	46.5	50.5	40.5	7	40	57	30.5	50	27.5	27	34	48.5	55	36.5	33.5	52	31.5	47.5	32	40.5	71.5	38	42.5	30.5	44	33.5	14	35	52.5	24.5	61	36.5	32.5	22	50.5	33	60	41.5	42	43	44	52.5	22	24.5	55.5	34	49.5	38	27.5	45.5	45.5	57	63	50	24	39	34	27.5	36.5	56	15	33.5	20.5	40	60	55	49.5	64.5	60	61.5	21	37	40.5	20.5	34	27.5	37	21.5	61	44	51	46.5	33	
74	51	28	11.5	39.5	41.5	25	39.5	57.5	24	48.5	40.5	40.5	12.5	53	63.5	53	57.5	55	23.5	31.5	54.5	27.5	17.5	10	42.5	66	41.5	26	28	0	31.5	45	25	23	23.5	46.5	14	39	27.5	57	30	33	42.5	24.5	14.5	21	34	31	34.5	24	36.5	37	38	40.5	49	40.5	30.5	26	30.5	31.5	36	58.5	45.5	12	46.5	48.5	48	37.5	42	49	36.5	28.5	53	32.5	11.5	16	24.5	37	54	57.5	20	17	70	56.5	16	28.5	29.5	38	53.5	22	31.5	19.5	19.5	31	41	54	18	43	30	16.5	40.5	48	43	12.5	19.5	64	34	49	29.5	44.5	34	47.5	25	11	14.5	19.5	30	36.5	9	25.5	43	48	25	20.5	31	
79.5	74.5	22.5	26	51	71	40.5	34	73	41.5	62	60	70	27	62.5	87	82.5	87	25.5	47	26	84	57	47	29.5	48	79.5	71	25.5	57.5	31.5	0	74.5	50.5	22.5	28	29	43.5	68.5	22	86.5	35.5	32.5	23	7	29	50.5	31.5	25.5	64	33.5	54	48.5	67.5	25	21.5	70	40	35.5	60	34	65.5	72	40	21.5	76	62	77.5	67	53.5	66.5	29	58	27.5	33	41	45.5	29	66.5	26.5	73	43.5	36.5	75.5	84	45.5	58	24	67.5	83	51.5	61	44	34	25.5	29.5	83.5	47.5	72.5	55.5	46	70	22.5	52.5	42	49	71.5	28.5	21.5	36	31	28.5	28	54.5	30.5	39	49	55.5	54	40.5	55	27.5	77.5	19.5	11	44.5	
31	34	71	54.5	57.5	19.5	68	82.5	35.5	67	46.5	48.5	28.5	55.5	44	26.5	26	20.5	92	61.5	74.5	17.5	35.5	45.5	53	54.5	21	9.5	69	41	45	74.5	0	58	66	66.5	89.5	47	32	70.5	20	73	76	79.5	67.5	57.5	34	73	74	32.5	67	54.5	60	31	81.5	88	18.5	66.5	69	48.5	74.5	9	36.5	88.5	55	14.5	46.5	21	15.5	55	42	79.5	26.5	94	69.5	49.5	39	67.5	20	93	35.5	65	60	25	24.5	39	16.5	72.5	11	16.5	55	29.5	62.5	62.5	74	84	17	41	2	53	44.5	8.5	89	54	50.5	37.5	33	77	88	72.5	87.5	77	90.5	28	54	57.5	37.5	53	54.5	54	33.5	86	31	68	63.5	64	
51	46	51	34.5	22.5	54.5	32	62.5	44.5	33	33.5	31.5	51.5	35.5	34	58.5	54	64.5	42	23.5	54.5	67.5	40.5	30.5	33	19.5	51	54.5	49	39	25	50.5	58	0	46	46.5	45.5	11	48	50.5	70	27	34	29.5	47.5	37.5	34	23	54	47.5	43	25.5	20	49	31.5	38	53.5	16.5	41	31.5	30.5	49	43.5	56.5	35	59.5	33.5	59	50.5	25	38	35.5	41.5	44	19.5	29.5	29	47.5	50	43	44.5	25	40	47	55.5	29	41.5	52.5	51	66.5	3	44.5	32.5	42.5	54	46	67	31	56	27	29.5	53.5	39	24	30.5	32.5	43	57	38	32.5	47.5	57	44.5	38	34	37.5	32.5	27	25.5	34	38.5	44	49	48	43.5	6	
83	72	19	17.5	54.5	62.5	36	30.5	76.5	35	65.5	61.5	61.5	18.5	66	84.5	74	78.5	34	44.5	22.5	75.5	48.5	38.5	21	51.5	83	62.5	3	49	23	22.5	66	46	0	19.5	37.5	35	60	18.5	78	39	34	26.5	15.5	20.5	42	35	22	55.5	25	57.5	52	59	28.5	30	61.5	43.5	27	51.5	37.5	57	75.5	36.5	13	67.5	65.5	69	58.5	57	70	32.5	49.5	36	36.5	32.5	37	20.5	58	35	76.5	43	28	79	77.5	37	49.5	20.5	59	74.5	43	52.5	35.5	25.5	22	32	75	39	64	51	37.5	61.5	31	56	33.5	40.5	75	25	30	35.5	35.5	25	36.5	46	22	30.5	40.5	51	57.5	32	46.5	34	69	16	11.5	48	
77.5	72.5	24.5	18	49	63	36.5	36	71	35.5	60	58	62	19	60.5	85	74.5	79	33.5	45	28	76	49	39	21.5	46	77.5	63	22.5	49.5	23.5	28	66.5	46.5	19.5	0	37	35.5	60.5	24	78.5	33.5	30.5	19	21	21	42.5	29.5	27.5	56	25.5	52	46.5	59.5	17	29.5	62	38	27.5	52	32	57.5	70	42	13.5	68	60	69.5	59	51.5	64.5	13	50	35.5	31	33	37.5	1	58.5	34.5	71	41.5	28.5	73.5	78	37.5	50	26	59.5	75	43.5	53	36	26	27.5	37.5	75.5	39.5	64.5	51.5	38	62	30.5	50.5	34	41	69.5	30.5	29.5	34	39	30.5	36	46.5	22.5	31	41	51.5	52	32.5	47	35.5	69.5	21.5	17	42.5	
74.5	69.5	32.5	41	46	84	35.5	31	68	36.5	57	55	75	42	57.5	82	77.5	88	10.5	42	31	91	68	58	44.5	43	74.5	86	34.5	62.5	46.5	29	89.5	45.5	37.5	37	0	56.5	71.5	19	93.5	30.5	27.5	18	34	44	65.5	26.5	29.5	71	36.5	49	43.5	72.5	20	11.5	85	35	34.5	55	29	80.5	67	25	36.5	89	57	82.5	82	48.5	61.5	24	73	12.5	28	54	60.5	36	81.5	11.5	68	38.5	43.5	70.5	79	60.5	73	17	82.5	92	48.5	74	41	41	29.5	19.5	96.5	62.5	87.5	50.5	59	85	12.5	47.5	53	64	66.5	31.5	11.5	31	2	31.5	1	69.5	45.5	46	64	50.5	49	49.5	70	17.5	72.5	29.5	30	39.5	
62	53	40	23.5	33.5	43.5	37	51.5	55.5	36	44.5	42.5	42.5	24.5	45	65.5	55	59.5	53	30.5	43.5	56.5	29.5	19.5	22	30.5	62	43.5	38	30	14	43.5	47	11	35	35.5	56.5	0	41	39.5	59	38	45	40.5	36.5	26.5	23	34	43	36.5	36	36.5	31	40	42.5	49	42.5	27.5	38	32.5	41.5	38	54.5	57.5	24	48.5	44.5	50	39.5	36	49	46.5	30.5	55	30.5	18.5	18	36.5	39	54	55.5	34	29	58	58.5	18	30.5	41.5	40	55.5	8	33.5	31.5	31.5	43	53	56	20	45	32	18.5	42.5	50	35	19.5	21.5	54	46	49	41.5	56.5	46	55.5	27	23	26.5	21.5	32	36.5	23	27.5	55	50	37	32.5	17	
37	32	65	48.5	33.5	28.5	58	76.5	30.5	59	24.5	32.5	27.5	49.5	14	44.5	40	44.5	68	49.5	68.5	41.5	29.5	39.5	47	30.5	37	28.5	63	35	39	68.5	32	48	60	60.5	71.5	41	0	64.5	44	53	60	55.5	61.5	51.5	28	49	68	26.5	61	36.5	36	1	57.5	64	27.5	42.5	63	42.5	56.5	23	29.5	82.5	49	33.5	24.5	35	24.5	31	10	61.5	20.5	70	45.5	43.5	33	61.5	24	69	30.5	51	54	33	41.5	33	15.5	66.5	25	40.5	49	23.5	56.5	56.5	68	72	41	35	30	43	38.5	27.5	65	30	44.5	31.5	29	71	64	58.5	73.5	71	70.5	22	48	51.5	31.5	43	36.5	48	27.5	70	35	62	57.5	42	
93.5	76.5	13.5	22	65	67	40.5	20	83	39.5	74	66	66	23	76.5	89	78.5	83	29.5	49	12	80	53	43	25.5	62	91.5	67	21.5	53.5	27.5	22	70.5	50.5	18.5	24	19	39.5	64.5	0	82.5	45.5	38.5	37	15	25	46.5	45.5	16.5	60	29.5	62	62.5	63.5	39	30.5	66	54	31.5	56	42	61.5	84	26	17.5	72	74	73.5	63	67.5	74.5	37	54	31.5	47	37	41.5	25	62.5	30.5	83	47.5	32.5	89.5	82	41.5	54	2	63.5	79	47.5	57	40	30	16.5	26.5	79.5	43.5	68.5	55.5	42	66	31.5	66.5	38	45	85.5	14.5	30.5	40	17	14.5	20	50.5	26.5	35	45	55.5	62	36.5	51	28.5	73.5	10.5	11	56.5	
19	44	83	66.5	55.5	31.5	80	94.5	37.5	79	46.5	54.5	40.5	67.5	42	31.5	38	27.5	90	71.5	86.5	24.5	47.5	57.5	65	52.5	29	21.5	81	53	57	86.5	20	70	78	78.5	93.5	59	44	82.5	0	75	82	77.5	79.5	69.5	46	71	86	44.5	79	58.5	58	43	79.5	86	30.5	64.5	81	60.5	78.5	21	36.5	100.5	67	26.5	46.5	33	27.5	53	46	83.5	38.5	92	67.5	61.5	51	79.5	32	91	37.5	73	72	25	36.5	51	28.5	84.5	23	23.5	67	41.5	74.5	74.5	86	94	3	53	18	65	56.5	20.5	87	52	62.5	49.5	31	89	86	80.5	95.5	89	92.5	40	66	69.5	49.5	65	58.5	66	45.5	92	43	80	75.5	64	
56	51	44	29.5	27.5	65.5	5	47.5	49.5	6	38.5	36.5	56.5	30.5	39	63.5	59	69.5	27	23.5	49.5	72.5	49.5	39.5	20	24.5	56	69.5	36	44	30	35.5	73	27	39	33.5	30.5	38	53	45.5	75	0	19	14.5	42.5	32.5	49	4	41	52.5	28	30.5	25	54	16.5	23	66.5	16.5	26	36.5	15.5	64	48.5	41.5	30	70.5	38.5	64	65.5	30	43	20.5	56.5	29	9.5	35.5	44	32.5	65	28	49.5	20	13	52	60.5	44	56.5	47.5	66	73.5	30	55.5	22.5	27.5	41	31	78	44	71	32	40.5	68.5	24	29	34.5	47.5	48	48	23	17.5	32.5	48	29.5	53	19	27.5	47.5	32	30.5	31	51.5	29	54	43	38.5	21	
63	58	39	27.5	34.5	72.5	24	44.5	56.5	25	45.5	43.5	63.5	28.5	46	70.5	66	76.5	24	30.5	42.5	79.5	56.5	46.5	31	31.5	63	72.5	33	51	33	32.5	76	34	34	30.5	27.5	45	60	38.5	82	19	0	11.5	35.5	30.5	52	15	38	59.5	9	37.5	32	61	13.5	20	71.5	23.5	7	43.5	17.5	67	55.5	38.5	21	77.5	45.5	71	68.5	37	50	17.5	59.5	26	16.5	42.5	47	29.5	68	25	56.5	27	32	59	67.5	47	59.5	40.5	69	80.5	37	62.5	29.5	29.5	38	28	85	49	74	39	47.5	71.5	21	36	41.5	50.5	55	45	20	19.5	29.5	45	26.5	56	32	34.5	50.5	39	37.5	38	56.5	26	61	36	31.5	28	
58.5	53.5	31.5	33	30	68	19.5	35	52	20.5	41	39	59	32	41.5	66	61.5	72	14.5	26	43	75	52	42	34.5	27	58.5	78	23.5	46.5	42.5	23	79.5	29.5	26.5	19	18	40.5	55.5	37	77.5	14.5	11.5	0	30	30	53.5	10.5	28.5	55	20.5	33	27.5	56.5	2	10.5	69	19	18.5	39	13	76.5	51	29	32.5	73	41	66.5	72	32.5	45.5	6	61	16.5	12	38	48.5	18	67.5	15.5	52	22.5	27.5	54.5	63	48.5	69	35	76.5	76	32.5	58	25	25	28.5	18.5	80.5	46.5	81.5	34.5	43	79	11.5	31.5	37	50	50.5	35.5	10.5	15	20	35.5	17	59.5	33.5	30	50	34.5	33	33.5	54	16.5	56.5	34.5	34	23.5	
86.5	73.5	15.5	19	58	64	37.5	27	80	36.5	69	63	63	20	69.5	86	75.5	80	32.5	46	19	77	50	40	22.5	55	86.5	64	18.5	50.5	24.5	7	67.5	47.5	15.5	21	34	36.5	61.5	15	79.5	42.5	35.5	30	0	22	43.5	38.5	18.5	57	26.5	59	55.5	60.5	32	28.5	63	47	28.5	53	39	58.5	79	33	14.5	69	69	70.5	60	60.5	71.5	34	51	34.5	40	34	38.5	22	59.5	33.5	80	44.5	29.5	82.5	79	38.5	51	17	60.5	76	44.5	54	37	27	18.5	28.5	76.5	40.5	65.5	52.5	39	63	29.5	59.5	35	42	78.5	21.5	28.5	37	32	21.5	35	47.5	23.5	32	42	52.5	59	33.5	48	30.5	70.5	12.5	4	51.5	
76.5	63.5	25.5	3	48	54	27.5	37	70	26.5	59	53	53	2	59.5	76	65.5	70	42.5	36	29	67	40	30	12.5	45	76.5	54	23.5	40.5	14.5	29	57.5	37.5	20.5	21	44	26.5	51.5	25	69.5	32.5	30.5	30	22	0	33.5	28.5	28.5	47	21.5	49	45.5	50.5	32	38.5	53	37	23.5	43	17	48.5	69	43	9.5	59	59	60.5	50	50.5	61.5	34	41	44.5	30	24	28.5	22	49.5	43.5	70	34.5	19.5	72.5	69	28.5	41	27	50.5	66	34.5	44	27	5	28.5	38.5	66.5	30.5	55.5	42.5	29	53	39.5	49.5	25	32	68.5	31.5	38.5	15	42	31.5	45	37.5	13.5	22	32	42.5	49	23.5	38	40.5	60.5	22.5	18	41.5	
55	40	47	30.5	31.5	30.5	44	58.5	46.5	43	37.5	29.5	29.5	31.5	38	52.5	42	46.5	66	37.5	50.5	43.5	16.5	21.5	29	28.5	55	30.5	45	7	21	50.5	34	34	42	42.5	65.5	23	28	46.5	46	49	52	53.5	43.5	33.5	0	47	50	23.5	43	30.5	34	27	55.5	62	29.5	40.5	45	24.5	50.5	25	47.5	64.5	31	35.5	37.5	37	26.5	21	38	55.5	17.5	68	43.5	25.5	15	43.5	26	67	46.5	41	36	51	45.5	15	17.5	48.5	27	42.5	31	20.5	38.5	38.5	50	60	43	17	32	29	20.5	29.5	63	22	26.5	13.5	47	53	62	48.5	63.5	53	66.5	14	30	33.5	13.5	29	30.5	30	14.5	62	37	44	39.5	40	
52	47	40	31.5	23.5	61.5	9	43.5	45.5	10	34.5	32.5	52.5	30.5	35	59.5	55	65.5	23	19.5	51.5	68.5	45.5	35.5	24	20.5	52	71.5	32	40	34	31.5	73	23	35	29.5	26.5	34	49	45.5	71	4	15	10.5	38.5	28.5	47	0	37	48.5	24	26.5	21	50	12.5	19	62.5	12.5	22	32.5	11.5	68	44.5	37.5	34	66.5	34.5	60	65.5	26	39	16.5	54.5	25	5.5	31.5	42	28.5	61	24	45.5	16	17	48	56.5	42	60.5	43.5	70	69.5	26	51.5	18.5	23.5	37	27	74	40	75	28	36.5	72.5	20	25	30.5	43.5	44	44	19	13.5	28.5	44	25.5	53	23	23.5	43.5	28	26.5	27	47.5	25	50	43	42.5	17	
85	80	3	25.5	56.5	70.5	44	28.5	78.5	43	67.5	65.5	69.5	26.5	68	92.5	82	86.5	26	52.5	20.5	83.5	56.5	46.5	29	53.5	85	70.5	25	57	31	25.5	74	54	22	27.5	29.5	43	68	16.5	86	41	38	28.5	18.5	28.5	50	37	0	63.5	33	59.5	54	67	30.5	18	69.5	45.5	35	59.5	39.5	65	77.5	34.5	21	75.5	67.5	77	66.5	59	72	34.5	57.5	28	38.5	40.5	45	28.5	66	27	78.5	49	36	81	85.5	45	57.5	18.5	67	82.5	51	60.5	43.5	33.5	0	10	83	47	72	59	45.5	69.5	17	58	41.5	48.5	77	23	18	41.5	31.5	23	28.5	54	30	38.5	48.5	59	59.5	40	54.5	12	77	6	14.5	50	
41.5	36.5	60.5	44	33	29	57.5	72	35	56.5	14	32	28	45	24.5	49	40.5	45	67.5	49	64	42	25	35	42.5	30	41.5	29	58.5	30.5	34.5	64	32.5	47.5	55.5	56	71	36.5	26.5	60	44.5	52.5	59.5	55	57	47	23.5	48.5	63.5	0	56.5	36	35.5	25.5	57	63.5	28	42	58.5	38	56	23.5	34	78	44.5	34	14	35.5	25	30.5	28.5	61	6	69.5	45	39	28.5	57	24.5	68.5	35	50.5	49.5	37.5	44	28.5	16	62	25.5	41	44.5	3	52	52	63.5	71.5	41.5	30.5	30.5	42.5	34	28	64.5	29.5	40	27	33.5	66.5	63.5	58	73	66.5	70	17.5	43.5	47	27	42.5	36	43.5	23	69.5	35.5	57.5	53	41.5	
72	67	30	18.5	43.5	63.5	33	41.5	65.5	34	54.5	52.5	62.5	19.5	55	79.5	75	79.5	33	39.5	33.5	76.5	49.5	39.5	22	40.5	72	63.5	28	50	24	33.5	67	43	25	25.5	36.5	36	61	29.5	79	28	9	20.5	26.5	21.5	43	24	33	56.5	0	46.5	41	60	22.5	29	62.5	32.5	2	52.5	26.5	58	64.5	47.5	12	68.5	54.5	70	59.5	46	59	26.5	50.5	35	25.5	33.5	38	26.5	59	34	65.5	36	29	68	76.5	38	50.5	31.5	60	75.5	44	53.5	36.5	26.5	33	37	76	40	65	48	38.5	62.5	30	45	34.5	41.5	64	36	29	28.5	38.5	36	35.5	47	23	31.5	41.5	48	46.5	33	47.5	35	70	27	22.5	37	
39.5	34.5	62.5	46	3	49	35.5	66	33	36.5	22	20	40	47	22.5	47	42.5	53	45.5	27	66	56	33	33	44.5	6	39.5	51	54.5	27.5	36.5	54	54.5	25.5	57.5	52	49	36.5	36.5	62	58.5	30.5	37.5	33	59	49	30.5	26.5	59.5	36	46.5	0	13.5	37.5	35	41.5	50	20	44.5	6	34	45.5	32	60	46.5	54	22	47.5	47	13.5	26.5	39	38	47.5	23	39	30.5	51	46.5	46.5	33	28.5	43.5	35.5	44	30.5	38	64	47.5	57	28.5	39	36	46	59.5	49.5	61.5	32.5	52.5	20.5	34	50	42.5	12.5	38	17	31.5	66.5	41.5	36	51	66.5	48	34.5	45.5	41	17	20.5	0	39.5	35	47.5	37.5	59.5	55	19.5	
39	34	57	46.5	10.5	48.5	30	60.5	32.5	31	21.5	19.5	39.5	47.5	22	46.5	42	52.5	40	21.5	66.5	55.5	32.5	27.5	45	7.5	39	56.5	49	27	37	48.5	60	20	52	46.5	43.5	31	36	62.5	58	25	32	27.5	55.5	45.5	34	21	54	35.5	41	13.5	0	37	29.5	36	49.5	14.5	39	19.5	28.5	51	31.5	54.5	47	53.5	21.5	47	52.5	13	26	33.5	41.5	42	17.5	33.5	21	45.5	48	41	32.5	23	38	35	43.5	21	43.5	60.5	53	56.5	23	38.5	30.5	40.5	54	44	61	19	58	7	28.5	55.5	37	12	32.5	30.5	31	61	36	30.5	45.5	61	42.5	40	44	35.5	30.5	7	13.5	34	34.5	42	37	60	55.5	14	
38	33	64	47.5	34.5	27.5	59	75.5	31.5	60	25.5	33.5	26.5	48.5	15	45.5	39	43.5	69	50.5	67.5	40.5	28.5	38.5	46	31.5	38	27.5	62	34	38	67.5	31	49	59	59.5	72.5	40	1	63.5	43	54	61	56.5	60.5	50.5	27	50	67	25.5	60	37.5	37	0	58.5	65	26.5	43.5	62	41.5	57.5	22	30.5	81.5	48	32.5	25.5	34	23.5	32	11	62.5	19.5	71	46.5	42.5	32	60.5	23	70	31.5	52	53	34	42.5	32	14.5	65.5	24	39.5	48	22.5	55.5	55.5	67	73	40	34	29	44	37.5	26.5	66	31	43.5	30.5	30	70	65	59.5	74.5	70	71.5	21	47	50.5	30.5	44	37.5	47	26.5	71	34	61	56.5	43	
60.5	55.5	33.5	35	32	70	21.5	37	54	22.5	43	41	61	34	43.5	68	63.5	74	16.5	28	45	77	54	44	36.5	29	60.5	80	25.5	48.5	40.5	25	81.5	31.5	28.5	17	20	42.5	57.5	39	79.5	16.5	13.5	2	32	32	55.5	12.5	30.5	57	22.5	35	29.5	58.5	0	12.5	71	21	20.5	41	15	74.5	53	31	30.5	75	43	68.5	74	34.5	47.5	4	63	18.5	14	40	50.5	16	69.5	17.5	54	24.5	29.5	56.5	65	50.5	67	37	76.5	78	34.5	60	27	27	30.5	20.5	82.5	48.5	81.5	36.5	45	79	13.5	33.5	39	52	52.5	37.5	12.5	17	22	37.5	19	61.5	35.5	32	52	36.5	35	35.5	56	18.5	58.5	36.5	34	25.5	
67	62	21	41.5	38.5	76.5	28	28.5	60.5	29	49.5	47.5	67.5	40.5	50	74.5	70	80.5	8	34.5	36.5	83.5	60.5	50.5	43	35.5	67	86.5	27	55	49	21.5	88	38	30	29.5	11.5	49	64	30.5	86	23	20	10.5	28.5	38.5	62	19	18	63.5	29	41.5	36	65	12.5	0	77.5	27.5	27	47.5	21.5	83	59.5	22.5	39	81.5	49.5	75	80.5	41	54	16.5	69.5	10	20.5	46.5	57	28.5	76	9	60.5	31	36	63	71.5	57	75.5	28.5	85	84.5	41	66.5	33.5	33.5	18	8	89	55	90	43	51.5	87.5	1	40	45.5	58.5	59	29	0	23.5	13.5	29	10.5	68	42	38.5	58.5	43	41.5	42	62.5	6	65	24	32.5	32	
35.5	29.5	66.5	50	47	1	63.5	78	17	62.5	38	44	24	51	33.5	37	26.5	31	81.5	57	70	28	31	41	48.5	44	35.5	15	64.5	36.5	40.5	70	18.5	53.5	61.5	62	85	42.5	27.5	66	30.5	66.5	71.5	69	63	53	29.5	62.5	69.5	28	62.5	50	49.5	26.5	71	77.5	0	56	64.5	44	70	9.5	18	84	50.5	20	38	21.5	3	44.5	37.5	75	22	83.5	59	45	34.5	63	15.5	82.5	17	60.5	55.5	31.5	30	34.5	12	68	11.5	27	50.5	25	58	58	69.5	79.5	27.5	36.5	16.5	48.5	40	14	78.5	43.5	46	33	27.5	72.5	77.5	68	83	72.5	84	23.5	49.5	53	33	48.5	50	49.5	29	81.5	26.5	63.5	59	55.5	
45.5	40.5	48.5	40	17	55	21.5	52	39	22.5	28	26	46	39	28.5	53	48.5	59	31.5	7	60	62	39	29	36.5	14	45.5	65	40.5	33.5	30.5	40	66.5	16.5	43.5	38	35	27.5	42.5	54	64.5	16.5	23.5	19	47	37	40.5	12.5	45.5	42	32.5	20	14.5	43.5	21	27.5	56	0	30.5	26	20	59.5	38	46	40.5	60	28	53.5	59	19.5	32.5	25	48	33.5	9	19	35.5	37	54.5	32.5	39	14.5	29.5	41.5	50	35.5	52	52	61.5	63	19.5	45	22	32	45.5	35.5	67.5	33.5	66.5	21.5	30	64	28.5	18.5	18	37	37.5	52.5	27.5	22	37	52.5	34	46.5	35.5	27	37	21.5	20	25.5	41	33.5	43.5	51.5	49	10.5	
70	65	32	20.5	41.5	65.5	31	43.5	63.5	32	52.5	50.5	64.5	21.5	53	77.5	73	81.5	31	37.5	35.5	78.5	51.5	41.5	24	38.5	70	65.5	30	52	26	35.5	69	41	27	27.5	34.5	38	63	31.5	81	26	7	18.5	28.5	23.5	45	22	35	58.5	2	44.5	39	62	20.5	27	64.5	30.5	0	50.5	24.5	60	62.5	45.5	14	70.5	52.5	72	61.5	44	57	24.5	52.5	33	23.5	35.5	40	28.5	61	32	63.5	34	31	66	74.5	40	52.5	33.5	62	77.5	44	55.5	36.5	28.5	35	35	78	42	67	46	40.5	64.5	28	43	36.5	43.5	62	38	27	26.5	36.5	38	33.5	49	25	33.5	43.5	46	44.5	35	49.5	33	68	29	24.5	35	
45.5	40.5	56.5	40	9	45	41.5	68	39	42.5	28	26	44	41	28.5	53	48.5	59	51.5	33	60	58	31	31	38.5	12	45.5	45	54.5	31.5	30.5	60	48.5	31.5	51.5	52	55	32.5	42.5	56	60.5	36.5	43.5	39	53	43	24.5	32.5	59.5	38	52.5	6	19.5	41.5	41	47.5	44	26	50.5	0	40	39.5	38	66	40.5	50	28	51.5	41	19.5	32.5	45	32	53.5	29	35	24.5	53	40.5	52.5	39	34.5	45.5	41.5	50	24.5	32	58	41.5	57	34.5	35	42	48	59.5	55.5	57.5	26.5	46.5	26.5	30	44	48.5	18.5	36	11	37.5	62.5	47.5	42	57	62.5	54	28.5	39.5	43	11	26.5	6	39.5	29	53.5	43.5	53.5	49	25.5	
59.5	54.5	42.5	20	31	69	20.5	46	53	21.5	42	40	60	19	42.5	67	62.5	73	25.5	27	46	76	53	43	29.5	28	59.5	71	34.5	47.5	31.5	34	74.5	30.5	37.5	32	29	41.5	56.5	42	78.5	15.5	17.5	13	39	17	50.5	11.5	39.5	56	26.5	34	28.5	57.5	15	21.5	70	20	24.5	40	0	65.5	52	40	26.5	74	42	67.5	67	33.5	46.5	19	58	27.5	13	39	45.5	31	66.5	26.5	53	23.5	28.5	55.5	64	45.5	58	44	67.5	77	33.5	59	26	12	39.5	29.5	81.5	47.5	72.5	35.5	44	70	22.5	32.5	38	49	51.5	46.5	21.5	2	31	46.5	28	54.5	30.5	31	49	35.5	34	34.5	55	27.5	57.5	39.5	35	24.5	
40	25	62	45.5	48.5	10.5	59	73.5	26.5	58	37.5	39.5	19.5	46.5	37	27.5	17	21.5	89	52.5	65.5	18.5	26.5	36.5	44	51.5	30	5.5	60	32	36	65.5	9	49	57	57.5	80.5	38	23	61.5	21	64	67	76.5	58.5	48.5	25	68	65	23.5	58	45.5	51	22	74.5	83	9.5	59.5	60	39.5	65.5	0	27.5	79.5	46	10.5	37.5	12	6.5	46	33	70.5	17.5	87	66.5	40.5	30	58.5	11	88	26.5	56	51	34	20.5	30	7.5	63.5	2	17.5	46	20.5	53.5	53.5	65	75	18	32	7	44	35.5	4.5	82	47	41.5	28.5	28	68	83	63.5	78.5	68	81.5	19	45	48.5	28.5	44	45.5	45	24.5	77	22	59	54.5	55	
17.5	17.5	80.5	68	29	17	53.5	84	1	54.5	20	28	28	69	15.5	25	20.5	31	63.5	45	88	34	41	51	66.5	26	17.5	33	72.5	40.5	58.5	72	36.5	43.5	75.5	70	67	54.5	29.5	84	36.5	48.5	55.5	51	79	69	47.5	44.5	77.5	34	64.5	32	31.5	30.5	53	59.5	18	38	62.5	38	52	27.5	0	78	68.5	32	20	25.5	21	26.5	19.5	57	40	65.5	41	57	52.5	69	31.5	64.5	1	46.5	61.5	13.5	22	52.5	30	84	29.5	35	46.5	37	54	64	77.5	67.5	39.5	50.5	34.5	38.5	52	32	60.5	25.5	56	49	9.5	84.5	59.5	54	69	84.5	66	41.5	67.5	59	49	38.5	32	57.5	43	65.5	20.5	81.5	77	37.5	
85.5	80.5	31.5	40	57	85	46.5	6	79	47.5	68	66	84	41	68.5	93	88.5	99	16.5	53	14	98	71	61	43.5	54	85.5	85	39.5	71.5	45.5	40	88.5	56.5	36.5	42	25	57.5	82.5	26	100.5	41.5	38.5	29	33	43	64.5	37.5	34.5	78	47.5	60	54.5	81.5	31	22.5	84	46	45.5	66	40	79.5	78	0	35.5	90	68	91.5	81	59.5	72.5	35	72	18.5	39	55	59.5	43	80.5	17.5	79	49.5	50.5	81.5	90	59.5	72	28	81.5	97	59.5	75	52	48	34.5	30.5	97.5	61.5	86.5	61.5	60	84	23.5	58.5	56	63	77.5	27.5	22.5	42	27	27.5	24	68.5	44.5	53	63	61.5	60	54.5	69	28.5	83.5	28.5	29	50.5	
84	61	18	6.5	49.5	51.5	25	29.5	67.5	24	58.5	50.5	50.5	7.5	63	73.5	63	67.5	45	33.5	21.5	64.5	37.5	27.5	10	52.5	76	51.5	16	38	12	21.5	55	35	13	13.5	36.5	24	49	17.5	67	30	21	32.5	14.5	9.5	31	34	21	44.5	12	46.5	47	48	30.5	39	50.5	40.5	14	40.5	26.5	46	68.5	35.5	0	56.5	58.5	58	47.5	52	59	26.5	38.5	43	37.5	21.5	26	14.5	47	44	67.5	32	17	80	66.5	26	38.5	19.5	48	63.5	32	41.5	24.5	14.5	21	31	64	28	53	40	26.5	50.5	38	53	22.5	29.5	74	24	39	24.5	34.5	24	37.5	35	11	19.5	29.5	40	46.5	21	35.5	33	58	15	10.5	41	
29.5	35.5	72.5	56	51	21	69.5	84	33	68.5	42	50	30	57	37.5	33	27.5	27	85.5	63	76	24	37	47	54.5	48	29.5	5	70.5	42.5	46.5	76	14.5	59.5	67.5	68	89	48.5	33.5	72	26.5	70.5	77.5	73	69	59	35.5	66.5	75.5	34	68.5	54	53.5	32.5	75	81.5	20	60	70.5	50	74	10.5	32	90	56.5	0	42	22.5	17	48.5	41.5	79	28	87.5	63	51	40.5	69	21.5	86.5	33	66.5	61.5	25.5	10	40.5	18	74	12.5	23	56.5	31	64	64	75.5	85.5	23.5	42.5	12.5	54.5	46	6	82.5	47.5	52	39	26.5	78.5	81.5	74	89	78.5	88	29.5	55.5	59	39	54.5	54	55.5	35	87.5	32.5	69.5	65	59.5	
27.5	22.5	70.5	58	19	37	43.5	74	21	44.5	0	18	28	59	10.5	35	30.5	41	53.5	35	78	44	31	41	56.5	16	27.5	43	62.5	30.5	48.5	62	46.5	33.5	65.5	60	57	44.5	24.5	74	46.5	38.5	45.5	41	69	59	37.5	34.5	67.5	14	54.5	22	21.5	25.5	43	49.5	38	28	52.5	28	42	37.5	20	68	58.5	42	0	35.5	39	16.5	14.5	47	20	55.5	31	47	42.5	59	36.5	54.5	21	36.5	51.5	23.5	32	42.5	30	74	39.5	45	36.5	17	44	54	67.5	57.5	49.5	40.5	44.5	28.5	42	42	50.5	15.5	46	39	19.5	74.5	49.5	44	59	74.5	56	31.5	57.5	49	39	28.5	22	47.5	33	55.5	25.5	71.5	67	27.5	
28	33	74	57.5	44.5	22.5	69	85.5	26.5	70	35.5	43.5	31.5	58.5	31	35.5	5	33.5	79	60.5	77.5	30.5	38.5	48.5	56	41.5	28	17.5	72	44	48	77.5	21	59	69	69.5	82.5	50	35	73.5	33	64	71	66.5	70.5	60.5	37	60	77	35.5	70	47.5	47	34	68.5	75	21.5	53.5	72	51.5	67.5	12	25.5	91.5	58	22.5	35.5	0	18.5	42	35	72.5	29.5	81	56.5	52.5	42	70.5	23	80	26.5	62	63	24	32.5	42	19.5	75.5	10	29.5	58	32.5	65.5	65.5	77	83	30	44	19	54	47.5	16.5	76	41	53.5	40.5	16	80	75	69.5	84.5	80	81.5	31	57	60.5	40.5	54	47.5	57	36.5	81	34	71	66.5	53	
38.5	26.5	63.5	47	50	4	60.5	75	20	59.5	39	41	21	48	36.5	34	23.5	28	84.5	54	67	25	28	38	45.5	47	36.5	12	61.5	33.5	37.5	67	15.5	50.5	58.5	59	82	39.5	24.5	63	27.5	65.5	68.5	72	60	50	26.5	65.5	66.5	25	59.5	47	52.5	23.5	74	80.5	3	59	61.5	41	67	6.5	21	81	47.5	17	39	18.5	0	47.5	34.5	72	19	86.5	62	42	31.5	60	12.5	85.5	20	57.5	52.5	34.5	27	31.5	9	65	8.5	24	47.5	22	55	55	66.5	76.5	24.5	33.5	13.5	45.5	37	11	81.5	46.5	43	30	30.5	69.5	80.5	65	80	69.5	83	20.5	46.5	50	30	45.5	47	46.5	26	78.5	23.5	60.5	56	56.5	
34	29	62	51.5	10.5	43.5	35	65.5	27.5	36	16.5	14.5	34.5	52.5	17	41.5	37	47.5	45	26.5	71.5	50.5	27.5	32.5	50	7.5	34	51.5	54	14	42	53.5	55	25	57	51.5	48.5	36	31	67.5	53	30	37	32.5	60.5	50.5	21	26	59	30.5	46	13.5	13	32	34.5	41	44.5	19.5	44	19.5	33.5	46	26.5	59.5	52	48.5	16.5	42	47.5	0	21	38.5	36.5	47	22.5	38.5	34	50.5	43	46	27.5	28	43	30	38.5	34	38.5	65.5	48	51.5	28	33.5	35.5	45.5	59	49	56	32	53	20	33.5	50.5	42	1	37.5	30.5	26	66	41	35.5	50.5	66	47.5	35	49	40.5	30.5	20	13.5	39	29.5	47	32	65	60.5	19	
27	22	75	58.5	23.5	36.5	48	78.5	20.5	49	14.5	22.5	27.5	59.5	4	34.5	30	40.5	58	39.5	78.5	43.5	35.5	45.5	57	20.5	27	38.5	67	35	49	66.5	42	38	70	64.5	61.5	49	10	74.5	46	43	50	45.5	71.5	61.5	38	39	72	28.5	59	26.5	26	11	47.5	54	37.5	32.5	57	32.5	46.5	33	19.5	72.5	59	41.5	14.5	35	34.5	21	0	51.5	30.5	60	35.5	51.5	43	63.5	34	59	20.5	41	56	23	31.5	43	25.5	76.5	35	44.5	41	31.5	48.5	58.5	72	62	49	45	40	33	46.5	37.5	55	20	50.5	41.5	19	79	54	48.5	63.5	79	60.5	32	58	53.5	41.5	33	26.5	52	37.5	60	25	72	67.5	32	
64.5	59.5	37.5	31	36	74	25.5	41	58	26.5	47	45	65	32	47.5	72	67.5	78	20.5	32	41	81	58	48	34.5	33	64.5	76	29.5	52.5	36.5	29	79.5	35.5	32.5	13	24	46.5	61.5	37	83.5	20.5	17.5	6	34	34	55.5	16.5	34.5	61	26.5	39	33.5	62.5	4	16.5	75	25	24.5	45	19	70.5	57	35	26.5	79	47	72.5	72	38.5	51.5	0	63	22.5	18	44	50.5	12	71.5	21.5	58	28.5	33.5	60.5	69	50.5	63	39	72.5	82	38.5	64	31	31	34.5	24.5	86.5	52.5	77.5	40.5	49	75	17.5	37.5	43	54	56.5	41.5	16.5	21	26	41.5	23	59.5	35.5	36	54	40.5	39	39.5	60	22.5	62.5	34.5	30	29.5	
47.5	32.5	54.5	38	39	23	51.5	66	39	50.5	20	32	22	39	30.5	45	34.5	39	73.5	45	58	36	19	29	36.5	36	47.5	23	52.5	24.5	28.5	58	26.5	41.5	49.5	50	73	30.5	20.5	54	38.5	56.5	59.5	61	51	41	17.5	54.5	57.5	6	50.5	38	41.5	19.5	63	69.5	22	48	52.5	32	58	17.5	40	72	38.5	28	20	29.5	19	36.5	30.5	63	0	75.5	51	33	22.5	51	18.5	74.5	39	48.5	43.5	43.5	38	22.5	10	56	19.5	35	38.5	3	46	46	57.5	67.5	35.5	24.5	24.5	36.5	28	22	70.5	35.5	34	21	39.5	60.5	69.5	56	71	60.5	74	11.5	37.5	41	21	36.5	38	37.5	17	69.5	29.5	51.5	47	47.5	
73	68	31	47.5	44.5	82.5	34	24.5	66.5	35	55.5	53.5	73.5	46.5	56	80.5	76	86.5	2	40.5	32.5	89.5	66.5	56.5	49	41.5	73	92.5	33	61	53	27.5	94	44	36	35.5	12.5	55	70	31.5	92	29	26	16.5	34.5	44.5	68	25	28	69.5	35	47.5	42	71	18.5	10	83.5	33.5	33	53.5	27.5	87	65.5	18.5	43	87.5	55.5	81	86.5	47	60	22.5	75.5	0	26.5	52.5	63	34.5	82	1	66.5	37	42	69	77.5	63	79.5	29.5	89	90.5	47	72.5	39.5	39.5	28	18	95	61	94	49	57.5	91.5	11	46	51.5	64.5	65	19	10	29.5	14.5	19	11.5	74	48	44.5	64.5	49	47.5	48	68.5	16	71	34	36.5	38	
48.5	43.5	41.5	33	20	58	14.5	45	42	15.5	31	29	49	32	31.5	56	51.5	62	24.5	16	53	65	42	32	29.5	17	48.5	68	33.5	36.5	32.5	33	69.5	19.5	36.5	31	28	30.5	45.5	47	67.5	9.5	16.5	12	40	30	43.5	5.5	38.5	45	25.5	23	17.5	46.5	14	20.5	59	9	23.5	29	13	66.5	41	39	37.5	63	31	56.5	62	22.5	35.5	18	51	26.5	0	28	38.5	30	57.5	25.5	42	12.5	22.5	44.5	53	38.5	59	45	66.5	66	22.5	48	13	25	38.5	28.5	70.5	36.5	71.5	24.5	33	69	21.5	21.5	27	40	40.5	45.5	20.5	15	30	45.5	27	49.5	28.5	18	40	24.5	23	23.5	44	26.5	46.5	44.5	44	13.5	
64.5	55.5	37.5	21	36	46	34.5	49	58	33.5	47	45	45	22	47.5	68	57.5	62	50.5	12	41	59	32	22	19.5	33	64.5	46	35.5	32.5	11.5	41	49.5	29.5	32.5	33	54	18.5	43.5	37	61.5	35.5	42.5	38	34	24	25.5	31.5	40.5	39	33.5	39	33.5	42.5	40	46.5	45	19	35.5	35	39	40.5	57	55	21.5	51	47	52.5	42	38.5	51.5	44	33	52.5	28	0	20.5	34	41.5	51.5	58	31.5	26.5	60.5	61	20.5	33	39	42.5	58	26.5	36	29	29	40.5	50.5	58.5	22.5	47.5	34.5	21	45	47.5	37.5	1	24	56.5	43.5	46.5	39	54	43.5	53	29.5	20.5	24	24	34.5	39	20.5	30	52.5	52.5	34.5	30	29.5	
60	45	42	25.5	31.5	35.5	39	53.5	51.5	38	42.5	34.5	34.5	26.5	43	57.5	47	51.5	61	32.5	45.5	48.5	21.5	16.5	24	28.5	60	35.5	40	22	16	45.5	39	29	37	37.5	60.5	18	33	41.5	51	44	47	48.5	38.5	28.5	15	42	45	28.5	38	30.5	21	32	50.5	57	34.5	35.5	40	24.5	45.5	30	52.5	59.5	26	40.5	42.5	42	31.5	34	43	50.5	22.5	63	38.5	20.5	0	38.5	31	62	51.5	36	31	56	50.5	0	22.5	43.5	32	47.5	26	25.5	33.5	33.5	45	55	48	2	37	14	15.5	34.5	58	33	21.5	13.5	52	48	57	43.5	58.5	48	61.5	19	25	28.5	13.5	14	30.5	25	19.5	57	42	39	34.5	35	
76.5	71.5	25.5	19	48	64	37.5	37	70	36.5	59	57	63	20	59.5	84	75.5	80	32.5	44	29	77	50	40	22.5	45	76.5	64	23.5	50.5	24.5	29	67.5	47.5	20.5	1	36	36.5	61.5	25	79.5	32.5	29.5	18	22	22	43.5	28.5	28.5	57	26.5	51	45.5	60.5	16	28.5	63	37	28.5	53	31	58.5	69	43	14.5	69	59	70.5	60	50.5	63.5	12	51	34.5	30	34	38.5	0	59.5	33.5	70	40.5	29.5	72.5	79	38.5	51	27	60.5	76	44.5	54	37	27	28.5	36.5	76.5	40.5	65.5	52.5	39	63	29.5	49.5	35	42	68.5	31.5	28.5	33	38	31.5	35	47.5	23.5	32	42	52.5	51	33.5	48	34.5	70.5	22.5	18	41.5	
39	14	63	46.5	45.5	16.5	60	74.5	32.5	59	36.5	40.5	20.5	47.5	32	38.5	28	32.5	80	53.5	66.5	29.5	27.5	37.5	45	42.5	39	16.5	61	33	37	66.5	20	50	58	58.5	81.5	39	24	62.5	32	65	68	67.5	59.5	49.5	26	61	66	24.5	59	46.5	48	23	69.5	76	15.5	54.5	61	40.5	66.5	11	31.5	80.5	47	21.5	36.5	23	12.5	43	34	71.5	18.5	82	57.5	41.5	31	59.5	0	81	32.5	57	52	35	31.5	31	8.5	64.5	13	28.5	47	21.5	54.5	54.5	66	76	29	33	18	45	36.5	15.5	77	42	42.5	29.5	31	69	76	64.5	79.5	69	82.5	20	46	49.5	29.5	45	46.5	46	25.5	78	11	60	55.5	54	
72	67	30	46.5	43.5	81.5	33	23.5	65.5	34	54.5	52.5	72.5	45.5	55	79.5	75	85.5	1	39.5	31.5	88.5	65.5	55.5	48	40.5	72	91.5	32	60	54	26.5	93	43	35	34.5	11.5	54	69	30.5	91	28	25	15.5	33.5	43.5	67	24	27	68.5	34	46.5	41	70	17.5	9	82.5	32.5	32	52.5	26.5	88	64.5	17.5	44	86.5	54.5	80	85.5	46	59	21.5	74.5	1	25.5	51.5	62	33.5	81	0	65.5	36	41	68	76.5	62	80.5	28.5	90	89.5	46	71.5	38.5	38.5	27	17	94	60	95	48	56.5	92.5	10	45	50.5	63.5	64	20	9	28.5	13.5	20	10.5	73	47	43.5	63.5	48	46.5	47	67.5	15	70	33	37.5	37	
18.5	18.5	81.5	67	30	16	54.5	85	0	55.5	21	29	29	68	16.5	26	21.5	32	64.5	46	87	35	42	52	65.5	27	18.5	32	73.5	41.5	57.5	73	35.5	44.5	76.5	71	68	55.5	30.5	83	37.5	49.5	56.5	52	80	70	46.5	45.5	78.5	35	65.5	33	32.5	31.5	54	60.5	17	39	63.5	39	53	26.5	1	79	67.5	33	21	26.5	20	27.5	20.5	58	39	66.5	42	58	51.5	70	32.5	65.5	0	47.5	62.5	14.5	23	51.5	29	85	28.5	36	47.5	38	55	65	78.5	68.5	40.5	51.5	33.5	39.5	53	31	61.5	26.5	57	50	10.5	85.5	60.5	55	70	85.5	67	40.5	66.5	60	50	39.5	33	58.5	44	66.5	21.5	80.5	76	38.5	
54	49	48	31.5	25.5	61.5	25	55.5	47.5	26	36.5	34.5	54.5	32.5	37	61.5	57	67.5	35	21.5	51.5	70.5	47.5	37.5	30	22.5	54	61.5	44	42	20	43.5	65	25	43	41.5	38.5	34	51	47.5	73	20	27	22.5	44.5	34.5	41	16	49	50.5	36	28.5	23	52	24.5	31	60.5	14.5	34	34.5	23.5	56	46.5	49.5	32	66.5	36.5	62	57.5	28	41	28.5	48.5	37	12.5	31.5	36	40.5	57	36	47.5	0	33	50	58.5	36	48.5	49.5	58	71.5	28	51.5	25.5	35.5	49	39	74	38	63	30	36.5	60.5	32	27	32.5	39.5	46	54	31	25.5	40.5	54	37.5	45	31	30.5	39.5	30	28.5	11	45.5	37	52	45	40.5	19	
69	64	33	16.5	40.5	56.5	8	44.5	62.5	7	51.5	49.5	55.5	17.5	52	76.5	68	72.5	40	36.5	36.5	69.5	42.5	32.5	7	37.5	69	56.5	31	43	17	36.5	60	40	28	28.5	43.5	29	54	32.5	72	13	32	27.5	29.5	19.5	36	17	36	49.5	29	43.5	38	53	29.5	36	55.5	29.5	31	45.5	28.5	51	61.5	50.5	17	61.5	51.5	63	52.5	43	56	33.5	43.5	42	22.5	26.5	31	29.5	52	41	62.5	33	0	65	71.5	31	43.5	34.5	53	68.5	37	46.5	29.5	24.5	36	44	69	33	58	45	31.5	55.5	37	42	27.5	34.5	61	39	36	30.5	45.5	39	42.5	40	6	24.5	34.5	45	43.5	26	40.5	42	63	30	25.5	34	
6	21	84	75.5	32.5	30.5	57	87.5	14.5	58	23.5	31.5	31.5	74.5	19	13.5	19	19.5	67	48.5	95.5	22.5	44.5	54.5	72	29.5	4	30.5	76	44	70	75.5	25	47	79	73.5	70.5	58	33	89.5	25	52	59	54.5	82.5	72.5	51	48	81	37.5	68	35.5	35	34	56.5	63	31.5	41.5	66	41.5	55.5	34	13.5	81.5	80	25.5	23.5	24	34.5	30	23	60.5	43.5	69	44.5	60.5	56	72.5	35	68	14.5	50	65	0	15.5	56	41.5	87.5	34	23.5	50	40.5	57.5	67.5	81	71	28	54	27	42	55.5	31.5	64	29	59.5	52.5	8	88	63	57.5	72.5	88	69.5	47	71	62.5	52.5	42	35.5	61	46.5	69	24	87	86.5	41	
19.5	29.5	82.5	66	41	31	65.5	94	23	66.5	32	40	40	67	27.5	27	27.5	33	75.5	57	86	34	47	57	64.5	38	19.5	15	80.5	52.5	56.5	84	24.5	55.5	77.5	78	79	58.5	41.5	82	36.5	60.5	67.5	63	79	69	45.5	56.5	85.5	44	76.5	44	43.5	42.5	65	71.5	30	50	74.5	50	64	20.5	22	90	66.5	10	32	32.5	27	38.5	31.5	69	38	77.5	53	61	50.5	79	31.5	76.5	23	58.5	71.5	15.5	0	50.5	28	84	22.5	33	58.5	41	66	74	85.5	79.5	33.5	52.5	22.5	50.5	56	16	72.5	37.5	62	49	16.5	88.5	71.5	66	81	88.5	78	39.5	65.5	69	49	50.5	44	65.5	45	77.5	32.5	79.5	75	49.5	
60	45	42	25.5	31.5	35.5	39	53.5	51.5	38	42.5	34.5	34.5	26.5	43	57.5	47	51.5	61	32.5	45.5	48.5	21.5	16.5	24	28.5	60	35.5	40	22	16	45.5	39	29	37	37.5	60.5	18	33	41.5	51	44	47	48.5	38.5	28.5	15	42	45	28.5	38	30.5	21	32	50.5	57	34.5	35.5	40	24.5	45.5	30	52.5	59.5	26	40.5	42.5	42	31.5	34	43	50.5	22.5	63	38.5	20.5	0	38.5	31	62	51.5	36	31	56	50.5	0	22.5	43.5	32	47.5	26	25.5	33.5	33.5	45	55	48	2	37	14	15.5	34.5	58	33	21.5	13.5	52	48	57	43.5	58.5	48	61.5	19	25	28.5	13.5	14	30.5	25	19.5	57	42	39	34.5	35	
47.5	22.5	54.5	38	41	13	51.5	66	29	50.5	30	32	12	39	29.5	35	24.5	29	81.5	45	58	26	19	29	36.5	44	37.5	13	52.5	24.5	28.5	58	16.5	41.5	49.5	50	73	30.5	15.5	54	28.5	56.5	59.5	69	51	41	17.5	60.5	57.5	16	50.5	38	43.5	14.5	67	75.5	12	52	52.5	32	58	7.5	30	72	38.5	18	30	19.5	9	38.5	25.5	63	10	79.5	59	33	22.5	51	8.5	80.5	29	48.5	43.5	41.5	28	22.5	0	56	9.5	25	38.5	13	46	46	57.5	67.5	25.5	24.5	14.5	36.5	28	12	74.5	39.5	34	21	35.5	60.5	75.5	56	71	60.5	74	11.5	37.5	41	21	36.5	38	37.5	17	69.5	19.5	51.5	47	47.5	
91.5	78.5	15.5	24	63	69	42.5	22	85	41.5	74	68	68	25	74.5	91	80.5	85	27.5	51	14	82	55	45	27.5	60	91.5	69	23.5	55.5	29.5	24	72.5	52.5	20.5	26	17	41.5	66.5	2	84.5	47.5	40.5	35	17	27	48.5	43.5	18.5	62	31.5	64	60.5	65.5	37	28.5	68	52	33.5	58	44	63.5	84	28	19.5	74	74	75.5	65	65.5	76.5	39	56	29.5	45	39	43.5	27	64.5	28.5	85	49.5	34.5	87.5	84	43.5	56	0	65.5	81	49.5	59	42	32	18.5	28.5	81.5	45.5	70.5	57.5	44	68	29.5	64.5	40	47	83.5	16.5	28.5	42	15	16.5	18	52.5	28.5	37	47	57.5	64	38.5	53	30.5	75.5	12.5	13	56.5	
38	27	64	47.5	50.5	12.5	61	75.5	28.5	60	39.5	41.5	21.5	48.5	39	29.5	15	23.5	89	54.5	67.5	20.5	28.5	38.5	46	51.5	32	7.5	62	34	38	67.5	11	51	59	59.5	82.5	40	25	63.5	23	66	69	76.5	60.5	50.5	27	70	67	25.5	60	47.5	53	24	76.5	85	11.5	61.5	62	41.5	67.5	2	29.5	81.5	48	12.5	39.5	10	8.5	48	35	72.5	19.5	89	66.5	42.5	32	60.5	13	90	28.5	58	53	34	22.5	32	9.5	65.5	0	19.5	48	22.5	55.5	55.5	67	77	20	34	9	46	37.5	6.5	84	49	43.5	30.5	26	70	85	65.5	80.5	70	83.5	21	47	50.5	30.5	46	47.5	47	26.5	79	24	61	56.5	57	
22.5	42.5	79.5	63	54	28	76.5	91	36	75.5	45	53	37	64	40.5	10	34.5	4	88.5	70	83	1	44	54	61.5	51	27.5	18	77.5	49.5	53.5	83	16.5	66.5	74.5	75	92	55.5	40.5	79	23.5	73.5	80.5	76	76	66	42.5	69.5	82.5	41	75.5	57	56.5	39.5	78	84.5	27	63	77.5	57	77	17.5	35	97	63.5	23	45	29.5	24	51.5	44.5	82	35	90.5	66	58	47.5	76	28.5	89.5	36	71.5	68.5	23.5	33	47.5	25	81	19.5	0	63.5	38	71	71	82.5	92.5	20.5	49.5	14.5	61.5	53	17	85.5	50.5	59	46	29.5	85.5	84.5	79	94	85.5	91	36.5	62.5	66	46	61.5	57	62.5	42	90.5	39.5	76.5	72	62.5	
54	49	48	31.5	25.5	51.5	35	59.5	47.5	36	36.5	34.5	50.5	32.5	37	61.5	57	67.5	45	26.5	51.5	64.5	37.5	27.5	30	22.5	54	51.5	46	38	22	51.5	55	3	43	43.5	48.5	8	49	47.5	67	30	37	32.5	44.5	34.5	31	26	51	44.5	44	28.5	23	48	34.5	41	50.5	19.5	44	34.5	33.5	46	46.5	59.5	32	56.5	36.5	58	47.5	28	41	38.5	38.5	47	22.5	26.5	26	44.5	47	46	47.5	28	37	50	58.5	26	38.5	49.5	48	63.5	0	41.5	35.5	39.5	51	49	64	28	53	30	26.5	50.5	42	27	27.5	29.5	46	54	41	35.5	50.5	54	47.5	35	31	34.5	29.5	30	28.5	31	35.5	47	52	45	40.5	9	
44.5	35.5	57.5	41	36	26	54.5	69	38	53.5	17	35	25	42	27.5	48	37.5	42	70.5	48	61	39	22	32	39.5	33	44.5	26	55.5	27.5	31.5	61	29.5	44.5	52.5	53	74	33.5	23.5	57	41.5	55.5	62.5	58	54	44	20.5	51.5	60.5	3	53.5	39	38.5	22.5	60	66.5	25	45	55.5	35	59	20.5	37	75	41.5	31	17	32.5	22	33.5	31.5	64	3	72.5	48	36	25.5	54	21.5	71.5	38	51.5	46.5	40.5	41	25.5	13	59	22.5	38	41.5	0	49	49	60.5	70.5	38.5	27.5	27.5	39.5	31	25	67.5	32.5	37	24	36.5	63.5	66.5	59	74	63.5	73	14.5	40.5	44	24	39.5	39	40.5	20	72.5	32.5	54.5	50	44.5	
61.5	56.5	40.5	24	33	59	27.5	52	55	28.5	44	42	58	25	44.5	69	64.5	75	37.5	29	44	72	45	35	22.5	30	61.5	59	38.5	45.5	19.5	44	62.5	32.5	35.5	36	41	31.5	56.5	40	74.5	22.5	29.5	25	37	27	38.5	18.5	43.5	52	36.5	36	30.5	55.5	27	33.5	58	22	36.5	42	26	53.5	54	52	24.5	64	44	65.5	55	35.5	48.5	31	46	39.5	13	29	33.5	37	54.5	38.5	55	25.5	29.5	57.5	66	33.5	46	42	55.5	71	35.5	49	0	32	43.5	41.5	71.5	35.5	60.5	37.5	34	58	34.5	34.5	30	37	53.5	46.5	33.5	28	43	46.5	40	42.5	23.5	5	37	37.5	36	28.5	43	39.5	59.5	37.5	33	26.5	
71.5	66.5	30.5	8	43	59	32.5	42	65	31.5	54	52	58	7	54.5	79	70.5	75	37.5	39	34	72	45	35	17.5	40	71.5	59	28.5	45.5	19.5	34	62.5	42.5	25.5	26	41	31.5	56.5	30	74.5	27.5	29.5	25	27	5	38.5	23.5	33.5	52	26.5	46	40.5	55.5	27	33.5	58	32	28.5	48	12	53.5	64	48	14.5	64	54	65.5	55	45.5	58.5	31	46	39.5	25	29	33.5	27	54.5	38.5	65	35.5	24.5	67.5	74	33.5	46	32	55.5	71	39.5	49	32	0	33.5	41.5	71.5	35.5	60.5	47.5	34	58	34.5	44.5	30	37	63.5	36.5	33.5	10	43	36.5	40	42.5	18.5	27	37	47.5	46	28.5	43	39.5	65.5	27.5	23	36.5	
85	80	3	25.5	56.5	70.5	44	28.5	78.5	43	67.5	65.5	69.5	26.5	68	92.5	82	86.5	26	52.5	20.5	83.5	56.5	46.5	29	53.5	85	70.5	25	57	31	25.5	74	54	22	27.5	29.5	43	68	16.5	86	41	38	28.5	18.5	28.5	50	37	0	63.5	33	59.5	54	67	30.5	18	69.5	45.5	35	59.5	39.5	65	77.5	34.5	21	75.5	67.5	77	66.5	59	72	34.5	57.5	28	38.5	40.5	45	28.5	66	27	78.5	49	36	81	85.5	45	57.5	18.5	67	82.5	51	60.5	43.5	33.5	0	10	83	47	72	59	45.5	69.5	17	58	41.5	48.5	77	23	18	41.5	31.5	23	28.5	54	30	38.5	48.5	59	59.5	40	54.5	12	77	6	14.5	50	
75	70	13	35.5	46.5	80.5	36	36.5	68.5	37	57.5	55.5	75.5	36.5	58	82.5	78	88.5	16	42.5	30.5	91.5	66.5	56.5	39	43.5	75	80.5	35	63	41	29.5	84	46	32	37.5	19.5	53	72	26.5	94	31	28	18.5	28.5	38.5	60	27	10	71.5	37	49.5	44	73	20.5	8	79.5	35.5	35	55.5	29.5	75	67.5	30.5	31	85.5	57.5	83	76.5	49	62	24.5	67.5	18	28.5	50.5	55	36.5	76	17	68.5	39	44	71	79.5	55	67.5	28.5	77	92.5	49	70.5	41.5	41.5	10	0	93	57	82	51	55.5	79.5	7	48	51.5	58.5	67	33	8	31.5	21.5	33	18.5	64	40	46.5	58.5	51	49.5	50	64.5	2	73	16	24.5	40	
22	43	80	63.5	58.5	28.5	77	91.5	40.5	76	49.5	57.5	37.5	64.5	45	30.5	35	24.5	93	70.5	83.5	21.5	44.5	54.5	62	55.5	32	18.5	78	50	54	83.5	17	67	75	75.5	96.5	56	41	79.5	3	78	85	80.5	76.5	66.5	43	74	83	41.5	76	61.5	61	40	82.5	89	27.5	67.5	78	57.5	81.5	18	39.5	97.5	64	23.5	49.5	30	24.5	56	49	86.5	35.5	95	70.5	58.5	48	76.5	29	94	40.5	74	69	28	33.5	48	25.5	81.5	20	20.5	64	38.5	71.5	71.5	83	93	0	50	15	62	53.5	17.5	90	55	59.5	46.5	34	86	89	81.5	96.5	86	95.5	37	63	66.5	46.5	62	61.5	63	42.5	95	40	77	72.5	67	
58	47	44	27.5	29.5	37.5	41	55.5	51.5	40	40.5	36.5	36.5	28.5	41	59.5	49	53.5	59	34.5	47.5	50.5	23.5	18.5	26	26.5	58	37.5	42	24	18	47.5	41	31	39	39.5	62.5	20	35	43.5	53	44	49	46.5	40.5	30.5	17	40	47	30.5	40	32.5	19	34	48.5	55	36.5	33.5	42	26.5	47.5	32	50.5	61.5	28	42.5	40.5	44	33.5	32	45	52.5	24.5	61	36.5	22.5	2	40.5	33	60	51.5	38	33	54	52.5	2	24.5	45.5	34	49.5	28	27.5	35.5	35.5	47	57	50	0	39	12	17.5	36.5	56	31	23.5	15.5	50	50	55	45.5	60.5	50	61.5	21	27	30.5	15.5	12	32.5	27	21.5	59	44	41	36.5	33	
33	32	69	52.5	55.5	17.5	66	80.5	33.5	65	44.5	46.5	26.5	53.5	44	24.5	24	18.5	94	59.5	72.5	15.5	33.5	43.5	51	56.5	23	7.5	67	39	43	72.5	2	56	64	64.5	87.5	45	30	68.5	18	71	74	81.5	65.5	55.5	32	75	72	30.5	65	52.5	58	29	81.5	90	16.5	66.5	67	46.5	72.5	7	34.5	86.5	53	12.5	44.5	19	13.5	53	40	77.5	24.5	94	71.5	47.5	37	65.5	18	95	33.5	63	58	27	22.5	37	14.5	70.5	9	14.5	53	27.5	60.5	60.5	72	82	15	39	0	51	42.5	6.5	89	54	48.5	35.5	35	75	90	70.5	85.5	75	88.5	26	52	55.5	35.5	51	52.5	52	31.5	84	29	66	61.5	62	
46	41	56	39.5	17.5	49.5	37	67.5	39.5	38	28.5	26.5	46.5	40.5	29	53.5	49	59.5	47	28.5	59.5	62.5	35.5	30.5	38	14.5	46	49.5	54	34	30	55.5	53	27	51	51.5	50.5	32	43	55.5	65	32	39	34.5	52.5	42.5	29	28	59	42.5	48	20.5	7	44	36.5	43	48.5	21.5	46	26.5	35.5	44	38.5	61.5	40	54.5	28.5	54	45.5	20	33	40.5	36.5	49	24.5	34.5	14	52.5	45	48	39.5	30	45	42	50.5	14	36.5	57.5	46	61.5	30	39.5	37.5	47.5	59	51	62	12	51	0	29.5	48.5	44	19	35.5	27.5	38	62	43	37.5	52.5	62	49.5	33	39	42.5	27.5	0	20.5	39	33.5	49	44	53	48.5	21	
59.5	50.5	42.5	26	31	41	39.5	54	53	38.5	42	40	40	27	42.5	63	52.5	57	55.5	33	46	54	27	1	24.5	28	59.5	41	40.5	27.5	16.5	46	44.5	29.5	37.5	38	59	18.5	38.5	42	56.5	40.5	47.5	43	39	29	20.5	36.5	45.5	34	38.5	34	28.5	37.5	45	51.5	40	30	40.5	30	44	35.5	52	60	26.5	46	42	47.5	37	33.5	46.5	49	28	57.5	33	21	15.5	39	36.5	56.5	53	36.5	31.5	55.5	56	15.5	28	44	37.5	53	26.5	31	34	34	45.5	55.5	53.5	17.5	42.5	29.5	0	40	52.5	32.5	22	19	51.5	48.5	51.5	44	59	48.5	58	24.5	25.5	29	19	29.5	34	25.5	25	57.5	47.5	39.5	35	29.5	
35.5	29.5	66.5	50	53	15	63.5	78	31	62.5	42	44	24	51	41.5	27	21.5	21	91.5	57	70	18	31	41	48.5	54	29.5	1	64.5	36.5	40.5	70	8.5	53.5	61.5	62	85	42.5	27.5	66	20.5	68.5	71.5	79	63	53	29.5	72.5	69.5	28	62.5	50	55.5	26.5	79	87.5	14	64	64.5	44	70	4.5	32	84	50.5	6	42	16.5	11	50.5	37.5	75	22	91.5	69	45	34.5	63	15.5	92.5	31	60.5	55.5	31.5	16	34.5	12	68	6.5	17	50.5	25	58	58	69.5	79.5	17.5	36.5	6.5	48.5	40	0	86.5	51.5	46	33	32.5	72.5	87.5	68	83	72.5	86	23.5	49.5	53	33	48.5	50	49.5	29	81.5	26.5	63.5	59	59.5	
68	63	20	42.5	39.5	77.5	29	29.5	61.5	30	50.5	48.5	68.5	41.5	51	75.5	71	81.5	9	35.5	37.5	84.5	61.5	51.5	44	36.5	68	87.5	28	56	48	22.5	89	39	31	30.5	12.5	50	65	31.5	87	24	21	11.5	29.5	39.5	63	20	17	64.5	30	42.5	37	66	13.5	1	78.5	28.5	28	48.5	22.5	82	60.5	23.5	38	82.5	50.5	76	81.5	42	55	17.5	70.5	11	21.5	47.5	58	29.5	77	10	61.5	32	37	64	72.5	58	74.5	29.5	84	85.5	42	67.5	34.5	34.5	17	7	90	56	89	44	52.5	86.5	0	41	46.5	59.5	60	30	1	24.5	14.5	30	11.5	69	43	39.5	59.5	44	42.5	43	63.5	5	66	23	31.5	33	
33	28	61	52.5	9.5	42.5	34	64.5	26.5	35	15.5	13.5	33.5	51.5	16	40.5	36	46.5	44	25.5	72.5	49.5	26.5	31.5	49	6.5	33	52.5	53	15	43	52.5	54	24	56	50.5	47.5	35	30	66.5	52	29	36	31.5	59.5	49.5	22	25	58	29.5	45	12.5	12	31	33.5	40	43.5	18.5	43	18.5	32.5	47	25.5	58.5	53	47.5	15.5	41	46.5	1	20	37.5	35.5	46	21.5	37.5	33	49.5	42	45	26.5	27	42	29	37.5	33	39.5	64.5	49	50.5	27	32.5	34.5	44.5	58	48	55	31	54	19	32.5	51.5	41	0	36.5	29.5	25	65	40	34.5	49.5	65	46.5	34	48	39.5	29.5	19	12.5	38	28.5	46	31	64	61.5	18	
63.5	56.5	38.5	22	35	47	35.5	50	57	34.5	46	44	46	23	46.5	69	58.5	63	49.5	11	42	60	33	23	20.5	32	63.5	47	36.5	33.5	12.5	42	50.5	30.5	33.5	34	53	19.5	44.5	38	62.5	34.5	41.5	37	35	25	26.5	30.5	41.5	40	34.5	38	32.5	43.5	39	45.5	46	18	36.5	36	38	41.5	56	56	22.5	52	46	53.5	43	37.5	50.5	43	34	51.5	27	1	21.5	35	42.5	50.5	57	32.5	27.5	59.5	62	21.5	34	40	43.5	59	27.5	37	30	30	41.5	51.5	59.5	23.5	48.5	35.5	22	46	46.5	36.5	0	25	55.5	44.5	45.5	40	55	44.5	52	30.5	21.5	25	25	35.5	38	21.5	31	51.5	53.5	35.5	31	28.5	
56.5	43.5	45.5	29	20	34	42.5	57	50	41.5	39	33	33	30	39.5	56	45.5	50	62.5	36	49	47	20	20	27.5	23	56.5	34	43.5	20.5	19.5	49	37.5	32.5	40.5	41	64	21.5	31.5	45	49.5	47.5	50.5	50	42	32	13.5	43.5	48.5	27	41.5	17	30.5	30.5	52	58.5	33	37	43.5	11	49	28.5	49	63	29.5	39	39	40.5	30	30.5	41.5	54	21	64.5	40	24	13.5	42	29.5	63.5	50	39.5	34.5	52.5	49	13.5	21	47	30.5	46	29.5	24	37	37	48.5	58.5	46.5	15.5	35.5	27.5	19	33	59.5	29.5	25	0	48.5	51.5	58.5	47	62	51.5	65	17.5	28.5	32	0	27.5	17	28.5	18	60.5	40.5	42.5	38	36.5	
12	17	80	71.5	28.5	26.5	53	83.5	10.5	54	19.5	27.5	27.5	70.5	15	19.5	11	25.5	63	44.5	91.5	28.5	40.5	50.5	68	25.5	12	31.5	72	40	64	71.5	33	43	75	69.5	66.5	54	29	85.5	31	48	55	50.5	78.5	68.5	47	44	77	33.5	64	31.5	31	30	52.5	59	27.5	37.5	62	37.5	51.5	28	9.5	77.5	74	26.5	19.5	16	30.5	26	19	56.5	39.5	65	40.5	56.5	52	68.5	31	64	10.5	46	61	8	16.5	52	35.5	83.5	26	29.5	46	36.5	53.5	63.5	77	67	34	50	35	38	51.5	32.5	60	25	55.5	48.5	0	84	59	53.5	68.5	84	65.5	43	67	58.5	48.5	38	31.5	57	42.5	65	20	83	82.5	37	
92	83	20	28.5	63.5	73.5	47	21.5	85.5	46	74.5	72.5	72.5	29.5	75	95.5	85	89.5	21	55.5	13.5	86.5	59.5	49.5	32	60.5	92	73.5	28	60	34	28.5	77	57	25	30.5	31.5	46	71	14.5	89	48	45	35.5	21.5	31.5	53	44	23	66.5	36	66.5	61	70	37.5	29	72.5	52.5	38	62.5	46.5	68	84.5	27.5	24	78.5	74.5	80	69.5	66	79	41.5	60.5	19	45.5	43.5	48	31.5	69	20	85.5	54	39	88	88.5	48	60.5	16.5	70	85.5	54	63.5	46.5	36.5	23	33	86	50	75	62	48.5	72.5	30	65	44.5	51.5	84	0	29	46.5	31.5	0	30.5	57	33	41.5	51.5	62	66.5	43	57.5	35	80	17	17.5	57	
67	62	21	41.5	38.5	76.5	28	28.5	60.5	29	49.5	47.5	67.5	40.5	50	74.5	70	80.5	8	34.5	36.5	83.5	60.5	50.5	43	35.5	67	86.5	27	55	49	21.5	88	38	30	29.5	11.5	49	64	30.5	86	23	20	10.5	28.5	38.5	62	19	18	63.5	29	41.5	36	65	12.5	0	77.5	27.5	27	47.5	21.5	83	59.5	22.5	39	81.5	49.5	75	80.5	41	54	16.5	69.5	10	20.5	46.5	57	28.5	76	9	60.5	31	36	63	71.5	57	75.5	28.5	85	84.5	41	66.5	33.5	33.5	18	8	89	55	90	43	51.5	87.5	1	40	45.5	58.5	59	29	0	23.5	13.5	29	10.5	68	42	38.5	58.5	43	41.5	42	62.5	6	65	24	32.5	32	
61.5	56.5	40.5	18	33	69	22.5	48	55	23.5	44	42	62	17	44.5	69	64.5	75	27.5	29	44	78	55	45	27.5	30	61.5	69	36.5	49.5	29.5	36	72.5	32.5	35.5	34	31	41.5	58.5	40	80.5	17.5	19.5	15	37	15	48.5	13.5	41.5	58	28.5	36	30.5	59.5	17	23.5	68	22	26.5	42	2	63.5	54	42	24.5	74	44	69.5	65	35.5	48.5	21	56	29.5	15	39	43.5	33	64.5	28.5	55	25.5	30.5	57.5	66	43.5	56	42	65.5	79	35.5	59	28	10	41.5	31.5	81.5	45.5	70.5	37.5	44	68	24.5	34.5	40	47	53.5	46.5	23.5	0	33	46.5	30	52.5	28.5	33	47	37.5	36	36.5	53	29.5	59.5	37.5	33	26.5	
76.5	71.5	30.5	39	48	84	37.5	33	70	38.5	59	57	77	40	59.5	84	79.5	90	12.5	44	29	93	70	60	42.5	45	76.5	84	36.5	64.5	44.5	31	87.5	47.5	35.5	39	2	56.5	73.5	17	95.5	32.5	29.5	20	32	42	63.5	28.5	31.5	73	38.5	51	45.5	74.5	22	13.5	83	37	36.5	57	31	78.5	69	27	34.5	89	59	84.5	80	50.5	63.5	26	71	14.5	30	54	58.5	38	79.5	13.5	70	40.5	45.5	72.5	81	58.5	71	15	80.5	94	50.5	74	43	43	31.5	21.5	96.5	60.5	85.5	52.5	59	83	14.5	49.5	55	62	68.5	31.5	13.5	33	0	31.5	3	67.5	43.5	48	62	52.5	51	51.5	68	19.5	74.5	27.5	28	41.5	
92	83	20	28.5	63.5	73.5	47	21.5	85.5	46	74.5	72.5	72.5	29.5	75	95.5	85	89.5	21	55.5	13.5	86.5	59.5	49.5	32	60.5	92	73.5	28	60	34	28.5	77	57	25	30.5	31.5	46	71	14.5	89	48	45	35.5	21.5	31.5	53	44	23	66.5	36	66.5	61	70	37.5	29	72.5	52.5	38	62.5	46.5	68	84.5	27.5	24	78.5	74.5	80	69.5	66	79	41.5	60.5	19	45.5	43.5	48	31.5	69	20	85.5	54	39	88	88.5	48	60.5	16.5	70	85.5	54	63.5	46.5	36.5	23	33	86	50	75	62	48.5	72.5	30	65	44.5	51.5	84	0	29	46.5	31.5	0	30.5	57	33	41.5	51.5	62	66.5	43	57.5	35	80	17	17.5	57	
73.5	68.5	31.5	42	45	83	34.5	30	67	35.5	56	54	74	43	56.5	81	76.5	87	9.5	41	32	90	67	57	45.5	42	73.5	87	33.5	61.5	47.5	28	90.5	44.5	36.5	36	1	55.5	70.5	20	92.5	29.5	26.5	17	35	45	66.5	25.5	28.5	70	35.5	48	42.5	71.5	19	10.5	84	34	33.5	54	28	81.5	66	24	37.5	88	56	81.5	83	47.5	60.5	23	74	11.5	27	53	61.5	35	82.5	10.5	67	37.5	42.5	69.5	78	61.5	74	18	83.5	91	47.5	73	40	40	28.5	18.5	95.5	61.5	88.5	49.5	58	86	11.5	46.5	52	65	65.5	30.5	10.5	30	3	30.5	0	70.5	46.5	45	65	49.5	48	48.5	69	16.5	71.5	30.5	31	38.5	
51	34	51	34.5	37.5	24.5	48	62.5	40.5	47	31.5	28.5	23.5	35.5	34	46.5	36	40.5	72	41.5	54.5	37.5	15.5	25.5	33	34.5	49	24.5	49	21	25	54.5	28	38	46	46.5	69.5	27	22	50.5	40	53	56	59.5	47.5	37.5	14	53	54	17.5	47	34.5	40	21	61.5	68	23.5	46.5	49	28.5	54.5	19	41.5	68.5	35	29.5	31.5	31	20.5	35	32	59.5	11.5	74	49.5	29.5	19	47.5	20	73	40.5	45	40	47	39.5	19	11.5	52.5	21	36.5	35	14.5	42.5	42.5	54	64	37	21	26	33	24.5	23.5	69	34	30.5	17.5	43	57	68	52.5	67.5	57	70.5	0	34	37.5	17.5	33	34.5	34	13.5	66	31	48	43.5	44	
75	60	27	10.5	46.5	50.5	14	38.5	66.5	13	57.5	49.5	49.5	11.5	58	72.5	62	66.5	46	32.5	30.5	63.5	36.5	26.5	1	43.5	75	50.5	25	37	11	30.5	54	34	22	22.5	45.5	23	48	26.5	66	19	32	33.5	23.5	13.5	30	23	30	43.5	23	45.5	44	47	35.5	42	49.5	35.5	25	39.5	30.5	45	67.5	44.5	11	55.5	57.5	57	46.5	49	58	35.5	37.5	48	28.5	20.5	25	23.5	46	47	66.5	31	6	71	65.5	25	37.5	28.5	47	62.5	31	40.5	23.5	18.5	30	40	63	27	52	39	25.5	49.5	43	48	21.5	28.5	67	33	42	28.5	43.5	33	46.5	34	0	18.5	28.5	39	45.5	20	34.5	42	57	24	19.5	40	
66.5	61.5	35.5	19	38	54	32.5	47	60	31.5	49	47	53	20	49.5	74	65.5	70	42.5	34	39	67	40	30	17.5	35	66.5	54	33.5	40.5	14.5	39	57.5	37.5	30.5	31	46	26.5	51.5	35	69.5	27.5	34.5	30	32	22	33.5	23.5	38.5	47	31.5	41	35.5	50.5	32	38.5	53	27	33.5	43	31	48.5	59	53	19.5	59	49	60.5	50	40.5	53.5	36	41	44.5	18	24	28.5	32	49.5	43.5	60	30.5	24.5	62.5	69	28.5	41	37	50.5	66	34.5	44	5	27	38.5	46.5	66.5	30.5	55.5	42.5	29	53	39.5	39.5	25	32	58.5	41.5	38.5	33	48	41.5	45	37.5	18.5	0	32	42.5	41	23.5	38	44.5	60.5	32.5	28	31.5	
56.5	43.5	45.5	29	20	34	42.5	57	50	41.5	39	33	33	30	39.5	56	45.5	50	62.5	36	49	47	20	20	27.5	23	56.5	34	43.5	20.5	19.5	49	37.5	32.5	40.5	41	64	21.5	31.5	45	49.5	47.5	50.5	50	42	32	13.5	43.5	48.5	27	41.5	17	30.5	30.5	52	58.5	33	37	43.5	11	49	28.5	49	63	29.5	39	39	40.5	30	30.5	41.5	54	21	64.5	40	24	13.5	42	29.5	63.5	50	39.5	34.5	52.5	49	13.5	21	47	30.5	46	29.5	24	37	37	48.5	58.5	46.5	15.5	35.5	27.5	19	33	59.5	29.5	25	0	48.5	51.5	58.5	47	62	51.5	65	17.5	28.5	32	0	27.5	17	28.5	18	60.5	40.5	42.5	38	36.5	
46	41	56	39.5	17.5	49.5	37	67.5	39.5	38	28.5	26.5	46.5	40.5	29	53.5	49	59.5	47	28.5	59.5	62.5	35.5	30.5	38	14.5	46	49.5	54	34	30	55.5	53	27	51	51.5	50.5	32	43	55.5	65	32	39	34.5	52.5	42.5	29	28	59	42.5	48	20.5	7	44	36.5	43	48.5	21.5	46	26.5	35.5	44	38.5	61.5	40	54.5	28.5	54	45.5	20	33	40.5	36.5	49	24.5	34.5	14	52.5	45	48	39.5	30	45	42	50.5	14	36.5	57.5	46	61.5	30	39.5	37.5	47.5	59	51	62	12	51	0	29.5	48.5	44	19	35.5	27.5	38	62	43	37.5	52.5	62	49.5	33	39	42.5	27.5	0	20.5	39	33.5	49	44	53	48.5	21	
39.5	34.5	62.5	46	3	49	35.5	66	33	36.5	22	20	40	47	22.5	47	42.5	53	45.5	27	66	56	33	33	44.5	6	39.5	51	54.5	27.5	36.5	54	54.5	25.5	57.5	52	49	36.5	36.5	62	58.5	30.5	37.5	33	59	49	30.5	26.5	59.5	36	46.5	0	13.5	37.5	35	41.5	50	20	44.5	6	34	45.5	32	60	46.5	54	22	47.5	47	13.5	26.5	39	38	47.5	23	39	30.5	51	46.5	46.5	33	28.5	43.5	35.5	44	30.5	38	64	47.5	57	28.5	39	36	46	59.5	49.5	61.5	32.5	52.5	20.5	34	50	42.5	12.5	38	17	31.5	66.5	41.5	36	51	66.5	48	34.5	45.5	41	17	20.5	0	39.5	35	47.5	37.5	59.5	55	19.5	
65	60	37	20.5	36.5	50.5	34	48.5	58.5	33	47.5	45.5	49.5	21.5	48	72.5	62	66.5	46	32.5	40.5	63.5	36.5	26.5	19	33.5	65	50.5	35	37	9	40.5	54	34	32	32.5	49.5	23	48	36.5	66	31	38	33.5	33.5	23.5	30	27	40	43.5	33	39.5	34	47	35.5	42	49.5	25.5	35	39.5	34.5	45	57.5	54.5	21	55.5	47.5	57	46.5	39	52	39.5	37.5	48	23.5	20.5	25	33.5	46	47	58.5	11	26	61	65.5	25	37.5	38.5	47	62.5	31	40.5	28.5	28.5	40	50	63	27	52	39	25.5	49.5	43	38	21.5	28.5	57	43	42	36.5	51.5	43	48.5	34	20	23.5	28.5	39	39.5	0	34.5	48	57	34	29.5	30	
50.5	39.5	51.5	35	32	30	48.5	63	44	47.5	33	15	29	36	33.5	52	41.5	46	66.5	42	55	43	2	26	33.5	29	50.5	30	49.5	21.5	25.5	55	33.5	38.5	46.5	47	70	27.5	27.5	51	45.5	51.5	56.5	54	48	38	14.5	47.5	54.5	23	47.5	35	34.5	26.5	56	62.5	29	41	49.5	29	55	24.5	43	69	35.5	35	33	36.5	26	29.5	37.5	60	17	68.5	44	30	19.5	48	25.5	67.5	44	45.5	40.5	46.5	45	19.5	17	53	26.5	42	35.5	20	43	43	54.5	64.5	42.5	21.5	31.5	33.5	25	29	63.5	28.5	31	18	42.5	57.5	62.5	53	68	57.5	69	13.5	34.5	38	18	33.5	35	34.5	0	66.5	36.5	48.5	44	40.5	
73	68	15	37.5	44.5	82.5	34	34.5	66.5	35	55.5	53.5	73.5	38.5	56	80.5	76	86.5	14	40.5	32.5	89.5	66.5	56.5	41	41.5	73	82.5	33	61	43	27.5	86	44	34	35.5	17.5	55	70	28.5	92	29	26	16.5	30.5	40.5	62	25	12	69.5	35	47.5	42	71	18.5	6	81.5	33.5	33	53.5	27.5	77	65.5	28.5	33	87.5	55.5	81	78.5	47	60	22.5	69.5	16	26.5	52.5	57	34.5	78	15	66.5	37	42	69	77.5	57	69.5	30.5	79	90.5	47	72.5	39.5	39.5	12	2	95	59	84	49	57.5	81.5	5	46	51.5	60.5	65	35	6	29.5	19.5	35	16.5	66	42	44.5	60.5	49	47.5	48	66.5	0	71	18	26.5	38	
28	3	74	57.5	34.5	27.5	59	85.5	21.5	60	25.5	33.5	31.5	58.5	21	35.5	31	41.5	69	50.5	77.5	40.5	38.5	48.5	56	31.5	28	27.5	72	44	48	77.5	31	49	69	69.5	72.5	50	35	73.5	43	54	61	56.5	70.5	60.5	37	50	77	35.5	70	37.5	37	34	58.5	65	26.5	43.5	68	43.5	57.5	22	20.5	83.5	58	32.5	25.5	34	23.5	32	25	62.5	29.5	71	46.5	52.5	42	70.5	11	70	21.5	52	63	24	32.5	42	19.5	75.5	24	39.5	52	32.5	59.5	65.5	77	73	40	44	29	44	47.5	26.5	66	31	53.5	40.5	20	80	65	59.5	74.5	80	71.5	31	57	60.5	40.5	44	37.5	57	36.5	71	0	71	66.5	43	
91	74	3	19.5	62.5	64.5	38	22.5	80.5	37	71.5	63.5	63.5	20.5	74	86.5	76	80.5	32	46.5	14.5	77.5	50.5	40.5	23	59.5	89	64.5	19	51	25	19.5	68	48	16	21.5	29.5	37	62	10.5	80	43	36	34.5	12.5	22.5	44	43	6	57.5	27	59.5	60	61	36.5	24	63.5	51.5	29	53.5	39.5	59	81.5	28.5	15	69.5	71.5	71	60.5	65	72	34.5	51.5	34	44.5	34.5	39	22.5	60	33	80.5	45	30	87	79.5	39	51.5	12.5	61	76.5	45	54.5	37.5	27.5	6	16	77	41	66	53	39.5	63.5	23	64	35.5	42.5	83	17	24	37.5	27.5	17	30.5	48	24	32.5	42.5	53	59.5	34	48.5	18	71	0	8.5	54	
90.5	69.5	11.5	15	58	60	33.5	23	76	32.5	67	59	59	16	71.5	82	71.5	76	36.5	42	15	73	46	36	18.5	59	84.5	60	14.5	46.5	20.5	11	63.5	43.5	11.5	17	30	32.5	57.5	11	75.5	38.5	31.5	34	4	18	39.5	42.5	14.5	53	22.5	55	55.5	56.5	34	32.5	59	49	24.5	49	35	54.5	77	29	10.5	65	67	66.5	56	60.5	67.5	30	47	36.5	44	30	34.5	18	55.5	37.5	76	40.5	25.5	86.5	75	34.5	47	13	56.5	72	40.5	50	33	23	14.5	24.5	72.5	36.5	61.5	48.5	35	59	31.5	61.5	31	38	82.5	17.5	32.5	33	28	17.5	31	43.5	19.5	28	38	48.5	55	29.5	44	26.5	66.5	8.5	0	49.5	
45	40	53	40.5	16.5	54.5	26	56.5	38.5	27	27.5	25.5	45.5	41.5	28	52.5	48	58.5	36	17.5	60.5	61.5	38.5	28.5	39	13.5	45	60.5	45	33	31	44.5	64	6	48	42.5	39.5	17	42	56.5	64	21	28	23.5	51.5	41.5	40	17	50	41.5	37	19.5	14	43	25.5	32	55.5	10.5	35	25.5	24.5	55	37.5	50.5	41	59.5	27.5	53	56.5	19	32	29.5	47.5	38	13.5	29.5	35	41.5	54	37	38.5	19	34	41	49.5	35	47.5	56.5	57	62.5	9	44.5	26.5	36.5	50	40	67	33	62	21	29.5	59.5	33	18	28.5	36.5	37	57	32	26.5	41.5	57	38.5	44	40	31.5	36.5	21	19.5	30	40.5	38	43	54	49.5	0	
