Number of items: 125
Horizon: 12
Time limit: 1000
Load limit: 7500
Initial item inventory level
48
75
72
176
150
186
158
116
66
110
249
246
60
62
114
78
148
96
159
24
99
285
31
106
52
210
168
72
102
87
22
19
140
93
23
201
86
60
60
65
87
70
288
84
240
188
189
72
70
18
134
252
190
22
39
19
15
138
132
94
26
61
264
16
170
92
135
196
134
264
33
66
98
129
135
118
80
184
95
172
144
97
171
25
50
102
36
162
57
102
132
90
196
33
76
26
96
30
20
171
94
72
186
89
138
172
37
150
240
291
87
142
61
90
24
194
94
89
68
186
99
16
150
216
77
Maximum inventory capacity per item
64
100
144
264
200
279
237
174
132
165
332
328
90
124
152
104
222
128
212
36
198
380
62
159
104
280
252
96
153
174
44
38
210
186
46
268
172
90
120
130
174
105
384
112
320
282
252
144
105
36
201
336
285
33
52
38
30
207
176
141
52
122
352
32
255
138
180
294
201
352
44
88
147
172
180
177
160
276
190
258
192
194
228
50
75
136
48
243
76
136
176
135
294
66
152
39
144
60
30
228
141
96
248
178
184
258
74
225
320
388
116
213
122
120
36
291
141
178
102
248
198
32
225
288
154
Reserve storage replenishment rate per item and per period
96	0	0	96	0	0	96	0	0	96	0	0	
150	0	0	150	0	0	150	0	0	150	0	0	
432	0	0	432	0	0	432	0	0	432	0	0	
528	0	0	528	0	0	528	0	0	528	0	0	
300	0	0	300	0	0	300	0	0	300	0	0	
558	0	0	558	0	0	558	0	0	558	0	0	
474	0	0	474	0	0	474	0	0	474	0	0	
348	0	0	348	0	0	348	0	0	348	0	0	
396	0	0	396	0	0	396	0	0	396	0	0	
330	0	0	330	0	0	330	0	0	330	0	0	
498	0	0	498	0	0	498	0	0	498	0	0	
492	0	0	492	0	0	492	0	0	492	0	0	
180	0	0	180	0	0	180	0	0	180	0	0	
372	0	0	372	0	0	372	0	0	372	0	0	
228	0	0	228	0	0	228	0	0	228	0	0	
156	0	0	156	0	0	156	0	0	156	0	0	
444	0	0	444	0	0	444	0	0	444	0	0	
192	0	0	192	0	0	192	0	0	192	0	0	
318	0	0	318	0	0	318	0	0	318	0	0	
72	0	0	72	0	0	72	0	0	72	0	0	
594	0	0	594	0	0	594	0	0	594	0	0	
570	0	0	570	0	0	570	0	0	570	0	0	
186	0	0	186	0	0	186	0	0	186	0	0	
318	0	0	318	0	0	318	0	0	318	0	0	
312	0	0	312	0	0	312	0	0	312	0	0	
420	0	0	420	0	0	420	0	0	420	0	0	
504	0	0	504	0	0	504	0	0	504	0	0	
144	0	0	144	0	0	144	0	0	144	0	0	
306	0	0	306	0	0	306	0	0	306	0	0	
522	0	0	522	0	0	522	0	0	522	0	0	
132	0	0	132	0	0	132	0	0	132	0	0	
114	0	0	114	0	0	114	0	0	114	0	0	
420	0	0	420	0	0	420	0	0	420	0	0	
558	0	0	558	0	0	558	0	0	558	0	0	
138	0	0	138	0	0	138	0	0	138	0	0	
402	0	0	402	0	0	402	0	0	402	0	0	
516	0	0	516	0	0	516	0	0	516	0	0	
180	0	0	180	0	0	180	0	0	180	0	0	
360	0	0	360	0	0	360	0	0	360	0	0	
390	0	0	390	0	0	390	0	0	390	0	0	
522	0	0	522	0	0	522	0	0	522	0	0	
210	0	0	210	0	0	210	0	0	210	0	0	
576	0	0	576	0	0	576	0	0	576	0	0	
168	0	0	168	0	0	168	0	0	168	0	0	
480	0	0	480	0	0	480	0	0	480	0	0	
564	0	0	564	0	0	564	0	0	564	0	0	
378	0	0	378	0	0	378	0	0	378	0	0	
432	0	0	432	0	0	432	0	0	432	0	0	
210	0	0	210	0	0	210	0	0	210	0	0	
108	0	0	108	0	0	108	0	0	108	0	0	
402	0	0	402	0	0	402	0	0	402	0	0	
504	0	0	504	0	0	504	0	0	504	0	0	
570	0	0	570	0	0	570	0	0	570	0	0	
66	0	0	66	0	0	66	0	0	66	0	0	
78	0	0	78	0	0	78	0	0	78	0	0	
114	0	0	114	0	0	114	0	0	114	0	0	
90	0	0	90	0	0	90	0	0	90	0	0	
414	0	0	414	0	0	414	0	0	414	0	0	
264	0	0	264	0	0	264	0	0	264	0	0	
282	0	0	282	0	0	282	0	0	282	0	0	
156	0	0	156	0	0	156	0	0	156	0	0	
366	0	0	366	0	0	366	0	0	366	0	0	
528	0	0	528	0	0	528	0	0	528	0	0	
96	0	0	96	0	0	96	0	0	96	0	0	
510	0	0	510	0	0	510	0	0	510	0	0	
276	0	0	276	0	0	276	0	0	276	0	0	
270	0	0	270	0	0	270	0	0	270	0	0	
588	0	0	588	0	0	588	0	0	588	0	0	
402	0	0	402	0	0	402	0	0	402	0	0	
528	0	0	528	0	0	528	0	0	528	0	0	
66	0	0	66	0	0	66	0	0	66	0	0	
132	0	0	132	0	0	132	0	0	132	0	0	
294	0	0	294	0	0	294	0	0	294	0	0	
258	0	0	258	0	0	258	0	0	258	0	0	
270	0	0	270	0	0	270	0	0	270	0	0	
354	0	0	354	0	0	354	0	0	354	0	0	
480	0	0	480	0	0	480	0	0	480	0	0	
552	0	0	552	0	0	552	0	0	552	0	0	
570	0	0	570	0	0	570	0	0	570	0	0	
516	0	0	516	0	0	516	0	0	516	0	0	
288	0	0	288	0	0	288	0	0	288	0	0	
582	0	0	582	0	0	582	0	0	582	0	0	
342	0	0	342	0	0	342	0	0	342	0	0	
150	0	0	150	0	0	150	0	0	150	0	0	
150	0	0	150	0	0	150	0	0	150	0	0	
204	0	0	204	0	0	204	0	0	204	0	0	
72	0	0	72	0	0	72	0	0	72	0	0	
486	0	0	486	0	0	486	0	0	486	0	0	
114	0	0	114	0	0	114	0	0	114	0	0	
204	0	0	204	0	0	204	0	0	204	0	0	
264	0	0	264	0	0	264	0	0	264	0	0	
270	0	0	270	0	0	270	0	0	270	0	0	
588	0	0	588	0	0	588	0	0	588	0	0	
198	0	0	198	0	0	198	0	0	198	0	0	
456	0	0	456	0	0	456	0	0	456	0	0	
78	0	0	78	0	0	78	0	0	78	0	0	
288	0	0	288	0	0	288	0	0	288	0	0	
180	0	0	180	0	0	180	0	0	180	0	0	
60	0	0	60	0	0	60	0	0	60	0	0	
342	0	0	342	0	0	342	0	0	342	0	0	
282	0	0	282	0	0	282	0	0	282	0	0	
144	0	0	144	0	0	144	0	0	144	0	0	
372	0	0	372	0	0	372	0	0	372	0	0	
534	0	0	534	0	0	534	0	0	534	0	0	
276	0	0	276	0	0	276	0	0	276	0	0	
516	0	0	516	0	0	516	0	0	516	0	0	
222	0	0	222	0	0	222	0	0	222	0	0	
450	0	0	450	0	0	450	0	0	450	0	0	
480	0	0	480	0	0	480	0	0	480	0	0	
582	0	0	582	0	0	582	0	0	582	0	0	
174	0	0	174	0	0	174	0	0	174	0	0	
426	0	0	426	0	0	426	0	0	426	0	0	
366	0	0	366	0	0	366	0	0	366	0	0	
180	0	0	180	0	0	180	0	0	180	0	0	
72	0	0	72	0	0	72	0	0	72	0	0	
582	0	0	582	0	0	582	0	0	582	0	0	
282	0	0	282	0	0	282	0	0	282	0	0	
534	0	0	534	0	0	534	0	0	534	0	0	
204	0	0	204	0	0	204	0	0	204	0	0	
372	0	0	372	0	0	372	0	0	372	0	0	
594	0	0	594	0	0	594	0	0	594	0	0	
96	0	0	96	0	0	96	0	0	96	0	0	
450	0	0	450	0	0	450	0	0	450	0	0	
432	0	0	432	0	0	432	0	0	432	0	0	
462	0	0	462	0	0	462	0	0	462	0	0	
Forward storage demand rate per item and per period
16	21	16	16	11	17	5	19	20	10	7	5	
25	18	31	27	21	21	32	38	13	24	20	29	
72	55	91	100	111	84	81	85	44	51	82	43	
88	50	116	141	79	68	104	14	97	84	115	96	
50	80	73	49	46	79	11	39	41	54	62	74	
93	118	58	40	166	54	106	143	13	104	133	120	
79	96	140	126	77	76	130	127	123	151	99	42	
58	112	85	39	62	39	103	34	61	78	60	47	
66	26	51	76	64	76	40	73	78	119	37	106	
55	55	68	35	72	50	93	71	57	35	31	72	
83	136	108	139	20	112	83	78	13	99	164	68	
82	136	92	112	54	104	78	63	80	15	67	144	
30	34	30	20	22	7	42	27	55	28	11	43	
62	75	21	78	26	80	92	100	74	83	70	52	
38	32	46	24	68	33	13	41	12	60	64	43	
26	15	26	26	38	49	8	31	39	27	34	30	
74	52	38	42	25	63	122	38	72	63	32	35	
32	30	21	57	37	42	16	20	38	33	18	30	
53	58	104	44	69	76	58	64	20	5	39	36	
12	4	17	5	12	3	22	19	2	8	19	11	
99	176	45	59	185	161	116	70	87	79	53	103	
95	113	162	82	55	160	86	25	140	57	93	78	
31	30	54	13	51	39	25	25	19	24	35	19	
53	20	73	88	48	44	12	67	48	22	90	57	
52	72	13	67	73	45	49	48	41	58	53	64	
70	63	78	19	93	43	78	31	38	86	52	71	
84	53	52	96	116	105	98	100	111	52	54	104	
24	0	46	22	17	28	45	33	33	4	33	27	
51	82	31	27	48	67	49	50	65	35	45	75	
87	95	37	48	110	97	74	31	155	48	161	95	
22	21	27	22	18	25	33	14	14	10	24	8	
19	14	19	7	17	18	23	6	16	20	9	20	
70	17	67	71	30	110	129	73	71	111	38	48	
93	111	21	118	125	88	69	121	77	136	121	22	
23	24	27	10	41	38	19	20	16	20	11	34	
67	125	89	45	83	121	98	71	64	51	38	33	
86	111	109	106	144	39	91	57	138	18	86	95	
30	10	13	30	26	46	46	25	31	13	33	27	
60	44	95	28	68	94	92	61	16	60	52	70	
65	42	67	53	100	86	29	80	100	57	118	45	
87	109	117	67	89	121	123	131	61	95	113	69	
35	37	20	26	35	31	50	26	59	34	18	29	
96	177	106	56	78	40	95	78	62	83	144	58	
28	28	28	24	40	31	11	23	23	35	45	30	
80	77	72	59	43	42	76	101	95	87	106	83	
94	55	112	28	151	106	54	101	36	108	81	18	
63	88	70	58	90	36	35	98	95	105	53	53	
72	55	67	29	37	29	46	71	85	21	76	73	
35	61	41	17	11	40	34	7	12	50	63	59	
18	6	10	18	33	3	8	14	26	22	12	10	
67	34	25	76	117	87	44	69	71	105	26	52	
84	53	35	65	91	17	90	126	104	67	137	134	
95	124	132	103	69	139	63	113	76	34	67	32	
11	7	9	19	10	10	16	16	13	12	7	10	
13	2	17	24	20	15	6	24	3	14	8	17	
19	24	31	8	8	15	35	3	30	18	7	23	
15	14	10	25	17	13	8	19	22	19	9	12	
69	64	44	83	117	80	42	60	64	54	46	122	
44	57	42	19	48	38	57	78	58	28	40	41	
47	75	20	15	73	56	69	20	17	35	65	80	
26	16	8	36	28	32	14	33	15	47	29	28	
61	32	71	31	48	63	64	77	48	61	26	63	
88	48	135	111	83	109	79	89	70	82	126	135	
16	13	16	9	17	19	7	14	14	13	17	18	
85	127	47	97	133	108	32	78	55	69	56	100	
46	58	68	38	32	69	54	71	39	45	29	33	
45	6	12	34	43	6	36	53	31	41	61	47	
98	64	171	47	85	48	86	140	170	124	86	107	
67	47	69	49	127	78	101	98	73	83	58	46	
88	125	115	101	40	129	124	99	73	87	13	102	
11	10	13	9	7	11	18	16	10	17	21	9	
22	5	18	36	14	25	6	7	28	18	32	28	
49	81	30	62	28	27	62	80	81	10	46	37	
43	73	73	41	55	52	43	46	10	26	35	60	
45	37	47	32	83	65	63	49	25	15	41	55	
59	79	68	99	62	87	101	66	27	59	56	94	
80	70	46	124	39	72	81	79	74	69	134	78	
92	54	155	133	86	160	92	104	58	154	113	147	
95	158	133	57	66	76	55	12	139	85	151	171	
86	145	78	101	120	80	86	82	126	59	113	138	
48	59	36	39	66	37	59	40	49	48	20	21	
97	134	123	66	115	98	78	96	71	14	95	94	
57	95	32	68	44	75	47	45	22	90	87	86	
25	22	20	18	17	14	17	25	32	22	40	23	
25	1	31	26	33	31	25	34	31	44	42	16	
34	35	47	38	37	40	5	43	40	50	31	19	
12	7	11	3	15	10	17	13	18	7	14	15	
81	94	39	113	63	69	34	137	59	58	125	111	
19	30	10	21	20	1	22	15	24	27	4	31	
34	44	61	4	25	31	33	28	47	50	28	37	
44	72	23	60	40	38	35	26	50	27	16	37	
45	71	33	74	52	48	43	44	44	58	21	61	
98	114	125	148	136	65	77	19	104	102	83	99	
33	35	32	35	20	47	55	45	25	42	60	25	
76	55	54	82	83	61	48	74	146	117	76	32	
13	21	13	12	9	12	17	5	10	19	12	16	
48	28	47	30	82	50	18	27	35	72	39	63	
30	42	30	12	35	27	20	26	27	14	29	14	
10	5	14	7	19	13	12	14	11	8	6	14	
57	38	58	8	51	63	44	61	51	38	43	60	
47	79	49	55	19	62	70	28	75	14	4	68	
24	4	33	31	35	39	27	20	21	29	22	23	
62	114	84	41	56	36	104	63	89	98	96	98	
89	21	76	73	50	68	96	134	98	161	109	88	
46	61	19	65	50	57	50	62	31	86	34	54	
86	90	80	65	63	30	106	63	89	63	141	149	
37	32	47	24	62	15	29	45	42	31	50	38	
75	83	105	57	103	43	106	68	63	93	106	106	
80	106	102	77	107	51	98	99	114	90	103	109	
97	108	111	129	173	120	160	144	101	173	82	73	
29	34	9	38	28	21	47	30	44	41	12	56	
71	73	58	28	71	51	28	97	42	33	7	113	
61	25	11	32	55	70	83	41	88	97	74	77	
30	32	41	36	13	45	30	54	29	48	39	23	
12	14	15	7	12	6	9	13	2	2	20	13	
97	170	73	135	73	89	169	140	101	65	134	110	
47	53	77	52	36	27	63	63	34	51	31	54	
89	98	161	110	100	32	82	23	75	176	116	100	
34	53	12	50	27	26	23	40	40	44	24	49	
62	60	63	91	53	49	30	51	100	51	68	66	
99	173	94	96	167	41	153	54	100	102	100	71	
16	18	2	26	7	14	11	28	18	17	0	15	
75	105	70	23	129	66	75	89	69	69	18	44	
72	82	77	45	66	101	64	104	118	69	40	74	
77	51	83	53	71	27	96	47	64	32	89	90	
Distance matrix
0	18.5	46.5	52.5	69	32.5	83.5	70	61.5	53	83	60.5	71.5	60.5	25.5	52	69.5	69	34	75	6.5	45	71	98.5	63.5	25	29	87	15.5	5.5	63	63	74.5	36.5	89	76.5	46.5	83	81.5	68.5	6.5	41.5	75	32	65	18	72	65.5	38	40.5	68.5	85	42.5	97	16.5	60.5	31	78.5	22	39.5	50.5	31	44.5	98	31.5	81	80.5	68.5	41	63.5	68.5	60.5	70	53	63.5	48	60.5	85.5	54.5	18	70.5	76.5	21	29	27	69	77.5	45	70	52	54.5	57.5	63.5	53.5	70	86.5	22	74	96.5	14	30	68	72.5	42.5	21.5	87	36.5	72	32.5	44.5	73.5	66.5	33	32	27	36	25.5	80.5	81	34.5	74.5	30	62	64.5	97	29	
18.5	0	50	44	72.5	36	87	51.5	65	48.5	86.5	64	75	64	29	39.5	73	72.5	37.5	66.5	20	36.5	74.5	88	67	28.5	32.5	84.5	3	19	66.5	66.5	78	40	72.5	80	50	78.5	65	68	20	45	78.5	35.5	66.5	36.5	75.5	51	41.5	44	72	86.5	44	84.5	30	56	34.5	78	34.5	43	54	34.5	42	83.5	35	84.5	66	72	30.5	53	72	64	73.5	56.5	53	51.5	64	71	58	26.5	56	80	35.5	32.5	29.5	72.5	81	46.5	71.5	55.5	58	61	67	57	61.5	70	25.5	77.5	90	17.5	33.5	71.5	54	46	35	84.5	30	75.5	14	48	63	70	23.5	35.5	30.5	35.5	29	84	80.5	38	72	33.5	59.5	62	84.5	32.5	
46.5	50	0	36	40.5	44	55	23.5	33	35.5	54.5	32	43	32	47	36.5	41	40.5	50.5	38.5	48	43.5	42.5	60	35	41.5	35.5	56.5	47	47	34.5	34.5	46	38	44.5	48	18	50.5	37	40	48	43	46.5	38.5	36.5	64.5	43.5	19	44.5	6	40	56.5	44	56.5	58	14	37.5	50	66.5	41	22	47.5	44	55.5	43	52.5	38	40	47.5	17	40	32	41.5	24.5	17	34.5	32	43	26	54.5	28	48	67.5	45.5	61.5	40.5	49	41.5	41.5	23.5	26	29	35	25	33.5	42	48.5	45.5	62	40.5	46.5	39.5	26	34	63	56.5	52	43.5	56	26	35	38	55.5	38.5	23.5	52.5	47	52	52.5	36	44	36.5	31.5	34	56.5	25.5	
52.5	44	36	0	38.5	30	59	17.5	59	14.5	64.5	32	69	42	37	10.5	43	48.5	28.5	32.5	54	17.5	56.5	54	61	37.5	33.5	50.5	47	53	60.5	44.5	58	26	38.5	66	44	44.5	31	34	54	21	62.5	30.5	32.5	44.5	65.5	17	24.5	38	44	52.5	20	50.5	46	22	31.5	44	40.5	23	42	31.5	18	49.5	31	56.5	32	66	21.5	19	64	52	57.5	44.5	19	19.5	58	37	48	44.5	22	46	41.5	33.5	35.5	66.5	55	17.5	37.5	35.5	52	55	59	39	27.5	36	40.5	71.5	56	46.5	32.5	49.5	20	10	41	50.5	26	69.5	30	28	29	36	29.5	30.5	29.5	26.5	37	52	46.5	28	38	32.5	25.5	28	50.5	31.5	
69	72.5	40.5	38.5	0	58.5	42.5	21	30.5	38	48	30.5	40.5	30.5	65.5	39	26.5	32	57	6	70.5	46	40	37.5	32.5	64	58	34	69.5	69.5	32	6	41.5	54.5	22	45.5	30.5	28	14.5	22.5	70.5	49.5	44	59	26	73	41	25.5	53	34.5	27.5	36	48.5	34	74.5	30.5	60	27.5	69	51.5	34.5	60	46.5	33	59.5	40	15.5	37.5	50	27.5	37.5	29.5	39	32	27.5	43	29.5	20.5	28.5	73	20.5	29.5	70	62	64	38	38.5	46	1	39	23.5	26.5	32.5	37.5	21	19.5	69	43	39.5	63	61	33	18.5	48.5	69.5	34	54.5	41	58.5	46.5	17.5	24.5	58	59	46	55	65.5	35.5	30	56.5	21.5	59	29	26.5	34	48	
32.5	36	44	30	58.5	0	79	37.5	59	34.5	80.5	52	69	58	33	25.5	63	66.5	28.5	52.5	34	22.5	68.5	74	61	27.5	26.5	70.5	33	33	60.5	60.5	72	34	58.5	74	44	64.5	51	54	34	31	72.5	29.5	52.5	44.5	69.5	37	29.5	38	64	72.5	30	70.5	44	42	28.5	64	40.5	33	48	31.5	28	69.5	1	76.5	52	66	21.5	39	66	58	67.5	50.5	39	39.5	58	57	52	40.5	42	66	41.5	31.5	35.5	66.5	75	32.5	57.5	49.5	52	55	61	51	47.5	56	34.5	71.5	76	26.5	32.5	65.5	40	40	41	70.5	26	69.5	30	42	49	56	29.5	29.5	24.5	26.5	33	72	66.5	32	58	27.5	45.5	48	70.5	26.5	
83.5	87	55	59	42.5	79	0	41.5	30	58.5	31.5	51	12	49	84	59.5	42	42.5	77.5	36.5	85	66.5	34.5	23	22	78.5	72.5	24.5	84	84	26.5	46.5	33	75	22.5	7	45	28.5	30	43	85	70	28.5	75.5	46.5	93.5	25.5	46	73.5	49	43	26.5	69	19.5	95	51	74.5	33	89.5	72	49	80.5	67	18.5	80	30.5	31	15	70.5	48	27	39	33.5	46.5	48	63.5	29	26	43	91.5	41	35	90.5	82.5	84.5	22.5	34	66.5	41.5	55.5	33	36	32	52	41.5	25	85.5	22.5	25	77.5	81.5	41.5	39	69	90	24.5	75	20.5	79	63	38	45	78.5	75.5	60.5	75.5	84	31	30.5	73	37	73.5	49.5	47	19.5	62.5	
70	51.5	23.5	17.5	21	37.5	41.5	0	43.5	17	47	14.5	53.5	24.5	44.5	18	25.5	31	36	15	63.5	25	39	36.5	51.5	45	41	33	54.5	64.5	47	27	40.5	33.5	21	48.5	28.5	27	13.5	16.5	63.5	28.5	45	38	15	52	48	4.5	32	29.5	26.5	35	27.5	33	53.5	9.5	39	26.5	48	30.5	24.5	39	25.5	32	38.5	39	14.5	56.5	29	6.5	46.5	34.5	40	27	6.5	22	44.5	19.5	30.5	52	4.5	28.5	49	41	43	51	37.5	25	20	18	40.5	37.5	41.5	21.5	10	18.5	48	56	38.5	56	40	32	2.5	27.5	48.5	33	33.5	58	37.5	25.5	11.5	18.5	37	38	43	34	44.5	34.5	29	35.5	20.5	40	8	10.5	33	41	
61.5	65	33	59	30.5	59	30	43.5	0	54.5	29.5	37	18	27	62	61.5	26	20.5	65.5	36.5	63	66.5	17.5	45	10	56.5	50.5	33.5	62	62	9.5	24.5	21	53	29.5	23	23	29.5	32	35	63	58	21.5	53.5	36.5	79.5	18.5	48	59.5	27	25	31.5	59	41.5	73	47	52.5	17	83.5	56	27	62.5	61	40.5	58	27.5	33	15	72.5	50	15	17	16.5	24.5	50	49.5	1	24	21	69.5	43	15	82.5	60.5	78.5	15.5	24	56.5	31.5	33.5	11	14	2	30	41.5	25	63.5	20.5	43	55.5	61.5	19.5	41	49	78	33.5	73	18.5	79	41	40	33	80.5	53.5	38.5	67.5	62	27	27.5	51	31	51.5	43.5	41	41.5	40.5	
53	48.5	35.5	14.5	38	34.5	58.5	17	54.5	0	64	31.5	64.5	41.5	41.5	15	42.5	48	33	32	54.5	22	56	53.5	56.5	42	38	50	51.5	53.5	56	44	57.5	30.5	38	65.5	39.5	44	30.5	33.5	54.5	25.5	62	35	32	49	65	16.5	29	33.5	43.5	52	24.5	50	50.5	21.5	36	43.5	45	27.5	41.5	36	22.5	49	35.5	56	31.5	61.5	26	18.5	61.5	51.5	57	44	18.5	5	53.5	36.5	47.5	49	21.5	45.5	46	38	40	62	54.5	22	37	35	47.5	50.5	56.5	38.5	27	35.5	45	67	55.5	47	37	49	19.5	24.5	45.5	50	30.5	65	34.5	27.5	28.5	35.5	34	35	30	31	41.5	51.5	46	32.5	37.5	37	25	27.5	50	32	
83	86.5	54.5	64.5	48	80.5	31.5	47	29.5	64	0	56.5	19.5	48.5	83.5	65	47.5	42	83	42	84.5	72	34	23.5	21.5	78	72	30	83.5	83.5	26	46	32.5	74.5	28	24.5	44.5	34	35.5	48.5	84.5	75.5	28	75	52	99	25	51.5	79	48.5	46.5	32	74.5	14	94.5	56.5	74	38.5	95	77.5	48.5	84	72.5	15	79.5	34	36.5	16.5	76	53.5	26.5	38.5	33	46	53.5	69	28.5	31.5	42.5	91	46.5	40.5	96	82	90	22	35.5	72	47	55	32.5	35.5	31.5	51.5	47	30.5	85	9	25.5	77	83	41	44.5	70.5	95.5	30	80.5	11	84.5	62.5	43.5	50.5	84	75	60	81	83.5	36.5	36	72.5	42.5	73	55	52.5	14	62	
60.5	64	32	32	30.5	52	51	14.5	37	31.5	56.5	0	47	34	59	32.5	35	40.5	50.5	24.5	62	39.5	46.5	46	39	55.5	49.5	42.5	61	61	38.5	36.5	50	48	30.5	52	14	36.5	23	26	62	43	50.5	52.5	24.5	66.5	47.5	19	46.5	26	36	44.5	42	42.5	68	24	51.5	36	62.5	45	10	53.5	40	41.5	53	48.5	24	44	43.5	21	44	36	45.5	28.5	21	36.5	36	29	30	66.5	10	38	63.5	55.5	57.5	44.5	47	39.5	29.5	32.5	30	33	39	7	19.5	28	62.5	49.5	48	54.5	54.5	41.5	12	42	63	42.5	48	47.5	52	40	21	28	51.5	52.5	37.5	48.5	59	44	38.5	50	30	50.5	22.5	4	42.5	39.5	
71.5	75	43	69	40.5	69	12	53.5	18	64.5	19.5	47	0	37	72	71.5	36	30.5	75.5	46.5	73	76.5	22.5	35	10	66.5	60.5	28.5	72	72	14.5	34.5	21	63	34.5	5	33	34.5	42	45	73	68	16.5	63.5	46.5	89.5	13.5	58	69.5	37	35	26.5	69	31.5	83	57	62.5	35	93.5	66	37	72.5	71	30.5	68	22.5	43	3	82.5	60	15	27	21.5	34.5	60	59.5	17	38	31	79.5	53	33	92.5	70.5	88.5	10.5	24	66.5	41.5	43.5	21	24	20	40	51.5	37	73.5	10.5	33	65.5	71.5	29.5	51	59	88	28.5	83	8.5	89	51	50	43	90.5	63.5	48.5	77.5	72	27	32.5	61	41	61.5	53.5	51	31.5	50.5	
60.5	64	32	42	30.5	58	49	24.5	27	41.5	48.5	34	37	0	61	42.5	35	34.5	60.5	24.5	62	49.5	36.5	46	29	55.5	49.5	42.5	61	61	28.5	28.5	40	52	30.5	42	22	36.5	23	8	62	53	40.5	52.5	29.5	76.5	37.5	29	56.5	26	34	44.5	52	42.5	72	34	51.5	36	72.5	55	26	61.5	50	41.5	57	46.5	24	34	53.5	31	34	26	35.5	23.5	31	46.5	26	29	6	68.5	24	38	73.5	59.5	67.5	34.5	43	49.5	29.5	32.5	20	23	29	29	24.5	28	62.5	39.5	48	54.5	60.5	33.5	22	48	73	42.5	58	37.5	62	40	13	6	61.5	52.5	37.5	58.5	61	44	38.5	50	30	50.5	32.5	30	42.5	39.5	
25.5	29	47	37	65.5	33	84	44.5	62	41.5	83.5	59	72	61	0	32.5	70	69.5	30.5	59.5	27	29.5	71.5	81	64	25.5	29.5	77.5	26	26	63.5	63.5	75	37	65.5	77	47	71.5	58	61	27	38	75.5	32.5	59.5	41.5	72.5	44	36.5	41	69	79.5	37	77.5	37	49	31.5	71	37.5	40	51	31.5	35	76.5	32	81.5	59	69	23.5	46	69	61	70.5	53.5	46	46.5	61	64	55	33.5	49	73	38.5	29.5	32.5	69.5	78	39.5	64.5	52.5	55	58	64	54	54.5	63	27.5	74.5	83	19.5	30.5	68.5	47	43	38	77.5	11	72.5	27	45	56	63	26.5	32.5	27.5	28.5	0	79	73.5	35	65	30.5	52.5	55	77.5	29.5	
52	39.5	36.5	10.5	39	25.5	59.5	18	61.5	15	65	32.5	71.5	42.5	32.5	0	43.5	49	24	33	51.5	13	57	54.5	65.5	33	29	51	42.5	52.5	65	45	58.5	21.5	39	66.5	46.5	45	31.5	34.5	51.5	16.5	63	26	33	40	66	17.5	20	42.5	44.5	53	15.5	51	41.5	22.5	27	44.5	36	18.5	42.5	27	13.5	50	26.5	57	32.5	70.5	17	19.5	64.5	52.5	58	45	19.5	20	62.5	37.5	48.5	40	22.5	46.5	37	29	31	69	55.5	7	38	36	56.5	55.5	59.5	39.5	28	36.5	36	74	56.5	44	28	50	20.5	20.5	36.5	51	21.5	74	25.5	28.5	29.5	36.5	25	26	25	22	32.5	52.5	47	23.5	38.5	28	26	28.5	51	23	
69.5	73	41	43	26.5	63	42	25.5	26	42.5	47.5	35	36	35	70	43.5	0	31.5	61.5	20.5	71	50.5	35.5	37	28	64.5	58.5	33.5	70	70	27.5	32.5	39	59	21.5	41	31	27.5	12	27	71	54	39.5	61.5	30.5	77.5	36.5	30	57.5	35	1	35.5	53	33.5	79	35	60.5	27	73.5	56	35	64.5	51	32.5	64	39.5	11	33	54.5	32	33	9	34.5	32.5	32	47.5	25	20	29	77.5	25	29	74.5	66.5	68.5	33.5	38	50.5	25.5	41.5	15	12	28	38	25.5	19	71.5	38.5	39	63.5	65.5	32.5	23	53	74	33.5	59	36.5	63	49	22	29	62.5	61.5	46.5	59.5	70	35	29.5	59	5	59.5	33.5	31	33.5	48.5	
69	72.5	40.5	48.5	32	66.5	42.5	31	20.5	48	42	40.5	30.5	34.5	69.5	49	31.5	0	67	26	70.5	56	30	37.5	22.5	64	58	34	69.5	69.5	22	32	33.5	60.5	22	35.5	30.5	28	19.5	32.5	70.5	59.5	34	61	36	83	31	35.5	63	34.5	32.5	36	58.5	34	80.5	40.5	60	27.5	79	61.5	34.5	70	56.5	33	65.5	40	20.5	27.5	60	37.5	27.5	24.5	29	32	37.5	53	19.5	20.5	28.5	77	30.5	29.5	80	68	74	28	36.5	56	31	41	18.5	21.5	22.5	37.5	31	19.5	71	33	39.5	63	69	1	28.5	56.5	79.5	34	64.5	31	68.5	48.5	27.5	34.5	68	61	46	65	69.5	35.5	30	58.5	26.5	59	39	36.5	34	48	
34	37.5	50.5	28.5	57	28.5	77.5	36	65.5	33	83	50.5	75.5	60.5	30.5	24	61.5	67	0	51	35.5	21	75	72.5	67.5	9	33	69	34.5	34.5	67	63	76.5	34.5	57	80.5	50.5	63	49.5	52.5	35.5	29.5	79	34	51	38	76	35.5	28	44.5	62.5	71	28.5	69	39.5	40.5	35	62.5	34	31.5	54.5	3	26.5	68	29.5	75	50.5	72.5	7	37.5	72.5	64.5	74	57	37.5	38	64.5	55.5	58.5	38	40.5	64.5	35	5	29	73	73.5	31	56	54	58.5	61.5	67.5	57.5	46	54.5	34	78	74.5	28	4	68	38.5	38.5	34.5	69	19.5	76	23.5	46.5	47.5	54.5	23	34	31	2	30.5	70.5	65	36.5	56.5	34	44	46.5	69	33	
75	66.5	38.5	32.5	6	52.5	36.5	15	36.5	32	42	24.5	46.5	24.5	59.5	33	20.5	26	51	0	76.5	40	34	31.5	38.5	60	56	28	69.5	75.5	38	12	35.5	48.5	16	43.5	36.5	22	8.5	16.5	76.5	43.5	40	53	20	67	43	19.5	47	40.5	21.5	30	42.5	28	68.5	24.5	54	21.5	63	45.5	34.5	54	40.5	27	53.5	34	9.5	43.5	44	21.5	41.5	29.5	35	32	21.5	37	35.5	14.5	30.5	67	14.5	23.5	64	56	58	44	32.5	40	5	33	29.5	32.5	36.5	31.5	15	13.5	63	49	33.5	69	55	27	12.5	42.5	63.5	28	48.5	47	52.5	40.5	11.5	18.5	52	53	52	49	59.5	29.5	24	50.5	15.5	55	23	20.5	28	54	
6.5	20	48	54	70.5	34	85	63.5	63	54.5	84.5	62	73	62	27	51.5	71	70.5	35.5	76.5	0	46.5	72.5	100	65	26.5	30.5	88.5	17	1	64.5	64.5	76	38	84.5	78	48	84.5	77	70	0	43	76.5	33.5	66.5	24.5	73.5	63	39.5	42	70	86.5	44	96.5	10	62	32.5	80	28.5	41	52	32.5	46	95.5	33	82.5	78	70	42.5	65	70	62	71.5	54.5	65	49.5	62	83	56	19.5	68	78	27.5	30.5	28.5	70.5	79	46.5	71.5	53.5	56	59	65	55	71.5	82	23.5	75.5	98	15.5	31.5	69.5	66	44	15	88.5	38	73.5	34	46	75	68	30.5	33.5	28.5	37.5	27	82	82.5	36	76	31.5	63.5	66	96.5	30.5	
45	36.5	43.5	17.5	46	22.5	66.5	25	66.5	22	72	39.5	76.5	49.5	29.5	13	50.5	56	21	40	46.5	0	64	61.5	68.5	30	16	58	39.5	45.5	68	52	65.5	23.5	46	73.5	51.5	52	38.5	41.5	46.5	18.5	70	13	40	37	73	24.5	7	45.5	51.5	60	17.5	58	38.5	29.5	14	51.5	33	20.5	49.5	24	15.5	57	23.5	64	39.5	73.5	14	26.5	71.5	59.5	65	52	26.5	27	65.5	44.5	55.5	37	29.5	53.5	34	26	28	74	62.5	20	45	43	59.5	62.5	66.5	46.5	35	43.5	33	79	63.5	39	25	57	27.5	27.5	33.5	58	18.5	77	22.5	35.5	36.5	43.5	22	13	32	19	29.5	59.5	54	25.5	45.5	15	33	35.5	58	34	
71	74.5	42.5	56.5	40	68.5	34.5	39	17.5	56	34	46.5	22.5	36.5	71.5	57	35.5	30	75	34	72.5	64	0	35.5	14.5	66	60	32	71.5	71.5	8	34	25.5	62.5	18	27.5	32.5	12	27.5	40.5	72.5	67.5	26	63	44	89	23	43.5	69	36.5	34.5	34	66.5	32	82.5	48.5	62	30.5	87	65.5	36.5	72	64.5	31	67.5	32	28.5	19.5	68	45.5	19.5	26.5	1	34	45.5	59	16.5	23.5	30.5	79	38.5	32.5	88	70	82	20	28.5	64	39	43	20.5	23.5	19.5	39.5	39	22.5	73	25	37.5	65	71	29	36.5	58.5	87.5	32	72.5	23	76.5	50.5	35.5	42.5	76	63	48	73	71.5	31.5	10	60.5	34.5	61	47	44.5	32	50	
98.5	88	60	54	37.5	74	23	36.5	45	53.5	23.5	46	35	46	81	54.5	37	37.5	72.5	31.5	100	61.5	35.5	0	37	81.5	77.5	19.5	91	99	41.5	43.5	32	70	17.5	30	60	23.5	25	38	100	65	31.5	74.5	41.5	88.5	34.5	41	68.5	64	38	21.5	64	9.5	90	46	75.5	28	84.5	67	56	75.5	62	8.5	75	25.5	26	32	65.5	43	38	46	36.5	53.5	43	58.5	44	21	52	88.5	36	30	85.5	77.5	79.5	37.5	29	61.5	36.5	54.5	48	49	43	53	36.5	20	84.5	32.5	2	92.5	76.5	38.5	34	64	85	19.5	70	30.5	74	62	33	40	73.5	74.5	75.5	70.5	81	26	25.5	72	32	76.5	44.5	42	9.5	77.5	
63.5	67	35	61	32.5	61	22	51.5	10	56.5	21.5	39	10	29	64	65.5	28	22.5	67.5	38.5	65	68.5	14.5	37	0	58.5	52.5	25.5	64	64	6.5	26.5	11	55	32.5	15	25	26.5	40	37	65	60	13.5	55.5	38.5	81.5	10.5	54	61.5	29	27	23.5	61	35.5	75	49	54.5	27	85.5	58	29	64.5	63	36.5	60	19.5	39	7	74.5	52	5	19	13.5	26.5	52	51.5	9	34	23	71.5	49	25	84.5	62.5	80.5	7.5	14	58.5	33.5	35.5	13	16	12	32	43.5	35	65.5	12.5	35	57.5	63.5	21.5	49	51	80	25.5	75	10.5	81	43	42	35	86.5	55.5	40.5	69.5	64	17	24.5	53	33	53.5	45.5	43	35.5	42.5	
25	28.5	41.5	37.5	64	27.5	78.5	45	56.5	42	78	55.5	66.5	55.5	25.5	33	64.5	64	9	60	26.5	30	66	81.5	58.5	0	24	78	25.5	25.5	58	58	69.5	31.5	66	71.5	41.5	72	58.5	61.5	26.5	36.5	70	27	60	43	67	44.5	33	35.5	63.5	80	37.5	78	36.5	49.5	26	71.5	43	34.5	45.5	6	35.5	77	26.5	76	59.5	63.5	16	46.5	63.5	55.5	65	48	46.5	43	55.5	64.5	49.5	33	49.5	71.5	44	4	38	64	72.5	40	65	47	49.5	52.5	58.5	48.5	55	63.5	27	69	83.5	19	5	63	47.5	37.5	41.5	78	28.5	67	32.5	39.5	56.5	61.5	32	27	22	11	25.5	75.5	74	29.5	65.5	25	53	55.5	78	24	
29	32.5	35.5	33.5	58	26.5	72.5	41	50.5	38	72	49.5	60.5	49.5	29.5	29	58.5	58	33	56	30.5	16	60	77.5	52.5	24	0	74	29.5	29.5	52	52	63.5	25.5	62	65.5	35.5	68	54.5	57.5	30.5	30.5	64	3	54	47	61	40.5	9	29.5	57.5	74	31.5	74	40.5	45.5	2	67.5	49	28.5	39.5	30	31.5	73	25.5	70	55.5	57.5	30	42.5	57.5	49.5	59	42	42.5	37	49.5	60.5	43.5	37	45.5	65.5	50	28	44	58	66.5	34	59	41	43.5	46.5	52.5	42.5	51	59.5	31	63	79.5	23	29	57	43.5	31.5	45.5	74	34.5	61	38.5	33.5	52.5	55.5	38	3	16	35	29.5	69.5	70	23.5	61.5	1	49	51.5	74	18	
87	84.5	56.5	50.5	34	70.5	24.5	33	33.5	50	30	42.5	28.5	42.5	77.5	51	33.5	34	69	28	88.5	58	32	19.5	25.5	78	74	0	87.5	87.5	30	40	28.5	66.5	14	31.5	48.5	20	21.5	34.5	88.5	61.5	12	71	38	85	15	37.5	65	52.5	34.5	2	60.5	16	86.5	42.5	72	24.5	81	63.5	52.5	72	58.5	15	71.5	6	22.5	25.5	62	39.5	30.5	42.5	33	50	39.5	55	32.5	17.5	46.5	85	32.5	26.5	82	74	76	18	25.5	58	33	51	36.5	39.5	35.5	49.5	33	16.5	81	31	21.5	81	73	35	30.5	60.5	81.5	0	66.5	29	70.5	58.5	29.5	36.5	70	71	64	67	77.5	22.5	22	68.5	28.5	73	41	38.5	16	66	
15.5	3	47	47	69.5	33	84	54.5	62	51.5	83.5	61	72	61	26	42.5	70	69.5	34.5	69.5	17	39.5	71.5	91	64	25.5	29.5	87.5	0	16	63.5	63.5	75	37	75.5	77	47	81.5	68	69	17	42	75.5	32.5	65.5	33.5	72.5	54	38.5	41	69	85.5	43	87.5	27	59	31.5	79	37.5	40	51	31.5	45	86.5	32	81.5	69	69	33.5	56	69	61	70.5	53.5	56	48.5	61	74	55	23.5	59	77	36.5	29.5	32.5	69.5	78	45.5	70.5	52.5	55	58	64	54	64.5	73	22.5	74.5	93	14.5	30.5	68.5	57	43	32	87.5	33	72.5	17	45	66	67	26.5	32.5	27.5	36.5	26	81	81.5	35	75	30.5	62.5	65	87.5	29.5	
5.5	19	47	53	69.5	33	84	64.5	62	53.5	83.5	61	72	61	26	52.5	70	69.5	34.5	75.5	1	45.5	71.5	99	64	25.5	29.5	87.5	16	0	63.5	63.5	75	37	85.5	77	47	83.5	78	69	1	42	75.5	32.5	65.5	23.5	72.5	64	38.5	41	69	85.5	43	97.5	11	61	31.5	79	27.5	40	51	31.5	45	96.5	32	81.5	79	69	41.5	64	69	61	70.5	53.5	64	48.5	61	84	55	18.5	69	77	26.5	29.5	27.5	69.5	78	45.5	70.5	52.5	55	58	64	54	70.5	83	22.5	74.5	97	14.5	30.5	68.5	67	43	16	87.5	37	72.5	33	45	74	67	31.5	32.5	27.5	36.5	26	81	81.5	35	75	30.5	62.5	65	97.5	29.5	
63	66.5	34.5	60.5	32	60.5	26.5	47	9.5	56	26	38.5	14.5	28.5	63.5	65	27.5	22	67	38	64.5	68	8	41.5	6.5	58	52	30	63.5	63.5	0	26	17.5	54.5	26	19.5	24.5	20	35.5	36.5	64.5	59.5	18	55	38	81	15	51.5	61	28.5	26.5	28	60.5	40	74.5	48.5	54	26.5	85	57.5	28.5	64	62.5	39	59.5	24	36.5	11.5	74	51.5	11.5	18.5	7	26	51.5	51	8.5	31.5	22.5	71	46.5	24.5	84	62	80	12	20.5	58	33	35	12.5	15.5	11.5	31.5	43	30.5	65	17	39.5	57	63	21	44.5	50.5	79.5	30	74.5	15	80.5	42.5	41.5	34.5	84	55	40	69	63.5	23.5	18	52.5	32.5	53	45	42.5	40	42	
63	66.5	34.5	44.5	6	60.5	46.5	27	24.5	44	46	36.5	34.5	28.5	63.5	45	32.5	32	63	12	64.5	52	34	43.5	26.5	58	52	40	63.5	63.5	26	0	37.5	54.5	28	39.5	24.5	34	20.5	28.5	64.5	55.5	38	55	32	79	35	31.5	59	28.5	31.5	42	54.5	40	74.5	36.5	54	33.5	75	57.5	28.5	64	52.5	39	59.5	44	21.5	31.5	56	33.5	31.5	23.5	33	26	33.5	49	23.5	26.5	22.5	71	26.5	35.5	76	62	70	32	40.5	52	7	35	17.5	20.5	26.5	31.5	27	25.5	65	37	45.5	57	63	31	24.5	50.5	75.5	40	60.5	35	64.5	42.5	23.5	30.5	64	55	40	61	63.5	41.5	36	52.5	27.5	53	35	32.5	40	42	
74.5	78	46	58	41.5	72	33	40.5	21	57.5	32.5	50	21	40	75	58.5	39	33.5	76.5	35.5	76	65.5	25.5	32	11	69.5	63.5	28.5	75	75	17.5	37.5	0	66	21.5	26	36	27.5	29	42	76	69	24.5	66.5	45.5	92.5	21.5	45	72.5	40	38	30.5	68	28.5	86	50	65.5	32	88.5	69	40	75.5	66	27.5	71	30.5	30	18	69.5	47	6	30	24.5	37.5	47	62.5	20	25	34	82.5	40	34	89.5	73.5	83.5	18.5	3	65.5	40.5	46.5	24	27	23	43	40.5	24	76.5	23.5	34	68.5	74.5	32.5	38	62	89	28.5	74	21.5	78	54	37	44	77.5	66.5	51.5	74.5	75	6	29.5	64	36	64.5	48.5	46	28.5	53.5	
36.5	40	38	26	54.5	34	75	33.5	53	30.5	74.5	48	63	52	37	21.5	59	60.5	34.5	48.5	38	23.5	62.5	70	55	31.5	25.5	66.5	37	37	54.5	54.5	66	0	54.5	68	38	60.5	47	50	38	5	66.5	28.5	48.5	50.5	63.5	33	30.5	32	60	68.5	6	66.5	48	38	27.5	60	46.5	3	42	37.5	8	65.5	33	72.5	48	60	27.5	35	60	52	61.5	44.5	35	35.5	52	53	46	44.5	38	62	47.5	35.5	41.5	60.5	69	28.5	53.5	43.5	46	49	55	45	43.5	52	38.5	65.5	72	30.5	36.5	59.5	36	34	47	66.5	32	63.5	36	36	45	52	35.5	28.5	18.5	32.5	37	68	62.5	2	54	26.5	41.5	44	66.5	20.5	
89	72.5	44.5	38.5	22	58.5	22.5	21	29.5	38	28	30.5	34.5	30.5	65.5	39	21.5	22	57	16	84.5	46	18	17.5	32.5	66	62	14	75.5	85.5	26	28	21.5	54.5	0	29.5	44.5	6	9.5	22.5	84.5	49.5	26	59	26	73	29	25.5	53	50.5	22.5	16	48.5	14	74.5	30.5	60	12.5	69	51.5	40.5	60	46.5	13	59.5	20	10.5	37.5	50	27.5	27.5	30.5	19	38	27.5	43	30.5	5.5	36.5	73	20.5	14.5	70	62	64	32	18.5	46	21	39	36.5	33.5	27.5	37.5	21	4.5	69	37	19.5	77	61	23	18.5	48.5	69.5	14	54.5	39	58.5	46.5	17.5	24.5	58	59	64	55	65.5	15.5	8	56.5	16.5	61	29	26.5	14	62	
76.5	80	48	66	45.5	74	7	48.5	23	65.5	24.5	52	5	42	77	66.5	41	35.5	80.5	43.5	78	73.5	27.5	30	15	71.5	65.5	31.5	77	77	19.5	39.5	26	68	29.5	0	38	35.5	37	50	78	73	21.5	68.5	51.5	94.5	18.5	53	74.5	42	40	31.5	74	26.5	88	58	67.5	40	96.5	71	42	77.5	74	25.5	73	27.5	38	8	77.5	55	20	32	26.5	39.5	55	64.5	22	33	36	84.5	48	38	97.5	75.5	91.5	15.5	29	71.5	46.5	48.5	26	29	25	45	48.5	32	78.5	15.5	32	70.5	76.5	34.5	46	64	93	31.5	82	13.5	86	56	45	48	85.5	68.5	53.5	82.5	77	32	37.5	66	44	66.5	56.5	54	26.5	55.5	
46.5	50	18	44	30.5	44	45	28.5	23	39.5	44.5	14	33	22	47	46.5	31	30.5	50.5	36.5	48	51.5	32.5	60	25	41.5	35.5	48.5	47	47	24.5	24.5	36	38	44.5	38	0	44.5	37	30	48	43	36.5	38.5	26.5	64.5	33.5	33	44.5	12	30	46.5	44	56.5	58	32	37.5	40	68.5	41	4	47.5	46	55.5	43	42.5	38	30	57.5	35	30	22	31.5	14.5	35	34.5	22	43	16	54.5	24	38	67.5	45.5	63.5	30.5	39	41.5	31.5	18.5	16	19	25	7	31.5	42	48.5	35.5	58	40.5	46.5	29.5	26	34	63	48.5	58	33.5	64	26	35	28	65.5	38.5	23.5	52.5	47	42	42.5	36	36	36.5	28.5	18	56.5	25.5	
83	78.5	50.5	44.5	28	64.5	28.5	27	29.5	44	34	36.5	34.5	36.5	71.5	45	27.5	28	63	22	84.5	52	12	23.5	26.5	72	68	20	81.5	83.5	20	34	27.5	60.5	6	35.5	44.5	0	15.5	28.5	84.5	55.5	32	65	32	79	35	31.5	59	48.5	28.5	22	54.5	20	80.5	36.5	66	18.5	75	57.5	46.5	66	52.5	19	65.5	26	16.5	31.5	56	33.5	31.5	36.5	13	44	33.5	49	28.5	11.5	42.5	79	26.5	20.5	76	68	70	32	24.5	52	27	45	32.5	35.5	31.5	43.5	27	10.5	75	37	25.5	77	67	29	24.5	54.5	75.5	20	60.5	35	64.5	52.5	23.5	30.5	64	65	60	61	71.5	21.5	2	62.5	22.5	67	35	32.5	20	62	
81.5	65	37	31	14.5	51	30	13.5	32	30.5	35.5	23	42	23	58	31.5	12	19.5	49.5	8.5	77	38.5	27.5	25	40	58.5	54.5	21.5	68	78	35.5	20.5	29	47	9.5	37	37	15.5	0	15	77	42	33.5	51.5	18.5	65.5	36.5	18	45.5	43	13	23.5	41	21.5	67	23	52.5	15	61.5	44	33	52.5	39	20.5	52	27.5	1	45	42.5	20	35	21	28.5	30.5	20	35.5	33	8	29	65.5	13	17	62.5	54.5	56.5	39.5	26	38.5	13.5	31.5	27	24	30	30	13.5	7	61.5	44.5	27	69.5	53.5	20.5	11	41	62	21.5	47	46.5	51	39	10	17	50.5	51.5	56.5	47.5	58	23	17.5	49	7	53.5	21.5	19	21.5	54.5	
68.5	68	40	34	22.5	54	43	16.5	35	33.5	48.5	26	45	8	61	34.5	27	32.5	52.5	16.5	70	41.5	40.5	38	37	61.5	57.5	34.5	69	69	36.5	28.5	42	50	22.5	50	30	28.5	15	0	70	45	46.5	54.5	21.5	68.5	45.5	21	48.5	34	28	36.5	44	34.5	70	26	55.5	28	64.5	47	34	55.5	42	33.5	55	40.5	16	42	45.5	23	42	34	41.5	31.5	23	38.5	34	21	14	68.5	16	30	65.5	57.5	59.5	42.5	39	41.5	21.5	34.5	28	31	37	33	16.5	20	64.5	47.5	40	62.5	56.5	33.5	14	44	65	34.5	50	45.5	54	42	5	2	53.5	54.5	45.5	50.5	61	36	30.5	52	22	56.5	24.5	22	34.5	47.5	
6.5	20	48	54	70.5	34	85	63.5	63	54.5	84.5	62	73	62	27	51.5	71	70.5	35.5	76.5	0	46.5	72.5	100	65	26.5	30.5	88.5	17	1	64.5	64.5	76	38	84.5	78	48	84.5	77	70	0	43	76.5	33.5	66.5	24.5	73.5	63	39.5	42	70	86.5	44	96.5	10	62	32.5	80	28.5	41	52	32.5	46	95.5	33	82.5	78	70	42.5	65	70	62	71.5	54.5	65	49.5	62	83	56	19.5	68	78	27.5	30.5	28.5	70.5	79	46.5	71.5	53.5	56	59	65	55	71.5	82	23.5	75.5	98	15.5	31.5	69.5	66	44	15	88.5	38	73.5	34	46	75	68	30.5	33.5	28.5	37.5	27	82	82.5	36	76	31.5	63.5	66	96.5	30.5	
41.5	45	43	21	49.5	31	70	28.5	58	25.5	75.5	43	68	53	38	16.5	54	59.5	29.5	43.5	43	18.5	67.5	65	60	36.5	30.5	61.5	42	42	59.5	55.5	69	5	49.5	73	43	55.5	42	45	43	0	71.5	31.5	43.5	45.5	68.5	28	25.5	37	55	63.5	1	61.5	47	33	32.5	55	41.5	2	47	32.5	3	60.5	32	67.5	43	65	22.5	30	65	57	66.5	49.5	30	30.5	57	48	51	45.5	33	57	42.5	34.5	36.5	65.5	66	23.5	48.5	46.5	51	54	60	50	38.5	47	41.5	70.5	67	35.5	33.5	60.5	31	31	42	61.5	27	68.5	31	39	40	47	30.5	31.5	23.5	27.5	38	63	57.5	7	49	31.5	36.5	39	61.5	25.5	
75	78.5	46.5	62.5	44	72.5	28.5	45	21.5	62	28	50.5	16.5	40.5	75.5	63	39.5	34	79	40	76.5	70	26	31.5	13.5	70	64	12	75.5	75.5	18	38	24.5	66.5	26	21.5	36.5	32	33.5	46.5	76.5	71.5	0	67	50	93	3	49.5	73	40.5	38.5	10	72.5	28	86.5	54.5	66	36.5	93	69.5	40.5	76	70.5	27	71.5	6	34.5	13.5	74	51.5	18.5	30.5	25	38	51.5	63	20.5	29.5	34.5	83	44.5	36.5	94	74	88	6	27.5	70	45	47	24.5	27.5	23.5	43.5	45	28.5	77	19	33.5	69	75	33	42.5	62.5	91.5	12	78.5	17	82.5	54.5	41.5	46.5	82	67	52	79	75.5	30.5	34	64.5	40.5	65	53	50.5	28	54	
32	35.5	38.5	30.5	59	29.5	75.5	38	53.5	35	75	52.5	63.5	52.5	32.5	26	61.5	61	34	53	33.5	13	63	74.5	55.5	27	3	71	32.5	32.5	55	55	66.5	28.5	59	68.5	38.5	65	51.5	54.5	33.5	31.5	67	0	53	50	64	37.5	6	32.5	60.5	73	30.5	71	43.5	42.5	1	64.5	46	31.5	42.5	33	28.5	70	28.5	73	52.5	60.5	27	39.5	60.5	52.5	62	45	39.5	40	52.5	57.5	46.5	40	42.5	66.5	47	31	41	61	69.5	33	58	44	46.5	49.5	55.5	45.5	48	56.5	34	66	76.5	26	32	60	40.5	34.5	46.5	71	31.5	64	35.5	36.5	49.5	56.5	35	0	19	32	32.5	72.5	67	26.5	58.5	2	46	48.5	71	21	
65	66.5	36.5	32.5	26	52.5	46.5	15	36.5	32	52	24.5	46.5	29.5	59.5	33	30.5	36	51	20	66.5	40	44	41.5	38.5	60	54	38	65.5	65.5	38	32	45.5	48.5	26	51.5	26.5	32	18.5	21.5	66.5	43.5	50	53	0	67	47	19.5	47	30.5	31.5	40	42.5	38	68.5	24.5	54	31.5	63	45.5	30.5	54	40.5	37	53.5	44	19.5	43.5	44	21.5	43.5	35.5	45	12	21.5	37	35.5	24.5	29.5	67	14.5	33.5	64	56	58	44	42.5	40	25	33	29.5	32.5	38.5	31.5	5	23.5	63	49	43.5	59	55	37	12.5	42.5	63.5	38	48.5	47	52.5	40.5	16.5	23.5	52	53	42	49	59.5	39.5	34	50.5	25.5	55	23	20.5	38	44	
18	36.5	64.5	44.5	73	44.5	93.5	52	79.5	49	99	66.5	89.5	76.5	41.5	40	77.5	83	38	67	24.5	37	89	88.5	81.5	43	47	85	33.5	23.5	81	79	92.5	50.5	73	94.5	64.5	79	65.5	68.5	24.5	45.5	93	50	67	0	90	51.5	44	58.5	78.5	87	44.5	85	30.5	56.5	49	78.5	4	47.5	68.5	41	42.5	84	45.5	91	66.5	86.5	31	53.5	86.5	78.5	88	71	53.5	54	78.5	71.5	72.5	34	56.5	80.5	3	43	25	87	89.5	47	72	70	72.5	75.5	81.5	71.5	62	70.5	40	92	90.5	32	42	84	54.5	54.5	25.5	85	30.5	90	24.5	62.5	63.5	70.5	19	50	45	36	41.5	86.5	81	52.5	72.5	48	60	62.5	85	47	
72	75.5	43.5	65.5	41	69.5	25.5	48	18.5	65	25	47.5	13.5	37.5	72.5	66	36.5	31	76	43	73.5	73	23	34.5	10.5	67	61	15	72.5	72.5	15	35	21.5	63.5	29	18.5	33.5	35	36.5	45.5	73.5	68.5	3	64	47	90	0	52.5	70	37.5	35.5	13	69.5	31	83.5	57.5	63	35.5	94	66.5	37.5	73	71.5	30	68.5	9	37.5	10.5	77	54.5	15.5	27.5	22	35	54.5	60	17.5	32.5	31.5	80	47.5	33.5	93	71	89	3	24.5	67	42	44	21.5	24.5	20.5	40.5	48	31.5	74	16	36.5	66	72	30	45.5	59.5	88.5	15	81.5	14	85.5	51.5	44.5	43.5	85	64	49	78	72.5	27.5	33	61.5	41.5	62	54	51.5	31	51	
65.5	51	19	17	25.5	37	46	4.5	48	16.5	51.5	19	58	29	44	17.5	30	35.5	35.5	19.5	63	24.5	43.5	41	54	44.5	40.5	37.5	54	64	51.5	31.5	45	33	25.5	53	33	31.5	18	21	63	28	49.5	37.5	19.5	51.5	52.5	0	31.5	25	31	39.5	27	37.5	53	5	38.5	31	47.5	30	29	38.5	25	36.5	38	43.5	19	59	28.5	2	51	39	44.5	31.5	2	21.5	49	24	35	51.5	9	33	48.5	40.5	42.5	55.5	42	24.5	24.5	22.5	45	42	46	26	14.5	23	47.5	60.5	43	55.5	39.5	36.5	7	27	48	37.5	33	62.5	37	25	16	23	36.5	37.5	42.5	33.5	44	39	33.5	35	25	39.5	12.5	15	37.5	40.5	
38	41.5	44.5	24.5	53	29.5	73.5	32	59.5	29	79	46.5	69.5	56.5	36.5	20	57.5	63	28	47	39.5	7	69	68.5	61.5	33	9	65	38.5	38.5	61	59	72.5	30.5	53	74.5	44.5	59	45.5	48.5	39.5	25.5	73	6	47	44	70	31.5	0	38.5	58.5	67	24.5	65	45.5	36.5	7	58.5	40	27.5	48.5	31	22.5	64	30.5	71	46.5	66.5	21	33.5	66.5	58.5	68	51	33.5	34	58.5	51.5	52.5	44	36.5	60.5	41	33	35	67	69.5	27	52	50	52.5	55.5	61.5	51.5	42	50.5	40	72	70.5	32	32	64	34.5	34.5	40.5	65	25.5	70	29.5	42.5	43.5	50.5	29	6	25	26	36.5	66.5	61	32.5	52.5	8	40	42.5	65	27	
40.5	44	6	38	34.5	38	49	29.5	27	33.5	48.5	26	37	26	41	42.5	35	34.5	44.5	40.5	42	45.5	36.5	64	29	35.5	29.5	52.5	41	41	28.5	28.5	40	32	50.5	42	12	48.5	43	34	42	37	40.5	32.5	30.5	58.5	37.5	25	38.5	0	34	50.5	38	62.5	52	20	31.5	44	62.5	35	16	41.5	40	61.5	37	46.5	44	34	51.5	23	34	26	35.5	18.5	23	28.5	26	49	20	48.5	34	42	61.5	39.5	57.5	34.5	43	35.5	35.5	17.5	20	23	29	19	35.5	48	42.5	39.5	62	34.5	40.5	33.5	32	28	57	52.5	52	37.5	58	20	39	32	61.5	32.5	17.5	46.5	41	46	46.5	30	40	30.5	27.5	30	62.5	19.5	
68.5	72	40	44	27.5	64	43	26.5	25	43.5	46.5	36	35	34	69	44.5	1	32.5	62.5	21.5	70	51.5	34.5	38	27	63.5	57.5	34.5	69	69	26.5	31.5	38	60	22.5	40	30	28.5	13	28	70	55	38.5	60.5	31.5	78.5	35.5	31	58.5	34	0	36.5	54	34.5	80	36	59.5	28	74.5	57	34	65.5	52	33.5	65	40.5	12	32	55.5	33	32	8	33.5	31.5	33	48.5	24	21	28	76.5	26	30	75.5	67.5	69.5	32.5	39	51.5	26.5	40.5	14	11	27	37	26.5	20	70.5	37.5	40	62.5	66.5	31.5	24	54	75	34.5	60	35.5	64	48	23	30	63.5	60.5	45.5	60.5	69	36	30.5	58	6	58.5	34.5	32	34.5	47.5	
85	86.5	56.5	52.5	36	72.5	26.5	35	31.5	52	32	44.5	26.5	44.5	79.5	53	35.5	36	71	30	86.5	60	34	21.5	23.5	80	74	2	85.5	85.5	28	42	30.5	68.5	16	31.5	46.5	22	23.5	36.5	86.5	63.5	10	73	40	87	13	39.5	67	50.5	36.5	0	62.5	18	88.5	44.5	74	26.5	83	65.5	50.5	74	60.5	17	73.5	4	24.5	23.5	64	41.5	28.5	40.5	35	48	41.5	57	30.5	19.5	44.5	87	34.5	28.5	84	76	78	16	27.5	60	35	53	34.5	37.5	33.5	51.5	35	18.5	83	29	23.5	79	75	37	32.5	62.5	83.5	2	68.5	27	72.5	60.5	31.5	38.5	72	73	62	69	79.5	24.5	24	70.5	30.5	75	43	40.5	18	64	
42.5	44	44	20	48.5	30	69	27.5	59	24.5	74.5	42	69	52	37	15.5	53	58.5	28.5	42.5	44	17.5	66.5	64	61	37.5	31.5	60.5	43	43	60.5	54.5	68	6	48.5	74	44	54.5	41	44	44	1	72.5	30.5	42.5	44.5	69.5	27	24.5	38	54	62.5	0	60.5	46	32	31.5	54	40.5	3	48	31.5	2	59.5	31	66.5	42	66	21.5	29	66	58	67.5	50.5	29	29.5	58	47	52	44.5	32	56	41.5	33.5	35.5	66.5	65	22.5	47.5	45.5	52	55	61	49	37.5	46	40.5	71.5	66	36.5	32.5	59.5	30	30	41	60.5	26	69.5	30	38	39	46	29.5	30.5	24.5	26.5	37	62	56.5	8	48	32.5	35.5	38	60.5	26.5	
97	84.5	56.5	50.5	34	70.5	19.5	33	41.5	50	14	42.5	31.5	42.5	77.5	51	33.5	34	69	28	96.5	58	32	9.5	35.5	78	74	16	87.5	97.5	40	40	28.5	66.5	14	26.5	56.5	20	21.5	34.5	96.5	61.5	28	71	38	85	31	37.5	65	62.5	34.5	18	60.5	0	86.5	42.5	72	24.5	81	63.5	52.5	72	58.5	1	71.5	22	22.5	30.5	62	39.5	34.5	42.5	33	50	39.5	55	42.5	17.5	48.5	85	32.5	26.5	82	74	76	34	25.5	58	33	51	46.5	45.5	39.5	49.5	33	16.5	81	23	11.5	89	73	35	30.5	60.5	81.5	16	66.5	25	70.5	58.5	29.5	36.5	70	71	74	67	77.5	22.5	22	68.5	28.5	73	41	38.5	0	74	
16.5	30	58	46	74.5	44	95	53.5	73	50.5	94.5	68	83	72	37	41.5	79	80.5	39.5	68.5	10	38.5	82.5	90	75	36.5	40.5	86.5	27	11	74.5	74.5	86	48	74.5	88	58	80.5	67	70	10	47	86.5	43.5	68.5	30.5	83.5	53	45.5	52	80	88.5	46	86.5	0	58	42.5	80	26.5	49	62	42.5	44	85.5	43	92.5	68	80	32.5	55	80	72	81.5	64.5	55	55.5	72	73	66	29.5	58	82	27.5	40.5	26.5	80.5	89	48.5	73.5	63.5	66	69	75	65	63.5	72	33.5	85.5	92	25.5	41.5	79.5	56	54	5	86.5	32	83.5	26	56	65	72	20.5	43.5	38.5	37.5	37	88	82.5	46	74	41.5	61.5	64	86.5	40.5	
60.5	56	14	22	30.5	42	51	9.5	47	21.5	56.5	24	57	34	49	22.5	35	40.5	40.5	24.5	62	29.5	48.5	46	49	49.5	45.5	42.5	59	61	48.5	36.5	50	38	30.5	58	32	36.5	23	26	62	33	54.5	42.5	24.5	56.5	57.5	5	36.5	20	36	44.5	32	42.5	58	0	43.5	36	52.5	35	34	43.5	30	41.5	43	48.5	24	54	33.5	3	54	44	49.5	36.5	3	26.5	46	29	40	56.5	14	38	53.5	45.5	47.5	54.5	47	29.5	29.5	27.5	40	43	49	31	19.5	28	52.5	59.5	48	54.5	44.5	41.5	12	32	53	42.5	38	57.5	42	30	21	28	41.5	42.5	37.5	38.5	49	44	38.5	40	30	44.5	17.5	20	42.5	39.5	
31	34.5	37.5	31.5	60	28.5	74.5	39	52.5	36	74	51.5	62.5	51.5	31.5	27	60.5	60	35	54	32.5	14	62	75.5	54.5	26	2	72	31.5	31.5	54	54	65.5	27.5	60	67.5	37.5	66	52.5	55.5	32.5	32.5	66	1	54	49	63	38.5	7	31.5	59.5	74	31.5	72	42.5	43.5	0	65.5	47	30.5	41.5	32	29.5	71	27.5	72	53.5	59.5	28	40.5	59.5	51.5	61	44	40.5	39	51.5	58.5	45.5	39	43.5	67.5	48	30	42	60	68.5	34	59	43	45.5	48.5	54.5	44.5	49	57.5	33	65	77.5	25	31	59	41.5	33.5	47.5	72	32.5	63	36.5	35.5	50.5	57.5	36	1	18	33	31.5	71.5	68	25.5	59.5	1	47	49.5	72	20	
78.5	78	50	44	27.5	64	33	26.5	17	43.5	38.5	36	35	36	71	44.5	27	27.5	62.5	21.5	80	51.5	30.5	28	27	71.5	67.5	24.5	79	79	26.5	33.5	32	60	12.5	40	40	18.5	15	28	80	55	36.5	64.5	31.5	78.5	35.5	31	58.5	44	28	26.5	54	24.5	80	36	65.5	0	74.5	57	44	65.5	52	23.5	65	30.5	16	32	55.5	33	32	34	31.5	41.5	33	48.5	18	7	38	78.5	26	2	75.5	67.5	69.5	32.5	29	51.5	26.5	44.5	28	31	15	43	26.5	8	74.5	37.5	30	72.5	66.5	28.5	24	54	75	24.5	60	35.5	64	52	23	30	63.5	64.5	55.5	60.5	71	26	20.5	62	22	66.5	34.5	32	24.5	57.5	
22	34.5	66.5	40.5	69	40.5	89.5	48	83.5	45	95	62.5	93.5	72.5	37.5	36	73.5	79	34	63	28.5	33	87	84.5	85.5	43	49	81	37.5	27.5	85	75	88.5	46.5	69	96.5	68.5	75	61.5	64.5	28.5	41.5	93	46	63	4	94	47.5	40	62.5	74.5	83	40.5	81	26.5	52.5	47	74.5	0	43.5	72.5	37	38.5	80	41.5	87	62.5	90.5	27	49.5	90.5	82.5	88	75	49.5	50	82.5	67.5	76.5	30	52.5	76.5	1	39	21	91	85.5	43	68	66	76.5	79.5	85.5	69.5	58	66.5	36	96	86.5	36	38	80	50.5	50.5	21.5	81	26.5	94	20.5	58.5	59.5	66.5	15	46	49	32	37.5	82.5	77	48.5	68.5	48	56	58.5	81	51	
39.5	43	41	23	51.5	33	72	30.5	56	27.5	77.5	45	66	55	40	18.5	56	61.5	31.5	45.5	41	20.5	65.5	67	58	34.5	28.5	63.5	40	40	57.5	57.5	69	3	51.5	71	41	57.5	44	47	41	2	69.5	31.5	45.5	47.5	66.5	30	27.5	35	57	65.5	3	63.5	49	35	30.5	57	43.5	0	45	34.5	5	62.5	34	69.5	45	63	24.5	32	63	55	64.5	47.5	32	32.5	55	50	49	47.5	35	59	44.5	36.5	38.5	63.5	68	25.5	50.5	46.5	49	52	58	48	40.5	49	41.5	68.5	69	33.5	35.5	62.5	33	33	44	63.5	29	66.5	33	39	42	49	32.5	31.5	21.5	29.5	40	65	59.5	5	51	29.5	38.5	41	63.5	23.5	
50.5	54	22	42	34.5	48	49	24.5	27	41.5	48.5	10	37	26	51	42.5	35	34.5	54.5	34.5	52	49.5	36.5	56	29	45.5	39.5	52.5	51	51	28.5	28.5	40	42	40.5	42	4	46.5	33	34	52	47	40.5	42.5	30.5	68.5	37.5	29	48.5	16	34	50.5	48	52.5	62	34	41.5	44	72.5	45	0	51.5	50	51.5	47	46.5	34	34	53.5	31	34	26	35.5	18.5	31	38.5	26	39	20	58.5	20	42	71.5	49.5	67.5	34.5	43	45.5	35.5	22.5	20	23	29	3	29.5	38	52.5	39.5	58	44.5	50.5	33.5	22	38	67	52.5	58	37.5	62	30	31	32	61.5	42.5	27.5	56.5	51	46	46.5	40	40	40.5	32.5	14	52.5	29.5	
31	34.5	47.5	31.5	60	31.5	80.5	39	62.5	36	84	53.5	72.5	61.5	31.5	27	64.5	70	3	54	32.5	24	72	75.5	64.5	6	30	72	31.5	31.5	64	64	75.5	37.5	60	77.5	47.5	66	52.5	55.5	32.5	32.5	76	33	54	41	73	38.5	31	41.5	65.5	74	31.5	72	42.5	43.5	32	65.5	37	34.5	51.5	0	29.5	71	32.5	78	53.5	69.5	10	40.5	69.5	61.5	71	54	40.5	41	61.5	58.5	55.5	39	43.5	67.5	38	2	32	70	76.5	34	59	53	55.5	58.5	64.5	54.5	49	57.5	33	75	77.5	25	1	69	41.5	41.5	37.5	72	22.5	73	26.5	45.5	50.5	57.5	26	33	28	5	31.5	73.5	68	35.5	59.5	31	47	49.5	72	30	
44.5	42	44	18	46.5	28	67	25.5	61	22.5	72.5	40	71	50	35	13.5	51	56.5	26.5	40.5	46	15.5	64.5	62	63	35.5	31.5	58.5	45	45	62.5	52.5	66	8	46.5	74	46	52.5	39	42	46	3	70.5	28.5	40.5	42.5	71.5	25	22.5	40	52	60.5	2	58.5	44	30	29.5	52	38.5	5	50	29.5	0	57.5	29	64.5	40	68	19.5	27	68	60	65.5	52.5	27	27.5	60	45	54	42.5	30	54	39.5	31.5	33.5	68.5	63	20.5	45.5	43.5	54	57	63	47	35.5	44	38.5	73.5	64	38.5	30.5	57.5	28	28	39	58.5	24	71.5	28	36	37	44	27.5	28.5	26.5	24.5	35	60	54.5	10	46	30.5	33.5	36	58.5	28.5	
98	83.5	55.5	49.5	33	69.5	18.5	32	40.5	49	15	41.5	30.5	41.5	76.5	50	32.5	33	68	27	95.5	57	31	8.5	36.5	77	73	15	86.5	96.5	39	39	27.5	65.5	13	25.5	55.5	19	20.5	33.5	95.5	60.5	27	70	37	84	30	36.5	64	61.5	33.5	17	59.5	1	85.5	41.5	71	23.5	80	62.5	51.5	71	57.5	0	70.5	21	21.5	31.5	61	38.5	33.5	41.5	32	49	38.5	54	41.5	16.5	47.5	84	31.5	25.5	81	73	75	33	24.5	57	32	50	47.5	44.5	38.5	48.5	32	15.5	80	24	10.5	88	72	34	29.5	59.5	80.5	15	65.5	26	69.5	57.5	28.5	35.5	69	70	75	66	76.5	21.5	21	67.5	27.5	72	40	37.5	1	73	
31.5	35	43	31	59.5	1	80	38.5	58	35.5	79.5	53	68	57	32	26.5	64	65.5	29.5	53.5	33	23.5	67.5	75	60	26.5	25.5	71.5	32	32	59.5	59.5	71	33	59.5	73	43	65.5	52	55	33	32	71.5	28.5	53.5	45.5	68.5	38	30.5	37	65	73.5	31	71.5	43	43	27.5	65	41.5	34	47	32.5	29	70.5	0	77.5	53	65	22.5	40	65	57	66.5	49.5	40	40.5	57	58	51	39.5	43	67	42.5	30.5	36.5	65.5	74	33.5	58.5	48.5	51	54	60	50	48.5	57	33.5	70.5	77	25.5	31.5	64.5	41	39	42	71.5	27	68.5	31	41	50	57	30.5	28.5	23.5	27.5	32	73	67.5	31	59	26.5	46.5	49	71.5	25.5	
81	84.5	52.5	56.5	40	76.5	30.5	39	27.5	56	34	48.5	22.5	46.5	81.5	57	39.5	40	75	34	82.5	64	32	25.5	19.5	76	70	6	81.5	81.5	24	44	30.5	72.5	20	27.5	42.5	26	27.5	40.5	82.5	67.5	6	73	44	91	9	43.5	71	46.5	40.5	4	66.5	22	92.5	48.5	72	30.5	87	69.5	46.5	78	64.5	21	77.5	0	28.5	19.5	68	45.5	24.5	36.5	31	44	45.5	61	26.5	23.5	40.5	89	38.5	32.5	88	80	82	12	31.5	64	39	53	30.5	33.5	29.5	49.5	39	22.5	83	25	27.5	75	79	39	36.5	66.5	87.5	6	72.5	23	76.5	60.5	35.5	42.5	76	73	58	73	81.5	28.5	28	70.5	34.5	71	47	44.5	22	60	
80.5	66	38	32	15.5	52	31	14.5	33	31.5	36.5	24	43	24	59	32.5	11	20.5	50.5	9.5	78	39.5	28.5	26	39	59.5	55.5	22.5	69	79	36.5	21.5	30	48	10.5	38	38	16.5	1	16	78	43	34.5	52.5	19.5	66.5	37.5	19	46.5	44	12	24.5	42	22.5	68	24	53.5	16	62.5	45	34	53.5	40	21.5	53	28.5	0	44	43.5	21	36	20	29.5	31.5	21	36.5	34	9	30	66.5	14	18	63.5	55.5	57.5	40.5	27	39.5	14.5	32.5	26	23	31	31	14.5	8	62.5	45.5	28	70.5	54.5	21.5	12	42	63	22.5	48	47.5	52	40	11	18	51.5	52.5	57.5	48.5	59	24	18.5	50	6	54.5	22.5	20	22.5	55.5	
68.5	72	40	66	37.5	66	15	56.5	15	61.5	16.5	44	3	34	69	70.5	33	27.5	72.5	43.5	70	73.5	19.5	32	7	63.5	57.5	25.5	69	69	11.5	31.5	18	60	37.5	8	30	31.5	45	42	70	65	13.5	60.5	43.5	86.5	10.5	59	66.5	34	32	23.5	66	30.5	80	54	59.5	32	90.5	63	34	69.5	68	31.5	65	19.5	44	0	79.5	57	12	24	18.5	31.5	57	56.5	14	39	28	76.5	54	30	89.5	67.5	85.5	7.5	21	63.5	38.5	40.5	18	21	17	37	48.5	40	70.5	7.5	30	62.5	68.5	26.5	54	56	85	25.5	80	5.5	86	48	47	40	91.5	60.5	45.5	74.5	69	24	29.5	58	38	58.5	50.5	48	30.5	47.5	
41	30.5	47.5	21.5	50	21.5	70.5	29	72.5	26	76	43.5	82.5	53.5	23.5	17	54.5	60	7	44	42.5	14	68	65.5	74.5	16	30	62	33.5	41.5	74	56	69.5	27.5	50	77.5	57.5	56	42.5	45.5	42.5	22.5	74	27	44	31	77	28.5	21	51.5	55.5	64	21.5	62	32.5	33.5	28	55.5	27	24.5	53.5	10	19.5	61	22.5	68	43.5	79.5	0	30.5	75.5	63.5	69	56	30.5	31	71.5	48.5	59.5	31	33.5	57.5	28	12	22	80	66.5	24	49	47	65.5	66.5	70.5	50.5	39	47.5	27	85	67.5	35	11	61	31.5	31.5	27.5	62	12.5	83	16.5	39.5	40.5	47.5	16	27	38	5	23.5	63.5	58	29.5	49.5	29	37	39.5	62	40	
63.5	53	17	19	27.5	39	48	6.5	50	18.5	53.5	21	60	31	46	19.5	32	37.5	37.5	21.5	65	26.5	45.5	43	52	46.5	42.5	39.5	56	64	51.5	33.5	47	35	27.5	55	35	33.5	20	23	65	30	51.5	39.5	21.5	53.5	54.5	2	33.5	23	33	41.5	29	39.5	55	3	40.5	33	49.5	32	31	40.5	27	38.5	40	45.5	21	57	30.5	0	53	41	46.5	33.5	0	23.5	49	26	37	53.5	11	35	50.5	42.5	44.5	57.5	44	26.5	26.5	24.5	43	44	48	28	16.5	25	49.5	62.5	45	57.5	41.5	38.5	9	29	50	39.5	35	60.5	39	27	18	25	38.5	39.5	40.5	35.5	46	41	35.5	37	27	41.5	14.5	17	39.5	42.5	
68.5	72	40	64	37.5	66	27	46.5	15	61.5	26.5	44	15	34	69	64.5	33	27.5	72.5	41.5	70	71.5	19.5	38	5	63.5	57.5	30.5	69	69	11.5	31.5	6	60	27.5	20	30	31.5	35	42	70	65	18.5	60.5	43.5	86.5	15.5	51	66.5	34	32	28.5	66	34.5	80	54	59.5	32	90.5	63	34	69.5	68	33.5	65	24.5	36	12	75.5	53	0	24	18.5	31.5	53	56.5	14	31	28	76.5	46	30	89.5	67.5	85.5	12.5	9	63.5	38.5	40.5	18	21	17	37	46.5	30	70.5	17.5	40	62.5	68.5	26.5	44	56	85	30.5	80	15.5	84	48	43	40	83.5	60.5	45.5	74.5	69	12	29.5	58	38	58.5	50.5	48	34.5	47.5	
60.5	64	32	52	29.5	58	39	34.5	17	51.5	38.5	36	27	26	61	52.5	9	24.5	64.5	29.5	62	59.5	26.5	46	19	55.5	49.5	42.5	61	61	18.5	23.5	30	52	30.5	32	22	36.5	21	34	62	57	30.5	52.5	35.5	78.5	27.5	39	58.5	26	8	40.5	58	42.5	72	44	51.5	34	82.5	55	26	61.5	60	41.5	57	36.5	20	24	63.5	41	24	0	25.5	23.5	41	48.5	16	29	20	68.5	34	32	81.5	59.5	77.5	24.5	33	55.5	30.5	32.5	6	3	19	29	34.5	28	62.5	29.5	48	54.5	60.5	23.5	32	48	77	42.5	68	27.5	72	40	31	32	71.5	52.5	37.5	66.5	61	36	36.5	50	14	50.5	42.5	40	42.5	39.5	
70	73.5	41.5	57.5	39	67.5	33.5	40	16.5	57	33	45.5	21.5	35.5	70.5	58	34.5	29	74	35	71.5	65	1	36.5	13.5	65	59	33	70.5	70.5	7	33	24.5	61.5	19	26.5	31.5	13	28.5	41.5	71.5	66.5	25	62	45	88	22	44.5	68	35.5	33.5	35	67.5	33	81.5	49.5	61	31.5	88	64.5	35.5	71	65.5	32	66.5	31	29.5	18.5	69	46.5	18.5	25.5	0	33	46.5	58	15.5	24.5	29.5	78	39.5	31.5	89	69	83	19	27.5	65	40	42	19.5	22.5	18.5	38.5	40	23.5	72	24	38.5	64	70	28	37.5	57.5	86.5	33	73.5	22	77.5	49.5	36.5	41.5	77	62	47	74	70.5	30.5	11	59.5	35.5	60	48	45.5	33	49	
53	56.5	24.5	44.5	32	50.5	46.5	27	24.5	44	46	28.5	34.5	23.5	53.5	45	32.5	32	57	32	54.5	52	34	53.5	26.5	48	42	50	53.5	53.5	26	26	37.5	44.5	38	39.5	14.5	44	30.5	31.5	54.5	49.5	38	45	12	71	35	31.5	51	18.5	31.5	48	50.5	50	64.5	36.5	44	41.5	75	47.5	18.5	54	52.5	49	49.5	44	31.5	31.5	56	33.5	31.5	23.5	33	0	33.5	41	23.5	36.5	17.5	61	26.5	39.5	74	52	70	32	40.5	48	33	25	17.5	20.5	26.5	21.5	17	35.5	55	37	55.5	47	53	31	24.5	40.5	69.5	50	60.5	35	64.5	32.5	28.5	29.5	64	45	30	59	53.5	43.5	44	42.5	37.5	43	35	32.5	50	32	
63.5	53	17	19	27.5	39	48	6.5	50	18.5	53.5	21	60	31	46	19.5	32	37.5	37.5	21.5	65	26.5	45.5	43	52	46.5	42.5	39.5	56	64	51.5	33.5	47	35	27.5	55	35	33.5	20	23	65	30	51.5	39.5	21.5	53.5	54.5	2	33.5	23	33	41.5	29	39.5	55	3	40.5	33	49.5	32	31	40.5	27	38.5	40	45.5	21	57	30.5	0	53	41	46.5	33.5	0	23.5	49	26	37	53.5	11	35	50.5	42.5	44.5	57.5	44	26.5	26.5	24.5	43	44	48	28	16.5	25	49.5	62.5	45	57.5	41.5	38.5	9	29	50	39.5	35	60.5	39	27	18	25	38.5	39.5	40.5	35.5	46	41	35.5	37	27	41.5	14.5	17	39.5	42.5	
48	51.5	34.5	19.5	43	39.5	63.5	22	49.5	5	69	36.5	59.5	46.5	46.5	20	47.5	53	38	37	49.5	27	59	58.5	51.5	43	37	55	48.5	48.5	51	49	62.5	35.5	43	64.5	34.5	49	35.5	38.5	49.5	30.5	63	40	37	54	60	21.5	34	28.5	48.5	57	29.5	55	55.5	26.5	39	48.5	50	32.5	38.5	41	27.5	54	40.5	61	36.5	56.5	31	23.5	56.5	48.5	58	41	23.5	0	48.5	41.5	42.5	54	26.5	50.5	51	43	45	57	59.5	27	42	40	42.5	45.5	51.5	41.5	32	40.5	50	62	60.5	42	42	54	24.5	29.5	50.5	55	35.5	60	39.5	32.5	33.5	40.5	39	40	25	36	46.5	56.5	51	37.5	42.5	38	30	32.5	55	27	
60.5	64	32	58	29.5	58	29	44.5	1	53.5	28.5	36	17	26	61	62.5	25	19.5	64.5	35.5	62	65.5	16.5	44	9	55.5	49.5	32.5	61	61	8.5	23.5	20	52	30.5	22	22	28.5	33	34	62	57	20.5	52.5	35.5	78.5	17.5	49	58.5	26	24	30.5	58	42.5	72	46	51.5	18	82.5	55	26	61.5	60	41.5	57	26.5	34	14	71.5	49	14	16	15.5	23.5	49	48.5	0	25	20	68.5	44	16	81.5	59.5	77.5	14.5	23	55.5	30.5	32.5	10	13	3	29	40.5	26	62.5	19.5	42	54.5	60.5	18.5	42	48	77	32.5	72	17.5	78	40	39	32	81.5	52.5	37.5	66.5	61	26	26.5	50	30	50.5	42.5	40	42.5	39.5	
85.5	71	43	37	20.5	57	26	19.5	24	36.5	31.5	29	38	29	64	37.5	20	20.5	55.5	14.5	83	44.5	23.5	21	34	64.5	60.5	17.5	74	84	31.5	26.5	25	53	5.5	33	43	11.5	8	21	83	48	29.5	57.5	24.5	71.5	32.5	24	51.5	49	21	19.5	47	17.5	73	29	58.5	7	67.5	50	39	58.5	45	16.5	58	23.5	9	39	48.5	26	31	29	24.5	36.5	26	41.5	25	0	35	71.5	19	9	68.5	60.5	62.5	35.5	22	44.5	19.5	37.5	35	32	22	36	19.5	1	67.5	40.5	23	75.5	59.5	21.5	17	47	68	17.5	53	42.5	57	45	16	23	56.5	57.5	62.5	53.5	64	19	13.5	55	15	59.5	27.5	25	17.5	60.5	
54.5	58	26	48	28.5	52	43	30.5	21	47.5	42.5	30	31	6	55	48.5	29	28.5	58.5	30.5	56	55.5	30.5	52	23	49.5	43.5	46.5	55	55	22.5	22.5	34	46	36.5	36	16	42.5	29	14	56	51	34.5	46.5	29.5	72.5	31.5	35	52.5	20	28	44.5	52	48.5	66	40	45.5	38	76.5	49	20	55.5	54	47.5	51	40.5	30	28	59.5	37	28	20	29.5	17.5	37	42.5	20	35	0	62.5	30	36	75.5	53.5	71.5	28.5	37	49.5	29.5	26.5	14	17	23	23	30.5	34	56.5	33.5	54	48.5	54.5	27.5	28	42	71	46.5	64	31.5	68	34	19	12	67.5	46.5	31.5	60.5	55	40	40.5	44	34	44.5	36.5	34	48.5	33.5	
18	26.5	54.5	44.5	73	40.5	91.5	52	69.5	49	91	66.5	79.5	68.5	33.5	40	77.5	77	38	67	19.5	37	79	88.5	71.5	33	37	85	23.5	18.5	71	71	82.5	44.5	73	84.5	54.5	79	65.5	68.5	19.5	45.5	83	40	67	34	80	51.5	44	48.5	76.5	87	44.5	85	29.5	56.5	39	78.5	30	47.5	58.5	39	42.5	84	39.5	89	66.5	76.5	31	53.5	76.5	68.5	78	61	53.5	54	68.5	71.5	62.5	0	56.5	80.5	31	37	9	77	85.5	47	72	60	62.5	65.5	71.5	61.5	62	70.5	30	82	90.5	22	38	76	54.5	50.5	30.5	85	30.5	80	24.5	52.5	63.5	70.5	15	40	35	36	33.5	86.5	81	42.5	72.5	38	60	62.5	85	37	
70.5	56	28	22	20.5	42	41	4.5	43	21.5	46.5	10	53	24	49	22.5	25	30.5	40.5	14.5	68	29.5	38.5	36	49	49.5	45.5	32.5	59	69	46.5	26.5	40	38	20.5	48	24	26.5	13	16	68	33	44.5	42.5	14.5	56.5	47.5	9	36.5	34	26	34.5	32	32.5	58	14	43.5	26	52.5	35	20	43.5	30	31.5	43	38.5	14	54	33.5	11	46	34	39.5	26.5	11	26.5	44	19	30	56.5	0	28	53.5	45.5	47.5	50.5	37	29.5	19.5	22.5	40	37	41	17	9.5	18	52.5	55.5	38	60.5	44.5	31.5	2	32	53	32.5	38	57.5	42	30	11	18	41.5	42.5	47.5	38.5	49	34	28.5	40	20	44.5	12.5	6	32.5	45.5	
76.5	80	48	46	29.5	66	35	28.5	15	45.5	40.5	38	33	38	73	46.5	29	29.5	64.5	23.5	78	53.5	32.5	30	25	71.5	65.5	26.5	77	77	24.5	35.5	34	62	14.5	38	38	20.5	17	30	78	57	36.5	66.5	33.5	80.5	33.5	33	60.5	42	30	28.5	56	26.5	82	38	67.5	2	76.5	59	42	67.5	54	25.5	67	32.5	18	30	57.5	35	30	32	31.5	39.5	35	50.5	16	9	36	80.5	28	0	77.5	69.5	71.5	30.5	31	53.5	28.5	46.5	26	29	13	45	28.5	10	76.5	35.5	32	70.5	68.5	30.5	26	56	77	26.5	62	33.5	66	54	25	32	65.5	66.5	53.5	62.5	73	28	22.5	64	24	66.5	36.5	34	26.5	55.5	
21	35.5	67.5	41.5	70	41.5	90.5	49	82.5	46	96	63.5	92.5	73.5	38.5	37	74.5	80	35	64	27.5	34	88	85.5	84.5	44	50	82	36.5	26.5	84	76	89.5	47.5	70	97.5	67.5	76	62.5	65.5	27.5	42.5	94	47	64	3	93	48.5	41	61.5	75.5	84	41.5	82	27.5	53.5	48	75.5	1	44.5	71.5	38	39.5	81	42.5	88	63.5	89.5	28	50.5	89.5	81.5	89	74	50.5	51	81.5	68.5	75.5	31	53.5	77.5	0	40	22	90	86.5	44	69	67	75.5	78.5	84.5	70.5	59	67.5	37	95	87.5	35	39	81	51.5	51.5	22.5	82	27.5	93	21.5	59.5	60.5	67.5	16	47	48	33	38.5	83.5	78	49.5	69.5	49	57	59.5	82	50	
29	32.5	45.5	33.5	62	31.5	82.5	41	60.5	38	82	55.5	70.5	59.5	29.5	29	66.5	68	5	56	30.5	26	70	77.5	62.5	4	28	74	29.5	29.5	62	62	73.5	35.5	62	75.5	45.5	68	54.5	57.5	30.5	34.5	74	31	56	43	71	40.5	33	39.5	67.5	76	33.5	74	40.5	45.5	30	67.5	39	36.5	49.5	2	31.5	73	30.5	80	55.5	67.5	12	42.5	67.5	59.5	69	52	42.5	43	59.5	60.5	53.5	37	45.5	69.5	40	0	34	68	76.5	36	61	51	53.5	56.5	62.5	52.5	51	59.5	31	73	79.5	23	1	67	43.5	41.5	39.5	74	24.5	71	28.5	43.5	52.5	59.5	28	31	26	7	29.5	75.5	70	33.5	61.5	29	49	51.5	74	28	
27	29.5	61.5	35.5	64	35.5	84.5	43	78.5	40	90	57.5	88.5	67.5	32.5	31	68.5	74	29	58	28.5	28	82	79.5	80.5	38	44	76	32.5	27.5	80	70	83.5	41.5	64	91.5	63.5	70	56.5	59.5	28.5	36.5	88	41	58	25	89	42.5	35	57.5	69.5	78	35.5	76	26.5	47.5	42	69.5	21	38.5	67.5	32	33.5	75	36.5	82	57.5	85.5	22	44.5	85.5	77.5	83	70	44.5	45	77.5	62.5	71.5	9	47.5	71.5	22	34	0	86	80.5	38	63	61	71.5	74.5	80.5	64.5	53	61.5	31	91	81.5	31	33	75	45.5	45.5	21.5	76	21.5	89	15.5	53.5	54.5	61.5	6	41	44	27	32.5	77.5	72	43.5	63.5	43	51	53.5	76	46	
69	72.5	40.5	66.5	38	66.5	22.5	51	15.5	62	22	44.5	10.5	34.5	69.5	69	33.5	28	73	44	70.5	74	20	37.5	7.5	64	58	18	69.5	69.5	12	32	18.5	60.5	32	15.5	30.5	32	39.5	42.5	70.5	65.5	6	61	44	87	3	55.5	67	34.5	32.5	16	66.5	34	80.5	54.5	60	32.5	91	63.5	34.5	70	68.5	33	65.5	12	40.5	7.5	80	57.5	12.5	24.5	19	32	57.5	57	14.5	35.5	28.5	77	50.5	30.5	90	68	86	0	21.5	64	39	41	18.5	21.5	17.5	37.5	49	34.5	71	13	35.5	63	69	27	48.5	56.5	85.5	18	80.5	11	86.5	48.5	47.5	40.5	88	61	46	75	69.5	24.5	30	58.5	38.5	59	51	48.5	34	48	
77.5	81	49	55	38.5	75	34	37.5	24	54.5	35.5	47	24	43	78	55.5	38	36.5	73.5	32.5	79	62.5	28.5	29	14	72.5	66.5	25.5	78	78	20.5	40.5	3	69	18.5	29	39	24.5	26	39	79	66	27.5	69.5	42.5	89.5	24.5	42	69.5	43	39	27.5	65	25.5	89	47	68.5	29	85.5	68	43	76.5	63	24.5	74	31.5	27	21	66.5	44	9	33	27.5	40.5	44	59.5	23	22	37	85.5	37	31	86.5	76.5	80.5	21.5	0	62.5	37.5	49.5	27	30	26	46	37.5	21	79.5	26.5	31	71.5	77.5	35.5	35	65	86	25.5	71	24.5	75	57	34	41	74.5	69.5	54.5	71.5	78	3	26.5	67	33	67.5	45.5	43	25.5	56.5	
45	46.5	41.5	17.5	46	32.5	66.5	25	56.5	22	72	39.5	66.5	49.5	39.5	7	50.5	56	31	40	46.5	20	64	61.5	58.5	40	34	58	45.5	45.5	58	52	65.5	28.5	46	71.5	41.5	52	38.5	41.5	46.5	23.5	70	33	40	47	67	24.5	27	35.5	51.5	60	22.5	58	48.5	29.5	34	51.5	43	25.5	45.5	34	20.5	57	33.5	64	39.5	63.5	24	26.5	63.5	55.5	65	48	26.5	27	55.5	44.5	49.5	47	29.5	53.5	44	36	38	64	62.5	0	45	43	49.5	52.5	58.5	46.5	35	43.5	43	69	63.5	39	35	57	27.5	27.5	43.5	58	28.5	67	32.5	35.5	36.5	43.5	32	33	18	29	39.5	59.5	54	30.5	45.5	35	33	35.5	58	16	
70	71.5	41.5	37.5	1	57.5	41.5	20	31.5	37	47	29.5	41.5	29.5	64.5	38	25.5	31	56	5	71.5	45	39	36.5	33.5	65	59	33	70.5	70.5	33	7	40.5	53.5	21	46.5	31.5	27	13.5	21.5	71.5	48.5	45	58	25	72	42	24.5	52	35.5	26.5	35	47.5	33	73.5	29.5	59	26.5	68	50.5	35.5	59	45.5	32	58.5	39	14.5	38.5	49	26.5	38.5	30.5	40	33	26.5	42	30.5	19.5	29.5	72	19.5	28.5	69	61	63	39	37.5	45	0	38	24.5	27.5	33.5	36.5	20	18.5	68	44	38.5	64	60	32	17.5	47.5	68.5	33	53.5	42	57.5	45.5	16.5	23.5	57	58	47	54	64.5	34.5	29	55.5	20.5	60	28	25.5	33	49	
52	55.5	23.5	35.5	39	49.5	55.5	18	33.5	35	55	32.5	43.5	32.5	52.5	36	41.5	41	54	33	53.5	43	43	54.5	35.5	47	41	51	52.5	52.5	35	35	46.5	43.5	39	48.5	18.5	45	31.5	34.5	53.5	46.5	47	44	33	70	44	22.5	50	17.5	40.5	53	45.5	51	63.5	27.5	43	44.5	66	46.5	22.5	53	43.5	50	48.5	53	32.5	40.5	47	24.5	40.5	32.5	42	25	24.5	40	32.5	37.5	26.5	60	22.5	46.5	67	51	61	41	49.5	43	38	0	26.5	29.5	35.5	25.5	28	36.5	54	46	56.5	46	52	40	20.5	39.5	66.5	51	51.5	44	55.5	31.5	29.5	36.5	55	44	29	52	52.5	52.5	47	41.5	38.5	42	10	28.5	51	31	
54.5	58	26	52	23.5	52	33	40.5	11	47.5	32.5	30	21	20	55	56.5	15	18.5	58.5	29.5	56	59.5	20.5	48	13	49.5	43.5	36.5	55	55	12.5	17.5	24	46	36.5	26	16	32.5	27	28	56	51	24.5	46.5	29.5	72.5	21.5	45	52.5	20	14	34.5	52	46.5	66	40	45.5	28	76.5	49	20	55.5	54	47.5	51	30.5	26	18	65.5	43	18	6	19.5	17.5	43	42.5	10	35	14	62.5	40	26	75.5	53.5	71.5	18.5	27	49.5	24.5	26.5	0	3	13	23	34.5	34	56.5	23.5	46	48.5	54.5	17.5	38	42	71	36.5	66	21.5	72	34	33	26	77.5	46.5	31.5	60.5	55	30	30.5	44	20	44.5	36.5	34	46.5	33.5	
57.5	61	29	55	26.5	55	36	37.5	14	50.5	35.5	33	24	23	58	55.5	12	21.5	61.5	32.5	59	62.5	23.5	49	16	52.5	46.5	39.5	58	58	15.5	20.5	27	49	33.5	29	19	35.5	24	31	59	54	27.5	49.5	32.5	75.5	24.5	42	55.5	23	11	37.5	55	45.5	69	43	48.5	31	79.5	52	23	58.5	57	44.5	54	33.5	23	21	66.5	44	21	3	22.5	20.5	44	45.5	13	32	17	65.5	37	29	78.5	56.5	74.5	21.5	30	52.5	27.5	29.5	3	0	16	26	37.5	31	59.5	26.5	49	51.5	57.5	20.5	35	45	74	39.5	69	24.5	75	37	34	29	74.5	49.5	34.5	63.5	58	33	33.5	47	17	47.5	39.5	37	45.5	36.5	
63.5	67	35	59	32.5	61	32	41.5	2	56.5	31.5	39	20	29	64	59.5	28	22.5	67.5	36.5	65	66.5	19.5	43	12	58.5	52.5	35.5	64	64	11.5	26.5	23	55	27.5	25	25	31.5	30	37	65	60	23.5	55.5	38.5	81.5	20.5	46	61.5	29	27	33.5	61	39.5	75	49	54.5	15	85.5	58	29	64.5	63	38.5	60	29.5	31	17	70.5	48	17	19	18.5	26.5	48	51.5	3	22	23	71.5	41	13	84.5	62.5	80.5	17.5	26	58.5	33.5	35.5	13	16	0	32	41.5	23	65.5	22.5	45	57.5	63.5	21.5	39	51	80	35.5	75	20.5	79	43	38	35	78.5	55.5	40.5	69.5	64	29	29.5	53	33	53.5	45.5	43	39.5	42.5	
53.5	57	25	39	37.5	51	52	21.5	30	38.5	51.5	7	40	29	54	39.5	38	37.5	57.5	31.5	55	46.5	39.5	53	32	48.5	42.5	49.5	54	54	31.5	31.5	43	45	37.5	45	7	43.5	30	33	55	50	43.5	45.5	31.5	71.5	40.5	26	51.5	19	37	51.5	49	49.5	65	31	44.5	43	69.5	48	3	54.5	47	48.5	50	49.5	31	37	50.5	28	37	29	38.5	21.5	28	41.5	29	36	23	61.5	17	45	70.5	52.5	64.5	37.5	46	46.5	36.5	25.5	23	26	32	0	26.5	35	55.5	42.5	55	47.5	53.5	36.5	19	41	70	49.5	55	40.5	59	33	28	35	58.5	45.5	30.5	55.5	54	49	45.5	43	37	43.5	29.5	11	49.5	32.5	
70	61.5	33.5	27.5	21	47.5	41.5	10	41.5	27	47	19.5	51.5	24.5	54.5	28	25.5	31	46	15	71.5	35	39	36.5	43.5	55	51	33	64.5	70.5	43	27	40.5	43.5	21	48.5	31.5	27	13.5	16.5	71.5	38.5	45	48	5	62	48	14.5	42	35.5	26.5	35	37.5	33	63.5	19.5	49	26.5	58	40.5	29.5	49	35.5	32	48.5	39	14.5	48.5	39	16.5	46.5	34.5	40	17	16.5	32	40.5	19.5	30.5	62	9.5	28.5	59	51	53	49	37.5	35	20	28	34.5	37.5	41.5	26.5	0	18.5	58	54	38.5	64	50	32	7.5	37.5	58.5	33	43.5	52	47.5	35.5	11.5	18.5	47	48	47	44	54.5	34.5	29	45.5	20.5	50	18	15.5	33	49	
86.5	70	42	36	19.5	56	25	18.5	25	35.5	30.5	28	37	28	63	36.5	19	19.5	54.5	13.5	82	43.5	22.5	20	35	63.5	59.5	16.5	73	83	30.5	25.5	24	52	4.5	32	42	10.5	7	20	82	47	28.5	56.5	23.5	70.5	31.5	23	50.5	48	20	18.5	46	16.5	72	28	57.5	8	66.5	49	38	57.5	44	15.5	57	22.5	8	40	47.5	25	30	28	23.5	35.5	25	40.5	26	1	34	70.5	18	10	67.5	59.5	61.5	34.5	21	43.5	18.5	36.5	34	31	23	35	18.5	0	66.5	39.5	22	74.5	58.5	20.5	16	46	67	16.5	52	41.5	56	44	15	22	55.5	56.5	61.5	52.5	63	18	12.5	54	14	58.5	26.5	24	16.5	59.5	
22	25.5	48.5	40.5	69	34.5	85.5	48	63.5	45	85	62.5	73.5	62.5	27.5	36	71.5	71	34	63	23.5	33	73	84.5	65.5	27	31	81	22.5	22.5	65	65	76.5	38.5	69	78.5	48.5	75	61.5	64.5	23.5	41.5	77	34	63	40	74	47.5	40	42.5	70.5	83	40.5	81	33.5	52.5	33	74.5	36	41.5	52.5	33	38.5	80	33.5	83	62.5	70.5	27	49.5	70.5	62.5	72	55	49.5	50	62.5	67.5	56.5	30	52.5	76.5	37	31	31	71	79.5	43	68	54	56.5	59.5	65.5	55.5	58	66.5	0	76	86.5	8	32	70	50.5	44.5	36.5	81	26.5	74	25.5	46.5	59.5	66.5	25	34	29	32	27.5	82.5	77	36.5	68.5	32	56	58.5	81	31	
74	77.5	45.5	71.5	43	71.5	22.5	56	20.5	67	9	49.5	10.5	39.5	74.5	74	38.5	33	78	49	75.5	79	25	32.5	12.5	69	63	31	74.5	74.5	17	37	23.5	65.5	37	15.5	35.5	37	44.5	47.5	75.5	70.5	19	66	49	92	16	60.5	72	39.5	37.5	29	71.5	23	85.5	59.5	65	37.5	96	68.5	39.5	75	73.5	24	70.5	25	45.5	7.5	85	62.5	17.5	29.5	24	37	62.5	62	19.5	40.5	33.5	82	55.5	35.5	95	73	91	13	26.5	69	44	46	23.5	26.5	22.5	42.5	54	39.5	76	0	30.5	68	74	32	53.5	61.5	90.5	31	85.5	2	91.5	53.5	52.5	45.5	93	66	51	80	74.5	29.5	35	63.5	43.5	64	56	53.5	23	53	
96.5	90	62	56	39.5	76	25	38.5	43	55.5	25.5	48	33	48	83	56.5	39	39.5	74.5	33.5	98	63.5	37.5	2	35	83.5	79.5	21.5	93	97	39.5	45.5	34	72	19.5	32	58	25.5	27	40	98	67	33.5	76.5	43.5	90.5	36.5	43	70.5	62	40	23.5	66	11.5	92	48	77.5	30	86.5	69	58	77.5	64	10.5	77	27.5	28	30	67.5	45	40	48	38.5	55.5	45	60.5	42	23	54	90.5	38	32	87.5	79.5	81.5	35.5	31	63.5	38.5	56.5	46	49	45	55	38.5	22	86.5	30.5	0	90.5	78.5	40.5	36	66	87	21.5	72	28.5	76	64	35	42	75.5	76.5	73.5	72.5	83	28	27.5	74	34	78.5	46.5	44	11.5	75.5	
14	17.5	40.5	46.5	63	26.5	77.5	56	55.5	47	77	54.5	65.5	54.5	19.5	44	63.5	63	28	69	15.5	39	65	92.5	57.5	19	23	81	14.5	14.5	57	57	68.5	30.5	77	70.5	40.5	77	69.5	62.5	15.5	35.5	69	26	59	32	66	55.5	32	34.5	62.5	79	36.5	89	25.5	54.5	25	72.5	36	33.5	44.5	25	38.5	88	25.5	75	70.5	62.5	35	57.5	62.5	54.5	64	47	57.5	42	54.5	75.5	48.5	22	60.5	70.5	35	23	31	63	71.5	39	64	46	48.5	51.5	57.5	47.5	64	74.5	8	68	90.5	0	24	62	58.5	36.5	30.5	81	30.5	66	31.5	38.5	67.5	60.5	33	26	21	30	19.5	74.5	75	28.5	68.5	24	56	58.5	89	23	
30	33.5	46.5	32.5	61	32.5	81.5	40	61.5	37	83	54.5	71.5	60.5	30.5	28	65.5	69	4	55	31.5	25	71	76.5	63.5	5	29	73	30.5	30.5	63	63	74.5	36.5	61	76.5	46.5	67	53.5	56.5	31.5	33.5	75	32	55	42	72	39.5	32	40.5	66.5	75	32.5	73	41.5	44.5	31	66.5	38	35.5	50.5	1	30.5	72	31.5	79	54.5	68.5	11	41.5	68.5	60.5	70	53	41.5	42	60.5	59.5	54.5	38	44.5	68.5	39	1	33	69	77.5	35	60	52	54.5	57.5	63.5	53.5	50	58.5	32	74	78.5	24	0	68	42.5	42.5	38.5	73	23.5	72	27.5	44.5	51.5	58.5	27	32	27	6	30.5	74.5	69	34.5	60.5	30	48	50.5	73	29	
68	71.5	39.5	49.5	33	65.5	41.5	32	19.5	49	41	41.5	29.5	33.5	68.5	50	32.5	1	68	27	69.5	57	29	38.5	21.5	63	57	35	68.5	68.5	21	31	32.5	59.5	23	34.5	29.5	29	20.5	33.5	69.5	60.5	33	60	37	84	30	36.5	64	33.5	31.5	37	59.5	35	79.5	41.5	59	28.5	80	62.5	33.5	69	57.5	34	64.5	39	21.5	26.5	61	38.5	26.5	23.5	28	31	38.5	54	18.5	21.5	27.5	76	31.5	30.5	81	67	75	27	35.5	57	32	40	17.5	20.5	21.5	36.5	32	20.5	70	32	40.5	62	68	0	29.5	55.5	80.5	35	65.5	30	69.5	47.5	28.5	35.5	69	60	45	66	68.5	36.5	31	57.5	27.5	58	40	37.5	35	47	
72.5	54	26	20	18.5	40	39	2.5	41	19.5	44.5	12	51	22	47	20.5	23	28.5	38.5	12.5	66	27.5	36.5	34	49	47.5	43.5	30.5	57	67	44.5	24.5	38	36	18.5	46	26	24.5	11	14	66	31	42.5	40.5	12.5	54.5	45.5	7	34.5	32	24	32.5	30	30.5	56	12	41.5	24	50.5	33	22	41.5	28	29.5	41	36.5	12	54	31.5	9	44	32	37.5	24.5	9	24.5	42	17	28	54.5	2	26	51.5	43.5	45.5	48.5	35	27.5	17.5	20.5	38	35	39	19	7.5	16	50.5	53.5	36	58.5	42.5	29.5	0	30	51	30.5	36	55.5	40	28	9	16	39.5	40.5	45.5	36.5	47	32	26.5	38	18	42.5	10.5	8	30.5	43.5	
42.5	46	34	10	48.5	40	69	27.5	49	24.5	70.5	42	59	48	43	20.5	53	56.5	38.5	42.5	44	27.5	58.5	64	51	37.5	31.5	60.5	43	43	50.5	50.5	62	34	48.5	64	34	54.5	41	44	44	31	62.5	34.5	42.5	54.5	59.5	27	34.5	28	54	62.5	30	60.5	54	32	33.5	54	50.5	33	38	41.5	28	59.5	39	66.5	42	56	31.5	29	56	48	57.5	40.5	29	29.5	48	47	42	50.5	32	56	51.5	41.5	45.5	56.5	65	27.5	47.5	39.5	42	45	51	41	37.5	46	44.5	61.5	66	36.5	42.5	55.5	30	0	51	60.5	36	59.5	40	32	39	46	39.5	34.5	19.5	36.5	43	62	56.5	32	48	32.5	35.5	38	60.5	21.5	
21.5	35	63	41	69.5	41	90	48.5	78	45.5	95.5	63	88	73	38	36.5	74	79.5	34.5	63.5	15	33.5	87.5	85	80	41.5	45.5	81.5	32	16	79.5	75.5	89	47	69.5	93	63	75.5	62	65	15	42	91.5	46.5	63.5	25.5	88.5	48	40.5	57	75	83.5	41	81.5	5	53	47.5	75	21.5	44	67	37.5	39	80.5	42	87.5	63	85	27.5	50	85	77	86.5	69.5	50	50.5	77	68	71	30.5	53	77	22.5	39.5	21.5	85.5	86	43.5	68.5	66.5	71	74	80	70	58.5	67	36.5	90.5	87	30.5	38.5	80.5	51	51	0	81.5	27	88.5	21	59	60	67	15.5	46.5	43.5	32.5	38	83	77.5	49	69	46.5	56.5	59	81.5	45.5	
87	84.5	56.5	50.5	34	70.5	24.5	33	33.5	50	30	42.5	28.5	42.5	77.5	51	33.5	34	69	28	88.5	58	32	19.5	25.5	78	74	0	87.5	87.5	30	40	28.5	66.5	14	31.5	48.5	20	21.5	34.5	88.5	61.5	12	71	38	85	15	37.5	65	52.5	34.5	2	60.5	16	86.5	42.5	72	24.5	81	63.5	52.5	72	58.5	15	71.5	6	22.5	25.5	62	39.5	30.5	42.5	33	50	39.5	55	32.5	17.5	46.5	85	32.5	26.5	82	74	76	18	25.5	58	33	51	36.5	39.5	35.5	49.5	33	16.5	81	31	21.5	81	73	35	30.5	60.5	81.5	0	66.5	29	70.5	58.5	29.5	36.5	70	71	64	67	77.5	22.5	22	68.5	28.5	73	41	38.5	16	66	
36.5	30	52	26	54.5	26	75	33.5	73	30.5	80.5	48	83	58	11	21.5	59	64.5	19.5	48.5	38	18.5	72.5	70	75	28.5	34.5	66.5	33	37	74.5	60.5	74	32	54.5	82	58	60.5	47	50	38	27	78.5	31.5	48.5	30.5	81.5	33	25.5	52	60	68.5	26	66.5	32	38	32.5	60	26.5	29	58	22.5	24	65.5	27	72.5	48	80	12.5	35	80	68	73.5	60.5	35	35.5	72	53	64	30.5	38	62	27.5	24.5	21.5	80.5	71	28.5	53.5	51.5	66	69	75	55	43.5	52	26.5	85.5	72	30.5	23.5	65.5	36	36	27	66.5	0	83.5	16	44	45	52	15.5	31.5	38.5	17.5	11	68	62.5	34	54	33.5	41.5	44	66.5	40.5	
72	75.5	43.5	69.5	41	69.5	20.5	58	18.5	65	11	47.5	8.5	37.5	72.5	74	36.5	31	76	47	73.5	77	23	30.5	10.5	67	61	29	72.5	72.5	15	35	21.5	63.5	39	13.5	33.5	35	46.5	45.5	73.5	68.5	17	64	47	90	14	62.5	70	37.5	35.5	27	69.5	25	83.5	57.5	63	35.5	94	66.5	37.5	73	71.5	26	68.5	23	47.5	5.5	83	60.5	15.5	27.5	22	35	60.5	60	17.5	42.5	31.5	80	57.5	33.5	93	71	89	11	24.5	67	42	44	21.5	24.5	20.5	40.5	52	41.5	74	2	28.5	66	72	30	55.5	59.5	88.5	29	83.5	0	89.5	51.5	50.5	43.5	95	64	49	78	72.5	27.5	33	61.5	41.5	62	54	51.5	25	51	
32.5	14	56	30	58.5	30	79	37.5	79	34.5	84.5	52	89	62	27	25.5	63	68.5	23.5	52.5	34	22.5	76.5	74	81	32.5	38.5	70.5	17	33	80.5	64.5	78	36	58.5	86	64	64.5	51	54	34	31	82.5	35.5	52.5	24.5	85.5	37	29.5	58	64	72.5	30	70.5	26	42	36.5	64	20.5	33	62	26.5	28	69.5	31	76.5	52	86	16.5	39	84	72	77.5	64.5	39	39.5	78	57	68	24.5	42	66	21.5	28.5	15.5	86.5	75	32.5	57.5	55.5	72	75	79	59	47.5	56	25.5	91.5	76	31.5	27.5	69.5	40	40	21	70.5	16	89.5	0	48	49	56	9.5	35.5	44.5	21.5	27	72	66.5	38	58	37.5	45.5	48	70.5	46.5	
44.5	48	26	28	46.5	42	63	25.5	41	27.5	62.5	40	51	40	45	28.5	49	48.5	46.5	40.5	46	35.5	50.5	62	43	39.5	33.5	58.5	45	45	42.5	42.5	54	36	46.5	56	26	52.5	39	42	46	39	54.5	36.5	40.5	62.5	51.5	25	42.5	20	48	60.5	38	58.5	56	30	35.5	52	58.5	39	30	45.5	36	57.5	41	60.5	40	48	39.5	27	48	40	49.5	32.5	27	32.5	40	45	34	52.5	30	54	59.5	43.5	53.5	48.5	57	35.5	45.5	31.5	34	37	43	33	35.5	44	46.5	53.5	64	38.5	44.5	47.5	28	32	59	58.5	44	51.5	48	0	37	44	47.5	36.5	21.5	44.5	45	60	54.5	34	46	34.5	33.5	36	58.5	23.5	
73.5	63	35	29	17.5	49	38	11.5	40	28.5	43.5	21	50	13	56	29.5	22	27.5	47.5	11.5	75	36.5	35.5	33	42	56.5	52.5	29.5	66	74	41.5	23.5	37	45	17.5	45	35	23.5	10	5	75	40	41.5	49.5	16.5	63.5	44.5	16	43.5	39	23	31.5	39	29.5	65	21	50.5	23	59.5	42	31	50.5	37	28.5	50	35.5	11	47	40.5	18	43	31	36.5	28.5	18	33.5	39	16	19	63.5	11	25	60.5	52.5	54.5	47.5	34	36.5	16.5	29.5	33	34	38	28	11.5	15	59.5	52.5	35	67.5	51.5	28.5	9	39	60	29.5	45	50.5	49	37	0	7	48.5	49.5	50.5	45.5	56	31	25.5	47	17	51.5	19.5	17	29.5	52.5	
66.5	70	38	36	24.5	56	45	18.5	33	35.5	50.5	28	43	6	63	36.5	29	34.5	54.5	18.5	68	43.5	42.5	40	35	61.5	55.5	36.5	67	67	34.5	30.5	44	52	24.5	48	28	30.5	17	2	68	47	46.5	56.5	23.5	70.5	43.5	23	50.5	32	30	38.5	46	36.5	72	28	57.5	30	66.5	49	32	57.5	44	35.5	57	42.5	18	40	47.5	25	40	32	41.5	29.5	25	40.5	32	23	12	70.5	18	32	67.5	59.5	61.5	40.5	41	43.5	23.5	36.5	26	29	35	35	18.5	22	66.5	45.5	42	60.5	58.5	35.5	16	46	67	36.5	52	43.5	56	44	7	0	55.5	56.5	43.5	52.5	63	38	32.5	54	24	56.5	26.5	24	36.5	45.5	
33	23.5	55.5	29.5	58	29.5	78.5	37	80.5	34	84	51.5	90.5	61.5	26.5	25	62.5	68	23	52	30.5	22	76	73.5	86.5	32	38	70	26.5	31.5	84	64	77.5	35.5	58	85.5	65.5	64	50.5	53.5	30.5	30.5	82	35	52	19	85	36.5	29	61.5	63.5	72	29.5	70	20.5	41.5	36	63.5	15	32.5	61.5	26	27.5	69	30.5	76	51.5	91.5	16	38.5	83.5	71.5	77	64	38.5	39	81.5	56.5	67.5	15	41.5	65.5	16	28	6	88	74.5	32	57	55	77.5	74.5	78.5	58.5	47	55.5	25	93	75.5	33	27	69	39.5	39.5	15.5	70	15.5	95	9.5	47.5	48.5	55.5	0	35	50	21	26.5	71.5	66	37.5	57.5	37	45	47.5	70	48	
32	35.5	38.5	30.5	59	29.5	75.5	38	53.5	35	75	52.5	63.5	52.5	32.5	26	61.5	61	34	53	33.5	13	63	74.5	55.5	27	3	71	32.5	32.5	55	55	66.5	28.5	59	68.5	38.5	65	51.5	54.5	33.5	31.5	67	0	53	50	64	37.5	6	32.5	60.5	73	30.5	71	43.5	42.5	1	64.5	46	31.5	42.5	33	28.5	70	28.5	73	52.5	60.5	27	39.5	60.5	52.5	62	45	39.5	40	52.5	57.5	46.5	40	42.5	66.5	47	31	41	61	69.5	33	58	44	46.5	49.5	55.5	45.5	48	56.5	34	66	76.5	26	32	60	40.5	34.5	46.5	71	31.5	64	35.5	36.5	49.5	56.5	35	0	19	32	32.5	72.5	67	26.5	58.5	2	46	48.5	71	21	
27	30.5	23.5	29.5	46	24.5	60.5	43	38.5	30	60	37.5	48.5	37.5	27.5	25	46.5	46	31	52	28.5	32	48	75.5	40.5	22	16	64	27.5	27.5	40	40	51.5	18.5	64	53.5	23.5	60	56.5	45.5	28.5	23.5	52	19	42	45	49	42.5	25	17.5	45.5	62	24.5	74	38.5	37.5	18	55.5	49	21.5	27.5	28	26.5	75	23.5	58	57.5	45.5	38	40.5	45.5	37.5	47	30	40.5	25	37.5	62.5	31.5	35	47.5	53.5	48	26	44	46	54.5	18	47	29	31.5	34.5	40.5	30.5	47	61.5	29	51	73.5	21	27	45	45.5	19.5	43.5	64	38.5	49	44.5	21.5	50.5	43.5	50	19	0	33	27.5	57.5	58	16.5	51.5	17	39	41.5	74	2	
36	35.5	52.5	26.5	55	26.5	75.5	34	67.5	31	81	48.5	77.5	58.5	28.5	22	59.5	65	2	49	37.5	19	73	70.5	69.5	11	35	67	36.5	36.5	69	61	74.5	32.5	55	82.5	52.5	61	47.5	50.5	37.5	27.5	79	32	49	36	78	33.5	26	46.5	60.5	69	26.5	67	37.5	38.5	33	60.5	32	29.5	56.5	5	24.5	66	27.5	73	48.5	74.5	5	35.5	74.5	66.5	74	59	35.5	36	66.5	53.5	60.5	36	38.5	62.5	33	7	27	75	71.5	29	54	52	60.5	63.5	69.5	55.5	44	52.5	32	80	72.5	30	6	66	36.5	36.5	32.5	67	17.5	78	21.5	44.5	45.5	52.5	21	32	33	0	28.5	68.5	63	34.5	54.5	34	42	44.5	67	35	
25.5	29	47	37	65.5	33	84	44.5	62	41.5	83.5	59	72	61	0	32.5	70	69.5	30.5	59.5	27	29.5	71.5	81	64	25.5	29.5	77.5	26	26	63.5	63.5	75	37	65.5	77	47	71.5	58	61	27	38	75.5	32.5	59.5	41.5	72.5	44	36.5	41	69	79.5	37	77.5	37	49	31.5	71	37.5	40	51	31.5	35	76.5	32	81.5	59	69	23.5	46	69	61	70.5	53.5	46	46.5	61	64	55	33.5	49	73	38.5	29.5	32.5	69.5	78	39.5	64.5	52.5	55	58	64	54	54.5	63	27.5	74.5	83	19.5	30.5	68.5	47	43	38	77.5	11	72.5	27	45	56	63	26.5	32.5	27.5	28.5	0	79	73.5	35	65	30.5	52.5	55	77.5	29.5	
80.5	84	52	52	35.5	72	31	34.5	27	51.5	36.5	44	27	44	79	52.5	35	35.5	70.5	29.5	82	59.5	31.5	26	17	75.5	69.5	22.5	81	81	23.5	41.5	6	68	15.5	32	42	21.5	23	36	82	63	30.5	72.5	39.5	86.5	27.5	39	66.5	46	36	24.5	62	22.5	88	44	71.5	26	82.5	65	46	73.5	60	21.5	73	28.5	24	24	63.5	41	12	36	30.5	43.5	41	56.5	26	19	40	86.5	34	28	83.5	75.5	77.5	24.5	3	59.5	34.5	52.5	30	33	29	49	34.5	18	82.5	29.5	28	74.5	74.5	36.5	32	62	83	22.5	68	27.5	72	60	31	38	71.5	72.5	57.5	68.5	79	0	23.5	70	30	70.5	42.5	40	22.5	59.5	
81	80.5	52.5	46.5	30	66.5	30.5	29	27.5	46	36	38.5	32.5	38.5	73.5	47	29.5	30	65	24	82.5	54	10	25.5	24.5	74	70	22	81.5	81.5	18	36	29.5	62.5	8	37.5	42.5	2	17.5	30.5	82.5	57.5	34	67	34	81	33	33.5	61	46.5	30.5	24	56.5	22	82.5	38.5	68	20.5	77	59.5	46.5	68	54.5	21	67.5	28	18.5	29.5	58	35.5	29.5	36.5	11	44	35.5	51	26.5	13.5	40.5	81	28.5	22.5	78	70	72	30	26.5	54	29	47	30.5	33.5	29.5	45.5	29	12.5	77	35	27.5	75	69	31	26.5	56.5	77.5	22	62.5	33	66.5	54.5	25.5	32.5	66	67	58	63	73.5	23.5	0	64.5	24.5	69	37	34.5	22	60	
34.5	38	36	28	56.5	32	73	35.5	51	32.5	72.5	50	61	50	35	23.5	59	58.5	36.5	50.5	36	25.5	60.5	72	53	29.5	23.5	68.5	35	35	52.5	52.5	64	2	56.5	66	36	62.5	49	52	36	7	64.5	26.5	50.5	52.5	61.5	35	32.5	30	58	70.5	8	68.5	46	40	25.5	62	48.5	5	40	35.5	10	67.5	31	70.5	50	58	29.5	37	58	50	59.5	42.5	37	37.5	50	55	44	42.5	40	64	49.5	33.5	43.5	58.5	67	30.5	55.5	41.5	44	47	53	43	45.5	54	36.5	63.5	74	28.5	34.5	57.5	38	32	49	68.5	34	61.5	38	34	47	54	37.5	26.5	16.5	34.5	35	70	64.5	0	56	24.5	43.5	46	68.5	18.5	
74.5	72	44	38	21.5	58	37	20.5	31	37.5	42.5	30	41	30	65	38.5	5	26.5	56.5	15.5	76	45.5	34.5	32	33	65.5	61.5	28.5	75	75	32.5	27.5	36	54	16.5	44	36	22.5	7	22	76	49	40.5	58.5	25.5	72.5	41.5	25	52.5	40	6	30.5	48	28.5	74	30	59.5	22	68.5	51	40	59.5	46	27.5	59	34.5	6	38	49.5	27	38	14	35.5	37.5	27	42.5	30	15	34	72.5	20	24	69.5	61.5	63.5	38.5	33	45.5	20.5	38.5	20	17	33	37	20.5	14	68.5	43.5	34	68.5	60.5	27.5	18	48	69	28.5	54	41.5	58	46	17	24	57.5	58.5	51.5	54.5	65	30	24.5	56	0	60.5	28.5	26	28.5	53.5	
30	33.5	36.5	32.5	59	27.5	73.5	40	51.5	37	73	50.5	61.5	50.5	30.5	28	59.5	59	34	55	31.5	15	61	76.5	53.5	25	1	73	30.5	30.5	53	53	64.5	26.5	61	66.5	36.5	67	53.5	56.5	31.5	31.5	65	2	55	48	62	39.5	8	30.5	58.5	75	32.5	73	41.5	44.5	1	66.5	48	29.5	40.5	31	30.5	72	26.5	71	54.5	58.5	29	41.5	58.5	50.5	60	43	41.5	38	50.5	59.5	44.5	38	44.5	66.5	49	29	43	59	67.5	35	60	42	44.5	47.5	53.5	43.5	50	58.5	32	64	78.5	24	30	58	42.5	32.5	46.5	73	33.5	62	37.5	34.5	51.5	56.5	37	2	17	34	30.5	70.5	69	24.5	60.5	0	48	50.5	73	19	
62	59.5	31.5	25.5	29	45.5	49.5	8	43.5	25	55	22.5	53.5	32.5	52.5	26	33.5	39	44	23	63.5	33	47	44.5	45.5	53	49	41	62.5	62.5	45	35	48.5	41.5	29	56.5	28.5	35	21.5	24.5	63.5	36.5	53	46	23	60	54	12.5	40	27.5	34.5	43	35.5	41	61.5	17.5	47	34.5	56	38.5	32.5	47	33.5	40	46.5	47	22.5	50.5	37	14.5	50.5	42.5	48	35	14.5	30	42.5	27.5	36.5	60	12.5	36.5	57	49	51	51	45.5	33	28	10	36.5	39.5	45.5	29.5	18	26.5	56	56	46.5	56	48	40	10.5	35.5	56.5	41	41.5	54	45.5	33.5	19.5	26.5	45	46	39	42	52.5	42.5	37	43.5	28.5	48	0	18.5	41	41	
64.5	62	34	28	26.5	48	47	10.5	41	27.5	52.5	4	51	30	55	28.5	31	36.5	46.5	20.5	66	35.5	44.5	42	43	55.5	51.5	38.5	65	65	42.5	32.5	46	44	26.5	54	18	32.5	19	22	66	39	50.5	48.5	20.5	62.5	51.5	15	42.5	30	32	40.5	38	38.5	64	20	49.5	32	58.5	41	14	49.5	36	37.5	49	44.5	20	48	39.5	17	48	40	45.5	32.5	17	32.5	40	25	34	62.5	6	34	59.5	51.5	53.5	48.5	43	35.5	25.5	28.5	34	37	43	11	15.5	24	58.5	53.5	44	58.5	50.5	37.5	8	38	59	38.5	44	51.5	48	36	17	24	47.5	48.5	41.5	44.5	55	40	34.5	46	26	50.5	18.5	0	38.5	43.5	
97	84.5	56.5	50.5	34	70.5	19.5	33	41.5	50	14	42.5	31.5	42.5	77.5	51	33.5	34	69	28	96.5	58	32	9.5	35.5	78	74	16	87.5	97.5	40	40	28.5	66.5	14	26.5	56.5	20	21.5	34.5	96.5	61.5	28	71	38	85	31	37.5	65	62.5	34.5	18	60.5	0	86.5	42.5	72	24.5	81	63.5	52.5	72	58.5	1	71.5	22	22.5	30.5	62	39.5	34.5	42.5	33	50	39.5	55	42.5	17.5	48.5	85	32.5	26.5	82	74	76	34	25.5	58	33	51	46.5	45.5	39.5	49.5	33	16.5	81	23	11.5	89	73	35	30.5	60.5	81.5	16	66.5	25	70.5	58.5	29.5	36.5	70	71	74	67	77.5	22.5	22	68.5	28.5	73	41	38.5	0	74	
29	32.5	25.5	31.5	48	26.5	62.5	41	40.5	32	62	39.5	50.5	39.5	29.5	23	48.5	48	33	54	30.5	34	50	77.5	42.5	24	18	66	29.5	29.5	42	42	53.5	20.5	62	55.5	25.5	62	54.5	47.5	30.5	25.5	54	21	44	47	51	40.5	27	19.5	47.5	64	26.5	74	40.5	39.5	20	57.5	51	23.5	29.5	30	28.5	73	25.5	60	55.5	47.5	40	42.5	47.5	39.5	49	32	42.5	27	39.5	60.5	33.5	37	45.5	55.5	50	28	46	48	56.5	16	49	31	33.5	36.5	42.5	32.5	49	59.5	31	53	75.5	23	29	47	43.5	21.5	45.5	66	40.5	51	46.5	23.5	52.5	45.5	48	21	2	35	29.5	59.5	60	18.5	53.5	19	41	43.5	74	0	
