Number of items: 125
Horizon: 3
Time limit: 1000
Load limit: 7500
Initial item inventory level
46
24
168
73
32
74
40
78
62
164
64
81
71
178
77
152
34
52
66
44
50
162
192
46
72
176
73
89
182
48
88
110
58
42
68
106
94
63
72
80
14
42
12
150
55
26
34
36
98
46
96
98
194
88
138
86
66
70
34
63
79
18
47
112
52
120
40
49
112
94
79
92
198
92
170
38
70
38
58
192
184
120
130
33
176
190
78
74
95
110
35
24
128
132
68
46
56
16
178
86
180
11
72
114
78
72
26
128
162
13
21
28
18
52
178
30
86
56
84
45
184
178
49
98
154
Maximum inventory capacity per item
69
36
252
146
64
148
80
156
93
246
96
162
142
267
154
228
51
78
99
88
100
243
288
92
108
264
146
178
273
72
132
165
116
63
102
159
141
126
108
120
28
84
24
225
110
39
68
54
147
69
192
147
291
176
207
129
99
105
51
126
158
36
94
168
78
180
80
98
168
141
158
184
297
138
255
57
105
57
87
288
276
180
195
66
264
285
117
148
190
165
70
48
192
198
136
69
112
32
267
172
270
22
108
171
117
144
39
192
243
26
42
56
36
78
267
45
172
84
168
90
276
267
98
147
231
Reserve storage replenishment rate per item and per period
138	0	0	
72	0	0	
504	0	0	
438	0	0	
192	0	0	
444	0	0	
240	0	0	
468	0	0	
186	0	0	
492	0	0	
192	0	0	
486	0	0	
426	0	0	
534	0	0	
462	0	0	
456	0	0	
102	0	0	
156	0	0	
198	0	0	
264	0	0	
300	0	0	
486	0	0	
576	0	0	
276	0	0	
216	0	0	
528	0	0	
438	0	0	
534	0	0	
546	0	0	
144	0	0	
264	0	0	
330	0	0	
348	0	0	
126	0	0	
204	0	0	
318	0	0	
282	0	0	
378	0	0	
216	0	0	
240	0	0	
84	0	0	
252	0	0	
72	0	0	
450	0	0	
330	0	0	
78	0	0	
204	0	0	
108	0	0	
294	0	0	
138	0	0	
576	0	0	
294	0	0	
582	0	0	
528	0	0	
414	0	0	
258	0	0	
198	0	0	
210	0	0	
102	0	0	
378	0	0	
474	0	0	
108	0	0	
282	0	0	
336	0	0	
156	0	0	
360	0	0	
240	0	0	
294	0	0	
336	0	0	
282	0	0	
474	0	0	
552	0	0	
594	0	0	
276	0	0	
510	0	0	
114	0	0	
210	0	0	
114	0	0	
174	0	0	
576	0	0	
552	0	0	
360	0	0	
390	0	0	
198	0	0	
528	0	0	
570	0	0	
234	0	0	
444	0	0	
570	0	0	
330	0	0	
210	0	0	
144	0	0	
384	0	0	
396	0	0	
408	0	0	
138	0	0	
336	0	0	
96	0	0	
534	0	0	
516	0	0	
540	0	0	
66	0	0	
216	0	0	
342	0	0	
234	0	0	
432	0	0	
78	0	0	
384	0	0	
486	0	0	
78	0	0	
126	0	0	
168	0	0	
108	0	0	
156	0	0	
534	0	0	
90	0	0	
516	0	0	
168	0	0	
504	0	0	
270	0	0	
552	0	0	
534	0	0	
294	0	0	
294	0	0	
462	0	0	
Forward storage demand rate per item and per period
23	10	13	
12	12	16	
84	90	53	
73	80	73	
32	23	37	
74	98	95	
40	20	49	
78	78	81	
31	36	34	
82	66	81	
32	27	43	
81	131	54	
71	14	51	
89	63	55	
77	117	44	
76	123	73	
17	24	13	
26	35	26	
33	48	55	
44	41	53	
50	71	88	
81	25	54	
96	96	105	
46	40	42	
36	29	61	
88	156	3	
73	68	77	
89	33	45	
91	57	77	
24	7	7	
44	16	35	
55	79	45	
58	78	49	
21	26	15	
34	8	34	
53	53	69	
47	36	75	
63	101	27	
36	31	27	
40	13	46	
14	13	6	
42	25	57	
12	4	6	
75	57	89	
55	99	30	
13	9	11	
34	14	18	
18	24	3	
49	47	58	
23	27	20	
96	36	66	
49	76	27	
97	105	61	
88	102	26	
69	95	26	
43	43	34	
33	18	20	
35	53	36	
17	17	30	
63	96	76	
79	58	96	
18	16	18	
47	52	22	
56	79	47	
26	31	22	
60	29	45	
40	38	64	
49	47	67	
56	65	49	
47	36	40	
79	74	80	
92	125	83	
99	39	187	
46	36	88	
85	150	132	
19	2	17	
35	27	30	
19	19	35	
29	43	40	
96	86	78	
92	133	161	
60	66	17	
65	53	63	
33	47	23	
88	116	29	
95	101	172	
39	51	15	
74	53	19	
95	30	79	
55	76	81	
35	27	0	
24	27	9	
64	53	100	
66	34	33	
68	82	41	
23	26	34	
56	99	38	
16	9	17	
89	130	92	
86	76	70	
90	65	84	
11	14	8	
36	40	35	
57	92	35	
39	36	58	
72	102	100	
13	22	11	
64	121	86	
81	89	110	
13	5	16	
21	19	24	
28	17	20	
18	23	26	
26	43	32	
89	100	60	
15	10	16	
86	126	72	
28	11	17	
84	42	135	
45	46	80	
92	164	66	
89	114	51	
49	56	42	
49	48	32	
77	80	47	
Distance matrix
0	42	46.5	22.5	83	37	38	59	64.5	77.5	28.5	53.5	33.5	46.5	79	85.5	64.5	53.5	49	33	92	50.5	97.5	34	74.5	73	72.5	32.5	54	57.5	63	60	18.5	71.5	74.5	67.5	23	14.5	78	34.5	51.5	65.5	65.5	47	79.5	21	56.5	70.5	54	60.5	35	38.5	13	65.5	61.5	69	42.5	78	47.5	87.5	83	10	21	66	42.5	14.5	27.5	35	20	52	39.5	73.5	89	57	69	31.5	36.5	51	68.5	9.5	84.5	42.5	25.5	79	47	85	26	77.5	54.5	74	94.5	35.5	87	22	46.5	17.5	63	26	40	92.5	68	73	48.5	68.5	71	13.5	29.5	44.5	23.5	68.5	24	92.5	102.5	48	75.5	58	71.5	48.5	15	47	9	12.5	49	45	77	51	
42	0	33.5	59.5	55	51	30	31	36.5	35.5	45.5	34.5	20.5	23.5	51	57.5	36.5	25.5	39	55	64	22.5	55.5	54	46.5	35	44.5	55.5	26	29.5	35	28	25.5	43.5	46.5	39.5	35	41.5	50	31.5	28.5	37.5	37.5	39	51.5	33	28.5	32.5	26	32.5	37	25.5	55	37.5	31.5	41	45.5	40	40.5	55.5	55	42	63	38	45.5	41.5	44.5	37	42	34	36.5	45.5	49	31	41	38.5	43.5	33	40.5	46.5	56.5	14.5	32.5	51	19	43	48	49.5	26.5	46	66.5	52.5	59	24	23.5	44.5	35	62	48	50.5	40	45	39.5	40.5	43	40.5	58.5	16.5	30.5	40.5	36	50.5	60.5	30	37.5	30	43.5	25.5	37	41	51	39.5	31	17	49	9	
46.5	33.5	0	46	50.5	31.5	30.5	44.5	44	31	40	7	13	32	54.5	53	34	45	19.5	35.5	61.5	42	51	34.5	66	30.5	56	36	45.5	49	40.5	13.5	30	47	66	59	39.5	46	55.5	34	27	57	57	21.5	49	37.5	48	28	39.5	28	33.5	8	55.5	33	27	60.5	26	35.5	21	51	60.5	46.5	47.5	47.5	26	46	41	33.5	46.5	21.5	29	65	44.5	16.5	44.5	37	32	22.5	60	51	74	34	37	64.5	38.5	38.5	42.5	69	46	65.5	64	33	66.5	28.5	32	49	30.5	42.5	28.5	46	59.5	40.5	20	60	62.5	45	39	36	35	40	40.5	46	56	25.5	33	15.5	57	30	41.5	21.5	55.5	44	24.5	36.5	68.5	32.5	
22.5	59.5	46	0	74.5	20.5	49.5	68.5	68	55	34	39	51	56	78.5	77	58	69	28.5	14.5	85.5	68	75	13.5	92	54.5	80	20	71.5	75	64.5	37.5	36	71	92	85	40.5	32	79.5	48	51	83	83	40.5	73	38.5	74	52	63.5	52	42.5	54	29.5	57	51	86.5	20	59.5	25	75	84.5	27.5	21.5	71.5	30	32	35	42.5	37.5	45.5	43	89	68.5	40.5	68.5	41	36	46.5	86	13	98	60	43	88.5	64.5	62.5	31.5	95	72	91.5	88	27	90.5	39.5	56	35	54.5	16.5	27.5	70	85.5	64.5	34	86	88.5	31	7	62	41	64	41.5	70	80	49.5	57	39.5	81	54	32.5	30.5	31.5	30	48.5	62.5	94.5	56.5	
83	55	50.5	74.5	0	60	59	38	32.5	19.5	68.5	43.5	61.5	50.5	4	16.5	32.5	43.5	48	64	25	38.5	14.5	63	37.5	24	24.5	64.5	37	39.5	34	37	66.5	25.5	37.5	30.5	74	82.5	5	62.5	45.5	31.5	28.5	50	17.5	74	40.5	26.5	43	36.5	62	58.5	84	31.5	35.5	14	54.5	19	49.5	14.5	24	83	76	31	54.5	82.5	69.5	62	77	45	57.5	28.5	6	40	28	65.5	60.5	46	31.5	87.5	37.5	50.5	71.5	28	40	12	71	40.5	32.5	33	27.5	61.5	30	65	50.5	79.5	34	71	57	9.5	15	24	48.5	31.5	34	81.5	67.5	42.5	71.5	28.5	73	9.5	19.5	49	21.5	39	25.5	48.5	78	50	88	80.5	48	48	40	46	
37	51	31.5	20.5	60	0	35	54	53.5	40.5	19.5	24.5	44.5	41.5	64	62.5	43.5	54.5	14	10	71	67.5	60.5	9	91.5	40	65.5	10.5	69	60.5	50	23	35.5	56.5	83.5	80.5	30	28.5	65	33.5	36.5	72.5	82.5	26	58.5	32	61.5	37.5	49	37.5	28	39.5	30	42.5	36.5	74	5.5	45	10.5	60.5	70	33	22	57	15.5	28.5	20.5	28	17	31	28.5	74.5	54	26	54	26.5	21.5	32	79.5	33.5	83.5	55.5	32.5	74	64	48	11	90.5	71.5	79	73.5	12.5	76	39	41.5	25.5	40	17	13	55.5	75	50	19.5	85.5	88	29.5	13.5	61.5	34.5	49.5	29	55.5	65.5	35	42.5	25	66.5	39.5	22	16	34	30.5	34	58	86	42	
38	30	30.5	49.5	59	35	0	47	52.5	39.5	41.5	23.5	21.5	34.5	63	61.5	42.5	41.5	23	39	70	38.5	59.5	38	62.5	39	60.5	39.5	42	45.5	49	22	21.5	55.5	62.5	55.5	31	37.5	64	27.5	35.5	53.5	53.5	9	57.5	29	44.5	36.5	42	36.5	33	26.5	51	41.5	35.5	57	29.5	44	24.5	59.5	69	38	51	54	29.5	37.5	40.5	33	38	30	32.5	61.5	53	25	53	34.5	35.5	31	56.5	42.5	72.5	30.5	28.5	67	35	47	44	65.5	42.5	62	72.5	36.5	75	20	34.5	40.5	39	46	32	54.5	56	49	23.5	56.5	59	36.5	42.5	32.5	26.5	48.5	32	54.5	64.5	34	41.5	24	59.5	36.5	33	25	47	35.5	33	33	65	39	
59	31	44.5	68.5	38	54	47	0	31.5	18.5	62.5	37.5	37.5	40.5	42	40.5	26.5	27.5	42	58	49	19.5	38.5	57	43.5	14	41.5	58.5	23	26.5	4	31	42.5	34.5	43.5	36.5	52	58.5	43	48.5	39.5	34.5	34.5	44	36.5	50	25.5	20.5	33	30.5	54	42.5	72	25.5	29.5	38	48.5	23	43.5	38.5	48	59	70	35	48.5	58.5	61.5	54	59	39	51.5	42.5	32	34	32	55.5	54.5	40	37.5	63.5	53.5	26.5	49.5	48	12	26	65	46.5	23.5	43	51.5	55.5	54	41	40.5	61.5	28	65	51	33.5	37	28	42.5	37.5	40	57.5	61.5	18.5	47.5	27.5	53	33.5	43.5	43	20.5	33	40.5	42.5	54	44	68	56.5	42	24	46	40	
64.5	36.5	44	68	32.5	53.5	52.5	31.5	0	13	62	37	43	44	36.5	35	26	33	41.5	57.5	43.5	14	33	56.5	44	17.5	38	58	23.5	7	27.5	30.5	48	29	44	37	57.5	64	37.5	54	39	35	35	43.5	31	55.5	8	20	36.5	30	55.5	48	77.5	25	29	38.5	48	17.5	43	33	42.5	64.5	69.5	29.5	48	64	63	55.5	64.5	38.5	51	43	26.5	33.5	26.5	59	54	39.5	38	69	54	32	55	46.5	21.5	20.5	64.5	47	24	43.5	46	55	48.5	46.5	44	67	27.5	64.5	50.5	28	37.5	22.5	42	38	40.5	63	61	24	53	4	58.5	28	38	42.5	11	32.5	39	42	59.5	43.5	73.5	62	41.5	29.5	46.5	39.5	
77.5	35.5	31	55	19.5	40.5	39.5	18.5	13	0	49	24	44	31	23.5	22	13	24	28.5	44.5	30.5	27	20	43.5	53	4.5	25	45	28.5	20	14.5	17.5	59	16	43	40	54.5	63	24.5	43	26	32	42	30.5	18	56.5	21	7	23.5	17	42.5	39	64.5	12	16	33.5	35	4.5	30	20	29.5	67.5	56.5	16.5	35	63	50	42.5	57.5	25.5	38	34	13.5	20.5	13.5	46	41	26.5	39	68	43	35	52	33.5	30.5	7.5	51.5	50	33	38.5	33	42	35.5	55.5	31	60	14.5	51.5	37.5	15	34.5	9.5	29	49	51.5	64	48	33	54	9	53.5	15	25	29.5	2	19.5	26	29	62.5	30.5	68.5	65	28.5	32.5	45.5	26.5	
28.5	45.5	40	34	68.5	19.5	41.5	62.5	62	49	0	33	37	50	72.5	71	52	57	22.5	23.5	79.5	54	69	22.5	78	48.5	74	24	57.5	61	58.5	31.5	22	65	78	71	26.5	28	73.5	38	45	69	69	34.5	67	24.5	60	46	57.5	46	36.5	42	41.5	51	45	72.5	14	53.5	19	69	78.5	28.5	35.5	65.5	24	28	1	36.5	28.5	39.5	37	77	62.5	34.5	62.5	35	30	40.5	72	33	88	46	29	82.5	50.5	56.5	30.5	81	58	77.5	82	7	84.5	25.5	50	31	48.5	30.5	21.5	64	71.5	58.5	28	72	74.5	27	27	48	27	58	27.5	64	74	43.5	51	33.5	75	48	23.5	24.5	37.5	26	42.5	48.5	80.5	50.5	
53.5	34.5	7	39	43.5	24.5	23.5	37.5	37	24	33	0	20	25	47.5	46	27	38	12.5	28.5	54.5	49	44	27.5	73	23.5	49	29	52.5	44	33.5	6.5	37	40	67	64	38.5	47	48.5	27	20	56	64	14.5	42	40.5	45	21	32.5	21	26.5	15	48.5	26	20	57.5	19	28.5	14	44	53.5	51.5	40.5	40.5	19	47	34	26.5	41.5	14.5	22	58	37.5	9.5	37.5	30	25	15.5	63	52	67	39	36	57.5	45.5	31.5	35.5	74	53	62.5	57	26	59.5	35.5	25	44	23.5	35.5	21.5	39	58.5	33.5	13	67	69.5	48	32	43	38	33	37.5	39	49	18.5	26	8.5	50	23	46.5	14.5	52.5	49	17.5	41.5	69.5	25.5	
33.5	20.5	13	51	61.5	44.5	21.5	37.5	43	44	37	20	0	25	57.5	64	43	32	32.5	48.5	70.5	29	64	47.5	53	43.5	51	49	32.5	36	41.5	26.5	17	50	53	46	26.5	33	56.5	23	30	44	44	30.5	58	24.5	35	41	32.5	39	28.5	5	46.5	44	40	47.5	39	48.5	34	64	61.5	33.5	54.5	44.5	39	33	36	28.5	33.5	30.5	28	52	57.5	29.5	47.5	30	35	29.5	47	38	63	21	24	57.5	25.5	51.5	39.5	56	33	52.5	73	44	65.5	15.5	25	36	41.5	55.5	41.5	59	46.5	51.5	33	47	49.5	32	52	23	22	47	27.5	59	69	26.5	46	28.5	50	27	28.5	34.5	42.5	31	27.5	23.5	55.5	29.5	
46.5	23.5	32	56	50.5	41.5	34.5	40.5	44	31	50	25	25	0	54.5	53	34	35	29.5	45.5	61.5	32	51	44.5	56	30.5	54	46	35.5	39	40.5	18.5	30	47	56	49	39.5	46	55.5	36	5	47	47	31.5	49	37.5	38	28	35.5	28	41.5	30	59.5	33	27	50.5	36	35.5	31	51	60.5	46.5	57.5	47.5	36	46	49	41.5	46.5	26.5	39	55	44.5	21.5	44.5	43	42	27.5	50	51	66	24	37	60.5	28.5	38.5	52.5	59	36	55.5	64	43	66.5	28.5	0	49	30.5	52.5	38.5	46	49.5	40.5	30	50	52.5	45	49	26	35	40	40.5	46	56	30.5	33	20.5	53	2	41.5	31.5	55.5	44	29.5	26.5	58.5	32.5	
79	51	54.5	78.5	4	64	63	42	36.5	23.5	72.5	47.5	57.5	54.5	0	20.5	36.5	47.5	52	68	29	34.5	18.5	67	33.5	28	28.5	68.5	33	41.5	38	41	62.5	29.5	33.5	26.5	72	78.5	1	66.5	49.5	29.5	24.5	54	21.5	70	40.5	30.5	47	40.5	66	62.5	88	35.5	39.5	10	58.5	23	53.5	18.5	28	79	80	35	58.5	78.5	73.5	66	79	49	61.5	32.5	10	44	32	69.5	64.5	50	27.5	83.5	41.5	46.5	69.5	32	36	16	75	36.5	28.5	33	31.5	65.5	34	61	54.5	81.5	38	75	61	13.5	11	28	52.5	27.5	30	77.5	71.5	38.5	67.5	32.5	73	13.5	23.5	53	25.5	43	29.5	52.5	74	54	88	76.5	52	44	36	50	
85.5	57.5	53	77	16.5	62.5	61.5	40.5	35	22	71	46	64	53	20.5	0	35	46	50.5	66.5	22.5	41	12	65.5	35	26.5	27	67	39.5	42	36.5	39.5	69	28	35	18	76.5	85	21.5	65	48	34	20	52.5	20	76.5	43	29	45.5	39	64.5	61	86.5	34	38	30.5	57	21.5	52	2	21.5	85.5	78.5	33.5	57	85	72	64.5	79.5	47.5	60	12	10.5	42.5	30.5	68	63	48.5	17	90	35	53	74	25.5	42.5	14.5	73.5	38	35	30.5	25	64	27.5	67.5	53	82	36.5	73.5	59.5	7	31.5	26.5	51	29	31.5	84	70	45	74	31	75.5	7	17	51.5	24	41.5	28	51	80.5	52.5	90.5	83	50.5	50.5	37.5	48.5	
64.5	36.5	34	58	32.5	43.5	42.5	26.5	26	13	52	27	43	34	36.5	35	0	11	31.5	47.5	43.5	30	33	46.5	54	12.5	38	48	33.5	33	22.5	20.5	48	29	54	47	57.5	64	37.5	46	29	45	45	33.5	31	55.5	34	6	26.5	20	45.5	42	67.5	1	19	46.5	38	17.5	33	33	42.5	64.5	59.5	29.5	38	64	53	45.5	60.5	28.5	41	47	26.5	23.5	26.5	49	44	29.5	48	69	56	32	55	46.5	26.5	20.5	54.5	57	34	51.5	46	45	48.5	46.5	34	63	17.5	54.5	40.5	28	47.5	22.5	32	48	50.5	63	51	20	53	22	56.5	28	38	32.5	15	22.5	39	32	59.5	33.5	71.5	62	31.5	29.5	56.5	29.5	
53.5	25.5	45	69	43.5	54.5	41.5	27.5	33	24	57	38	32	35	47.5	46	11	0	42.5	58.5	54.5	19	44	57.5	43	23.5	41	59	22.5	26	31.5	31.5	37	40	43	36	46.5	53	46.5	43	40	34	34	44.5	42	44.5	25	17	27.5	31	48.5	37	66.5	12	30	37.5	49	28.5	44	44	51.5	53.5	70.5	34.5	49	53	56	48.5	53.5	39.5	48	42	37.5	34.5	37.5	50	55	40.5	37	58	53	21	44	47.5	15.5	31.5	59.5	46	23	42.5	57	56	55.5	35.5	35	56	28.5	65.5	51.5	39	36.5	33.5	43	37	39.5	52	62	9	42	33	47.5	39	49	41.5	26	33.5	40	37	48.5	44.5	62.5	51	42.5	18.5	45.5	34.5	
49	39	19.5	28.5	48	14	23	42	41.5	28.5	22.5	12.5	32.5	29.5	52	50.5	31.5	42.5	0	18	59	55.5	48.5	17	81.5	28	53.5	18.5	57	48.5	38	11	32.5	44.5	71.5	68.5	28	36.5	53	21.5	24.5	60.5	70.5	14	46.5	30	49.5	25.5	37	25.5	14	27.5	38	30.5	24.5	62	8.5	33	3.5	48.5	58	41	30	45	8.5	36.5	23.5	14	31	19	16.5	62.5	42	14	42	19.5	14.5	20	67.5	41.5	71.5	43.5	25.5	62	54	36	25	78.5	61.5	67	61.5	15.5	64	27	29.5	33.5	28	25	11	43.5	63	38	7.5	77.5	80	37.5	21.5	51.5	27.5	37.5	27	43.5	53.5	23	30.5	13	54.5	27.5	36	2	42	38.5	22	46	74	30	
33	55	35.5	14.5	64	10	39	58	57.5	44.5	23.5	28.5	48.5	45.5	68	66.5	47.5	58.5	18	0	75	71.5	64.5	1	97.5	44	69.5	9.5	73	64.5	54	27	41.5	60.5	87.5	84.5	34	27.5	69	37.5	40.5	76.5	86.5	30	62.5	36	65.5	41.5	53	41.5	32	43.5	24	46.5	40.5	78	9.5	49	14.5	64.5	74	23	16	61	19.5	27.5	24.5	32	27	35	32.5	78.5	58	30	58	30.5	25.5	36	83.5	27.5	87.5	59.5	36.5	78	70	52	21	94.5	77.5	83	77.5	16.5	80	45	45.5	24.5	44	11	17	59.5	79	54	23.5	91.5	94	28.5	7.5	67.5	38.5	53.5	33	59.5	69.5	39	46.5	29	70.5	43.5	32	20	28	29.5	38	62	90	46	
92	64	61.5	85.5	25	71	70	49	43.5	30.5	79.5	54.5	70.5	61.5	29	22.5	43.5	54.5	59	75	0	47.5	10.5	74	26.5	35	35.5	75.5	46	50.5	45	48	75.5	36.5	31.5	34.5	85	91.5	30	73.5	56.5	42.5	32.5	61	28.5	83	51.5	37.5	54	47.5	73	69.5	95	42.5	46.5	39	65.5	30	60.5	20.5	25	92	87	42	65.5	91.5	80.5	73	88	56	68.5	34.5	19	51	39	76.5	71.5	57	35.5	96.5	28.5	59.5	82.5	29	49	23	82	29.5	41.5	34	18.5	72.5	5	74	61.5	90.5	45	82	68	15.5	40	35	59.5	25.5	21	90.5	78.5	51.5	80.5	39.5	84	15.5	10.5	60	32.5	50	36.5	59.5	87	61	99	89.5	59	57	15	57	
50.5	22.5	42	68	38.5	67.5	38.5	19.5	14	27	54	49	29	32	34.5	41	30	19	55.5	71.5	47.5	0	47	70.5	30	31.5	28	68	9.5	7	23.5	44.5	34	27	30	23	43.5	50	33.5	40	37	21	21	47.5	35	41.5	6	34	24.5	36	45.5	34	63.5	31	37	24.5	62	31.5	57	43	38.5	50.5	71.5	21.5	58	50	53	45.5	50.5	42.5	45	29	40.5	47.5	24.5	47	52	41.5	24	55	40	18	41	34.5	7.5	34.5	56.5	33	10	29.5	50	61	42.5	32.5	32	53	33.5	76.5	60.5	42	23.5	28.5	54	24	26.5	49	75	10	39	18	44.5	42	52	38.5	25	46.5	27	34	45.5	57.5	59.5	48	39.5	15.5	32.5	31.5	
97.5	55.5	51	75	14.5	60.5	59.5	38.5	33	20	69	44	64	51	18.5	12	33	44	48.5	64.5	10.5	47	0	63.5	33	24.5	25	65	43.5	40	34.5	37.5	79	26	23	30	74.5	83	19.5	63	46	32	32	50.5	18	76.5	41	27	43.5	37	62.5	59	84.5	32	36	28.5	55	19.5	50	10	14.5	87.5	76.5	31.5	55	83	70	62.5	77.5	45.5	58	24	8.5	40.5	28.5	66	61	46.5	29	88	23	55	72	18.5	50.5	12.5	71.5	30	43	23.5	13	62	15.5	75.5	51	80	34.5	71.5	57.5	5	29.5	24.5	49	29	31.5	84	68	53	74	29	73.5	5	5	49.5	22	39.5	26	49	82.5	50.5	88.5	85	48.5	52.5	25.5	46.5	
34	54	34.5	13.5	63	9	38	57	56.5	43.5	22.5	27.5	47.5	44.5	67	65.5	46.5	57.5	17	1	74	70.5	63.5	0	96.5	43	68.5	8.5	72	63.5	53	26	42.5	59.5	86.5	83.5	33	26.5	68	36.5	39.5	75.5	85.5	29	61.5	35	64.5	40.5	52	40.5	31	42.5	23	45.5	39.5	77	8.5	48	13.5	63.5	73	24	15	60	18.5	26.5	23.5	31	26	34	31.5	77.5	57	29	57	29.5	24.5	35	82.5	26.5	86.5	58.5	35.5	77	69	51	20	93.5	76.5	82	76.5	15.5	79	44	44.5	23.5	43	10	16	58.5	78	53	22.5	92.5	95	27.5	6.5	66.5	37.5	52.5	32	58.5	68.5	38	45.5	28	69.5	42.5	31	19	27	28.5	37	61	89	45	
74.5	46.5	66	92	37.5	91.5	62.5	43.5	44	53	78	73	53	56	33.5	35	54	43	81.5	97.5	26.5	30	33	96.5	0	57.5	32	92	28.5	37	47.5	70.5	58	41	14	17	67.5	74	32.5	64	61	25	15	71.5	39	65.5	36	60	48.5	60	69.5	58	87.5	55	61	23.5	88	52.5	83	37	27.5	74.5	95.5	40.5	82	74	77	69.5	74.5	66.5	69	23	41.5	71.5	43.5	71	76	65.5	18	79	10	42	65	23.5	31.5	45.5	80.5	3	24	18.5	20	85	21.5	56.5	56	77	57.5	100.5	84.5	38	22.5	47.5	78	8	5.5	73	99	34	63	48	68.5	38	28	62.5	55	72.5	31	58	69.5	81.5	83.5	72	63.5	39.5	11.5	55.5	
73	35	30.5	54.5	24	40	39	14	17.5	4.5	48.5	23.5	43.5	30.5	28	26.5	12.5	23.5	28	44	35	31.5	24.5	43	57.5	0	29.5	44.5	33	24.5	10	17	56.5	20.5	47.5	44.5	54	62.5	29	42.5	25.5	36.5	46.5	30	22.5	56	25.5	6.5	23	16.5	42	38.5	64	11.5	15.5	38	34.5	9	29.5	24.5	34	67	56	21	34.5	62.5	49.5	42	57	25	37.5	38.5	18	20	18	45.5	40.5	26	43.5	67.5	47.5	34.5	51.5	38	26	12	51	54.5	37.5	43	37.5	41.5	40	55	30.5	59.5	14	51	37	19.5	39	14	28.5	51.5	54	63.5	47.5	32.5	53.5	13.5	53	19.5	29.5	29	6.5	19	30.5	28.5	62	30	68	64.5	28	32	50	26	
72.5	44.5	56	80	24.5	65.5	60.5	41.5	38	25	74	49	51	54	28.5	27	38	41	53.5	69.5	35.5	28	25	68.5	32	29.5	0	70	26.5	35	39.5	42.5	56	31	32	25	65.5	72	29.5	62	51	7	23	55.5	7	63.5	34	32	46.5	42	67.5	56	85.5	37	41	26.5	60	24.5	55	25	34.5	72.5	81.5	36.5	60	72	75	67.5	72.5	50.5	63	31	18.5	45.5	33.5	69	66	51.5	26	77	42	40	63	36.5	29.5	17.5	76.5	35	22	31.5	38	67	40.5	54.5	54	75	39.5	76.5	62.5	20	25.5	29.5	54	26	28.5	71	73	32	61	34	66.5	20	30	54.5	27	44.5	1	54	67.5	55.5	81.5	70	53.5	37.5	34.5	51.5	
32.5	55.5	36	20	64.5	10.5	39.5	58.5	58	45	24	29	49	46	68.5	67	48	59	18.5	9.5	75.5	68	65	8.5	92	44.5	70	0	71.5	65	54.5	27.5	36	61	88	85	34.5	18	69.5	38	41	77	83	30.5	63	36.5	66	42	53.5	42	32.5	44	29.5	47	41	78.5	10	49.5	15	65	74.5	32.5	21.5	61.5	20	18	25	32.5	27.5	35.5	33	79	58.5	30.5	58.5	31	26	36.5	84	33	88	60	37	78.5	64.5	52.5	21.5	95	72	83.5	78	17	80.5	39.5	46	15	44.5	16.5	17.5	60	79.5	54.5	24	86	88.5	19	13	62	39	54	33.5	60	70	39.5	47	29.5	71	44	32.5	20.5	33.5	20	38.5	62.5	90.5	46.5	
54	26	45.5	71.5	37	69	42	23	23.5	28.5	57.5	52.5	32.5	35.5	33	39.5	33.5	22.5	57	73	46	9.5	43.5	72	28.5	33	26.5	71.5	0	16.5	27	46	37.5	25.5	28.5	21.5	47	53.5	32	43.5	40.5	19.5	19.5	51	33.5	45	15.5	35.5	28	39.5	49	37.5	67	34.5	40.5	23	63.5	24	58.5	41.5	37	54	75	12	61.5	53.5	56.5	49	54	46	48.5	27.5	37	49	15	50.5	55.5	45	22.5	58.5	38.5	21.5	44.5	33	11	31	60	31.5	8.5	28	48.5	64.5	41	36	35.5	56.5	37	80	64	38.5	22	19	57.5	22.5	25	52.5	76.5	13.5	42.5	27.5	48	38.5	48.5	42	30.5	48	25.5	37.5	49	59	63	51.5	43	19	31	35	
57.5	29.5	49	75	39.5	60.5	45.5	26.5	7	20	61	44	36	39	41.5	42	33	26	48.5	64.5	50.5	7	40	63.5	37	24.5	35	65	16.5	0	30.5	37.5	41	34	37	30	50.5	57	40.5	47	44	28	28	50.5	38	48.5	1	27	31.5	37	52.5	41	70.5	32	36	31.5	55	24.5	50	40	45.5	57.5	76.5	28.5	55	57	60	52.5	57.5	45.5	52	36	33.5	40.5	31.5	54	59	46.5	31	62	47	25	48	41.5	14.5	27.5	63.5	40	17	36.5	53	62	49.5	39.5	39	60	34.5	71.5	57.5	35	30.5	29.5	49	31	33.5	56	68	17	46	11	51.5	35	45	45.5	18	39.5	34	41	52.5	50.5	66.5	55	46.5	22.5	39.5	38.5	
63	35	40.5	64.5	34	50	49	4	27.5	14.5	58.5	33.5	41.5	40.5	38	36.5	22.5	31.5	38	54	45	23.5	34.5	53	47.5	10	39.5	54.5	27	30.5	0	27	46.5	30.5	47.5	40.5	56	62.5	39	52.5	35.5	38.5	38.5	40	32.5	54	29.5	16.5	33	26.5	52	46.5	74	21.5	25.5	42	44.5	19	39.5	34.5	44	63	66	31	44.5	62.5	59.5	52	63	35	47.5	46.5	28	30	28	55.5	50.5	36	41.5	67.5	57.5	30.5	53.5	48	16	22	61	50.5	27.5	47	47.5	51.5	50	45	40.5	65.5	24	61	47	29.5	41	24	38.5	41.5	44	61.5	57.5	22.5	51.5	23.5	57	29.5	39.5	39	16.5	29	40.5	38.5	58	40	72	60.5	38	28	50	36	
60	28	13.5	37.5	37	23	22	31	30.5	17.5	31.5	6.5	26.5	18.5	41	39.5	20.5	31.5	11	27	48	44.5	37.5	26	70.5	17	42.5	27.5	46	37.5	27	0	41.5	33.5	60.5	57.5	37	45.5	42	25.5	13.5	49.5	59.5	13	35.5	39	38.5	14.5	26	14.5	25	21.5	47	19.5	13.5	51	17.5	22	12.5	37.5	47	50	39	34	17.5	45.5	32.5	25	40	8	20.5	51.5	31	3	31	28.5	23.5	9	56.5	50.5	60.5	32.5	34.5	51	43	25	34	67.5	50.5	56	50.5	24.5	53	38	18.5	42.5	17	34	20	32.5	52	27	11.5	66.5	69	46.5	30.5	40.5	36.5	26.5	36	32.5	42.5	12	19.5	2	43.5	16.5	45	13	51	47.5	11	35	63	19	
18.5	25.5	30	36	66.5	35.5	21.5	42.5	48	59	22	37	17	30	62.5	69	48	37	32.5	41.5	75.5	34	79	42.5	58	56.5	56	36	37.5	41	46.5	41.5	0	55	58	51	11.5	18	61.5	18	35	49	49	30.5	63	9.5	40	54	37.5	44	18.5	22	31.5	49	45	52.5	34	61.5	29	71	66.5	18.5	39.5	49.5	24	18	21	18.5	18.5	35.5	23	57	72.5	40.5	52.5	13	18	34.5	52	23	68	26	7	62.5	30.5	66.5	24.5	61	38	57.5	78	29	70.5	5.5	30	21	46.5	44.5	28.5	74	51.5	56.5	32	52	54.5	17	43	28	5	52	12.5	74	84	31.5	59	41.5	55	32	13.5	30.5	27.5	16	32.5	28.5	60.5	34.5	
71.5	43.5	47	71	25.5	56.5	55.5	34.5	29	16	65	40	50	47	29.5	28	29	40	44.5	60.5	36.5	27	26	59.5	41	20.5	31	61	25.5	34	30.5	33.5	55	0	41	34	64.5	71	30.5	59	42	32	32	46.5	24	62.5	33	23	39.5	33	58.5	55	80.5	28	32	35.5	51	15.5	46	26	35.5	71.5	72.5	27.5	51	71	66	58.5	71.5	41.5	54	40	19.5	36.5	24.5	62	57	42.5	35	76	49	39	62	39.5	28.5	13.5	67.5	44	17	40.5	39	58	41.5	53.5	47	74	30.5	67.5	53.5	21	34.5	20.5	45	35	37.5	70	64	31	60	25	65.5	21	31	45.5	18	35.5	32	45	66.5	46.5	80.5	69	44.5	36.5	43.5	42.5	
74.5	46.5	66	92	37.5	83.5	62.5	43.5	44	43	78	67	53	56	33.5	35	54	43	71.5	87.5	31.5	30	23	86.5	14	47.5	32	88	28.5	37	47.5	60.5	58	41	0	17	67.5	74	32.5	64	61	25	15	71.5	39	65.5	36	50	48.5	60	69.5	58	87.5	55	59	23.5	78	42.5	73	33	27.5	74.5	95.5	40.5	78	74	77	69.5	74.5	66.5	69	23	31.5	63.5	43.5	71	76	65.5	18	79	24	42	65	23.5	31.5	35.5	80.5	17	24	18.5	34	85	26.5	56.5	56	77	57.5	94.5	80.5	28	22.5	47.5	72	6	10.5	73	91	34	63	48	68.5	28	28	62.5	45	62.5	31	58	69.5	73.5	83.5	72	63.5	39.5	16.5	55.5	
67.5	39.5	59	85	30.5	80.5	55.5	36.5	37	40	71	64	46	49	26.5	18	47	36	68.5	84.5	34.5	23	30	83.5	17	44.5	25	85	21.5	30	40.5	57.5	51	34	17	0	60.5	67	25.5	57	54	18	2	64.5	32	58.5	29	47	41.5	53	62.5	51	80.5	48	54	16.5	75	39.5	70	20	25.5	67.5	88.5	33.5	75	67	70	62.5	67.5	59.5	62	6	28.5	60.5	36.5	64	69	58.5	1	72	27	35	58	21.5	24.5	32.5	73.5	20	17	16.5	37	78	29.5	49.5	49	70	50.5	91.5	77.5	25	15.5	40.5	69	11	13.5	66	88	27	56	41	61.5	25	35	55.5	42	59.5	24	51	62.5	70.5	76.5	65	56.5	32.5	19.5	48.5	
23	35	39.5	40.5	74	30	31	52	57.5	54.5	26.5	38.5	26.5	39.5	72	76.5	57.5	46.5	28	34	85	43.5	74.5	33	67.5	54	65.5	34.5	47	50.5	56	37	11.5	64.5	67.5	60.5	0	22.5	71	27.5	44.5	58.5	58.5	40	72.5	2	49.5	51.5	47	51.5	28	31.5	36	56.5	50.5	62	24.5	59	24.5	74.5	76	23	44	59	29.5	22.5	25.5	28	23	45	32.5	66.5	68	40	62	24.5	29.5	44	61.5	27.5	77.5	35.5	18.5	72	40	62	29	70.5	47.5	67	87.5	31.5	80	15	39.5	25.5	54	41	17	69.5	61	64	33.5	61.5	64	21.5	37.5	37.5	16.5	61.5	1	69.5	79.5	41	56.5	39	64.5	41.5	18	30	32	20.5	42	38	70	44	
14.5	41.5	46	32	82.5	28.5	37.5	58.5	64	63	28	47	33	46	78.5	85	64	53	36.5	27.5	91.5	50	83	26.5	74	62.5	72	18	53.5	57	62.5	45.5	18	71	74	67	22.5	0	77.5	34	51	65	65	46.5	79	20.5	56	60	53.5	60	34.5	38	27.5	65	59	68.5	28	67.5	33	83	82.5	14.5	35.5	65.5	38	0	27	34.5	19.5	51.5	39	73	76.5	48.5	68.5	31	36	50.5	68	19	84	42	25	78.5	46.5	70.5	25.5	77	54	73.5	94	35	86.5	21.5	46	3	62.5	34.5	35.5	78	67.5	72.5	42	68	70.5	1	31	44	23	68	23.5	78	88	47.5	65	47.5	71	48	14.5	38.5	23.5	2	48.5	44.5	76.5	50.5	
78	50	55.5	79.5	5	65	64	43	37.5	24.5	73.5	48.5	56.5	55.5	1	21.5	37.5	46.5	53	69	30	33.5	19.5	68	32.5	29	29.5	69.5	32	40.5	39	42	61.5	30.5	32.5	25.5	71	77.5	0	67.5	50.5	28.5	23.5	55	22.5	69	39.5	31.5	48	41.5	67	61.5	89	36.5	40.5	9	59.5	24	54.5	19.5	29	78	81	36	59.5	77.5	74.5	67	78	50	62.5	31.5	11	45	33	70.5	65.5	51	26.5	82.5	42.5	45.5	68.5	33	35	17	76	35.5	27.5	32	32.5	66.5	35	60	55.5	80.5	39	76	62	14.5	10	29	53.5	26.5	29	76.5	72.5	37.5	66.5	33.5	72	14.5	24.5	54	26.5	44	30.5	53.5	73	55	87	75.5	53	43	35	51	
34.5	31.5	34	48	62.5	33.5	27.5	48.5	54	43	38	27	23	36	66.5	65	46	43	21.5	37.5	73.5	40	63	36.5	64	42.5	62	38	43.5	47	52.5	25.5	18	59	64	57	27.5	34	67.5	0	39	55	55	28.5	61	25.5	46	40	43.5	40	29.5	28	47.5	45	39	58.5	28	47.5	23	63	72.5	34.5	49.5	55.5	28	34	37	29.5	34.5	33.5	5	63	56.5	28.5	56.5	31	34	34.5	58	39	74	32	25	68.5	36.5	50.5	40.5	67	44	63.5	76	35	76.5	16.5	36	37	42.5	44.5	30.5	58	57.5	52.5	14	58	60.5	33	41	34	23	52	28.5	58	68	37.5	45	27.5	61	38	29.5	23.5	43.5	32	36.5	34.5	66.5	40.5	
51.5	28.5	27	51	45.5	36.5	35.5	39.5	39	26	45	20	30	5	49.5	48	29	40	24.5	40.5	56.5	37	46	39.5	61	25.5	51	41	40.5	44	35.5	13.5	35	42	61	54	44.5	51	50.5	39	0	52	52	26.5	44	42.5	43	23	34.5	23	38.5	35	60.5	28	22	55.5	31	30.5	26	46	55.5	51.5	52.5	42.5	31	51	46	38.5	51.5	21.5	34	60	39.5	16.5	39.5	42	37	22.5	55	56	69	29	42	59.5	33.5	33.5	47.5	64	41	60.5	59	38	61.5	33.5	5	54	25.5	47.5	33.5	41	54.5	35.5	25	55	57.5	50	44	31	40	35	45.5	41	51	25.5	28	15.5	52	3	46.5	26.5	60.5	49	24.5	31.5	63.5	27.5	
65.5	37.5	57	83	31.5	72.5	53.5	34.5	35	32	69	56	44	47	29.5	34	45	34	60.5	76.5	42.5	21	32	75.5	25	36.5	7	77	19.5	28	38.5	49.5	49	32	25	18	58.5	65	28.5	55	52	0	16	62.5	14	56.5	27	39	39.5	49	60.5	49	78.5	44	48	19.5	67	31.5	62	32	33.5	65.5	86.5	31.5	67	65	68	60.5	65.5	57.5	60	24	25.5	52.5	34.5	62	67	56.5	19	70	35	33	56	29.5	22.5	24.5	71.5	28	15	24.5	45	74	37.5	47.5	47	68	46.5	83.5	69.5	27	18.5	36.5	61	19	21.5	64	80	25	54	39	59.5	27	37	53.5	34	51.5	6	49	60.5	62.5	74.5	63	54.5	30.5	27.5	46.5	
65.5	37.5	57	83	28.5	82.5	53.5	34.5	35	42	69	64	44	47	24.5	20	45	34	70.5	86.5	32.5	21	32	85.5	15	46.5	23	83	19.5	28	38.5	59.5	49	32	15	2	58.5	65	23.5	55	52	16	0	62.5	30	56.5	27	49	39.5	51	60.5	49	78.5	46	52	14.5	77	41.5	72	22	23.5	65.5	86.5	31.5	73	65	68	60.5	65.5	57.5	60	8	30.5	62.5	34.5	62	67	56.5	3	70	25	33	56	19.5	22.5	34.5	71.5	18	15	14.5	35	76	27.5	47.5	47	68	48.5	91.5	75.5	27	13.5	38.5	69	9	11.5	64	90	25	54	39	59.5	27	37	53.5	44	61.5	22	49	60.5	72.5	74.5	63	54.5	30.5	17.5	46.5	
47	39	21.5	40.5	50	26	9	44	43.5	30.5	34.5	14.5	30.5	31.5	54	52.5	33.5	44.5	14	30	61	47.5	50.5	29	71.5	30	55.5	30.5	51	50.5	40	13	30.5	46.5	71.5	64.5	40	46.5	55	28.5	26.5	62.5	62.5	0	48.5	38	51.5	27.5	39	27.5	28	29.5	50	32.5	26.5	64	20.5	35	15.5	50.5	60	47	42	47	20.5	46.5	35.5	28	43	21	23.5	64.5	44	16	44	31.5	26.5	22	65.5	51.5	73.5	39.5	37.5	64	44	38	37	74.5	51.5	69	63.5	27.5	66	29	31.5	45.5	30	37	23	45.5	65	40	14.5	65.5	68	45.5	33.5	41.5	35.5	39.5	39	45.5	55.5	25	32.5	15	56.5	29.5	42	16	54	44.5	24	42	74	32	
79.5	51.5	49	73	17.5	58.5	57.5	36.5	31	18	67	42	58	49	21.5	20	31	42	46.5	62.5	28.5	35	18	61.5	39	22.5	7	63	33.5	38	32.5	35.5	63	24	39	32	72.5	79	22.5	61	44	14	30	48.5	0	70.5	39	25	41.5	35	60.5	57	82.5	30	34	31.5	53	17.5	48	18	27.5	79.5	74.5	29.5	53	79	68	60.5	75.5	43.5	56	32	11.5	38.5	26.5	64	59	44.5	33	84	41	47	70	31.5	36.5	10.5	69.5	42	29	36.5	31	60	33.5	61.5	49	78	32.5	69.5	55.5	13	32.5	22.5	47	33	35.5	78	66	39	68	27	71.5	13	23	47.5	20	37.5	8	47	74.5	48.5	86.5	77	46.5	44.5	41.5	44.5	
21	33	37.5	38.5	74	32	29	50	55.5	56.5	24.5	40.5	24.5	37.5	70	76.5	55.5	44.5	30	36	83	41.5	76.5	35	65.5	56	63.5	36.5	45	48.5	54	39	9.5	62.5	65.5	58.5	2	20.5	69	25.5	42.5	56.5	56.5	38	70.5	0	47.5	53.5	45	51.5	26	29.5	34	56.5	52.5	60	26.5	61	26.5	76.5	74	21	42	57	31.5	20.5	23.5	26	21	43	30.5	64.5	70	42	60	22.5	27.5	42	59.5	25.5	75.5	33.5	16.5	70	38	64	27	68.5	45.5	65	85.5	31.5	78	13	37.5	23.5	54	43	19	71.5	59	64	35.5	59.5	62	19.5	39.5	35.5	14.5	59.5	3	71.5	81.5	39	58.5	41	62.5	39.5	16	32	30	18.5	40	36	68	42	
56.5	28.5	48	74	40.5	61.5	44.5	25.5	8	21	60	45	35	38	40.5	43	34	25	49.5	65.5	51.5	6	41	64.5	36	25.5	34	66	15.5	1	29.5	38.5	40	33	36	29	49.5	56	39.5	46	43	27	27	51.5	39	47.5	0	28	30.5	38	51.5	40	69.5	33	37	30.5	56	25.5	51	41	44.5	56.5	77.5	27.5	56	56	59	51.5	56.5	46.5	51	35	34.5	41.5	30.5	53	58	47.5	30	61	46	24	47	40.5	13.5	28.5	62.5	39	16	35.5	54	63	48.5	38.5	38	59	35.5	72.5	58.5	36	29.5	30.5	50	30	32.5	55	69	16	45	12	50.5	36	46	44.5	19	40.5	33	40	51.5	51.5	65.5	54	45.5	21.5	38.5	37.5	
70.5	32.5	28	52	26.5	37.5	36.5	20.5	20	7	46	21	41	28	30.5	29	6	17	25.5	41.5	37.5	34	27	40.5	60	6.5	32	42	35.5	27	16.5	14.5	54	23	50	47	51.5	60	31.5	40	23	39	49	27.5	25	53.5	28	0	20.5	14	39.5	36	61.5	5	13	40.5	32	11.5	27	27	36.5	64.5	53.5	23.5	32	60	47	39.5	54.5	22.5	35	41	20.5	17.5	20.5	43	38	23.5	46	65	50	32	49	40.5	32.5	14.5	48.5	57	40	45.5	40	39	42.5	52.5	28	57	11.5	48.5	34.5	22	41.5	16.5	26	54	56.5	61	45	26	51	16	50.5	22	32	26.5	9	16.5	33	26	59.5	27.5	65.5	62	25.5	29.5	52.5	23.5	
54	26	39.5	63.5	43	49	42	33	36.5	23.5	57.5	32.5	32.5	35.5	47	45.5	26.5	27.5	37	53	54	24.5	43.5	52	48.5	23	46.5	53.5	28	31.5	33	26	37.5	39.5	48.5	41.5	47	53.5	48	43.5	34.5	39.5	39.5	39	41.5	45	30.5	20.5	0	25.5	49	37.5	67	25.5	24.5	43	43.5	28	38.5	43.5	53	54	65	40	43.5	53.5	56.5	49	54	34	46.5	47.5	37	29	37	50.5	49.5	35	42.5	58.5	58.5	21.5	44.5	53	21	31	60	51.5	28.5	48	56.5	50.5	59	36	35.5	56.5	9	60	46	38.5	42	33	37.5	42.5	45	52.5	56.5	18.5	42.5	32.5	48	38.5	48.5	38	25.5	28	45.5	37.5	49	39	63	51.5	37	9	51	35	
60.5	32.5	28	52	36.5	37.5	36.5	30.5	30	17	46	21	39	28	40.5	39	20	31	25.5	41.5	47.5	36	37	40.5	60	16.5	42	42	39.5	37	26.5	14.5	44	33	60	53	51.5	60	41.5	40	23	49	51	27.5	35	51.5	38	14	25.5	0	39.5	36	61.5	19	1	50.5	32	21.5	27	37	46.5	60.5	53.5	33.5	32	60	47	39.5	54.5	22.5	35	51	30.5	17.5	30.5	43	38	23.5	54	65	60	18	49	50.5	32.5	24.5	48.5	63	40	55.5	50	39	52.5	42.5	28	57	16.5	48.5	34.5	32	51.5	26.5	26	54	56.5	59	45	30	49	26	50.5	32	42	26.5	19	16.5	43	26	55.5	27.5	65.5	58	25.5	30.5	62.5	23.5	
35	37	33.5	42.5	62	28	33	54	55.5	42.5	36.5	26.5	28.5	41.5	66	64.5	45.5	48.5	14	32	73	45.5	62.5	31	69.5	42	67.5	32.5	49	52.5	52	25	18.5	58.5	69.5	62.5	28	34.5	67	29.5	38.5	60.5	60.5	28	60.5	26	51.5	39.5	49	39.5	0	33.5	48	44.5	38.5	64	22.5	47	17.5	62.5	72	35	44	59	22.5	34.5	37.5	0	35	33	30.5	68.5	56	28	56	31.5	28.5	34	63.5	39.5	79.5	37.5	25.5	74	42	50	39	72.5	49.5	69	75.5	29.5	78	13	41.5	37.5	42	39	25	57.5	63	52	21.5	63.5	66	33.5	35.5	39.5	23.5	51.5	29	57.5	67.5	37	44.5	27	66.5	41.5	30	12	44	32.5	36	40	72	44	
38.5	25.5	8	54	58.5	39.5	26.5	42.5	48	39	42	15	5	30	62.5	61	42	37	27.5	43.5	69.5	34	59	42.5	58	38.5	56	44	37.5	41	46.5	21.5	22	55	58	51	31.5	38	61.5	28	35	49	49	29.5	57	29.5	40	36	37.5	36	33.5	0	51.5	41	35	52.5	34	43.5	29	59	66.5	38.5	55.5	49.5	34	38	41	33.5	38.5	29.5	33	57	52.5	24.5	52.5	35	40	30.5	52	43	68	26	29	62.5	30.5	46.5	44.5	61	38	57.5	72	41	70.5	20.5	30	41	38.5	50.5	36.5	54	51.5	48.5	28	52	54.5	37	47	28	27	48	32.5	54	64	31.5	41	23.5	55	32	33.5	29.5	47.5	36	32.5	28.5	60.5	34.5	
13	55	55.5	29.5	84	30	51	72	77.5	64.5	41.5	48.5	46.5	59.5	88	86.5	67.5	66.5	38	24	95	63.5	84.5	23	87.5	64	85.5	29.5	67	70.5	74	47	31.5	80.5	87.5	80.5	36	27.5	89	47.5	60.5	78.5	78.5	50	82.5	34	69.5	61.5	67	61.5	48	51.5	0	66.5	60.5	82	29.5	69	34.5	84.5	94	23	8	79	39.5	27.5	40.5	48	33	55	52.5	86.5	78	50	78	44.5	45.5	56	81.5	22.5	97.5	55.5	38.5	92	60	72	39	90.5	67.5	87	97.5	36.5	100	35	59.5	30.5	64	13	37	79.5	81	74	43.5	81.5	84	26.5	22.5	57.5	36.5	73.5	37	79.5	89.5	59	66.5	49	84.5	61.5	28	40	4	25.5	58	58	90	64	
65.5	37.5	33	57	31.5	42.5	41.5	25.5	25	12	51	26	44	33	35.5	34	1	12	30.5	46.5	42.5	31	32	45.5	55	11.5	37	47	34.5	32	21.5	19.5	49	28	55	48	56.5	65	36.5	45	28	44	46	32.5	30	56.5	33	5	25.5	19	44.5	41	66.5	0	18	45.5	37	16.5	32	32	41.5	65.5	58.5	28.5	37	65	52	44.5	59.5	27.5	40	46	25.5	22.5	25.5	48	43	28.5	49	70	55	33	54	45.5	27.5	19.5	53.5	58	35	50.5	45	44	47.5	47.5	33	62	16.5	53.5	39.5	27	46.5	21.5	31	49	51.5	64	50	21	54	21	55.5	27	37	31.5	14	21.5	38	31	60.5	32.5	70.5	63	30.5	30.5	57.5	28.5	
61.5	31.5	27	51	35.5	36.5	35.5	29.5	29	16	45	20	40	27	39.5	38	19	30	24.5	40.5	46.5	37	36	39.5	61	15.5	41	41	40.5	36	25.5	13.5	45	32	59	54	50.5	59	40.5	39	22	48	52	26.5	34	52.5	37	13	24.5	1	38.5	35	60.5	18	0	49.5	31	20.5	26	36	45.5	61.5	52.5	32.5	31	59	46	38.5	53.5	21.5	34	50	29.5	16.5	29.5	42	37	22.5	55	64	59	19	48	49.5	33.5	23.5	47.5	64	41	54.5	49	38	51.5	43.5	27	56	15.5	47.5	33.5	31	50.5	25.5	25	55	57.5	60	44	31	50	25	49.5	31	41	25.5	18	15.5	42	25	56.5	26.5	64.5	59	24.5	31.5	61.5	22.5	
69	41	60.5	86.5	14	74	57	38	38.5	33.5	72.5	57.5	47.5	50.5	10	30.5	46.5	37.5	62	78	39	24.5	28.5	77	23.5	38	26.5	78.5	23	31.5	42	51	52.5	35.5	23.5	16.5	62	68.5	9	58.5	55.5	19.5	14.5	64	31.5	60	30.5	40.5	43	50.5	64	52.5	82	45.5	49.5	0	68.5	33	63.5	28.5	32	69	90	35	68.5	68.5	71.5	64	69	59	63.5	22.5	20	54	38	65.5	70.5	60	17.5	73.5	33.5	36.5	59.5	28	26	26	75	26.5	18.5	23	41.5	75.5	36	51	50.5	71.5	48	85	71	23.5	1	38	62.5	17.5	20	67.5	81.5	28.5	57.5	42.5	63	23.5	33.5	57	35.5	53	25.5	52.5	64	64	78	66.5	58	34	26	50	
42.5	45.5	26	20	54.5	5.5	29.5	48.5	48	35	14	19	39	36	58.5	57	38	49	8.5	9.5	65.5	62	55	8.5	88	34.5	60	10	63.5	55	44.5	17.5	34	51	78	75	24.5	28	59.5	28	31	67	77	20.5	53	26.5	56	32	43.5	32	22.5	34	29.5	37	31	68.5	0	39.5	5	55	64.5	32.5	21.5	51.5	10	28	15	22.5	22.5	25.5	23	69	48.5	20.5	48.5	21	16	26.5	74	33	78	50	27	68.5	60.5	42.5	16.5	85	68	73.5	68	7	70.5	35.5	36	25	34.5	16.5	7.5	50	69.5	44.5	14	84	86.5	29	13	58	29	44	23.5	50	60	29.5	37	19.5	61	34	27.5	10.5	33.5	30	28.5	52.5	80.5	36.5	
78	40	35.5	59.5	19	45	44	23	17.5	4.5	53.5	28.5	48.5	35.5	23	21.5	17.5	28.5	33	49	30	31.5	19.5	48	52.5	9	24.5	49.5	24	24.5	19	22	61.5	15.5	42.5	39.5	59	67.5	24	47.5	30.5	31.5	41.5	35	17.5	61	25.5	11.5	28	21.5	47	43.5	69	16.5	20.5	33	39.5	0	34.5	19.5	29	72	61	12	39.5	67.5	54.5	47	62	30	42.5	33.5	13	25	9	50.5	45.5	31	38.5	72.5	42.5	39.5	56.5	33	35	7	56	49.5	32.5	38	32.5	46.5	35	60	35.5	64.5	19	56	42	14.5	34	5	33.5	46.5	49	68.5	52.5	37.5	58.5	13.5	58	14.5	24.5	34	6.5	24	25.5	33.5	67	35	73	69.5	33	37	45	31	
47.5	40.5	21	25	49.5	10.5	24.5	43.5	43	30	19	14	34	31	53.5	52	33	44	3.5	14.5	60.5	57	50	13.5	83	29.5	55	15	58.5	50	39.5	12.5	29	46	73	70	24.5	33	54.5	23	26	62	72	15.5	48	26.5	51	27	38.5	27	17.5	29	34.5	32	26	63.5	5	34.5	0	50	59.5	37.5	26.5	46.5	5	33	20	17.5	27.5	20.5	18	64	43.5	15.5	43.5	16	11	21.5	69	38	73	45	22	63.5	55.5	37.5	21.5	80	63	68.5	63	12	65.5	30.5	31	30	29.5	21.5	7.5	45	64.5	39.5	9	79	81.5	34	18	53	24	39	23.5	45	55	24.5	32	14.5	56	29	32.5	5.5	38.5	35	23.5	47.5	75.5	31.5	
87.5	55.5	51	75	14.5	60.5	59.5	38.5	33	20	69	44	64	51	18.5	2	33	44	48.5	64.5	20.5	43	10	63.5	37	24.5	25	65	41.5	40	34.5	37.5	71	26	33	20	74.5	83	19.5	63	46	32	22	50.5	18	76.5	41	27	43.5	37	62.5	59	84.5	32	36	28.5	55	19.5	50	0	19.5	87.5	76.5	31.5	55	83	70	62.5	77.5	45.5	58	14	8.5	40.5	28.5	66	61	46.5	19	88	33	55	72	23.5	44.5	12.5	71.5	40	37	28.5	23	62	25.5	69.5	51	80	34.5	71.5	57.5	5	29.5	24.5	49	31	33.5	84	68	47	74	29	73.5	5	15	49.5	22	39.5	26	49	82.5	50.5	88.5	85	48.5	52.5	35.5	46.5	
83	55	60.5	84.5	24	70	69	48	42.5	29.5	78.5	53.5	61.5	60.5	28	21.5	42.5	51.5	58	74	25	38.5	14.5	73	27.5	34	34.5	74.5	37	45.5	44	47	66.5	35.5	27.5	25.5	76	82.5	29	72.5	55.5	33.5	23.5	60	27.5	74	44.5	36.5	53	46.5	72	66.5	94	41.5	45.5	32	64.5	29	59.5	19.5	0	83	86	41	64.5	82.5	79.5	72	83	55	67.5	31.5	18	50	38	75.5	70.5	56	26.5	87.5	37.5	50.5	73.5	4	40	22	81	30.5	32.5	9	27.5	71.5	30	65	60.5	85.5	44	81	67	14.5	31	34	58.5	21.5	24	81.5	77.5	42.5	71.5	38.5	77	14.5	19.5	59	31.5	49	35.5	58.5	78	60	92	80.5	58	48	30	56	
10	42	46.5	27.5	83	33	38	59	64.5	67.5	28.5	51.5	33.5	46.5	79	85.5	64.5	53.5	41	23	92	50.5	87.5	24	74.5	67	72.5	32.5	54	57.5	63	50	18.5	71.5	74.5	67.5	23	14.5	78	34.5	51.5	65.5	65.5	47	79.5	21	56.5	64.5	54	60.5	35	38.5	23	65.5	61.5	69	32.5	72	37.5	87.5	83	0	31	66	42.5	14.5	27.5	35	20	52	39.5	73.5	81	53	69	31.5	36.5	51	68.5	14.5	84.5	42.5	25.5	79	47	75	26	77.5	54.5	74	94.5	35.5	87	22	46.5	17.5	63	34	40	82.5	68	73	46.5	68.5	71	13.5	30.5	44.5	23.5	68.5	24	82.5	92.5	48	69.5	52	71.5	48.5	15	43	19	12.5	49	45	77	51	
21	63	47.5	21.5	76	22	51	70	69.5	56.5	35.5	40.5	54.5	57.5	80	78.5	59.5	70.5	30	16	87	71.5	76.5	15	95.5	56	81.5	21.5	75	76.5	66	39	39.5	72.5	95.5	88.5	44	35.5	81	49.5	52.5	86.5	86.5	42	74.5	42	77.5	53.5	65	53.5	44	55.5	8	58.5	52.5	90	21.5	61	26.5	76.5	86	31	0	73	31.5	35.5	36.5	44	39	47	44.5	90.5	70	42	70	42.5	37.5	48	89.5	30.5	99.5	63.5	46.5	90	68	64	33	98.5	75.5	95	89.5	28.5	92	43	57.5	36.5	56	5	29	71.5	89	66	35.5	89.5	92	34.5	14.5	65.5	44.5	65.5	45	71.5	81.5	51	58.5	41	82.5	55.5	36	32	12	33.5	50	66	98	58	
66	38	47.5	71.5	31	57	54	35	29.5	16.5	65.5	40.5	44.5	47.5	35	33.5	29.5	34.5	45	61	42	21.5	31.5	60	40.5	21	36.5	61.5	12	28.5	31	34	49.5	27.5	40.5	33.5	59	65.5	36	55.5	42.5	31.5	31.5	47	29.5	57	27.5	23.5	40	33.5	59	49.5	79	28.5	32.5	35	51.5	12	46.5	31.5	41	66	73	0	51.5	65.5	66.5	59	66	42	54.5	39.5	25	37	3	62.5	57.5	43	34.5	70.5	50.5	33.5	56.5	45	23	19	68	43.5	20.5	40	44.5	58.5	47	48	47.5	68.5	31	68	54	26.5	34	7	45.5	34.5	37	64.5	64.5	25.5	54.5	25.5	60	26.5	36.5	46	18.5	36	37.5	45.5	61	47	75	63.5	45	31	43	43	
42.5	45.5	26	30	54.5	15.5	29.5	48.5	48	35	24	19	39	36	58.5	57	38	49	8.5	19.5	65.5	58	55	18.5	82	34.5	60	20	61.5	55	44.5	17.5	24	51	78	75	29.5	38	59.5	28	31	67	73	20.5	53	31.5	56	32	43.5	32	22.5	34	39.5	37	31	68.5	10	39.5	5	55	64.5	42.5	31.5	51.5	0	38	25	22.5	32.5	25.5	23	69	48.5	20.5	48.5	11	6	26.5	74	43	78	50	17	68.5	54.5	42.5	26.5	85	62	73.5	68	17	70.5	29.5	36	35	34.5	26.5	12.5	50	69.5	44.5	14	76	78.5	39	23	52	19	44	28.5	50	60	29.5	37	19.5	61	34	37.5	10.5	43.5	40	28.5	52.5	80.5	36.5	
14.5	41.5	46	32	82.5	28.5	37.5	58.5	64	63	28	47	33	46	78.5	85	64	53	36.5	27.5	91.5	50	83	26.5	74	62.5	72	18	53.5	57	62.5	45.5	18	71	74	67	22.5	0	77.5	34	51	65	65	46.5	79	20.5	56	60	53.5	60	34.5	38	27.5	65	59	68.5	28	67.5	33	83	82.5	14.5	35.5	65.5	38	0	27	34.5	19.5	51.5	39	73	76.5	48.5	68.5	31	36	50.5	68	19	84	42	25	78.5	46.5	70.5	25.5	77	54	73.5	94	35	86.5	21.5	46	3	62.5	34.5	35.5	78	67.5	72.5	42	68	70.5	1	31	44	23	68	23.5	78	88	47.5	65	47.5	71	48	14.5	38.5	23.5	2	48.5	44.5	76.5	50.5	
27.5	44.5	41	35	69.5	20.5	40.5	61.5	63	50	1	34	36	49	73.5	72	53	56	23.5	24.5	80.5	53	70	23.5	77	49.5	75	25	56.5	60	59.5	32.5	21	66	77	70	25.5	27	74.5	37	46	68	68	35.5	68	23.5	59	47	56.5	47	37.5	41	40.5	52	46	71.5	15	54.5	20	70	79.5	27.5	36.5	66.5	25	27	0	37.5	27.5	40.5	38	76	63.5	35.5	63.5	34	31	41.5	71	32	87	45	28	81.5	49.5	57.5	31.5	80	57	76.5	83	8	85.5	24.5	49	30	49.5	31.5	22.5	65	70.5	59.5	29	71	73.5	26	28	47	26	59	26.5	65	75	44.5	52	34.5	74	49	22.5	25.5	36.5	25	43.5	47.5	79.5	51.5	
35	37	33.5	42.5	62	28	33	54	55.5	42.5	36.5	26.5	28.5	41.5	66	64.5	45.5	48.5	14	32	73	45.5	62.5	31	69.5	42	67.5	32.5	49	52.5	52	25	18.5	58.5	69.5	62.5	28	34.5	67	29.5	38.5	60.5	60.5	28	60.5	26	51.5	39.5	49	39.5	0	33.5	48	44.5	38.5	64	22.5	47	17.5	62.5	72	35	44	59	22.5	34.5	37.5	0	35	33	30.5	68.5	56	28	56	31.5	28.5	34	63.5	39.5	79.5	37.5	25.5	74	42	50	39	72.5	49.5	69	75.5	29.5	78	13	41.5	37.5	42	39	25	57.5	63	52	21.5	63.5	66	33.5	35.5	39.5	23.5	51.5	29	57.5	67.5	37	44.5	27	66.5	41.5	30	12	44	32.5	36	40	72	44	
20	42	46.5	37.5	77	17	38	59	64.5	57.5	28.5	41.5	33.5	46.5	79	79.5	60.5	53.5	31	27	88	50.5	77.5	26	74.5	57	72.5	27.5	54	57.5	63	40	18.5	71.5	74.5	67.5	23	19.5	78	34.5	51.5	65.5	65.5	43	75.5	21	56.5	54.5	54	54.5	35	38.5	33	59.5	53.5	69	22.5	62	27.5	77.5	83	20	39	66	32.5	19.5	27.5	35	0	48	39.5	73.5	71	43	69	31.5	36.5	49	68.5	24.5	84.5	42.5	25.5	79	47	65	6	77.5	54.5	74	90.5	29.5	87	22	46.5	22.5	57	34	30	72.5	68	67	36.5	68.5	71	18.5	30.5	44.5	23.5	66.5	24	72.5	82.5	48	59.5	42	71.5	48.5	5	33	29	17.5	49	45	77	51	
52	34	21.5	45.5	45	31	30	39	38.5	25.5	39.5	14.5	30.5	26.5	49	47.5	28.5	39.5	19	35	56	42.5	45.5	34	66.5	25	50.5	35.5	46	45.5	35	8	35.5	41.5	66.5	59.5	45	51.5	50	33.5	21.5	57.5	57.5	21	43.5	43	46.5	22.5	34	22.5	33	29.5	55	27.5	21.5	59	25.5	30	20.5	45.5	55	52	47	42	25.5	51.5	40.5	33	48	0	28.5	59.5	39	5	39	36.5	31.5	1	60.5	56.5	68.5	34.5	42.5	59	39	33	42	69.5	46.5	64	58.5	32.5	61	34	26.5	50.5	25	42	28	40.5	60	35	19.5	60.5	63	50.5	38.5	36.5	40.5	34.5	44	40.5	50.5	4	27.5	6	51.5	24.5	47	21	59	49.5	3	37	69	27	
39.5	36.5	29	43	57.5	28.5	32.5	51.5	51	38	37	22	28	39	61.5	60	41	48	16.5	32.5	68.5	45	58	31.5	69	37.5	63	33	48.5	52	47.5	20.5	23	54	69	62	32.5	39	62.5	5	34	60	60	23.5	56	30.5	51	35	46.5	35	30.5	33	52.5	40	34	63.5	23	42.5	18	58	67.5	39.5	44.5	54.5	23	39	38	30.5	39.5	28.5	0	68	51.5	23.5	51.5	34	29	29.5	63	44	79	37	30	71.5	41.5	45.5	39.5	72	49	68.5	71	30	73.5	21.5	39	42	37.5	39.5	25.5	53	62.5	47.5	9	63	65.5	38	36	39	28	47	33.5	53	63	32.5	40	22.5	64	37	34.5	18.5	48.5	37	31.5	39.5	71.5	39.5	
73.5	45.5	65	89	28.5	74.5	61.5	42.5	43	34	77	58	52	55	32.5	12	47	42	62.5	78.5	34.5	29	24	77.5	23	38.5	31	79	27.5	36	46.5	51.5	57	40	23	6	66.5	73	31.5	63	60	24	8	64.5	32	64.5	35	41	47.5	51	68.5	57	86.5	46	50	22.5	69	33.5	64	14	31.5	73.5	90.5	39.5	69	73	76	68.5	73.5	59.5	68	0	22.5	54.5	42.5	70	75	60.5	5	78	33	41	64	27.5	30.5	26.5	79.5	26	23	22.5	37	76	35.5	55.5	55	76	48.5	85.5	71.5	19	21.5	38.5	63	17	19.5	72	82	33	62	43	67.5	19	29	61.5	36	53.5	30	57	68.5	64.5	82.5	71	62.5	38.5	25.5	54.5	
89	49	44.5	68.5	6	54	53	32	26.5	13.5	62.5	37.5	57.5	44.5	10	10.5	26.5	37.5	42	58	19	40.5	8.5	57	41.5	18	18.5	58.5	37	33.5	28	31	72.5	19.5	31.5	28.5	68	76.5	11	56.5	39.5	25.5	30.5	44	11.5	70	34.5	20.5	37	30.5	56	52.5	78	25.5	29.5	20	48.5	13	43.5	8.5	18	81	70	25	48.5	76.5	63.5	56	71	39	51.5	22.5	0	34	22	59.5	54.5	40	27.5	81.5	31.5	48.5	65.5	22	44	6	65	38.5	36.5	27	21.5	55.5	24	69	44.5	73.5	28	65	51	3.5	21	18	42.5	37.5	40	77.5	61.5	46.5	67.5	22.5	67	3.5	13.5	43	15.5	33	19.5	42.5	76	44	82	78.5	42	46	34	40	
57	31	16.5	40.5	40	26	25	34	33.5	20.5	34.5	9.5	29.5	21.5	44	42.5	23.5	34.5	14	30	51	47.5	40.5	29	71.5	20	45.5	30.5	49	40.5	30	3	40.5	36.5	63.5	60.5	40	48.5	45	28.5	16.5	52.5	62.5	16	38.5	42	41.5	17.5	29	17.5	28	24.5	50	22.5	16.5	54	20.5	25	15.5	40.5	50	53	42	37	20.5	48.5	35.5	28	43	5	23.5	54.5	34	0	34	31.5	26.5	6	59.5	53.5	63.5	35.5	37.5	54	44	28	37	70.5	51.5	59	53.5	27.5	56	39	21.5	45.5	20	37	23	35.5	55	30	14.5	65.5	68	49.5	33.5	41.5	39.5	29.5	39	35.5	45.5	9	22.5	1	46.5	19.5	48	16	54	50.5	8	38	66	22	
69	41	44.5	68.5	28	54	53	32	26.5	13.5	62.5	37.5	47.5	44.5	32	30.5	26.5	37.5	42	58	39	24.5	28.5	57	43.5	18	33.5	58.5	15	31.5	28	31	52.5	24.5	43.5	36.5	62	68.5	33	56.5	39.5	34.5	34.5	44	26.5	60	30.5	20.5	37	30.5	56	52.5	78	25.5	29.5	38	48.5	9	43.5	28.5	38	69	70	3	48.5	68.5	63.5	56	69	39	51.5	42.5	22	34	0	59.5	54.5	40	37.5	73.5	51.5	36.5	59.5	42	26	16	65	46.5	23.5	43	41.5	55.5	44	51	44.5	71.5	28	65	51	23.5	37	4	42.5	37.5	40	67.5	61.5	28.5	57.5	22.5	63	23.5	33.5	43	15.5	33	34.5	42.5	64	44	78	66.5	42	34	46	40	
31.5	38.5	37	41	65.5	26.5	34.5	55.5	59	46	35	30	30	43	69.5	68	49	50	19.5	30.5	76.5	47	66	29.5	71	45.5	69	31	50.5	54	55.5	28.5	13	62	71	64	24.5	31	70.5	31	42	62	62	31.5	64	22.5	53	43	50.5	43	31.5	35	44.5	48	42	65.5	21	50.5	16	66	75.5	31.5	42.5	62.5	11	31	34	31.5	31.5	36.5	34	70	59.5	31.5	59.5	0	5	37.5	65	36	81	39	6	75.5	43.5	53.5	37.5	74	51	70.5	79	28	81.5	18.5	43	34	45.5	37.5	23.5	61	64.5	55.5	25	65	67.5	30	34	41	8	55	25.5	61	71	40.5	48	30.5	68	45	26.5	21.5	40.5	29	39.5	41.5	73.5	47.5	
36.5	43.5	32	36	60.5	21.5	35.5	54.5	54	41	30	25	35	42	64.5	63	44	55	14.5	25.5	71.5	52	61	24.5	76	40.5	66	26	55.5	59	50.5	23.5	18	57	76	69	29.5	36	65.5	34	37	67	67	26.5	59	27.5	58	38	49.5	38	28.5	40	45.5	43	37	70.5	16	45.5	11	61	70.5	36.5	37.5	57.5	6	36	31	28.5	36.5	31.5	29	75	54.5	26.5	54.5	5	0	32.5	70	41	84	44	11	74.5	48.5	48.5	32.5	79	56	75.5	74	23	76.5	23.5	42	39	40.5	32.5	18.5	56	69.5	50.5	20	70	72.5	35	29	46	13	50	30.5	56	66	35.5	43	25.5	67	40	31.5	16.5	45.5	34	34.5	46.5	78.5	42.5	
51	33	22.5	46.5	46	32	31	40	39.5	26.5	40.5	15.5	29.5	27.5	50	48.5	29.5	40.5	20	36	57	41.5	46.5	35	65.5	26	51.5	36.5	45	46.5	36	9	34.5	42.5	65.5	58.5	44	50.5	51	34.5	22.5	56.5	56.5	22	44.5	42	47.5	23.5	35	23.5	34	30.5	56	28.5	22.5	60	26.5	31	21.5	46.5	56	51	48	43	26.5	50.5	41.5	34	49	1	29.5	60.5	40	6	40	37.5	32.5	0	59.5	55.5	69.5	33.5	41.5	60	38	34	43	68.5	45.5	65	59.5	33.5	62	33	27.5	51.5	26	43	29	41.5	59	36	20.5	59.5	62	49.5	39.5	35.5	39.5	35.5	45	41.5	51.5	3	28.5	7	52.5	25.5	46	22	60	48.5	2	36	68	28	
68.5	40.5	60	86	31.5	79.5	56.5	37.5	38	39	72	63	47	50	27.5	17	48	37	67.5	83.5	35.5	24	29	82.5	18	43.5	26	84	22.5	31	41.5	56.5	52	35	18	1	61.5	68	26.5	58	55	19	3	65.5	33	59.5	30	46	42.5	54	63.5	52	81.5	49	55	17.5	74	38.5	69	19	26.5	68.5	89.5	34.5	74	68	71	63.5	68.5	60.5	63	5	27.5	59.5	37.5	65	70	59.5	0	73	28	36	59	22.5	25.5	31.5	74.5	21	18	17.5	38	79	30.5	50.5	50	71	51.5	90.5	76.5	24	16.5	41.5	68	12	14.5	67	87	28	57	42	62.5	24	34	56.5	41	58.5	25	52	63.5	69.5	77.5	66	57.5	33.5	20.5	49.5	
9.5	46.5	51	13	87.5	33.5	42.5	63.5	69	68	33	52	38	51	83.5	90	69	58	41.5	27.5	96.5	55	88	26.5	79	67.5	77	33	58.5	62	67.5	50.5	23	76	79	72	27.5	19	82.5	39	56	70	70	51.5	84	25.5	61	65	58.5	65	39.5	43	22.5	70	64	73.5	33	72.5	38	88	87.5	14.5	30.5	70.5	43	19	32	39.5	24.5	56.5	44	78	81.5	53.5	73.5	36	41	55.5	73	0	89	47	30	83.5	51.5	75.5	30.5	82	59	78.5	99	40	91.5	26.5	51	22	67.5	29.5	40.5	83	72.5	77.5	47	73	75.5	18	20	49	28	73	28.5	83	93	52.5	70	52.5	76	53	19.5	43.5	18.5	17	53.5	49.5	81.5	55.5	
84.5	56.5	74	98	37.5	83.5	72.5	53.5	54	43	88	67	63	66	41.5	35	56	53	71.5	87.5	28.5	40	23	86.5	10	47.5	42	88	38.5	47	57.5	60.5	68	49	24	27	77.5	84	42.5	74	69	35	25	73.5	41	75.5	46	50	58.5	60	79.5	68	97.5	55	59	33.5	78	42.5	73	33	37.5	84.5	99.5	50.5	78	84	87	79.5	84.5	68.5	79	33	31.5	63.5	51.5	81	84	69.5	28	89	0	52	75	33.5	41.5	35.5	90.5	7	34	28.5	10	85	31.5	66.5	66	87	57.5	94.5	80.5	28	32.5	47.5	72	18	15.5	83	91	44	73	52	78.5	28	18	72.5	45	62.5	41	68	79.5	73.5	93.5	82	71.5	49.5	21.5	65.5	
42.5	14.5	34	60	50.5	55.5	30.5	26.5	32	35	46	39	21	24	46.5	53	32	21	43.5	59.5	59.5	18	55	58.5	42	34.5	40	60	21.5	25	30.5	32.5	26	39	42	35	35.5	42	45.5	32	29	33	33	39.5	47	33.5	24	32	21.5	18	37.5	26	55.5	33	19	36.5	50	39.5	45	55	50.5	42.5	63.5	33.5	50	42	45	37.5	42.5	34.5	37	41	48.5	35.5	36.5	39	44	33.5	36	47	52	0	33	46.5	14.5	42.5	48.5	45	22	41.5	62	53	54.5	24.5	24	45	30.5	66.5	52.5	50	35.5	40.5	44	36	38.5	41	63	12	31	36	36.5	50	60	30.5	37	34.5	39	26	37.5	45.5	51.5	40	31.5	12.5	44.5	23.5	
25.5	32.5	37	43	71.5	32.5	28.5	49.5	55	52	29	36	24	37	69.5	74	55	44	25.5	36.5	82.5	41	72	35.5	65	51.5	63	37	44.5	48	53.5	34.5	7	62	65	58	18.5	25	68.5	25	42	56	56	37.5	70	16.5	47	49	44.5	49	25.5	29	38.5	54	48	59.5	27	56.5	22	72	73.5	25.5	46.5	56.5	17	25	28	25.5	25.5	42.5	30	64	65.5	37.5	59.5	6	11	41.5	59	30	75	33	0	69.5	37.5	59.5	31.5	68	45	64.5	85	34	77.5	12.5	37	28	51.5	43.5	29.5	67	58.5	61.5	31	59	61.5	24	40	35	2	59	19.5	67	77	38.5	54	36.5	62	39	20.5	27.5	34.5	23	39.5	35.5	67.5	41.5	
79	51	64.5	88.5	28	74	67	48	46.5	33.5	82.5	57.5	57.5	60.5	32	25.5	46.5	47.5	62	78	29	34.5	18.5	77	23.5	38	36.5	78.5	33	41.5	48	51	62.5	39.5	23.5	21.5	72	78.5	33	68.5	59.5	29.5	19.5	64	31.5	70	40.5	40.5	53	50.5	74	62.5	92	45.5	49.5	28	68.5	33	63.5	23.5	4	79	90	45	68.5	78.5	81.5	74	79	59	71.5	27.5	22	54	42	75.5	74.5	60	22.5	83.5	33.5	46.5	69.5	0	36	26	85	26.5	28.5	5	31.5	75.5	34	61	60.5	81.5	48	85	71	18.5	27	38	62.5	17.5	20	77.5	81.5	38.5	67.5	42.5	73	18.5	23.5	63	35.5	53	35.5	62.5	74	64	88	76.5	62	44	26	60	
47	19	38.5	64.5	40	64	35	12	21.5	30.5	50.5	45.5	25.5	28.5	36	42.5	26.5	15.5	54	70	49	7.5	50.5	69	31.5	26	29.5	64.5	11	14.5	16	43	30.5	28.5	31.5	24.5	40	46.5	35	36.5	33.5	22.5	22.5	44	36.5	38	13.5	32.5	21	32.5	42	30.5	60	27.5	33.5	26	60.5	35	55.5	44.5	40	47	68	23	54.5	46.5	49.5	42	47	39	41.5	30.5	44	44	26	43.5	48.5	38	25.5	51.5	41.5	14.5	37.5	36	0	38	53	34.5	11.5	31	51.5	57.5	44	29	28.5	49.5	30	73	57	45.5	25	30	50.5	25.5	28	45.5	71.5	6.5	35.5	25.5	41	45.5	55.5	35	32.5	45	28.5	30.5	42	54	56	44.5	36	12	34	28	
85	43	38.5	62.5	12	48	47	26	20.5	7.5	56.5	31.5	51.5	38.5	16	14.5	20.5	31.5	36	52	23	34.5	12.5	51	45.5	12	17.5	52.5	31	27.5	22	25	66.5	13.5	35.5	32.5	62	70.5	17	50.5	33.5	24.5	34.5	38	10.5	64	28.5	14.5	31	24.5	50	46.5	72	19.5	23.5	26	42.5	7	37.5	12.5	22	75	64	19	42.5	70.5	57.5	50	65	33	45.5	26.5	6	28	16	53.5	48.5	34	31.5	75.5	35.5	42.5	59.5	26	38	0	59	42.5	30.5	31	25.5	49.5	28	63	38.5	67.5	22	59	45	7.5	27	12	36.5	41.5	44	71.5	55.5	40.5	61.5	16.5	61	7.5	17.5	37	9.5	27	18.5	36.5	70	38	76	72.5	36	40	38	34	
26	48	42.5	31.5	71	11	44	65	64.5	51.5	30.5	35.5	39.5	52.5	75	73.5	54.5	59.5	25	21	82	56.5	71.5	20	80.5	51	76.5	21.5	60	63.5	61	34	24.5	67.5	80.5	73.5	29	25.5	76	40.5	47.5	71.5	71.5	37	69.5	27	62.5	48.5	60	48.5	39	44.5	39	53.5	47.5	75	16.5	56	21.5	71.5	81	26	33	68	26.5	25.5	31.5	39	6	42	39.5	79.5	65	37	65	37.5	32.5	43	74.5	30.5	90.5	48.5	31.5	85	53	59	0	83.5	60.5	80	84.5	23.5	87	28	52.5	28.5	51	28	24	66.5	74	61	30.5	74.5	77	24.5	24.5	50.5	29.5	60.5	30	66.5	76.5	46	53.5	36	77.5	50.5	11	27	35	23.5	45	51	83	53	
77.5	49.5	69	95	40.5	90.5	65.5	46.5	47	50	81	74	56	59	36.5	38	57	46	78.5	94.5	29.5	33	30	93.5	3	54.5	35	95	31.5	40	50.5	67.5	61	44	17	20	70.5	77	35.5	67	64	28	18	74.5	42	68.5	39	57	51.5	63	72.5	61	90.5	58	64	26.5	85	49.5	80	40	30.5	77.5	98.5	43.5	85	77	80	72.5	77.5	69.5	72	26	38.5	70.5	46.5	74	79	68.5	21	82	7	45	68	26.5	34.5	42.5	83.5	0	27	21.5	17	88	24.5	59.5	59	80	60.5	101.5	87.5	35	25.5	50.5	79	11	8.5	76	98	37	66	51	71.5	35	25	65.5	52	69.5	34	61	72.5	80.5	86.5	75	66.5	42.5	14.5	58.5	
54.5	26.5	46	72	32.5	71.5	42.5	23.5	24	33	58	53	33	36	28.5	35	34	23	61.5	77.5	41.5	10	43	76.5	24	37.5	22	72	8.5	17	27.5	50.5	38	17	24	17	47.5	54	27.5	44	41	15	15	51.5	29	45.5	16	40	28.5	40	49.5	38	67.5	35	41	18.5	68	32.5	63	37	32.5	54.5	75.5	20.5	62	54	57	49.5	54.5	46.5	49	23	36.5	51.5	23.5	51	56	45.5	18	59	34	22	45	28.5	11.5	30.5	60.5	27	0	23.5	44	65	36.5	36.5	36	57	37.5	80.5	64.5	38	17.5	27.5	58	18	20.5	53	79	14	43	28	48.5	38	48	42.5	35	52.5	21	38	49.5	61.5	63.5	52	43.5	19.5	26.5	35.5	
74	46	65.5	91.5	33	79	62	43	43.5	38.5	77.5	62.5	52.5	55.5	33	30.5	51.5	42.5	67	83	34	29.5	23.5	82	18.5	43	31.5	83.5	28	36.5	47	56	57.5	40.5	18.5	16.5	67	73.5	32	63.5	60.5	24.5	14.5	69	36.5	65	35.5	45.5	48	55.5	69	57.5	87	50.5	54.5	23	73.5	38	68.5	28.5	9	74	95	40	73.5	73.5	76.5	69	74	64	68.5	22.5	27	59	43	70.5	75.5	65	17.5	78.5	28.5	41.5	64.5	5	31	31	80	21.5	23.5	0	36.5	80.5	31	56	55.5	76.5	53	90	76	23.5	22	43	67.5	12.5	15	72.5	86.5	33.5	62.5	47.5	68	23.5	28.5	62	40.5	58	30.5	57.5	69	69	83	71.5	63	39	21	55	
94.5	66.5	64	88	27.5	73.5	72.5	51.5	46	33	82	57	73	64	31.5	25	46	57	61.5	77.5	18.5	50	13	76.5	20	37.5	38	78	48.5	53	47.5	50.5	78	39	34	37	87.5	94	32.5	76	59	45	35	63.5	31	85.5	54	40	56.5	50	75.5	72	97.5	45	49	41.5	68	32.5	63	23	27.5	94.5	89.5	44.5	68	94	83	75.5	90.5	58.5	71	37	21.5	53.5	41.5	79	74	59.5	38	99	10	62	85	31.5	51.5	25.5	84.5	17	44	36.5	0	75	23.5	76.5	64	93	47.5	84.5	70.5	18	42.5	37.5	62	28	25.5	93	81	54	83	42	86.5	18	8	62.5	35	52.5	39	62	89.5	63.5	101.5	92	61.5	59.5	31.5	59.5	
35.5	52.5	33	27	61.5	12.5	36.5	55.5	55	42	7	26	44	43	65.5	64	45	56	15.5	16.5	72.5	61	62	15.5	85	41.5	67	17	64.5	62	51.5	24.5	29	58	85	78	31.5	35	66.5	35	38	74	76	27.5	60	31.5	63	39	50.5	39	29.5	41	36.5	44	38	75.5	7	46.5	12	62	71.5	35.5	28.5	58.5	17	35	8	29.5	29.5	32.5	30	76	55.5	27.5	55.5	28	23	33.5	79	40	85	53	34	75.5	57.5	49.5	23.5	88	65	80.5	75	0	77.5	32.5	43	32	41.5	23.5	14.5	57	76.5	51.5	21	79	81.5	34	20	55	34	51	30.5	57	67	36.5	44	26.5	68	41	30.5	17.5	40.5	33	35.5	55.5	87.5	43.5	
87	59	66.5	90.5	30	76	75	54	48.5	35.5	84.5	59.5	65.5	66.5	34	27.5	48.5	55.5	64	80	5	42.5	15.5	79	21.5	40	40.5	80.5	41	49.5	50	53	70.5	41.5	26.5	29.5	80	86.5	35	76.5	61.5	37.5	27.5	66	33.5	78	48.5	42.5	59	52.5	78	70.5	100	47.5	51.5	36	70.5	35	65.5	25.5	30	87	92	47	70.5	86.5	85.5	78	87	61	73.5	35.5	24	56	44	81.5	76.5	62	30.5	91.5	31.5	54.5	77.5	34	44	28	87	24.5	36.5	31	23.5	77.5	0	69	66.5	89.5	50	87	73	20.5	35	40	64.5	20.5	16	85.5	83.5	46.5	75.5	44.5	81	20.5	15.5	65	37.5	55	41.5	64.5	82	66	96	84.5	64	52	10	62	
22	24	28.5	39.5	65	39	20	41	46.5	55.5	25.5	35.5	15.5	28.5	61	67.5	46.5	35.5	27	45	74	32.5	75.5	44	56.5	55	54.5	39.5	36	39.5	45	38	5.5	53.5	56.5	49.5	15	21.5	60	16.5	33.5	47.5	47.5	29	61.5	13	38.5	52.5	36	42.5	13	20.5	35	47.5	43.5	51	35.5	60	30.5	69.5	65	22	43	48	29.5	21.5	24.5	13	22	34	21.5	55.5	69	39	51	18.5	23.5	33	50.5	26.5	66.5	24.5	12.5	61	29	63	28	59.5	36.5	56	76.5	32.5	69	0	28.5	24.5	45	48	32	70.5	50	55	30.5	50.5	53	20.5	46.5	26.5	10.5	50.5	16	70.5	80.5	30	57.5	40	53.5	30.5	17	25	31	19.5	31	27	59	33	
46.5	23.5	32	56	50.5	41.5	34.5	40.5	44	31	50	25	25	0	54.5	53	34	35	29.5	45.5	61.5	32	51	44.5	56	30.5	54	46	35.5	39	40.5	18.5	30	47	56	49	39.5	46	55.5	36	5	47	47	31.5	49	37.5	38	28	35.5	28	41.5	30	59.5	33	27	50.5	36	35.5	31	51	60.5	46.5	57.5	47.5	36	46	49	41.5	46.5	26.5	39	55	44.5	21.5	44.5	43	42	27.5	50	51	66	24	37	60.5	28.5	38.5	52.5	59	36	55.5	64	43	66.5	28.5	0	49	30.5	52.5	38.5	46	49.5	40.5	30	50	52.5	45	49	26	35	40	40.5	46	56	30.5	33	20.5	53	2	41.5	31.5	55.5	44	29.5	26.5	58.5	32.5	
17.5	44.5	49	35	79.5	25.5	40.5	61.5	67	60	31	44	36	49	81.5	82	63	56	33.5	24.5	90.5	53	80	23.5	77	59.5	75	15	56.5	60	65.5	42.5	21	74	77	70	25.5	3	80.5	37	54	68	68	45.5	78	23.5	59	57	56.5	57	37.5	41	30.5	62	56	71.5	25	64.5	30	80	85.5	17.5	36.5	68.5	35	3	30	37.5	22.5	50.5	42	76	73.5	45.5	71.5	34	39	51.5	71	22	87	45	28	81.5	49.5	67.5	28.5	80	57	76.5	93	32	89.5	24.5	49	0	59.5	31.5	32.5	75	70.5	69.5	39	71	73.5	4	28	47	26	69	26.5	75	85	50.5	62	44.5	74	51	17.5	35.5	26.5	5	51.5	47.5	79.5	53.5	
63	35	30.5	54.5	34	40	39	28	27.5	14.5	48.5	23.5	41.5	30.5	38	36.5	17.5	28.5	28	44	45	33.5	34.5	43	57.5	14	39.5	44.5	37	34.5	24	17	46.5	30.5	57.5	50.5	54	62.5	39	42.5	25.5	46.5	48.5	30	32.5	54	35.5	11.5	9	16.5	42	38.5	64	16.5	15.5	48	34.5	19	29.5	34.5	44	63	56	31	34.5	62.5	49.5	42	57	25	37.5	48.5	28	20	28	45.5	40.5	26	51.5	67.5	57.5	30.5	51.5	48	30	22	51	60.5	37.5	53	47.5	41.5	50	45	30.5	59.5	0	51	37	29.5	49	24	28.5	51.5	54	61.5	47.5	27.5	51.5	23.5	53	29.5	39.5	29	16.5	19	40.5	28.5	58	30	68	60.5	28	18	60	26	
26	62	42.5	16.5	71	17	46	65	64.5	51.5	30.5	35.5	55.5	52.5	75	73.5	54.5	65.5	25	11	82	76.5	71.5	10	100.5	51	76.5	16.5	80	71.5	61	34	44.5	67.5	94.5	91.5	41	34.5	76	44.5	47.5	83.5	91.5	37	69.5	43	72.5	48.5	60	48.5	39	50.5	13	53.5	47.5	85	16.5	56	21.5	71.5	81	34	5	68	26.5	34.5	31.5	39	34	42	39.5	85.5	65	37	65	37.5	32.5	43	90.5	29.5	94.5	66.5	43.5	85	73	59	28	101.5	80.5	90	84.5	23.5	87	48	52.5	31.5	51	0	24	66.5	86	61	30.5	94.5	97	35.5	9.5	70.5	45.5	60.5	40	66.5	76.5	46	53.5	36	77.5	50.5	39	27	17	36.5	45	69	97	53	
40	48	28.5	27.5	57	13	32	51	50.5	37.5	21.5	21.5	41.5	38.5	61	59.5	40.5	51.5	11	17	68	60.5	57.5	16	84.5	37	62.5	17.5	64	57.5	47	20	28.5	53.5	80.5	77.5	17	35.5	62	30.5	33.5	69.5	75.5	23	55.5	19	58.5	34.5	46	34.5	25	36.5	37	39.5	33.5	71	7.5	42	7.5	57.5	67	40	29	54	12.5	35.5	22.5	25	30	28	25.5	71.5	51	23	51	23.5	18.5	29	76.5	40.5	80.5	52.5	29.5	71	57	45	24	87.5	64.5	76	70.5	14.5	73	32	38.5	32.5	37	24	0	52.5	72	47	16.5	78.5	81	36.5	20.5	54.5	31.5	46.5	16	52.5	62.5	32	39.5	22	63.5	36.5	35	13	41	37.5	31	55	83	39	
92.5	50.5	46	70	9.5	55.5	54.5	33.5	28	15	64	39	59	46	13.5	7	28	39	43.5	59.5	15.5	42	5	58.5	38	19.5	20	60	38.5	35	29.5	32.5	74	21	28	25	69.5	78	14.5	58	41	27	27	45.5	13	71.5	36	22	38.5	32	57.5	54	79.5	27	31	23.5	50	14.5	45	5	14.5	82.5	71.5	26.5	50	78	65	57.5	72.5	40.5	53	19	3.5	35.5	23.5	61	56	41.5	24	83	28	50	67	18.5	45.5	7.5	66.5	35	38	23.5	18	57	20.5	70.5	46	75	29.5	66.5	52.5	0	24.5	19.5	44	34	36.5	79	63	48	69	24	68.5	0	10	44.5	17	34.5	21	44	77.5	45.5	83.5	80	43.5	47.5	30.5	41.5	
68	40	59.5	85.5	15	75	56	37	37.5	34.5	71.5	58.5	46.5	49.5	11	31.5	47.5	36.5	63	79	40	23.5	29.5	78	22.5	39	25.5	79.5	22	30.5	41	52	51.5	34.5	22.5	15.5	61	67.5	10	57.5	54.5	18.5	13.5	65	32.5	59	29.5	41.5	42	51.5	63	51.5	81	46.5	50.5	1	69.5	34	64.5	29.5	31	68	89	34	69.5	67.5	70.5	63	68	60	62.5	21.5	21	55	37	64.5	69.5	59	16.5	72.5	32.5	35.5	58.5	27	25	27	74	25.5	17.5	22	42.5	76.5	35	50	49.5	70.5	49	86	72	24.5	0	39	63.5	16.5	19	66.5	82.5	27.5	56.5	41.5	62	24.5	34.5	56	36.5	54	24.5	51.5	63	65	77	65.5	57	33	25	49	
73	45	40.5	64.5	24	50	49	28	22.5	9.5	58.5	33.5	51.5	40.5	28	26.5	22.5	33.5	38	54	35	28.5	24.5	53	47.5	14	29.5	54.5	19	29.5	24	27	56.5	20.5	47.5	40.5	64	72.5	29	52.5	35.5	36.5	38.5	40	22.5	64	30.5	16.5	33	26.5	52	48.5	74	21.5	25.5	38	44.5	5	39.5	24.5	34	73	66	7	44.5	72.5	59.5	52	67	35	47.5	38.5	18	30	4	55.5	50.5	36	41.5	77.5	47.5	40.5	61.5	38	30	12	61	50.5	27.5	43	37.5	51.5	40	55	40.5	69.5	24	61	47	19.5	39	0	38.5	41.5	44	71.5	57.5	32.5	61.5	18.5	63	19.5	29.5	39	11.5	29	30.5	38.5	68	40	78	70.5	38	38	50	36	
48.5	39.5	20	34	48.5	19.5	23.5	42.5	42	29	28	13	33	30	52.5	51	32	43	7.5	23.5	59.5	54	49	22.5	78	28.5	54	24	57.5	49	38.5	11.5	32	45	72	69	33.5	42	53.5	14	25	61	69	14.5	47	35.5	50	26	37.5	26	21.5	28	43.5	31	25	62.5	14	33.5	9	49	58.5	46.5	35.5	45.5	14	42	29	21.5	36.5	19.5	9	63	42.5	14.5	42.5	25	20	20.5	68	47	72	44	31	62.5	50.5	36.5	30.5	79	58	67.5	62	21	64.5	30.5	30	39	28.5	30.5	16.5	44	63.5	38.5	0	72	74.5	43	27	48	33	38	32.5	44	54	23.5	31	13.5	55	28	41.5	9.5	47.5	44	22.5	46.5	74.5	30.5	
68.5	40.5	60	86	31.5	85.5	56.5	37.5	38	49	72	67	47	50	27.5	29	48	37	77.5	91.5	25.5	24	29	92.5	8	51.5	26	86	22.5	31	41.5	66.5	52	35	6	11	61.5	68	26.5	58	55	19	9	65.5	33	59.5	30	54	42.5	54	63.5	52	81.5	49	55	17.5	84	46.5	79	31	21.5	68.5	89.5	34.5	76	68	71	63.5	68.5	60.5	63	17	37.5	65.5	37.5	65	70	59.5	12	73	18	36	59	17.5	25.5	41.5	74.5	11	18	12.5	28	79	20.5	50.5	50	71	51.5	94.5	78.5	34	16.5	41.5	72	0	4.5	67	93	28	57	42	62.5	34	34	56.5	49	66.5	25	52	63.5	75.5	77.5	66	57.5	33.5	10.5	49.5	
71	43	62.5	88.5	34	88	59	40	40.5	51.5	74.5	69.5	49.5	52.5	30	31.5	50.5	39.5	80	94	21	26.5	31.5	95	5.5	54	28.5	88.5	25	33.5	44	69	54.5	37.5	10.5	13.5	64	70.5	29	60.5	57.5	21.5	11.5	68	35.5	62	32.5	56.5	45	56.5	66	54.5	84	51.5	57.5	20	86.5	49	81.5	33.5	24	71	92	37	78.5	70.5	73.5	66	71	63	65.5	19.5	40	68	40	67.5	72.5	62	14.5	75.5	15.5	38.5	61.5	20	28	44	77	8.5	20.5	15	25.5	81.5	16	53	52.5	73.5	54	97	81	36.5	19	44	74.5	4.5	0	69.5	95.5	30.5	59.5	44.5	65	36.5	31.5	59	51.5	69	27.5	54.5	66	78	80	68.5	60	36	6	52	
13.5	40.5	45	31	81.5	29.5	36.5	57.5	63	64	27	48	32	45	77.5	84	63	52	37.5	28.5	90.5	49	84	27.5	73	63.5	71	19	52.5	56	61.5	46.5	17	70	73	66	21.5	1	76.5	33	50	64	64	45.5	78	19.5	55	61	52.5	59	33.5	37	26.5	64	60	67.5	29	68.5	34	84	81.5	13.5	34.5	64.5	39	1	26	33.5	18.5	50.5	38	72	77.5	49.5	67.5	30	35	49.5	67	18	83	41	24	77.5	45.5	71.5	24.5	76	53	72.5	93	34	85.5	20.5	45	4	61.5	35.5	36.5	79	66.5	71.5	43	67	69.5	0	32	43	22	67	22.5	79	89	46.5	66	48.5	70	47	13.5	39.5	22.5	1	47.5	43.5	75.5	49.5	
29.5	58.5	39	7	67.5	13.5	42.5	61.5	61	48	27	32	52	49	71.5	70	51	62	21.5	7.5	78.5	75	68	6.5	99	47.5	73	13	76.5	68	57.5	30.5	43	64	91	88	37.5	31	72.5	41	44	80	90	33.5	66	39.5	69	45	56.5	45	35.5	47	22.5	50	44	81.5	13	52.5	18	68	77.5	30.5	14.5	64.5	23	31	28	35.5	30.5	38.5	36	82	61.5	33.5	61.5	34	29	39.5	87	20	91	63	40	81.5	71.5	55.5	24.5	98	79	86.5	81	20	83.5	46.5	49	28	47.5	9.5	20.5	63	82.5	57.5	27	93	95.5	32	0	69	42	57	36.5	63	73	42.5	50	32.5	74	47	35.5	23.5	26.5	33	41.5	65.5	93.5	49.5	
44.5	16.5	36	62	42.5	61.5	32.5	18.5	24	33	48	43	23	26	38.5	45	20	9	51.5	67.5	51.5	10	53	66.5	34	32.5	32	62	13.5	17	22.5	40.5	28	31	34	27	37.5	44	37.5	34	31	25	25	41.5	39	35.5	16	26	18.5	30	39.5	28	57.5	21	31	28.5	58	37.5	53	47	42.5	44.5	65.5	25.5	52	44	47	39.5	44.5	36.5	39	33	46.5	41.5	28.5	41	46	35.5	28	49	44	12	35	38.5	6.5	40.5	50.5	37	14	33.5	54	55	46.5	26.5	26	47	27.5	70.5	54.5	48	27.5	32.5	48	28	30.5	43	69	0	33	28	38.5	48	58	32.5	35	42.5	31	28	39.5	51.5	53.5	42	33.5	9.5	36.5	25.5	
23.5	30.5	35	41	71.5	34.5	26.5	47.5	53	54	27	38	22	35	67.5	74	53	42	27.5	38.5	80.5	39	74	37.5	63	53.5	61	39	42.5	46	51.5	36.5	5	60	63	56	16.5	23	66.5	23	40	54	54	35.5	68	14.5	45	51	42.5	49	23.5	27	36.5	54	50	57.5	29	58.5	24	74	71.5	23.5	44.5	54.5	19	23	26	23.5	23.5	40.5	28	62	67.5	39.5	57.5	8	13	39.5	57	28	73	31	2	67.5	35.5	61.5	29.5	66	43	62.5	83	34	75.5	10.5	35	26	51.5	45.5	31.5	69	56.5	61.5	33	57	59.5	22	42	33	0	57	17.5	69	79	36.5	56	38.5	60	37	18.5	29.5	32.5	21	37.5	33.5	65.5	39.5	
68.5	40.5	40	64	28.5	49.5	48.5	27.5	4	9	58	33	47	40	32.5	31	22	33	37.5	53.5	39.5	18	29	52.5	48	13.5	34	54	27.5	11	23.5	26.5	52	25	48	41	61.5	68	33.5	52	35	39	39	39.5	27	59.5	12	16	32.5	26	51.5	48	73.5	21	25	42.5	44	13.5	39	29	38.5	68.5	65.5	25.5	44	68	59	51.5	66.5	34.5	47	43	22.5	29.5	22.5	55	50	35.5	42	73	52	36	59	42.5	25.5	16.5	60.5	51	28	47.5	42	51	44.5	50.5	40	69	23.5	60.5	46.5	24	41.5	18.5	38	42	44.5	67	57	28	57	0	62.5	24	34	38.5	7	28.5	35	38	63.5	39.5	77.5	66	37.5	33.5	50.5	35.5	
24	36	40.5	41.5	73	29	32	53	58.5	53.5	27.5	37.5	27.5	40.5	73	75.5	56.5	47.5	27	33	84	44.5	73.5	32	68.5	53	66.5	33.5	48	51.5	57	36	12.5	65.5	68.5	61.5	1	23.5	72	28.5	45.5	59.5	59.5	39	71.5	3	50.5	50.5	48	50.5	29	32.5	37	55.5	49.5	63	23.5	58	23.5	73.5	77	24	45	60	28.5	23.5	26.5	29	24	44	33.5	67.5	67	39	63	25.5	30.5	45	62.5	28.5	78.5	36.5	19.5	73	41	61	30	71.5	48.5	68	86.5	30.5	81	16	40.5	26.5	53	40	16	68.5	62	63	32.5	62.5	65	22.5	36.5	38.5	17.5	62.5	0	68.5	78.5	42	55.5	38	65.5	42.5	19	29	33	21.5	43	39	71	45	
92.5	50.5	46	70	9.5	55.5	54.5	33.5	28	15	64	39	59	46	13.5	7	28	39	43.5	59.5	15.5	42	5	58.5	38	19.5	20	60	38.5	35	29.5	32.5	74	21	28	25	69.5	78	14.5	58	41	27	27	45.5	13	71.5	36	22	38.5	32	57.5	54	79.5	27	31	23.5	50	14.5	45	5	14.5	82.5	71.5	26.5	50	78	65	57.5	72.5	40.5	53	19	3.5	35.5	23.5	61	56	41.5	24	83	28	50	67	18.5	45.5	7.5	66.5	35	38	23.5	18	57	20.5	70.5	46	75	29.5	66.5	52.5	0	24.5	19.5	44	34	36.5	79	63	48	69	24	68.5	0	10	44.5	17	34.5	21	44	77.5	45.5	83.5	80	43.5	47.5	30.5	41.5	
102.5	60.5	56	80	19.5	65.5	64.5	43.5	38	25	74	49	69	56	23.5	17	38	49	53.5	69.5	10.5	52	5	68.5	28	29.5	30	70	48.5	45	39.5	42.5	84	31	28	35	79.5	88	24.5	68	51	37	37	55.5	23	81.5	46	32	48.5	42	67.5	64	89.5	37	41	33.5	60	24.5	55	15	19.5	92.5	81.5	36.5	60	88	75	67.5	82.5	50.5	63	29	13.5	45.5	33.5	71	66	51.5	34	93	18	60	77	23.5	55.5	17.5	76.5	25	48	28.5	8	67	15.5	80.5	56	85	39.5	76.5	62.5	10	34.5	29.5	54	34	31.5	89	73	58	79	34	78.5	10	0	54.5	27	44.5	31	54	87.5	55.5	93.5	90	53.5	57.5	25.5	51.5	
48	30	25.5	49.5	49	35	34	43	42.5	29.5	43.5	18.5	26.5	30.5	53	51.5	32.5	41.5	23	39	60	38.5	49.5	38	62.5	29	54.5	39.5	42	45.5	39	12	31.5	45.5	62.5	55.5	41	47.5	54	37.5	25.5	53.5	53.5	25	47.5	39	44.5	26.5	38	26.5	37	31.5	59	31.5	25.5	57	29.5	34	24.5	49.5	59	48	51	46	29.5	47.5	44.5	37	48	4	32.5	61.5	43	9	43	40.5	35.5	3	56.5	52.5	72.5	30.5	38.5	63	35	37	46	65.5	42.5	62	62.5	36.5	65	30	30.5	50.5	29	46	32	44.5	56	39	23.5	56.5	59	46.5	42.5	32.5	36.5	38.5	42	44.5	54.5	0	31.5	10	55.5	28.5	43	25	57	45.5	1	33	65	31	
75.5	37.5	33	57	21.5	42.5	41.5	20.5	11	2	51	26	46	33	25.5	24	15	26	30.5	46.5	32.5	25	22	45.5	55	6.5	27	47	30.5	18	16.5	19.5	59	18	45	42	56.5	65	26.5	45	28	34	44	32.5	20	58.5	19	9	25.5	19	44.5	41	66.5	14	18	35.5	37	6.5	32	22	31.5	69.5	58.5	18.5	37	65	52	44.5	59.5	27.5	40	36	15.5	22.5	15.5	48	43	28.5	41	70	45	37	54	35.5	32.5	9.5	53.5	52	35	40.5	35	44	37.5	57.5	33	62	16.5	53.5	39.5	17	36.5	11.5	31	49	51.5	66	50	35	56	7	55.5	17	27	31.5	0	21.5	28	31	64.5	32.5	70.5	67	30.5	34.5	47.5	28.5	
58	30	15.5	39.5	39	25	24	33	32.5	19.5	33.5	8.5	28.5	20.5	43	41.5	22.5	33.5	13	29	50	46.5	39.5	28	72.5	19	44.5	29.5	48	39.5	29	2	41.5	35.5	62.5	59.5	39	47.5	44	27.5	15.5	51.5	61.5	15	37.5	41	40.5	16.5	28	16.5	27	23.5	49	21.5	15.5	53	19.5	24	14.5	39.5	49	52	41	36	19.5	47.5	34.5	27	42	6	22.5	53.5	33	1	33	30.5	25.5	7	58.5	52.5	62.5	34.5	36.5	53	45	27	36	69.5	52.5	58	52.5	26.5	55	40	20.5	44.5	19	36	22	34.5	54	29	13.5	66.5	69	48.5	32.5	42.5	38.5	28.5	38	34.5	44.5	10	21.5	0	45.5	18.5	47	15	53	49.5	9	37	65	21	
71.5	43.5	57	81	25.5	66.5	59.5	40.5	39	26	75	50	50	53	29.5	28	39	40	54.5	70.5	36.5	27	26	69.5	31	30.5	1	71	25.5	34	40.5	43.5	55	32	31	24	64.5	71	30.5	61	52	6	22	56.5	8	62.5	33	33	45.5	43	66.5	55	84.5	38	42	25.5	61	25.5	56	26	35.5	71.5	82.5	37.5	61	71	74	66.5	71.5	51.5	64	30	19.5	46.5	34.5	68	67	52.5	25	76	41	39	62	35.5	28.5	18.5	77.5	34	21	30.5	39	68	41.5	53.5	53	74	40.5	77.5	63.5	21	24.5	30.5	55	25	27.5	70	74	31	60	35	65.5	21	31	55.5	28	45.5	0	55	66.5	56.5	80.5	69	54.5	36.5	33.5	52.5	
48.5	25.5	30	54	48.5	39.5	36.5	42.5	42	29	48	23	27	2	52.5	51	32	37	27.5	43.5	59.5	34	49	42.5	58	28.5	54	44	37.5	41	38.5	16.5	32	45	58	51	41.5	48	53.5	38	3	49	49	29.5	47	39.5	40	26	37.5	26	41.5	32	61.5	31	25	52.5	34	33.5	29	49	58.5	48.5	55.5	45.5	34	48	49	41.5	48.5	24.5	37	57	42.5	19.5	42.5	45	40	25.5	52	53	68	26	39	62.5	30.5	36.5	50.5	61	38	57.5	62	41	64.5	30.5	2	51	28.5	50.5	36.5	44	51.5	38.5	28	52	54.5	47	47	28	37	38	42.5	44	54	28.5	31	18.5	55	0	43.5	29.5	57.5	46	27.5	28.5	60.5	30.5	
15	37	41.5	32.5	78	22	33	54	59.5	62.5	23.5	46.5	28.5	41.5	74	80.5	59.5	48.5	36	32	87	45.5	82.5	31	69.5	62	67.5	32.5	49	52.5	58	45	13.5	66.5	69.5	62.5	18	14.5	73	29.5	46.5	60.5	60.5	42	74.5	16	51.5	59.5	49	55.5	30	33.5	28	60.5	56.5	64	27.5	67	32.5	82.5	78	15	36	61	37.5	14.5	22.5	30	5	47	34.5	68.5	76	48	64	26.5	31.5	46	63.5	19.5	79.5	37.5	20.5	74	42	70	11	72.5	49.5	69	89.5	30.5	82	17	41.5	17.5	58	39	35	77.5	63	68	41.5	63.5	66	13.5	35.5	39.5	18.5	63.5	19	77.5	87.5	43	64.5	47	66.5	43.5	0	38	24	12.5	44	40	72	46	
47	41	21.5	30.5	50	16	25	44	43.5	30.5	24.5	14.5	34.5	31.5	54	52.5	33.5	44.5	2	20	61	57.5	50.5	19	81.5	30	55.5	20.5	59	50.5	40	13	30.5	46.5	73.5	70.5	30	38.5	55	23.5	26.5	62.5	72.5	16	48.5	32	51.5	27.5	39	27.5	12	29.5	40	32.5	26.5	64	10.5	35	5.5	50.5	60	43	32	47	10.5	38.5	25.5	12	33	21	18.5	64.5	44	16	44	21.5	16.5	22	69.5	43.5	73.5	45.5	27.5	64	54	38	27	80.5	61.5	69	63.5	17.5	66	25	31.5	35.5	30	27	13	45.5	65	40	9.5	75.5	78	39.5	23.5	51.5	29.5	39.5	29	45.5	55.5	25	32.5	15	56.5	29.5	38	0	44	40.5	24	48	76	32	
9	51	55.5	31.5	88	34	47	68	73.5	68.5	37.5	52.5	42.5	55.5	88	90.5	71.5	62.5	42	28	99	59.5	88.5	27	83.5	68	81.5	33.5	63	66.5	72	51	27.5	80.5	83.5	76.5	32	23.5	87	43.5	60.5	74.5	74.5	54	86.5	30	65.5	65.5	63	65.5	44	47.5	4	70.5	64.5	78	33.5	73	38.5	88.5	92	19	12	75	43.5	23.5	36.5	44	29	59	48.5	82.5	82	54	78	40.5	45.5	60	77.5	18.5	93.5	51.5	34.5	88	56	76	35	86.5	63.5	83	101.5	40.5	96	31	55.5	26.5	68	17	41	83.5	77	78	47.5	77.5	80	22.5	26.5	53.5	32.5	77.5	33	83.5	93.5	57	70.5	53	80.5	57.5	24	44	0	21.5	58	54	86	60	
12.5	39.5	44	30	80.5	30.5	35.5	56.5	62	65	26	49	31	44	76.5	83	62	51	38.5	29.5	89.5	48	85	28.5	72	64.5	70	20	51.5	55	60.5	47.5	16	69	72	65	20.5	2	75.5	32	49	63	63	44.5	77	18.5	54	62	51.5	58	32.5	36	25.5	63	59	66.5	30	69.5	35	85	80.5	12.5	33.5	63.5	40	2	25	32.5	17.5	49.5	37	71	78.5	50.5	66.5	29	34	48.5	66	17	82	40	23	76.5	44.5	72.5	23.5	75	52	71.5	92	33	84.5	19.5	44	5	60.5	36.5	37.5	80	65.5	70.5	44	66	68.5	1	33	42	21	66	21.5	80	90	45.5	67	49.5	69	46	12.5	40.5	21.5	0	46.5	42.5	74.5	48.5	
49	31	24.5	48.5	48	34	33	42	41.5	28.5	42.5	17.5	27.5	29.5	52	50.5	31.5	42.5	22	38	59	39.5	48.5	37	63.5	28	53.5	38.5	43	46.5	38	11	32.5	44.5	63.5	56.5	42	48.5	53	36.5	24.5	54.5	54.5	24	46.5	40	45.5	25.5	37	25.5	36	32.5	58	30.5	24.5	58	28.5	33	23.5	48.5	58	49	50	45	28.5	48.5	43.5	36	49	3	31.5	62.5	42	8	42	39.5	34.5	2	57.5	53.5	71.5	31.5	39.5	62	36	36	45	66.5	43.5	63	61.5	35.5	64	31	29.5	51.5	28	45	31	43.5	57	38	22.5	57.5	60	47.5	41.5	33.5	37.5	37.5	43	43.5	53.5	1	30.5	9	54.5	27.5	44	24	58	46.5	0	34	66	30	
45	17	36.5	62.5	48	58	33	24	29.5	32.5	48.5	41.5	23.5	26.5	44	50.5	29.5	18.5	46	62	57	15.5	52.5	61	39.5	32	37.5	62.5	19	22.5	28	35	28.5	36.5	39.5	32.5	38	44.5	43	34.5	31.5	30.5	30.5	42	44.5	36	21.5	29.5	9	30.5	40	28.5	58	30.5	31.5	34	52.5	37	47.5	52.5	48	45	66	31	52.5	44.5	47.5	40	45	37	39.5	38.5	46	38	34	41.5	46.5	36	33.5	49.5	49.5	12.5	35.5	44	12	40	51	42.5	19.5	39	59.5	55.5	52	27	26.5	47.5	18	69	55	47.5	33	38	46.5	33.5	36	43.5	65.5	9.5	33.5	33.5	39	47.5	57.5	33	34.5	37	36.5	28.5	40	48	54	42.5	34	0	42	26	
77	49	68.5	94.5	40	86	65	46	46.5	45.5	80.5	69.5	55.5	58.5	36	37.5	56.5	45.5	74	90	15	32.5	25.5	89	11.5	50	34.5	90.5	31	39.5	50	63	60.5	43.5	16.5	19.5	70	76.5	35	66.5	63.5	27.5	17.5	74	41.5	68	38.5	52.5	51	62.5	72	60.5	90	57.5	61.5	26	80.5	45	75.5	35.5	30	77	98	43	80.5	76.5	79.5	72	77	69	71.5	25.5	34	66	46	73.5	78.5	68	20.5	81.5	21.5	44.5	67.5	26	34	38	83	14.5	26.5	21	31.5	87.5	10	59	58.5	79.5	60	97	83	30.5	25	50	74.5	10.5	6	75.5	93.5	36.5	65.5	50.5	71	30.5	25.5	65	47.5	65	33.5	60.5	72	76	86	74.5	66	42	0	58	
51	9	32.5	56.5	46	42	39	40	39.5	26.5	50.5	25.5	29.5	32.5	50	48.5	29.5	34.5	30	46	57	31.5	46.5	45	55.5	26	51.5	46.5	35	38.5	36	19	34.5	42.5	55.5	48.5	44	50.5	51	40.5	27.5	46.5	46.5	32	44.5	42	37.5	23.5	35	23.5	44	34.5	64	28.5	22.5	50	36.5	31	31.5	46.5	56	51	58	43	36.5	50.5	51.5	44	51	27	39.5	54.5	40	22	40	47.5	42.5	28	49.5	55.5	65.5	23.5	41.5	60	28	34	53	58.5	35.5	55	59.5	43.5	62	33	32.5	53.5	26	53	39	41.5	49	36	30.5	49.5	52	49.5	49.5	25.5	39.5	35.5	45	41.5	51.5	31	28.5	21	52.5	30.5	46	32	60	48.5	30	26	58	0	
