Number of items: 125
Horizon: 15
Time limit: 1000
Load limit: 7500
Initial item inventory level
135
92
182
276
96
56
126
88
87
72
186
237
228
152
72
201
11
105
150
102
116
198
172
86
36
84
160
264
36
52
49
240
231
29
92
124
89
132
68
73
141
95
54
126
195
168
58
11
53
98
225
99
13
59
176
40
49
285
38
168
73
97
231
44
75
86
30
180
36
45
88
33
282
80
66
65
69
55
92
24
81
70
264
128
51
150
52
264
40
99
24
144
75
10
210
198
32
102
243
176
81
102
84
81
63
52
34
18
80
28
126
42
39
66
20
52
190
72
81
72
136
48
50
162
153
Maximum inventory capacity per item
180
138
273
368
192
112
168
176
116
144
248
316
304
228
96
268
22
140
225
136
174
297
258
129
48
126
240
352
72
104
98
320
308
58
184
186
178
198
136
146
188
190
72
189
260
224
116
22
106
147
300
198
26
118
264
80
98
380
57
224
146
194
308
88
150
172
45
270
54
60
176
66
376
120
99
130
138
110
184
48
108
105
352
192
68
200
78
352
60
132
48
192
100
20
280
264
64
136
324
264
108
136
126
162
84
104
68
36
160
42
189
56
52
132
30
78
285
96
108
108
204
72
100
243
204
Reserve storage replenishment rate per item and per period
270	0	0	270	0	0	270	0	0	270	0	0	270	0	0	
276	0	0	276	0	0	276	0	0	276	0	0	276	0	0	
546	0	0	546	0	0	546	0	0	546	0	0	546	0	0	
552	0	0	552	0	0	552	0	0	552	0	0	552	0	0	
576	0	0	576	0	0	576	0	0	576	0	0	576	0	0	
336	0	0	336	0	0	336	0	0	336	0	0	336	0	0	
252	0	0	252	0	0	252	0	0	252	0	0	252	0	0	
528	0	0	528	0	0	528	0	0	528	0	0	528	0	0	
174	0	0	174	0	0	174	0	0	174	0	0	174	0	0	
432	0	0	432	0	0	432	0	0	432	0	0	432	0	0	
372	0	0	372	0	0	372	0	0	372	0	0	372	0	0	
474	0	0	474	0	0	474	0	0	474	0	0	474	0	0	
456	0	0	456	0	0	456	0	0	456	0	0	456	0	0	
456	0	0	456	0	0	456	0	0	456	0	0	456	0	0	
144	0	0	144	0	0	144	0	0	144	0	0	144	0	0	
402	0	0	402	0	0	402	0	0	402	0	0	402	0	0	
66	0	0	66	0	0	66	0	0	66	0	0	66	0	0	
210	0	0	210	0	0	210	0	0	210	0	0	210	0	0	
450	0	0	450	0	0	450	0	0	450	0	0	450	0	0	
204	0	0	204	0	0	204	0	0	204	0	0	204	0	0	
348	0	0	348	0	0	348	0	0	348	0	0	348	0	0	
594	0	0	594	0	0	594	0	0	594	0	0	594	0	0	
516	0	0	516	0	0	516	0	0	516	0	0	516	0	0	
258	0	0	258	0	0	258	0	0	258	0	0	258	0	0	
72	0	0	72	0	0	72	0	0	72	0	0	72	0	0	
252	0	0	252	0	0	252	0	0	252	0	0	252	0	0	
480	0	0	480	0	0	480	0	0	480	0	0	480	0	0	
528	0	0	528	0	0	528	0	0	528	0	0	528	0	0	
216	0	0	216	0	0	216	0	0	216	0	0	216	0	0	
312	0	0	312	0	0	312	0	0	312	0	0	312	0	0	
294	0	0	294	0	0	294	0	0	294	0	0	294	0	0	
480	0	0	480	0	0	480	0	0	480	0	0	480	0	0	
462	0	0	462	0	0	462	0	0	462	0	0	462	0	0	
174	0	0	174	0	0	174	0	0	174	0	0	174	0	0	
552	0	0	552	0	0	552	0	0	552	0	0	552	0	0	
372	0	0	372	0	0	372	0	0	372	0	0	372	0	0	
534	0	0	534	0	0	534	0	0	534	0	0	534	0	0	
396	0	0	396	0	0	396	0	0	396	0	0	396	0	0	
408	0	0	408	0	0	408	0	0	408	0	0	408	0	0	
438	0	0	438	0	0	438	0	0	438	0	0	438	0	0	
282	0	0	282	0	0	282	0	0	282	0	0	282	0	0	
570	0	0	570	0	0	570	0	0	570	0	0	570	0	0	
108	0	0	108	0	0	108	0	0	108	0	0	108	0	0	
378	0	0	378	0	0	378	0	0	378	0	0	378	0	0	
390	0	0	390	0	0	390	0	0	390	0	0	390	0	0	
336	0	0	336	0	0	336	0	0	336	0	0	336	0	0	
348	0	0	348	0	0	348	0	0	348	0	0	348	0	0	
66	0	0	66	0	0	66	0	0	66	0	0	66	0	0	
318	0	0	318	0	0	318	0	0	318	0	0	318	0	0	
294	0	0	294	0	0	294	0	0	294	0	0	294	0	0	
450	0	0	450	0	0	450	0	0	450	0	0	450	0	0	
594	0	0	594	0	0	594	0	0	594	0	0	594	0	0	
78	0	0	78	0	0	78	0	0	78	0	0	78	0	0	
354	0	0	354	0	0	354	0	0	354	0	0	354	0	0	
528	0	0	528	0	0	528	0	0	528	0	0	528	0	0	
240	0	0	240	0	0	240	0	0	240	0	0	240	0	0	
294	0	0	294	0	0	294	0	0	294	0	0	294	0	0	
570	0	0	570	0	0	570	0	0	570	0	0	570	0	0	
114	0	0	114	0	0	114	0	0	114	0	0	114	0	0	
336	0	0	336	0	0	336	0	0	336	0	0	336	0	0	
438	0	0	438	0	0	438	0	0	438	0	0	438	0	0	
582	0	0	582	0	0	582	0	0	582	0	0	582	0	0	
462	0	0	462	0	0	462	0	0	462	0	0	462	0	0	
264	0	0	264	0	0	264	0	0	264	0	0	264	0	0	
450	0	0	450	0	0	450	0	0	450	0	0	450	0	0	
516	0	0	516	0	0	516	0	0	516	0	0	516	0	0	
90	0	0	90	0	0	90	0	0	90	0	0	90	0	0	
540	0	0	540	0	0	540	0	0	540	0	0	540	0	0	
108	0	0	108	0	0	108	0	0	108	0	0	108	0	0	
90	0	0	90	0	0	90	0	0	90	0	0	90	0	0	
528	0	0	528	0	0	528	0	0	528	0	0	528	0	0	
198	0	0	198	0	0	198	0	0	198	0	0	198	0	0	
564	0	0	564	0	0	564	0	0	564	0	0	564	0	0	
240	0	0	240	0	0	240	0	0	240	0	0	240	0	0	
198	0	0	198	0	0	198	0	0	198	0	0	198	0	0	
390	0	0	390	0	0	390	0	0	390	0	0	390	0	0	
414	0	0	414	0	0	414	0	0	414	0	0	414	0	0	
330	0	0	330	0	0	330	0	0	330	0	0	330	0	0	
552	0	0	552	0	0	552	0	0	552	0	0	552	0	0	
144	0	0	144	0	0	144	0	0	144	0	0	144	0	0	
162	0	0	162	0	0	162	0	0	162	0	0	162	0	0	
210	0	0	210	0	0	210	0	0	210	0	0	210	0	0	
528	0	0	528	0	0	528	0	0	528	0	0	528	0	0	
384	0	0	384	0	0	384	0	0	384	0	0	384	0	0	
102	0	0	102	0	0	102	0	0	102	0	0	102	0	0	
300	0	0	300	0	0	300	0	0	300	0	0	300	0	0	
156	0	0	156	0	0	156	0	0	156	0	0	156	0	0	
528	0	0	528	0	0	528	0	0	528	0	0	528	0	0	
120	0	0	120	0	0	120	0	0	120	0	0	120	0	0	
198	0	0	198	0	0	198	0	0	198	0	0	198	0	0	
144	0	0	144	0	0	144	0	0	144	0	0	144	0	0	
288	0	0	288	0	0	288	0	0	288	0	0	288	0	0	
150	0	0	150	0	0	150	0	0	150	0	0	150	0	0	
60	0	0	60	0	0	60	0	0	60	0	0	60	0	0	
420	0	0	420	0	0	420	0	0	420	0	0	420	0	0	
396	0	0	396	0	0	396	0	0	396	0	0	396	0	0	
192	0	0	192	0	0	192	0	0	192	0	0	192	0	0	
204	0	0	204	0	0	204	0	0	204	0	0	204	0	0	
486	0	0	486	0	0	486	0	0	486	0	0	486	0	0	
528	0	0	528	0	0	528	0	0	528	0	0	528	0	0	
162	0	0	162	0	0	162	0	0	162	0	0	162	0	0	
204	0	0	204	0	0	204	0	0	204	0	0	204	0	0	
252	0	0	252	0	0	252	0	0	252	0	0	252	0	0	
486	0	0	486	0	0	486	0	0	486	0	0	486	0	0	
126	0	0	126	0	0	126	0	0	126	0	0	126	0	0	
312	0	0	312	0	0	312	0	0	312	0	0	312	0	0	
204	0	0	204	0	0	204	0	0	204	0	0	204	0	0	
108	0	0	108	0	0	108	0	0	108	0	0	108	0	0	
480	0	0	480	0	0	480	0	0	480	0	0	480	0	0	
84	0	0	84	0	0	84	0	0	84	0	0	84	0	0	
378	0	0	378	0	0	378	0	0	378	0	0	378	0	0	
84	0	0	84	0	0	84	0	0	84	0	0	84	0	0	
78	0	0	78	0	0	78	0	0	78	0	0	78	0	0	
396	0	0	396	0	0	396	0	0	396	0	0	396	0	0	
60	0	0	60	0	0	60	0	0	60	0	0	60	0	0	
156	0	0	156	0	0	156	0	0	156	0	0	156	0	0	
570	0	0	570	0	0	570	0	0	570	0	0	570	0	0	
144	0	0	144	0	0	144	0	0	144	0	0	144	0	0	
162	0	0	162	0	0	162	0	0	162	0	0	162	0	0	
216	0	0	216	0	0	216	0	0	216	0	0	216	0	0	
408	0	0	408	0	0	408	0	0	408	0	0	408	0	0	
144	0	0	144	0	0	144	0	0	144	0	0	144	0	0	
300	0	0	300	0	0	300	0	0	300	0	0	300	0	0	
486	0	0	486	0	0	486	0	0	486	0	0	486	0	0	
306	0	0	306	0	0	306	0	0	306	0	0	306	0	0	
Forward storage demand rate per item and per period
45	2	58	4	49	48	83	50	27	54	44	9	53	63	66	
46	25	56	46	56	39	52	28	34	25	67	70	14	37	29	
91	63	39	32	101	127	107	152	70	166	89	96	122	122	95	
92	151	139	129	46	54	61	42	69	153	57	148	178	76	134	
96	122	79	75	41	71	107	123	161	41	100	153	16	115	94	
56	91	64	75	27	80	49	71	103	46	39	33	87	102	54	
42	24	36	49	42	17	39	35	63	18	77	32	46	32	52	
88	94	46	115	60	125	34	128	108	136	118	57	98	77	91	
29	45	2	28	37	23	1	15	9	47	9	49	18	48	21	
72	63	57	42	28	17	82	91	69	66	79	133	121	53	23	
62	36	77	23	63	60	91	112	81	62	36	51	97	51	82	
79	96	35	103	51	70	128	73	77	97	92	85	93	80	61	
76	91	22	42	70	42	46	68	31	60	48	95	32	81	77	
76	59	73	98	46	111	33	83	96	42	110	66	24	42	75	
24	31	26	37	33	26	24	17	34	26	10	20	29	15	22	
67	80	63	18	82	79	55	114	23	59	70	59	29	51	110	
11	15	6	5	10	9	12	14	10	17	15	12	4	11	7	
35	32	43	18	35	39	20	32	34	36	57	22	26	58	12	
75	85	22	54	74	105	57	26	132	88	102	105	88	34	85	
34	40	28	38	40	29	40	21	16	31	36	25	23	8	32	
58	99	52	109	91	16	64	56	7	62	65	85	64	32	26	
99	105	86	103	133	127	102	98	143	164	103	178	143	45	25	
86	139	146	148	53	68	108	100	95	104	80	40	64	66	27	
43	34	18	45	33	47	74	38	38	38	32	50	56	44	47	
12	5	14	9	7	18	6	10	12	17	12	20	4	14	8	
42	52	32	29	51	29	35	67	34	48	47	13	30	54	47	
80	34	37	93	130	62	75	80	87	95	81	89	46	99	44	
88	74	109	37	90	87	61	67	101	155	87	78	155	134	76	
36	65	23	27	28	45	26	6	32	13	53	57	39	43	40	
52	68	51	100	5	38	53	71	54	65	66	24	91	40	43	
49	65	45	30	47	75	52	34	68	68	39	19	37	25	18	
80	137	96	105	82	118	90	153	33	42	64	80	102	64	79	
77	100	30	21	75	52	36	73	111	54	84	43	84	84	48	
29	49	16	41	19	46	31	13	34	25	27	22	45	5	33	
92	160	106	38	112	128	166	74	27	46	123	14	78	62	148	
62	43	64	39	57	72	88	11	84	70	59	82	59	15	24	
89	57	102	16	174	140	124	107	128	28	153	69	42	98	82	
66	18	121	46	90	112	53	100	61	34	74	32	102	59	62	
68	100	47	74	67	72	56	50	54	51	87	90	71	61	104	
73	122	108	72	112	42	47	55	116	68	84	59	98	89	66	
47	38	40	10	62	33	51	32	26	31	48	32	47	61	14	
95	28	178	81	95	7	86	114	67	112	97	105	139	73	151	
18	31	7	13	22	14	24	28	15	14	17	19	24	14	27	
63	79	93	46	81	114	84	51	58	26	12	60	94	78	75	
65	66	60	66	48	49	75	26	74	54	83	76	98	56	42	
56	72	87	22	35	68	54	45	27	41	39	26	76	44	51	
58	14	46	61	63	37	17	69	12	69	65	39	56	66	94	
11	9	13	15	19	11	15	2	9	13	10	12	15	6	14	
53	50	65	77	32	51	36	62	53	86	27	63	20	41	43	
49	42	59	39	72	57	76	34	26	72	43	48	46	34	12	
75	128	42	104	98	72	73	69	48	109	123	149	67	109	78	
99	61	126	58	26	84	101	120	90	102	124	22	123	13	76	
13	8	14	11	5	12	15	6	6	18	14	13	13	7	14	
59	69	36	32	56	52	32	56	69	55	65	55	39	70	51	
88	89	33	89	153	109	155	140	116	61	100	86	90	89	70	
40	37	40	43	32	38	50	41	38	37	45	54	53	27	29	
49	56	63	15	32	79	42	34	29	55	56	21	56	90	38	
95	91	68	121	99	142	86	128	174	43	55	109	167	102	91	
19	25	9	19	23	18	16	26	17	4	14	23	18	21	16	
56	59	61	51	63	66	53	51	35	35	74	84	93	47	50	
73	88	68	28	24	42	56	131	126	53	133	77	81	83	64	
97	114	64	108	65	68	93	72	177	143	62	111	95	106	33	
77	24	40	41	32	122	96	86	49	126	81	71	95	50	86	
44	37	47	32	10	41	36	42	49	36	60	45	52	48	56	
75	58	43	147	96	42	136	133	56	45	66	92	73	31	72	
86	84	94	101	92	102	112	68	90	130	90	72	22	53	99	
15	23	7	13	14	12	10	13	21	20	14	9	6	7	12	
90	60	152	104	97	124	81	52	101	83	115	72	148	84	24	
18	14	23	9	21	22	30	17	3	25	17	19	3	26	9	
15	20	7	26	8	9	19	8	3	6	20	11	13	13	18	
88	130	154	78	113	120	88	160	65	99	85	50	52	143	86	
33	40	42	36	26	45	52	21	12	47	34	29	19	19	29	
94	81	88	21	90	63	94	37	150	37	175	138	21	91	86	
40	26	40	55	45	18	39	64	41	34	67	43	41	50	14	
33	35	30	39	11	44	47	3	41	11	37	25	42	21	24	
65	77	9	75	23	75	45	73	51	75	114	22	80	96	57	
69	110	52	129	76	116	85	67	115	88	66	43	76	45	75	
55	35	100	77	65	84	47	56	39	64	84	74	18	36	89	
92	59	44	104	72	118	124	142	99	120	154	160	85	97	141	
24	10	33	37	25	12	16	25	26	38	19	12	18	12	27	
27	29	22	38	35	6	38	17	25	35	6	42	22	16	12	
35	29	55	16	27	49	39	34	53	6	55	24	37	44	45	
88	60	119	37	51	74	98	79	84	150	46	76	76	96	69	
64	75	68	107	112	104	84	92	30	64	57	51	46	13	75	
17	28	6	15	10	22	25	18	31	12	21	18	18	29	27	
50	28	94	17	37	44	64	12	65	75	63	68	67	37	71	
26	27	29	29	23	20	43	16	32	23	18	36	11	28	30	
88	158	114	158	116	93	40	87	78	103	145	126	121	57	129	
20	10	27	19	12	11	19	17	4	26	33	16	23	23	26	
33	51	45	23	19	25	34	6	46	24	45	13	27	20	53	
24	19	32	28	15	32	27	25	22	18	31	35	16	20	29	
48	73	21	69	33	14	54	56	69	21	26	87	52	11	88	
25	21	42	17	18	20	32	39	30	28	14	26	27	19	34	
10	13	11	10	11	12	17	3	9	11	6	9	11	11	7	
70	68	83	43	40	54	43	72	15	96	85	61	67	14	121	
66	53	37	80	108	99	62	82	60	55	40	73	72	16	112	
32	48	11	15	29	39	11	21	24	40	39	42	29	24	12	
34	29	38	28	38	15	37	36	51	49	13	42	37	38	37	
81	42	70	137	20	47	72	82	93	74	73	96	50	25	103	
88	135	65	52	46	120	62	52	18	33	58	64	56	91	84	
27	38	20	8	29	29	27	21	22	25	37	40	20	44	23	
34	40	44	17	18	52	23	32	43	28	40	8	50	28	41	
42	34	41	26	39	18	55	56	30	34	38	50	61	57	24	
81	93	75	52	63	70	78	24	36	90	99	73	82	70	113	
21	36	17	14	22	20	21	38	29	31	9	12	8	30	14	
52	81	31	36	43	34	37	51	97	84	52	96	42	62	85	
34	32	16	35	39	21	51	39	29	28	46	40	32	39	31	
18	17	12	24	19	15	5	13	12	24	23	22	14	24	9	
80	59	82	75	71	15	74	38	38	85	135	48	32	127	147	
14	21	13	21	11	11	13	14	19	16	5	15	17	18	20	
63	77	89	78	20	43	45	59	111	102	66	80	64	35	89	
14	18	8	17	17	14	11	13	20	7	13	9	18	11	11	
13	7	14	10	14	12	5	8	11	13	14	1	6	20	8	
66	79	32	84	62	27	94	24	70	39	56	96	27	101	86	
10	11	14	5	12	13	7	9	16	18	11	4	10	12	11	
26	24	31	20	27	17	38	31	10	20	45	33	22	33	39	
95	118	90	67	155	55	123	105	61	107	110	82	94	106	109	
24	27	28	11	22	4	14	10	32	15	23	18	36	32	23	
27	19	9	11	23	12	24	10	17	32	29	16	29	26	30	
36	44	50	17	23	53	42	32	56	11	32	37	42	37	46	
68	35	50	94	97	90	75	30	41	23	76	62	33	48	23	
24	28	4	22	5	8	35	21	17	30	24	15	15	27	43	
50	63	51	23	65	17	55	36	42	70	57	66	19	24	16	
81	46	48	79	62	84	25	33	150	92	63	33	88	107	109	
51	64	47	62	50	68	66	30	56	79	23	26	63	49	69	
Distance matrix
0	78	76.5	74.5	52	78.5	47.5	83.5	34	58	55.5	53	96.5	57	51.5	12.5	42	75	98	15.5	59.5	83.5	88	80.5	54	6	42	38	59.5	49.5	13	73.5	30	69	99.5	64.5	12.5	79	32	85.5	71	18	38.5	95.5	51.5	45	75	45	55	47	39.5	65.5	78	32	31.5	10.5	41	31	25.5	67	12.5	50	65.5	28.5	32.5	52.5	64.5	59.5	55.5	54.5	40	51	82.5	15.5	9	21	52.5	67.5	26.5	62.5	22.5	79	67	72	15	31	89	62	61	66.5	42.5	62	8	51.5	48.5	73	69.5	15	62.5	56	94	79	34	57.5	32.5	32	63.5	77.5	48.5	61.5	41	48.5	87.5	85.5	49.5	20	60	41.5	52	58.5	35	35.5	28.5	64.5	29.5	76.5	
78	0	25.5	27.5	30	36.5	54.5	18.5	68	44	46.5	49	30.5	45	50.5	75.5	50	27	24	78.5	42.5	33.5	34	21.5	48	84	60	64	42.5	32.5	81	31.5	68	9	27.5	27.5	75.5	37	70	16.5	29	76	63.5	21.5	50.5	57	33	57	33	55	62.5	36.5	24	70	54.5	83.5	59	71	76.5	35	75.5	38	36.5	73.5	55.5	35.5	37.5	32.5	28.5	47.5	62	51	19.5	68.5	77	59	49.5	34.5	75.5	39.5	79.5	23	25	30	73	69	33	40	41	35.5	55.5	40	86	50.5	41.5	29	27.5	87	35.5	46	28	33	68	40.5	69.5	60	36.5	35.5	51.5	40.5	61	41.5	19.5	31.5	52.5	78	28	44.5	50	43.5	63	48.5	51.5	37.5	72.5	25.5	
76.5	25.5	0	14	31.5	50	31	15	44.5	20.5	23	25.5	32	21.5	27	66	36.5	18.5	25.5	63	17	35	35.5	8	24.5	72.5	36.5	40.5	17	27	65.5	45	48.5	34.5	29	34	66	44.5	46.5	13	42.5	60.5	40	23	27	33.5	48.5	33.5	28.5	31.5	39	11	5.5	46.5	47	68	37.5	47.5	53	11.5	66	28.5	11	50	46	24	14	29	33	24	38.5	27.5	16	63	69.5	57.5	26	11	52	16	56	4.5	46.5	41.5	63.5	47.5	34.5	16.5	17.5	12	36	16.5	70.5	27	30	10.5	39	63.5	26	22.5	29.5	34.5	44.5	19	46	46.5	25	41	30	17	37.5	30	21	33	29	58.5	33.5	37	26.5	20	43.5	43	50	12	49	22	
74.5	27.5	14	0	26.5	48	43	17	56.5	32.5	35	37.5	34	33.5	39	72	46.5	20.5	27.5	75	31	37	37.5	6	36.5	80.5	48.5	52.5	31	29	77.5	43	60.5	36.5	31	34	72	46.5	58.5	15	40.5	72.5	52	25	39	45.5	44.5	45.5	29.5	43.5	51	25	12.5	58.5	51	80	49.5	59.5	65	23.5	72	34.5	25	62	52	32	26	15	19	36	50.5	39.5	18	65	73.5	55.5	38	23	64	28	68	11.5	36.5	41.5	69.5	59.5	36.5	28.5	29.5	24	48	28.5	82.5	39	38	17.5	39	75.5	12	34.5	31.5	36.5	56.5	33	58	56.5	11	43	42	29	49.5	38	23	35	41	70.5	29.5	41	38.5	32	55.5	45	48	26	61	24	
52	30	31.5	26.5	0	30.5	44.5	35.5	56	40	52.5	35	48.5	49	38.5	49.5	24	27	50	52.5	16.5	35.5	40	32.5	54	58	64	60	16.5	6.5	55	25.5	42	21	51.5	16.5	49.5	31	54	37.5	23	50	45.5	47.5	38.5	57	27	57	3	49	46.5	22.5	26	44	28.5	57.5	33	53	62.5	39	49.5	12	22.5	75.5	29.5	9.5	31.5	11.5	7.5	31.5	42	33	34.5	42.5	51	33	29.5	34.5	53.5	29.5	59.5	27	19	24	47	43	41	44	43	41.5	29.5	34	60	38.5	15.5	21	21.5	67	14.5	38	46	31	74	14.5	49.5	34	15.5	29.5	25.5	46.5	53	15.5	39.5	37.5	26.5	52	12	18.5	44	35.5	37	22.5	25.5	21.5	56.5	28.5	
78.5	36.5	50	48	30.5	0	71	43	82.5	66.5	71	61.5	18	69.5	65	76	50.5	43.5	28.5	79	43	27	26.5	46	72.5	84.5	84.5	86.5	43	33	81.5	17	68.5	27.5	21	28	76	17.5	80.5	41	19.5	76.5	72	31	65	81.5	13.5	81.5	33.5	75.5	73	49	48.5	70.5	55	84	59.5	79.5	89	59.5	76	38.5	49	98	56	36	58	33	29	58	68.5	59.5	44	69	77.5	59.5	56	59	80	56	86	47.5	15.5	20.5	73.5	69.5	27.5	64.5	65.5	60	56	60.5	86.5	65	42	51.5	23	93.5	36	64.5	32.5	27.5	92.5	41	76	60.5	37	21	52	65	79.5	42	39	29	53	78.5	28.5	45	70.5	62	63.5	49	52	48	83	40	
47.5	54.5	31	43	44.5	71	0	44	33.5	24.5	8	29.5	61	15.5	26	45	34.5	47.5	54.5	48	48	64	64.5	37	13.5	53.5	25.5	29.5	48	42	50.5	66	37.5	61.5	58	57	45	71.5	35.5	42	63.5	45.5	29	52	26	22.5	67.5	22.5	47.5	20.5	28	42	34.5	35.5	16	53	31.5	36.5	42	25.5	45	42.5	42	39	15	45	33	52	48	33	27.5	31.5	45	38	46.5	28.5	35	30	41	35	45	33.5	59.5	64.5	42.5	36.5	63.5	20.5	21.5	21	35	30.5	55.5	26	41	39.5	62	52.5	55	26.5	58.5	63.5	33.5	50	35	29.5	54	70	39	16	26.5	41	50	62	38	47.5	52.5	34	20.5	29	32.5	28	19	43	38	51	
83.5	18.5	15	17	35.5	43	44	0	57.5	33.5	36	38.5	25	34.5	40	79	49.5	16.5	18.5	76	32	28	28.5	11	37.5	85.5	49.5	53.5	32	38	78.5	38	61.5	27.5	22	19	79	37.5	59.5	2	35.5	73.5	53	16	40	46.5	41.5	46.5	36.5	44.5	52	26	13.5	59.5	60	81	50.5	60.5	66	24.5	79	41.5	26	63	59	39	27	32	34	37	51.5	40.5	1	74	82.5	64.5	39	24	65	29	69	12.5	35.5	34.5	76.5	60.5	27.5	29.5	30.5	25	49	29.5	83.5	40	43	18.5	32	76.5	29	35.5	22.5	27.5	57.5	34	59	59.5	28	34	43	30	50.5	43	14	26	42	71.5	31.5	50	39.5	33	56.5	54	57	27	62	7	
34	68	44.5	56.5	56	82.5	33.5	57.5	0	38	25.5	43	74.5	29	39.5	31.5	46	61	68	34.5	61.5	77.5	78	50.5	22	40	8	4	61.5	53.5	37	77.5	34	73	71.5	68.5	31.5	83	2	55.5	75	32	32.5	65.5	39.5	21	79	21	59	29	31.5	55.5	48	34	35.5	39.5	45	3	30.5	39	31.5	54	55.5	27.5	36.5	56.5	46.5	63.5	59.5	46.5	36	45	58.5	24.5	33	25	48.5	43.5	29.5	48.5	33.5	47	71	76	29	35	77	34	35	34.5	46.5	44	42	39.5	52.5	53	73.5	41	66.5	40	72	77	22	61.5	28.5	36	67.5	81.5	52.5	29.5	25	52.5	63.5	75.5	51.5	34	64	45.5	34	42.5	39	39.5	32.5	56.5	26.5	64.5	
58	44	20.5	32.5	40	66.5	24.5	33.5	38	0	16.5	5	50.5	15	20.5	55.5	16	37	44	56.5	37.5	53.5	54	26.5	18	64	30	34	37.5	37.5	59	61.5	42	53	47.5	52.5	55.5	63	40	31.5	59	54	33.5	41.5	20.5	27	63	27	43	25	32.5	31.5	24	40	34.5	61.5	31	41	46.5	15	55.5	38	31.5	43.5	35.5	40.5	22.5	47.5	43.5	22.5	32	7	34.5	48.5	57	39	24.5	19.5	45.5	24.5	49.5	23	55	60	53	41	53	4	3	10.5	29.5	20	64	20.5	36.5	29	57.5	57	44.5	2	48	53	38	39.5	39.5	40	43.5	59.5	28.5	10.5	31	36.5	39.5	51.5	27.5	52	48	29.5	20	18.5	37	28.5	31.5	32.5	42.5	40.5	
55.5	46.5	23	35	52.5	71	8	36	25.5	16.5	0	21.5	53	7.5	18	47	32.5	39.5	46.5	44	40	56	56.5	29	5.5	53.5	17.5	21.5	40	50	46.5	66	29.5	55.5	50	55	47	65.5	27.5	34	63.5	41.5	21	44	18	14.5	69.5	14.5	49.5	12.5	20	34	26.5	27.5	24	49	23.5	28.5	34	17.5	47	44.5	34	31	23	47	25	50	54	25	19.5	23.5	37	44	50.5	36.5	27	22	33	27	37	25.5	67.5	62.5	44.5	28.5	55.5	12.5	13.5	13	27	22.5	51.5	18	41	31.5	60	44.5	47	18.5	50.5	55.5	25.5	42	27	27.5	46	62	31	8	18.5	41	42	54	30	39.5	54.5	38	12.5	21	24.5	34	27	35	30	43	
53	49	25.5	37.5	35	61.5	29.5	38.5	43	5	21.5	0	55.5	20	25.5	50.5	11	42	49	53.5	42.5	58.5	59	31.5	23	59	35	39	42.5	32.5	56	56.5	43	52	52.5	47.5	50.5	62	45	36.5	54	51	38.5	46.5	25.5	32	58	32	38	30	37.5	36.5	29	45	29.5	58.5	34	46	51.5	20	50.5	33	36.5	48.5	30.5	35.5	27.5	42.5	38.5	27.5	37	2	39.5	43.5	52	34	29.5	24.5	50.5	29.5	54.5	28	50	55	48	44	58	9	8	15.5	30.5	25	61	25.5	31.5	34	52.5	62	45.5	3	53	58	43	40.5	44.5	35	46.5	60.5	31.5	15.5	36	31.5	44.5	56.5	32.5	53	43	24.5	25	23.5	38	23.5	26.5	37.5	47.5	45.5	
96.5	30.5	32	34	48.5	18	61	25	74.5	50.5	53	55.5	0	51.5	57	94	66.5	33.5	10.5	93	49	25	20.5	28	54.5	102.5	66.5	70.5	49	51	95.5	35	78.5	39.5	3	44	94	29.5	76.5	23	37.5	90.5	70	13	57	63.5	31.5	63.5	51.5	61.5	69	43	30.5	76.5	73	98	67.5	77.5	83	41.5	94	56.5	43	80	74	54	44	49	47	54	68.5	57.5	26	87	95.5	77.5	56	41	82	46	86	29.5	33.5	36.5	91.5	77.5	19.5	46.5	47.5	42	66	46.5	100.5	57	60	35.5	39	93.5	46	52.5	14.5	29.5	74.5	51	76	76.5	45	31	60	47	67.5	60	21	23	59	88.5	46.5	63	56.5	50	73.5	67	70	44	79	32	
57	45	21.5	33.5	49	69.5	15.5	34.5	29	15	7.5	20	51.5	0	16.5	50.5	31	38	45	47.5	38.5	54.5	55	27.5	9	57	21	25	38.5	46.5	50	64.5	33	54	48.5	53.5	50.5	64	31	32.5	62	45	24.5	42.5	16.5	18	68	18	48	16	23.5	32.5	25	31	31.5	52.5	16	32	37.5	16	50.5	43	32.5	34.5	30.5	45.5	23.5	48.5	52.5	23.5	23	22	35.5	47.5	54	38	25.5	20.5	36.5	25.5	40.5	24	64	61	48	32	54	11	12	11.5	25.5	21	55	16.5	39.5	30	58.5	48	45.5	17	49	54	29	40.5	30.5	31	44.5	60.5	29.5	6.5	22	39.5	40.5	52.5	28.5	43	53	36.5	5	19.5	28	32.5	30.5	33.5	33.5	41.5	
51.5	50.5	27	39	38.5	65	26	40	39.5	20.5	18	25.5	57	16.5	0	49	28.5	43.5	50.5	52	44	60	60.5	33	19.5	57.5	31.5	35.5	44	36	54.5	60	41.5	55.5	54	51	49	65.5	41.5	38	57.5	49.5	35	48	0	28.5	61.5	28.5	41.5	26.5	34	38	30.5	41.5	28	57	32.5	42.5	48	21.5	49	36.5	38	45	29	39	29	46	42	29	33.5	27.5	41	42	50.5	32.5	31	26	47	31	51	29.5	53.5	58.5	46.5	42.5	59.5	16.5	17.5	17	9	26.5	59.5	0	35	35.5	56	58.5	49	22.5	54.5	59.5	39.5	44	41	33.5	50	64	35	10	32.5	35	46	58	34	51.5	46.5	28	21.5	25	36.5	16	25	39	44	47	
12.5	75.5	66	72	49.5	76	45	79	31.5	55.5	47	50.5	94	50.5	49	0	39.5	72.5	89.5	3	57	81	85.5	72	43.5	18.5	35.5	35.5	57	47	15.5	71	27.5	66.5	93	62	0	76.5	29.5	77	68.5	15.5	36	87	49	42.5	72.5	42.5	52.5	44.5	37	63	69.5	29.5	29	18	38.5	28.5	13	60.5	0	47.5	63	34	30	50	62	57	53	52	37.5	48.5	80	13	11.5	18.5	50	65	24	60	10	68.5	64.5	69.5	12.5	28.5	86.5	55.5	56.5	56	40	59.5	20.5	49	46	70.5	67	27.5	60	53.5	91.5	76.5	28.5	55	30	29.5	61	75	46	51	38.5	46	85	83	47	17.5	57.5	39	49.5	56	32.5	33	26	62	27	74	
42	50	36.5	46.5	24	50.5	34.5	49.5	46	16	32.5	11	66.5	31	28.5	39.5	0	47	60	42.5	31.5	55.5	60	42.5	34	48	46	50	31.5	21.5	45	45.5	32	41	63.5	36.5	39.5	51	44	47.5	43	40	35.5	57.5	28.5	43	47	43	27	39	36.5	37.5	40	34	18.5	47.5	23	43	52.5	31	39.5	22	37.5	59.5	19.5	24.5	36.5	31.5	27.5	26.5	32	9	50.5	32.5	41	23	24.5	35.5	43.5	34.5	49.5	39	39	44	37	33	61	20	19	26.5	19.5	34	50	28.5	20.5	45	41.5	57	34.5	14	64	51	54	29.5	39.5	24	35.5	49.5	20.5	26.5	43	20.5	55.5	57.5	21.5	42	32	13.5	34	30.5	27	12.5	15.5	36.5	46.5	48.5	
75	27	18.5	20.5	27	43.5	47.5	16.5	61	37	39.5	42	33.5	38	43.5	72.5	47	0	27	75.5	35.5	36.5	37	14.5	41	81	53	57	35.5	29.5	78	38.5	65	34	30.5	29.5	72.5	44	63	14.5	36	73	56.5	24.5	43.5	50	40	50	30	48	55.5	29.5	17	63	51.5	80.5	54	64	69.5	28	72.5	35	29.5	66.5	52.5	32.5	30.5	29.5	25.5	40.5	55	44	17.5	65.5	74	56	42.5	27.5	68.5	32.5	72.5	16	32	37	70	64	36	33	34	28.5	52.5	33	83	43.5	38.5	22	34.5	80	32.5	39	31	36	61	37.5	62.5	57	31.5	42.5	46.5	33.5	54	38.5	22.5	34.5	45.5	75	15	41.5	43	36.5	60	45.5	48.5	30.5	65.5	23.5	
98	24	25.5	27.5	50	28.5	54.5	18.5	68	44	46.5	49	10.5	45	50.5	89.5	60	27	0	86.5	42.5	18.5	10	21.5	48	96	60	64	42.5	52.5	89	28.5	72	33	7.5	37.5	89.5	19	70	16.5	31	84	63.5	6.5	50.5	57	23	57	47	55	62.5	36.5	24	70	70.5	91.5	61	71	76.5	35	89.5	52	36.5	73.5	69.5	49.5	37.5	42.5	46.5	47.5	62	51	19.5	86.5	93	79	49.5	34.5	75.5	39.5	79.5	23	35	30	87	71	9	40	41	35.5	59.5	40	94	50.5	53.5	29	32.5	87	39.5	46	4	23	68	44.5	69.5	70	38.5	24.5	53.5	40.5	61	53.5	14.5	16.5	52.5	82	42	60.5	50	43.5	67	66.5	71.5	37.5	72.5	25.5	
15.5	78.5	63	75	52.5	79	48	76	34.5	56.5	44	53.5	93	47.5	52	3	42.5	75.5	86.5	0	60	84	88.5	69	40.5	21.5	32.5	36.5	60	50	18.5	74	30.5	69.5	90	65	3	79.5	32.5	74	71.5	18.5	39	84	52	39.5	75.5	39.5	55.5	47.5	40	66	66.5	32.5	32	21	41.5	31.5	10	57.5	3	50.5	66	31	33	53	65	60	56	55	40.5	51.5	77	16	14.5	21.5	53	62	27	63	7	65.5	67.5	72.5	15.5	31.5	89.5	52.5	53.5	53	43	62.5	23.5	52	49	71.5	70	30.5	63	56.5	90.5	79.5	25.5	58	33	32.5	64	78	49	48	41.5	49	82	86	50	20.5	60.5	42	52.5	59	35.5	36	29	65	30	77	
59.5	42.5	17	31	16.5	43	48	32	61.5	37.5	40	42.5	49	38.5	44	57	31.5	35.5	42.5	60	0	48	52.5	25	41.5	65.5	53.5	57.5	0	10	62.5	38	49.5	33.5	46	29	57	43.5	61.5	30	35.5	57.5	53	40	44	50.5	39.5	50.5	19.5	48.5	54	6	22.5	51.5	36	65	40.5	60.5	70	28.5	57	19.5	6	67	37	7	31	24	20	39	49.5	40.5	33	50	58.5	40.5	37	28	61	33	67	21.5	31.5	36.5	54.5	50.5	51.5	33.5	34.5	29	37	33.5	67.5	44	23	27.5	34	74.5	27	39.5	46.5	43.5	61.5	2	57	41.5	28	42	33	34	54.5	23	38	50	34	59.5	24.5	26	43.5	37	44.5	30	33	5	64	39	
83.5	33.5	35	37	35.5	27	64	28	77.5	53.5	56	58.5	25	54.5	60	81	55.5	36.5	18.5	84	48	0	28.5	31	57.5	89.5	69.5	73.5	48	38	86.5	10	73.5	32.5	22	33	81	27.5	79.5	26	24.5	81.5	73	12	60	66.5	23.5	66.5	38.5	64.5	72	46	33.5	75.5	60	89	64.5	80.5	86	44.5	81	43.5	46	83	61	41	47	38	34	57	71.5	60.5	29	74	82.5	64.5	59	44	85	49	89	32.5	20.5	25.5	78.5	74.5	27.5	49.5	50.5	45	61	49.5	91.5	60	47	38.5	28	96.5	41	55.5	22.5	32.5	77.5	46	79	65.5	42	6	57	50	70.5	47	24	2	58	83.5	33.5	50	59.5	53	68.5	54	57	47	82	35	
88	34	35.5	37.5	40	26.5	64.5	28.5	78	54	56.5	59	20.5	55	60.5	85.5	60	37	10	88.5	52.5	28.5	0	31.5	58	94	70	74	52.5	42.5	91	26.5	78	37	17.5	37.5	85.5	9	80	26.5	29	86	73.5	16.5	60.5	67	13	67	43	65	72.5	46.5	34	80	64.5	93.5	69	81	86.5	45	85.5	48	46.5	83.5	65.5	45.5	47.5	42.5	38.5	57.5	72	61	29.5	78.5	87	69	59.5	44.5	85.5	49.5	89.5	33	25	30	83	79	1	50	51	45.5	65.5	50	96	60.5	51.5	39	32.5	97	45.5	56	6	33	78	50.5	79.5	70	46.5	30.5	61.5	50.5	71	51.5	24.5	26.5	62.5	88	38	54.5	60	53.5	73	58.5	61.5	47.5	82.5	35.5	
80.5	21.5	8	6	32.5	46	37	11	50.5	26.5	29	31.5	28	27.5	33	72	42.5	14.5	21.5	69	25	31	31.5	0	30.5	78.5	42.5	46.5	25	35	71.5	41	54.5	30.5	25	30	72	40.5	52.5	9	38.5	66.5	46	19	33	39.5	44.5	39.5	29.5	37.5	45	19	6.5	52.5	53	74	43.5	53.5	59	17.5	72	34.5	19	56	52	32	20	21	25	30	44.5	33.5	12	69	75.5	61.5	32	17	58	22	62	5.5	42.5	37.5	69.5	53.5	30.5	22.5	23.5	18	42	22.5	76.5	33	36	11.5	35	69.5	18	28.5	25.5	30.5	50.5	27	52	52.5	17	37	36	23	43.5	36	17	29	35	64.5	29.5	43	32.5	26	49.5	49	54	20	55	18	
54	48	24.5	36.5	54	72.5	13.5	37.5	22	18	5.5	23	54.5	9	19.5	43.5	34	41	48	40.5	41.5	57.5	58	30.5	0	50	14	18	41.5	51.5	43	67.5	26	57	51.5	56.5	43.5	67	24	35.5	65	38	17.5	45.5	19.5	11	71	11	51	7	16.5	35.5	28	24	29.5	45.5	25	25	30.5	19	43.5	46	35.5	27.5	28.5	48.5	26.5	51.5	55.5	26.5	14	25	38.5	40.5	47	35	28.5	23.5	29.5	28.5	33.5	27	69	64	41	25	57	14	15	14.5	28.5	24	48	19.5	42.5	33	61.5	41	48.5	20	52	57	22	43.5	23.5	22	47.5	63.5	32.5	9.5	15	42.5	43.5	55.5	31.5	36	56	39.5	14	22.5	19	35.5	32.5	36.5	26.5	44.5	
6	84	72.5	80.5	58	84.5	53.5	85.5	40	64	53.5	59	102.5	57	57.5	18.5	48	81	96	21.5	65.5	89.5	94	78.5	50	0	42	44	65.5	55.5	19	79.5	36	75	99.5	70.5	18.5	85	38	83.5	77	24	44.5	93.5	57.5	49	81	49	61	53	45.5	71.5	76	38	37.5	16.5	47	37	31.5	67	18.5	56	71.5	30.5	38.5	58.5	70.5	65.5	61.5	60.5	46	57	86.5	21.5	15	27	58.5	71.5	32.5	68.5	28.5	75	73	78	21	37	95	62	63	62.5	48.5	68	2	57.5	54.5	79	75.5	9	68.5	62	100	85	30	63.5	38.5	38	69.5	83.5	54.5	57.5	47	54.5	91.5	91.5	55.5	26	66	47.5	58	64.5	41	41.5	34.5	70.5	35.5	82.5	
42	60	36.5	48.5	64	84.5	25.5	49.5	8	30	17.5	35	66.5	21	31.5	35.5	46	53	60	32.5	53.5	69.5	70	42.5	14	42	0	4	53.5	61.5	35	79.5	28	69	63.5	68.5	35.5	79	10	47.5	77	30	24.5	57.5	31.5	13	83	13	63	21	23.5	47.5	40	26	41.5	37.5	37	11	22.5	31	35.5	58	47.5	19.5	40.5	60.5	38.5	63.5	67.5	38.5	28	37	50.5	32.5	39	33	40.5	35.5	21.5	40.5	25.5	39	79	76	33	27	69	26	27	26.5	40.5	36	40	31.5	54.5	45	73.5	33	60.5	32	64	69	14	55.5	20.5	36	59.5	75.5	44.5	21.5	17	54.5	55.5	67.5	43.5	28	68	51.5	26	34.5	33	47.5	40.5	48.5	18.5	56.5	
38	64	40.5	52.5	60	86.5	29.5	53.5	4	34	21.5	39	70.5	25	35.5	35.5	50	57	64	36.5	57.5	73.5	74	46.5	18	44	4	0	57.5	57.5	39	81.5	32	73	67.5	72.5	35.5	83	6	51.5	79	34	28.5	61.5	35.5	17	83	17	63	25	27.5	51.5	44	30	39.5	41.5	41	7	26.5	35	35.5	58	51.5	23.5	40.5	60.5	42.5	67.5	63.5	42.5	32	41	54.5	28.5	37	29	44.5	39.5	25.5	44.5	29.5	43	75	80	33	31	73	30	31	30.5	44.5	40	44	35.5	56.5	49	77.5	37	64.5	36	68	73	18	59.5	24.5	40	63.5	79.5	48.5	25.5	21	56.5	59.5	71.5	47.5	32	68	49.5	30	38.5	37	43.5	36.5	52.5	22.5	60.5	
59.5	42.5	17	31	16.5	43	48	32	61.5	37.5	40	42.5	49	38.5	44	57	31.5	35.5	42.5	60	0	48	52.5	25	41.5	65.5	53.5	57.5	0	10	62.5	38	49.5	33.5	46	29	57	43.5	61.5	30	35.5	57.5	53	40	44	50.5	39.5	50.5	19.5	48.5	54	6	22.5	51.5	36	65	40.5	60.5	70	28.5	57	19.5	6	67	37	7	31	24	20	39	49.5	40.5	33	50	58.5	40.5	37	28	61	33	67	21.5	31.5	36.5	54.5	50.5	51.5	33.5	34.5	29	37	33.5	67.5	44	23	27.5	34	74.5	27	39.5	46.5	43.5	61.5	2	57	41.5	28	42	33	34	54.5	23	38	50	34	59.5	24.5	26	43.5	37	44.5	30	33	5	64	39	
49.5	32.5	27	29	6.5	33	42	38	53.5	37.5	50	32.5	51	46.5	36	47	21.5	29.5	52.5	50	10	38	42.5	35	51.5	55.5	61.5	57.5	10	0	52.5	28	39.5	23.5	54	19	47	33.5	51.5	40	25.5	47.5	43	50	36	54.5	29.5	54.5	9.5	46.5	44	16	32.5	41.5	26	55	30.5	50.5	60	36.5	47	9.5	16	73	27	3	29	14	10	29	39.5	30.5	37	40	48.5	30.5	27	32	51	27	57	31.5	21.5	26.5	44.5	40.5	43.5	41.5	40.5	39	27	31.5	57.5	36	13	27.5	24	64.5	17	35.5	48.5	33.5	71.5	8	47	31.5	18	32	23	44	50.5	13	42	40	24	49.5	14.5	16	41.5	33	34.5	20	23	15	54	31	
13	81	65.5	77.5	55	81.5	50.5	78.5	37	59	46.5	56	95.5	50	54.5	15.5	45	78	89	18.5	62.5	86.5	91	71.5	43	19	35	39	62.5	52.5	0	76.5	33	72	92.5	67.5	15.5	82	35	76.5	74	21	41.5	86.5	54.5	42	78	42	58	50	42.5	68.5	69	35	34.5	18.5	44	34	28.5	60	15.5	53	68.5	28.5	35.5	55.5	67.5	62.5	58.5	57.5	43	54	79.5	18.5	4	24	55.5	64.5	29.5	65.5	25.5	68	70	75	18	34	92	55	56	55.5	45.5	65	21	54.5	51.5	74	72.5	28	65.5	59	93	82	21	60.5	35.5	35	66.5	80.5	51.5	50.5	44	51.5	84.5	88.5	52.5	23	63	44.5	55	61.5	38	38.5	31.5	67.5	32.5	79.5	
73.5	31.5	45	43	25.5	17	66	38	77.5	61.5	66	56.5	35	64.5	60	71	45.5	38.5	28.5	74	38	10	26.5	41	67.5	79.5	79.5	81.5	38	28	76.5	0	63.5	22.5	32	23	71	17.5	75.5	36	14.5	71.5	67	22	60	76.5	13.5	76.5	28.5	70.5	68	44	43.5	65.5	50	79	54.5	74.5	84	54.5	71	33.5	44	93	51	31	53	28	24	53	63.5	54.5	39	64	72.5	54.5	51	54	75	51	81	42.5	10.5	15.5	68.5	64.5	27.5	59.5	60.5	55	51	55.5	81.5	60	37	46.5	18	88.5	31	59.5	32.5	22.5	87.5	36	71	55.5	32	4	47	60	74.5	37	34	12	48	73.5	23.5	40	65.5	57	58.5	44	47	43	78	35	
30	68	48.5	60.5	42	68.5	37.5	61.5	34	42	29.5	43	78.5	33	41.5	27.5	32	65	72	30.5	49.5	73.5	78	54.5	26	36	28	32	49.5	39.5	33	63.5	0	59	75.5	54.5	27.5	69	32	59.5	61	28	28.5	69.5	41.5	15	65	15	45	33	29.5	55.5	52	2	21.5	35.5	31	31	40.5	43	27.5	40	55.5	41.5	22.5	42.5	50.5	49.5	45.5	44.5	30	41	62.5	20.5	29	9	42.5	47.5	31.5	52.5	37.5	51	57	62	25	1	79	38	39	38.5	32.5	48	38	41.5	38.5	57	59.5	45	52.5	44	76	69	36	47.5	27.5	22	53.5	67.5	38.5	33.5	11	38.5	67.5	75.5	39.5	30	50	31.5	38	46.5	25	25.5	18.5	54.5	34.5	66.5	
69	9	34.5	36.5	21	27.5	61.5	27.5	73	53	55.5	52	39.5	54	55.5	66.5	41	34	33	69.5	33.5	32.5	37	30.5	57	75	69	73	33.5	23.5	72	22.5	59	0	36.5	18.5	66.5	28	71	25.5	20	67	62.5	30.5	55.5	66	24	66	24	64	63.5	39.5	33	61	45.5	74.5	50	70	79.5	44	66.5	29	39.5	82.5	46.5	26.5	46.5	23.5	19.5	48.5	59	50	28.5	59.5	68	50	46.5	43.5	70.5	46.5	76.5	32	16	21	64	60	38	49	50	44.5	46.5	49	77	55.5	32.5	38	18.5	84	26.5	55	37	28	77	31.5	66.5	51	27.5	26.5	42.5	49.5	70	32.5	28.5	34.5	43.5	69	19	35.5	59	52.5	54	39.5	42.5	38.5	73.5	30.5	
99.5	27.5	29	31	51.5	21	58	22	71.5	47.5	50	52.5	3	48.5	54	93	63.5	30.5	7.5	90	46	22	17.5	25	51.5	99.5	63.5	67.5	46	54	92.5	32	75.5	36.5	0	41	93	26.5	73.5	20	34.5	87.5	67	10	54	60.5	30.5	60.5	50.5	58.5	66	40	27.5	73.5	74	95	64.5	74.5	80	38.5	93	55.5	40	77	73	53	41	46	50	51	65.5	54.5	23	90	96.5	80.5	53	38	79	43	83	26.5	36.5	33.5	90.5	74.5	16.5	43.5	44.5	39	63	43.5	97.5	54	57	32.5	36	90.5	43	49.5	11.5	26.5	71.5	48	73	73.5	42	28	57	44	64.5	57	18	20	56	85.5	45.5	64	53.5	47	70.5	70	73	41	76	29	
64.5	27.5	34	34	16.5	28	57	19	68.5	52.5	55	47.5	44	53.5	51	62	36.5	29.5	37.5	65	29	33	37.5	30	56.5	70.5	68.5	72.5	29	19	67.5	23	54.5	18.5	41	0	62	28.5	66.5	21	20.5	62.5	58	35	51	65.5	24.5	65.5	19.5	61.5	59	35	32.5	56.5	41	70	45.5	65.5	75	43.5	62	24.5	35	82	42	22	44	19	15	44	54.5	45.5	18	55	63.5	45.5	42	43	66	42	72	31.5	16.5	21.5	59.5	55.5	38.5	48.5	49.5	44	42	46.5	72.5	51	28	37.5	19	79.5	22	50.5	41.5	28.5	76.5	27	62	46.5	23	27	38	49	65.5	28	33	35	39	64.5	14.5	31	56.5	48	49.5	35	38	34	69	12	
12.5	75.5	66	72	49.5	76	45	79	31.5	55.5	47	50.5	94	50.5	49	0	39.5	72.5	89.5	3	57	81	85.5	72	43.5	18.5	35.5	35.5	57	47	15.5	71	27.5	66.5	93	62	0	76.5	29.5	77	68.5	15.5	36	87	49	42.5	72.5	42.5	52.5	44.5	37	63	69.5	29.5	29	18	38.5	28.5	13	60.5	0	47.5	63	34	30	50	62	57	53	52	37.5	48.5	80	13	11.5	18.5	50	65	24	60	10	68.5	64.5	69.5	12.5	28.5	86.5	55.5	56.5	56	40	59.5	20.5	49	46	70.5	67	27.5	60	53.5	91.5	76.5	28.5	55	30	29.5	61	75	46	51	38.5	46	85	83	47	17.5	57.5	39	49.5	56	32.5	33	26	62	27	74	
79	37	44.5	46.5	31	17.5	71.5	37.5	83	63	65.5	62	29.5	64	65.5	76.5	51	44	19	79.5	43.5	27.5	9	40.5	67	85	79	83	43.5	33.5	82	17.5	69	28	26.5	28.5	76.5	0	81	35.5	20	77	72.5	25.5	65.5	76	4	76	34	74	73.5	49.5	43	71	55.5	84.5	60	80	89.5	54	76.5	39	49.5	92.5	56.5	36.5	56.5	33.5	29.5	58.5	69	60	38.5	69.5	78	60	56.5	53.5	80.5	56.5	86.5	42	16	21	74	70	10	59	60	54.5	56.5	59	87	65.5	42.5	48	23.5	94	36.5	65	15	28	87	41.5	76.5	61	37.5	21.5	52.5	59.5	80	42.5	33.5	29.5	53.5	79	29	45.5	69	62.5	64	49.5	52.5	48.5	83.5	40.5	
32	70	46.5	58.5	54	80.5	35.5	59.5	2	40	27.5	45	76.5	31	41.5	29.5	44	63	70	32.5	61.5	79.5	80	52.5	24	38	10	6	61.5	51.5	35	75.5	32	71	73.5	66.5	29.5	81	0	57.5	73	30	34.5	67.5	41.5	23	77	23	57	31	33.5	57.5	50	34	33.5	37.5	43	1	32.5	41	29.5	52	57.5	29.5	34.5	54.5	48.5	61.5	57.5	48.5	38	47	60.5	22.5	31	23	50.5	45.5	31.5	50.5	35.5	49	69	74	27	33	79	36	37	36.5	44.5	46	40	41.5	50.5	55	71.5	43	64.5	42	74	79	24	59.5	30.5	34	65.5	79.5	50.5	31.5	27	50.5	65.5	77.5	51.5	32	62	43.5	36	44.5	37	37.5	30.5	58.5	28.5	66.5	
85.5	16.5	13	15	37.5	41	42	2	55.5	31.5	34	36.5	23	32.5	38	77	47.5	14.5	16.5	74	30	26	26.5	9	35.5	83.5	47.5	51.5	30	40	76.5	36	59.5	25.5	20	21	77	35.5	57.5	0	33.5	71.5	51	14	38	44.5	39.5	44.5	34.5	42.5	50	24	11.5	57.5	58	79	48.5	58.5	64	22.5	77	39.5	24	61	57	37	25	30	34	35	49.5	38.5	3	74	80.5	66.5	37	22	63	27	67	10.5	37.5	32.5	74.5	58.5	25.5	27.5	28.5	23	47	27.5	81.5	38	41	16.5	30	74.5	27	33.5	20.5	25.5	55.5	32	57	57.5	26	32	41	28	48.5	41	12	24	40	69.5	29.5	48	37.5	31	54.5	54	59	25	60	9	
71	29	42.5	40.5	23	19.5	63.5	35.5	75	59	63.5	54	37.5	62	57.5	68.5	43	36	31	71.5	35.5	24.5	29	38.5	65	77	77	79	35.5	25.5	74	14.5	61	20	34.5	20.5	68.5	20	73	33.5	0	69	64.5	28.5	57.5	74	16	74	26	68	65.5	41.5	41	63	47.5	76.5	52	72	81.5	52	68.5	31	41.5	90.5	48.5	28.5	50.5	25.5	21.5	50.5	61	52	36.5	61.5	70	52	48.5	51.5	72.5	48.5	78.5	40	4	1	66	62	30	57	58	52.5	48.5	53	79	57.5	34.5	44	15.5	86	28.5	57	35	8	85	33.5	68.5	53	29.5	18.5	44.5	57.5	72	34.5	31.5	26.5	45.5	71	21	37.5	63	54.5	56	41.5	44.5	40.5	75.5	32.5	
18	76	60.5	72.5	50	76.5	45.5	73.5	32	54	41.5	51	90.5	45	49.5	15.5	40	73	84	18.5	57.5	81.5	86	66.5	38	24	30	34	57.5	47.5	21	71.5	28	67	87.5	62.5	15.5	77	30	71.5	69	0	36.5	81.5	49.5	37	73	37	53	45	37.5	63.5	64	30	29.5	23.5	39	29	28.5	55	15.5	48	63.5	33.5	30.5	50.5	62.5	57.5	53.5	52.5	38	49	74.5	13.5	17	19	50.5	59.5	24.5	60.5	25.5	63	65	70	3	29	87	50	51	50.5	40.5	60	26	49.5	46.5	69	67.5	33	60.5	54	88	77	28	55.5	30.5	30	61.5	75.5	46.5	45.5	39	46.5	79.5	83.5	47.5	2	58	39.5	50	56.5	33	33.5	26.5	62.5	27.5	74.5	
38.5	63.5	40	52	45.5	72	29	53	32.5	33.5	21	38.5	70	24.5	35	36	35.5	56.5	63.5	39	53	73	73.5	46	17.5	44.5	24.5	28.5	53	43	41.5	67	28.5	62.5	67	58	36	72.5	34.5	51	64.5	36.5	0	61	35	21.5	68.5	21.5	48.5	24.5	1	51	43.5	30.5	25	44	34.5	35.5	41	34.5	36	43.5	51	38	26	46	42	53	49	42	31.5	40.5	54	29	37.5	19.5	44	39	40	44	44	42.5	60.5	65.5	33.5	29.5	72.5	29.5	30.5	30	36	39.5	46.5	35	42	48.5	63	51.5	56	35.5	67.5	72.5	32.5	51	34	25.5	57	71	42	25	25.5	42	59	71	43	38.5	53.5	35	29.5	38	28.5	29	22	52	37	60	
95.5	21.5	23	25	47.5	31	52	16	65.5	41.5	44	46.5	13	42.5	48	87	57.5	24.5	6.5	84	40	12	16.5	19	45.5	93.5	57.5	61.5	40	50	86.5	22	69.5	30.5	10	35	87	25.5	67.5	14	28.5	81.5	61	0	48	54.5	29.5	54.5	44.5	52.5	60	34	21.5	67.5	68	89	58.5	68.5	74	32.5	87	49.5	34	71	67	47	35	40	44	45	59.5	48.5	17	84	90.5	76.5	47	32	73	37	77	20.5	32.5	27.5	84.5	68.5	15.5	37.5	38.5	33	57	37.5	91.5	48	51	26.5	30	84.5	37	43.5	10.5	20.5	65.5	42	67	67.5	36	18	51	38	58.5	51	12	10	50	79.5	39.5	58	47.5	41	64.5	64	69	35	70	23	
51.5	50.5	27	39	38.5	65	26	40	39.5	20.5	18	25.5	57	16.5	0	49	28.5	43.5	50.5	52	44	60	60.5	33	19.5	57.5	31.5	35.5	44	36	54.5	60	41.5	55.5	54	51	49	65.5	41.5	38	57.5	49.5	35	48	0	28.5	61.5	28.5	41.5	26.5	34	38	30.5	41.5	28	57	32.5	42.5	48	21.5	49	36.5	38	45	29	39	29	46	42	29	33.5	27.5	41	42	50.5	32.5	31	26	47	31	51	29.5	53.5	58.5	46.5	42.5	59.5	16.5	17.5	17	9	26.5	59.5	0	35	35.5	56	58.5	49	22.5	54.5	59.5	39.5	44	41	33.5	50	64	35	10	32.5	35	46	58	34	51.5	46.5	28	21.5	25	36.5	16	25	39	44	47	
45	57	33.5	45.5	57	81.5	22.5	46.5	21	27	14.5	32	63.5	18	28.5	42.5	43	50	57	39.5	50.5	66.5	67	39.5	11	49	13	17	50.5	54.5	42	76.5	15	66	60.5	65.5	42.5	76	23	44.5	74	37	21.5	54.5	28.5	0	80	0	60	18	20.5	44.5	37	13	36.5	44.5	34	24	29.5	28	42.5	55	44.5	26.5	37.5	57.5	35.5	60.5	60.5	35.5	25	34	47.5	35.5	44	24	37.5	32.5	28.5	37.5	32.5	36	72	73	40	14	66	23	24	23.5	37.5	33	47	28.5	51.5	42	70.5	40	57.5	29	61	66	21	52.5	22.5	33	56.5	72.5	41.5	18.5	4	51.5	52.5	64.5	40.5	35	65	46.5	23	31.5	30	40.5	33.5	45.5	25.5	53.5	
75	33	48.5	44.5	27	13.5	67.5	41.5	79	63	69.5	58	31.5	68	61.5	72.5	47	40	23	75.5	39.5	23.5	13	44.5	71	81	83	83	39.5	29.5	78	13.5	65	24	30.5	24.5	72.5	4	77	39.5	16	73	68.5	29.5	61.5	80	0	80	30	72	69.5	45.5	47	67	51.5	80.5	56	76	85.5	58	72.5	35	45.5	96.5	52.5	32.5	54.5	29.5	25.5	54.5	65	56	42.5	65.5	74	56	52.5	57.5	76.5	52.5	82.5	46	12	17	70	66	14	63	64	58.5	52.5	57	83	61.5	38.5	48	19.5	90	32.5	61	19	24	91	37.5	72.5	57	33.5	17.5	48.5	63.5	76	38.5	37.5	25.5	49.5	75	25	41.5	67	58.5	60	45.5	48.5	44.5	79.5	36.5	
45	57	33.5	45.5	57	81.5	22.5	46.5	21	27	14.5	32	63.5	18	28.5	42.5	43	50	57	39.5	50.5	66.5	67	39.5	11	49	13	17	50.5	54.5	42	76.5	15	66	60.5	65.5	42.5	76	23	44.5	74	37	21.5	54.5	28.5	0	80	0	60	18	20.5	44.5	37	13	36.5	44.5	34	24	29.5	28	42.5	55	44.5	26.5	37.5	57.5	35.5	60.5	60.5	35.5	25	34	47.5	35.5	44	24	37.5	32.5	28.5	37.5	32.5	36	72	73	40	14	66	23	24	23.5	37.5	33	47	28.5	51.5	42	70.5	40	57.5	29	61	66	21	52.5	22.5	33	56.5	72.5	41.5	18.5	4	51.5	52.5	64.5	40.5	35	65	46.5	23	31.5	30	40.5	33.5	45.5	25.5	53.5	
55	33	28.5	29.5	3	33.5	47.5	36.5	59	43	49.5	38	51.5	48	41.5	52.5	27	30	47	55.5	19.5	38.5	43	29.5	51	61	63	63	19.5	9.5	58	28.5	45	24	50.5	19.5	52.5	34	57	34.5	26	53	48.5	44.5	41.5	60	30	60	0	52	49.5	25.5	23	47	31.5	60.5	36	56	65.5	38	52.5	15	25.5	76.5	32.5	12.5	34.5	14.5	10.5	34.5	45	36	37.5	45.5	54	36	32.5	37.5	56.5	32.5	62.5	24	22	27	50	46	44	43	44	38.5	32.5	37	63	41.5	18.5	18	24.5	70	17.5	41	49	34	71	17.5	52.5	37	18.5	32.5	28.5	43.5	56	18.5	42.5	40.5	29.5	55	15	21.5	47	38.5	40	25.5	28.5	24.5	59.5	31.5	
47	55	31.5	43.5	49	75.5	20.5	44.5	29	25	12.5	30	61.5	16	26.5	44.5	39	48	55	47.5	48.5	64.5	65	37.5	7	53	21	25	48.5	46.5	50	70.5	33	64	58.5	61.5	44.5	74	31	42.5	68	45	24.5	52.5	26.5	18	72	18	52	0	23.5	42.5	35	31	28.5	52.5	32	32	37.5	26	44.5	47	42.5	34.5	29.5	49.5	33.5	56.5	52.5	33.5	7	32	45.5	37.5	46	28	35.5	30.5	36.5	35.5	40.5	34	64	69	42	32	64	21	22	21.5	35.5	31	55	26.5	45.5	40	66.5	48	55.5	27	59	64	29	50.5	30.5	15	54.5	70.5	39.5	16.5	22	45.5	50.5	62.5	38.5	43	57	38.5	21	29.5	12	32.5	25.5	43.5	33.5	51.5	
39.5	62.5	39	51	46.5	73	28	52	31.5	32.5	20	37.5	69	23.5	34	37	36.5	55.5	62.5	40	54	72	72.5	45	16.5	45.5	23.5	27.5	54	44	42.5	68	29.5	63.5	66	59	37	73.5	33.5	50	65.5	37.5	1	60	34	20.5	69.5	20.5	49.5	23.5	0	50	42.5	31.5	26	45	35.5	34.5	40	33.5	37	44.5	50	37	27	47	41	54	50	41	30.5	39.5	53	30	38.5	20.5	43	38	39	43	43	41.5	61.5	66.5	34.5	30.5	71.5	28.5	29.5	29	37	38.5	47.5	34	43	47.5	64	50.5	57	34.5	66.5	71.5	31.5	52	33	26.5	58	72	43	24	24.5	43	58	70	44	39.5	54.5	36	28.5	37	29.5	30	23	51	36	59	
65.5	36.5	11	25	22.5	49	42	26	55.5	31.5	34	36.5	43	32.5	38	63	37.5	29.5	36.5	66	6	46	46.5	19	35.5	71.5	47.5	51.5	6	16	68.5	44	55.5	39.5	40	35	63	49.5	57.5	24	41.5	63.5	51	34	38	44.5	45.5	44.5	25.5	42.5	50	0	16.5	57.5	42	71	46.5	58.5	64	22.5	63	25.5	0	61	43	13	25	30	26	35	49.5	38.5	27	56	64.5	46.5	37	22	63	27	67	15.5	37.5	42.5	60.5	56.5	45.5	27.5	28.5	23	43	27.5	73.5	38	29	21.5	40	74.5	33	33.5	40.5	45.5	55.5	8	57	47.5	34	48	39	28	48.5	29	32	44	40	65.5	30.5	32	37.5	31	50.5	36	39	1	60	33	
78	24	5.5	12.5	26	48.5	34.5	13.5	48	24	26.5	29	30.5	25	30.5	69.5	40	17	24	66.5	22.5	33.5	34	6.5	28	76	40	44	22.5	32.5	69	43.5	52	33	27.5	32.5	69.5	43	50	11.5	41	64	43.5	21.5	30.5	37	47	37	23	35	42.5	16.5	0	50	50.5	71.5	41	51	56.5	15	69.5	32	16.5	53.5	49.5	29.5	17.5	27.5	31.5	27.5	42	31	14.5	66.5	73	59	29.5	14.5	55.5	19.5	59.5	1	45	40	67	51	33	20	21	15.5	39.5	20	74	30.5	33.5	5	37.5	67	24.5	26	28	33	48	24.5	49.5	50	23.5	39.5	33.5	20.5	41	33.5	19.5	31.5	32.5	62	32	40.5	30	23.5	47	46.5	51.5	17.5	52.5	20.5	
32	70	46.5	58.5	44	70.5	35.5	59.5	34	40	27.5	45	76.5	31	41.5	29.5	34	63	70	32.5	51.5	75.5	80	52.5	24	38	26	30	51.5	41.5	35	65.5	2	61	73.5	56.5	29.5	71	34	57.5	63	30	30.5	67.5	41.5	13	67	13	47	31	31.5	57.5	50	0	23.5	37.5	33	33	42.5	41	29.5	42	57.5	39.5	24.5	44.5	48.5	51.5	47.5	46.5	32	43	60.5	22.5	31	11	44.5	45.5	33.5	50.5	39.5	49	59	64	27	1	79	36	37	36.5	34.5	46	40	41.5	40.5	55	61.5	47	54.5	42	74	71	34	49.5	29.5	24	55.5	69.5	40.5	31.5	9	40.5	65.5	77.5	41.5	32	52	33.5	36	44.5	27	27.5	20.5	56.5	36.5	66.5	
31.5	54.5	47	51	28.5	55	16	60	35.5	34.5	24	29.5	73	31.5	28	29	18.5	51.5	70.5	32	36	60	64.5	53	29.5	37.5	41.5	39.5	36	26	34.5	50	21.5	45.5	74	41	29	55.5	33.5	58	47.5	29.5	25	68	28	36.5	51.5	36.5	31.5	28.5	26	42	50.5	23.5	0	37	17.5	32.5	42	41.5	29	26.5	42	55	1	29	41	36	32	31	21.5	27.5	59	22	30.5	12.5	29	44	33	39	39	49.5	43.5	48.5	26.5	22.5	65.5	36.5	37.5	37	19	38.5	39.5	28	25	49.5	46	46.5	39	32.5	70.5	55.5	49.5	34	29	13.5	40	54	25	32	32.5	25	64	62	26	31.5	36.5	18	28.5	35	16.5	12	3	41	36	53	
10.5	83.5	68	80	57.5	84	53	81	39.5	61.5	49	58.5	98	52.5	57	18	47.5	80.5	91.5	21	65	89	93.5	74	45.5	16.5	37.5	41.5	65	55	18.5	79	35.5	74.5	95	70	18	84.5	37.5	79	76.5	23.5	44	89	57	44.5	80.5	44.5	60.5	52.5	45	71	71.5	37.5	37	0	46.5	36.5	31	62.5	18	55.5	71	18	38	58	70	65	61	60	45.5	56.5	82	21	14.5	26.5	58	67	32	68	28	70.5	72.5	77.5	20.5	36.5	94.5	57.5	58.5	58	48	67.5	18.5	57	54	76.5	75	25.5	68	61.5	95.5	84.5	25.5	63	38	37.5	69	83	54	53	46.5	54	87	91	55	25.5	65.5	47	57.5	64	40.5	41	34	70	35	82	
41	59	37.5	49.5	33	59.5	31.5	50.5	45	31	23.5	34	67.5	16	32.5	38.5	23	54	61	41.5	40.5	64.5	69	43.5	25	47	37	41	40.5	30.5	44	54.5	31	50	64.5	45.5	38.5	60	43	48.5	52	39	34.5	58.5	32.5	34	56	34	36	32	35.5	46.5	41	33	17.5	46.5	0	42	51.5	32	38.5	31	46.5	50.5	18.5	33.5	39.5	40.5	36.5	35.5	31	32	51.5	31.5	40	22	33.5	36.5	42.5	41.5	48.5	40	48	53	36	32	70	27	28	27.5	23.5	37	49	32.5	29.5	46	50.5	56	43.5	33	65	60	45	38.5	38.5	23	44.5	58.5	29.5	22.5	38	29.5	56.5	66.5	30.5	41	41	22.5	11	35.5	26	16.5	14.5	45.5	45.5	57.5	
31	71	47.5	59.5	53	79.5	36.5	60.5	3	41	28.5	46	77.5	32	42.5	28.5	43	64	71	31.5	60.5	80.5	81	53.5	25	37	11	7	60.5	50.5	34	74.5	31	70	74.5	65.5	28.5	80	1	58.5	72	29	35.5	68.5	42.5	24	76	24	56	32	34.5	58.5	51	33	32.5	36.5	42	0	33.5	42	28.5	51	58.5	30.5	33.5	53.5	49.5	60.5	56.5	49.5	39	48	61.5	21.5	30	22	51.5	46.5	32.5	51.5	36.5	50	68	73	26	32	80	37	38	37.5	43.5	47	39	42.5	49.5	56	70.5	44	63.5	43	75	80	25	58.5	31.5	33	64.5	78.5	49.5	32.5	28	49.5	66.5	78.5	50.5	31	61	42.5	37	45.5	36	36.5	29.5	59.5	29.5	67.5	
25.5	76.5	53	65	62.5	89	42	66	30.5	46.5	34	51.5	83	37.5	48	13	52.5	69.5	76.5	10	70	86	86.5	59	30.5	31.5	22.5	26.5	70	60	28.5	84	40.5	79.5	80	75	13	89.5	32.5	64	81.5	28.5	41	74	48	29.5	85.5	29.5	65.5	37.5	40	64	56.5	42.5	42	31	51.5	33.5	0	47.5	13	60.5	64	21	43	63	55	70	66	55	44.5	53.5	67	26	24.5	31.5	57	52	33	57	3	55.5	77.5	82.5	25.5	41.5	85.5	42.5	43.5	43	53	52.5	33.5	48	59	61.5	80	34.5	73	48.5	80.5	85.5	15.5	68	37	42.5	74	88	59	38	33.5	59	72	84	60	30.5	70.5	52	42.5	51	45.5	46	39	65	30	73	
67	35	11.5	23.5	39	59.5	25.5	24.5	39	15	17.5	20	41.5	16	21.5	60.5	31	28	35	57.5	28.5	44.5	45	17.5	19	67	31	35	28.5	36.5	60	54.5	43	44	38.5	43.5	60.5	54	41	22.5	52	55	34.5	32.5	21.5	28	58	28	38	26	33.5	22.5	15	41	41.5	62.5	32	42	47.5	0	60.5	33	22.5	44.5	40.5	35.5	13.5	38.5	42.5	18.5	33	22	25.5	57.5	64	48	20.5	10.5	46.5	15.5	50.5	14	54	51	58	42	44	11	12	6.5	30.5	5	65	21.5	29.5	20	48.5	58	35.5	17	39	44	39	30.5	40.5	41	34.5	50.5	24.5	11.5	32	29.5	30.5	42.5	23.5	53	43	31.5	21	14.5	38	37.5	40.5	23.5	43.5	31.5	
12.5	75.5	66	72	49.5	76	45	79	31.5	55.5	47	50.5	94	50.5	49	0	39.5	72.5	89.5	3	57	81	85.5	72	43.5	18.5	35.5	35.5	57	47	15.5	71	27.5	66.5	93	62	0	76.5	29.5	77	68.5	15.5	36	87	49	42.5	72.5	42.5	52.5	44.5	37	63	69.5	29.5	29	18	38.5	28.5	13	60.5	0	47.5	63	34	30	50	62	57	53	52	37.5	48.5	80	13	11.5	18.5	50	65	24	60	10	68.5	64.5	69.5	12.5	28.5	86.5	55.5	56.5	56	40	59.5	20.5	49	46	70.5	67	27.5	60	53.5	91.5	76.5	28.5	55	30	29.5	61	75	46	51	38.5	46	85	83	47	17.5	57.5	39	49.5	56	32.5	33	26	62	27	74	
50	38	28.5	34.5	12	38.5	42.5	41.5	54	38	44.5	33	56.5	43	36.5	47.5	22	35	52	50.5	19.5	43.5	48	34.5	46	56	58	58	19.5	9.5	53	33.5	40	29	55.5	24.5	47.5	39	52	39.5	31	48	43.5	49.5	36.5	55	35	55	15	47	44.5	25.5	32	42	26.5	55.5	31	51	60.5	33	47.5	0	25.5	71.5	27.5	12.5	29.5	19.5	15.5	29.5	40	31	42.5	40.5	49	31	27.5	32.5	51.5	27.5	57.5	31	27	32	45	41	49	38	39	33.5	27.5	32	58	36.5	13.5	33	29.5	65	22.5	36	54	39	66	17.5	47.5	32	23.5	37.5	23.5	38.5	51	13.5	47.5	45.5	24.5	50	20	16.5	42	33.5	35	20.5	23.5	24.5	54.5	36.5	
65.5	36.5	11	25	22.5	49	42	26	55.5	31.5	34	36.5	43	32.5	38	63	37.5	29.5	36.5	66	6	46	46.5	19	35.5	71.5	47.5	51.5	6	16	68.5	44	55.5	39.5	40	35	63	49.5	57.5	24	41.5	63.5	51	34	38	44.5	45.5	44.5	25.5	42.5	50	0	16.5	57.5	42	71	46.5	58.5	64	22.5	63	25.5	0	61	43	13	25	30	26	35	49.5	38.5	27	56	64.5	46.5	37	22	63	27	67	15.5	37.5	42.5	60.5	56.5	45.5	27.5	28.5	23	43	27.5	73.5	38	29	21.5	40	74.5	33	33.5	40.5	45.5	55.5	8	57	47.5	34	48	39	28	48.5	29	32	44	40	65.5	30.5	32	37.5	31	50.5	36	39	1	60	33	
28.5	73.5	50	62	75.5	98	39	63	27.5	43.5	31	48.5	80	34.5	45	34	59.5	66.5	73.5	31	67	83	83.5	56	27.5	30.5	19.5	23.5	67	73	28.5	93	41.5	82.5	77	82	34	92.5	29.5	61	90.5	33.5	38	71	45	26.5	96.5	26.5	76.5	34.5	37	61	53.5	39.5	55	18	50.5	30.5	21	44.5	34	71.5	61	0	54	74	52	77	79	52	41.5	50.5	64	39	32.5	44.5	54	49	30	54	24	52.5	90.5	89.5	36.5	40.5	82.5	39.5	40.5	40	54	49.5	28.5	45	68	58.5	87	21.5	74	45.5	77.5	82.5	7.5	69	34	49.5	73	89	58	35	30.5	68	69	81	57	31.5	81.5	65	39.5	48	46.5	59	52	62	27	70	
32.5	55.5	46	52	29.5	56	15	59	36.5	35.5	23	30.5	74	30.5	29	30	19.5	52.5	69.5	33	37	61	65.5	52	28.5	38.5	40.5	40.5	37	27	35.5	51	22.5	46.5	73	42	30	56.5	34.5	57	48.5	30.5	26	67	29	37.5	52.5	37.5	32.5	29.5	27	43	49.5	24.5	1	38	18.5	33.5	43	40.5	30	27.5	43	54	0	30	42	37	33	32	22.5	28.5	60	23	31.5	13.5	30	45	34	40	40	48.5	44.5	49.5	27.5	23.5	66.5	35.5	36.5	36	20	39.5	40.5	29	26	50.5	47	47.5	40	33.5	71.5	56.5	48.5	35	30	14.5	41	55	26	31	33.5	26	65	63	27	32.5	37.5	19	29.5	36	17.5	13	4	42	37	54	
52.5	35.5	24	32	9.5	36	45	39	56.5	40.5	47	35.5	54	45.5	39	50	24.5	32.5	49.5	53	7	41	45.5	32	48.5	58.5	60.5	60.5	7	3	55.5	31	42.5	26.5	53	22	50	36.5	54.5	37	28.5	50.5	46	47	39	57.5	32.5	57.5	12.5	49.5	47	13	29.5	44.5	29	58	33.5	53.5	63	35.5	50	12.5	13	74	30	0	32	17	13	32	42.5	33.5	40	43	51.5	33.5	30	35	54	30	60	28.5	24.5	29.5	47.5	43.5	46.5	40.5	41.5	36	30	34.5	60.5	39	16	30.5	27	67.5	20	38.5	51.5	36.5	68.5	5	50	34.5	21	35	26	41	53.5	16	45	43	27	52.5	17.5	19	44.5	36	37.5	23	26	12	57	34	
64.5	37.5	14	26	31.5	58	33	27	46.5	22.5	25	27.5	44	23.5	29	62	36.5	30.5	37.5	65	31	47	47.5	20	26.5	70.5	38.5	42.5	31	29	67.5	53	50.5	46.5	41	44	62	56.5	48.5	25	50.5	62.5	42	35	29	35.5	54.5	35.5	34.5	33.5	41	25	17.5	48.5	41	70	39.5	49.5	55	13.5	62	29.5	25	52	42	32	0	39	35	26	40.5	29.5	28	55	63.5	45.5	28	3	54	2	58	16.5	46.5	51.5	59.5	49.5	46.5	18.5	19.5	14	38	18.5	72.5	29	16	22.5	49	65.5	38	24.5	41.5	46.5	46.5	33	48	46.5	37	53	32	19	39.5	16	33	45	31	60.5	39.5	31	28.5	22	45.5	35	38	26	51	34	
59.5	32.5	29	15	11.5	33	52	32	63.5	47.5	50	42.5	49	48.5	46	57	31.5	29.5	42.5	60	24	38	42.5	21	51.5	65.5	63.5	67.5	24	14	62.5	28	49.5	23.5	46	19	57	33.5	61.5	30	25.5	57.5	53	40	46	60.5	29.5	60.5	14.5	56.5	54	30	27.5	51.5	36	65	40.5	60.5	70	38.5	57	19.5	30	77	37	17	39	0	4	39	49.5	40.5	33	50	58.5	40.5	37	38	61	37	67	26.5	21.5	26.5	54.5	50.5	43.5	43.5	44.5	39	37	41.5	67.5	46	23	32.5	24	74.5	3	45.5	46.5	33.5	71.5	22	57	41.5	4	32	33	44	60.5	23	38	40	34	59.5	14.5	26	51.5	43	44.5	30	33	29	64	31	
55.5	28.5	33	19	7.5	29	48	34	59.5	43.5	54	38.5	47	52.5	42	53	27.5	25.5	46.5	56	20	34	38.5	25	55.5	61.5	67.5	63.5	20	10	58.5	24	45.5	19.5	50	15	53	29.5	57.5	34	21.5	53.5	49	44	42	60.5	25.5	60.5	10.5	52.5	50	26	31.5	47.5	32	61	36.5	56.5	66	42.5	53	15.5	26	79	33	13	35	4	0	35	45.5	36.5	33	46	54.5	36.5	33	38	57	33	63	30.5	17.5	22.5	50.5	46.5	39.5	47.5	46.5	43	33	37.5	63.5	42	19	28.5	20	70.5	7	41.5	44.5	29.5	75.5	18	53	37.5	8	28	29	48	56.5	19	38	36	30	55.5	10.5	22	47.5	39	40.5	26	29	25	60	27	
54.5	47.5	24	36	31.5	58	33	37	46.5	22.5	25	27.5	54	23.5	29	52	26.5	40.5	47.5	55	39	57	57.5	30	26.5	60.5	38.5	42.5	39	29	57.5	53	44.5	48.5	51	44	52	58.5	48.5	35	50.5	52.5	42	45	29	35.5	54.5	35.5	34.5	33.5	41	35	27.5	46.5	31	60	35.5	49.5	55	18.5	52	29.5	35	52	32	32	26	39	35	0	40.5	29.5	38	45	53.5	35.5	2	23	54	28	58	26.5	46.5	51.5	49.5	45.5	56.5	18.5	19.5	12	32	23.5	62.5	29	28	32.5	49	65.5	42	24.5	51.5	56.5	46.5	37	48	36.5	43	57	6	19	39.5	28	43	55	5	54.5	39.5	13	28.5	4	39.5	25	28	36	51	44	
40	62	38.5	50.5	42	68.5	27.5	51.5	36	32	19.5	37	68.5	23	33.5	37.5	32	55	62	40.5	49.5	71.5	72	44.5	14	46	28	32	49.5	39.5	43	63.5	30	59	65.5	54.5	37.5	69	38	49.5	61	38	31.5	59.5	33.5	25	65	25	45	7	30.5	49.5	42	32	21.5	45.5	31	39	44.5	33	37.5	40	49.5	41.5	22.5	42.5	40.5	49.5	45.5	40.5	0	39	52.5	30.5	39	21	42.5	37.5	41.5	42.5	47.5	41	57	62	35	31	71	28	29	28.5	32.5	38	48	33.5	38.5	47	59.5	55	52.5	34	66	69	36	47.5	37.5	8	53.5	67.5	38.5	23.5	29	38.5	57.5	69.5	39.5	40	50	31.5	28	36.5	5	25.5	18.5	50.5	40.5	58.5	
51	51	27.5	39.5	33	59.5	31.5	40.5	45	7	23.5	2	57.5	22	27.5	48.5	9	44	51	51.5	40.5	60.5	61	33.5	25	57	37	41	40.5	30.5	54	54.5	41	50	54.5	45.5	48.5	60	47	38.5	52	49	40.5	48.5	27.5	34	56	34	36	32	39.5	38.5	31	43	27.5	56.5	32	48	53.5	22	48.5	31	38.5	50.5	28.5	33.5	29.5	40.5	36.5	29.5	39	0	41.5	41.5	50	32	31.5	26.5	52.5	31.5	56.5	30	48	53	46	42	60	11	10	17.5	28.5	27	59	27.5	29.5	36	50.5	64	43.5	5	55	60	45	38.5	46.5	33	44.5	58.5	29.5	17.5	38	29.5	46.5	58.5	30.5	51	41	22.5	27	25.5	36	21.5	24.5	39.5	49.5	47.5	
82.5	19.5	16	18	34.5	44	45	1	58.5	34.5	37	39.5	26	35.5	41	80	50.5	17.5	19.5	77	33	29	29.5	12	38.5	86.5	50.5	54.5	33	37	79.5	39	62.5	28.5	23	18	80	38.5	60.5	3	36.5	74.5	54	17	41	47.5	42.5	47.5	37.5	45.5	53	27	14.5	60.5	59	82	51.5	61.5	67	25.5	80	42.5	27	64	60	40	28	33	33	38	52.5	41.5	0	73	81.5	63.5	40	25	66	30	70	13.5	34.5	35.5	77.5	61.5	28.5	30.5	31.5	26	50	30.5	84.5	41	44	19.5	33	77.5	30	36.5	23.5	28.5	58.5	35	60	60.5	29	35	44	31	51.5	44	15	27	43	72.5	32.5	49	40.5	34	57.5	53	56	28	63	6	
15.5	68.5	63	65	42.5	69	38	74	24.5	48.5	44	43.5	87	47.5	42	13	32.5	65.5	86.5	16	50	74	78.5	69	40.5	21.5	32.5	28.5	50	40	18.5	64	20.5	59.5	90	55	13	69.5	22.5	74	61.5	13.5	29	84	42	35.5	65.5	35.5	45.5	37.5	30	56	66.5	22.5	22	21	31.5	21.5	26	57.5	13	40.5	56	39	23	43	55	50	46	45	30.5	41.5	73	0	14.5	11.5	43	58	11	53	23	65.5	57.5	62.5	10.5	21.5	79.5	52.5	51.5	53	33	52.5	23.5	42	39	63.5	60	30.5	53	46.5	84.5	69.5	35.5	48	23	22.5	54	68	39	48	31.5	39	78	76	40	15.5	50.5	32	42.5	49	25.5	26	19	55	14	67	
9	77	69.5	73.5	51	77.5	46.5	82.5	33	57	50.5	52	95.5	54	50.5	11.5	41	74	93	14.5	58.5	82.5	87	75.5	47	15	39	37	58.5	48.5	4	72.5	29	68	96.5	63.5	11.5	78	31	80.5	70	17	37.5	90.5	50.5	44	74	44	54	46	38.5	64.5	73	31	30.5	14.5	40	30	24.5	64	11.5	49	64.5	32.5	31.5	51.5	63.5	58.5	54.5	53.5	39	50	81.5	14.5	0	20	51.5	66.5	25.5	61.5	21.5	72	66	71	14	30	88	59	60	59.5	41.5	61	17	50.5	47.5	72	68.5	24	61.5	55	93	78	25	56.5	31.5	31	62.5	76.5	47.5	54.5	40	47.5	86.5	84.5	48.5	19	59	40.5	51	57.5	34	34.5	27.5	63.5	28.5	75.5	
21	59	57.5	55.5	33	59.5	28.5	64.5	25	39	36.5	34	77.5	38	32.5	18.5	23	56	79	21.5	40.5	64.5	69	61.5	35	27	33	29	40.5	30.5	24	54.5	9	50	80.5	45.5	18.5	60	23	66.5	52	19	19.5	76.5	32.5	24	56	24	36	28	20.5	46.5	59	11	12.5	26.5	22	22	31.5	48	18.5	31	46.5	44.5	13.5	33.5	45.5	40.5	36.5	35.5	21	32	63.5	11.5	20	0	33.5	48.5	22.5	43.5	28.5	60	48	53	16	10	70	43	42	47.5	23.5	43	29	32.5	29.5	54	50.5	36	43.5	37	75	60	45	38.5	18.5	13	44.5	58.5	29.5	42.5	20	29.5	68.5	66.5	30.5	21	41	22.5	33	39.5	16	16.5	9.5	45.5	25.5	57.5	
52.5	49.5	26	38	29.5	56	35	39	48.5	24.5	27	29.5	56	25.5	31	50	24.5	42.5	49.5	53	37	59	59.5	32	28.5	58.5	40.5	44.5	37	27	55.5	51	42.5	46.5	53	42	50	56.5	50.5	37	48.5	50.5	44	47	31	37.5	52.5	37.5	32.5	35.5	43	37	29.5	44.5	29	58	33.5	51.5	57	20.5	50	27.5	37	54	30	30	28	37	33	2	42.5	31.5	40	43	51.5	33.5	0	25	54	30	60	28.5	44.5	49.5	47.5	43.5	58.5	20.5	21.5	14	30	25.5	60.5	31	26	34.5	47	67.5	40	26.5	53.5	56.5	48.5	35	50	34.5	41	55	4	21	41.5	26	45	57	3	52.5	37.5	11	30.5	6	37.5	23	26	38	53	46	
67.5	34.5	11	23	34.5	59	30	24	43.5	19.5	22	24.5	41	20.5	26	65	35.5	27.5	34.5	62	28	44	44.5	17	23.5	71.5	35.5	39.5	28	32	64.5	54	47.5	43.5	38	43	65	53.5	45.5	22	51.5	59.5	39	32	26	32.5	57.5	32.5	37.5	30.5	38	22	14.5	45.5	44	67	36.5	46.5	52	10.5	65	32.5	22	49	45	35	3	38	38	23	37.5	26.5	25	58	66.5	48.5	25	0	51	5	55	13.5	49.5	50.5	62.5	46.5	43.5	15.5	16.5	11	35	15.5	69.5	26	19	19.5	48	62.5	35	21.5	38.5	43.5	43.5	30	45	45.5	34	50	29	16	36.5	19	30	42	28	57.5	42.5	34	25.5	19	42.5	38	41	23	48	31	
26.5	75.5	52	64	53.5	80	41	65	29.5	45.5	33	50.5	82	36.5	47	24	43.5	68.5	75.5	27	61	85	85.5	58	29.5	32.5	21.5	25.5	61	51	29.5	75	31.5	70.5	79	66	24	80.5	31.5	63	72.5	24.5	40	73	47	28.5	76.5	28.5	56.5	36.5	39	63	55.5	33.5	33	32	42.5	32.5	33	46.5	24	51.5	63	30	34	54	54	61	57	54	41.5	52.5	66	11	25.5	22.5	54	51	0	56	34	54.5	68.5	73.5	21.5	32.5	84.5	41.5	42.5	42	44	51.5	34.5	47	50	60.5	71	41.5	64	47.5	79.5	80.5	24.5	59	34	33.5	65	79	50	37	32.5	50	71	83	51	26.5	61.5	43	41.5	50	36.5	37	30	64	3	72	
62.5	39.5	16	28	29.5	56	35	29	48.5	24.5	27	29.5	46	25.5	31	60	34.5	32.5	39.5	63	33	49	49.5	22	28.5	68.5	40.5	44.5	33	27	65.5	51	52.5	46.5	43	42	60	56.5	50.5	27	48.5	60.5	44	37	31	37.5	52.5	37.5	32.5	35.5	43	27	19.5	50.5	39	68	41.5	51.5	57	15.5	60	27.5	27	54	40	30	2	37	33	28	42.5	31.5	30	53	61.5	43.5	30	5	56	0	60	18.5	44.5	49.5	57.5	51.5	48.5	20.5	21.5	16	40	20.5	70.5	31	14	24.5	47	67.5	40	26.5	43.5	48.5	48.5	35	50	44.5	39	55	34	21	41.5	14	35	47	33	62.5	37.5	29	30.5	24	47.5	33	36	28	53	36	
22.5	79.5	56	68	59.5	86	45	69	33.5	49.5	37	54.5	86	40.5	51	10	49.5	72.5	79.5	7	67	89	89.5	62	33.5	28.5	25.5	29.5	67	57	25.5	81	37.5	76.5	83	72	10	86.5	35.5	67	78.5	25.5	44	77	51	32.5	82.5	32.5	62.5	40.5	43	67	59.5	39.5	39	28	48.5	36.5	3	50.5	10	57.5	67	24	40	60	58	67	63	58	47.5	56.5	70	23	21.5	28.5	60	55	34	60	0	58.5	74.5	79.5	22.5	38.5	88.5	45.5	46.5	46	50	55.5	30.5	51	56	64.5	77	37.5	70	51.5	83.5	86.5	18.5	65	40	39.5	71	85	56	41	36.5	56	75	87	57	27.5	67.5	49	45.5	54	42.5	43	36	68	33	76	
79	23	4.5	11.5	27	47.5	33.5	12.5	47	23	25.5	28	29.5	24	29.5	68.5	39	16	23	65.5	21.5	32.5	33	5.5	27	75	39	43	21.5	31.5	68	42.5	51	32	26.5	31.5	68.5	42	49	10.5	40	63	42.5	20.5	29.5	36	46	36	24	34	41.5	15.5	1	49	49.5	70.5	40	50	55.5	14	68.5	31	15.5	52.5	48.5	28.5	16.5	26.5	30.5	26.5	41	30	13.5	65.5	72	60	28.5	13.5	54.5	18.5	58.5	0	44	39	66	50	32	19	20	14.5	38.5	19	73	29.5	32.5	6	36.5	66	23.5	25	27	32	47	23.5	48.5	49	22.5	38.5	32.5	19.5	40	32.5	18.5	30.5	31.5	61	31	39.5	29	22.5	46	45.5	52.5	16.5	51.5	19.5	
67	25	46.5	36.5	19	15.5	59.5	35.5	71	55	67.5	50	33.5	64	53.5	64.5	39	32	35	67.5	31.5	20.5	25	42.5	69	73	79	75	31.5	21.5	70	10.5	57	16	36.5	16.5	64.5	16	69	37.5	4	65	60.5	32.5	53.5	72	12	72	22	64	61.5	37.5	45	59	43.5	72.5	48	68	77.5	54	64.5	27	37.5	90.5	44.5	24.5	46.5	21.5	17.5	46.5	57	48	34.5	57.5	66	48	44.5	49.5	68.5	44.5	74.5	44	0	5	62	58	26	59	58	56.5	44.5	49	75	53.5	30.5	40	11.5	82	24.5	53	31	12	89	29.5	64.5	49	25.5	14.5	40.5	61.5	68	30.5	29.5	22.5	41.5	67	17	33.5	59	50.5	52	37.5	40.5	36.5	71.5	28.5	
72	30	41.5	41.5	24	20.5	64.5	34.5	76	60	62.5	55	36.5	61	58.5	69.5	44	37	30	72.5	36.5	25.5	30	37.5	64	78	76	80	36.5	26.5	75	15.5	62	21	33.5	21.5	69.5	21	74	32.5	1	70	65.5	27.5	58.5	73	17	73	27	69	66.5	42.5	40	64	48.5	77.5	53	73	82.5	51	69.5	32	42.5	89.5	49.5	29.5	51.5	26.5	22.5	51.5	62	53	35.5	62.5	71	53	49.5	50.5	73.5	49.5	79.5	39	5	0	67	63	31	56	57	51.5	49.5	54	80	58.5	35.5	45	16.5	87	29.5	58	34	7	84	34.5	69.5	54	30.5	19.5	45.5	56.5	73	35.5	30.5	27.5	46.5	72	22	38.5	64	55.5	57	42.5	45.5	41.5	76.5	33.5	
15	73	63.5	69.5	47	73.5	42.5	76.5	29	53	44.5	48	91.5	48	46.5	12.5	37	70	87	15.5	54.5	78.5	83	69.5	41	21	33	33	54.5	44.5	18	68.5	25	64	90.5	59.5	12.5	74	27	74.5	66	3	33.5	84.5	46.5	40	70	40	50	42	34.5	60.5	67	27	26.5	20.5	36	26	25.5	58	12.5	45	60.5	36.5	27.5	47.5	59.5	54.5	50.5	49.5	35	46	77.5	10.5	14	16	47.5	62.5	21.5	57.5	22.5	66	62	67	0	26	84	53	54	53.5	37.5	57	23	46.5	43.5	68	64.5	30	57.5	51	89	74	31	52.5	27.5	27	58.5	72.5	43.5	48.5	36	43.5	82.5	80.5	44.5	5	55	36.5	47	53.5	30	30.5	23.5	59.5	24.5	71.5	
31	69	47.5	59.5	43	69.5	36.5	60.5	35	41	28.5	44	77.5	32	42.5	28.5	33	64	71	31.5	50.5	74.5	79	53.5	25	37	27	31	50.5	40.5	34	64.5	1	60	74.5	55.5	28.5	70	33	58.5	62	29	29.5	68.5	42.5	14	66	14	46	32	30.5	56.5	51	1	22.5	36.5	32	32	41.5	42	28.5	41	56.5	40.5	23.5	43.5	49.5	50.5	46.5	45.5	31	42	61.5	21.5	30	10	43.5	46.5	32.5	51.5	38.5	50	58	63	26	0	80	37	38	37.5	33.5	47	39	42.5	39.5	56	60.5	46	53.5	43	75	70	35	48.5	28.5	23	54.5	68.5	39.5	32.5	10	39.5	66.5	76.5	40.5	31	51	32.5	37	45.5	26	26.5	19.5	55.5	35.5	67.5	
89	33	34.5	36.5	41	27.5	63.5	27.5	77	53	55.5	58	19.5	54	59.5	86.5	61	36	9	89.5	51.5	27.5	1	30.5	57	95	69	73	51.5	43.5	92	27.5	79	38	16.5	38.5	86.5	10	79	25.5	30	87	72.5	15.5	59.5	66	14	66	44	64	71.5	45.5	33	79	65.5	94.5	70	80	85.5	44	86.5	49	45.5	82.5	66.5	46.5	46.5	43.5	39.5	56.5	71	60	28.5	79.5	88	70	58.5	43.5	84.5	48.5	88.5	32	26	31	84	80	0	49	50	44.5	66.5	49	97	59.5	52.5	38	33.5	96	46.5	55	5	32	77	51.5	78.5	71	47.5	31.5	62.5	49.5	70	52.5	23.5	25.5	61.5	89	39	55.5	59	52.5	74	59.5	62.5	46.5	81.5	34.5	
62	40	16.5	28.5	44	64.5	20.5	29.5	34	4	12.5	9	46.5	11	16.5	55.5	20	33	40	52.5	33.5	49.5	50	22.5	14	62	26	30	33.5	41.5	55	59.5	38	49	43.5	48.5	55.5	59	36	27.5	57	50	29.5	37.5	16.5	23	63	23	43	21	28.5	27.5	20	36	36.5	57.5	27	37	42.5	11	55.5	38	27.5	39.5	35.5	40.5	18.5	43.5	47.5	18.5	28	11	30.5	52.5	59	43	20.5	15.5	41.5	20.5	45.5	19	59	56	53	37	49	0	1	6.5	25.5	16	60	16.5	34.5	25	53.5	53	40.5	6	44	49	34	35.5	35.5	36	39.5	55.5	24.5	6.5	27	34.5	35.5	47.5	23.5	48	48	31.5	16	14.5	33	32.5	35.5	28.5	38.5	36.5	
61	41	17.5	29.5	43	65.5	21.5	30.5	35	3	13.5	8	47.5	12	17.5	56.5	19	34	41	53.5	34.5	50.5	51	23.5	15	63	27	31	34.5	40.5	56	60.5	39	50	44.5	49.5	56.5	60	37	28.5	58	51	30.5	38.5	17.5	24	64	24	44	22	29.5	28.5	21	37	37.5	58.5	28	38	43.5	12	56.5	39	28.5	40.5	36.5	41.5	19.5	44.5	46.5	19.5	29	10	31.5	51.5	60	42	21.5	16.5	42.5	21.5	46.5	20	58	57	54	38	50	1	0	7.5	26.5	17	61	17.5	35.5	26	54.5	54	41.5	5	45	50	35	36.5	36.5	37	40.5	56.5	25.5	7.5	28	35.5	36.5	48.5	24.5	49	49	32.5	17	15.5	34	31.5	34.5	29.5	39.5	37.5	
66.5	35.5	12	24	41.5	60	21	25	34.5	10.5	13	15.5	42	11.5	17	56	26.5	28.5	35.5	53	29	45	45.5	18	14.5	62.5	26.5	30.5	29	39	55.5	55	38.5	44.5	39	44	56	54.5	36.5	23	52.5	50.5	30	33	17	23.5	58.5	23.5	38.5	21.5	29	23	15.5	36.5	37	58	27.5	37.5	43	6.5	56	33.5	23	40	36	36	14	39	43	12	28.5	17.5	26	53	59.5	47.5	14	11	42	16	46	14.5	56.5	51.5	53.5	37.5	44.5	6.5	7.5	0	26	11.5	60.5	17	30	20.5	49	53.5	36	12.5	39.5	44.5	34.5	31	36	36.5	35	51	18	7	27.5	30	31	43	17	48.5	43.5	25	16.5	8	33.5	33	40	24	39	32	
42.5	55.5	36	48	29.5	56	35	49	46.5	29.5	27	30.5	66	25.5	9	40	19.5	52.5	59.5	43	37	61	65.5	42	28.5	48.5	40.5	44.5	37	27	45.5	51	32.5	46.5	63	42	40	56.5	44.5	47	48.5	40.5	36	57	9	37.5	52.5	37.5	32.5	35.5	37	43	39.5	34.5	19	48	23.5	43.5	53	30.5	40	27.5	43	54	20	30	38	37	33	32	32.5	28.5	50	33	41.5	23.5	30	35	44	40	50	38.5	44.5	49.5	37.5	33.5	66.5	25.5	26.5	26	0	35.5	50.5	9	26	44.5	47	57.5	40	31.5	63.5	56.5	48.5	35	40	24.5	41	55	26	19	41.5	26	55	63	27	42.5	37.5	19	30.5	34	27.5	7	16	42	47	54	
62	40	16.5	28.5	34	60.5	30.5	29.5	44	20	22.5	25	46.5	21	26.5	59.5	34	33	40	62.5	33.5	49.5	50	22.5	24	68	36	40	33.5	31.5	65	55.5	48	49	43.5	46.5	59.5	59	46	27.5	53	60	39.5	37.5	26.5	33	57	33	37	31	38.5	27.5	20	46	38.5	67.5	37	47	52.5	5	59.5	32	27.5	49.5	39.5	34.5	18.5	41.5	37.5	23.5	38	27	30.5	52.5	61	43	25.5	15.5	51.5	20.5	55.5	19	49	54	57	47	49	16	17	11.5	35.5	0	70	26.5	30.5	25	51.5	63	40.5	22	44	49	44	35.5	45.5	44	39.5	55.5	29.5	16.5	37	30.5	35.5	47.5	28.5	58	42	28.5	26	19.5	43	32.5	35.5	28.5	48.5	36.5	
8	86	70.5	82.5	60	86.5	55.5	83.5	42	64	51.5	61	100.5	55	59.5	20.5	50	83	94	23.5	67.5	91.5	96	76.5	48	2	40	44	67.5	57.5	21	81.5	38	77	97.5	72.5	20.5	87	40	81.5	79	26	46.5	91.5	59.5	47	83	47	63	55	47.5	73.5	74	40	39.5	18.5	49	39	33.5	65	20.5	58	73.5	28.5	40.5	60.5	72.5	67.5	63.5	62.5	48	59	84.5	23.5	17	29	60.5	69.5	34.5	70.5	30.5	73	75	80	23	39	97	60	61	60.5	50.5	70	0	59.5	56.5	79	77.5	7	70.5	64	98	87	28	65.5	40.5	40	71.5	85.5	56.5	55.5	49	56.5	89.5	93.5	57.5	28	68	49.5	60	66.5	43	43.5	36.5	72.5	37.5	84.5	
51.5	50.5	27	39	38.5	65	26	40	39.5	20.5	18	25.5	57	16.5	0	49	28.5	43.5	50.5	52	44	60	60.5	33	19.5	57.5	31.5	35.5	44	36	54.5	60	41.5	55.5	54	51	49	65.5	41.5	38	57.5	49.5	35	48	0	28.5	61.5	28.5	41.5	26.5	34	38	30.5	41.5	28	57	32.5	42.5	48	21.5	49	36.5	38	45	29	39	29	46	42	29	33.5	27.5	41	42	50.5	32.5	31	26	47	31	51	29.5	53.5	58.5	46.5	42.5	59.5	16.5	17.5	17	9	26.5	59.5	0	35	35.5	56	58.5	49	22.5	54.5	59.5	39.5	44	41	33.5	50	64	35	10	32.5	35	46	58	34	51.5	46.5	28	21.5	25	36.5	16	25	39	44	47	
48.5	41.5	30	38	15.5	42	41	43	52.5	36.5	41	31.5	60	39.5	35	46	20.5	38.5	53.5	49	23	47	51.5	36	42.5	54.5	54.5	56.5	23	13	51.5	37	38.5	32.5	57	28	46	42.5	50.5	41	34.5	46.5	42	51	35	51.5	38.5	51.5	18.5	45.5	43	29	33.5	40.5	25	54	29.5	49.5	59	29.5	46	13.5	29	68	26	16	16	23	19	28	38.5	29.5	44	39	47.5	29.5	26	19	50	14	56	32.5	30.5	35.5	43.5	39.5	52.5	34.5	35.5	30	26	30.5	56.5	35	0	36.5	33	63.5	26	34.5	57.5	42.5	62.5	21	46	30.5	27	41	22	35	49.5	0	49	49	23	48.5	23.5	15	40.5	32	33.5	19	22	28	53	40	
73	29	10.5	17.5	21	51.5	39.5	18.5	53	29	31.5	34	35.5	30	35.5	70.5	45	22	29	71.5	27.5	38.5	39	11.5	33	79	45	49	27.5	27.5	74	46.5	57	38	32.5	37.5	70.5	48	55	16.5	44	69	48.5	26.5	35.5	42	48	42	18	40	47.5	21.5	5	55	49.5	76.5	46	56	61.5	20	70.5	33	21.5	58.5	50.5	30.5	22.5	32.5	28.5	32.5	47	36	19.5	63.5	72	54	34.5	19.5	60.5	24.5	64.5	6	40	45	68	56	38	25	26	20.5	44.5	25	79	35.5	36.5	0	42.5	72	29.5	31	33	38	53	29.5	54.5	55	28.5	44.5	38.5	25.5	46	36.5	24.5	36.5	37.5	67	33	39.5	35	28.5	52	43.5	46.5	22.5	57.5	25.5	
69.5	27.5	39	39	21.5	23	62	32	73.5	57.5	60	52.5	39	58.5	56	67	41.5	34.5	32.5	70	34	28	32.5	35	61.5	75.5	73.5	77.5	34	24	72.5	18	59.5	18.5	36	19	67	23.5	71.5	30	15.5	67.5	63	30	56	70.5	19.5	70.5	24.5	66.5	64	40	37.5	61.5	46	75	50.5	70.5	80	48.5	67	29.5	40	87	47	27	49	24	20	49	59.5	50.5	33	60	68.5	50.5	47	48	71	47	77	36.5	11.5	16.5	64.5	60.5	33.5	53.5	54.5	49	47	51.5	77.5	56	33	42.5	0	84.5	27	55.5	36.5	23.5	81.5	32	67	51.5	28	22	43	54	70.5	33	18	30	44	69.5	19.5	36	61.5	53	54.5	40	43	39	74	31	
15	87	63.5	75.5	67	93.5	52.5	76.5	41	57	44.5	62	93.5	48	58.5	27.5	57	80	87	30.5	74.5	96.5	97	69.5	41	9	33	37	74.5	64.5	28	88.5	45	84	90.5	79.5	27.5	94	43	74.5	86	33	51.5	84.5	58.5	40	90	40	70	48	50.5	74.5	67	47	46.5	25.5	56	44	34.5	58	27.5	65	74.5	21.5	47.5	67.5	65.5	74.5	70.5	65.5	55	64	77.5	30.5	24	36	67.5	62.5	41.5	67.5	37.5	66	82	87	30	46	96	53	54	53.5	57.5	63	7	58.5	63.5	72	84.5	0	77.5	59	91	94	21	72.5	47.5	47	78.5	92.5	63.5	48.5	44	63.5	82.5	94.5	64.5	35	75	56.5	53	61.5	50	50.5	43.5	75.5	40.5	83.5	
62.5	35.5	26	12	14.5	36	55	29	66.5	44.5	47	45.5	46	45.5	49	60	34.5	32.5	39.5	63	27	41	45.5	18	48.5	68.5	60.5	64.5	27	17	65.5	31	52.5	26.5	43	22	60	36.5	64.5	27	28.5	60.5	56	37	49	57.5	32.5	57.5	17.5	55.5	57	33	24.5	54.5	39	68	43.5	63.5	73	35.5	60	22.5	33	74	40	20	38	3	7	42	52.5	43.5	30	53	61.5	43.5	40	35	64	40	70	23.5	24.5	29.5	57.5	53.5	46.5	40.5	41.5	36	40	40.5	70.5	49	26	29.5	27	77.5	0	46.5	43.5	36.5	68.5	25	60	44.5	1	35	36	41	61.5	26	35	43	37	62.5	17.5	29	50.5	44	47.5	33	36	32	67	34	
56	46	22.5	34.5	38	64.5	26.5	35.5	40	2	18.5	3	52.5	17	22.5	53.5	14	39	46	56.5	39.5	55.5	56	28.5	20	62	32	36	39.5	35.5	59	59.5	44	55	49.5	50.5	53.5	65	42	33.5	57	54	35.5	43.5	22.5	29	61	29	41	27	34.5	33.5	26	42	32.5	61.5	33	43	48.5	17	53.5	36	33.5	45.5	33.5	38.5	24.5	45.5	41.5	24.5	34	5	36.5	46.5	55	37	26.5	21.5	47.5	26.5	51.5	25	53	58	51	43	55	6	5	12.5	31.5	22	64	22.5	34.5	31	55.5	59	46.5	0	50	55	40	41.5	41.5	38	45.5	61.5	30.5	12.5	33	34.5	41.5	53.5	29.5	54	46	27.5	22	20.5	39	26.5	29.5	34.5	44.5	42.5	
94	28	29.5	31.5	46	32.5	58.5	22.5	72	48	50.5	53	14.5	49	54.5	91.5	64	31	4	90.5	46.5	22.5	6	25.5	52	100	64	68	46.5	48.5	93	32.5	76	37	11.5	41.5	91.5	15	74	20.5	35	88	67.5	10.5	54.5	61	19	61	49	59	66.5	40.5	28	74	70.5	95.5	65	75	80.5	39	91.5	54	40.5	77.5	71.5	51.5	41.5	46.5	44.5	51.5	66	55	23.5	84.5	93	75	53.5	38.5	79.5	43.5	83.5	27	31	34	89	75	5	44	45	39.5	63.5	44	98	54.5	57.5	33	36.5	91	43.5	50	0	27	72	48.5	73.5	74	42.5	28.5	57.5	44.5	65	57.5	18.5	20.5	56.5	86	44	60.5	54	47.5	71	64.5	67.5	41.5	76.5	29.5	
79	33	34.5	36.5	31	27.5	63.5	27.5	77	53	55.5	58	29.5	54	59.5	76.5	51	36	23	79.5	43.5	32.5	33	30.5	57	85	69	73	43.5	33.5	82	22.5	69	28	26.5	28.5	76.5	28	79	25.5	8	77	72.5	20.5	59.5	66	24	66	34	64	71.5	45.5	33	71	55.5	84.5	60	80	85.5	44	76.5	39	45.5	82.5	56.5	36.5	46.5	33.5	29.5	56.5	69	60	28.5	69.5	78	60	56.5	43.5	80.5	48.5	86.5	32	12	7	74	70	32	49	50	44.5	56.5	49	87	59.5	42.5	38	23.5	94	36.5	55	27	0	77	41.5	76.5	61	37.5	26.5	52.5	49.5	70	42.5	23.5	30.5	53.5	79	29	45.5	59	52.5	64	49.5	52.5	46.5	81.5	34.5	
34	68	44.5	56.5	74	92.5	33.5	57.5	22	38	25.5	43	74.5	29	39.5	28.5	54	61	68	25.5	61.5	77.5	78	50.5	22	30	14	18	61.5	71.5	21	87.5	36	77	71.5	76.5	28.5	87	24	55.5	85	28	32.5	65.5	39.5	21	91	21	71	29	31.5	55.5	48	34	49.5	25.5	45	25	15.5	39	28.5	66	55.5	7.5	48.5	68.5	46.5	71.5	75.5	46.5	36	45	58.5	35.5	25	45	48.5	43.5	24.5	48.5	18.5	47	89	84	31	35	77	34	35	34.5	48.5	44	28	39.5	62.5	53	81.5	21	68.5	40	72	77	0	63.5	28.5	44	67.5	83.5	52.5	29.5	25	62.5	63.5	75.5	51.5	26	76	59.5	34	42.5	41	55.5	52.5	56.5	21.5	64.5	
57.5	40.5	19	33	14.5	41	50	34	61.5	39.5	42	40.5	51	40.5	44	55	29.5	37.5	44.5	58	2	46	50.5	27	43.5	63.5	55.5	59.5	2	8	60.5	36	47.5	31.5	48	27	55	41.5	59.5	32	33.5	55.5	51	42	44	52.5	37.5	52.5	17.5	50.5	52	8	24.5	49.5	34	63	38.5	58.5	68	30.5	55	17.5	8	69	35	5	33	22	18	37	47.5	38.5	35	48	56.5	38.5	35	30	59	35	65	23.5	29.5	34.5	52.5	48.5	51.5	35.5	36.5	31	35	35.5	65.5	44	21	29.5	32	72.5	25	41.5	48.5	41.5	63.5	0	55	39.5	26	40	31	36	56.5	21	40	48	32	57.5	22.5	24	45.5	39	42.5	28	31	7	62	39	
32.5	69.5	46	58	49.5	76	35	59	28.5	39.5	27	44.5	76	30.5	41	30	39.5	62.5	69.5	33	57	79	79.5	52	23.5	38.5	20.5	24.5	57	47	35.5	71	27.5	66.5	73	62	30	76.5	30.5	57	68.5	30.5	34	67	41	22.5	72.5	22.5	52.5	30.5	33	57	49.5	29.5	29	38	38.5	31.5	37	40.5	30	47.5	57	34	30	50	48	57	53	48	37.5	46.5	60	23	31.5	18.5	50	45	34	50	40	48.5	64.5	69.5	27.5	28.5	78.5	35.5	36.5	36	40	45.5	40.5	41	46	54.5	67	47.5	60	41.5	73.5	76.5	28.5	55	0	29.5	61	75	46	31	26.5	46	65	77	47	32.5	57.5	39	35.5	44	32.5	33	26	58	33	66	
32	60	46.5	56.5	34	60.5	29.5	59.5	36	40	27.5	35	76.5	31	33.5	29.5	24	57	70	32.5	41.5	65.5	70	52.5	22	38	36	40	41.5	31.5	35	55.5	22	51	73.5	46.5	29.5	61	34	57.5	53	30	25.5	67.5	33.5	33	57	33	37	15	26.5	47.5	50	24	13.5	37.5	23	33	42.5	41	29.5	32	47.5	49.5	14.5	34.5	46.5	41.5	37.5	36.5	8	33	60.5	22.5	31	13	34.5	45.5	33.5	44.5	39.5	49	49	54	27	23	71	36	37	36.5	24.5	44	40	33.5	30.5	55	51.5	47	44.5	38	74	61	44	39.5	29.5	0	45.5	59.5	30.5	31.5	33	30.5	65.5	67.5	31.5	32	42	23.5	34	40.5	3	17.5	10.5	46.5	36.5	58.5	
63.5	36.5	25	11	15.5	37	54	28	67.5	43.5	46	46.5	45	44.5	50	61	35.5	31.5	38.5	64	28	42	46.5	17	47.5	69.5	59.5	63.5	28	18	66.5	32	53.5	27.5	42	23	61	37.5	65.5	26	29.5	61.5	57	36	50	56.5	33.5	56.5	18.5	54.5	58	34	23.5	55.5	40	69	44.5	64.5	74	34.5	61	23.5	34	73	41	21	37	4	8	43	53.5	44.5	29	54	62.5	44.5	41	34	65	39	71	22.5	25.5	30.5	58.5	54.5	47.5	39.5	40.5	35	41	39.5	71.5	50	27	28.5	28	78.5	1	45.5	42.5	37.5	67.5	26	61	45.5	0	36	37	40	60.5	27	34	44	38	63.5	18.5	30	49.5	43	48.5	34	37	33	68	35	
77.5	35.5	41	43	29.5	21	70	34	81.5	59.5	62	60.5	31	60.5	64	75	49.5	42.5	24.5	78	42	6	30.5	37	63.5	83.5	75.5	79.5	42	32	80.5	4	67.5	26.5	28	27	75	21.5	79.5	32	18.5	75.5	71	18	64	72.5	17.5	72.5	32.5	70.5	72	48	39.5	69.5	54	83	58.5	78.5	88	50.5	75	37.5	48	89	55	35	53	32	28	57	67.5	58.5	35	68	76.5	58.5	55	50	79	55	85	38.5	14.5	19.5	72.5	68.5	31.5	55.5	56.5	51	55	55.5	85.5	64	41	44.5	22	92.5	35	61.5	28.5	26.5	83.5	40	75	59.5	36	0	51	56	76.5	41	30	8	52	77.5	27.5	44	65.5	59	62.5	48	51	47	82	39	
48.5	51.5	30	42	25.5	52	39	43	52.5	28.5	31	31.5	60	29.5	35	46	20.5	46.5	53.5	49	33	57	61.5	36	32.5	54.5	44.5	48.5	33	23	51.5	47	38.5	42.5	57	38	46	52.5	50.5	41	44.5	46.5	42	51	35	41.5	48.5	41.5	28.5	39.5	43	39	33.5	40.5	25	54	29.5	49.5	59	24.5	46	23.5	39	58	26	26	32	33	29	6	38.5	29.5	44	39	47.5	29.5	4	29	50	34	56	32.5	40.5	45.5	43.5	39.5	62.5	24.5	25.5	18	26	29.5	56.5	35	22	38.5	43	63.5	36	30.5	57.5	52.5	52.5	31	46	30.5	37	51	0	25	45.5	22	49	59	1	48.5	33.5	7	34.5	10	33.5	19	22	38	53	50	
61.5	40.5	17	29	46.5	65	16	30	29.5	10.5	8	15.5	47	6.5	10	51	26.5	33.5	40.5	48	34	50	50.5	23	9.5	57.5	21.5	25.5	34	44	50.5	60	33.5	49.5	44	49	51	59.5	31.5	28	57.5	45.5	25	38	10	18.5	63.5	18.5	43.5	16.5	24	28	20.5	31.5	32	53	22.5	32.5	38	11.5	51	38.5	28	35	31	41	19	44	48	19	23.5	17.5	31	48	54.5	42.5	21	16	37	21	41	19.5	61.5	56.5	48.5	32.5	49.5	6.5	7.5	7	19	16.5	55.5	10	35	25.5	54	48.5	41	12.5	44.5	49.5	29.5	36	31	31.5	40	56	25	0	22.5	35	36	48	24	43.5	48.5	32	11.5	15	28.5	26	35	29	34	37	
41	61	37.5	49.5	53	79.5	26.5	50.5	25	31	18.5	36	67.5	22	32.5	38.5	43	54	61	41.5	54.5	70.5	71	43.5	15	47	17	21	54.5	50.5	44	74.5	11	70	64.5	65.5	38.5	80	27	48.5	72	39	25.5	58.5	32.5	4	76	4	56	22	24.5	48.5	41	9	32.5	46.5	38	28	33.5	32	38.5	51	48.5	30.5	33.5	53.5	39.5	60.5	56.5	39.5	29	38	51.5	31.5	40	20	41.5	36.5	32.5	41.5	36.5	40	68	73	36	10	70	27	28	27.5	41.5	37	49	32.5	49.5	46	70.5	44	61.5	33	65	70	25	56.5	26.5	33	60.5	76.5	45.5	22.5	0	49.5	56.5	68.5	44.5	39	61	42.5	27	35.5	34	36.5	29.5	49.5	29.5	57.5	
48.5	41.5	30	38	15.5	42	41	43	52.5	36.5	41	31.5	60	39.5	35	46	20.5	38.5	53.5	49	23	47	51.5	36	42.5	54.5	54.5	56.5	23	13	51.5	37	38.5	32.5	57	28	46	42.5	50.5	41	34.5	46.5	42	51	35	51.5	38.5	51.5	18.5	45.5	43	29	33.5	40.5	25	54	29.5	49.5	59	29.5	46	13.5	29	68	26	16	16	23	19	28	38.5	29.5	44	39	47.5	29.5	26	19	50	14	56	32.5	30.5	35.5	43.5	39.5	52.5	34.5	35.5	30	26	30.5	56.5	35	0	36.5	33	63.5	26	34.5	57.5	42.5	62.5	21	46	30.5	27	41	22	35	49.5	0	49	49	23	48.5	23.5	15	40.5	32	33.5	19	22	28	53	40	
87.5	19.5	21	23	39.5	39	50	14	63.5	39.5	42	44.5	21	40.5	46	85	55.5	22.5	14.5	82	38	24	24.5	17	43.5	91.5	55.5	59.5	38	42	84.5	34	67.5	28.5	18	33	85	33.5	65.5	12	31.5	79.5	59	12	46	52.5	37.5	52.5	42.5	50.5	58	32	19.5	65.5	64	87	56.5	66.5	72	30.5	85	47.5	32	69	65	45	33	38	38	43	57.5	46.5	15	78	86.5	68.5	45	30	71	35	75	18.5	29.5	30.5	82.5	66.5	23.5	35.5	36.5	31	55	35.5	89.5	46	49	24.5	18	82.5	35	41.5	18.5	23.5	63.5	40	65	65.5	34	30	49	36	56.5	49	0	22	48	77.5	37.5	54	45.5	39	62.5	58	61	33	68	21	
85.5	31.5	33	35	37.5	29	62	26	75.5	51.5	54	56.5	23	52.5	58	83	57.5	34.5	16.5	86	50	2	26.5	29	55.5	91.5	67.5	71.5	50	40	88.5	12	75.5	34.5	20	35	83	29.5	77.5	24	26.5	83.5	71	10	58	64.5	25.5	64.5	40.5	62.5	70	44	31.5	77.5	62	91	66.5	78.5	84	42.5	83	45.5	44	81	63	43	45	40	36	55	69.5	58.5	27	76	84.5	66.5	57	42	83	47	87	30.5	22.5	27.5	80.5	76.5	25.5	47.5	48.5	43	63	47.5	93.5	58	49	36.5	30	94.5	43	53.5	20.5	30.5	75.5	48	77	67.5	44	8	59	48	68.5	49	22	0	60	85.5	35.5	52	57.5	51	70.5	56	59	45	80	33	
49.5	52.5	29	41	26.5	53	38	42	51.5	27.5	30	32.5	59	28.5	34	47	21.5	45.5	52.5	50	34	58	62.5	35	31.5	55.5	43.5	47.5	34	24	52.5	48	39.5	43.5	56	39	47	53.5	51.5	40	45.5	47.5	43	50	34	40.5	49.5	40.5	29.5	38.5	44	40	32.5	41.5	26	55	30.5	50.5	60	23.5	47	24.5	40	57	27	27	31	34	30	5	39.5	30.5	43	40	48.5	30.5	3	28	51	33	57	31.5	41.5	46.5	44.5	40.5	61.5	23.5	24.5	17	27	28.5	57.5	34	23	37.5	44	64.5	37	29.5	56.5	53.5	51.5	32	47	31.5	38	52	1	24	44.5	23	48	60	0	49.5	34.5	8	33.5	9	34.5	20	23	39	54	49	
20	78	58.5	70.5	52	78.5	47.5	71.5	34	52	39.5	53	88.5	43	51.5	17.5	42	75	82	20.5	59.5	83.5	88	64.5	36	26	28	32	59.5	49.5	23	73.5	30	69	85.5	64.5	17.5	79	32	69.5	71	2	38.5	79.5	51.5	35	75	35	55	43	39.5	65.5	62	32	31.5	25.5	41	31	30.5	53	17.5	50	65.5	31.5	32.5	52.5	60.5	59.5	55.5	54.5	40	51	72.5	15.5	19	21	52.5	57.5	26.5	62.5	27.5	61	67	72	5	31	89	48	49	48.5	42.5	58	28	51.5	48.5	67	69.5	35	62.5	54	86	79	26	57.5	32.5	32	63.5	77.5	48.5	43.5	39	48.5	77.5	85.5	49.5	0	60	41.5	48	56.5	35	35.5	28.5	64.5	29.5	76.5	
60	28	33.5	29.5	12	28.5	52.5	31.5	64	48	54.5	43	46.5	53	46.5	57.5	32	15	42	60.5	24.5	33.5	38	29.5	56	66	68	68	24.5	14.5	63	23.5	50	19	45.5	14.5	57.5	29	62	29.5	21	58	53.5	39.5	46.5	65	25	65	15	57	54.5	30.5	32	52	36.5	65.5	41	61	70.5	43	57.5	20	30.5	81.5	37.5	17.5	39.5	14.5	10.5	39.5	50	41	32.5	50.5	59	41	37.5	42.5	61.5	37.5	67.5	31	17	22	55	51	39	48	49	43.5	37.5	42	68	46.5	23.5	33	19.5	75	17.5	46	44	29	76	22.5	57.5	42	18.5	27.5	33.5	48.5	61	23.5	37.5	35.5	34.5	60	0	26.5	52	43.5	45	30.5	33.5	29.5	64.5	26.5	
41.5	44.5	37	41	18.5	45	34	50	45.5	29.5	38	24.5	63	36.5	28	39	13.5	41.5	60.5	42	26	50	54.5	43	39.5	47.5	51.5	49.5	26	16	44.5	40	31.5	35.5	64	31	39	45.5	43.5	48	37.5	39.5	35	58	28	46.5	41.5	46.5	21.5	38.5	36	32	40.5	33.5	18	47	22.5	42.5	52	31.5	39	16.5	32	65	19	19	31	26	22	13	31.5	22.5	49	32	40.5	22.5	11	34	43	29	49	39.5	33.5	38.5	36.5	32.5	55.5	31.5	32.5	25	19	28.5	49.5	28	15	39.5	36	56.5	29	27.5	60.5	45.5	59.5	24	39	23.5	30	44	7	32	42.5	15	54	52	8	41.5	26.5	0	33.5	17	26.5	12	15	31	46	43	
52	50	26.5	38.5	44	70.5	20.5	39.5	34	20	12.5	25	56.5	5	21.5	49.5	34	43	50	52.5	43.5	59.5	60	32.5	14	58	26	30	43.5	41.5	55	65.5	38	59	53.5	56.5	49.5	69	36	37.5	63	50	29.5	47.5	21.5	23	67	23	47	21	28.5	37.5	30	36	28.5	57.5	11	37	42.5	21	49.5	42	37.5	39.5	29.5	44.5	28.5	51.5	47.5	28.5	28	27	40.5	42.5	51	33	30.5	25.5	41.5	30.5	45.5	29	59	64	47	37	59	16	17	16.5	30.5	26	60	21.5	40.5	35	61.5	53	50.5	22	54	59	34	45.5	35.5	34	49.5	65.5	34.5	11.5	27	40.5	45.5	57.5	33.5	48	52	33.5	0	24.5	33	27.5	25.5	38.5	38.5	46.5	
58.5	43.5	20	32	35.5	62	29	33	42.5	18.5	21	23.5	50	19.5	25	56	30.5	36.5	43.5	59	37	53	53.5	26	22.5	64.5	34.5	38.5	37	33	61.5	57	46.5	52.5	47	48	56	62.5	44.5	31	54.5	56.5	38	41	25	31.5	58.5	31.5	38.5	29.5	37	31	23.5	44.5	35	64	35.5	45.5	51	14.5	56	33.5	31	48	36	36	22	43	39	4	36.5	25.5	34	49	57.5	39.5	6	19	50	24	54	22.5	50.5	55.5	53.5	45.5	52.5	14.5	15.5	8	34	19.5	66.5	25	32	28.5	53	61.5	44	20.5	47.5	52.5	42.5	39	44	40.5	43	59	10	15	35.5	32	39	51	9	56.5	43.5	17	24.5	0	41.5	29	32	32	47	40	
35	63	43.5	55.5	37	63.5	32.5	56.5	39	37	24.5	38	73.5	28	36.5	32.5	27	60	67	35.5	44.5	68.5	73	49.5	19	41	33	37	44.5	34.5	38	58.5	25	54	70.5	49.5	32.5	64	37	54.5	56	33	28.5	64.5	36.5	30	60	30	40	12	29.5	50.5	47	27	16.5	40.5	26	36	45.5	38	32.5	35	50.5	46.5	17.5	37.5	45.5	44.5	40.5	39.5	5	36	57.5	25.5	34	16	37.5	42.5	36.5	47.5	42.5	46	52	57	30	26	74	33	34	33.5	27.5	43	43	36.5	33.5	52	54.5	50	47.5	39	71	64	41	42.5	32.5	3	48.5	62.5	33.5	28.5	34	33.5	62.5	70.5	34.5	35	45	26.5	33	41.5	0	20.5	13.5	49.5	39.5	61.5	
35.5	48.5	43	45	22.5	49	28	54	39.5	28.5	34	23.5	67	32.5	16	33	12.5	45.5	66.5	36	30	54	58.5	49	35.5	41.5	47.5	43.5	30	20	38.5	44	25.5	39.5	70	35	33	49.5	37.5	54	41.5	33.5	29	64	16	40.5	45.5	40.5	25.5	32.5	30	36	46.5	27.5	12	41	16.5	36.5	46	37.5	33	20.5	36	59	13	23	35	30	26	25	25.5	21.5	53	26	34.5	16.5	23	38	37	33	43	45.5	37.5	42.5	30.5	26.5	59.5	32.5	31.5	33	7	32.5	43.5	16	19	43.5	40	50.5	33	26.5	64.5	49.5	55.5	28	33	17.5	34	48	19	26	36.5	19	58	56	20	35.5	30.5	12	27.5	29	20.5	0	9	35	40	47	
28.5	51.5	50	48	25.5	52	19	57	32.5	31.5	27	26.5	70	30.5	25	26	15.5	48.5	71.5	29	33	57	61.5	54	32.5	34.5	40.5	36.5	33	23	31.5	47	18.5	42.5	73	38	26	52.5	30.5	59	44.5	26.5	22	69	25	33.5	48.5	33.5	28.5	25.5	23	39	51.5	20.5	3	34	14.5	29.5	39	40.5	26	23.5	39	52	4	26	38	33	29	28	18.5	24.5	56	19	27.5	9.5	26	41	30	36	36	52.5	40.5	45.5	23.5	19.5	62.5	35.5	34.5	40	16	35.5	36.5	25	22	46.5	43	43.5	36	29.5	67.5	52.5	52.5	31	26	10.5	37	51	22	35	29.5	22	61	59	23	28.5	33.5	15	25.5	32	13.5	9	0	38	33	50	
64.5	37.5	12	26	21.5	48	43	27	56.5	32.5	35	37.5	44	33.5	39	62	36.5	30.5	37.5	65	5	47	47.5	20	36.5	70.5	48.5	52.5	5	15	67.5	43	54.5	38.5	41	34	62	48.5	58.5	25	40.5	62.5	52	35	39	45.5	44.5	45.5	24.5	43.5	51	1	17.5	56.5	41	70	45.5	59.5	65	23.5	62	24.5	1	62	42	12	26	29	25	36	50.5	39.5	28	55	63.5	45.5	38	23	64	28	68	16.5	36.5	41.5	59.5	55.5	46.5	28.5	29.5	24	42	28.5	72.5	39	28	22.5	39	75.5	32	34.5	41.5	46.5	56.5	7	58	46.5	33	47	38	29	49.5	28	33	45	39	64.5	29.5	31	38.5	32	49.5	35	38	0	61	34	
29.5	72.5	49	61	56.5	83	38	62	26.5	42.5	30	47.5	79	33.5	44	27	46.5	65.5	72.5	30	64	82	82.5	55	26.5	35.5	18.5	22.5	64	54	32.5	78	34.5	73.5	76	69	27	83.5	28.5	60	75.5	27.5	37	70	44	25.5	79.5	25.5	59.5	33.5	36	60	52.5	36.5	36	35	45.5	29.5	30	43.5	27	54.5	60	27	37	57	51	64	60	51	40.5	49.5	63	14	28.5	25.5	53	48	3	53	33	51.5	71.5	76.5	24.5	35.5	81.5	38.5	39.5	39	47	48.5	37.5	44	53	57.5	74	40.5	67	44.5	76.5	81.5	21.5	62	33	36.5	68	82	53	34	29.5	53	68	80	54	29.5	64.5	46	38.5	47	39.5	40	33	61	0	69	
76.5	25.5	22	24	28.5	40	51	7	64.5	40.5	43	45.5	32	41.5	47	74	48.5	23.5	25.5	77	39	35	35.5	18	44.5	82.5	56.5	60.5	39	31	79.5	35	66.5	30.5	29	12	74	40.5	66.5	9	32.5	74.5	60	23	47	53.5	36.5	53.5	31.5	51.5	59	33	20.5	66.5	53	82	57.5	67.5	73	31.5	74	36.5	33	70	54	34	34	31	27	44	58.5	47.5	6	67	75.5	57.5	46	31	72	36	76	19.5	28.5	33.5	71.5	67.5	34.5	36.5	37.5	32	54	36.5	84.5	47	40	25.5	31	83.5	34	42.5	29.5	34.5	64.5	39	66	58.5	35	39	50	37	57.5	40	21	33	49	76.5	26.5	43	46.5	40	61.5	47	50	34	69	0	
