Number of items: 125
Horizon: 6
Time limit: 1000
Load limit: 7500
Initial item inventory level
39
30
14
19
74
102
52
44
196
56
38
51
174
246
222
15
96
57
60
80
184
210
132
57
146
297
34
100
180
90
195
172
87
42
267
60
12
249
138
138
78
37
13
10
171
294
165
75
184
94
162
62
81
68
70
30
11
20
35
90
66
153
74
204
234
196
28
174
182
94
22
26
47
99
21
246
116
88
264
72
86
243
234
183
28
207
178
62
108
17
92
148
21
99
45
48
118
195
118
54
39
40
126
78
128
156
66
97
41
16
58
99
31
170
152
297
91
162
249
171
15
216
43
61
273
Maximum inventory capacity per item
52
40
28
38
111
136
78
88
294
112
76
68
232
328
296
30
128
114
90
120
276
280
198
76
219
396
51
150
270
120
260
258
174
56
356
80
24
332
207
207
117
74
26
20
228
392
220
150
276
141
216
124
108
136
105
40
22
30
70
135
88
204
148
272
312
294
42
232
273
141
44
52
94
198
42
328
174
132
352
144
172
324
312
244
42
276
267
124
144
34
184
222
42
132
60
72
177
260
177
72
52
60
189
156
192
208
88
194
82
32
87
132
62
255
228
396
182
243
332
228
30
288
86
122
364
Reserve storage replenishment rate per item and per period
78	0	0	78	0	0	
60	0	0	60	0	0	
84	0	0	84	0	0	
114	0	0	114	0	0	
222	0	0	222	0	0	
204	0	0	204	0	0	
156	0	0	156	0	0	
264	0	0	264	0	0	
588	0	0	588	0	0	
336	0	0	336	0	0	
228	0	0	228	0	0	
102	0	0	102	0	0	
348	0	0	348	0	0	
492	0	0	492	0	0	
444	0	0	444	0	0	
90	0	0	90	0	0	
192	0	0	192	0	0	
342	0	0	342	0	0	
180	0	0	180	0	0	
240	0	0	240	0	0	
552	0	0	552	0	0	
420	0	0	420	0	0	
396	0	0	396	0	0	
114	0	0	114	0	0	
438	0	0	438	0	0	
594	0	0	594	0	0	
102	0	0	102	0	0	
300	0	0	300	0	0	
540	0	0	540	0	0	
180	0	0	180	0	0	
390	0	0	390	0	0	
516	0	0	516	0	0	
522	0	0	522	0	0	
84	0	0	84	0	0	
534	0	0	534	0	0	
120	0	0	120	0	0	
72	0	0	72	0	0	
498	0	0	498	0	0	
414	0	0	414	0	0	
414	0	0	414	0	0	
234	0	0	234	0	0	
222	0	0	222	0	0	
78	0	0	78	0	0	
60	0	0	60	0	0	
342	0	0	342	0	0	
588	0	0	588	0	0	
330	0	0	330	0	0	
450	0	0	450	0	0	
552	0	0	552	0	0	
282	0	0	282	0	0	
324	0	0	324	0	0	
372	0	0	372	0	0	
162	0	0	162	0	0	
408	0	0	408	0	0	
210	0	0	210	0	0	
60	0	0	60	0	0	
66	0	0	66	0	0	
60	0	0	60	0	0	
210	0	0	210	0	0	
270	0	0	270	0	0	
132	0	0	132	0	0	
306	0	0	306	0	0	
444	0	0	444	0	0	
408	0	0	408	0	0	
468	0	0	468	0	0	
588	0	0	588	0	0	
84	0	0	84	0	0	
348	0	0	348	0	0	
546	0	0	546	0	0	
282	0	0	282	0	0	
132	0	0	132	0	0	
156	0	0	156	0	0	
282	0	0	282	0	0	
594	0	0	594	0	0	
126	0	0	126	0	0	
492	0	0	492	0	0	
348	0	0	348	0	0	
264	0	0	264	0	0	
528	0	0	528	0	0	
432	0	0	432	0	0	
516	0	0	516	0	0	
486	0	0	486	0	0	
468	0	0	468	0	0	
366	0	0	366	0	0	
84	0	0	84	0	0	
414	0	0	414	0	0	
534	0	0	534	0	0	
372	0	0	372	0	0	
216	0	0	216	0	0	
102	0	0	102	0	0	
552	0	0	552	0	0	
444	0	0	444	0	0	
126	0	0	126	0	0	
198	0	0	198	0	0	
90	0	0	90	0	0	
144	0	0	144	0	0	
354	0	0	354	0	0	
390	0	0	390	0	0	
354	0	0	354	0	0	
108	0	0	108	0	0	
78	0	0	78	0	0	
120	0	0	120	0	0	
378	0	0	378	0	0	
468	0	0	468	0	0	
384	0	0	384	0	0	
312	0	0	312	0	0	
132	0	0	132	0	0	
582	0	0	582	0	0	
246	0	0	246	0	0	
96	0	0	96	0	0	
174	0	0	174	0	0	
198	0	0	198	0	0	
186	0	0	186	0	0	
510	0	0	510	0	0	
456	0	0	456	0	0	
594	0	0	594	0	0	
546	0	0	546	0	0	
486	0	0	486	0	0	
498	0	0	498	0	0	
342	0	0	342	0	0	
90	0	0	90	0	0	
432	0	0	432	0	0	
258	0	0	258	0	0	
366	0	0	366	0	0	
546	0	0	546	0	0	
Forward storage demand rate per item and per period
13	11	15	20	4	7	
10	4	14	6	14	9	
14	19	6	7	2	14	
19	20	11	17	18	20	
37	10	30	56	36	33	
34	31	32	18	34	6	
26	5	20	18	21	40	
44	44	43	65	31	72	
98	106	91	66	161	173	
56	75	39	95	36	59	
38	5	37	48	41	43	
17	23	14	19	9	21	
58	76	94	74	31	63	
82	146	68	67	99	89	
74	75	57	50	24	38	
15	15	13	15	14	9	
32	34	33	15	48	48	
57	32	27	69	49	66	
30	16	36	38	40	47	
40	53	41	41	53	19	
92	128	81	103	123	110	
70	74	9	64	30	83	
66	18	18	84	12	34	
19	28	16	16	28	19	
73	64	64	46	26	48	
99	107	82	31	122	11	
17	17	3	9	17	14	
50	60	43	73	49	57	
90	148	128	39	51	114	
30	34	51	27	9	33	
65	11	88	96	23	85	
86	96	39	111	100	91	
87	140	75	138	62	89	
14	24	10	20	9	11	
89	107	135	92	68	79	
20	19	18	20	34	10	
12	19	11	9	15	15	
83	113	38	34	39	115	
69	52	58	98	63	28	
69	85	51	54	70	91	
39	45	54	34	19	27	
37	27	52	30	2	42	
13	10	10	18	8	7	
10	13	8	10	11	5	
57	73	59	27	55	94	
98	151	73	138	74	105	
55	69	13	78	75	40	
75	11	108	29	91	13	
92	71	137	130	99	114	
47	65	64	13	61	66	
54	64	36	64	52	75	
62	77	40	67	71	77	
27	30	15	9	14	8	
68	43	69	39	83	63	
35	62	30	31	28	50	
10	8	11	14	8	12	
11	11	4	6	14	9	
10	4	18	4	17	12	
35	41	38	33	14	33	
45	18	26	58	81	49	
22	37	13	29	19	16	
51	79	61	32	69	90	
74	63	99	73	47	84	
68	69	125	85	53	6	
78	83	91	81	79	103	
98	112	56	124	96	112	
14	8	20	16	2	13	
58	72	62	66	45	38	
91	72	99	170	175	71	
47	74	46	67	65	22	
22	36	16	20	28	24	
26	19	33	27	37	20	
47	52	17	47	61	8	
99	36	66	91	150	85	
21	16	24	19	37	17	
82	85	66	23	83	67	
58	32	47	43	69	43	
44	55	73	26	41	61	
88	120	96	62	46	166	
72	64	124	61	107	96	
86	76	102	108	141	111	
81	80	103	73	72	62	
78	92	92	114	48	39	
61	33	71	86	51	59	
14	21	13	5	16	4	
69	16	44	86	68	54	
89	100	101	69	68	77	
62	104	79	8	1	55	
36	66	40	28	50	41	
17	14	7	11	17	11	
92	46	58	116	114	125	
74	85	47	49	91	42	
21	20	2	26	22	21	
33	39	21	38	18	48	
15	11	15	8	26	14	
24	3	28	28	22	33	
59	102	82	74	23	47	
65	27	57	32	68	21	
59	72	63	39	42	48	
18	27	28	22	18	16	
13	11	15	18	14	4	
20	9	30	9	10	12	
63	55	36	94	103	79	
78	135	74	91	26	38	
64	71	67	89	68	72	
52	87	39	49	36	27	
22	25	28	36	12	5	
97	74	107	61	96	84	
41	59	62	34	38	33	
16	9	17	16	21	14	
29	18	9	16	21	32	
33	39	51	49	34	32	
31	17	26	33	29	24	
85	77	89	55	108	101	
76	98	58	116	90	112	
99	28	140	112	72	85	
91	106	98	86	108	36	
81	77	84	39	74	63	
83	112	82	71	47	104	
57	52	26	59	78	27	
15	15	17	20	16	20	
72	66	31	110	93	90	
43	10	80	38	63	30	
61	49	64	43	57	82	
91	78	104	125	83	112	
Distance matrix
0	74	65	87	11	62.5	18.5	38	44	55.5	46	75	90	17	7	59	45	30	49.5	8.5	29.5	68.5	82.5	60	38	45	69.5	72	19.5	55.5	68.5	10	26	46	69	54.5	45.5	74	33	35	61	71	67	31	59.5	63	83	89	87.5	73.5	25	84.5	79	57.5	70.5	58.5	51.5	28	44.5	67	92.5	3.5	54.5	20.5	44.5	84	77.5	28	86	51	81.5	88	29.5	35	66.5	40.5	27.5	12.5	20.5	57	70	20	23	16	56.5	77	58	64	44.5	23	29.5	37	75.5	44	18.5	51.5	47.5	62.5	50.5	76	31.5	64	7	59	27	87	40.5	64	42	90	98	16.5	35.5	47.5	74.5	46	59	66.5	63	82.5	27	35	24	18.5	58.5	17.5	
74	0	39	29	75	41.5	67.5	78	48	54.5	30	41	26	71	71	57	49	54	58.5	77.5	68.5	47.5	33.5	56	72	69	46.5	36	58.5	60.5	37.5	74	70	50	43	33.5	44.5	0	77	69	55	25	31	65	28.5	37	33	15	28.5	42.5	69	28.5	37	58.5	19.5	47.5	30.5	62	43.5	7	36.5	72.5	61.5	59.5	63.5	10	38.5	72	12	65	25.5	14	78.5	49	15.5	75.5	66.5	71.5	59.5	59	34	64	57	70	59.5	39	52	52	71.5	57	68.5	79	40.5	48	67.5	30.5	68.5	53.5	49.5	2	84.5	52	81	53	89	31	69.5	28	56	26	28	85.5	80.5	68.5	41.5	40	43	35.5	53	26.5	89	81	88	67.5	37.5	86.5	
65	39	0	28	66	32.5	58.5	57	39	39.5	21	20	25	62	62	36	40	45	45.5	68.5	59.5	26.5	17.5	35	57	50	25.5	33	49.5	39.5	31.5	65	61	41	4	24.5	35.5	39	62	60	34	36	32	56	24.5	2	22	36	32.5	21.5	60	49.5	26	37.5	35.5	36.5	21.5	53	34.5	32	47.5	63.5	40.5	50.5	50.5	41	17.5	63	39	44	46.5	37	65.5	40	31.5	54.5	57.5	62.5	50.5	38	35	55	48	61	38.5	12	37	31	50.5	48	59.5	58	24.5	39	58.5	21.5	47.5	32.5	40.5	41	63.5	31	72	36	68	48	54.5	29	47	25	37	76.5	59.5	47.5	25.5	31	34	31.5	32	47.5	68	60	71	58.5	28.5	77.5	
87	29	28	0	82	30.5	74.5	55	49	37.5	43	18	3	76	84	34	48	63	43.5	84.5	63.5	24.5	10.5	33	55	48	23.5	21	71.5	37.5	24.5	83	67	47	24	38.5	47.5	29	60	58	32	16	26	62	33.5	30	10	14	10.5	19.5	68	33.5	14	35.5	27.5	34.5	41.5	65	48.5	34	25.5	85.5	38.5	72.5	48.5	19	15.5	65	17	42	36.5	15	63.5	58	31.5	52.5	65.5	80.5	72.5	36	23	73	70	77	36.5	16	35	29	48.5	70	63.5	56	17.5	49	74.5	41.5	45.5	30.5	42.5	27	61.5	29	86	34	66	26	52.5	29	51	3	15	76.5	57.5	45.5	18.5	47	34	26.5	30	35.5	66	58	69	74.5	34.5	75.5	
11	75	66	82	0	63.5	19.5	31	45	56.5	47	64	79	18	4	50	46	31	50.5	14.5	30.5	69.5	71.5	59	39	46	70.5	73	20.5	48.5	69.5	1	27	47	70	55.5	46.5	75	34	36	58	72	68	32	60.5	64	76	90	86.5	70.5	26	85.5	80	46.5	71.5	59.5	52.5	29	45.5	68	93.5	9.5	55.5	21.5	45.5	85	66.5	29	87	52	82.5	89	30.5	36	67.5	41.5	28.5	13.5	21.5	58	71	21	24	17	57.5	72	59	65	45.5	24	30.5	38	76.5	45	19.5	52.5	36.5	51.5	51.5	77	27.5	65	18	60	16	88	41.5	65	43	79	91	22.5	28.5	46.5	75.5	47	60	67.5	64	83.5	16	24	13	19.5	59.5	23.5	
62.5	41.5	32.5	30.5	63.5	0	56	54.5	36.5	37	18.5	17.5	27.5	59.5	59.5	33.5	37.5	42.5	43	66	57	6	20	32.5	54.5	47.5	7	35.5	47	37	34	62.5	58.5	38.5	28.5	8	33	41.5	59.5	57.5	31.5	38.5	34.5	53.5	27	30.5	24.5	38.5	35	11	57.5	52	28.5	35	38	34	11	50.5	32	34.5	50	61	38	48	48	43.5	15	60.5	41.5	41.5	49	39.5	63	37.5	34	52	55	60	48	35.5	37.5	52.5	45.5	58.5	36	20.5	34.5	28.5	48	45.5	57	55.5	27	36.5	56	11	45	30	38	43.5	61	28.5	69.5	33.5	65.5	50.5	52	31.5	44.5	27.5	39.5	74	57	45	28	28.5	31.5	34	29.5	50	65.5	57.5	68.5	56	4	75	
18.5	67.5	58.5	74.5	19.5	56	0	28.5	37.5	49	39.5	56.5	71.5	15.5	15.5	42.5	38.5	23.5	43	22	23	62	64	51.5	31.5	38.5	63	65.5	13	41	62	18.5	19.5	39.5	62.5	48	39	67.5	26.5	28.5	50.5	64.5	60.5	24.5	53	56.5	68.5	82.5	79	63	18.5	78	72.5	39	64	52	45	21.5	38	60.5	86	17	48	14	38	77.5	59	21.5	79.5	44.5	75	81.5	11	28.5	60	34	21	16	14	50.5	63.5	13.5	16.5	14.5	50	64.5	51.5	57.5	38	16.5	23	30.5	69	37.5	0	45	29	44	44	69.5	35	57.5	25.5	52.5	35.5	80.5	34	57.5	35.5	71.5	83.5	30	31	39	68	39.5	52.5	60	56.5	76	35.5	31.5	32.5	0	52	31	
38	78	57	55	31	54.5	28.5	0	48	41.5	64	37	52	21	35	23	47	42	37.5	33.5	27.5	48.5	44.5	32	24	27	47.5	60	37.5	21.5	58.5	32	26	46	53	62.5	51.5	78	19	27	31	71	65	31	67.5	59	49	63	59.5	43.5	27	82.5	53	19.5	76.5	48.5	65.5	34	52.5	85	74.5	36.5	32.5	36.5	32.5	68	39.5	24	66	31	85.5	64	17.5	47	80.5	16.5	29.5	29.5	36.5	35	62	32	39	22	30.5	45	44	38	22.5	39	27.5	15	51.5	48	28.5	65.5	9.5	24.5	46.5	76	10.5	38	35	43	15	75	26.5	68	40	52	64	25.5	6.5	19.5	52.5	56	53	60.5	39	84.5	15	7	18	28.5	58.5	24.5	
44	48	39	49	45	36.5	37.5	48	0	29.5	20	31	46	41	41	27	1	24	28.5	47.5	38.5	42.5	38.5	16	42	39	41.5	46	28.5	30.5	42.5	44	40	2	43	28.5	19.5	48	47	39	17	45	41	35	33.5	37	43	57	53.5	37.5	39	58.5	47	28.5	44.5	32.5	25.5	32	18.5	41	66.5	42.5	31.5	29.5	33.5	58	33.5	42	60	35	55.5	58	48.5	19	40.5	45.5	36.5	41.5	29.5	13	44	34	27	40	29.5	39	32	32	41.5	27	38.5	49	45.5	0	37.5	25.5	38.5	23.5	24.5	50	54.5	32	51	33	59	61	39.5	38	26	46	58	55.5	50.5	38.5	46.5	20	33	40.5	33	56.5	59	51	58	37.5	32.5	56.5	
55.5	54.5	39.5	37.5	56.5	37	49	41.5	29.5	0	26.5	19.5	34.5	52.5	52.5	20.5	30.5	35.5	30	59	50	31	27	19.5	41.5	34.5	30	42.5	40	24	41	55.5	51.5	31.5	35.5	35	10	54.5	46.5	44.5	18.5	51.5	47.5	46.5	40	41.5	31.5	45.5	42	26	50.5	65	35.5	22	51	31	32	43.5	11	47.5	57	54	25	41	35	50.5	22	51.5	48.5	28.5	62	46.5	50	30.5	47	39	48	53	41	22.5	44.5	45.5	38.5	51.5	23	27.5	26.5	20.5	35	38.5	50	42.5	34	29.5	49	32	32	17	5	56.5	48	20.5	62.5	25.5	52.5	57.5	39	44.5	37.5	34.5	46.5	63	44	32	35	26.5	35.5	43	21.5	63	52.5	44.5	55.5	49	39	62	
46	30	21	43	47	18.5	39.5	64	20	26.5	0	29	44	43	43	45	21	26	30.5	49.5	40.5	24.5	36.5	36	44	41	25.5	28	30.5	46.5	24.5	46	42	22	25	10.5	16.5	30	49	41	37	27	23	37	15.5	19	39	45	43.5	29.5	41	40.5	35	46.5	26.5	19.5	7.5	34	15.5	23	48.5	44.5	35.5	31.5	35.5	40	31.5	44	42	37	37.5	44	50.5	21	22.5	51.5	38.5	43.5	31.5	33	26	36	29	42	37.5	33	24	30	45.5	29	40.5	53	31.5	20	39.5	7.5	56.5	41.5	21.5	32	72.5	30	53	25	63	43	41.5	20	28	44	54	57.5	66.5	48.5	30.5	12	13	22.5	29	38.5	63	69	60	39.5	14.5	58.5	
75	41	20	18	64	17.5	56.5	37	31	19.5	29	0	15	58	68	16	30	45	25.5	66.5	45.5	11.5	7.5	15	37	30	10.5	23	55.5	19.5	21.5	65	49	29	16	25.5	29.5	41	42	40	14	34	28	44	30.5	22	12	26	22.5	6.5	50	45.5	16	17.5	39.5	16.5	28.5	47	30.5	48	37.5	71.5	20.5	54.5	30.5	31	2.5	47	29	24	48.5	27	45.5	40	43.5	34.5	47.5	62.5	54.5	18	25	55	52	59	18.5	8	17	11	30.5	52	45.5	38	14.5	31	56.5	28.5	27.5	12.5	24.5	39	43.5	11	68	16	48	38	34.5	31	33	15	27	58.5	39.5	27.5	15.5	29	16	23.5	12	47.5	48	40	51	56.5	21.5	57.5	
90	26	25	3	79	27.5	71.5	52	46	34.5	44	15	0	73	83	31	45	60	40.5	81.5	60.5	21.5	7.5	30	52	45	20.5	18	70.5	34.5	21.5	80	64	44	21	35.5	44.5	26	57	55	29	19	23	59	30.5	27	7	11	7.5	16.5	65	30.5	11	32.5	24.5	31.5	38.5	62	45.5	33	22.5	86.5	35.5	69.5	45.5	16	12.5	62	14	39	33.5	12	60.5	55	28.5	49.5	62.5	77.5	69.5	33	20	70	67	74	33.5	13	32	26	45.5	67	60.5	53	14.5	46	71.5	38.5	42.5	27.5	39.5	24	58.5	26	83	31	63	23	49.5	26	48	0	12	73.5	54.5	42.5	15.5	44	31	23.5	27	32.5	63	55	66	71.5	31.5	72.5	
17	71	62	76	18	59.5	15.5	21	41	52.5	43	58	73	0	14	44	42	27	46.5	20.5	26.5	65.5	65.5	53	35	42	66.5	69	16.5	42.5	65.5	17	23	43	66	51.5	42.5	71	30	32	52	68	64	28	56.5	60	70	84	80.5	64.5	22	81.5	74	40.5	67.5	55.5	48.5	25	41.5	64	89.5	15.5	51.5	17.5	41.5	81	60.5	25	83	48	78.5	85	26.5	32	63.5	37.5	24.5	14.5	17.5	54	67	17	20	1	51.5	66	55	59	41.5	20	26.5	34	72.5	41	15.5	48.5	30.5	45.5	47.5	73	31.5	59	24	56	34	84	37.5	61	39	73	85	28.5	27.5	40.5	71.5	43	56	63.5	60	79.5	34	28	31	15.5	55.5	29.5	
7	71	62	84	4	59.5	15.5	35	41	52.5	43	68	83	14	0	54	42	27	46.5	10.5	26.5	65.5	75.5	57	35	42	66.5	69	16.5	52.5	65.5	3	23	43	66	51.5	42.5	71	30	32	58	68	64	28	56.5	60	80	86	84.5	70.5	22	81.5	76	50.5	67.5	55.5	48.5	25	41.5	64	89.5	5.5	51.5	17.5	41.5	81	70.5	25	83	48	78.5	85	26.5	32	63.5	37.5	24.5	9.5	17.5	54	67	17	20	13	53.5	74	55	61	41.5	20	26.5	34	72.5	41	15.5	48.5	40.5	55.5	47.5	73	31.5	61	14	56	20	84	37.5	61	39	83	95	18.5	32.5	44.5	71.5	43	56	63.5	60	79.5	20	28	17	15.5	55.5	19.5	
59	57	36	34	50	33.5	42.5	23	27	20.5	45	16	31	44	54	0	26	31	16.5	52.5	31.5	27.5	23.5	11	23	16	26.5	39	41.5	5.5	37.5	51	35	25	32	41.5	30.5	57	28	26	10	50	44	30	46.5	38	28	42	38.5	22.5	36	61.5	32	3.5	55.5	27.5	44.5	33	31.5	64	53.5	57.5	11.5	40.5	16.5	47	18.5	33	45	8	64.5	43	31.5	24	59.5	20.5	33.5	48.5	40.5	14	41	41	38	45	9.5	24	23	17	16.5	38	31.5	24	30.5	27	42.5	44.5	13.5	3.5	25.5	55	29.5	17	54	22	34	54	20.5	47	17	31	43	44.5	25.5	13.5	31.5	35	32	39.5	18	63.5	34	26	37	42.5	37.5	43.5	
45	49	40	48	46	37.5	38.5	47	1	30.5	21	30	45	42	42	26	0	25	29.5	48.5	39.5	41.5	37.5	15	43	40	40.5	47	29.5	29.5	43.5	45	41	1	44	29.5	20.5	49	48	40	16	46	42	36	34.5	38	42	56	52.5	36.5	40	59.5	46	27.5	45.5	33.5	26.5	33	19.5	42	67.5	43.5	30.5	30.5	34.5	59	32.5	43	59	34	56.5	57	49.5	20	41.5	44.5	37.5	42.5	30.5	12	45	35	28	41	28.5	38	33	31	40.5	28	39.5	48	44.5	1	38.5	26.5	37.5	22.5	25.5	51	53.5	31	52	34	58	62	40.5	39	27	45	57	56.5	49.5	37.5	45.5	21	34	41.5	32	57.5	58	50	59	38.5	33.5	57.5	
30	54	45	63	31	42.5	23.5	42	24	35.5	26	45	60	27	27	31	25	0	29.5	33.5	24.5	48.5	52.5	40	28	15	49.5	52	14.5	29.5	48.5	30	26	26	49	34.5	25.5	54	33	25	39	51	47	21	39.5	43	57	69	67.5	51.5	25	64.5	59	27.5	50.5	38.5	31.5	18	24.5	47	72.5	28.5	34.5	15.5	24.5	64	47.5	28	66	31	61.5	68	34.5	15	46.5	35.5	22.5	27.5	15.5	37	50	20	13	26	36.5	53	38	44	29.5	13	24.5	37	55.5	24	23.5	31.5	32.5	32.5	30.5	56	48.5	44	37	39	47	67	25.5	44	22	60	72	41.5	44.5	32.5	54.5	26	39	46.5	43	62.5	47	45	44	23.5	38.5	42.5	
49.5	58.5	45.5	43.5	50.5	43	43	37.5	28.5	30	30.5	25.5	40.5	46.5	46.5	16.5	29.5	29.5	0	53	44	37	33	20.5	37.5	30.5	36	48.5	34	20	47	49.5	45.5	30.5	41.5	39	30	58.5	42.5	40.5	19.5	55.5	51.5	40.5	44	47.5	37.5	51.5	48	32	44.5	69	41.5	18	55	37	36	37.5	29	51.5	63	48	5	35	31	56.5	28	47.5	54.5	24.5	66	52.5	46	24.5	51	35	42	47	35	23.5	50.5	39.5	32.5	45.5	7	33.5	32.5	26.5	31	32.5	44	38.5	40	28.5	43	36	28	13	35	60.5	44	26.5	56.5	31.5	48.5	63.5	35	48.5	31.5	40.5	52.5	59	40	28	41	30.5	41.5	49	27.5	67	48.5	40.5	51.5	43	43	58	
8.5	77.5	68.5	84.5	14.5	66	22	33.5	47.5	59	49.5	66.5	81.5	20.5	10.5	52.5	48.5	33.5	53	0	33	72	74	61.5	41.5	48.5	73	75.5	23	51	72	13.5	29.5	49.5	72.5	58	49	77.5	36.5	38.5	60.5	74.5	70.5	34.5	63	66.5	78.5	92.5	89	73	28.5	88	82.5	49	74	62	55	31.5	48	70.5	96	5	58	24	48	87.5	69	31.5	89.5	54.5	85	91.5	33	38.5	70	44	31	16	24	60.5	73.5	23.5	26.5	19.5	60	74.5	61.5	67.5	48	26.5	33	40.5	79	47.5	22	55	39	54	54	79.5	23	67.5	15.5	62.5	30.5	90.5	44	67.5	45.5	81.5	93.5	8	31	49	78	49.5	62.5	70	66.5	86	30.5	26.5	27.5	22	62	9	
29.5	68.5	59.5	63.5	30.5	57	23	27.5	38.5	50	40.5	45.5	60.5	26.5	26.5	31.5	39.5	24.5	44	33	0	57	53	40.5	32.5	35.5	56	66.5	10	30	63	29.5	25.5	40.5	61.5	49	40	68.5	32.5	29.5	39.5	65.5	61.5	25.5	54	57.5	57.5	71.5	68	52	24.5	79	61.5	28	65	53	46	22.5	39	61.5	83	28	41	9	39	76.5	48	27.5	74.5	39.5	76	72.5	34	29.5	61	11	2	27	9	43.5	64.5	19.5	17.5	25.5	39	53.5	52.5	46.5	31	17.5	0	28.5	60	38.5	23	46	18	33	45	70.5	34	46.5	36.5	51.5	38.5	81.5	35	58.5	36.5	60.5	72.5	41	30	28	61	40.5	53.5	61	47.5	77	38.5	30.5	41.5	23	53	42	
68.5	47.5	26.5	24.5	69.5	6	62	48.5	42.5	31	24.5	11.5	21.5	65.5	65.5	27.5	41.5	48.5	37	72	57	0	14	26.5	48.5	41.5	1	29.5	53	31	28	68.5	60.5	40.5	22.5	14	39	47.5	53.5	51.5	25.5	40.5	34.5	55.5	33	28.5	18.5	32.5	29	5	61.5	52	22.5	29	44	28	17	56.5	38	40.5	44	67	32	54	42	37.5	9	58.5	35.5	35.5	55	33.5	57	43.5	40	46	59	66	54	29.5	31.5	58.5	51.5	64.5	30	14.5	28.5	22.5	42	51.5	57	49.5	21	42.5	62	17	39	24	36	45.5	55	22.5	75.5	27.5	59.5	44.5	46	37.5	44.5	21.5	33.5	70	51	39	22	34.5	27.5	30	23.5	54	59.5	51.5	62.5	62	10	69	
82.5	33.5	17.5	10.5	71.5	20	64	44.5	38.5	27	36.5	7.5	7.5	65.5	75.5	23.5	37.5	52.5	33	74	53	14	0	22.5	44.5	37.5	13	15.5	63	27	14	72.5	56.5	36.5	13.5	28	37	33.5	49.5	47.5	21.5	26.5	20.5	51.5	23	19.5	4.5	18.5	15	9	57.5	38	8.5	25	32	24	31	54.5	38	40.5	30	79	28	62	38	23.5	5	54.5	21.5	31.5	41	19.5	53	47.5	36	42	55	70	62	25.5	17.5	62.5	59.5	66.5	26	5.5	24.5	18.5	38	59.5	53	45.5	7	38.5	64	31	35	20	32	31.5	51	18.5	75.5	23.5	55.5	30.5	42	23.5	40.5	7.5	19.5	66	47	35	8	36.5	23.5	16	19.5	40	55.5	47.5	58.5	64	24	65	
60	56	35	33	59	32.5	51.5	32	16	19.5	36	15	30	53	57	11	15	40	20.5	61.5	40.5	26.5	22.5	0	32	25	25.5	38	44.5	14.5	36.5	60	44	14	31	40.5	29.5	56	37	35	1	49	43	39	45.5	37	27	41	37.5	21.5	45	60.5	31	12.5	54.5	26.5	41.5	42	30.5	57	52.5	58.5	15.5	45.5	25.5	46	17.5	42	44	19	63.5	42	40.5	35	56.5	29.5	42.5	57.5	45.5	3	40	50	43	54	13.5	23	22	16	25.5	43	40.5	33	29.5	16	51.5	41.5	22.5	7.5	24.5	54	38.5	16	63	21	43	53	29.5	46	28	30	42	53.5	34.5	22.5	30.5	34	31	38.5	17	62.5	43	35	46	51.5	36.5	52.5	
38	72	57	55	39	54.5	31.5	24	42	41.5	44	37	52	35	35	23	43	28	37.5	41.5	32.5	48.5	44.5	32	0	27	47.5	60	22.5	21.5	58.5	38	34	44	53	52.5	43.5	72	29	3	31	69	65	7	57.5	59	49	63	59.5	43.5	33	82.5	53	19.5	68.5	48.5	49.5	10	42.5	65	74.5	36.5	32.5	23.5	32.5	68	39.5	34	66	31	79.5	64	32.5	33	64.5	21.5	30.5	35.5	23.5	35	62	28	15	34	30.5	45	44	38	22.5	15	32.5	25	51.5	42	31.5	49.5	14.5	24.5	46.5	74	30.5	38	45	43	35	75	26.5	62	40	52	64	45.5	26.5	19.5	52.5	44	53	60.5	39	80.5	35	27	38	31.5	56.5	44.5	
45	69	50	48	46	47.5	38.5	27	39	34.5	41	30	45	42	42	16	40	15	30.5	48.5	35.5	41.5	37.5	25	27	0	40.5	53	29.5	14.5	51.5	45	39	39	46	49.5	40.5	69	32	30	24	64	58	34	54.5	52	42	56	52.5	36.5	40	75.5	46	12.5	65.5	41.5	46.5	33	39.5	62	67.5	43.5	25.5	30.5	25.5	61	32.5	37	59	24	76.5	57	35.5	30	61.5	24.5	37.5	42.5	30.5	28	55	35	28	41	23.5	38	37	31	20.5	28	35.5	28	44.5	39	38.5	46.5	17.5	17.5	39.5	69	33.5	31	52	36	38	68	24.5	59	33	45	57	48.5	29.5	17.5	45.5	41	46	53.5	32	77.5	38	30	41	38.5	51.5	47.5	
69.5	46.5	25.5	23.5	70.5	7	63	47.5	41.5	30	25.5	10.5	20.5	66.5	66.5	26.5	40.5	49.5	36	73	56	1	13	25.5	47.5	40.5	0	28.5	54	30	27	69.5	59.5	39.5	21.5	15	40	46.5	52.5	50.5	24.5	39.5	33.5	54.5	34	27.5	17.5	31.5	28	4	60.5	51	21.5	28	45	27	18	57.5	39	41.5	43	68	31	55	41	36.5	8	57.5	34.5	34.5	54	32.5	56	44.5	41	45	58	67	55	28.5	30.5	59.5	52.5	65.5	29	13.5	27.5	21.5	41	52.5	56	48.5	20	41.5	63	18	38	23	35	44.5	54	21.5	76.5	26.5	58.5	43.5	45	36.5	43.5	20.5	32.5	69	50	38	21	35.5	26.5	29	22.5	53	58.5	50.5	61.5	63	11	68	
72	36	33	21	73	35.5	65.5	60	46	42.5	28	23	18	69	69	39	47	52	48.5	75.5	66.5	29.5	15.5	38	60	53	28.5	0	56.5	42.5	29.5	72	68	48	29	31.5	42.5	36	65	63	37	33	5	63	26.5	35	11	29	25.5	24.5	67	46.5	7	40.5	32.5	39.5	28.5	60	41.5	29	40.5	70.5	43.5	57.5	53.5	34	20.5	70	32	47	43.5	30	68.5	47	28.5	57.5	64.5	69.5	57.5	41	2	62	55	68	41.5	21	40	34	53.5	55	66.5	61	22.5	46	65.5	28.5	50.5	35.5	47.5	38	66.5	34	79	39	71	41	57.5	8	54	18	30	81.5	62.5	50.5	23.5	38	39	31.5	35	44.5	71	63	74	65.5	35.5	80.5	
19.5	58.5	49.5	71.5	20.5	47	13	37.5	28.5	40	30.5	55.5	70.5	16.5	16.5	41.5	29.5	14.5	34	23	10	53	63	44.5	22.5	29.5	54	56.5	0	40	53	19.5	15.5	30.5	53.5	39	30	58.5	22.5	19.5	45.5	55.5	51.5	15.5	44	47.5	67.5	73.5	72	58	14.5	69	63.5	38	55	43	36	12.5	29	51.5	77	18	39	1	29	68.5	58	17.5	70.5	35.5	66	72.5	24	19.5	51	21	8	17	1	41.5	54.5	9.5	7.5	15.5	41	61.5	42.5	48.5	29	7.5	10	26.5	60	28.5	13	36	28	43	35	60.5	44	48.5	26.5	43.5	36.5	71.5	25	48.5	26.5	70.5	82.5	31	40	32	59	30.5	43.5	51	47.5	67	36.5	40.5	33.5	13	43	32	
55.5	60.5	39.5	37.5	48.5	37	41	21.5	30.5	24	46.5	19.5	34.5	42.5	52.5	5.5	29.5	29.5	20	51	30	31	27	14.5	21.5	14.5	30	42.5	40	0	41	49.5	33.5	28.5	35.5	45	34	60.5	26.5	24.5	13.5	53.5	47.5	28.5	50	41.5	31.5	45.5	42	26	34.5	65	35.5	2	59	31	48	31.5	35	67.5	57	54	15	39	11	50.5	22	31.5	48.5	13.5	68	46.5	30	29.5	63	19	32	47	39	17.5	44.5	39.5	36.5	43.5	13	27.5	26.5	20.5	15	36.5	30	22.5	34	30.5	41	48	12	7	29	58.5	28	20.5	52.5	25.5	32.5	57.5	19	50.5	22.5	34.5	46.5	43	24	12	35	38.5	35.5	43	21.5	67	32.5	24.5	35.5	41	41	42	
68.5	37.5	31.5	24.5	69.5	34	62	58.5	42.5	41	24.5	21.5	21.5	65.5	65.5	37.5	43.5	48.5	47	72	63	28	14	36.5	58.5	51.5	27	29.5	53	41	0	68.5	64.5	44.5	27.5	28	39	37.5	63.5	61.5	35.5	34.5	30.5	59.5	9	31.5	18.5	32.5	29	23	63.5	48	22.5	39	34	38	25	56.5	38	30.5	44	67	42	54	52	37.5	19	66.5	35.5	45.5	45	33.5	67	43.5	30	56	61	66	54	39.5	31.5	58.5	51.5	64.5	40	19.5	38.5	32.5	52	51.5	63	59.5	7	42.5	62	25	49	34	44	39.5	65	32.5	75.5	37.5	69.5	44.5	56	27.5	50.5	21.5	33.5	80	61	49	6	34.5	37.5	2	33.5	46	69.5	61.5	72.5	62	32	79	
10	74	65	83	1	62.5	18.5	32	44	55.5	46	65	80	17	3	51	45	30	49.5	13.5	29.5	68.5	72.5	60	38	45	69.5	72	19.5	49.5	68.5	0	26	46	69	54.5	45.5	74	33	35	59	71	67	31	59.5	63	77	89	87.5	71.5	25	84.5	79	47.5	70.5	58.5	51.5	28	44.5	67	92.5	8.5	54.5	20.5	44.5	84	67.5	28	86	51	81.5	88	29.5	35	66.5	40.5	27.5	12.5	20.5	57	70	20	23	16	56.5	73	58	64	44.5	23	29.5	37	75.5	44	18.5	51.5	37.5	52.5	50.5	76	28.5	64	17	59	17	87	40.5	64	42	80	92	21.5	29.5	47.5	74.5	46	59	66.5	63	82.5	17	25	14	18.5	58.5	22.5	
26	70	61	67	27	58.5	19.5	26	40	51.5	42	49	64	23	23	35	41	26	45.5	29.5	25.5	60.5	56.5	44	34	39	59.5	68	15.5	33.5	64.5	26	0	42	65	50.5	41.5	70	7	31	43	67	63	27	55.5	59	61	75	71.5	55.5	1	80.5	65	31.5	66.5	54.5	47.5	24	40.5	63	86.5	24.5	44.5	16.5	40.5	80	51.5	2	78	43	77.5	76	30.5	31	62.5	28.5	23.5	23.5	16.5	47	66	6	19	22	42.5	57	54	50	34.5	19	25.5	11	63.5	40	19.5	47.5	21.5	36.5	46.5	72	32.5	50	33	55	37	83	36.5	60	38	64	76	37.5	28.5	31.5	64.5	42	55	62.5	51	78.5	37	29	40	19.5	54.5	38.5	
46	50	41	47	47	38.5	39.5	46	2	31.5	22	29	44	43	43	25	1	26	30.5	49.5	40.5	40.5	36.5	14	44	39	39.5	48	30.5	28.5	44.5	46	42	0	45	30.5	21.5	50	49	41	15	47	43	37	35.5	39	41	55	51.5	35.5	41	60.5	45	26.5	46.5	34.5	27.5	34	20.5	43	66.5	44.5	29.5	31.5	35.5	60	31.5	44	58	33	57.5	56	50.5	21	42.5	43.5	38.5	43.5	31.5	11	46	36	29	42	27.5	37	34	30	39.5	29	40.5	47	43.5	2	39.5	27.5	36.5	21.5	26.5	52	52.5	30	53	35	57	63	41.5	40	28	44	56	57.5	48.5	36.5	44.5	22	35	42.5	31	58.5	57	49	60	39.5	34.5	58.5	
69	43	4	24	70	28.5	62.5	53	43	35.5	25	16	21	66	66	32	44	49	41.5	72.5	61.5	22.5	13.5	31	53	46	21.5	29	53.5	35.5	27.5	69	65	45	0	28.5	39.5	43	58	56	30	40	34	60	28.5	6	18	32	28.5	17.5	64	51.5	22	33.5	39.5	32.5	25.5	57	38.5	36	43.5	67.5	36.5	54.5	46.5	37	13.5	63	35	40	50.5	33	61.5	44	35.5	50.5	61.5	66.5	54.5	34	31	59	52	65	34.5	8	33	27	46.5	52	61.5	54	20.5	43	62.5	25.5	43.5	28.5	40.5	45	59.5	27	76	32	64	44	50.5	33	49	21	33	74.5	55.5	43.5	21.5	35	32	29.5	28	51.5	64	56	67	62.5	32.5	73.5	
54.5	33.5	24.5	38.5	55.5	8	48	62.5	28.5	35	10.5	25.5	35.5	51.5	51.5	41.5	29.5	34.5	39	58	49	14	28	40.5	52.5	49.5	15	31.5	39	45	28	54.5	50.5	30.5	28.5	0	25	33.5	57.5	49.5	39.5	30.5	26.5	45.5	19	22.5	32.5	46.5	43	19	49.5	44	36.5	43	30	28	3	42.5	24	26.5	52	53	44	40	44	43.5	23	52.5	45.5	45.5	41	47.5	59	29.5	26	60	47	52	40	41.5	29.5	44.5	37.5	50.5	44	28.5	32.5	36.5	54	37.5	49	61.5	35	28.5	48	3	53	38	30	35.5	69	36.5	61.5	33.5	71.5	46.5	50	23.5	36.5	35.5	47.5	66	65	53	34	20.5	23.5	26	37.5	42	71.5	65.5	68.5	48	4	67	
45.5	44.5	35.5	47.5	46.5	33	39	51.5	19.5	10	16.5	29.5	44.5	42.5	42.5	30.5	20.5	25.5	30	49	40	39	37	29.5	43.5	40.5	40	42.5	30	34	39	45.5	41.5	21.5	39.5	25	0	44.5	48.5	40.5	28.5	41.5	37.5	36.5	30	33.5	41.5	55.5	52	36	40.5	55	45.5	32	41	29	22	33.5	1	37.5	63	44	35	31	35	54.5	32	43.5	56.5	36.5	52	56.5	50	20.5	37	49	38	43	31	32.5	40.5	35.5	28.5	41.5	33	37.5	28.5	30.5	45	28.5	40	52.5	44	19.5	39	22	42	27	5	46.5	58	30.5	52.5	29.5	62.5	57.5	41	34.5	27.5	44.5	56.5	57	54	42	45	16.5	29.5	37	31.5	53	62.5	54.5	59.5	39	29	58	
74	0	39	29	75	41.5	67.5	78	48	54.5	30	41	26	71	71	57	49	54	58.5	77.5	68.5	47.5	33.5	56	72	69	46.5	36	58.5	60.5	37.5	74	70	50	43	33.5	44.5	0	77	69	55	25	31	65	28.5	37	33	15	28.5	42.5	69	28.5	37	58.5	19.5	47.5	30.5	62	43.5	7	36.5	72.5	61.5	59.5	63.5	10	38.5	72	12	65	25.5	14	78.5	49	15.5	75.5	66.5	71.5	59.5	59	34	64	57	70	59.5	39	52	52	71.5	57	68.5	79	40.5	48	67.5	30.5	68.5	53.5	49.5	2	84.5	52	81	53	89	31	69.5	28	56	26	28	85.5	80.5	68.5	41.5	40	43	35.5	53	26.5	89	81	88	67.5	37.5	86.5	
33	77	62	60	34	59.5	26.5	19	47	46.5	49	42	57	30	30	28	48	33	42.5	36.5	32.5	53.5	49.5	37	29	32	52.5	65	22.5	26.5	63.5	33	7	49	58	57.5	48.5	77	0	32	36	74	70	34	62.5	64	54	68	64.5	48.5	8	87.5	58	24.5	73.5	53.5	54.5	31	47.5	70	79.5	31.5	37.5	23.5	37.5	73	44.5	5	71	36	84.5	69	27.5	38	69.5	21.5	30.5	30.5	23.5	40	67	13	26	29	35.5	50	49	43	27.5	26	32.5	4	56.5	47	26.5	54.5	14.5	29.5	51.5	79	25.5	43	40	48	30	80	31.5	67	45	57	69	40.5	21.5	24.5	57.5	49	58	65.5	44	85.5	30	22	33	26.5	61.5	39.5	
35	69	60	58	36	57.5	28.5	27	39	44.5	41	40	55	32	32	26	40	25	40.5	38.5	29.5	51.5	47.5	35	3	30	50.5	63	19.5	24.5	61.5	35	31	41	56	49.5	40.5	69	32	0	34	66	62	4	54.5	58	52	66	62.5	46.5	30	79.5	56	22.5	65.5	51.5	46.5	7	39.5	62	77.5	33.5	35.5	20.5	35.5	71	42.5	33	69	34	76.5	67	35.5	30	61.5	24.5	27.5	32.5	20.5	38	65	25	12	31	33.5	48	47	41	25.5	12	29.5	28	54.5	39	28.5	46.5	17.5	27.5	45.5	71	33.5	41	42	46	38	78	29.5	59	37	55	67	46.5	29.5	22.5	55.5	41	54	61.5	42	77.5	38	30	41	28.5	53.5	47.5	
61	55	34	32	58	31.5	50.5	31	17	18.5	37	14	29	52	58	10	16	39	19.5	60.5	39.5	25.5	21.5	1	31	24	24.5	37	45.5	13.5	35.5	59	43	15	30	39.5	28.5	55	36	34	0	48	42	38	44.5	36	26	40	36.5	20.5	44	59.5	30	11.5	53.5	25.5	42.5	41	29.5	58	51.5	59.5	14.5	46.5	24.5	45	16.5	41	43	18	62.5	41	39.5	34	57.5	28.5	41.5	56.5	46.5	4	39	49	44	53	12.5	22	21	15	24.5	44	39.5	32	28.5	17	50.5	42.5	21.5	6.5	23.5	53	37.5	15	62	20	42	52	28.5	45	27	29	41	52.5	33.5	21.5	29.5	33	30	37.5	16	61.5	42	34	45	50.5	35.5	51.5	
71	25	36	16	72	38.5	64.5	71	45	51.5	27	34	19	68	68	50	46	51	55.5	74.5	65.5	40.5	26.5	49	69	64	39.5	33	55.5	53.5	34.5	71	67	47	40	30.5	41.5	25	74	66	48	0	28	62	25.5	34	26	30	26.5	35.5	66	35.5	30	51.5	21.5	44.5	27.5	59	40.5	18	41.5	69.5	54.5	56.5	60.5	35	31.5	69	33	58	32.5	31	75.5	46	17.5	68.5	63.5	68.5	56.5	52	31	61	54	67	52.5	32	49	45	64.5	54	65.5	72	33.5	45	64.5	27.5	61.5	46.5	46.5	27	77.5	45	78	50	82	38	66.5	25	53	19	31	82.5	73.5	61.5	34.5	37	40	32.5	46	33.5	82	74	85	64.5	34.5	83.5	
67	31	32	26	68	34.5	60.5	65	41	47.5	23	28	23	64	64	44	42	47	51.5	70.5	61.5	34.5	20.5	43	65	58	33.5	5	51.5	47.5	30.5	67	63	43	34	26.5	37.5	31	70	62	42	28	0	58	21.5	30	16	34	30.5	29.5	62	41.5	12	45.5	27.5	40.5	23.5	55	36.5	24	45.5	65.5	48.5	52.5	56.5	39	25.5	65	37	52	38.5	35	71.5	42	23.5	62.5	59.5	64.5	52.5	46	3	57	50	63	46.5	26	45	39	58.5	50	61.5	66	27.5	41	60.5	23.5	55.5	40.5	42.5	33	71.5	39	74	44	76	44	62.5	3	49	23	35	78.5	67.5	55.5	28.5	33	36	28.5	40	39.5	76	68	79	60.5	30.5	79.5	
31	65	56	62	32	53.5	24.5	31	35	46.5	37	44	59	28	28	30	36	21	40.5	34.5	25.5	55.5	51.5	39	7	34	54.5	63	15.5	28.5	59.5	31	27	37	60	45.5	36.5	65	34	4	38	62	58	0	50.5	54	56	70	66.5	50.5	26	75.5	60	26.5	61.5	49.5	42.5	3	35.5	58	81.5	29.5	39.5	16.5	35.5	75	46.5	29	73	38	72.5	71	35.5	26	57.5	28.5	23.5	28.5	16.5	42	61	21	8	27	37.5	52	49	45	29.5	8	25.5	32	58.5	35	24.5	42.5	21.5	31.5	41.5	67	37.5	45	38	50	42	78	31.5	55	33	59	71	42.5	33.5	26.5	59.5	37	50	57.5	46	73.5	42	34	45	24.5	49.5	43.5	
59.5	28.5	24.5	33.5	60.5	27	53	67.5	33.5	40	15.5	30.5	30.5	56.5	56.5	46.5	34.5	39.5	44	63	54	33	23	45.5	57.5	54.5	34	26.5	44	50	9	59.5	55.5	35.5	28.5	19	30	28.5	62.5	54.5	44.5	25.5	21.5	50.5	0	22.5	27.5	41.5	38	32	54.5	39	31.5	48	25	33	16	47.5	29	21.5	47	58	49	45	49	38.5	28	57.5	40.5	50.5	36	42.5	64	34.5	21	65	52	57	45	46.5	24.5	49.5	42.5	55.5	49	28.5	37.5	41.5	59	42.5	54	66.5	16	33.5	53	16	58	43	35	30.5	74	41.5	66.5	38.5	76.5	41.5	55	18.5	41.5	30.5	42.5	71	70	58	15	25.5	28.5	7	42.5	37	76.5	70.5	73.5	53	23	72	
63	37	2	30	64	30.5	56.5	59	37	41.5	19	22	27	60	60	38	38	43	47.5	66.5	57.5	28.5	19.5	37	59	52	27.5	35	47.5	41.5	31.5	63	59	39	6	22.5	33.5	37	64	58	36	34	30	54	22.5	0	24	38	34.5	23.5	58	47.5	28	39.5	33.5	36.5	19.5	51	32.5	30	49.5	61.5	42.5	48.5	52.5	43	19.5	61	41	46	44.5	39	67.5	38	29.5	56.5	55.5	60.5	48.5	40	33	53	46	59	40.5	14	39	33	52.5	46	57.5	60	26.5	37	56.5	19.5	49.5	34.5	38.5	39	65.5	33	70	38	70	50	56.5	27	45	27	39	74.5	61.5	49.5	27.5	29	32	29.5	34	45.5	70	62	73	56.5	26.5	75.5	
83	33	22	10	76	24.5	68.5	49	43	31.5	39	12	7	70	80	28	42	57	37.5	78.5	57.5	18.5	4.5	27	49	42	17.5	11	67.5	31.5	18.5	77	61	41	18	32.5	41.5	33	54	52	26	26	16	56	27.5	24	0	18	14.5	13.5	62	37.5	4	29.5	31.5	28.5	35.5	59	42.5	40	29.5	81.5	32.5	66.5	42.5	23	9.5	59	21	36	40.5	19	57.5	52	35.5	46.5	59.5	74.5	66.5	30	13	67	64	71	30.5	10	29	23	42.5	64	57.5	50	11.5	43	68.5	35.5	39.5	24.5	36.5	31	55.5	23	80	28	60	30	46.5	19	45	7	19	70.5	51.5	39.5	12.5	41	28	20.5	24	39.5	60	52	63	68.5	28.5	69.5	
89	15	36	14	90	38.5	82.5	63	57	45.5	45	26	11	84	86	42	56	69	51.5	92.5	71.5	32.5	18.5	41	63	56	31.5	29	73.5	45.5	32.5	89	75	55	32	46.5	55.5	15	68	66	40	30	34	70	41.5	38	18	0	13.5	27.5	76	31.5	22	43.5	30.5	42.5	45.5	73	56.5	22	23.5	87.5	46.5	74.5	56.5	5	23.5	73	3	50	34.5	1	71.5	64	30.5	60.5	73.5	86.5	74.5	44	31	79	72	85	44.5	24	43	37	56.5	72	71.5	64	25.5	57	82.5	45.5	53.5	38.5	50.5	13	69.5	37	94	42	74	24	60.5	37	59	11	13	84.5	65.5	53.5	26.5	55	42	34.5	38	33.5	74	66	77	82.5	42.5	83.5	
87.5	28.5	32.5	10.5	86.5	35	79	59.5	53.5	42	43.5	22.5	7.5	80.5	84.5	38.5	52.5	67.5	48	89	68	29	15	37.5	59.5	52.5	28	25.5	72	42	29	87.5	71.5	51.5	28.5	43	52	28.5	64.5	62.5	36.5	26.5	30.5	66.5	38	34.5	14.5	13.5	0	24	72.5	33	18.5	40	17	39	44	69.5	53	29.5	25	86	43	73	53	18.5	20	69.5	16.5	46.5	36	14.5	68	62.5	21	57	70	85	73	40.5	27.5	77.5	70.5	81.5	41	20.5	39.5	33.5	53	70.5	68	60.5	22	53.5	79	44	50	35	47	26.5	66	33.5	90.5	38.5	70.5	25.5	57	33.5	55.5	7.5	14.5	81	62	50	23	51.5	38.5	31	34.5	35	70.5	62.5	73.5	79	39	80	
73.5	42.5	21.5	19.5	70.5	11	63	43.5	37.5	26	29.5	6.5	16.5	64.5	70.5	22.5	36.5	51.5	32	73	52	5	9	21.5	43.5	36.5	4	24.5	58	26	23	71.5	55.5	35.5	17.5	19	36	42.5	48.5	46.5	20.5	35.5	29.5	50.5	32	23.5	13.5	27.5	24	0	56.5	47	17.5	24	41	23	22	53.5	37	45.5	39	72	27	59	37	32.5	4	53.5	30.5	30.5	50	28.5	52	46.5	45	41	54	69	59	24.5	26.5	61.5	56.5	65.5	25	9.5	23.5	17.5	37	56.5	52	44.5	16	37.5	63	22	34	19	31	40.5	50	17.5	74.5	22.5	54.5	39.5	41	32.5	39.5	16.5	28.5	65	46	34	17	35.5	22.5	25	18.5	49	54.5	46.5	57.5	63	15	64	
25	69	60	68	26	57.5	18.5	27	39	50.5	41	50	65	22	22	36	40	25	44.5	28.5	24.5	61.5	57.5	45	33	40	60.5	67	14.5	34.5	63.5	25	1	41	64	49.5	40.5	69	8	30	44	66	62	26	54.5	58	62	76	72.5	56.5	0	79.5	66	32.5	65.5	53.5	46.5	23	39.5	62	87.5	23.5	45.5	15.5	39.5	79	52.5	3	79	44	76.5	77	29.5	30	61.5	29.5	22.5	22.5	15.5	48	65	5	18	21	43.5	58	53	51	35.5	18	24.5	12	64.5	39	18.5	46.5	22.5	37.5	45.5	71	33.5	51	32	54	38	82	35.5	59	37	65	77	36.5	29.5	32.5	65.5	41	54	61.5	52	77.5	38	30	39	18.5	53.5	37.5	
84.5	28.5	49.5	33.5	85.5	52	78	82.5	58.5	65	40.5	45.5	30.5	81.5	81.5	61.5	59.5	64.5	69	88	79	52	38	60.5	82.5	75.5	51	46.5	69	65	48	84.5	80.5	60.5	51.5	44	55	28.5	87.5	79.5	59.5	35.5	41.5	75.5	39	47.5	37.5	31.5	33	47	79.5	0	41.5	63	30	58	41	72.5	54	21.5	8	83	66	70	74	36.5	43	82.5	34.5	69.5	3	32.5	89	59.5	26	80	77	82	70	63.5	44.5	74.5	67.5	80.5	64	43.5	62.5	56.5	76	67.5	79	83.5	45	58.5	78	41	73	58	60	30.5	89	56.5	91.5	61.5	93.5	31.5	80	38.5	66.5	30.5	22.5	96	85	73	46	50.5	53.5	46	57.5	2	93.5	85.5	96.5	78	48	97	
79	37	26	14	80	28.5	72.5	53	47	35.5	35	16	11	74	76	32	46	59	41.5	82.5	61.5	22.5	8.5	31	53	46	21.5	7	63.5	35.5	22.5	79	65	45	22	36.5	45.5	37	58	56	30	30	12	60	31.5	28	4	22	18.5	17.5	66	41.5	0	33.5	35.5	32.5	35.5	63	46.5	36	33.5	77.5	36.5	64.5	46.5	27	13.5	63	25	40	44.5	23	61.5	54	35.5	50.5	63.5	76.5	64.5	34	9	69	62	75	34.5	14	33	27	46.5	62	61.5	54	15.5	47	72.5	35.5	43.5	28.5	40.5	35	59.5	27	84	32	64	34	50.5	15	49	11	23	74.5	55.5	43.5	16.5	45	32	24.5	28	43.5	64	56	67	72.5	32.5	73.5	
57.5	58.5	37.5	35.5	46.5	35	39	19.5	28.5	22	46.5	17.5	32.5	40.5	50.5	3.5	27.5	27.5	18	49	28	29	25	12.5	19.5	12.5	28	40.5	38	2	39	47.5	31.5	26.5	33.5	43	32	58.5	24.5	22.5	11.5	51.5	45.5	26.5	48	39.5	29.5	43.5	40	24	32.5	63	33.5	0	57	29	46	29.5	33	65.5	55	54	13	37	13	48.5	20	29.5	46.5	11.5	66	44.5	28	27.5	61	17	30	45	37	15.5	42.5	37.5	34.5	41.5	11	25.5	24.5	18.5	13	34.5	28	20.5	32	28.5	39	46	10	5	27	56.5	26	18.5	50.5	23.5	30.5	55.5	17	48.5	20.5	32.5	44.5	41	22	10	33	36.5	33.5	41	19.5	65	30.5	22.5	33.5	39	39	40	
70.5	19.5	35.5	27.5	71.5	38	64	76.5	44.5	51	26.5	39.5	24.5	67.5	67.5	55.5	45.5	50.5	55	74	65	44	32	54.5	68.5	65.5	45	32.5	55	59	34	70.5	66.5	46.5	39.5	30	41	19.5	73.5	65.5	53.5	21.5	27.5	61.5	25	33.5	31.5	30.5	17	41	65.5	30	35.5	57	0	44	27	58.5	40	12.5	38	69	60	56	60	29.5	37	68.5	31.5	61.5	27	31.5	75	45.5	4	74	63	68	56	57.5	30.5	60.5	53.5	66.5	58	37.5	48.5	50.5	70	53.5	65	77.5	39	44.5	64	27	67	52	46	21.5	83	50.5	77.5	49.5	87.5	32.5	66	24.5	52.5	24.5	31.5	82	79	67	40	36.5	39.5	32	51.5	28	87.5	79.5	84.5	64	34	83	
58.5	47.5	36.5	34.5	59.5	34	52	48.5	32.5	31	19.5	16.5	31.5	55.5	55.5	27.5	33.5	38.5	37	62	53	28	24	26.5	48.5	41.5	27	39.5	43	31	38	58.5	54.5	34.5	32.5	28	29	47.5	53.5	51.5	25.5	44.5	40.5	49.5	33	36.5	28.5	42.5	39	23	53.5	58	32.5	29	44	0	25	46.5	28	40.5	54	57	32	44	42	47.5	19	56.5	45.5	35.5	55	43.5	57	33.5	40	46	51	56	44	29.5	41.5	48.5	41.5	54.5	30	24.5	28.5	22.5	42	41.5	53	49.5	31	32.5	52	25	39	24	34	49.5	55	22.5	65.5	27.5	59.5	54.5	46	37.5	40.5	31.5	43.5	70	51	39	32	24.5	32.5	40	23.5	56	59.5	51.5	62.5	52	32	69	
51.5	30.5	21.5	41.5	52.5	11	45	65.5	25.5	32	7.5	28.5	38.5	48.5	48.5	44.5	26.5	31.5	36	55	46	17	31	41.5	49.5	46.5	18	28.5	36	48	25	51.5	47.5	27.5	25.5	3	22	30.5	54.5	46.5	42.5	27.5	23.5	42.5	16	19.5	35.5	45.5	44	22	46.5	41	35.5	46	27	25	0	39.5	21	23.5	49	50	41	37	41	40.5	26	49.5	42.5	42.5	38	44.5	56	26.5	23	57	44	49	37	38.5	26.5	41.5	34.5	47.5	43	31.5	29.5	35.5	51	34.5	46	58.5	32	25.5	45	0	56	41	27	32.5	72	35.5	58.5	30.5	68.5	43.5	47	20.5	33.5	38.5	50.5	63	68	54	31	17.5	20.5	23	34.5	39	68.5	68.5	65.5	45	7	64	
28	62	53	65	29	50.5	21.5	34	32	43.5	34	47	62	25	25	33	33	18	37.5	31.5	22.5	56.5	54.5	42	10	33	57.5	60	12.5	31.5	56.5	28	24	34	57	42.5	33.5	62	31	7	41	59	55	3	47.5	51	59	73	69.5	53.5	23	72.5	63	29.5	58.5	46.5	39.5	0	32.5	55	80.5	26.5	42.5	13.5	32.5	72	49.5	26	74	39	69.5	74	32.5	23	54.5	31.5	20.5	25.5	13.5	45	58	18	5	24	40.5	55	46	48	32.5	5	22.5	35	61.5	32	21.5	39.5	24.5	34.5	38.5	64	40.5	48	35	47	45	75	28.5	52	30	62	74	39.5	36.5	29.5	62.5	34	47	54.5	49	70.5	45	37	42	21.5	46.5	40.5	
44.5	43.5	34.5	48.5	45.5	32	38	52.5	18.5	11	15.5	30.5	45.5	41.5	41.5	31.5	19.5	24.5	29	48	39	38	38	30.5	42.5	39.5	39	41.5	29	35	38	44.5	40.5	20.5	38.5	24	1	43.5	47.5	39.5	29.5	40.5	36.5	35.5	29	32.5	42.5	56.5	53	37	39.5	54	46.5	33	40	28	21	32.5	0	36.5	62	43	34	30	34	53.5	33	42.5	55.5	35.5	51	57.5	49	19.5	36	50	37	42	30	31.5	39.5	34.5	27.5	40.5	34	38.5	27.5	31.5	44	27.5	39	51.5	45	18.5	38	21	43	28	6	45.5	59	31.5	51.5	28.5	61.5	56.5	40	33.5	26.5	45.5	57.5	56	55	43	44	15.5	28.5	36	32.5	52	61.5	55.5	58.5	38	28	57	
67	7	32	34	68	34.5	60.5	85	41	47.5	23	48	33	64	64	64	42	47	51.5	70.5	61.5	40.5	40.5	57	65	62	41.5	29	51.5	67.5	30.5	67	63	43	36	26.5	37.5	7	70	62	58	18	24	58	21.5	30	40	22	29.5	45.5	62	21.5	36	65.5	12.5	40.5	23.5	55	36.5	0	29.5	65.5	56.5	52.5	56.5	17	45.5	65	19	58	18.5	21	71.5	42	8.5	72.5	59.5	64.5	52.5	54	27	57	50	63	58.5	44	45	51	66.5	50	61.5	74	37.5	41	60.5	23.5	75.5	60.5	42.5	9	91.5	51	74	46	84	24	62.5	21	49	33	35	78.5	87.5	69.5	36.5	33	36	28.5	50	19.5	84	88	81	60.5	30.5	79.5	
92.5	36.5	47.5	25.5	93.5	50	86	74.5	66.5	57	48.5	37.5	22.5	89.5	89.5	53.5	67.5	72.5	63	96	83	44	30	52.5	74.5	67.5	43	40.5	77	57	44	92.5	86.5	66.5	43.5	52	63	36.5	79.5	77.5	51.5	41.5	45.5	81.5	47	49.5	29.5	23.5	25	39	87.5	8	33.5	55	38	54	49	80.5	62	29.5	0	91	58	78	68	28.5	35	84.5	26.5	61.5	11	24.5	83	67.5	34	72	85	90	78	55.5	42.5	82.5	75.5	88.5	56	35.5	54.5	48.5	68	75.5	83	75.5	37	66.5	86	49	65	50	62	36.5	81	48.5	99.5	53.5	85.5	25.5	72	46.5	70.5	22.5	14.5	96	77	65	38	58.5	53.5	46	49.5	10	85.5	77.5	88.5	86	54	95	
3.5	72.5	63.5	85.5	9.5	61	17	36.5	42.5	54	44.5	71.5	86.5	15.5	5.5	57.5	43.5	28.5	48	5	28	67	79	58.5	36.5	43.5	68	70.5	18	54	67	8.5	24.5	44.5	67.5	53	44	72.5	31.5	33.5	59.5	69.5	65.5	29.5	58	61.5	81.5	87.5	86	72	23.5	83	77.5	54	69	57	50	26.5	43	65.5	91	0	53	19	43	82.5	74	26.5	84.5	49.5	80	86.5	28	33.5	65	39	26	11	19	55.5	68.5	18.5	21.5	14.5	55	75.5	56.5	62.5	43	21.5	28	35.5	74	42.5	17	50	44	59	49	74.5	28	62.5	10.5	57.5	25.5	85.5	39	62.5	40.5	86.5	96.5	13	34	46	73	44.5	57.5	65	61.5	81	25.5	31.5	22.5	17	57	14	
54.5	61.5	40.5	38.5	55.5	38	48	32.5	31.5	25	35.5	20.5	35.5	51.5	51.5	11.5	30.5	34.5	5	58	41	32	28	15.5	32.5	25.5	31	43.5	39	15	42	54.5	44.5	29.5	36.5	44	35	61.5	37.5	35.5	14.5	54.5	48.5	39.5	49	42.5	32.5	46.5	43	27	45.5	66	36.5	13	60	32	41	42.5	34	56.5	58	53	0	40	26	51.5	23	42.5	49.5	19.5	69	47.5	41	29.5	56	30	43	52	40	18.5	45.5	44.5	37.5	50.5	2	28.5	27.5	21.5	26	37.5	41	33.5	35	31.5	48	41	23	8	30	59.5	39	21.5	61.5	26.5	43.5	58.5	30	51.5	28.5	35.5	47.5	54	35	23	36	35.5	36.5	44	22.5	68	43.5	35.5	46.5	48	42	53	
20.5	59.5	50.5	72.5	21.5	48	14	36.5	29.5	41	31.5	54.5	69.5	17.5	17.5	40.5	30.5	15.5	35	24	9	54	62	45.5	23.5	30.5	55	57.5	1	39	54	20.5	16.5	31.5	54.5	40	31	59.5	23.5	20.5	46.5	56.5	52.5	16.5	45	48.5	66.5	74.5	73	59	15.5	70	64.5	37	56	44	37	13.5	30	52.5	78	19	40	0	30	69.5	57	18.5	71.5	36.5	67	73.5	25	20.5	52	20	7	18	0	42.5	55.5	10.5	8.5	16.5	42	62.5	43.5	49.5	30	8.5	9	27.5	61	29.5	14	37	27	42	36	61.5	43	49.5	27.5	44.5	37.5	72.5	26	49.5	27.5	69.5	81.5	32	39	33	60	31.5	44.5	52	48.5	68	37.5	39.5	34.5	14	44	33	
44.5	63.5	50.5	48.5	45.5	48	38	32.5	33.5	35	35.5	30.5	45.5	41.5	41.5	16.5	34.5	24.5	31	48	39	42	38	25.5	32.5	25.5	41	53.5	29	11	52	44.5	40.5	35.5	46.5	44	35	63.5	37.5	35.5	24.5	60.5	56.5	35.5	49	52.5	42.5	56.5	53	37	39.5	74	46.5	13	60	42	41	32.5	34	56.5	68	43	26	30	0	61.5	33	42.5	59.5	24.5	71	57.5	41	24.5	56	30	37	42	30	28.5	55.5	34.5	27.5	40.5	24	38.5	37.5	31.5	26	27.5	39	33.5	45	33.5	38	41	23	18	40	65.5	39	31.5	51.5	36.5	43.5	68.5	30	53.5	31.5	45.5	57.5	54	35	23	46	35.5	46.5	54	32.5	72	43.5	35.5	46.5	38	48	53	
84	10	41	19	85	43.5	77.5	68	58	50.5	40	31	16	81	81	47	59	64	56.5	87.5	76.5	37.5	23.5	46	68	61	36.5	34	68.5	50.5	37.5	84	80	60	37	43.5	54.5	10	73	71	45	35	39	75	38.5	43	23	5	18.5	32.5	79	36.5	27	48.5	29.5	47.5	40.5	72	53.5	17	28.5	82.5	51.5	69.5	61.5	0	28.5	78	2	55	35.5	4	76.5	59	25.5	65.5	76.5	81.5	69.5	49	36	74	67	80	49.5	29	48	42	61.5	67	76.5	69	30.5	58	77.5	40.5	58.5	43.5	55.5	8	74.5	42	91	47	79	29	65.5	38	64	16	18	89.5	70.5	58.5	31.5	50	47	39.5	43	36.5	79	71	82	77.5	47.5	88.5	
77.5	38.5	17.5	15.5	66.5	15	59	39.5	33.5	22	31.5	2.5	12.5	60.5	70.5	18.5	32.5	47.5	28	69	48	9	5	17.5	39.5	32.5	8	20.5	58	22	19	67.5	51.5	31.5	13.5	23	32	38.5	44.5	42.5	16.5	31.5	25.5	46.5	28	19.5	9.5	23.5	20	4	52.5	43	13.5	20	37	19	26	49.5	33	45.5	35	74	23	57	33	28.5	0	49.5	26.5	26.5	46	24.5	48	42.5	41	37	50	65	57	20.5	22.5	57.5	54.5	61.5	21	5.5	19.5	13.5	33	54.5	48	40.5	12	33.5	59	26	30	15	27	36.5	46	13.5	70.5	18.5	50.5	35.5	37	28.5	35.5	12.5	24.5	61	42	30	13	31.5	18.5	21	14.5	45	50.5	42.5	53.5	59	19	60	
28	72	63	65	29	60.5	21.5	24	42	51.5	44	47	62	25	25	33	43	28	47.5	31.5	27.5	58.5	54.5	42	34	37	57.5	70	17.5	31.5	66.5	28	2	44	63	52.5	43.5	72	5	33	41	69	65	29	57.5	61	59	73	69.5	53.5	3	82.5	63	29.5	68.5	56.5	49.5	26	42.5	65	84.5	26.5	42.5	18.5	42.5	78	49.5	0	76	41	79.5	74	32.5	33	64.5	26.5	25.5	25.5	18.5	45	68	8	21	24	40.5	55	54	48	32.5	21	27.5	9	61.5	42	21.5	49.5	19.5	34.5	48.5	74	30.5	48	35	53	35	85	36.5	62	40	62	74	39.5	26.5	29.5	62.5	44	57	64.5	49	80.5	35	27	38	21.5	56.5	40.5	
86	12	39	17	87	41.5	79.5	66	60	48.5	42	29	14	83	83	45	59	66	54.5	89.5	74.5	35.5	21.5	44	66	59	34.5	32	70.5	48.5	35.5	86	78	58	35	45.5	56.5	12	71	69	43	33	37	73	40.5	41	21	3	16.5	30.5	79	34.5	25	46.5	31.5	45.5	42.5	74	55.5	19	26.5	84.5	49.5	71.5	59.5	2	26.5	76	0	53	37.5	2	74.5	61	27.5	63.5	76.5	83.5	71.5	47	34	76	69	82	47.5	27	46	40	59.5	69	74.5	67	28.5	60	79.5	42.5	56.5	41.5	53.5	10	72.5	40	93	45	77	27	63.5	40	62	14	16	87.5	68.5	56.5	29.5	52	45	37.5	41	36.5	77	69	80	79.5	45.5	86.5	
51	65	44	42	52	41.5	44.5	31	35	28.5	37	24	39	48	48	8	34	31	24.5	54.5	39.5	35.5	31.5	19	31	24	34.5	47	35.5	13.5	45.5	51	43	33	40	45.5	36.5	65	36	34	18	58	52	38	50.5	46	36	50	46.5	30.5	44	69.5	40	11.5	61.5	35.5	42.5	39	35.5	58	61.5	49.5	19.5	36.5	24.5	55	26.5	41	53	0	72.5	51	39.5	16	57.5	28.5	41.5	48.5	36.5	22	49	41	34	47	17.5	32	31	25	24.5	34	39.5	32	38.5	35	44.5	42.5	21.5	11.5	33.5	63	37.5	25	58	30	42	62	28.5	55	9	39	51	52.5	33.5	21.5	39.5	37	40	47.5	26	71.5	42	34	45	44.5	45.5	51.5	
81.5	25.5	46.5	36.5	82.5	49	75	85.5	55.5	62	37.5	48.5	33.5	78.5	78.5	64.5	56.5	61.5	66	85	76	55	41	63.5	79.5	76.5	54	43.5	66	68	45	81.5	77.5	57.5	50.5	41	52	25.5	84.5	76.5	62.5	32.5	38.5	72.5	36	44.5	40.5	34.5	36	50	76.5	3	44.5	66	27	55	38	69.5	51	18.5	11	80	69	67	71	35.5	46	79.5	37.5	72.5	0	35.5	86	56.5	23	83	74	79	67	66.5	41.5	71.5	64.5	77.5	67	46.5	59.5	59.5	79	64.5	76	86.5	48	55.5	75	38	76	61	57	27.5	92	59.5	88.5	60.5	96.5	28.5	77	35.5	63.5	33.5	25.5	93	88	76	49	47.5	50.5	43	60.5	1	96.5	88.5	95.5	75	45	94	
88	14	37	15	89	39.5	81.5	64	58	46.5	44	27	12	85	85	43	57	68	52.5	91.5	72.5	33.5	19.5	42	64	57	32.5	30	72.5	46.5	33.5	88	76	56	33	47.5	56.5	14	69	67	41	31	35	71	42.5	39	19	1	14.5	28.5	77	32.5	23	44.5	31.5	43.5	44.5	74	57.5	21	24.5	86.5	47.5	73.5	57.5	4	24.5	74	2	51	35.5	0	72.5	63	29.5	61.5	74.5	85.5	73.5	45	32	78	71	84	45.5	25	44	38	57.5	71	72.5	65	26.5	58	81.5	44.5	54.5	39.5	51.5	12	70.5	38	95	43	75	25	61.5	38	60	12	14	85.5	66.5	54.5	27.5	54	43	35.5	39	34.5	75	67	78	81.5	43.5	84.5	
29.5	78.5	65.5	63.5	30.5	63	11	17.5	48.5	50	50.5	45.5	60.5	26.5	26.5	31.5	49.5	34.5	46	33	34	57	53	40.5	32.5	35.5	56	68.5	24	30	67	29.5	30.5	50.5	61.5	59	50	78.5	27.5	35.5	39.5	75.5	71.5	35.5	64	67.5	57.5	71.5	68	52	29.5	89	61.5	28	75	57	56	32.5	49	71.5	83	28	41	25	41	76.5	48	32.5	74.5	39.5	86	72.5	0	39.5	71	25	32	27	25	43.5	70.5	24.5	27.5	25.5	39	53.5	52.5	46.5	31	27.5	34	23.5	60	48.5	11	56	18	33	55	80.5	24	46.5	36.5	51.5	28.5	83.5	35	68.5	46.5	60.5	72.5	39	20	28	61	50.5	61.5	69	47.5	87	28.5	20.5	31.5	11	63	38	
35	49	40	58	36	37.5	28.5	47	19	30.5	21	40	55	32	32	24	20	15	24.5	38.5	29.5	43.5	47.5	35	33	30	44.5	47	19.5	29.5	43.5	35	31	21	44	29.5	20.5	49	38	30	34	46	42	26	34.5	38	52	64	62.5	46.5	30	59.5	54	27.5	45.5	33.5	26.5	23	19.5	42	67.5	33.5	29.5	20.5	24.5	59	42.5	33	61	16	56.5	63	39.5	0	41.5	40.5	27.5	32.5	20.5	32	45	25	18	31	31.5	48	33	39	34.5	18	29.5	42	50.5	19	28.5	26.5	37.5	27.5	25.5	51	53.5	39	42	34	52	62	30.5	39	7	55	67	46.5	49.5	37.5	49.5	21	34	41.5	38	57.5	52	50	49	28.5	33.5	47.5	
66.5	15.5	31.5	31.5	67.5	34	60	80.5	40.5	47	22.5	43.5	28.5	63.5	63.5	59.5	41.5	46.5	51	70	61	40	36	56.5	64.5	61.5	41	28.5	51	63	30	66.5	62.5	42.5	35.5	26	37	15.5	69.5	61.5	57.5	17.5	23.5	57.5	21	29.5	35.5	30.5	21	45	61.5	26	35.5	61	4	40	23	54.5	36	8.5	34	65	56	52	56	25.5	41	64.5	27.5	57.5	23	29.5	71	41.5	0	72	59	64	52	53.5	26.5	56.5	49.5	62.5	58	41.5	44.5	50.5	66	49.5	61	73.5	37	40.5	60	23	71	56	42	17.5	87	50.5	73.5	45.5	83.5	28.5	62	20.5	48.5	28.5	35.5	78	83	69	36	32.5	35.5	28	49.5	24	83.5	83.5	80.5	60	30	79	
40.5	75.5	54.5	52.5	41.5	52	34	16.5	45.5	39	51.5	34.5	49.5	37.5	37.5	20.5	44.5	35.5	35	44	11	46	42	29.5	21.5	24.5	45	57.5	21	19	56	40.5	28.5	43.5	50.5	60	49	75.5	21.5	24.5	28.5	68.5	62.5	28.5	65	56.5	46.5	60.5	57	41	29.5	80	50.5	17	74	46	57	31.5	50	72.5	72	39	30	20	30	65.5	37	26.5	63.5	28.5	83	61.5	25	40.5	72	0	13	38	20	32.5	59.5	30.5	28.5	36.5	28	42.5	41.5	35.5	20	28.5	11	17.5	49	45.5	34	57	7	22	44	73.5	23	35.5	47.5	40.5	27.5	72.5	24	65.5	37.5	49.5	61.5	38	19	17	50	51.5	50.5	58	36.5	82	27.5	19.5	30.5	34	56	37	
27.5	66.5	57.5	65.5	28.5	55	21	29.5	36.5	48	38.5	47.5	62.5	24.5	24.5	33.5	37.5	22.5	42	31	2	59	55	42.5	30.5	37.5	58	64.5	8	32	61	27.5	23.5	38.5	61.5	47	38	66.5	30.5	27.5	41.5	63.5	59.5	23.5	52	55.5	59.5	73.5	70	54	22.5	77	63.5	30	63	51	44	20.5	37	59.5	85	26	43	7	37	76.5	50	25.5	76.5	41.5	74	74.5	32	27.5	59	13	0	25	7	45.5	62.5	17.5	15.5	23.5	41	55.5	50.5	48.5	33	15.5	2	30.5	62	36.5	21	44	20	35	43	68.5	36	48.5	34.5	51.5	40.5	79.5	33	56.5	34.5	62.5	74.5	39	32	30	63	38.5	51.5	59	49.5	75	40.5	32.5	41.5	21	51	40	
12.5	71.5	62.5	80.5	13.5	60	16	29.5	41.5	53	43.5	62.5	77.5	14.5	9.5	48.5	42.5	27.5	47	16	27	66	70	57.5	35.5	42.5	67	69.5	17	47	66	12.5	23.5	43.5	66.5	52	43	71.5	30.5	32.5	56.5	68.5	64.5	28.5	57	60.5	74.5	86.5	85	69	22.5	82	76.5	45	68	56	49	25.5	42	64.5	90	11	52	18	42	81.5	65	25.5	83.5	48.5	79	85.5	27	32.5	64	38	25	0	18	54.5	67.5	17.5	20.5	13.5	54	70.5	55.5	61.5	42	20.5	27	34.5	73	41.5	16	49	35	50	48	73.5	31	61.5	19.5	56.5	29.5	84.5	38	61.5	39.5	77.5	89.5	24	23	45	72	43.5	56.5	64	60.5	80	29.5	27.5	26.5	16	56	25	
20.5	59.5	50.5	72.5	21.5	48	14	36.5	29.5	41	31.5	54.5	69.5	17.5	17.5	40.5	30.5	15.5	35	24	9	54	62	45.5	23.5	30.5	55	57.5	1	39	54	20.5	16.5	31.5	54.5	40	31	59.5	23.5	20.5	46.5	56.5	52.5	16.5	45	48.5	66.5	74.5	73	59	15.5	70	64.5	37	56	44	37	13.5	30	52.5	78	19	40	0	30	69.5	57	18.5	71.5	36.5	67	73.5	25	20.5	52	20	7	18	0	42.5	55.5	10.5	8.5	16.5	42	62.5	43.5	49.5	30	8.5	9	27.5	61	29.5	14	37	27	42	36	61.5	43	49.5	27.5	44.5	37.5	72.5	26	49.5	27.5	69.5	81.5	32	39	33	60	31.5	44.5	52	48.5	68	37.5	39.5	34.5	14	44	33	
57	59	38	36	58	35.5	50.5	35	13	22.5	33	18	33	54	54	14	12	37	23.5	60.5	43.5	29.5	25.5	3	35	28	28.5	41	41.5	17.5	39.5	57	47	11	34	41.5	32.5	59	40	38	4	52	46	42	46.5	40	30	44	40.5	24.5	48	63.5	34	15.5	57.5	29.5	38.5	45	31.5	54	55.5	55.5	18.5	42.5	28.5	49	20.5	45	47	22	66.5	45	43.5	32	53.5	32.5	45.5	54.5	42.5	0	43	47	40	53	16.5	26	25	19	28.5	40	43.5	36	32.5	13	50.5	38.5	25.5	10.5	27.5	57	41.5	19	64	24	46	56	32.5	49	31	33	45	56.5	37.5	25.5	33.5	33	34	41.5	20	65.5	46	38	49	50.5	39.5	55.5	
70	34	35	23	71	37.5	63.5	62	44	44.5	26	25	20	67	67	41	45	50	50.5	73.5	64.5	31.5	17.5	40	62	55	30.5	2	54.5	44.5	31.5	70	66	46	31	29.5	40.5	34	67	65	39	31	3	61	24.5	33	13	31	27.5	26.5	65	44.5	9	42.5	30.5	41.5	26.5	58	39.5	27	42.5	68.5	45.5	55.5	55.5	36	22.5	68	34	49	41.5	32	70.5	45	26.5	59.5	62.5	67.5	55.5	43	0	60	53	66	43.5	23	42	36	55.5	53	64.5	63	24.5	44	63.5	26.5	52.5	37.5	45.5	36	68.5	36	77	41	73	43	59.5	6	52	20	32	81.5	64.5	52.5	25.5	36	39	31.5	37	42.5	73	65	76	63.5	33.5	82.5	
20	64	55	73	21	52.5	13.5	32	34	45.5	36	55	70	17	17	41	35	20	39.5	23.5	19.5	58.5	62.5	50	28	35	59.5	62	9.5	39.5	58.5	20	6	36	59	44.5	35.5	64	13	25	49	61	57	21	49.5	53	67	79	77.5	61.5	5	74.5	69	37.5	60.5	48.5	41.5	18	34.5	57	82.5	18.5	44.5	10.5	34.5	74	57.5	8	76	41	71.5	78	24.5	25	56.5	30.5	17.5	17.5	10.5	47	60	0	13	16	46.5	63	48	54	34.5	13	19.5	17	65.5	34	13.5	41.5	27.5	42.5	40.5	66	38.5	54	27	49	37	77	30.5	54	32	70	82	31.5	34.5	37.5	64.5	36	49	56.5	53	72.5	37	35	34	13.5	48.5	32.5	
23	57	48	70	24	45.5	16.5	39	27	38.5	29	52	67	20	20	38	28	13	32.5	26.5	17.5	51.5	59.5	43	15	28	52.5	55	7.5	36.5	51.5	23	19	29	52	37.5	28.5	57	26	12	44	54	50	8	42.5	46	64	72	70.5	56.5	18	67.5	62	34.5	53.5	41.5	34.5	5	27.5	50	75.5	21.5	37.5	8.5	27.5	67	54.5	21	69	34	64.5	71	27.5	18	49.5	28.5	15.5	20.5	8.5	40	53	13	0	19	39.5	60	41	47	27.5	0	17.5	30	58.5	27	16.5	34.5	29.5	39.5	33.5	59	45.5	47	30	42	40	70	23.5	47	25	67	79	34.5	41.5	30.5	57.5	29	42	49.5	46	65.5	40	42	37	16.5	41.5	35.5	
16	70	61	77	17	58.5	14.5	22	40	51.5	42	59	74	1	13	45	41	26	45.5	19.5	25.5	64.5	66.5	54	34	41	65.5	68	15.5	43.5	64.5	16	22	42	65	50.5	41.5	70	29	31	53	67	63	27	55.5	59	71	85	81.5	65.5	21	80.5	75	41.5	66.5	54.5	47.5	24	40.5	63	88.5	14.5	50.5	16.5	40.5	80	61.5	24	82	47	77.5	84	25.5	31	62.5	36.5	23.5	13.5	16.5	53	66	16	19	0	52.5	67	54	60	40.5	19	25.5	33	71.5	40	14.5	47.5	31.5	46.5	46.5	72	32.5	60	23	55	33	83	36.5	60	38	74	86	27.5	28.5	41.5	70.5	42	55	62.5	59	78.5	33	29	30	14.5	54.5	28.5	
56.5	59.5	38.5	36.5	57.5	36	50	30.5	29.5	23	37.5	18.5	33.5	51.5	53.5	9.5	28.5	36.5	7	60	39	30	26	13.5	30.5	23.5	29	41.5	41	13	40	56.5	42.5	27.5	34.5	44	33	59.5	35.5	33.5	12.5	52.5	46.5	37.5	49	40.5	30.5	44.5	41	25	43.5	64	34.5	11	58	30	43	40.5	34	58.5	56	55	2	42	24	49.5	21	40.5	47.5	17.5	67	45.5	39	31.5	58	28	41	54	42	16.5	43.5	46.5	39.5	52.5	0	26.5	25.5	19.5	24	39.5	39	31.5	33	29.5	50	43	21	6	28	57.5	37	19.5	61.5	24.5	41.5	56.5	28	49.5	26.5	33.5	45.5	52	33	21	34	37.5	34.5	42	20.5	66	41.5	33.5	44.5	50	40	51	
77	39	12	16	72	20.5	64.5	45	39	27.5	33	8	13	66	74	24	38	53	33.5	74.5	53.5	14.5	5.5	23	45	38	13.5	21	61.5	27.5	19.5	73	57	37	8	28.5	37.5	39	50	48	22	32	26	52	28.5	14	10	24	20.5	9.5	58	43.5	14	25.5	37.5	24.5	31.5	55	38.5	44	35.5	75.5	28.5	62.5	38.5	29	5.5	55	27	32	46.5	25	53.5	48	41.5	42.5	55.5	70.5	62.5	26	23	63	60	67	26.5	0	25	19	38.5	60	53.5	46	12.5	39	64.5	31.5	35.5	20.5	32.5	37	51.5	19	76	24	56	36	42.5	29	41	13	25	66.5	47.5	35.5	13.5	37	24	21.5	20	45.5	56	48	59	64.5	24.5	65.5	
58	52	37	35	59	34.5	51.5	44	32	26.5	24	17	32	55	55	23	33	38	32.5	61.5	52.5	28.5	24.5	22	44	37	27.5	40	42.5	26.5	38.5	58	54	34	33	32.5	28.5	52	49	47	21	49	45	49	37.5	39	29	43	39.5	23.5	53	62.5	33	24.5	48.5	28.5	29.5	46	27.5	45	54.5	56.5	27.5	43.5	37.5	48	19.5	54	46	31	59.5	44	52.5	33	44.5	41.5	50.5	55.5	43.5	25	42	48	41	54	25.5	25	0	6	37.5	41	52.5	45	31.5	32	51.5	29.5	34.5	19.5	31.5	54	50.5	6	65	1	55	55	41.5	42	40	32	44	65.5	46.5	34.5	32.5	12	33	40.5	5	60.5	55	47	58	51.5	36.5	64.5	
64	52	31	29	65	28.5	57.5	38	32	20.5	30	11	26	59	61	17	31	44	26.5	67.5	46.5	22.5	18.5	16	38	31	21.5	34	48.5	20.5	32.5	64	50	30	27	36.5	30.5	52	43	41	15	45	39	45	41.5	33	23	37	33.5	17.5	51	56.5	27	18.5	50.5	22.5	35.5	48	31.5	51	48.5	62.5	21.5	49.5	31.5	42	13.5	48	40	25	59.5	38	46.5	39	50.5	35.5	48.5	61.5	49.5	19	36	54	47	60	19.5	19	6	0	31.5	47	46.5	39	25.5	32	57.5	35.5	28.5	13.5	25.5	50	44.5	0	69	5	49	49	35.5	42	34	26	38	59.5	40.5	28.5	26.5	18	27	34.5	1	58.5	49	41	52	57.5	32.5	58.5	
44.5	71.5	50.5	48.5	45.5	48	38	22.5	41.5	35	45.5	30.5	45.5	41.5	41.5	16.5	40.5	29.5	31	48	31	42	38	25.5	22.5	20.5	41	53.5	29	15	52	44.5	34.5	39.5	46.5	54	45	71.5	27.5	25.5	24.5	64.5	58.5	29.5	59	52.5	42.5	56.5	53	37	35.5	76	46.5	13	70	42	51	32.5	44	66.5	68	43	26	30	26	61.5	33	32.5	59.5	24.5	79	57.5	31	34.5	66	20	33	42	30	28.5	55.5	34.5	27.5	40.5	24	38.5	37.5	31.5	0	27.5	31	23.5	45	41.5	38	51	13	18	40	69.5	29	31.5	51.5	36.5	33.5	68.5	4	61.5	33.5	45.5	57.5	44	25	3	46	45.5	46.5	54	32.5	78	33.5	25.5	36.5	38	52	43	
23	57	48	70	24	45.5	16.5	39	27	38.5	29	52	67	20	20	38	28	13	32.5	26.5	17.5	51.5	59.5	43	15	28	52.5	55	7.5	36.5	51.5	23	19	29	52	37.5	28.5	57	26	12	44	54	50	8	42.5	46	64	72	70.5	56.5	18	67.5	62	34.5	53.5	41.5	34.5	5	27.5	50	75.5	21.5	37.5	8.5	27.5	67	54.5	21	69	34	64.5	71	27.5	18	49.5	28.5	15.5	20.5	8.5	40	53	13	0	19	39.5	60	41	47	27.5	0	17.5	30	58.5	27	16.5	34.5	29.5	39.5	33.5	59	45.5	47	30	42	40	70	23.5	47	25	67	79	34.5	41.5	30.5	57.5	29	42	49.5	46	65.5	40	42	37	16.5	41.5	35.5	
29.5	68.5	59.5	63.5	30.5	57	23	27.5	38.5	50	40.5	45.5	60.5	26.5	26.5	31.5	39.5	24.5	44	33	0	57	53	40.5	32.5	35.5	56	66.5	10	30	63	29.5	25.5	40.5	61.5	49	40	68.5	32.5	29.5	39.5	65.5	61.5	25.5	54	57.5	57.5	71.5	68	52	24.5	79	61.5	28	65	53	46	22.5	39	61.5	83	28	41	9	39	76.5	48	27.5	74.5	39.5	76	72.5	34	29.5	61	11	2	27	9	43.5	64.5	19.5	17.5	25.5	39	53.5	52.5	46.5	31	17.5	0	28.5	60	38.5	23	46	18	33	45	70.5	34	46.5	36.5	51.5	38.5	81.5	35	58.5	36.5	60.5	72.5	41	30	28	61	40.5	53.5	61	47.5	77	38.5	30.5	41.5	23	53	42	
37	79	58	56	38	55.5	30.5	15	49	42.5	53	38	53	34	34	24	48	37	38.5	40.5	28.5	49.5	45.5	33	25	28	48.5	61	26.5	22.5	59.5	37	11	47	54	61.5	52.5	79	4	28	32	72	66	32	66.5	60	50	64	60.5	44.5	12	83.5	54	20.5	77.5	49.5	58.5	35	51.5	74	75.5	35.5	33.5	27.5	33.5	69	40.5	9	67	32	86.5	65	23.5	42	73.5	17.5	30.5	34.5	27.5	36	63	17	30	33	31.5	46	45	39	23.5	30	28.5	0	52.5	49	30.5	58.5	10.5	25.5	47.5	77	21.5	39	44	44	26	76	27.5	69	41	53	65	36.5	17.5	20.5	53.5	53	54	61.5	40	85.5	26	18	29	30.5	59.5	35.5	
75.5	40.5	24.5	17.5	76.5	27	69	51.5	45.5	34	31.5	14.5	14.5	72.5	72.5	30.5	44.5	55.5	40	79	60	21	7	29.5	51.5	44.5	20	22.5	60	34	7	75.5	63.5	43.5	20.5	35	44	40.5	56.5	54.5	28.5	33.5	27.5	58.5	16	26.5	11.5	25.5	22	16	64.5	45	15.5	32	39	31	32	61.5	45	37.5	37	74	35	61	45	30.5	12	61.5	28.5	38.5	48	26.5	60	50.5	37	49	62	73	61	32.5	24.5	65.5	58.5	71.5	33	12.5	31.5	25.5	45	58.5	60	52.5	0	45.5	69	32	42	27	39	38.5	58	25.5	82.5	30.5	62.5	37.5	49	30.5	47.5	14.5	26.5	73	54	42	1	41.5	30.5	9	26.5	47	62.5	54.5	65.5	69	31	72	
44	48	39	49	45	36.5	37.5	48	0	29.5	20	31	46	41	41	27	1	24	28.5	47.5	38.5	42.5	38.5	16	42	39	41.5	46	28.5	30.5	42.5	44	40	2	43	28.5	19.5	48	47	39	17	45	41	35	33.5	37	43	57	53.5	37.5	39	58.5	47	28.5	44.5	32.5	25.5	32	18.5	41	66.5	42.5	31.5	29.5	33.5	58	33.5	42	60	35	55.5	58	48.5	19	40.5	45.5	36.5	41.5	29.5	13	44	34	27	40	29.5	39	32	32	41.5	27	38.5	49	45.5	0	37.5	25.5	38.5	23.5	24.5	50	54.5	32	51	33	59	61	39.5	38	26	46	58	55.5	50.5	38.5	46.5	20	33	40.5	33	56.5	59	51	58	37.5	32.5	56.5	
18.5	67.5	58.5	74.5	19.5	56	0	28.5	37.5	49	39.5	56.5	71.5	15.5	15.5	42.5	38.5	23.5	43	22	23	62	64	51.5	31.5	38.5	63	65.5	13	41	62	18.5	19.5	39.5	62.5	48	39	67.5	26.5	28.5	50.5	64.5	60.5	24.5	53	56.5	68.5	82.5	79	63	18.5	78	72.5	39	64	52	45	21.5	38	60.5	86	17	48	14	38	77.5	59	21.5	79.5	44.5	75	81.5	11	28.5	60	34	21	16	14	50.5	63.5	13.5	16.5	14.5	50	64.5	51.5	57.5	38	16.5	23	30.5	69	37.5	0	45	29	44	44	69.5	35	57.5	25.5	52.5	35.5	80.5	34	57.5	35.5	71.5	83.5	30	31	39	68	39.5	52.5	60	56.5	76	35.5	31.5	32.5	0	52	31	
51.5	30.5	21.5	41.5	52.5	11	45	65.5	25.5	32	7.5	28.5	38.5	48.5	48.5	44.5	26.5	31.5	36	55	46	17	31	41.5	49.5	46.5	18	28.5	36	48	25	51.5	47.5	27.5	25.5	3	22	30.5	54.5	46.5	42.5	27.5	23.5	42.5	16	19.5	35.5	45.5	44	22	46.5	41	35.5	46	27	25	0	39.5	21	23.5	49	50	41	37	41	40.5	26	49.5	42.5	42.5	38	44.5	56	26.5	23	57	44	49	37	38.5	26.5	41.5	34.5	47.5	43	31.5	29.5	35.5	51	34.5	46	58.5	32	25.5	45	0	56	41	27	32.5	72	35.5	58.5	30.5	68.5	43.5	47	20.5	33.5	38.5	50.5	63	68	54	31	17.5	20.5	23	34.5	39	68.5	68.5	65.5	45	7	64	
47.5	68.5	47.5	45.5	36.5	45	29	9.5	38.5	32	56.5	27.5	42.5	30.5	40.5	13.5	37.5	32.5	28	39	18	39	35	22.5	14.5	17.5	38	50.5	28	12	49	37.5	21.5	36.5	43.5	53	42	68.5	14.5	17.5	21.5	61.5	55.5	21.5	58	49.5	39.5	53.5	50	34	22.5	73	43.5	10	67	39	56	24.5	43	75.5	65	44	23	27	23	58.5	30	19.5	56.5	21.5	76	54.5	18	37.5	71	7	20	35	27	25.5	52.5	27.5	29.5	31.5	21	35.5	34.5	28.5	13	29.5	18	10.5	42	38.5	29	56	0	15	37	66.5	16	28.5	40.5	33.5	20.5	65.5	17	58.5	30.5	42.5	54.5	31	12	10	43	46.5	43.5	51	29.5	75	20.5	12.5	23.5	29	49	30	
62.5	53.5	32.5	30.5	51.5	30	44	24.5	23.5	17	41.5	12.5	27.5	45.5	55.5	3.5	22.5	32.5	13	54	33	24	20	7.5	24.5	17.5	23	35.5	43	7	34	52.5	36.5	21.5	28.5	38	27	53.5	29.5	27.5	6.5	46.5	40.5	31.5	43	34.5	24.5	38.5	35	19	37.5	58	28.5	5	52	24	41	34.5	28	60.5	50	59	8	42	18	43.5	15	34.5	41.5	11.5	61	39.5	33	27.5	56	22	35	50	42	10.5	37.5	42.5	39.5	46.5	6	20.5	19.5	13.5	18	39.5	33	25.5	27	23.5	44	41	15	0	22	51.5	31	13.5	55.5	18.5	35.5	50.5	22	43.5	20.5	27.5	39.5	46	27	15	28	31.5	28.5	36	14.5	60	35.5	27.5	38.5	44	34	45	
50.5	49.5	40.5	42.5	51.5	38	44	46.5	24.5	5	21.5	24.5	39.5	47.5	47.5	25.5	25.5	30.5	35	54	45	36	32	24.5	46.5	39.5	35	47.5	35	29	44	50.5	46.5	26.5	40.5	30	5	49.5	51.5	45.5	23.5	46.5	42.5	41.5	35	38.5	36.5	50.5	47	31	45.5	60	40.5	27	46	34	27	38.5	6	42.5	62	49	30	36	40	55.5	27	48.5	53.5	33.5	57	51.5	55	25.5	42	44	43	48	36	27.5	45.5	40.5	33.5	46.5	28	32.5	31.5	25.5	40	33.5	45	47.5	39	24.5	44	27	37	22	0	51.5	53	25.5	57.5	30.5	57.5	62.5	44	39.5	32.5	39.5	51.5	62	49	37	40	21.5	34.5	42	26.5	58	57.5	49.5	60.5	44	34	63	
76	2	41	27	77	43.5	69.5	76	50	56.5	32	39	24	73	73	55	51	56	60.5	79.5	70.5	45.5	31.5	54	74	69	44.5	38	60.5	58.5	39.5	76	72	52	45	35.5	46.5	2	79	71	53	27	33	67	30.5	39	31	13	26.5	40.5	71	30.5	35	56.5	21.5	49.5	32.5	64	45.5	9	36.5	74.5	59.5	61.5	65.5	8	36.5	74	10	63	27.5	12	80.5	51	17.5	73.5	68.5	73.5	61.5	57	36	66	59	72	57.5	37	54	50	69.5	59	70.5	77	38.5	50	69.5	32.5	66.5	51.5	51.5	0	82.5	50	83	55	87	33	71.5	30	58	24	26	87.5	78.5	66.5	39.5	42	45	37.5	51	28.5	87	79	90	69.5	39.5	88.5	
31.5	84.5	63.5	61.5	27.5	61	35	10.5	54.5	48	72.5	43.5	58.5	31.5	31.5	29.5	53.5	48.5	44	23	34	55	51	38.5	30.5	33.5	54	66.5	44	28	65	28.5	32.5	52.5	59.5	69	58	84.5	25.5	33.5	37.5	77.5	71.5	37.5	74	65.5	55.5	69.5	66	50	33.5	89	59.5	26	83	55	72	40.5	59	91.5	81	28	39	43	39	74.5	46	30.5	72.5	37.5	92	70.5	24	53.5	87	23	36	31	43	41.5	68.5	38.5	45.5	32.5	37	51.5	50.5	44.5	29	45.5	34	21.5	58	54.5	35	72	16	31	53	82.5	0	44.5	26.5	49.5	11.5	81.5	33	74.5	46.5	58.5	70.5	15	8	26	59	62.5	59.5	67	45.5	91	11.5	3.5	14.5	35	65	14	
64	52	31	29	65	28.5	57.5	38	32	20.5	30	11	26	59	61	17	31	44	26.5	67.5	46.5	22.5	18.5	16	38	31	21.5	34	48.5	20.5	32.5	64	50	30	27	36.5	30.5	52	43	41	15	45	39	45	41.5	33	23	37	33.5	17.5	51	56.5	27	18.5	50.5	22.5	35.5	48	31.5	51	48.5	62.5	21.5	49.5	31.5	42	13.5	48	40	25	59.5	38	46.5	39	50.5	35.5	48.5	61.5	49.5	19	36	54	47	60	19.5	19	6	0	31.5	47	46.5	39	25.5	32	57.5	35.5	28.5	13.5	25.5	50	44.5	0	69	5	49	49	35.5	42	34	26	38	59.5	40.5	28.5	26.5	18	27	34.5	1	58.5	49	41	52	57.5	32.5	58.5	
7	81	72	86	18	69.5	25.5	35	51	62.5	53	68	83	24	14	54	52	37	56.5	15.5	36.5	75.5	75.5	63	45	52	76.5	79	26.5	52.5	75.5	17	33	53	76	61.5	52.5	81	40	42	62	78	74	38	66.5	70	80	94	90.5	74.5	32	91.5	84	50.5	77.5	65.5	58.5	35	51.5	74	99.5	10.5	61.5	27.5	51.5	91	70.5	35	93	58	88.5	95	36.5	42	73.5	47.5	34.5	19.5	27.5	64	77	27	30	23	61.5	76	65	69	51.5	30	36.5	44	82.5	51	25.5	58.5	40.5	55.5	57.5	83	26.5	69	0	66	34	94	47.5	71	49	83	95	23.5	32.5	50.5	81.5	53	66	73.5	70	89.5	34	28	31	25.5	65.5	24.5	
59	53	36	34	60	33.5	52.5	43	33	25.5	25	16	31	56	56	22	34	39	31.5	62.5	51.5	27.5	23.5	21	43	36	26.5	39	43.5	25.5	37.5	59	55	35	32	33.5	29.5	53	48	46	20	50	44	50	38.5	38	28	42	38.5	22.5	54	61.5	32	23.5	49.5	27.5	30.5	47	28.5	46	53.5	57.5	26.5	44.5	36.5	47	18.5	53	45	30	60.5	43	51.5	34	45.5	40.5	51.5	56.5	44.5	24	41	49	42	55	24.5	24	1	5	36.5	42	51.5	44	30.5	33	52.5	30.5	33.5	18.5	30.5	55	49.5	5	66	0	54	54	40.5	43	39	31	43	64.5	45.5	33.5	31.5	13	32	39.5	4	61.5	54	46	57	52.5	37.5	63.5	
27	89	68	66	16	65.5	35.5	15	59	52.5	63	48	63	34	20	34	58	47	48.5	30.5	38.5	59.5	55.5	43	35	38	58.5	71	36.5	32.5	69.5	17	37	57	64	71.5	62.5	89	30	38	42	82	76	42	76.5	70	60	74	70.5	54.5	38	93.5	64	30.5	87.5	59.5	68.5	45	61.5	84	85.5	25.5	43.5	37.5	43.5	79	50.5	35	77	42	96.5	75	28.5	52	83.5	27.5	40.5	29.5	37.5	46	73	37	40	33	41.5	56	55	49	33.5	40	38.5	26	62.5	59	35.5	68.5	20.5	35.5	57.5	87	11.5	49	34	54	0	86	37.5	79	51	63	75	26.5	12.5	30.5	63.5	63	64	71.5	50	95.5	0	8	3	35.5	69.5	25.5	
87	31	48	26	88	50.5	80.5	75	61	57.5	43	38	23	84	84	54	62	67	63.5	90.5	81.5	44.5	30.5	53	75	68	43.5	41	71.5	57.5	44.5	87	83	63	44	46.5	57.5	31	80	78	52	38	44	78	41.5	50	30	24	25.5	39.5	82	31.5	34	55.5	32.5	54.5	43.5	75	56.5	24	25.5	85.5	58.5	72.5	68.5	29	35.5	85	27	62	28.5	25	83.5	62	28.5	72.5	79.5	84.5	72.5	56	43	77	70	83	56.5	36	55	49	68.5	70	81.5	76	37.5	61	80.5	43.5	65.5	50.5	62.5	33	81.5	49	94	54	86	0	72.5	41	69	23	11	96.5	77.5	65.5	38.5	53	54	46.5	50	29.5	86	78	89	80.5	50.5	95.5	
40.5	69.5	54.5	52.5	41.5	52	34	26.5	39.5	39	41.5	34.5	49.5	37.5	37.5	20.5	40.5	25.5	35	44	35	46	42	29.5	26.5	24.5	45	57.5	25	19	56	40.5	36.5	41.5	50.5	50	41	69.5	31.5	29.5	28.5	66.5	62.5	31.5	55	56.5	46.5	60.5	57	41	35.5	80	50.5	17	66	46	47	28.5	40	62.5	72	39	30	26	30	65.5	37	36.5	63.5	28.5	77	61.5	35	30.5	62	24	33	38	26	32.5	59.5	30.5	23.5	36.5	28	42.5	41.5	35.5	4	23.5	35	27.5	49	39.5	34	47	17	22	44	71.5	33	35.5	47.5	40.5	37.5	72.5	0	59.5	37.5	49.5	61.5	48	29	7	50	41.5	50.5	58	36.5	78	37.5	29.5	40.5	34	54	47	
64	28	29	29	65	31.5	57.5	68	38	44.5	20	31	26	61	61	47	39	44	48.5	67.5	58.5	37.5	23.5	46	62	59	36.5	8	48.5	50.5	27.5	64	60	40	33	23.5	34.5	28	67	59	45	25	3	55	18.5	27	19	37	33.5	32.5	59	38.5	15	48.5	24.5	37.5	20.5	52	33.5	21	46.5	62.5	51.5	49.5	53.5	38	28.5	62	40	55	35.5	38	68.5	39	20.5	65.5	56.5	61.5	49.5	49	6	54	47	60	49.5	29	42	42	61.5	47	58.5	69	30.5	38	57.5	20.5	58.5	43.5	39.5	30	74.5	42	71	43	79	41	59.5	0	46	26	38	75.5	70.5	58.5	31.5	30	33	25.5	43	36.5	79	71	78	57.5	27.5	76.5	
42	56	47	51	43	44.5	35.5	40	26	37.5	28	33	48	39	39	17	27	22	31.5	45.5	36.5	44.5	40.5	28	40	33	43.5	54	26.5	22.5	50.5	42	38	28	49	36.5	27.5	56	45	37	27	53	49	33	41.5	45	45	59	55.5	39.5	37	66.5	49	20.5	52.5	40.5	33.5	30	26.5	49	70.5	40.5	28.5	27.5	31.5	64	35.5	40	62	9	63.5	60	46.5	7	48.5	37.5	34.5	39.5	27.5	31	52	32	25	38	26.5	41	40	34	33.5	25	36.5	41	47.5	26	35.5	33.5	30.5	20.5	32.5	58	46.5	34	49	39	51	69	37.5	46	0	48	60	53.5	42.5	30.5	48.5	28	41	48.5	35	64.5	51	43	54	35.5	40.5	54.5	
90	26	25	3	79	27.5	71.5	52	46	34.5	44	15	0	73	83	31	45	60	40.5	81.5	60.5	21.5	7.5	30	52	45	20.5	18	70.5	34.5	21.5	80	64	44	21	35.5	44.5	26	57	55	29	19	23	59	30.5	27	7	11	7.5	16.5	65	30.5	11	32.5	24.5	31.5	38.5	62	45.5	33	22.5	86.5	35.5	69.5	45.5	16	12.5	62	14	39	33.5	12	60.5	55	28.5	49.5	62.5	77.5	69.5	33	20	70	67	74	33.5	13	32	26	45.5	67	60.5	53	14.5	46	71.5	38.5	42.5	27.5	39.5	24	58.5	26	83	31	63	23	49.5	26	48	0	12	73.5	54.5	42.5	15.5	44	31	23.5	27	32.5	63	55	66	71.5	31.5	72.5	
98	28	37	15	91	39.5	83.5	64	58	46.5	54	27	12	85	95	43	57	72	52.5	93.5	72.5	33.5	19.5	42	64	57	32.5	30	82.5	46.5	33.5	92	76	56	33	47.5	56.5	28	69	67	41	31	35	71	42.5	39	19	13	14.5	28.5	77	22.5	23	44.5	31.5	43.5	50.5	74	57.5	35	14.5	96.5	47.5	81.5	57.5	18	24.5	74	16	51	25.5	14	72.5	67	35.5	61.5	74.5	89.5	81.5	45	32	82	79	86	45.5	25	44	38	57.5	79	72.5	65	26.5	58	83.5	50.5	54.5	39.5	51.5	26	70.5	38	95	43	75	11	61.5	38	60	12	0	85.5	66.5	54.5	27.5	56	43	35.5	39	24.5	75	67	78	83.5	43.5	84.5	
16.5	85.5	76.5	76.5	22.5	74	30	25.5	55.5	63	57.5	58.5	73.5	28.5	18.5	44.5	56.5	41.5	59	8	41	70	66	53.5	45.5	48.5	69	81.5	31	43	80	21.5	37.5	57.5	74.5	66	57	85.5	40.5	46.5	52.5	82.5	78.5	42.5	71	74.5	70.5	84.5	81	65	36.5	96	74.5	41	82	70	63	39.5	56	78.5	96	13	54	32	54	89.5	61	39.5	87.5	52.5	93	85.5	39	46.5	78	38	39	24	32	56.5	81.5	31.5	34.5	27.5	52	66.5	65.5	59.5	44	34.5	41	36.5	73	55.5	30	63	31	46	62	87.5	15	59.5	23.5	64.5	26.5	96.5	48	75.5	53.5	73.5	85.5	0	23	41	74	57.5	70.5	78	60.5	94	26.5	18.5	29.5	30	70	1	
35.5	80.5	59.5	57.5	28.5	57	31	6.5	50.5	44	66.5	39.5	54.5	27.5	32.5	25.5	49.5	44.5	40	31	30	51	47	34.5	26.5	29.5	50	62.5	40	24	61	29.5	28.5	48.5	55.5	65	54	80.5	21.5	29.5	33.5	73.5	67.5	33.5	70	61.5	51.5	65.5	62	46	29.5	85	55.5	22	79	51	68	36.5	55	87.5	77	34	35	39	35	70.5	42	26.5	68.5	33.5	88	66.5	20	49.5	83	19	32	23	39	37.5	64.5	34.5	41.5	28.5	33	47.5	46.5	40.5	25	41.5	30	17.5	54	50.5	31	68	12	27	49	78.5	8	40.5	32.5	45.5	12.5	77.5	29	70.5	42.5	54.5	66.5	23	0	22	55	58.5	55.5	63	41.5	87	12.5	4.5	15.5	31	61	22	
47.5	68.5	47.5	45.5	46.5	45	39	19.5	38.5	32	48.5	27.5	42.5	40.5	44.5	13.5	37.5	32.5	28	49	28	39	35	22.5	19.5	17.5	38	50.5	32	12	49	47.5	31.5	36.5	43.5	53	42	68.5	24.5	22.5	21.5	61.5	55.5	26.5	58	49.5	39.5	53.5	50	34	32.5	73	43.5	10	67	39	54	29.5	43	69.5	65	46	23	33	23	58.5	30	29.5	56.5	21.5	76	54.5	28	37.5	69	17	30	45	33	25.5	52.5	37.5	30.5	41.5	21	35.5	34.5	28.5	3	30.5	28	20.5	42	38.5	39	54	10	15	37	66.5	26	28.5	50.5	33.5	30.5	65.5	7	58.5	30.5	42.5	54.5	41	22	0	43	46.5	43.5	51	29.5	75	30.5	22.5	33.5	39	49	40	
74.5	41.5	25.5	18.5	75.5	28	68	52.5	46.5	35	30.5	15.5	15.5	71.5	71.5	31.5	45.5	54.5	41	78	61	22	8	30.5	52.5	45.5	21	23.5	59	35	6	74.5	64.5	44.5	21.5	34	45	41.5	57.5	55.5	29.5	34.5	28.5	59.5	15	27.5	12.5	26.5	23	17	65.5	46	16.5	33	40	32	31	62.5	44	36.5	38	73	36	60	46	31.5	13	62.5	29.5	39.5	49	27.5	61	49.5	36	50	63	72	60	33.5	25.5	64.5	57.5	70.5	34	13.5	32.5	26.5	46	57.5	61	53.5	1	46.5	68	31	43	28	40	39.5	59	26.5	81.5	31.5	63.5	38.5	50	31.5	48.5	15.5	27.5	74	55	43	0	40.5	31.5	8	27.5	48	63.5	55.5	66.5	68	32	73	
46	40	31	47	47	28.5	39.5	56	20	26.5	12	29	44	43	43	35	21	26	30.5	49.5	40.5	34.5	36.5	34	44	41	35.5	38	30.5	38.5	34.5	46	42	22	35	20.5	16.5	40	49	41	33	37	33	37	25.5	29	41	55	51.5	35.5	41	50.5	45	36.5	36.5	24.5	17.5	34	15.5	33	58.5	44.5	35.5	31.5	35.5	50	31.5	44	52	37	47.5	54	50.5	21	32.5	51.5	38.5	43.5	31.5	33	36	36	29	42	37.5	37	12	18	45.5	29	40.5	53	41.5	20	39.5	17.5	46.5	31.5	21.5	42	62.5	18	53	13	63	53	41.5	30	28	44	56	57.5	58.5	46.5	40.5	0	25	32.5	17	48.5	63	59	60	39.5	24.5	58.5	
59	43	34	34	60	31.5	52.5	53	33	35.5	13	16	31	56	56	32	34	39	41.5	62.5	53.5	27.5	23.5	31	53	46	26.5	39	43.5	35.5	37.5	59	55	35	32	23.5	29.5	43	58	54	30	40	36	50	28.5	32	28	42	38.5	22.5	54	53.5	32	33.5	39.5	32.5	20.5	47	28.5	36	53.5	57.5	36.5	44.5	46.5	47	18.5	57	45	40	50.5	43	61.5	34	35.5	50.5	51.5	56.5	44.5	34	39	49	42	55	34.5	24	33	27	46.5	42	53.5	54	30.5	33	52.5	20.5	43.5	28.5	34.5	45	59.5	27	66	32	64	54	50.5	33	41	31	43	70.5	55.5	43.5	31.5	25	0	35.5	28	51.5	64	56	67	52.5	27.5	71.5	
66.5	35.5	31.5	26.5	67.5	34	60	60.5	40.5	43	22.5	23.5	23.5	63.5	63.5	39.5	41.5	46.5	49	70	61	30	16	38.5	60.5	53.5	29	31.5	51	43	2	66.5	62.5	42.5	29.5	26	37	35.5	65.5	61.5	37.5	32.5	28.5	57.5	7	29.5	20.5	34.5	31	25	61.5	46	24.5	41	32	40	23	54.5	36	28.5	46	65	44	52	54	39.5	21	64.5	37.5	47.5	43	35.5	69	41.5	28	58	59	64	52	41.5	31.5	56.5	49.5	62.5	42	21.5	40.5	34.5	54	49.5	61	61.5	9	40.5	60	23	51	36	42	37.5	67	34.5	73.5	39.5	71.5	46.5	58	25.5	48.5	23.5	35.5	78	63	51	8	32.5	35.5	0	35.5	44	71.5	63.5	74.5	60	30	79	
63	53	32	30	64	29.5	56.5	39	33	21.5	29	12	27	60	60	18	32	43	27.5	66.5	47.5	23.5	19.5	17	39	32	22.5	35	47.5	21.5	33.5	63	51	31	28	37.5	31.5	53	44	42	16	46	40	46	42.5	34	24	38	34.5	18.5	52	57.5	28	19.5	51.5	23.5	34.5	49	32.5	50	49.5	61.5	22.5	48.5	32.5	43	14.5	49	41	26	60.5	39	47.5	38	49.5	36.5	49.5	60.5	48.5	20	37	53	46	59	20.5	20	5	1	32.5	46	47.5	40	26.5	33	56.5	34.5	29.5	14.5	26.5	51	45.5	1	70	4	50	50	36.5	43	35	27	39	60.5	41.5	29.5	27.5	17	28	35.5	0	59.5	50	42	53	56.5	33.5	59.5	
82.5	26.5	47.5	35.5	83.5	50	76	84.5	56.5	63	38.5	47.5	32.5	79.5	79.5	63.5	57.5	62.5	67	86	77	54	40	62.5	80.5	77.5	53	44.5	67	67	46	82.5	78.5	58.5	51.5	42	53	26.5	85.5	77.5	61.5	33.5	39.5	73.5	37	45.5	39.5	33.5	35	49	77.5	2	43.5	65	28	56	39	70.5	52	19.5	10	81	68	68	72	36.5	45	80.5	36.5	71.5	1	34.5	87	57.5	24	82	75	80	68	65.5	42.5	72.5	65.5	78.5	66	45.5	60.5	58.5	78	65.5	77	85.5	47	56.5	76	39	75	60	58	28.5	91	58.5	89.5	61.5	95.5	29.5	78	36.5	64.5	32.5	24.5	94	87	75	48	48.5	51.5	44	59.5	0	95.5	87.5	96.5	76	46	95	
27	89	68	66	16	65.5	35.5	15	59	52.5	63	48	63	34	20	34	58	47	48.5	30.5	38.5	59.5	55.5	43	35	38	58.5	71	36.5	32.5	69.5	17	37	57	64	71.5	62.5	89	30	38	42	82	76	42	76.5	70	60	74	70.5	54.5	38	93.5	64	30.5	87.5	59.5	68.5	45	61.5	84	85.5	25.5	43.5	37.5	43.5	79	50.5	35	77	42	96.5	75	28.5	52	83.5	27.5	40.5	29.5	37.5	46	73	37	40	33	41.5	56	55	49	33.5	40	38.5	26	62.5	59	35.5	68.5	20.5	35.5	57.5	87	11.5	49	34	54	0	86	37.5	79	51	63	75	26.5	12.5	30.5	63.5	63	64	71.5	50	95.5	0	8	3	35.5	69.5	25.5	
35	81	60	58	24	57.5	31.5	7	51	44.5	69	40	55	28	28	26	50	45	40.5	26.5	30.5	51.5	47.5	35	27	30	50.5	63	40.5	24.5	61.5	25	29	49	56	65.5	54.5	81	22	30	34	74	68	34	70.5	62	52	66	62.5	46.5	30	85.5	56	22.5	79.5	51.5	68.5	37	55.5	88	77.5	31.5	35.5	39.5	35.5	71	42.5	27	69	34	88.5	67	20.5	50	83.5	19.5	32.5	27.5	39.5	38	65	35	42	29	33.5	48	47	41	25.5	42	30.5	18	54.5	51	31.5	68.5	12.5	27.5	49.5	79	3.5	41	28	46	8	78	29.5	71	43	55	67	18.5	4.5	22.5	55.5	59	56	63.5	42	87.5	8	0	11	31.5	61.5	17.5	
24	88	71	69	13	68.5	32.5	18	58	55.5	60	51	66	31	17	37	59	44	51.5	27.5	41.5	62.5	58.5	46	38	41	61.5	74	33.5	35.5	72.5	14	40	60	67	68.5	59.5	88	33	41	45	85	79	45	73.5	73	63	77	73.5	57.5	39	96.5	67	33.5	84.5	62.5	65.5	42	58.5	81	88.5	22.5	46.5	34.5	46.5	82	53.5	38	80	45	95.5	78	31.5	49	80.5	30.5	41.5	26.5	34.5	49	76	34	37	30	44.5	59	58	52	36.5	37	41.5	29	65.5	58	32.5	65.5	23.5	38.5	60.5	90	14.5	52	31	57	3	89	40.5	78	54	66	78	29.5	15.5	33.5	66.5	60	67	74.5	53	96.5	3	11	0	32.5	72.5	28.5	
18.5	67.5	58.5	74.5	19.5	56	0	28.5	37.5	49	39.5	56.5	71.5	15.5	15.5	42.5	38.5	23.5	43	22	23	62	64	51.5	31.5	38.5	63	65.5	13	41	62	18.5	19.5	39.5	62.5	48	39	67.5	26.5	28.5	50.5	64.5	60.5	24.5	53	56.5	68.5	82.5	79	63	18.5	78	72.5	39	64	52	45	21.5	38	60.5	86	17	48	14	38	77.5	59	21.5	79.5	44.5	75	81.5	11	28.5	60	34	21	16	14	50.5	63.5	13.5	16.5	14.5	50	64.5	51.5	57.5	38	16.5	23	30.5	69	37.5	0	45	29	44	44	69.5	35	57.5	25.5	52.5	35.5	80.5	34	57.5	35.5	71.5	83.5	30	31	39	68	39.5	52.5	60	56.5	76	35.5	31.5	32.5	0	52	31	
58.5	37.5	28.5	34.5	59.5	4	52	58.5	32.5	39	14.5	21.5	31.5	55.5	55.5	37.5	33.5	38.5	43	62	53	10	24	36.5	56.5	51.5	11	35.5	43	41	32	58.5	54.5	34.5	32.5	4	29	37.5	61.5	53.5	35.5	34.5	30.5	49.5	23	26.5	28.5	42.5	39	15	53.5	48	32.5	39	34	32	7	46.5	28	30.5	54	57	42	44	48	47.5	19	56.5	45.5	45.5	45	43.5	63	33.5	30	56	51	56	44	39.5	33.5	48.5	41.5	54.5	40	24.5	36.5	32.5	52	41.5	53	59.5	31	32.5	52	7	49	34	34	39.5	65	32.5	65.5	37.5	69.5	50.5	54	27.5	40.5	31.5	43.5	70	61	49	32	24.5	27.5	30	33.5	46	69.5	61.5	72.5	52	0	71	
17.5	86.5	77.5	75.5	23.5	75	31	24.5	56.5	62	58.5	57.5	72.5	29.5	19.5	43.5	57.5	42.5	58	9	42	69	65	52.5	44.5	47.5	68	80.5	32	42	79	22.5	38.5	58.5	73.5	67	58	86.5	39.5	47.5	51.5	83.5	79.5	43.5	72	75.5	69.5	83.5	80	64	37.5	97	73.5	40	83	69	64	40.5	57	79.5	95	14	53	33	53	88.5	60	40.5	86.5	51.5	94	84.5	38	47.5	79	37	40	25	33	55.5	82.5	32.5	35.5	28.5	51	65.5	64.5	58.5	43	35.5	42	35.5	72	56.5	31	64	30	45	63	88.5	14	58.5	24.5	63.5	25.5	95.5	47	76.5	54.5	72.5	84.5	1	22	40	73	58.5	71.5	79	59.5	95	25.5	17.5	28.5	31	71	0	
