Number of items: 125
Horizon: 3
Time limit: 1000
Load limit: 7500
Initial item inventory level
20
88
25
63
102
32
93
60
144
26
198
55
86
74
71
11
30
24
79
97
79
28
124
72
188
64
65
180
78
20
72
83
52
62
65
20
77
73
85
39
152
16
92
104
80
15
81
46
28
54
58
110
150
90
31
41
142
84
148
28
50
99
30
73
68
190
10
158
48
146
188
44
70
108
34
46
70
76
42
52
53
76
92
114
37
146
37
62
93
120
35
42
64
90
10
98
49
38
70
150
100
128
36
13
142
24
78
32
79
56
52
52
79
132
126
76
77
184
84
32
55
97
92
74
22
Maximum inventory capacity per item
40
132
50
126
153
48
186
120
216
39
297
110
172
111
142
22
60
36
158
194
158
56
186
144
282
96
130
270
156
30
144
166
78
124
130
40
154
146
170
78
228
32
138
156
160
30
162
92
56
108
116
165
225
180
62
82
213
168
222
42
100
198
45
146
102
285
20
237
72
219
282
66
105
162
68
92
140
152
84
78
106
152
138
171
74
219
74
93
186
180
70
84
96
180
20
147
98
57
105
225
150
192
54
26
213
48
117
48
158
112
104
78
158
198
189
114
154
276
126
64
110
194
184
148
33
Reserve storage replenishment rate per item and per period
120	0	0	
264	0	0	
150	0	0	
378	0	0	
306	0	0	
96	0	0	
558	0	0	
360	0	0	
432	0	0	
78	0	0	
594	0	0	
330	0	0	
516	0	0	
222	0	0	
426	0	0	
66	0	0	
180	0	0	
72	0	0	
474	0	0	
582	0	0	
474	0	0	
168	0	0	
372	0	0	
432	0	0	
564	0	0	
192	0	0	
390	0	0	
540	0	0	
468	0	0	
60	0	0	
432	0	0	
498	0	0	
156	0	0	
372	0	0	
390	0	0	
120	0	0	
462	0	0	
438	0	0	
510	0	0	
234	0	0	
456	0	0	
96	0	0	
276	0	0	
312	0	0	
480	0	0	
90	0	0	
486	0	0	
276	0	0	
168	0	0	
324	0	0	
348	0	0	
330	0	0	
450	0	0	
540	0	0	
186	0	0	
246	0	0	
426	0	0	
504	0	0	
444	0	0	
84	0	0	
300	0	0	
594	0	0	
90	0	0	
438	0	0	
204	0	0	
570	0	0	
60	0	0	
474	0	0	
144	0	0	
438	0	0	
564	0	0	
132	0	0	
210	0	0	
324	0	0	
204	0	0	
276	0	0	
420	0	0	
456	0	0	
252	0	0	
156	0	0	
318	0	0	
456	0	0	
276	0	0	
342	0	0	
222	0	0	
438	0	0	
222	0	0	
186	0	0	
558	0	0	
360	0	0	
210	0	0	
252	0	0	
192	0	0	
540	0	0	
60	0	0	
294	0	0	
294	0	0	
114	0	0	
210	0	0	
450	0	0	
300	0	0	
384	0	0	
108	0	0	
78	0	0	
426	0	0	
144	0	0	
234	0	0	
96	0	0	
474	0	0	
336	0	0	
312	0	0	
156	0	0	
474	0	0	
396	0	0	
378	0	0	
228	0	0	
462	0	0	
552	0	0	
252	0	0	
192	0	0	
330	0	0	
582	0	0	
552	0	0	
444	0	0	
66	0	0	
Forward storage demand rate per item and per period
20	21	15	
44	13	69	
25	24	26	
63	26	91	
51	11	30	
16	7	21	
93	164	73	
60	41	78	
72	41	57	
13	17	14	
99	50	42	
55	83	45	
86	66	67	
37	36	24	
71	91	61	
11	13	13	
30	37	24	
12	20	17	
79	76	47	
97	16	124	
79	53	90	
28	40	43	
62	43	31	
72	58	31	
94	93	45	
32	46	29	
65	26	44	
90	105	87	
78	62	104	
10	11	13	
72	118	35	
83	130	119	
26	11	27	
62	86	75	
65	54	53	
20	4	16	
77	25	59	
73	103	64	
85	69	21	
39	17	63	
76	112	13	
16	10	26	
46	30	47	
52	69	53	
80	42	31	
15	10	13	
81	78	147	
46	78	33	
28	16	48	
54	66	56	
58	29	77	
55	55	34	
75	42	77	
90	117	99	
31	17	16	
41	53	38	
71	63	102	
84	100	140	
74	53	41	
14	12	10	
50	22	36	
99	79	77	
15	7	14	
73	82	99	
34	26	40	
95	94	148	
10	4	12	
79	110	68	
24	24	22	
73	32	77	
94	106	36	
22	34	33	
35	43	41	
54	20	85	
34	57	52	
46	61	42	
70	34	65	
76	97	31	
42	47	37	
26	24	21	
53	50	45	
76	47	125	
46	57	39	
57	66	40	
37	23	4	
73	86	27	
37	6	35	
31	28	30	
93	91	85	
60	32	67	
35	26	44	
42	62	42	
32	10	26	
90	54	46	
10	16	17	
49	55	15	
49	18	52	
19	32	18	
35	16	55	
75	110	25	
50	50	60	
64	89	67	
18	24	25	
13	17	13	
71	34	77	
24	28	21	
39	36	19	
16	22	21	
79	126	75	
56	68	7	
52	70	88	
26	23	25	
79	47	96	
66	89	80	
63	42	27	
38	57	22	
77	49	98	
92	78	86	
42	47	65	
32	20	41	
55	35	39	
97	119	177	
92	62	104	
74	81	56	
11	3	13	
Distance matrix
0	75.5	58.5	20.5	43	32.5	47.5	30.5	56.5	97	76.5	29	25	42	8	31.5	70.5	88.5	17	16.5	73.5	45	39.5	45	27	21.5	67	62.5	77	36.5	17	52.5	72	16.5	54	65.5	73	11	30.5	80	86.5	75.5	44.5	21.5	20.5	44	39	64.5	57	39.5	78	24.5	54.5	64	83.5	31.5	11.5	67.5	68.5	56.5	28	49.5	29.5	85.5	64.5	29	39	61.5	20	56.5	67.5	43	35.5	62.5	80	68	36.5	63	39.5	61	64	33	21.5	74.5	38	51.5	89	59	59	65	89	78.5	73	59	71.5	51	74.5	57.5	76	66	23	61.5	35	40	59	13	44.5	55	48	8.5	23.5	36.5	75.5	75	70	75	26.5	16	75	58	72	21	63.5	83.5	35	68.5	
75.5	0	49	91	76.5	73	48	89	63	27.5	17	64.5	90.5	67.5	83.5	62	49	13	62.5	87	46	74.5	80	74.5	72.5	92	22.5	23	42.5	83	72.5	33	37.5	87	59.5	54	13.5	86.5	81	25.5	27	0	35	82	61	69.5	54.5	35	62.5	80	23.5	95	35	29.5	24	88	82	48	49	63	63.5	40	50	34	25	90.5	80.5	58	65.5	47	52	48.5	46	57	39.5	51.5	77	56.5	70	16.5	49.5	58.5	72	45	63.5	68	30.5	44.5	54.5	50.5	29.5	29	18.5	44.5	22	68.5	45	28	16.5	41.5	68.5	32	84.5	55.5	24.5	68.5	35	64.5	53.5	79	74	47	36	40.5	35.5	40.5	93	81.5	20.5	61.5	47.5	86.5	34	36	84.5	51	
58.5	49	0	66	43.5	54	31	56	30	44.5	50	47.5	61.5	44.5	66.5	45	26	48	45.5	70	23	41.5	47	41.5	55.5	65	40.5	36	34.5	50	55.5	26	39.5	70	32.5	21	46.5	69.5	56	51.5	60	49	14	65	44	42.5	37.5	38	29.5	47	51.5	62	28	37.5	57	55	65	29	28	30	46.5	9	33	41	38	57.5	47.5	25	48.5	2	19	31.5	29	24	21.5	23.5	50	23.5	47	34.5	27.5	41.5	55	22	46.5	35	42.5	32.5	27.5	26.5	52.5	48	46.5	32.5	45	35.5	32	31	49.5	35.5	51.5	35	51.5	38.5	32.5	51.5	14	31.5	36.5	62	57	30	41	36.5	41.5	36.5	60	64.5	48.5	28.5	29.5	65.5	37	33	51.5	10	
20.5	91	66	0	26.5	42	63	10	48	82.5	92	44.5	24.5	47.5	28.5	47	64	86	32.5	4	61	24.5	35	24.5	42.5	1	82.5	78	72.5	18	32.5	68	77.5	4	55.5	49	88.5	31.5	34	89.5	98	91	60	33	36	45.5	54.5	80	52.5	25	91.5	4	70	79.5	99	23	9	67	66	38	43.5	65	45	79	80	20.5	20.5	53	35.5	68	47	58.5	51	52	59.5	61.5	38	46.5	45	76.5	65.5	48.5	37	60	51.5	33	80.5	70.5	60.5	64.5	90.5	86	88.5	70.5	87	38.5	70	73	91.5	73.5	38.5	77	24.5	55.5	74.5	28.5	60	34.5	61.5	12	39	52	79	74.5	79.5	74.5	6	31.5	90.5	41.5	67.5	28.5	79	71	14.5	56	
43	76.5	43.5	26.5	0	19.5	44.5	16.5	25.5	60	85.5	28	22	25	39	30.5	41.5	63.5	26	30.5	38.5	2	12.5	2	16	25.5	70	69.5	50	10.5	30	59.5	55	30.5	33	26.5	84	36	16.5	67	75.5	76.5	57.5	25.5	31.5	23	38	57.5	30	7.5	69	22.5	57.5	63	78.5	15.5	35.5	44.5	43.5	15.5	29	52.5	42.5	56.5	67.5	18	8	30.5	23	45.5	24.5	44	46.5	29.5	37	39	15.5	24	22.5	74	43	34	25.5	37.5	29	10.5	58	48	38	42	68	63.5	74	48	70.5	16	47.5	64.5	81	51	20	60.5	12	37	68	34	57.5	12	39	38.5	23.5	45.5	56.5	52	57	52	20.5	31	72	19	45	26	58.5	48.5	12	33.5	
32.5	73	54	42	19.5	0	45	32	36	70.5	74	26.5	37.5	35.5	40.5	29	52	74	19.5	44	49	17.5	7	17.5	29.5	41	64.5	60	60.5	26	29.5	50	65.5	44	43.5	37	70.5	43.5	32	77.5	84	73	42	39	12	33.5	36.5	62	40.5	23	75.5	38	52	61.5	81	31	39	55	54	26	25.5	47	27	67	62	33.5	23.5	41	22.5	54	35	40.5	33	40	47.5	49.5	4	34.5	33	58.5	53.5	30.5	29	48	35.5	21	68.5	56.5	48.5	52.5	78.5	74	70.5	56.5	69	26.5	58	55	73.5	61.5	25.5	59	27.5	37.5	56.5	25.5	42	22.5	45.5	36	31	34	67	62.5	67.5	62.5	36	38.5	72.5	29.5	55.5	41.5	61	59	27.5	44	
47.5	48	31	63	44.5	45	0	57	31	55.5	49	36.5	62.5	39.5	55.5	34	37	59	34.5	59	34	42.5	48	42.5	44.5	64	39.5	35	45.5	51	44.5	25	44.5	59	31.5	18	45.5	58.5	53	52.5	59	48	17	54	33	41.5	26.5	37	30.5	48	50.5	63	27	36.5	56	56	54	40	39	31	35.5	22	22	52	37	58.5	48.5	14	37.5	29	20	20.5	18	15	32.5	34.5	49	24.5	42	33.5	36.5	30.5	44	33	35.5	36	53.5	31.5	31.5	37.5	61.5	51	45.5	31.5	44	36.5	43	30	48.5	38.5	40.5	34	52.5	27.5	31.5	40.5	17	32.5	25.5	51	46	19	48	47.5	42.5	47.5	61	53.5	47.5	29.5	40.5	58.5	36	44	52.5	29	
30.5	89	56	10	16.5	32	57	0	38	72.5	98	40.5	14.5	37.5	26.5	43	54	76	42.5	14	51	14.5	25	14.5	32.5	9	82.5	82	62.5	8	32.5	72	67.5	14	45.5	39	96.5	23.5	24	79.5	88	89	70	23	44	35.5	50.5	70	42.5	15	81.5	6	70	75.5	91	13	19	57	56	28	41.5	65	55	69	80	10.5	10.5	43	39.5	58	37	56.5	59	42	49.5	51.5	28	36.5	35	86.5	55.5	46.5	33	50	41.5	23	70.5	60.5	50.5	54.5	80.5	76	86.5	60.5	83	28.5	60	77	93.5	63.5	36.5	73	14.5	49.5	80.5	36.5	70	24.5	51.5	22	31	58	69	64.5	69.5	64.5	4	23.5	84.5	31.5	57.5	18.5	71	61	4.5	46	
56.5	63	30	48	25.5	36	31	38	0	46.5	68	39.5	43.5	26.5	60.5	37	28	50	43.5	52	25	23.5	29	23.5	41.5	47	56.5	54	36.5	32	51.5	44	41.5	52	19.5	13	64.5	57.5	38	53.5	62	63	36	47	42	24.5	29.5	44	16.5	29	55.5	44	44	49.5	65	37	57	31	30	12	40.5	39	31	43	54	39.5	29.5	17	46.5	32	11	30.5	21	16	23.5	25.5	32	10.5	29	52.5	29.5	35.5	47	24	30.5	17	44.5	34.5	24.5	28.5	54.5	50	60.5	34.5	57	17.5	34	49	67.5	37.5	45.5	47	33.5	28.5	50.5	49.5	36	13.5	25.5	60	45	20	43	38.5	43.5	38.5	42	52.5	58.5	10.5	31.5	47.5	45	35	33.5	20	
97	27.5	44.5	82.5	60	70.5	55.5	72.5	46.5	0	31.5	74	78	61	95	71.5	32.5	14.5	84	86.5	29.5	58	63.5	58	76	81.5	36	40.5	26	66.5	86	50.5	31	86.5	49	37.5	24	92	72.5	23	21.5	27.5	56.5	81.5	82.5	59	64	38.5	46	63.5	25	78.5	48.5	39	24.5	71.5	91.5	35.5	34.5	46.5	75	53.5	71.5	17.5	38.5	74	64	41.5	83	46.5	35.5	60	67.5	40.5	23	35	66.5	40	63.5	38	39	70	81.5	28.5	65	51.5	14	44	44	38	8	24.5	30	44	31.5	52	28.5	45.5	21	37	80	41.5	68	63	44	90	56.5	48	55	94.5	79.5	66.5	27.5	28	33	28	76.5	87	28	45	31	82	39.5	19.5	68	34.5	
76.5	17	50	92	85.5	74	49	98	68	31.5	0	65.5	91.5	68.5	84.5	63	52	30	63.5	88	55	83.5	81	83.5	73.5	93	23.5	24	43.5	92	73.5	34	38.5	88	60.5	63	9.5	87.5	82	26.5	10	17	36	83	62	70.5	55.5	36	63.5	89	24.5	96	36	30.5	7	93	83	49	50	72	64.5	41	51	37	26	95.5	89.5	63	66.5	48	61	49.5	47	64	48.5	54.5	78	65.5	71	17.5	50.5	59.5	73	54	64.5	77	35.5	45.5	55.5	51.5	25.5	30	19.5	45.5	23	77.5	46	29	12.5	42.5	69.5	33	91.5	56.5	25.5	69.5	36	73.5	54.5	80	75	48	37	41.5	36.5	41.5	98	82.5	21.5	70.5	48.5	87.5	35	45	93.5	60	
29	64.5	47.5	44.5	28	26.5	36.5	40.5	39.5	74	65.5	0	44	31	37	20.5	55.5	77.5	16	40.5	52.5	26	31.5	26	26	45.5	56	51.5	64	34.5	26	41.5	61	40.5	43	40.5	62	40	34.5	69	75.5	64.5	33.5	35.5	14.5	33	28	53.5	44	31.5	67	46.5	43.5	53	72.5	39.5	35.5	56.5	57.5	29.5	1	38.5	18.5	70.5	53.5	42	32	44.5	19	45.5	38.5	32	24.5	43.5	51	53	30.5	38	28.5	50	53	22	25.5	51.5	27	24.5	72	48	48	54	78	67.5	62	48	60.5	30	61.5	46.5	65	55	22	50.5	36	29	48	22	33.5	26	37	32.5	27.5	25.5	64.5	64	59	64	44.5	35	64	33	59	40	52.5	62.5	36	47.5	
25	90.5	61.5	24.5	22	37.5	62.5	14.5	43.5	78	91.5	44	0	43	33	46.5	59.5	81.5	32	28.5	56.5	20	30.5	20	38	23.5	82	77.5	68	13.5	32	67.5	73	28.5	51	44.5	88	34	29.5	85	93.5	90.5	59.5	28.5	35.5	41	54	75.5	48	20.5	87	20.5	69.5	79	96.5	18.5	31.5	62.5	61.5	33.5	43	64.5	44.5	74.5	79.5	4	16	48.5	35	63.5	42.5	58	50.5	47.5	55	57	33.5	42	40.5	76	61	48	36.5	55.5	47	28.5	76	66	56	60	86	81.5	88	66	86.5	34	65.5	72.5	91	69	38	76.5	20	55	74	28	59.5	30	57	28.5	36.5	51.5	74.5	70	75	70	18.5	9	90	37	63	4	76.5	66.5	10	51.5	
42	67.5	44.5	47.5	25	35.5	39.5	37.5	26.5	61	68.5	31	43	0	50	28.5	42.5	64.5	29	51.5	39.5	23	28.5	23	39	46.5	59	54.5	51	31.5	39	44.5	56	51.5	34	27.5	65	53	37.5	68	76.5	67.5	36.5	46.5	27.5	2	31	56.5	31	28.5	70	43.5	46.5	56	75.5	36.5	48.5	45.5	44.5	16.5	30	41.5	21.5	57.5	56.5	39	29	31.5	32	46.5	25.5	35	27.5	30.5	38	40	31.5	25	28.5	53	44	9	38.5	38.5	4	16.5	59	49	39	43	69	64.5	65	49	63.5	9	48.5	49.5	68	52	35	53.5	33	32	51	35	36.5	13	40	45.5	40.5	28.5	57.5	53	58	53	41.5	48	67	20	46	47	55.5	49.5	33	34.5	
8	83.5	66.5	28.5	39	40.5	55.5	26.5	60.5	95	84.5	37	33	50	0	39.5	76.5	96.5	25	24.5	73.5	37	47.5	37	35	29.5	75	70.5	85	30.5	25	60.5	80	24.5	62	61.5	81	3	38.5	88	94.5	83.5	52.5	29.5	28.5	52	47	72.5	65	37.5	86	32.5	62.5	72	91.5	35.5	19.5	75.5	76.5	50.5	36	57.5	37.5	91.5	72.5	33	33	65.5	28	64.5	59.5	51	43.5	64.5	72	74	44.5	59	47.5	69	72	41	29.5	72.5	46	45.5	93	67	67	73	97	86.5	81	67	79.5	51	82.5	65.5	84	74	31	69.5	37	48	67	21	52.5	47	56	16.5	31.5	44.5	83.5	83	78	83	30.5	24	83	54	80	29	71.5	83.5	27	68.5	
31.5	62	45	47	30.5	29	34	43	37	71.5	63	20.5	46.5	28.5	39.5	0	53	75	18.5	43	50	28.5	34	28.5	28.5	48	53.5	49	61.5	37	28.5	39	58.5	43	40.5	38	59.5	42.5	37	66.5	73	62	31	38	17	30.5	25.5	51	41.5	34	64.5	49	41	50.5	70	42	38	54	55	27	19.5	36	16	68	51	44.5	34.5	42	21.5	43	36	29.5	22	41	48.5	50.5	33	35.5	8	47.5	50.5	19.5	28	49	24.5	20	69.5	45.5	45.5	51.5	75.5	65	59.5	45.5	58	27.5	59	44	62.5	52.5	24.5	48	38.5	26.5	45.5	24.5	31	23.5	34.5	35	30	23	62	61.5	56.5	61.5	47	37.5	61.5	30.5	56.5	42.5	50	60	38.5	45	
70.5	49	26	64	41.5	52	37	54	28	32.5	52	55.5	59.5	42.5	76.5	53	0	36	57.5	68	3	39.5	45	39.5	57.5	63	42.5	38	22.5	48	67.5	18	27.5	68	30.5	19	48.5	73.5	54	39.5	48	49	30	63	56	40.5	45.5	30	27.5	45	41.5	60	16	35.5	51	53	73	3	2	28	56.5	35	45	29	40	55.5	45.5	23	60.5	28	17	41.5	41	22	9.5	16.5	48	21.5	45	36.5	20.5	51.5	63	4	46.5	33	30.5	25.5	25.5	19.5	40.5	36	46.5	25.5	43	33.5	20	33	51.5	23.5	61.5	33	49.5	44.5	34.5	63.5	30	29.5	36.5	74	61	42	29	24.5	29.5	24.5	58	68.5	44.5	26.5	17.5	63.5	31	21	49.5	16	
88.5	13	48	86	63.5	74	59	76	50	14.5	30	77.5	81.5	64.5	96.5	75	36	0	75.5	90	33	61.5	67	61.5	79.5	85	35.5	36	29.5	70	85.5	46	34.5	90	52.5	41	26.5	95.5	76	26.5	30	13	48	85	74	62.5	67.5	42	49.5	67	28.5	82	48	42.5	33	75	95	39	38	50	76.5	53	63	21	38	77.5	67.5	45	78.5	50	39	61.5	59	44	26.5	38.5	70	43.5	67	29.5	42.5	71.5	85	32	68.5	55	17.5	47.5	47.5	41.5	22.5	28	31.5	47.5	35	55.5	32	41	29.5	40.5	81.5	45	71.5	66.5	37.5	81.5	48	51.5	58.5	92	83	60	31	31.5	36.5	31.5	80	90.5	31.5	48.5	34.5	85.5	43	23	71.5	38	
17	62.5	45.5	32.5	26	19.5	34.5	42.5	43.5	84	63.5	16	32	29	25	18.5	57.5	75.5	0	28.5	60.5	28	26.5	28	10	33.5	54	49.5	64	36.5	14	39.5	59	28.5	41	52.5	60	28	22.5	67	73.5	62.5	31.5	23.5	7.5	31	26	51.5	44	31.5	65	36.5	41.5	51	70.5	33.5	23.5	54.5	55.5	41.5	15	36.5	16.5	72.5	51.5	36	34	48.5	3	43.5	50.5	30	22.5	49.5	63	55	23.5	50	26.5	48	51	20	13.5	61.5	25	36.5	76	46	46	52	76	65.5	60	46	58.5	38	61.5	44.5	63	53	6	48.5	32	27	46	10	31.5	38	35	20.5	15.5	23.5	62.5	62	57	62	38.5	23	62	45	59	28	50.5	70.5	38	55.5	
16.5	87	70	4	30.5	44	59	14	52	86.5	88	40.5	28.5	51.5	24.5	43	68	90	28.5	0	65	28.5	39	28.5	38.5	5	78.5	74	76.5	22	28.5	64	81.5	0	59.5	53	84.5	27.5	38	91.5	98	87	56	33	32	49.5	50.5	76	56.5	29	89.5	8	66	75.5	95	27	5	71	70	42	39.5	61	41	83	76	24.5	24.5	57	31.5	68	51	54.5	47	56	63.5	65.5	42	50.5	49	72.5	69.5	44.5	33	64	49.5	37	84.5	70.5	64.5	68.5	94.5	90	84.5	70.5	83	42.5	74	69	87.5	77.5	34.5	73	28.5	51.5	70.5	24.5	56	38.5	59.5	8	35	48	83	78.5	81.5	78.5	10	27.5	86.5	45.5	71.5	32.5	75	75	18.5	60	
73.5	46	23	61	38.5	49	34	51	25	29.5	55	52.5	56.5	39.5	73.5	50	3	33	60.5	65	0	36.5	42	36.5	54.5	60	39.5	39	19.5	45	64.5	21	24.5	65	27.5	16	51.5	70.5	51	36.5	45	46	33	60	59	37.5	42.5	27	24.5	42	38.5	57	19	32.5	48	50	70	6	5	25	53.5	32	48	26	37	52.5	42.5	20	61.5	25	14	38.5	44	19	6.5	13.5	45	18.5	42	39.5	17.5	48.5	60	1	43.5	30	27.5	22.5	22.5	16.5	37.5	33	43.5	22.5	40	30.5	17	34	50.5	20.5	58.5	30	46.5	41.5	37.5	66.5	33	26.5	33.5	73	58	45	26	21.5	26.5	21.5	55	65.5	41.5	23.5	14.5	60.5	28	18	46.5	13	
45	74.5	41.5	24.5	2	17.5	42.5	14.5	23.5	58	83.5	26	20	23	37	28.5	39.5	61.5	28	28.5	36.5	0	10.5	0	18	23.5	68	67.5	48	8.5	28	57.5	53	28.5	31	24.5	82	34	14.5	65	73.5	74.5	55.5	23.5	29.5	21	36	55.5	28	5.5	67	20.5	55.5	61	76.5	13.5	33.5	42.5	41.5	13.5	27	50.5	40.5	54.5	65.5	16	6	28.5	25	43.5	22.5	42	44.5	27.5	35	37	13.5	22	20.5	74	41	32	23.5	35.5	27	8.5	56	46	36	40	66	61.5	72	46	68.5	14	45.5	62.5	79	49	22	58.5	10	35	66	32	55.5	10	37	36.5	21.5	43.5	54.5	50	55	50	18.5	29	70	17	43	24	56.5	46.5	10	31.5	
39.5	80	47	35	12.5	7	48	25	29	63.5	81	31.5	30.5	28.5	47.5	34	45	67	26.5	39	42	10.5	0	10.5	28.5	34	71.5	67	53.5	19	36.5	57	58.5	39	36.5	30	77.5	44.5	25	70.5	79	80	49	34	19	26.5	41.5	61	33.5	16	72.5	31	59	66.5	82	24	44	48	47	19	32.5	54	34	60	69	26.5	16.5	34	29.5	49	28	47.5	40	33	40.5	42.5	3	27.5	26	65.5	46.5	37.5	34	41	32.5	14	61.5	51.5	41.5	45.5	71.5	67	77.5	51.5	74	19.5	51	62	80.5	54.5	32.5	64	20.5	40.5	63.5	32.5	49	15.5	42.5	43	32	41	60	55.5	60.5	55.5	29	39.5	75.5	22.5	48.5	34.5	62	52	20.5	37	
45	74.5	41.5	24.5	2	17.5	42.5	14.5	23.5	58	83.5	26	20	23	37	28.5	39.5	61.5	28	28.5	36.5	0	10.5	0	18	23.5	68	67.5	48	8.5	28	57.5	53	28.5	31	24.5	82	34	14.5	65	73.5	74.5	55.5	23.5	29.5	21	36	55.5	28	5.5	67	20.5	55.5	61	76.5	13.5	33.5	42.5	41.5	13.5	27	50.5	40.5	54.5	65.5	16	6	28.5	25	43.5	22.5	42	44.5	27.5	35	37	13.5	22	20.5	74	41	32	23.5	35.5	27	8.5	56	46	36	40	66	61.5	72	46	68.5	14	45.5	62.5	79	49	22	58.5	10	35	66	32	55.5	10	37	36.5	21.5	43.5	54.5	50	55	50	18.5	29	70	17	43	24	56.5	46.5	10	31.5	
27	72.5	55.5	42.5	16	29.5	44.5	32.5	41.5	76	73.5	26	38	39	35	28.5	57.5	79.5	10	38.5	54.5	18	28.5	18	0	41.5	64	59.5	66	26.5	24	49.5	69	38.5	49	42.5	70	38	32.5	77	83.5	72.5	41.5	33.5	17.5	39	36	61.5	46	23.5	75	38.5	51.5	61	80.5	31.5	33.5	60.5	59.5	31.5	25	46.5	26.5	72.5	61.5	34	24	46.5	7	53.5	40.5	40	32.5	45.5	53	55	31.5	40	36.5	58	59	30	23.5	53.5	35	26.5	74	56	54	58	84	75.5	70	56	68.5	32	63.5	54.5	73	63	4	58.5	28	37	56	20	41.5	28	45	30.5	25.5	33.5	72.5	68	67	68	36.5	33	72	35	61	38	60.5	64.5	28	49.5	
21.5	92	65	1	25.5	41	64	9	47	81.5	93	45.5	23.5	46.5	29.5	48	63	85	33.5	5	60	23.5	34	23.5	41.5	0	83.5	79	71.5	17	33.5	69	76.5	5	54.5	48	89.5	32.5	33	88.5	97	92	61	32	37	44.5	55.5	79	51.5	24	90.5	3	71	80.5	100	22	10	66	65	37	44.5	66	46	78	81	19.5	19.5	52	36.5	67	46	59.5	52	51	58.5	60.5	37	45.5	44	77.5	64.5	49.5	38	59	50.5	32	79.5	69.5	59.5	63.5	89.5	85	89.5	69.5	88	37.5	69	74	92.5	72.5	39.5	78	23.5	56.5	75.5	29.5	61	33.5	60.5	13	40	53	78	73.5	78.5	73.5	5	32.5	91.5	40.5	66.5	27.5	80	70	13.5	55	
67	22.5	40.5	82.5	70	64.5	39.5	82.5	56.5	36	23.5	56	82	59	75	53.5	42.5	35.5	54	78.5	39.5	68	71.5	68	64	83.5	0	14.5	34	76.5	64	24.5	29	78.5	51	47.5	20	78	72.5	27	33.5	22.5	26.5	73.5	52.5	61	46	26.5	54	73.5	25	86.5	26.5	21	30.5	81.5	73.5	39.5	40.5	56.5	55	31.5	41.5	32.5	16.5	84	74	51.5	57	38.5	45.5	40	37.5	50.5	33	45	68.5	50	61.5	6	41	50	63.5	38.5	55	61.5	34	36	46	42	36	25.5	20	36	18.5	62	36.5	19.5	23	33	60	23.5	78	47	16	60	26.5	58	45	70.5	65.5	38.5	27.5	32	27	32	86.5	73	22	55	39	78	25.5	29.5	78	44.5	
62.5	23	36	78	69.5	60	35	82	54	40.5	24	51.5	77.5	54.5	70.5	49	38	36	49.5	74	39	67.5	67	67.5	59.5	79	14.5	0	29.5	76	59.5	20	24.5	74	46.5	47	20.5	73.5	68	27.5	34	23	22	69	48	56.5	41.5	22	49.5	73	25.5	82	22	16.5	31	79	69	35	36	56	50.5	27	37	33	2	81.5	73.5	49	52.5	34	45	35.5	33	50	32.5	40.5	64	49.5	57	8.5	36.5	45.5	59	38	50.5	61	36.5	31.5	41.5	37.5	36.5	26	20.5	31.5	19	61.5	32	15	23.5	28.5	55.5	19	77.5	42.5	11.5	55.5	22	57.5	40.5	66	61	34	13	27.5	22.5	27.5	84	68.5	22.5	54.5	34.5	73.5	21	21	77.5	44	
77	42.5	34.5	72.5	50	60.5	45.5	62.5	36.5	26	43.5	64	68	51	85	61.5	22.5	29.5	64	76.5	19.5	48	53.5	48	66	71.5	34	29.5	0	56.5	74	34.5	5	76.5	39	27.5	40	82	62.5	33	41.5	42.5	36.5	71.5	62.5	49	54	28.5	36	53.5	35	68.5	36.5	13	44.5	61.5	81.5	25.5	24.5	36.5	65	41.5	51.5	22.5	31.5	64	54	31.5	67	36.5	25.5	50	47.5	30.5	13	25	56.5	30	53.5	28	29	60	71.5	18.5	55	41.5	24	34	34	28	34	29.5	40	34	36.5	42	18.5	29.5	43	27	70	31.5	58	53	18	70	36.5	38	45	80.5	69.5	48.5	22.5	2	7	2	66.5	77	38	35	21	72	29.5	14.5	58	24.5	
36.5	83	50	18	10.5	26	51	8	32	66.5	92	34.5	13.5	31.5	30.5	37	48	70	36.5	22	45	8.5	19	8.5	26.5	17	76.5	76	56.5	0	26.5	66	61.5	22	39.5	33	90.5	27.5	18	73.5	82	83	64	15	38	29.5	44.5	64	36.5	9	75.5	14	64	69.5	85	5	27	51	50	22	35.5	59	49	63	74	9.5	4.5	37	33.5	52	31	50.5	53	36	43.5	45.5	22	30.5	29	82.5	49.5	40.5	27	44	35.5	17	64.5	54.5	44.5	48.5	74.5	70	80.5	54.5	77	22.5	54	71	87.5	57.5	30.5	67	8.5	43.5	74.5	30.5	64	18.5	45.5	30	25	52	63	58.5	63.5	58.5	12	22.5	78.5	25.5	51.5	17.5	65	55	3.5	40	
17	72.5	55.5	32.5	30	29.5	44.5	32.5	51.5	86	73.5	26	32	39	25	28.5	67.5	85.5	14	28.5	64.5	28	36.5	28	24	33.5	64	59.5	74	26.5	0	49.5	69	28.5	51	52.5	70	28	27.5	77	83.5	72.5	41.5	23.5	17.5	41	36	61.5	54	28.5	75	36.5	51.5	61	80.5	31.5	23.5	64.5	65.5	41.5	25	46.5	26.5	82.5	61.5	34	22	56.5	17	53.5	50.5	40	32.5	55.5	63	65	33.5	50	36.5	58	61	30	18.5	63.5	35	36.5	84	56	56	62	86	75.5	70	56	68.5	42	71.5	54.5	73	63	20	58.5	18	37	56	4	41.5	38	45	20.5	20.5	33.5	72.5	72	67	72	36.5	23	72	45	69	28	60.5	74.5	28	59.5	
52.5	33	26	68	59.5	50	25	72	44	50.5	34	41.5	67.5	44.5	60.5	39	18	46	39.5	64	21	57.5	57	57.5	49.5	69	24.5	20	34.5	66	49.5	0	29.5	64	36.5	37	30.5	63.5	58	37.5	44	33	12	59	38	46.5	31.5	22	39.5	63	35.5	72	2	21.5	41	69	59	15	16	46	40.5	17	27	43	22	71.5	63.5	39	42.5	24	35	25.5	23	40	27.5	30.5	54	39.5	47	18.5	26.5	35.5	49	22	40.5	51	46.5	21.5	31.5	27.5	46.5	36	30.5	21.5	29	51.5	32	15	33.5	23.5	45.5	19	67.5	32.5	16.5	45.5	12	47.5	30.5	56	51	24	33	32.5	27.5	32.5	74	58.5	32.5	44.5	29.5	63.5	21	39	67.5	34	
72	37.5	39.5	77.5	55	65.5	44.5	67.5	41.5	31	38.5	61	73	56	80	58.5	27.5	34.5	59	81.5	24.5	53	58.5	53	69	76.5	29	24.5	5	61.5	69	29.5	0	81.5	44	32.5	35	83	67.5	38	46.5	37.5	31.5	76.5	57.5	54	51	31.5	41	58.5	40	73.5	31.5	8	45.5	66.5	78.5	30.5	29.5	41.5	60	36.5	46.5	27.5	26.5	69	59	36.5	62	41.5	30.5	45	42.5	35.5	18	30	61.5	35	58.5	23	34	55	68.5	23.5	60	46.5	29	39	39	33	39	34.5	35	39	33.5	47	23.5	24.5	38	32	65	28.5	63	52	13	65	31.5	43	50	75.5	70.5	43.5	27.5	3	2	3	71.5	78	37	40	26	77	30.5	19.5	63	29.5	
16.5	87	70	4	30.5	44	59	14	52	86.5	88	40.5	28.5	51.5	24.5	43	68	90	28.5	0	65	28.5	39	28.5	38.5	5	78.5	74	76.5	22	28.5	64	81.5	0	59.5	53	84.5	27.5	38	91.5	98	87	56	33	32	49.5	50.5	76	56.5	29	89.5	8	66	75.5	95	27	5	71	70	42	39.5	61	41	83	76	24.5	24.5	57	31.5	68	51	54.5	47	56	63.5	65.5	42	50.5	49	72.5	69.5	44.5	33	64	49.5	37	84.5	70.5	64.5	68.5	94.5	90	84.5	70.5	83	42.5	74	69	87.5	77.5	34.5	73	28.5	51.5	70.5	24.5	56	38.5	59.5	8	35	48	83	78.5	81.5	78.5	10	27.5	86.5	45.5	71.5	32.5	75	75	18.5	60	
54	59.5	32.5	55.5	33	43.5	31.5	45.5	19.5	49	60.5	43	51	34	62	40.5	30.5	52.5	41	59.5	27.5	31	36.5	31	49	54.5	51	46.5	39	39.5	51	36.5	44	59.5	0	15.5	57	65	45.5	56	64.5	59.5	28.5	54.5	39.5	32	33	46.5	3	36.5	58	51.5	38.5	48	67.5	44.5	60.5	33.5	32.5	19.5	42	33.5	28.5	45.5	48.5	47	37	19.5	44	34.5	13.5	11	24.5	18.5	26	28	39.5	9	36.5	45	32	37	50.5	26.5	38	24.5	47	37	27	31	57	52.5	57	37	55.5	25	36.5	41.5	60	40	47	45.5	41	34	43	47	28.5	21	6	57.5	52.5	25.5	45.5	41	46	41	49.5	60	59	18	34	55	47.5	37.5	41	22.5	
65.5	54	21	49	26.5	37	18	39	13	37.5	63	40.5	44.5	27.5	61.5	38	19	41	52.5	53	16	24.5	30	24.5	42.5	48	47.5	47	27.5	33	52.5	37	32.5	53	15.5	0	61.5	58.5	39	44.5	53	54	35	48	49	25.5	30.5	35	12.5	30	46.5	45	35	40.5	56	38	58	22	21	13	41.5	30	40	34	45	40.5	30.5	4	49.5	23	2	26.5	34	3	14.5	16.5	33	6.5	30	51.5	20.5	36.5	48	15	31.5	18	35.5	25.5	15.5	19.5	45.5	41	51.5	25.5	48	18.5	25	42	58.5	28.5	46.5	38	34.5	29.5	45.5	56.5	35	14.5	21.5	61	46	33	34	29.5	34.5	29.5	43	53.5	49.5	11.5	22.5	48.5	36	26	34.5	11	
73	13.5	46.5	88.5	84	70.5	45.5	96.5	64.5	24	9.5	62	88	65	81	59.5	48.5	26.5	60	84.5	51.5	82	77.5	82	70	89.5	20	20.5	40	90.5	70	30.5	35	84.5	57	61.5	0	84	78.5	23	19.5	13.5	32.5	79.5	58.5	67	52	32.5	60	87.5	21	92.5	32.5	27	16.5	89.5	79.5	45.5	46.5	70.5	61	37.5	47.5	33.5	22.5	92	88	59.5	63	44.5	59.5	46	43.5	60.5	47	51	74.5	64	67.5	14	47	56	69.5	52.5	61	75.5	32	42	52	48	16	26.5	16	42	19.5	74	42.5	25.5	3	39	66	29.5	88	53	22	66	32.5	72	51	76.5	71.5	44.5	33.5	38	33	38	94.5	79	18	69	45	84	31.5	41.5	92	56.5	
11	86.5	69.5	31.5	36	43.5	58.5	23.5	57.5	92	87.5	40	34	53	3	42.5	73.5	95.5	28	27.5	70.5	34	44.5	34	38	32.5	78	73.5	82	27.5	28	63.5	83	27.5	65	58.5	84	0	41.5	91	97.5	86.5	55.5	32.5	31.5	55	50	75.5	62	34.5	89	29.5	65.5	75	94.5	32.5	22.5	76.5	75.5	47.5	39	60.5	40.5	88.5	75.5	30	30	62.5	31	67.5	56.5	54	46.5	61.5	69	71	47.5	56	50.5	72	75	44	32.5	69.5	49	42.5	90	70	70	74	100	89.5	84	70	82.5	48	79.5	68.5	87	77	34	72.5	34	51	70	24	55.5	44	59	19.5	34.5	47.5	86.5	84	81	84	27.5	27	86	51	77	32	74.5	80.5	24	65.5	
30.5	81	56	34	16.5	32	53	24	38	72.5	82	34.5	29.5	37.5	38.5	37	54	76	22.5	38	51	14.5	25	14.5	32.5	33	72.5	68	62.5	18	27.5	58	67.5	38	45.5	39	78.5	41.5	0	79.5	88	81	50	33	26	35.5	44.5	70	42.5	9	81.5	30	60	69.5	89	23	37	57	56	28	33.5	55	35	69	70	25.5	15.5	43	25.5	58	37	48.5	41	42	49.5	51.5	28	36.5	35	66.5	55.5	38.5	9	50	41.5	23	70.5	60.5	50.5	54.5	80.5	76	78.5	60.5	77	28.5	60	63	81.5	63.5	28.5	67	19.5	45.5	64.5	23.5	50	24.5	51.5	34	7	42	69	64.5	69.5	64.5	28	36.5	80.5	31.5	57.5	33.5	69	61	19.5	46	
80	25.5	51.5	89.5	67	77.5	52.5	79.5	53.5	23	26.5	69	85	68	88	66.5	39.5	26.5	67	91.5	36.5	65	70.5	65	77	88.5	27	27.5	33	73.5	77	37.5	38	91.5	56	44.5	23	91	79.5	0	36.5	25.5	39.5	86.5	65.5	66	59	39.5	53	70.5	2	85.5	39.5	34	33.5	78.5	86.5	42.5	41.5	53.5	68	44.5	54.5	24.5	29.5	81	71	48.5	70	51.5	42.5	53	50.5	47.5	30	42	73.5	47	70.5	21	46	63	76.5	35.5	68	58.5	9	49	51	45	31	31.5	7	49	26.5	59	35.5	32.5	26	44	73	36.5	75	60	29	73	39.5	55	58	83.5	78.5	51.5	34.5	35	40	35	83.5	86	5	52	38	89	38.5	26.5	75	41.5	
86.5	27	60	98	75.5	84	59	88	62	21.5	10	75.5	93.5	76.5	94.5	73	48	30	73.5	98	45	73.5	79	73.5	83.5	97	33.5	34	41.5	82	83.5	44	46.5	98	64.5	53	19.5	97.5	88	36.5	0	27	46	93	72	74.5	65.5	46	61.5	79	34.5	94	46	40.5	3	87	93	51	50	62	74.5	51	61	33	36	89.5	79.5	57	76.5	58	51	59.5	57	56	38.5	50.5	82	55.5	79	27.5	54.5	69.5	83	44	74.5	67	29.5	55.5	59.5	53.5	29.5	40	29.5	55.5	33	67.5	44	39	22.5	52.5	79.5	43	83.5	66.5	35.5	79.5	46	63.5	64.5	90	85	58	43	43.5	46.5	43.5	92	92.5	31.5	60.5	46.5	97.5	45	35	83.5	50	
75.5	0	49	91	76.5	73	48	89	63	27.5	17	64.5	90.5	67.5	83.5	62	49	13	62.5	87	46	74.5	80	74.5	72.5	92	22.5	23	42.5	83	72.5	33	37.5	87	59.5	54	13.5	86.5	81	25.5	27	0	35	82	61	69.5	54.5	35	62.5	80	23.5	95	35	29.5	24	88	82	48	49	63	63.5	40	50	34	25	90.5	80.5	58	65.5	47	52	48.5	46	57	39.5	51.5	77	56.5	70	16.5	49.5	58.5	72	45	63.5	68	30.5	44.5	54.5	50.5	29.5	29	18.5	44.5	22	68.5	45	28	16.5	41.5	68.5	32	84.5	55.5	24.5	68.5	35	64.5	53.5	79	74	47	36	40.5	35.5	40.5	93	81.5	20.5	61.5	47.5	86.5	34	36	84.5	51	
44.5	35	14	60	57.5	42	17	70	36	56.5	36	33.5	59.5	36.5	52.5	31	30	48	31.5	56	33	55.5	49	55.5	41.5	61	26.5	22	36.5	64	41.5	12	31.5	56	28.5	35	32.5	55.5	50	39.5	46	35	0	51	30	38.5	23.5	24	31.5	59	37.5	64	14	23.5	43	61	51	27	28	44	32.5	5	19	45	24	63.5	61.5	31	34.5	12	33	17.5	15	32	35.5	27.5	46	37.5	39	20.5	23.5	27.5	41	34	32.5	49	48.5	18.5	23.5	24.5	48.5	38	32.5	18.5	31	45.5	34	17	35.5	25.5	37.5	21	59.5	24.5	18.5	37.5	0	45.5	22.5	48	43	16	35	34.5	29.5	34.5	66	50.5	34.5	42.5	31.5	55.5	23	43	65.5	24	
21.5	82	65	33	25.5	39	54	23	47	81.5	83	35.5	28.5	46.5	29.5	38	63	85	23.5	33	60	23.5	34	23.5	33.5	32	73.5	69	71.5	15	23.5	59	76.5	33	54.5	48	79.5	32.5	33	86.5	93	82	51	0	27	44.5	45.5	71	51.5	24	84.5	29	61	70.5	90	10	28	66	65	37	34.5	56	36	78	71	24.5	19.5	52	26.5	63	46	49.5	42	51	58.5	60.5	37	45.5	44	67.5	64.5	39.5	28	59	44.5	32	79.5	65.5	59.5	63.5	89.5	85	79.5	65.5	78	37.5	69	64	82.5	72.5	29.5	68	23.5	46.5	65.5	19.5	51	33.5	54.5	25	30	43	78	73.5	76.5	73.5	27	27.5	81.5	40.5	66.5	32.5	70	70	18.5	55	
20.5	61	44	36	31.5	12	33	44	42	82.5	62	14.5	35.5	27.5	28.5	17	56	74	7.5	32	59	29.5	19	29.5	17.5	37	52.5	48	62.5	38	17.5	38	57.5	32	39.5	49	58.5	31.5	26	65.5	72	61	30	27	0	29.5	24.5	50	42.5	35	63.5	40	40	49.5	69	37	27	53	54	38	13.5	35	15	71	50	39.5	35.5	47	10.5	42	47	28.5	21	48	59.5	53.5	16	46.5	25	46.5	49.5	18.5	17	60	23.5	33	74.5	44.5	44.5	50.5	74.5	64	58.5	44.5	57	36.5	60	43	61.5	51.5	13.5	47	35.5	25.5	44.5	13.5	30	34.5	33.5	24	19	22	61	60.5	55.5	60.5	42	26.5	60.5	41.5	57.5	31.5	49	69	39.5	54	
44	69.5	42.5	45.5	23	33.5	41.5	35.5	24.5	59	70.5	33	41	2	52	30.5	40.5	62.5	31	49.5	37.5	21	26.5	21	39	44.5	61	56.5	49	29.5	41	46.5	54	49.5	32	25.5	67	55	35.5	66	74.5	69.5	38.5	44.5	29.5	0	33	56.5	29	26.5	68	41.5	48.5	58	77.5	34.5	50.5	43.5	42.5	14.5	32	43.5	23.5	55.5	58.5	37	27	29.5	34	44.5	23.5	37	29.5	28.5	36	38	29.5	23	26.5	55	42	11	40.5	36.5	6	14.5	57	47	37	41	67	62.5	67	47	65.5	7	46.5	51.5	70	50	37	55.5	31	34	53	37	38.5	11	38	47.5	42.5	30.5	55.5	51	56	51	39.5	50	69	18	44	45	57.5	47.5	31	32.5	
39	54.5	37.5	54.5	38	36.5	26.5	50.5	29.5	64	55.5	28	54	31	47	25.5	45.5	67.5	26	50.5	42.5	36	41.5	36	36	55.5	46	41.5	54	44.5	36	31.5	51	50.5	33	30.5	52	50	44.5	59	65.5	54.5	23.5	45.5	24.5	33	0	43.5	34	41.5	57	56.5	33.5	43	62.5	49.5	45.5	46.5	47.5	24.5	27	28.5	13.5	60.5	43.5	52	42	34.5	29	35.5	28.5	22	14.5	33.5	41	43	40.5	28	33.5	40	43	22	35.5	41.5	27	29.5	62	38	38	44	68	57.5	52	38	50.5	30	51.5	36.5	55	45	32	40.5	46	1	38	32	23.5	26	27	42.5	37.5	15.5	54.5	54	49	54	54.5	45	54	19	49	50	42.5	52.5	46	37.5	
64.5	35	38	80	57.5	62	37	70	44	38.5	36	53.5	75.5	56.5	72.5	51	30	42	51.5	76	27	55.5	61	55.5	61.5	79	26.5	22	28.5	64	61.5	22	31.5	76	46.5	35	32.5	75.5	70	39.5	46	35	24	71	50	56.5	43.5	0	43.5	61	37.5	76	24	23.5	43	69	71	33	32	44	52.5	29	39	35	24	71.5	61.5	39	54.5	36	33	37.5	35	38	20.5	32.5	64	37.5	59	20.5	36.5	47.5	61	26	52.5	49	36.5	33.5	41.5	35.5	46.5	38	32.5	33.5	31	49.5	10	7	35.5	30.5	57.5	3	65.5	44.5	18.5	57.5	24	45.5	42.5	68	63	36	35	30.5	29.5	30.5	74	70.5	34.5	42.5	28.5	75.5	1	27	65.5	32	
57	62.5	29.5	52.5	30	40.5	30.5	42.5	16.5	46	63.5	44	48	31	65	41.5	27.5	49.5	44	56.5	24.5	28	33.5	28	46	51.5	54	49.5	36	36.5	54	39.5	41	56.5	3	12.5	60	62	42.5	53	61.5	62.5	31.5	51.5	42.5	29	34	43.5	0	33.5	55	48.5	41.5	49	64.5	41.5	61.5	30.5	29.5	16.5	45	36.5	31.5	42.5	51.5	44	34	16.5	47	31.5	10.5	14	27.5	15.5	23	25	36.5	6	33.5	48	29	40	51.5	23.5	35	21.5	44	34	24	28	54	49.5	60	34	56.5	22	33.5	44.5	63	37	50	46.5	38	33	46	50	31.5	18	9	60.5	49.5	28.5	42.5	38	43	38	46.5	57	58	15	31	52	44.5	34.5	38	19.5	
39.5	80	47	25	7.5	23	48	15	29	63.5	89	31.5	20.5	28.5	37.5	34	45	67	31.5	29	42	5.5	16	5.5	23.5	24	73.5	73	53.5	9	28.5	63	58.5	29	36.5	30	87.5	34.5	9	70.5	79	80	59	24	35	26.5	41.5	61	33.5	0	72.5	21	61	66.5	82	14	34	48	47	19	32.5	56	44	60	71	16.5	6.5	34	30.5	49	28	47.5	50	33	40.5	42.5	19	27.5	26	75.5	46.5	37.5	18	41	32.5	14	61.5	51.5	41.5	45.5	71.5	67	77.5	51.5	74	19.5	51	68	84.5	54.5	27.5	64	10.5	40.5	71.5	32.5	59	15.5	42.5	37	16	49	60	55.5	60.5	55.5	19	29.5	75.5	22.5	48.5	24.5	62	52	10.5	37	
78	23.5	51.5	91.5	69	75.5	50.5	81.5	55.5	25	24.5	67	87	70	86	64.5	41.5	28.5	65	89.5	38.5	67	72.5	67	75	90.5	25	25.5	35	75.5	75	35.5	40	89.5	58	46.5	21	89	81.5	2	34.5	23.5	37.5	84.5	63.5	68	57	37.5	55	72.5	0	87.5	37.5	32	31.5	80.5	84.5	44.5	43.5	55.5	66	42.5	52.5	26.5	27.5	83	73	50.5	68	49.5	44.5	51	48.5	49.5	32	44	75.5	49	72.5	19	48	61	74.5	37.5	66	60.5	11	47	53	47	33	31.5	5	47	24.5	61	37.5	30.5	24	44	71	34.5	77	58	27	71	37.5	57	56	81.5	76.5	49.5	36.5	37	38	37	85.5	84	3	54	40	89	36.5	28.5	77	43.5	
24.5	95	62	4	22.5	38	63	6	44	78.5	96	46.5	20.5	43.5	32.5	49	60	82	36.5	8	57	20.5	31	20.5	38.5	3	86.5	82	68.5	14	36.5	72	73.5	8	51.5	45	92.5	29.5	30	85.5	94	95	64	29	40	41.5	56.5	76	48.5	21	87.5	0	74	81.5	97	19	13	63	62	34	47.5	69	49	75	84	16.5	16.5	49	39.5	64	43	62.5	55	48	55.5	57.5	34	42.5	41	80.5	61.5	52.5	39	56	47.5	29	76.5	66.5	56.5	60.5	86.5	82	92.5	66.5	89	34.5	66	77	95.5	69.5	42.5	79	20.5	55.5	78.5	32.5	64	30.5	57.5	16	37	56	75	70.5	75.5	70.5	2	29.5	90.5	37.5	63.5	24.5	77	67	10.5	52	
54.5	35	28	70	57.5	52	27	70	44	48.5	36	43.5	69.5	46.5	62.5	41	16	48	41.5	66	19	55.5	59	55.5	51.5	71	26.5	22	36.5	64	51.5	2	31.5	66	38.5	35	32.5	65.5	60	39.5	46	35	14	61	40	48.5	33.5	24	41.5	61	37.5	74	0	23.5	43	69	61	13	14	44	42.5	19	29	45	24	71.5	61.5	39	44.5	26	33	27.5	25	38	25.5	32.5	56	37.5	49	20.5	28.5	37.5	51	20	42.5	49	46.5	23.5	33.5	29.5	48.5	38	32.5	23.5	31	49.5	34	17	35.5	25.5	47.5	21	65.5	34.5	18.5	47.5	14	45.5	32.5	58	53	26	35	34.5	29.5	34.5	74	60.5	34.5	42.5	31.5	65.5	23	37	65.5	32	
64	29.5	37.5	79.5	63	61.5	36.5	75.5	49.5	39	30.5	53	79	56	72	50.5	35.5	42.5	51	75.5	32.5	61	66.5	61	61	80.5	21	16.5	13	69.5	61	21.5	8	75.5	48	40.5	27	75	69.5	34	40.5	29.5	23.5	70.5	49.5	58	43	23.5	49	66.5	32	81.5	23.5	0	37.5	74.5	70.5	36.5	37.5	49.5	52	28.5	38.5	35.5	18.5	77	67	44.5	54	35.5	38.5	37	34.5	43.5	26	38	65.5	43	58.5	15	38	47	60.5	31.5	52	54.5	37	33	43	39	43	32.5	27	33	25.5	55	31.5	16.5	30	30	57	20.5	71	44	5	57	23.5	51	42	67.5	62.5	35.5	29.5	11	6	11	79.5	70	29	48	34	75	22.5	27.5	71	37.5	
83.5	24	57	99	78.5	81	56	91	65	24.5	7	72.5	96.5	75.5	91.5	70	51	33	70.5	95	48	76.5	82	76.5	80.5	100	30.5	31	44.5	85	80.5	41	45.5	95	67.5	56	16.5	94.5	89	33.5	3	24	43	90	69	77.5	62.5	43	64.5	82	31.5	97	43	37.5	0	90	90	54	53	65	71.5	48	58	36	33	92.5	82.5	60	73.5	55	54	56.5	54	59	41.5	53.5	85	58.5	78	24.5	57.5	66.5	80	47	71.5	70	32.5	52.5	62.5	56.5	32.5	37	26.5	52.5	30	70.5	47	36	19.5	49.5	76.5	40	86.5	63.5	32.5	76.5	43	66.5	61.5	87	82	55	44	46.5	43.5	46.5	95	89.5	28.5	63.5	49.5	94.5	42	38	86.5	53	
31.5	88	55	23	15.5	31	56	13	37	71.5	93	39.5	18.5	36.5	35.5	42	53	75	33.5	27	50	13.5	24	13.5	31.5	22	81.5	79	61.5	5	31.5	69	66.5	27	44.5	38	89.5	32.5	23	78.5	87	88	61	10	37	34.5	49.5	69	41.5	14	80.5	19	69	74.5	90	0	32	56	55	27	40.5	64	46	68	79	14.5	9.5	42	36.5	57	36	55.5	52	41	48.5	50.5	27	35.5	34	77.5	54.5	45.5	32	49	40.5	22	69.5	59.5	49.5	53.5	79.5	75	85.5	59.5	82	27.5	59	74	92.5	62.5	35.5	72	13.5	48.5	75.5	29.5	61	23.5	50.5	35	30	53	68	63.5	68.5	63.5	17	27.5	83.5	30.5	56.5	22.5	70	60	8.5	45	
11.5	82	65	9	35.5	39	54	19	57	91.5	83	35.5	31.5	48.5	19.5	38	73	95	23.5	5	70	33.5	44	33.5	33.5	10	73.5	69	81.5	27	23.5	59	78.5	5	60.5	58	79.5	22.5	37	86.5	93	82	51	28	27	50.5	45.5	71	61.5	34	84.5	13	61	70.5	90	32	0	74	75	47	34.5	56	36	88	71	29.5	29.5	62	26.5	63	56	49.5	42	61	68.5	70.5	43	55.5	46	67.5	70.5	39.5	28	69	44.5	42	89.5	65.5	65.5	71.5	95.5	85	79.5	65.5	78	47.5	79	64	82.5	72.5	29.5	68	33.5	46.5	65.5	19.5	51	43.5	54.5	3	30	43	82	81.5	76.5	81.5	15	22.5	81.5	50.5	76.5	27.5	70	80	23.5	65	
67.5	48	29	67	44.5	55	40	57	31	35.5	49	56.5	62.5	45.5	75.5	54	3	39	54.5	71	6	42.5	48	42.5	60.5	66	39.5	35	25.5	51	64.5	15	30.5	71	33.5	22	45.5	76.5	57	42.5	51	48	27	66	53	43.5	46.5	33	30.5	48	44.5	63	13	36.5	54	56	74	0	1	31	55.5	32	42	32	37	58.5	48.5	26	57.5	31	20	40.5	38	25	12.5	19.5	51	24.5	48	33.5	23.5	50.5	64	7	49.5	36	33.5	28.5	28.5	22.5	43.5	39	45.5	28.5	44	36.5	23	30	48.5	26.5	60.5	34	52.5	47.5	31.5	60.5	27	32.5	39.5	71	64	39	32	27.5	32.5	27.5	61	71.5	47.5	29.5	20.5	66.5	34	24	52.5	19	
68.5	49	28	66	43.5	54	39	56	30	34.5	50	57.5	61.5	44.5	76.5	55	2	38	55.5	70	5	41.5	47	41.5	59.5	65	40.5	36	24.5	50	65.5	16	29.5	70	32.5	21	46.5	75.5	56	41.5	50	49	28	65	54	42.5	47.5	32	29.5	47	43.5	62	14	37.5	53	55	75	1	0	30	56.5	33	43	31	38	57.5	47.5	25	58.5	30	19	41.5	39	24	11.5	18.5	50	23.5	47	34.5	22.5	51.5	65	6	48.5	35	32.5	27.5	27.5	21.5	42.5	38	46.5	27.5	45	35.5	22	31	49.5	25.5	61.5	35	51.5	46.5	32.5	61.5	28	31.5	38.5	72	63	40	31	26.5	31.5	26.5	60	70.5	46.5	28.5	19.5	65.5	33	23	51.5	18	
56.5	63	30	38	15.5	26	31	28	12	46.5	72	29.5	33.5	16.5	50.5	27	28	50	41.5	42	25	13.5	19	13.5	31.5	37	56.5	56	36.5	22	41.5	46	41.5	42	19.5	13	70.5	47.5	28	53.5	62	63	44	37	38	14.5	24.5	44	16.5	19	55.5	34	44	49.5	65	27	47	31	30	0	30.5	39	27	43	54	29.5	19.5	17	38.5	32	11	30.5	33	16	23.5	25.5	22	10.5	19	62.5	29.5	25.5	37	24	20.5	7	44.5	34.5	24.5	28.5	54.5	50	60.5	34.5	57	7.5	34	51	67.5	37.5	35.5	47	23.5	23.5	54.5	45.5	44	3.5	25.5	50	35	32	43	38.5	43.5	38.5	32	42.5	58.5	5.5	31.5	37.5	45	35	23.5	20	
28	63.5	46.5	43.5	29	25.5	35.5	41.5	40.5	75	64.5	1	43	30	36	19.5	56.5	76.5	15	39.5	53.5	27	32.5	27	25	44.5	55	50.5	65	35.5	25	40.5	60	39.5	42	41.5	61	39	33.5	68	74.5	63.5	32.5	34.5	13.5	32	27	52.5	45	32.5	66	47.5	42.5	52	71.5	40.5	34.5	55.5	56.5	30.5	0	37.5	17.5	71.5	52.5	43	33	45.5	18	44.5	39.5	31	23.5	44.5	52	54	29.5	39	27.5	49	52	21	24.5	52.5	26	25.5	73	47	47	53	77	66.5	61	47	59.5	31	62.5	45.5	64	54	21	49.5	37	28	47	21	32.5	27	36	31.5	26.5	24.5	63.5	63	58	63	45.5	34	63	34	60	39	51.5	63.5	37	48.5	
49.5	40	9	65	52.5	47	22	65	39	53.5	41	38.5	64.5	41.5	57.5	36	35	53	36.5	61	32	50.5	54	50.5	46.5	66	31.5	27	41.5	59	46.5	17	36.5	61	33.5	30	37.5	60.5	55	44.5	51	40	5	56	35	43.5	28.5	29	36.5	56	42.5	69	19	28.5	48	64	56	32	33	39	37.5	0	24	50	29	66.5	56.5	34	39.5	7	28	22.5	20	33	30.5	32.5	51	32.5	44	25.5	28.5	32.5	46	31	37.5	44	51.5	23.5	28.5	29.5	53.5	43	37.5	23.5	36	44.5	39	22	40.5	30.5	42.5	26	60.5	29.5	23.5	42.5	5	40.5	27.5	53	48	21	40	39.5	34.5	39.5	69	55.5	39.5	37.5	36.5	60.5	28	42	60.5	19	
29.5	50	33	45	42.5	27	22	55	31	71.5	51	18.5	44.5	21.5	37.5	16	45	63	16.5	41	48	40.5	34	40.5	26.5	46	41.5	37	51.5	49	26.5	27	46.5	41	28.5	40	47.5	40.5	35	54.5	61	50	19	36	15	23.5	13.5	39	31.5	44	52.5	49	29	38.5	58	46	36	42	43	27	17.5	24	0	60	39	48.5	46.5	36	19.5	31	38	17.5	10	37	50.5	42.5	31	37.5	24	35.5	38.5	12.5	26	49	17.5	34	63.5	33.5	33.5	39.5	63.5	53	47.5	33.5	46	30.5	49	32	50.5	40.5	22.5	36	44.5	14.5	33.5	22.5	19	30.5	22.5	33	28	11	50	49.5	44.5	49.5	51	35.5	49.5	32.5	46.5	40.5	38	58	50.5	43	
85.5	34	41	79	56.5	67	52	69	43	17.5	37	70.5	74.5	57.5	91.5	68	29	21	72.5	83	26	54.5	60	54.5	72.5	78	32.5	33	22.5	63	82.5	43	27.5	83	45.5	34	33.5	88.5	69	24.5	33	34	45	78	71	55.5	60.5	35	42.5	60	26.5	75	45	35.5	36	68	88	32	31	43	71.5	50	60	0	35	70.5	60.5	38	75.5	43	32	56.5	56	37	19.5	31.5	63	36.5	60	26.5	35.5	66.5	78	25	61.5	48	15.5	40.5	40.5	34.5	25.5	7	31.5	40.5	14	48.5	25	38	36.5	33.5	76.5	38	64.5	59.5	34.5	78.5	45	44.5	51.5	89	76	57	24	24.5	29.5	24.5	73	83.5	29.5	41.5	27.5	78.5	36	16	64.5	31	
64.5	25	38	80	67.5	62	37	80	54	38.5	26	53.5	79.5	56.5	72.5	51	40	38	51.5	76	37	65.5	69	65.5	61.5	81	16.5	2	31.5	74	61.5	22	26.5	76	48.5	45	22.5	75.5	70	29.5	36	25	24	71	50	58.5	43.5	24	51.5	71	27.5	84	24	18.5	33	79	71	37	38	54	52.5	29	39	35	0	81.5	71.5	49	54.5	36	43	37.5	35	48	30.5	42.5	66	47.5	59	10.5	38.5	47.5	61	36	52.5	59	36.5	33.5	43.5	39.5	38.5	28	22.5	33.5	21	59.5	34	17	25.5	30.5	57.5	21	75.5	44.5	13.5	57.5	24	55.5	42.5	68	63	36	11	29.5	24.5	29.5	84	70.5	24.5	52.5	36.5	75.5	23	19	75.5	42	
29	90.5	57.5	20.5	18	33.5	58.5	10.5	39.5	74	95.5	42	4	39	33	44.5	55.5	77.5	36	24.5	52.5	16	26.5	16	34	19.5	84	81.5	64	9.5	34	71.5	69	24.5	47	40.5	92	30	25.5	81	89.5	90.5	63.5	24.5	39.5	37	52	71.5	44	16.5	83	16.5	71.5	77	92.5	14.5	29.5	58.5	57.5	29.5	43	66.5	48.5	70.5	81.5	0	12	44.5	39	59.5	38.5	58	54.5	43.5	51	53	29.5	38	36.5	80	57	48	34.5	51.5	43	24.5	72	62	52	56	82	77.5	88	62	84.5	30	61.5	76.5	95	65	38	74.5	16	51	78	32	63.5	26	53	32.5	32.5	55.5	70.5	66	71	66	14.5	13	86	33	59	8	72.5	62.5	6	47.5	
39	80.5	47.5	20.5	8	23.5	48.5	10.5	29.5	64	89.5	32	16	29	33	34.5	45.5	67.5	34	24.5	42.5	6	16.5	6	24	19.5	74	73.5	54	4.5	22	63.5	59	24.5	37	30.5	88	30	15.5	71	79.5	80.5	61.5	19.5	35.5	27	42	61.5	34	6.5	73	16.5	61.5	67	82.5	9.5	29.5	48.5	47.5	19.5	33	56.5	46.5	60.5	71.5	12	0	34.5	31	49.5	28.5	48	50.5	33.5	41	43	19.5	28	26.5	80	47	38	24.5	41.5	33	14.5	62	52	42	46	72	67.5	78	52	74.5	20	51.5	68.5	85	55	28	64.5	4	41	72	26	61.5	16	43	32.5	22.5	49.5	60.5	56	61	56	14.5	25	76	23	49	20	62.5	52.5	6	37.5	
61.5	58	25	53	30.5	41	14	43	17	41.5	63	44.5	48.5	31.5	65.5	42	23	45	48.5	57	20	28.5	34	28.5	46.5	52	51.5	49	31.5	37	56.5	39	36.5	57	19.5	4	59.5	62.5	43	48.5	57	58	31	52	47	29.5	34.5	39	16.5	34	50.5	49	39	44.5	60	42	62	26	25	17	45.5	34	36	38	49	44.5	34.5	0	51.5	27	6	30.5	32	1	18.5	20.5	37	10.5	34	47.5	24.5	40.5	52	19	35.5	22	39.5	29.5	19.5	23.5	49.5	45	55.5	29.5	52	22.5	29	44	62.5	32.5	50.5	42	38.5	33.5	45.5	54.5	31	18.5	25.5	65	50	33	38	33.5	38.5	33.5	47	57.5	53.5	15.5	26.5	52.5	40	30	38.5	15	
20	65.5	48.5	35.5	23	22.5	37.5	39.5	46.5	83	66.5	19	35	32	28	21.5	60.5	78.5	3	31.5	61.5	25	29.5	25	7	36.5	57	52.5	67	33.5	17	42.5	62	31.5	44	49.5	63	31	25.5	70	76.5	65.5	34.5	26.5	10.5	34	29	54.5	47	30.5	68	39.5	44.5	54	73.5	36.5	26.5	57.5	58.5	38.5	18	39.5	19.5	75.5	54.5	39	31	51.5	0	46.5	47.5	33	25.5	52.5	60	58	26.5	47	29.5	51	54	23	16.5	60.5	28	33.5	79	49	49	55	79	68.5	63	49	61.5	39	64.5	47.5	66	56	3	51.5	35	30	49	13	34.5	35	38	23.5	18.5	26.5	65.5	65	60	65	41.5	26	65	42	62	31	53.5	71.5	35	56.5	
56.5	47	2	68	45.5	54	29	58	32	46.5	48	45.5	63.5	46.5	64.5	43	28	50	43.5	68	25	43.5	49	43.5	53.5	67	38.5	34	36.5	52	53.5	24	41.5	68	34.5	23	44.5	67.5	58	51.5	58	47	12	63	42	44.5	35.5	36	31.5	49	49.5	64	26	35.5	55	57	63	31	30	32	44.5	7	31	43	36	59.5	49.5	27	46.5	0	21	29.5	27	26	23.5	25.5	52	25.5	49	32.5	29.5	39.5	53	24	44.5	37	44.5	30.5	29.5	28.5	54.5	50	44.5	30.5	43	37.5	34	29	47.5	37.5	49.5	33	53.5	36.5	30.5	49.5	12	33.5	34.5	60	55	28	43	38.5	41.5	38.5	62	62.5	46.5	30.5	31.5	67.5	35	35	53.5	12	
67.5	52	19	47	24.5	35	20	37	11	35.5	61	38.5	42.5	25.5	59.5	36	17	39	50.5	51	14	22.5	28	22.5	40.5	46	45.5	45	25.5	31	50.5	35	30.5	51	13.5	2	59.5	56.5	37	42.5	51	52	33	46	47	23.5	28.5	33	10.5	28	44.5	43	33	38.5	54	36	56	20	19	11	39.5	28	38	32	43	38.5	28.5	6	47.5	21	0	24.5	32	5	12.5	14.5	31	4.5	28	51.5	18.5	34.5	46	13	29.5	16	33.5	23.5	13.5	17.5	43.5	39	49.5	23.5	46	16.5	23	40	56.5	26.5	44.5	36	32.5	27.5	43.5	54.5	33	12.5	19.5	59	44	31	32	27.5	32.5	27.5	41	51.5	47.5	9.5	20.5	46.5	34	24	32.5	9	
43	48.5	31.5	58.5	44	40.5	20.5	56.5	30.5	60	49.5	32	58	35	51	29.5	41.5	61.5	30	54.5	38.5	42	47.5	42	40	59.5	40	35.5	50	50.5	40	25.5	45	54.5	11	26.5	46	54	48.5	53	59.5	48.5	17.5	49.5	28.5	37	22	37.5	14	47.5	51	62.5	27.5	37	56.5	55.5	49.5	40.5	41.5	30.5	31	22.5	17.5	56.5	37.5	58	48	30.5	33	29.5	24.5	0	13.5	29.5	37	39	44.5	20	37.5	34	37	26	39.5	37.5	31	35.5	58	32	32	38	62	51.5	46	32	44.5	36	47.5	30.5	49	39	36	34.5	52	23	32	36	17.5	32	5	46.5	41.5	14.5	48.5	48	43	48	60.5	49	48	29	45	54	36.5	48.5	52	33.5	
35.5	46	29	51	46.5	33	18	59	21	67.5	47	24.5	50.5	27.5	43.5	22	41	59	22.5	47	44	44.5	40	44.5	32.5	52	37.5	33	47.5	53	32.5	23	42.5	47	24.5	34	43.5	46.5	41	50.5	57	46	15	42	21	29.5	14.5	35	27.5	50	48.5	55	25	34.5	54	52	42	38	39	33	23.5	20	10	56	35	54.5	50.5	32	25.5	27	32	13.5	0	33	44.5	38.5	37	31.5	30	31.5	34.5	18.5	32	45	23.5	38	59.5	29.5	29.5	35.5	59.5	49	43.5	29.5	42	36.5	45	28	46.5	36.5	28.5	32	50.5	15.5	29.5	28.5	15	34.5	18.5	39	34	1	46	45.5	40.5	45.5	57	41.5	45.5	31.5	42.5	46.5	34	54	54.5	39	
62.5	57	24	52	29.5	40	15	42	16	40.5	64	43.5	47.5	30.5	64.5	41	22	44	49.5	56	19	27.5	33	27.5	45.5	51	50.5	50	30.5	36	55.5	40	35.5	56	18.5	3	60.5	61.5	42	47.5	56	57	32	51	48	28.5	33.5	38	15.5	33	49.5	48	38	43.5	59	41	61	25	24	16	44.5	33	37	37	48	43.5	33.5	1	52.5	26	5	29.5	33	0	17.5	19.5	36	9.5	33	48.5	23.5	39.5	51	18	34.5	21	38.5	28.5	18.5	22.5	48.5	44	54.5	28.5	51	21.5	28	45	61.5	31.5	49.5	41	37.5	32.5	46.5	55.5	32	17.5	24.5	64	49	34	37	32.5	37.5	32.5	46	56.5	52.5	14.5	25.5	51.5	39	29	37.5	14	
80	39.5	21.5	59.5	37	47.5	32.5	49.5	23.5	23	48.5	51	55	38	72	48.5	9.5	26.5	63	63.5	6.5	35	40.5	35	53	58.5	33	32.5	13	43.5	63	27.5	18	63.5	26	14.5	47	69	49.5	30	38.5	39.5	35.5	58.5	59.5	36	41	20.5	23	40.5	32	55.5	25.5	26	41.5	48.5	68.5	12.5	11.5	23.5	52	30.5	50.5	19.5	30.5	51	41	18.5	60	23.5	12.5	37	44.5	17.5	0	12	43.5	17	40.5	39	16	47	58.5	5.5	42	28.5	21	21	21	15	31	26.5	37	21	33.5	29	10.5	27.5	44	14	57	23.5	45	40	31	67	35.5	25	32	71.5	56.5	43.5	19.5	15	20	15	53.5	64	35	22	8	59	21.5	11.5	45	11.5	
68	51.5	23.5	61.5	39	49.5	34.5	51.5	25.5	35	54.5	53	57	40	74	50.5	16.5	38.5	55	65.5	13.5	37	42.5	37	55	60.5	45	40.5	25	45.5	65	30.5	30	65.5	28	16.5	51	71	51.5	42	50.5	51.5	27.5	60.5	53.5	38	43	32.5	25	42.5	44	57.5	32.5	38	53.5	50.5	70.5	19.5	18.5	25.5	54	32.5	42.5	31.5	42.5	53	43	20.5	58	25.5	14.5	39	38.5	19.5	12	0	45.5	19	42.5	39	4	49	60.5	12.5	44	30.5	33	9	23	3	43	38.5	49	9	45.5	31	22.5	35.5	54	26	59	35.5	47	42	37	61	27.5	27	34	71.5	58.5	39.5	31.5	27	32	27	55.5	66	47	24	20	61	33.5	23.5	47	13.5	
36.5	77	50	38	15.5	4	49	28	32	66.5	78	30.5	33.5	31.5	44.5	33	48	70	23.5	42	45	13.5	3	13.5	31.5	37	68.5	64	56.5	22	33.5	54	61.5	42	39.5	33	74.5	47.5	28	73.5	82	77	46	37	16	29.5	40.5	64	36.5	19	75.5	34	56	65.5	85	27	43	51	50	22	29.5	51	31	63	66	29.5	19.5	37	26.5	52	31	44.5	37	36	43.5	45.5	0	30.5	29	62.5	49.5	34.5	33	44	35.5	17	64.5	54.5	44.5	48.5	74.5	70	74.5	54.5	73	22.5	54	59	77.5	57.5	29.5	63	23.5	41.5	60.5	29.5	46	18.5	45.5	40	35	38	63	58.5	63.5	58.5	32	42.5	76.5	25.5	51.5	37.5	65	55	23.5	40	
63	56.5	23.5	46.5	24	34.5	24.5	36.5	10.5	40	65.5	38	42	25	59	35.5	21.5	43.5	50	50.5	18.5	22	27.5	22	40	45.5	50	49.5	30	30.5	50	39.5	35	50.5	9	6.5	64	56	36.5	47	55.5	56.5	37.5	45.5	46.5	23	28	37.5	6	27.5	49	42.5	37.5	43	58.5	35.5	55.5	24.5	23.5	10.5	39	32.5	37.5	36.5	47.5	38	28	10.5	47	25.5	4.5	20	31.5	9.5	17	19	30.5	0	27.5	54	23	34	45.5	17.5	29	15.5	38	28	18	22	48	43.5	54	28	50.5	16	27.5	44.5	61	31	44	40.5	32	27	48	54	37.5	12	15	58.5	43.5	30.5	36.5	32	37	32	40.5	51	52	9	25	46	38.5	28.5	32	13.5	
39.5	70	47	45	22.5	33	42	35	29	63.5	71	28.5	40.5	28.5	47.5	8	45	67	26.5	49	42	20.5	26	20.5	36.5	44	61.5	57	53.5	29	36.5	47	58.5	49	36.5	30	67.5	50.5	35	70.5	79	70	39	44	25	26.5	33.5	59	33.5	26	72.5	41	49	58.5	78	34	46	48	47	19	27.5	44	24	60	59	36.5	26.5	34	29.5	49	28	37.5	30	33	40.5	42.5	29	27.5	0	55.5	46.5	27.5	36	41	32.5	12	61.5	51.5	41.5	45.5	71.5	67	67.5	51.5	66	19.5	51	52	70.5	54.5	32.5	56	30.5	34.5	53.5	32.5	39	15.5	42.5	43	38	31	60	55.5	60.5	55.5	39	45.5	69.5	22.5	48.5	44.5	58	52	30.5	37	
61	16.5	34.5	76.5	74	58.5	33.5	86.5	52.5	38	17.5	50	76	53	69	47.5	36.5	29.5	48	72.5	39.5	74	65.5	74	58	77.5	6	8.5	28	82.5	58	18.5	23	72.5	45	51.5	14	72	66.5	21	27.5	16.5	20.5	67.5	46.5	55	40	20.5	48	75.5	19	80.5	20.5	15	24.5	77.5	67.5	33.5	34.5	62.5	49	25.5	35.5	26.5	10.5	80	80	47.5	51	32.5	51.5	34	31.5	48.5	39	39	62.5	54	55.5	0	35	44	57.5	40.5	49	67.5	30	30	40	36	30	19.5	14	30	12.5	62	30.5	13.5	17	27	54	17.5	76	41	10	54	20.5	64	39	64.5	59.5	32.5	21.5	26	21	26	82.5	67	16	59	33	72	19.5	29.5	84	44.5	
64	49.5	27.5	65.5	43	53.5	36.5	55.5	29.5	39	50.5	53	61	44	72	50.5	20.5	42.5	51	69.5	17.5	41	46.5	41	59	64.5	41	36.5	29	49.5	61	26.5	34	69.5	32	20.5	47	75	55.5	46	54.5	49.5	23.5	64.5	49.5	42	43	36.5	29	46.5	48	61.5	28.5	38	57.5	54.5	70.5	23.5	22.5	29.5	52	28.5	38.5	35.5	38.5	57	47	24.5	54	29.5	18.5	37	34.5	23.5	16	4	49.5	23	46.5	35	0	47	60.5	16.5	48	34.5	37	5	27	1	47	42.5	47	5	45.5	35	26.5	31.5	50	30	57	35.5	51	44	33	57	23.5	31	38	67.5	62.5	35.5	35.5	31	36	31	59.5	70	49	28	24	65	37.5	27.5	51	17.5	
33	58.5	41.5	48.5	34	30.5	30.5	46.5	35.5	70	59.5	22	48	9	41	19.5	51.5	71.5	20	44.5	48.5	32	37.5	32	30	49.5	50	45.5	60	40.5	30	35.5	55	44.5	37	36.5	56	44	38.5	63	69.5	58.5	27.5	39.5	18.5	11	22	47.5	40	37.5	61	52.5	37.5	47	66.5	45.5	39.5	50.5	51.5	25.5	21	32.5	12.5	66.5	47.5	48	38	40.5	23	39.5	34.5	26	18.5	39.5	47	49	34.5	34	27.5	44	47	0	29.5	47.5	5	25.5	68	42	42	48	72	61.5	56	42	54.5	18	57.5	40.5	59	49	26	44.5	42	23	42	26	27.5	22	31	36.5	31.5	19.5	58.5	58	53	58	50.5	39	58	29	55	44	46.5	58.5	42	43.5	
21.5	72	55	37	25.5	29	44	33	47	81.5	73	25.5	36.5	38.5	29.5	28	63	85	13.5	33	60	23.5	34	23.5	23.5	38	63.5	59	71.5	27	18.5	49	68.5	33	50.5	48	69.5	32.5	9	76.5	83	72	41	28	17	40.5	35.5	61	51.5	18	74.5	39	51	60.5	80	32	28	64	65	37	24.5	46	26	78	61	34.5	24.5	52	16.5	53	46	39.5	32	51	58.5	60.5	33	45.5	36	57.5	60.5	29.5	0	59	34.5	32	79.5	55.5	55.5	61.5	85.5	75	69.5	55.5	68	37.5	69	54	72.5	62.5	19.5	58	28.5	36.5	55.5	14.5	41	33.5	44.5	25	2	33	72	71.5	66.5	71.5	37	27.5	71.5	40.5	66.5	32.5	60	70	28.5	55	
74.5	45	22	60	37.5	48	33	50	24	28.5	54	51.5	55.5	38.5	72.5	49	4	32	61.5	64	1	35.5	41	35.5	53.5	59	38.5	38	18.5	44	63.5	22	23.5	64	26.5	15	52.5	69.5	50	35.5	44	45	34	59	60	36.5	41.5	26	23.5	41	37.5	56	20	31.5	47	49	69	7	6	24	52.5	31	49	25	36	51.5	41.5	19	60.5	24	13	37.5	45	18	5.5	12.5	44	17.5	41	40.5	16.5	47.5	59	0	42.5	29	26.5	21.5	21.5	15.5	36.5	32	42.5	21.5	39	29.5	16	33	49.5	19.5	57.5	29	45.5	40.5	36.5	67.5	34	25.5	32.5	72	57	44	25	20.5	25.5	20.5	54	64.5	40.5	22.5	13.5	59.5	27	17	45.5	12	
38	63.5	46.5	51.5	29	35.5	35.5	41.5	30.5	65	64.5	27	47	4	46	24.5	46.5	68.5	25	49.5	43.5	27	32.5	27	35	50.5	55	50.5	55	35.5	35	40.5	60	49.5	38	31.5	61	49	41.5	68	74.5	63.5	32.5	44.5	23.5	6	27	52.5	35	32.5	66	47.5	42.5	52	71.5	40.5	44.5	49.5	48.5	20.5	26	37.5	17.5	61.5	52.5	43	33	35.5	28	44.5	29.5	31	23.5	34.5	42	44	35.5	29	32.5	49	48	5	34.5	42.5	0	20.5	63	47	43	47	73	66.5	61	47	59.5	13	52.5	45.5	64	54	31	49.5	37	28	47	31	32.5	17	36	41.5	36.5	24.5	61.5	57	58	57	45.5	44	63	24	50	49	51.5	53.5	37	38.5	
51.5	68	35	33	10.5	21	36	23	17	51.5	77	24.5	28.5	16.5	45.5	20	33	55	36.5	37	30	8.5	14	8.5	26.5	32	61.5	61	41.5	17	36.5	51	46.5	37	24.5	18	75.5	42.5	23	58.5	67	68	49	32	33	14.5	29.5	49	21.5	14	60.5	29	49	54.5	70	22	42	36	35	7	25.5	44	34	48	59	24.5	14.5	22	33.5	37	16	35.5	38	21	28.5	30.5	17	15.5	12	67.5	34.5	25.5	32	29	20.5	0	49.5	39.5	29.5	33.5	59.5	55	65.5	39.5	62	7.5	39	56	72.5	42.5	30.5	52	18.5	28.5	59.5	40.5	49	3.5	30.5	45	30	37	48	43.5	48.5	43.5	27	37.5	63.5	10.5	36.5	32.5	50	40	18.5	25	
89	30.5	42.5	80.5	58	68.5	53.5	70.5	44.5	14	35.5	72	76	59	93	69.5	30.5	17.5	76	84.5	27.5	56	61.5	56	74	79.5	34	36.5	24	64.5	84	46.5	29	84.5	47	35.5	32	90	70.5	9	29.5	30.5	48.5	79.5	74.5	57	62	36.5	44	61.5	11	76.5	46.5	37	32.5	69.5	89.5	33.5	32.5	44.5	73	51.5	63.5	15.5	36.5	72	62	39.5	79	44.5	33.5	58	59.5	38.5	21	33	64.5	38	61.5	30	37	68	79.5	26.5	63	49.5	0	42	42	36	22	22.5	16	42	29.5	50	26.5	41.5	35	35	78	39.5	66	61	38	82	48.5	46	53	92.5	77.5	60.5	25.5	26	31	26	74.5	85	14	43	29	80	37.5	17.5	66	32.5	
59	44.5	32.5	70.5	48	56.5	31.5	60.5	34.5	44	45.5	48	66	49	67	45.5	25.5	47.5	46	70.5	22.5	46	51.5	46	56	69.5	36	31.5	34	54.5	56	21.5	39	70.5	37	25.5	42	70	60.5	49	55.5	44.5	18.5	65.5	44.5	47	38	33.5	34	51.5	47	66.5	23.5	33	52.5	59.5	65.5	28.5	27.5	34.5	47	23.5	33.5	40.5	33.5	62	52	29.5	49	30.5	23.5	32	29.5	28.5	21	9	54.5	28	51.5	30	5	42	55.5	21.5	47	39.5	42	0	32	6	52	47.5	42	0	40.5	40	31.5	26.5	45	35	52	30.5	56	39	28	52	18.5	36	37	62.5	57.5	30.5	40.5	36	39	36	64.5	65	44	33	29	70	32.5	32.5	56	22.5	
59	54.5	27.5	60.5	38	48.5	31.5	50.5	24.5	44	55.5	48	56	39	67	45.5	25.5	47.5	46	64.5	22.5	36	41.5	36	54	59.5	46	41.5	34	44.5	56	31.5	39	64.5	27	15.5	52	70	50.5	51	59.5	54.5	23.5	59.5	44.5	37	38	41.5	24	41.5	53	56.5	33.5	43	62.5	49.5	65.5	28.5	27.5	24.5	47	28.5	33.5	40.5	43.5	52	42	19.5	49	29.5	13.5	32	29.5	18.5	21	23	44.5	18	41.5	40	27	42	55.5	21.5	43	29.5	42	32	0	26	52	47.5	52	32	50.5	30	31.5	36.5	55	35	52	40.5	46	39	38	52	23.5	26	33	62.5	57.5	30.5	40.5	36	41	36	54.5	65	54	23	29	60	42.5	32.5	46	17.5	
65	50.5	26.5	64.5	42	52.5	37.5	54.5	28.5	38	51.5	54	60	43	73	51.5	19.5	41.5	52	68.5	16.5	40	45.5	40	58	63.5	42	37.5	28	48.5	62	27.5	33	68.5	31	19.5	48	74	54.5	45	53.5	50.5	24.5	63.5	50.5	41	44	35.5	28	45.5	47	60.5	29.5	39	56.5	53.5	71.5	22.5	21.5	28.5	53	29.5	39.5	34.5	39.5	56	46	23.5	55	28.5	17.5	38	35.5	22.5	15	3	48.5	22	45.5	36	1	48	61.5	15.5	47	33.5	36	6	26	0	46	41.5	48	6	46.5	34	25.5	32.5	51	29	58	36.5	50	45	34	58	24.5	30	37	68.5	61.5	36.5	34.5	30	35	30	58.5	69	50	27	23	64	36.5	26.5	50	16.5	
89	29.5	52.5	90.5	68	78.5	61.5	80.5	54.5	8	25.5	78	86	69	97	75.5	40.5	22.5	76	94.5	37.5	66	71.5	66	84	89.5	36	36.5	34	74.5	86	46.5	39	94.5	57	45.5	16	100	80.5	31	29.5	29.5	48.5	89.5	74.5	67	68	46.5	54	71.5	33	86.5	48.5	43	32.5	79.5	95.5	43.5	42.5	54.5	77	53.5	63.5	25.5	38.5	82	72	49.5	79	54.5	43.5	62	59.5	48.5	31	43	74.5	48	71.5	30	47	72	85.5	36.5	73	59.5	22	52	52	46	0	32.5	32	52	35.5	60	36.5	41.5	13	45	82	45.5	76	69	38	82	48.5	56	63	92.5	87.5	60.5	35.5	36	41	36	84.5	95	34	53	39	90	47.5	27.5	76	42.5	
78.5	29	48	86	63.5	74	51	76	50	24.5	30	67.5	81.5	64.5	86.5	65	36	28	65.5	90	33	61.5	67	61.5	75.5	85	25.5	26	29.5	70	75.5	36	34.5	90	52.5	41	26.5	89.5	76	31.5	40	29	38	85	64	62.5	57.5	38	49.5	67	31.5	82	38	32.5	37	75	85	39	38	50	66.5	43	53	7	28	77.5	67.5	45	68.5	50	39	51.5	49	44	26.5	38.5	70	43.5	67	19.5	42.5	61.5	75	32	66.5	55	22.5	47.5	47.5	41.5	32.5	0	26.5	47.5	7	55.5	32	31	29.5	40.5	71.5	35	71.5	58.5	27.5	71.5	38	51.5	56.5	82	77	50	31	31.5	36.5	31.5	80	84.5	28.5	48.5	34.5	85.5	37	23	71.5	38	
73	18.5	46.5	88.5	74	70.5	45.5	86.5	60.5	30	19.5	62	88	65	81	59.5	46.5	31.5	60	84.5	43.5	72	77.5	72	70	89.5	20	20.5	40	80.5	70	30.5	35	84.5	57	51.5	16	84	78.5	7	29.5	18.5	32.5	79.5	58.5	67	52	32.5	60	77.5	5	92.5	32.5	27	26.5	85.5	79.5	45.5	46.5	60.5	61	37.5	47.5	31.5	22.5	88	78	55.5	63	44.5	49.5	46	43.5	54.5	37	49	74.5	54	67.5	14	47	56	69.5	42.5	61	65.5	16	42	52	48	32	26.5	0	42	19.5	66	42.5	25.5	19	39	66	29.5	82	53	22	66	32.5	62	51	76.5	71.5	44.5	33.5	38	33	38	90.5	79	2	59	45	84	31.5	33.5	82	48.5	
59	44.5	32.5	70.5	48	56.5	31.5	60.5	34.5	44	45.5	48	66	49	67	45.5	25.5	47.5	46	70.5	22.5	46	51.5	46	56	69.5	36	31.5	34	54.5	56	21.5	39	70.5	37	25.5	42	70	60.5	49	55.5	44.5	18.5	65.5	44.5	47	38	33.5	34	51.5	47	66.5	23.5	33	52.5	59.5	65.5	28.5	27.5	34.5	47	23.5	33.5	40.5	33.5	62	52	29.5	49	30.5	23.5	32	29.5	28.5	21	9	54.5	28	51.5	30	5	42	55.5	21.5	47	39.5	42	0	32	6	52	47.5	42	0	40.5	40	31.5	26.5	45	35	52	30.5	56	39	28	52	18.5	36	37	62.5	57.5	30.5	40.5	36	39	36	64.5	65	44	33	29	70	32.5	32.5	56	22.5	
71.5	22	45	87	70.5	69	44	83	57	31.5	23	60.5	86.5	63.5	79.5	58	43	35	58.5	83	40	68.5	74	68.5	68.5	88	18.5	19	36.5	77	68.5	29	33.5	83	55.5	48	19.5	82.5	77	26.5	33	22	31	78	57	65.5	50.5	31	56.5	74	24.5	89	31	25.5	30	82	78	44	45	57	59.5	36	46	14	21	84.5	74.5	52	61.5	43	46	44.5	42	51	33.5	45.5	73	50.5	66	12.5	45.5	54.5	68	39	59.5	62	29.5	40.5	50.5	46.5	35.5	7	19.5	40.5	0	62.5	39	24	22.5	37.5	64.5	28	78.5	51.5	20.5	64.5	31	58.5	49.5	75	70	43	32	36.5	31.5	36.5	87	77.5	21.5	55.5	41.5	82.5	30	30	78.5	45	
51	68.5	35.5	38.5	16	26.5	36.5	28.5	17.5	52	77.5	30	34	9	51	27.5	33.5	55.5	38	42.5	30.5	14	19.5	14	32	37.5	62	61.5	42	22.5	42	51.5	47	42.5	25	18.5	74	48	28.5	59	67.5	68.5	45.5	37.5	36.5	7	30	49.5	22	19.5	61	34.5	49.5	55	70.5	27.5	47.5	36.5	35.5	7.5	31	44.5	30.5	48.5	59.5	30	20	22.5	39	37.5	16.5	36	36.5	21.5	29	31	22.5	16	19.5	62	35	18	37.5	29.5	13	7.5	50	40	30	34	60	55.5	66	40	62.5	0	39.5	56.5	73	43	36	52.5	24	29	60	44	45.5	4	31	50.5	35.5	37.5	48.5	44	49	44	32.5	43	64	11	37	38	50.5	40.5	24	25.5	
74.5	45	32	70	47.5	58	43	60	34	28.5	46	61.5	65.5	48.5	82.5	59	20	32	61.5	74	17	45.5	51	45.5	63.5	69	36.5	32	18.5	54	71.5	32	23.5	74	36.5	25	42.5	79.5	60	35.5	44	45	34	69	60	46.5	51.5	10	33.5	51	37.5	66	34	31.5	47	59	79	23	22	34	62.5	39	49	25	34	61.5	51.5	29	64.5	34	23	47.5	45	28	10.5	22.5	54	27.5	51	30.5	26.5	57.5	69	16	52.5	39	26.5	31.5	31.5	25.5	36.5	32	42.5	31.5	39	39.5	0	17	45.5	24.5	67.5	13	55.5	50.5	28.5	67.5	34	35.5	42.5	78	67	46	25	20.5	25.5	20.5	64	74.5	40.5	32.5	18.5	69.5	11	17	55.5	22	
57.5	28	31	73	64.5	55	30	77	49	45.5	29	46.5	72.5	49.5	65.5	44	33	41	44.5	69	34	62.5	62	62.5	54.5	74	19.5	15	29.5	71	54.5	15	24.5	69	41.5	42	25.5	68.5	63	32.5	39	28	17	64	43	51.5	36.5	7	44.5	68	30.5	77	17	16.5	36	74	64	30	31	51	45.5	22	32	38	17	76.5	68.5	44	47.5	29	40	30.5	28	45	27.5	35.5	59	44.5	52	13.5	31.5	40.5	54	33	45.5	56	41.5	26.5	36.5	32.5	41.5	31	25.5	26.5	24	56.5	17	0	28.5	23.5	50.5	4	72.5	37.5	11.5	50.5	17	52.5	35.5	61	56	29	28	27.5	22.5	27.5	79	63.5	27.5	49.5	29.5	68.5	6	34	72.5	39	
76	16.5	49.5	91.5	81	73.5	48.5	93.5	67.5	21	12.5	65	91	68	84	62.5	51.5	29.5	63	87.5	50.5	79	80.5	79	73	92.5	23	23.5	43	87.5	73	33.5	38	87.5	60	58.5	3	87	81.5	26	22.5	16.5	35.5	82.5	61.5	70	55	35.5	63	84.5	24	95.5	35.5	30	19.5	92.5	82.5	48.5	49.5	67.5	64	40.5	50.5	36.5	25.5	95	85	62.5	66	47.5	56.5	49	46.5	61.5	44	54	77.5	61	70.5	17	50	59	72.5	49.5	64	72.5	35	45	55	51	13	29.5	19	45	22.5	73	45.5	28.5	0	42	69	32.5	89	56	25	69	35.5	69	54	79.5	74.5	47.5	36.5	41	36	41	97.5	82	21	66	48	87	34.5	40.5	89	55.5	
66	41.5	35.5	73.5	51	61.5	38.5	63.5	37.5	37	42.5	55	69	52	74	52.5	23.5	40.5	53	77.5	20.5	49	54.5	49	63	72.5	33	28.5	27	57.5	63	23.5	32	77.5	40	28.5	39	77	63.5	44	52.5	41.5	25.5	72.5	51.5	50	45	30.5	37	54.5	44	69.5	25.5	30	49.5	62.5	72.5	26.5	25.5	37.5	54	30.5	40.5	33.5	30.5	65	55	32.5	56	37.5	26.5	39	36.5	31.5	14	26	57.5	31	54.5	27	30	49	62.5	19.5	54	42.5	35	35	35	29	45	40.5	39	35	37.5	43	24.5	23.5	42	0	59	27.5	59	46	25	59	25.5	39	44	69.5	64.5	37.5	33.5	29	34	29	67.5	72	41	36	6	73	29.5	25.5	59	25.5	
23	68.5	51.5	38.5	20	25.5	40.5	36.5	45.5	80	69.5	22	38	35	31	24.5	61.5	81.5	6	34.5	58.5	22	32.5	22	4	39.5	60	55.5	70	30.5	20	45.5	65	34.5	47	46.5	66	34	28.5	73	79.5	68.5	37.5	29.5	13.5	37	32	57.5	50	27.5	71	42.5	47.5	57	76.5	35.5	29.5	60.5	61.5	35.5	21	42.5	22.5	76.5	57.5	38	28	50.5	3	49.5	44.5	36	28.5	49.5	57	59	29.5	44	32.5	54	57	26	19.5	57.5	31	30.5	78	52	52	58	82	71.5	66	52	64.5	36	67.5	50.5	69	59	0	54.5	32	33	52	16	37.5	32	41	26.5	21.5	29.5	68.5	68	63	68	40.5	29	68	39	65	34	56.5	68.5	32	53.5	
61.5	32	35	77	60.5	59	34	73	47	41.5	33	50.5	76.5	53.5	69.5	48	33	45	48.5	73	30	58.5	64	58.5	58.5	78	23.5	19	31.5	67	58.5	19	28.5	73	45.5	38	29.5	72.5	67	36.5	43	32	21	68	47	55.5	40.5	3	46.5	64	34.5	79	21	20.5	40	72	68	34	35	47	49.5	26	36	38	21	74.5	64.5	42	51.5	33	36	34.5	32	41	23.5	35.5	63	40.5	56	17.5	35.5	44.5	58	29	49.5	52	39.5	30.5	40.5	36.5	45.5	35	29.5	30.5	28	52.5	13	4	32.5	27.5	54.5	0	68.5	41.5	15.5	54.5	21	48.5	39.5	65	60	33	32	31.5	26.5	31.5	77	67.5	31.5	45.5	31.5	72.5	2	30	68.5	35	
35	84.5	51.5	24.5	12	27.5	52.5	14.5	33.5	68	91.5	36	20	33	37	38.5	49.5	71.5	32	28.5	46.5	10	20.5	10	28	23.5	78	77.5	58	8.5	18	67.5	63	28.5	41	34.5	88	34	19.5	75	83.5	84.5	59.5	23.5	35.5	31	46	65.5	38	10.5	77	20.5	65.5	71	86.5	13.5	33.5	52.5	51.5	23.5	37	60.5	44.5	64.5	75.5	16	4	38.5	35	53.5	32.5	52	50.5	37.5	45	47	23.5	32	30.5	76	51	42	28.5	45.5	37	18.5	66	56	46	50	76	71.5	82	56	78.5	24	55.5	72.5	89	59	32	68.5	0	45	74	22	59.5	20	47	36.5	26.5	51.5	64.5	60	65	60	18.5	29	80	27	53	24	66.5	56.5	10	41.5	
40	55.5	38.5	55.5	37	37.5	27.5	49.5	28.5	63	56.5	29	55	32	48	26.5	44.5	66.5	27	51.5	41.5	35	40.5	35	37	56.5	47	42.5	53	43.5	37	32.5	52	51.5	34	29.5	53	51	45.5	60	66.5	55.5	24.5	46.5	25.5	34	1	44.5	33	40.5	58	55.5	34.5	44	63.5	48.5	46.5	47.5	46.5	23.5	28	29.5	14.5	59.5	44.5	51	41	33.5	30	36.5	27.5	23	15.5	32.5	40	42	41.5	27	34.5	41	44	23	36.5	40.5	28	28.5	61	39	39	45	69	58.5	53	39	51.5	29	50.5	37.5	56	46	33	41.5	45	0	39	33	24.5	25	28	43.5	38.5	16.5	55.5	55	50	55	53.5	46	55	18	48	51	43.5	51.5	45	36.5	
59	24.5	32.5	74.5	68	56.5	31.5	80.5	50.5	44	25.5	48	74	51	67	45.5	34.5	37.5	46	70.5	37.5	66	63.5	66	56	75.5	16	11.5	18	74.5	56	16.5	13	70.5	43	45.5	22	70	64.5	29	35.5	24.5	18.5	65.5	44.5	53	38	18.5	46	71.5	27	78.5	18.5	5	32.5	75.5	65.5	31.5	32.5	54.5	47	23.5	33.5	34.5	13.5	78	72	45.5	49	30.5	43.5	32	29.5	46.5	31	37	60.5	48	53.5	10	33	42	55.5	36.5	47	59.5	38	28	38	34	38	27.5	22	28	20.5	60	28.5	11.5	25	25	52	15.5	74	39	0	52	18.5	56	37	62.5	57.5	30.5	24.5	16	11	16	80.5	65	24	53	31	70	17.5	32.5	76	42.5	
13	68.5	51.5	28.5	34	25.5	40.5	36.5	49.5	90	69.5	22	28	35	21	24.5	63.5	81.5	10	24.5	66.5	32	32.5	32	20	29.5	60	55.5	70	30.5	4	45.5	65	24.5	47	56.5	66	24	23.5	73	79.5	68.5	37.5	19.5	13.5	37	32	57.5	50	32.5	71	32.5	47.5	57	76.5	29.5	19.5	60.5	61.5	45.5	21	42.5	22.5	78.5	57.5	32	26	54.5	13	49.5	54.5	36	28.5	55.5	67	61	29.5	54	32.5	54	57	26	14.5	67.5	31	40.5	82	52	52	58	82	71.5	66	52	64.5	44	67.5	50.5	69	59	16	54.5	22	33	52	0	37.5	42	41	16.5	16.5	29.5	68.5	68	63	68	34.5	19	68	49	65	24	56.5	76.5	32	61.5	
44.5	35	14	60	57.5	42	17	70	36	56.5	36	33.5	59.5	36.5	52.5	31	30	48	31.5	56	33	55.5	49	55.5	41.5	61	26.5	22	36.5	64	41.5	12	31.5	56	28.5	35	32.5	55.5	50	39.5	46	35	0	51	30	38.5	23.5	24	31.5	59	37.5	64	14	23.5	43	61	51	27	28	44	32.5	5	19	45	24	63.5	61.5	31	34.5	12	33	17.5	15	32	35.5	27.5	46	37.5	39	20.5	23.5	27.5	41	34	32.5	49	48.5	18.5	23.5	24.5	48.5	38	32.5	18.5	31	45.5	34	17	35.5	25.5	37.5	21	59.5	24.5	18.5	37.5	0	45.5	22.5	48	43	16	35	34.5	29.5	34.5	66	50.5	34.5	42.5	31.5	55.5	23	43	65.5	24	
55	64.5	31.5	34.5	12	22.5	32.5	24.5	13.5	48	73.5	26	30	13	47	23.5	29.5	51.5	38	38.5	26.5	10	15.5	10	28	33.5	58	57.5	38	18.5	38	47.5	43	38.5	21	14.5	72	44	24.5	55	63.5	64.5	45.5	33.5	34.5	11	26	45.5	18	15.5	57	30.5	45.5	51	66.5	23.5	43.5	32.5	31.5	3.5	27	40.5	30.5	44.5	55.5	26	16	18.5	35	33.5	12.5	32	34.5	17.5	25	27	18.5	12	15.5	64	31	22	33.5	25.5	17	3.5	46	36	26	30	56	51.5	62	36	58.5	4	35.5	52.5	69	39	32	48.5	20	25	56	42	45.5	0	27	46.5	31.5	33.5	44.5	40	45	40	28.5	39	60	7	33	34	46.5	36.5	20	21.5	
48	53.5	36.5	61.5	39	45.5	25.5	51.5	25.5	55	54.5	37	57	40	56	34.5	36.5	58.5	35	59.5	33.5	37	42.5	37	45	60.5	45	40.5	45	45.5	45	30.5	50	59.5	6	21.5	51	59	51.5	58	64.5	53.5	22.5	54.5	33.5	38	27	42.5	9	42.5	56	57.5	32.5	42	61.5	50.5	54.5	39.5	38.5	25.5	36	27.5	22.5	51.5	42.5	53	43	25.5	38	34.5	19.5	5	18.5	24.5	32	34	45.5	15	42.5	39	38	31	44.5	32.5	36	30.5	53	37	33	37	63	56.5	51	37	49.5	31	42.5	35.5	54	44	41	39.5	47	28	37	41	22.5	27	0	51.5	46.5	19.5	51.5	47	48	47	55.5	54	53	24	40	59	41.5	43.5	47	28.5	
8.5	79	62	12	38.5	36	51	22	60	94.5	80	32.5	28.5	45.5	16.5	35	74	92	20.5	8	73	36.5	43	36.5	30.5	13	70.5	66	80.5	30	20.5	56	75.5	8	57.5	61	76.5	19.5	34	83.5	90	79	48	25	24	47.5	42.5	68	60.5	37	81.5	16	58	67.5	87	35	3	71	72	50	31.5	53	33	89	68	32.5	32.5	65	23.5	60	59	46.5	39	64	71.5	71.5	40	58.5	43	64.5	67.5	36.5	25	72	41.5	45	92.5	62.5	62.5	68.5	92.5	82	76.5	62.5	75	50.5	78	61	79.5	69.5	26.5	65	36.5	43.5	62.5	16.5	48	46.5	51.5	0	27	40	79	78.5	73.5	78.5	18	19.5	78.5	53.5	75.5	24.5	67	83	26.5	68	
23.5	74	57	39	23.5	31	46	31	45	79.5	75	27.5	36.5	40.5	31.5	30	61	83	15.5	35	58	21.5	32	21.5	25.5	40	65.5	61	69.5	25	20.5	51	70.5	35	52.5	46	71.5	34.5	7	78.5	85	74	43	30	19	42.5	37.5	63	49.5	16	76.5	37	53	62.5	82	30	30	64	63	35	26.5	48	28	76	63	32.5	22.5	50	18.5	55	44	41.5	34	49	56.5	58.5	35	43.5	38	59.5	62.5	31.5	2	57	36.5	30	77.5	57.5	57.5	61.5	87.5	77	71.5	57.5	70	35.5	67	56	74.5	64.5	21.5	60	26.5	38.5	57.5	16.5	43	31.5	46.5	27	0	35	74	71.5	68.5	71.5	35	29.5	73.5	38.5	64.5	34.5	62	68	26.5	53	
36.5	47	30	52	45.5	34	19	58	20	66.5	48	25.5	51.5	28.5	44.5	23	42	60	23.5	48	45	43.5	41	43.5	33.5	53	38.5	34	48.5	52	33.5	24	43.5	48	25.5	33	44.5	47.5	42	51.5	58	47	16	43	22	30.5	15.5	36	28.5	49	49.5	56	26	35.5	55	53	43	39	40	32	24.5	21	11	57	36	55.5	49.5	33	26.5	28	31	14.5	1	34	43.5	39.5	38	30.5	31	32.5	35.5	19.5	33	44	24.5	37	60.5	30.5	30.5	36.5	60.5	50	44.5	30.5	43	37.5	46	29	47.5	37.5	29.5	33	51.5	16.5	30.5	29.5	16	33.5	19.5	40	35	0	47	46.5	41.5	46.5	58	42.5	46.5	30.5	43.5	47.5	35	55	53.5	40	
75.5	36	41	79	56.5	67	48	69	43	27.5	37	64.5	74.5	57.5	83.5	62	29	31	62.5	83	26	54.5	60	54.5	72.5	78	27.5	13	22.5	63	72.5	33	27.5	83	45.5	34	33.5	86.5	69	34.5	43	36	35	78	61	55.5	54.5	35	42.5	60	36.5	75	35	29.5	44	68	82	32	31	43	63.5	40	50	24	11	70.5	60.5	38	65.5	43	32	48.5	46	37	19.5	31.5	63	36.5	60	21.5	35.5	58.5	72	25	61.5	48	25.5	40.5	40.5	34.5	35.5	31	33.5	40.5	32	48.5	25	28	36.5	33.5	68.5	32	64.5	55.5	24.5	68.5	35	44.5	51.5	79	74	47	0	24.5	29.5	24.5	73	81.5	35.5	41.5	27.5	78.5	34	8	64.5	31	
75	40.5	36.5	74.5	52	62.5	47.5	64.5	38.5	28	41.5	64	70	53	83	61.5	24.5	31.5	62	78.5	21.5	50	55.5	50	68	73.5	32	27.5	2	58.5	72	32.5	3	78.5	41	29.5	38	84	64.5	35	43.5	40.5	34.5	73.5	60.5	51	54	30.5	38	55.5	37	70.5	34.5	11	46.5	63.5	81.5	27.5	26.5	38.5	63	39.5	49.5	24.5	29.5	66	56	33.5	65	38.5	27.5	48	45.5	32.5	15	27	58.5	32	55.5	26	31	58	71.5	20.5	57	43.5	26	36	36	30	36	31.5	38	36	36.5	44	20.5	27.5	41	29	68	31.5	60	55	16	68	34.5	40	47	78.5	71.5	46.5	24.5	0	5	0	68.5	79	40	37	23	74	31.5	16.5	60	26.5	
70	35.5	41.5	79.5	57	67.5	42.5	69.5	43.5	33	36.5	59	75	58	78	56.5	29.5	36.5	57	81.5	26.5	55	60.5	55	67	78.5	27	22.5	7	63.5	67	27.5	2	81.5	46	34.5	33	81	69.5	40	46.5	35.5	29.5	76.5	55.5	56	49	29.5	43	60.5	38	75.5	29.5	6	43.5	68.5	76.5	32.5	31.5	43.5	58	34.5	44.5	29.5	24.5	71	61	38.5	60	41.5	32.5	43	40.5	37.5	20	32	63.5	37	60.5	21	36	53	66.5	25.5	58	48.5	31	39	41	35	41	36.5	33	39	31.5	49	25.5	22.5	36	34	63	26.5	65	50	11	63	29.5	45	48	73.5	68.5	41.5	29.5	5	0	5	73.5	76	35	42	28	79	28.5	21.5	65	31.5	
75	40.5	36.5	74.5	52	62.5	47.5	64.5	38.5	28	41.5	64	70	53	83	61.5	24.5	31.5	62	78.5	21.5	50	55.5	50	68	73.5	32	27.5	2	58.5	72	32.5	3	78.5	41	29.5	38	84	64.5	35	43.5	40.5	34.5	73.5	60.5	51	54	30.5	38	55.5	37	70.5	34.5	11	46.5	63.5	81.5	27.5	26.5	38.5	63	39.5	49.5	24.5	29.5	66	56	33.5	65	38.5	27.5	48	45.5	32.5	15	27	58.5	32	55.5	26	31	58	71.5	20.5	57	43.5	26	36	36	30	36	31.5	38	36	36.5	44	20.5	27.5	41	29	68	31.5	60	55	16	68	34.5	40	47	78.5	71.5	46.5	24.5	0	5	0	68.5	79	40	37	23	74	31.5	16.5	60	26.5	
26.5	93	60	6	20.5	36	61	4	42	76.5	98	44.5	18.5	41.5	30.5	47	58	80	38.5	10	55	18.5	29	18.5	36.5	5	86.5	84	66.5	12	36.5	74	71.5	10	49.5	43	94.5	27.5	28	83.5	92	93	66	27	42	39.5	54.5	74	46.5	19	85.5	2	74	79.5	95	17	15	61	60	32	45.5	69	51	73	84	14.5	14.5	47	41.5	62	41	60.5	57	46	53.5	55.5	32	40.5	39	82.5	59.5	50.5	37	54	45.5	27	74.5	64.5	54.5	58.5	84.5	80	90.5	64.5	87	32.5	64	79	97.5	67.5	40.5	77	18.5	53.5	80.5	34.5	66	28.5	55.5	18	35	58	73	68.5	73.5	68.5	0	27.5	88.5	35.5	61.5	22.5	75	65	8.5	50	
16	81.5	64.5	31.5	31	38.5	53.5	23.5	52.5	87	82.5	35	9	48	24	37.5	68.5	90.5	23	27.5	65.5	29	39.5	29	33	32.5	73	68.5	77	22.5	23	58.5	78	27.5	60	53.5	79	27	36.5	86	92.5	81.5	50.5	27.5	26.5	50	45	70.5	57	29.5	84	29.5	60.5	70	89.5	27.5	22.5	71.5	70.5	42.5	34	55.5	35.5	83.5	70.5	13	25	57.5	26	62.5	51.5	49	41.5	56.5	64	66	42.5	51	45.5	67	70	39	27.5	64.5	44	37.5	85	65	65	69	95	84.5	79	65	77.5	43	74.5	63.5	82	72	29	67.5	29	46	65	19	50.5	39	54	19.5	29.5	42.5	81.5	79	76	79	27.5	0	81	46	72	5	69.5	75.5	19	60.5	
75	20.5	48.5	90.5	72	72.5	47.5	84.5	58.5	28	21.5	64	90	67	83	61.5	44.5	31.5	62	86.5	41.5	70	75.5	70	72	91.5	22	22.5	38	78.5	72	32.5	37	86.5	59	49.5	18	86	80.5	5	31.5	20.5	34.5	81.5	60.5	69	54	34.5	58	75.5	3	90.5	34.5	29	28.5	83.5	81.5	47.5	46.5	58.5	63	39.5	49.5	29.5	24.5	86	76	53.5	65	46.5	47.5	48	45.5	52.5	35	47	76.5	52	69.5	16	49	58	71.5	40.5	63	63.5	14	44	54	50	34	28.5	2	44	21.5	64	40.5	27.5	21	41	68	31.5	80	55	24	68	34.5	60	53	78.5	73.5	46.5	35.5	40	35	40	88.5	81	0	57	43	86	33.5	31.5	80	46.5	
58	61.5	28.5	41.5	19	29.5	29.5	31.5	10.5	45	70.5	33	37	20	54	30.5	26.5	48.5	45	45.5	23.5	17	22.5	17	35	40.5	55	54.5	35	25.5	45	44.5	40	45.5	18	11.5	69	51	31.5	52	60.5	61.5	42.5	40.5	41.5	18	19	42.5	15	22.5	54	37.5	42.5	48	63.5	30.5	50.5	29.5	28.5	5.5	34	37.5	32.5	41.5	52.5	33	23	15.5	42	30.5	9.5	29	31.5	14.5	22	24	25.5	9	22.5	59	28	29	40.5	22.5	24	10.5	43	33	23	27	53	48.5	59	33	55.5	11	32.5	49.5	66	36	39	45.5	27	18	53	49	42.5	7	24	53.5	38.5	30.5	41.5	37	42	37	35.5	46	57	0	30	41	43.5	33.5	27	18.5	
72	47.5	29.5	67.5	45	55.5	40.5	57.5	31.5	31	48.5	59	63	46	80	56.5	17.5	34.5	59	71.5	14.5	43	48.5	43	61	66.5	39	34.5	21	51.5	69	29.5	26	71.5	34	22.5	45	77	57.5	38	46.5	47.5	31.5	66.5	57.5	44	49	28.5	31	48.5	40	63.5	31.5	34	49.5	56.5	76.5	20.5	19.5	31.5	60	36.5	46.5	27.5	36.5	59	49	26.5	62	31.5	20.5	45	42.5	25.5	8	20	51.5	25	48.5	33	24	55	66.5	13.5	50	36.5	29	29	29	23	39	34.5	45	29	41.5	37	18.5	29.5	48	6	65	31.5	53	48	31	65	31.5	33	40	75.5	64.5	43.5	27.5	23	28	23	61.5	72	43	30	0	67	29.5	19.5	53	19.5	
21	86.5	65.5	28.5	26	41.5	58.5	18.5	47.5	82	87.5	40	4	47	29	42.5	63.5	85.5	28	32.5	60.5	24	34.5	24	38	27.5	78	73.5	72	17.5	28	63.5	77	32.5	55	48.5	84	32	33.5	89	97.5	86.5	55.5	32.5	31.5	45	50	75.5	52	24.5	89	24.5	65.5	75	94.5	22.5	27.5	66.5	65.5	37.5	39	60.5	40.5	78.5	75.5	8	20	52.5	31	67.5	46.5	54	46.5	51.5	59	61	37.5	46	44.5	72	65	44	32.5	59.5	49	32.5	80	70	60	64	90	85.5	84	70	82.5	38	69.5	68.5	87	73	34	72.5	24	51	70	24	55.5	34	59	24.5	34.5	47.5	78.5	74	79	74	22.5	5	86	41	67	0	74.5	70.5	14	55.5	
63.5	34	37	79	58.5	61	36	71	45	39.5	35	52.5	76.5	55.5	71.5	50	31	43	50.5	75	28	56.5	62	56.5	60.5	80	25.5	21	29.5	65	60.5	21	30.5	75	47.5	36	31.5	74.5	69	38.5	45	34	23	70	49	57.5	42.5	1	44.5	62	36.5	77	23	22.5	42	70	70	34	33	45	51.5	28	38	36	23	72.5	62.5	40	53.5	35	34	36.5	34	39	21.5	33.5	65	38.5	58	19.5	37.5	46.5	60	27	51.5	50	37.5	32.5	42.5	36.5	47.5	37	31.5	32.5	30	50.5	11	6	34.5	29.5	56.5	2	66.5	43.5	17.5	56.5	23	46.5	41.5	67	62	35	34	31.5	28.5	31.5	75	69.5	33.5	43.5	29.5	74.5	0	28	66.5	33	
83.5	36	33	71	48.5	59	44	61	35	19.5	45	62.5	66.5	49.5	83.5	60	21	23	70.5	75	18	46.5	52	46.5	64.5	70	29.5	21	14.5	55	74.5	39	19.5	75	37.5	26	41.5	80.5	61	26.5	35	36	43	70	69	47.5	52.5	27	34.5	52	28.5	67	37	27.5	38	60	80	24	23	35	63.5	42	58	16	19	62.5	52.5	30	71.5	35	24	48.5	54	29	11.5	23.5	55	28.5	52	29.5	27.5	58.5	70	17	53.5	40	17.5	32.5	32.5	26.5	27.5	23	33.5	32.5	30	40.5	17	34	40.5	25.5	68.5	30	56.5	51.5	32.5	76.5	43	36.5	43.5	83	68	55	8	16.5	21.5	16.5	65	75.5	31.5	33.5	19.5	70.5	28	0	56.5	23	
35	84.5	51.5	14.5	12	27.5	52.5	4.5	33.5	68	93.5	36	10	33	27	38.5	49.5	71.5	38	18.5	46.5	10	20.5	10	28	13.5	78	77.5	58	3.5	28	67.5	63	18.5	41	34.5	92	24	19.5	75	83.5	84.5	65.5	18.5	39.5	31	46	65.5	38	10.5	77	10.5	65.5	71	86.5	8.5	23.5	52.5	51.5	23.5	37	60.5	50.5	64.5	75.5	6	6	38.5	35	53.5	32.5	52	54.5	37.5	45	47	23.5	32	30.5	84	51	42	28.5	45.5	37	18.5	66	56	46	50	76	71.5	82	56	78.5	24	55.5	72.5	89	59	32	68.5	10	45	76	32	65.5	20	47	26.5	26.5	53.5	64.5	60	65	60	8.5	19	80	27	53	14	66.5	56.5	0	41.5	
68.5	51	10	56	33.5	44	29	46	20	34.5	60	47.5	51.5	34.5	68.5	45	16	38	55.5	60	13	31.5	37	31.5	49.5	55	44.5	44	24.5	40	59.5	34	29.5	60	22.5	11	56.5	65.5	46	41.5	50	51	24	55	54	32.5	37.5	32	19.5	37	43.5	52	32	37.5	53	45	65	19	18	20	48.5	19	43	31	42	47.5	37.5	15	56.5	12	9	33.5	39	14	11.5	13.5	40	13.5	37	44.5	17.5	43.5	55	12	38.5	25	32.5	22.5	17.5	16.5	42.5	38	48.5	22.5	45	25.5	22	39	55.5	25.5	53.5	35	41.5	36.5	42.5	61.5	24	21.5	28.5	68	53	40	31	26.5	31.5	26.5	50	60.5	46.5	18.5	19.5	55.5	33	23	41.5	0	
