Number of items: 125
Horizon: 9
Time limit: 1000
Load limit: 7500
Initial item inventory level
160
60
59
282
72
240
270
204
21
225
77
24
64
34
56
33
72
180
282
225
147
99
176
190
76
52
52
148
106
46
171
100
11
82
100
91
129
255
116
130
84
35
97
85
32
219
165
150
45
36
150
178
28
84
134
141
10
135
106
52
49
78
102
54
195
150
52
87
267
23
62
96
90
63
159
126
22
294
164
54
147
267
192
291
80
60
72
60
120
87
190
68
72
27
32
38
186
99
44
186
129
180
108
96
261
105
63
108
38
86
72
122
36
130
198
196
92
118
82
36
150
24
172
102
62
Maximum inventory capacity per item
240
90
118
376
96
320
360
272
42
300
154
48
128
68
112
44
96
270
376
300
196
132
264
285
114
78
104
222
159
92
228
150
22
164
150
182
172
340
174
195
168
70
194
170
48
292
220
200
90
72
225
267
56
168
201
188
20
180
159
78
98
117
153
108
260
200
104
116
356
46
93
144
120
126
212
189
44
392
246
72
196
356
288
388
120
90
108
80
160
174
285
102
144
54
48
76
248
198
88
279
172
270
162
144
348
140
84
162
57
172
96
183
48
195
264
294
138
177
123
72
200
36
258
136
124
Reserve storage replenishment rate per item and per period
480	0	0	480	0	0	480	0	0	
180	0	0	180	0	0	180	0	0	
354	0	0	354	0	0	354	0	0	
564	0	0	564	0	0	564	0	0	
144	0	0	144	0	0	144	0	0	
480	0	0	480	0	0	480	0	0	
540	0	0	540	0	0	540	0	0	
408	0	0	408	0	0	408	0	0	
126	0	0	126	0	0	126	0	0	
450	0	0	450	0	0	450	0	0	
462	0	0	462	0	0	462	0	0	
144	0	0	144	0	0	144	0	0	
384	0	0	384	0	0	384	0	0	
204	0	0	204	0	0	204	0	0	
336	0	0	336	0	0	336	0	0	
66	0	0	66	0	0	66	0	0	
144	0	0	144	0	0	144	0	0	
540	0	0	540	0	0	540	0	0	
564	0	0	564	0	0	564	0	0	
450	0	0	450	0	0	450	0	0	
294	0	0	294	0	0	294	0	0	
198	0	0	198	0	0	198	0	0	
528	0	0	528	0	0	528	0	0	
570	0	0	570	0	0	570	0	0	
228	0	0	228	0	0	228	0	0	
156	0	0	156	0	0	156	0	0	
312	0	0	312	0	0	312	0	0	
444	0	0	444	0	0	444	0	0	
318	0	0	318	0	0	318	0	0	
276	0	0	276	0	0	276	0	0	
342	0	0	342	0	0	342	0	0	
300	0	0	300	0	0	300	0	0	
66	0	0	66	0	0	66	0	0	
492	0	0	492	0	0	492	0	0	
300	0	0	300	0	0	300	0	0	
546	0	0	546	0	0	546	0	0	
258	0	0	258	0	0	258	0	0	
510	0	0	510	0	0	510	0	0	
348	0	0	348	0	0	348	0	0	
390	0	0	390	0	0	390	0	0	
504	0	0	504	0	0	504	0	0	
210	0	0	210	0	0	210	0	0	
582	0	0	582	0	0	582	0	0	
510	0	0	510	0	0	510	0	0	
96	0	0	96	0	0	96	0	0	
438	0	0	438	0	0	438	0	0	
330	0	0	330	0	0	330	0	0	
300	0	0	300	0	0	300	0	0	
270	0	0	270	0	0	270	0	0	
216	0	0	216	0	0	216	0	0	
450	0	0	450	0	0	450	0	0	
534	0	0	534	0	0	534	0	0	
168	0	0	168	0	0	168	0	0	
504	0	0	504	0	0	504	0	0	
402	0	0	402	0	0	402	0	0	
282	0	0	282	0	0	282	0	0	
60	0	0	60	0	0	60	0	0	
270	0	0	270	0	0	270	0	0	
318	0	0	318	0	0	318	0	0	
156	0	0	156	0	0	156	0	0	
294	0	0	294	0	0	294	0	0	
234	0	0	234	0	0	234	0	0	
306	0	0	306	0	0	306	0	0	
324	0	0	324	0	0	324	0	0	
390	0	0	390	0	0	390	0	0	
300	0	0	300	0	0	300	0	0	
312	0	0	312	0	0	312	0	0	
174	0	0	174	0	0	174	0	0	
534	0	0	534	0	0	534	0	0	
138	0	0	138	0	0	138	0	0	
186	0	0	186	0	0	186	0	0	
288	0	0	288	0	0	288	0	0	
180	0	0	180	0	0	180	0	0	
378	0	0	378	0	0	378	0	0	
318	0	0	318	0	0	318	0	0	
378	0	0	378	0	0	378	0	0	
132	0	0	132	0	0	132	0	0	
588	0	0	588	0	0	588	0	0	
492	0	0	492	0	0	492	0	0	
108	0	0	108	0	0	108	0	0	
294	0	0	294	0	0	294	0	0	
534	0	0	534	0	0	534	0	0	
576	0	0	576	0	0	576	0	0	
582	0	0	582	0	0	582	0	0	
240	0	0	240	0	0	240	0	0	
180	0	0	180	0	0	180	0	0	
216	0	0	216	0	0	216	0	0	
120	0	0	120	0	0	120	0	0	
240	0	0	240	0	0	240	0	0	
522	0	0	522	0	0	522	0	0	
570	0	0	570	0	0	570	0	0	
204	0	0	204	0	0	204	0	0	
432	0	0	432	0	0	432	0	0	
162	0	0	162	0	0	162	0	0	
96	0	0	96	0	0	96	0	0	
228	0	0	228	0	0	228	0	0	
372	0	0	372	0	0	372	0	0	
594	0	0	594	0	0	594	0	0	
264	0	0	264	0	0	264	0	0	
558	0	0	558	0	0	558	0	0	
258	0	0	258	0	0	258	0	0	
540	0	0	540	0	0	540	0	0	
324	0	0	324	0	0	324	0	0	
288	0	0	288	0	0	288	0	0	
522	0	0	522	0	0	522	0	0	
210	0	0	210	0	0	210	0	0	
126	0	0	126	0	0	126	0	0	
324	0	0	324	0	0	324	0	0	
114	0	0	114	0	0	114	0	0	
516	0	0	516	0	0	516	0	0	
144	0	0	144	0	0	144	0	0	
366	0	0	366	0	0	366	0	0	
72	0	0	72	0	0	72	0	0	
390	0	0	390	0	0	390	0	0	
396	0	0	396	0	0	396	0	0	
588	0	0	588	0	0	588	0	0	
276	0	0	276	0	0	276	0	0	
354	0	0	354	0	0	354	0	0	
246	0	0	246	0	0	246	0	0	
216	0	0	216	0	0	216	0	0	
300	0	0	300	0	0	300	0	0	
72	0	0	72	0	0	72	0	0	
516	0	0	516	0	0	516	0	0	
204	0	0	204	0	0	204	0	0	
372	0	0	372	0	0	372	0	0	
Forward storage demand rate per item and per period
80	114	72	33	72	46	131	63	82	
30	37	39	52	37	14	26	29	37	
59	69	71	73	76	50	93	58	54	
94	141	104	109	14	103	69	52	156	
24	16	26	29	22	15	34	36	32	
80	50	87	53	77	93	106	23	86	
90	90	91	130	118	170	109	26	95	
68	99	33	37	26	42	102	77	82	
21	16	19	25	29	9	17	32	39	
75	43	96	56	39	88	58	47	121	
77	58	106	71	69	125	114	66	115	
24	18	20	32	22	11	22	30	21	
64	73	48	24	44	54	56	58	48	
34	24	30	14	35	32	6	12	29	
56	64	50	52	34	60	81	37	93	
11	6	9	12	11	12	6	20	5	
24	12	24	31	22	22	42	16	36	
90	91	7	117	32	119	42	75	86	
94	38	103	98	155	134	126	99	15	
75	109	119	11	37	105	113	60	11	
49	44	51	54	71	29	44	60	40	
33	32	20	34	38	42	45	20	60	
88	17	91	105	100	105	43	166	110	
95	127	96	141	91	87	96	65	14	
38	12	18	44	31	44	42	9	39	
26	4	33	46	27	25	35	26	18	
52	47	39	32	49	5	74	61	47	
74	54	79	55	115	47	78	131	70	
53	33	42	37	25	21	100	80	100	
46	34	79	51	29	44	73	34	25	
57	22	51	75	59	72	103	73	68	
50	26	51	32	19	63	47	47	60	
11	19	5	0	18	15	9	18	9	
82	116	14	75	135	88	55	104	127	
50	38	52	65	24	39	55	35	6	
91	86	24	100	88	57	95	25	120	
43	25	56	31	49	44	62	43	67	
85	92	100	103	115	78	125	33	128	
58	40	38	42	39	45	56	52	23	
65	85	47	39	14	49	86	80	91	
84	30	93	36	83	115	72	64	102	
35	33	48	63	6	6	39	50	38	
97	83	96	125	97	146	44	79	165	
85	67	124	84	61	90	114	73	89	
16	14	10	22	23	24	31	20	5	
73	84	46	67	115	110	84	70	80	
55	36	17	38	61	47	60	90	76	
50	64	70	44	45	42	51	34	63	
45	66	44	27	60	37	15	79	52	
36	42	66	55	31	42	38	43	53	
75	90	90	98	56	53	75	90	60	
89	63	115	135	63	86	111	123	139	
28	19	41	28	18	19	41	46	32	
84	118	115	127	66	67	47	75	28	
67	78	50	52	98	103	88	113	56	
47	72	56	32	49	83	47	29	63	
10	9	12	9	11	14	6	9	10	
45	42	25	41	54	28	52	64	18	
53	43	5	59	60	57	93	21	50	
26	27	22	11	25	30	44	37	37	
49	56	62	29	76	53	11	80	46	
39	66	47	43	17	26	28	51	63	
51	63	87	71	44	9	89	57	43	
54	67	13	82	96	73	47	74	30	
65	116	78	63	74	39	79	60	74	
50	48	55	43	64	49	40	43	36	
52	50	48	64	52	8	39	45	35	
29	14	42	15	41	22	34	25	36	
89	43	162	101	120	88	85	41	90	
23	25	32	16	12	16	12	35	17	
31	7	17	39	39	27	18	32	15	
48	83	76	56	66	32	60	52	46	
30	31	29	31	16	36	42	32	31	
63	74	42	52	55	35	76	62	115	
53	56	45	44	52	9	44	84	90	
63	62	52	71	56	35	67	36	109	
22	21	26	15	12	3	10	30	32	
98	125	135	86	133	68	90	141	59	
82	92	50	23	79	34	157	60	77	
18	21	19	9	24	17	23	15	31	
49	50	57	43	69	16	58	23	66	
89	67	52	99	132	84	106	120	75	
96	81	98	65	72	90	96	181	118	
97	12	57	155	144	97	103	72	26	
40	45	31	44	66	52	46	20	16	
30	20	34	40	37	24	42	40	49	
36	43	41	40	56	56	58	55	27	
20	23	5	7	9	30	20	9	26	
40	42	31	46	46	28	39	73	25	
87	70	107	92	50	111	101	58	116	
95	177	108	166	167	83	127	20	40	
34	44	9	20	2	36	48	31	25	
72	64	82	95	82	63	97	79	92	
27	17	27	44	33	22	15	29	25	
16	20	19	20	8	17	14	13	23	
38	42	29	54	22	41	32	12	47	
62	79	62	42	66	86	69	82	31	
99	91	62	91	92	92	122	118	173	
44	46	57	30	32	49	80	59	19	
93	114	62	28	62	56	82	42	64	
43	70	28	43	47	31	44	42	46	
90	69	91	111	48	36	83	43	90	
54	52	71	91	53	68	59	60	44	
48	33	16	33	47	75	62	31	5	
87	72	156	96	125	7	35	55	63	
35	8	54	47	37	39	12	23	38	
21	15	9	23	18	3	17	15	18	
54	62	94	53	65	86	50	54	40	
19	10	28	14	7	18	19	13	14	
86	71	96	86	86	98	122	79	36	
24	27	31	29	16	17	30	24	12	
61	46	26	63	57	56	68	88	75	
12	6	14	19	7	17	14	14	20	
65	117	60	6	52	64	30	17	86	
66	65	116	118	117	65	83	108	101	
98	102	64	8	85	134	97	39	99	
46	59	15	67	38	47	19	44	19	
59	34	69	66	74	38	26	87	45	
41	38	30	48	68	55	30	43	19	
36	46	41	34	37	37	46	53	54	
50	58	32	60	31	30	68	28	42	
12	18	17	18	21	16	18	9	18	
86	66	130	72	100	41	70	127	92	
34	10	45	27	43	34	41	41	41	
62	57	33	73	55	68	65	99	22	
Distance matrix
0	77	45	55	22.5	86.5	12	31.5	55.5	29	86.5	33	12	31.5	52.5	50.5	33.5	86	26.5	55.5	38.5	65	74	11	36.5	35.5	15.5	77.5	76	81.5	24	42	40	11.5	56.5	84	93	44.5	92	85	25	101.5	58	13.5	49	26.5	78	53.5	45.5	66	75	55	73.5	76.5	59.5	46	43.5	84.5	52	98.5	67	19.5	85.5	76	56	69	73	58	55	63.5	76.5	33.5	24.5	31.5	15	27.5	63.5	75.5	59.5	74.5	61	7.5	96.5	6	64.5	60	29.5	53	49.5	57.5	2	13.5	43.5	52	79.5	80.5	18.5	80.5	76	29	36	77	96.5	31	77.5	33.5	60	64	58	31	66.5	35	9	28.5	46.5	33	80	50	96	70	31	69.5	59	30	36.5	19.5	
77	0	48	38	64.5	21.5	79	61.5	37.5	64	11.5	60	69	61.5	40.5	42.5	59.5	37	66.5	37.5	54.5	28	19	78	56.5	47.5	77.5	44.5	27	46.5	69	51	53	81.5	36.5	29	30	48.5	21	28	62	26.5	35	75.5	44	66.5	45	39.5	47.5	33	18	38	40.5	31.5	33.5	47	45.5	23.5	41	29.5	26	73.5	12.5	43	37	36	40	35	38	29.5	43.5	59.5	68.5	61.5	72	65.5	30.5	32.5	33.5	18.5	16	79.5	21.5	73	28.5	33	63.5	40	43.5	35.5	79	75.5	45.5	29	38.5	27.5	70.5	17.5	17	64	57	44	21.5	62	15.5	45.5	33	29	35	62	26.5	58	84	60.5	46.5	60	43	43	27	7	62	23.5	34	63	56.5	71.5	
45	48	0	30	32.5	53.5	47	31.5	29.5	56	43.5	48	37	53.5	32.5	30.5	33.5	61	36.5	30.5	28.5	30	41	46	48.5	15.5	55.5	52.5	51	56.5	49	27	45	51.5	28.5	59	62	34.5	53	60	30	58.5	13	43.5	36	36.5	53	28.5	39.5	41	30	30	48.5	51.5	30.5	39	18.5	55.5	7	61.5	38	59.5	44.5	51	31	44	48	33	30	36.5	51.5	43.5	44.5	31.5	40	47.5	38.5	50.5	34.5	45.5	36	47.5	53.5	41	35.5	15	49.5	8	35.5	27.5	47	43.5	18.5	27	54.5	55.5	38.5	49.5	39	44	41	52	53.5	36	42.5	13.5	25	39	13	54	23.5	30	54	28.5	36.5	28	55	35	59	45	54	30.5	14	55	36.5	39.5	
55	38	30	0	42.5	43.5	57	41.5	29.5	56	33.5	52	47	53.5	32.5	34.5	43.5	59	46.5	29.5	38.5	10	31	56	48.5	25.5	65.5	52.5	49	56.5	59	37	45	61.5	28.5	51	52	40.5	43	50	40	48.5	27	53.5	36	46.5	53	28.5	39.5	41	20	0	48.5	51.5	25.5	39	23.5	45.5	33	51.5	28	65.5	34.5	51	1	44	48	33	30	26.5	51.5	51.5	54.5	41.5	50	57.5	38.5	50.5	30.5	35.5	36	57.5	43.5	51	25.5	25	55.5	32	35.5	27.5	57	53.5	23.5	27	54.5	49.5	48.5	39.5	29	54	49	52	43.5	46	32.5	23.5	25	39	27	54	18.5	40	64	38.5	38.5	38	55	35	49	45	54	20.5	26	55	46.5	49.5	
22.5	64.5	32.5	42.5	0	74	24.5	19	43	41.5	66	25.5	14.5	41	30	38	21	73.5	4	43	26	52.5	61.5	23.5	34	23	33	65	63.5	69	26.5	29.5	32.5	29	36	71.5	80.5	32	75.5	72.5	12.5	81	45.5	21	36.5	4	65.5	41	23	53.5	52.5	42.5	61	64	47	31.5	31	72	39.5	84	54.5	37	67	63.5	43.5	56.5	60.5	45.5	32.5	51	64	11	22	19	17.5	25	51	63	47	62	48.5	25	76	18.5	52	47.5	27	40.5	33	45	24.5	21	31	39.5	67	68	16	68	61.5	21.5	23.5	64.5	76	18.5	65	21	37.5	51.5	45.5	41.5	46	22.5	31.5	16	34	20.5	67.5	37.5	81.5	57.5	41.5	53	46.5	42.5	24	17	
86.5	21.5	53.5	43.5	74	0	86.5	67	43	69.5	12	65.5	78.5	67	46	48	65	27.5	72	43	60	33.5	24.5	87.5	62	57	83	39	22.5	37	74.5	56.5	58.5	87	42	19.5	20.5	54	11.5	18.5	71.5	17	40.5	85	49.5	72	35.5	45	53	32.5	23.5	43.5	35	10	39	52.5	55	2	46.5	20	31.5	79	13	37.5	42.5	30.5	30.5	40.5	43.5	35	38	65	74	67	81.5	71	35	11	39	24	37.5	89	12	82.5	34	38.5	69	45.5	49	41	88.5	85	55	38.5	29	6	80	18	22.5	69.5	62.5	36.5	12	67.5	21	55	38.5	34.5	40.5	67.5	32	63.5	89.5	70	52	65.5	33.5	48.5	17.5	28.5	67.5	29	39.5	68.5	62	79	
12	79	47	57	24.5	86.5	0	33.5	57.5	17	76.5	35	14	26.5	40.5	52.5	35.5	88	28.5	57.5	40.5	63	74	1	36.5	37.5	22.5	79.5	78	83.5	26	44	28	18.5	46.5	86	95	46.5	86	87	27	91.5	60	15.5	49	28.5	80	55.5	37.5	68	63	57	75.5	78.5	61.5	42	45.5	86.5	54	94.5	69	26.5	77.5	78	58	71	75	60	43	65.5	78.5	35.5	26.5	33.5	17	29.5	65.5	77.5	61.5	76.5	63	14.5	86.5	6	66.5	58	31.5	55	43.5	55.5	14	15.5	45.5	54	81.5	82.5	20.5	82.5	72	31	38	79	86.5	33	75.5	35.5	48	66	60	19	56.5	37	21	30.5	48.5	35	82	52	92	72	19	63.5	59	18	38.5	21.5	
31.5	61.5	31.5	41.5	19	67	33.5	0	38	44.5	57	34.5	23.5	42	21	37	2	72.5	23	42	25	43.5	54.5	32.5	37	22	42	64	62.5	68	35.5	28.5	33.5	38	27	70.5	75.5	31	66.5	71.5	16.5	72	40.5	30	29.5	23	64.5	40	28	52.5	43.5	41.5	60	63	44	27.5	30	69	38.5	75	51.5	46	58	62.5	42.5	55.5	59.5	44.5	23.5	50	63	30	31	0	26.5	34	50	62	46	59	47.5	34	67	27.5	49	38.5	36	39.5	18	36	33.5	30	30	38.5	66	67	25	63	52.5	30.5	27.5	63.5	67	22.5	56	20	28.5	50.5	40.5	42.5	37	21.5	40.5	3	33	19.5	66.5	36.5	72.5	56.5	42.5	44	39.5	43.5	5	26	
55.5	37.5	29.5	29.5	43	43	57.5	38	0	40.5	33	36.5	47.5	38	17	5	36	58.5	43	24	31	19.5	30.5	56.5	33	20	54	68	48.5	68	45.5	27.5	29.5	58	13	50.5	51.5	25	42.5	49.5	40.5	48	16.5	54	20.5	43	66.5	36	24	56.5	19.5	29.5	64	53	20	23.5	34	45	22.5	51	27.5	50	34	66.5	28.5	59.5	61.5	46.5	14.5	26	67	36	45	38	50.5	42	54	54	30	35	51.5	58	43	51.5	25	14.5	40	21.5	20	2	57.5	54	34	42.5	60	49	49	39	28.5	40.5	33.5	67.5	43	38.5	32	22	9.5	40.5	16.5	38.5	13	34.5	60.5	39	23	36.5	64.5	19.5	48.5	44.5	38.5	20	15.5	39.5	33	50	
29	64	56	56	41.5	69.5	17	44.5	40.5	0	59.5	28	31	9.5	23.5	45.5	42.5	85	39.5	50.5	47.5	46	57	18	19.5	54.5	25.5	96.5	75	94.5	27	49	11	29.5	29.5	77	78	41.5	69	76	44	74.5	43	32.5	32	39.5	93	62.5	20.5	85	46	56	92.5	79.5	46.5	25	62.5	71.5	49	77.5	54	21.5	60.5	95	55	88	88	73	26	52.5	95.5	32.5	31.5	44.5	34	28.5	82.5	80.5	56.5	61.5	80	31.5	69.5	23	51.5	41	26.5	48	26.5	38.5	31	32.5	62.5	71	86.5	75.5	37.5	65.5	55	32	35	94	69.5	40	58.5	52.5	31	67	43	2	39.5	46	32	47.5	39.5	48	91	41	75	71	2	46.5	42	1	39.5	36.5	
86.5	11.5	43.5	33.5	66	12	76.5	57	33	59.5	0	55.5	76.5	57	36	38	55	27.5	62	33	50	23.5	14.5	77.5	52	53	73	41	17.5	37	64.5	46.5	48.5	77	32	19.5	20.5	44	11.5	18.5	63.5	17	30.5	75	39.5	62	35.5	35	43	27.5	13.5	33.5	45	22	29	42.5	45	14	36.5	20	21.5	69	1	37.5	32.5	34.5	30.5	30.5	33.5	25	42	55	64	57	73.5	61	23	23	29	14	27.5	81	12	82.5	24	28.5	59	35.5	39	31	86.5	75	45	36.5	29	18	70	6	12.5	59.5	52.5	36.5	12	57.5	11	55	28.5	24.5	30.5	57.5	22	53.5	79.5	60	42	55.5	33.5	38.5	17.5	18.5	57.5	19	29.5	58.5	52	69	
33	60	48	52	25.5	65.5	35	34.5	36.5	28	55.5	0	25	25.5	19.5	41.5	36.5	81	29.5	46.5	41.5	42	53	34	20.5	38.5	41.5	80.5	71	84.5	33	45	17	39.5	25.5	73	74	37.5	65	72	28	70.5	39	31.5	28	29.5	81	56.5	16.5	69	42	52	76.5	75.5	42.5	21	46.5	67.5	45	73.5	50	37.5	56.5	79	51	72	76	61	22	48.5	79.5	28.5	32.5	34.5	28	29.5	66.5	76.5	52.5	57.5	64	35.5	65.5	29	47.5	37	27.5	44	22.5	34.5	35	31.5	46.5	55	82.5	71.5	26.5	61.5	51	4	31	80	65.5	34	54.5	36.5	27	63	39	26	35.5	38	42	31.5	35.5	36	83	37	71	67	26	42.5	38	27	35.5	27.5	
12	69	37	47	14.5	78.5	14	23.5	47.5	31	76.5	25	0	36.5	40.5	42.5	25.5	78	18.5	47.5	30.5	57	66	13	28.5	27.5	22.5	69.5	68	73.5	12	34	28	18.5	46.5	76	85	36.5	84	77	17	91.5	50	10.5	41	18.5	70	45.5	37.5	58	63	47	65.5	68.5	51.5	38	35.5	76.5	44	90.5	59	26.5	77.5	68	48	61	65	50	43	55.5	68.5	25.5	16.5	23.5	3	19.5	55.5	67.5	51.5	66.5	53	14.5	86.5	8	56.5	52	21.5	45	41.5	49.5	14	10.5	35.5	44	71.5	72.5	10.5	72.5	68	21	28	69	86.5	23	69.5	25.5	48	56	50	33	56.5	27	21	20.5	38.5	25	72	42	88	62	33	61.5	51	32	28.5	11.5	
31.5	61.5	53.5	53.5	41	67	26.5	42	38	9.5	57	25.5	36.5	0	21	43	40	82.5	37	48	45	43.5	54.5	27.5	17	58	16	96	72.5	92	24.5	46.5	8.5	20	27	74.5	75.5	39	66.5	73.5	43.5	72	40.5	30	29.5	37	90.5	60	18	82.5	43.5	53.5	100	77	44	22.5	60	69	46.5	75	51.5	12	58	92.5	52.5	89.5	85.5	70.5	23.5	50	97	30	29	42	33.5	26	80	78	54	59	77.5	24	67	32.5	49	38.5	24	45.5	24	36	31.5	30	60	76.5	84	73	35	63	52.5	29.5	32.5	91.5	67	37.5	56	60	28.5	64.5	40.5	7.5	37	43.5	24.5	45	37	45.5	88.5	38.5	72.5	68.5	7.5	44	39.5	8.5	37	34	
52.5	40.5	32.5	32.5	30	46	40.5	21	17	23.5	36	19.5	40.5	21	0	22	19	61.5	26	27	24	22.5	33.5	41.5	16	37	37	75	51.5	71	28.5	25.5	12.5	41	6	53.5	54.5	18	45.5	52.5	27.5	51	19.5	39	8.5	26	69.5	39	7	61.5	22.5	32.5	79	56	23	6.5	39	48	25.5	54	30.5	33	37	71.5	31.5	68.5	64.5	49.5	2.5	29	76	19	28	21	37.5	25	59	57	33	38	56.5	45	46	46.5	28	17.5	23	24.5	3	15	50.5	39	39	55.5	63	52	34	42	31.5	23.5	16.5	70.5	46	21.5	35	39	7.5	43.5	19.5	21.5	16	22.5	43.5	24	16	24.5	67.5	17.5	51.5	47.5	21.5	23	18.5	22.5	16	33	
50.5	42.5	30.5	34.5	38	48	52.5	37	5	45.5	38	41.5	42.5	43	22	0	39	63.5	42	29	34	24.5	35.5	51.5	38	15	59	63	53.5	67	50.5	32.5	34.5	57	18	55.5	56.5	30	47.5	54.5	35.5	53	21.5	49	25.5	42	63.5	39	29	51.5	24.5	34.5	59	58	25	28.5	29	50	27.5	56	32.5	55	39	61.5	33.5	54.5	58.5	43.5	19.5	31	62	41	50	37	45.5	47	49	59	35	40	46.5	53	48	46.5	30	19.5	45	26.5	25	7	52.5	49	29	37.5	65	54	44	44	33.5	45.5	38.5	62.5	48	41.5	37	17	14.5	45.5	21.5	43.5	18	35.5	59.5	34	28	33.5	65.5	24.5	53.5	49.5	43.5	25	20.5	44.5	38	45	
33.5	59.5	33.5	43.5	21	65	35.5	2	36	42.5	55	36.5	25.5	40	19	39	0	74.5	25	44	27	41.5	52.5	34.5	35	24	44	66	64.5	70	37.5	30.5	31.5	40	25	72.5	73.5	33	64.5	71.5	18.5	70	38.5	32	27.5	25	66.5	42	26	54.5	41.5	43.5	62	65	42	25.5	32	67	40.5	73	49.5	48	56	64.5	44.5	57.5	61.5	46.5	21.5	48	65	32	33	2	28.5	36	52	64	48	57	49.5	36	65	29.5	47	36.5	38	41.5	16	34	35.5	32	32	40.5	68	69	27	61	50.5	32.5	29.5	65.5	65	24.5	54	22	26.5	52.5	38.5	40.5	35	23.5	42.5	5	35	21.5	68.5	36.5	70.5	58.5	40.5	42	37.5	41.5	3	28	
86	37	61	59	73.5	27.5	88	72.5	58.5	85	27.5	81	78	82.5	61.5	63.5	74.5	0	77.5	58.5	69.5	49	40	87	77.5	56.5	96.5	23.5	38	27.5	90	68	74	92.5	57.5	30	7	69.5	22	29	71	17.5	56	84.5	65	77.5	8	54.5	68.5	32	39	59	19.5	37.5	54.5	68	54.5	29.5	62	20.5	47	94.5	28.5	10	58	25	29	44	59	50.5	22.5	80.5	85.5	72.5	81	86.5	34.5	36.5	54.5	39.5	37	88.5	17.5	82	49.5	54	84.5	61	64.5	56.5	88	84.5	54.5	38	30.5	33.5	79.5	33.5	38	85	78	9	17.5	77	36.5	54.5	54	50	56	83	47.5	71	95	69.5	67.5	69	6	64	10	44	83	44.5	55	84	77.5	80.5	
26.5	66.5	36.5	46.5	4	72	28.5	23	43	39.5	62	29.5	18.5	37	26	42	25	77.5	0	47	30	48.5	59.5	27.5	32	27	37	69	67.5	73	30.5	33.5	28.5	33	32	75.5	80.5	36	71.5	76.5	16.5	77	45.5	25	34.5	0	69.5	45	19	57.5	48.5	46.5	65	68	49	27.5	35	74	43.5	80	56.5	41	63	67.5	47.5	60.5	64.5	49.5	28.5	55	68	7	26	23	21.5	29	55	67	51	64	52.5	29	72	22.5	54	43.5	31	44.5	29	41	28.5	25	35	43.5	71	72	20	68	57.5	25.5	27.5	68.5	72	22.5	61	25	33.5	55.5	45.5	37.5	42	26.5	35.5	20	38	24.5	71.5	41.5	77.5	61.5	37.5	49	44.5	38.5	28	21	
55.5	37.5	30.5	29.5	43	43	57.5	42	24	50.5	33	46.5	47.5	48	27	29	44	58.5	47	0	39	19.5	30.5	56.5	43	26	64	58	48.5	62	55.5	37.5	39.5	62	23	50.5	51.5	35	42.5	49.5	40.5	48	21.5	54	30.5	47	58.5	34	34	46.5	19.5	29.5	54	53	4	33.5	12	45	27.5	51	27.5	60	34	56.5	28.5	49.5	53.5	38.5	24.5	26	57	46	55	42	50.5	52	44	54	30	35	41.5	58	43	51.5	25	19.5	50	26.5	30	22	57.5	54	12	32.5	60	49	49	39	28.5	50.5	43.5	57.5	43	46.5	32	24	19.5	40.5	21.5	48.5	11	40.5	64.5	39	33	38.5	60.5	29.5	48.5	44.5	48.5	20	20.5	49.5	43	50	
38.5	54.5	28.5	38.5	26	60	40.5	25	31	47.5	50	41.5	30.5	45	24	34	27	69.5	30	39	0	36.5	47.5	39.5	40	19	49	61	59.5	65	42.5	25.5	36.5	45	18	67.5	68.5	6	59.5	66.5	23.5	65	33.5	37	27.5	30	61.5	37	31	49.5	36.5	38.5	57	60	37	30.5	27	62	35.5	68	44.5	53	51	59.5	39.5	52.5	56.5	41.5	21.5	43	60	37	38	25	33.5	41	47	59	43	52	44.5	41	60	34.5	42	31.5	43	36.5	27	29	40.5	37	27	35.5	63	64	32	56	45.5	37.5	34.5	60.5	60	29.5	49	17	21.5	47.5	33.5	45.5	30	23.5	47.5	22	8	21.5	63.5	31.5	65.5	53.5	45.5	37	32.5	46.5	30	33	
65	28	30	10	52.5	33.5	63	43.5	19.5	46	23.5	42	57	43.5	22.5	24.5	41.5	49	48.5	19.5	36.5	0	21	64	38.5	35.5	59.5	62.5	39	58.5	51	33	35	63.5	18.5	41	42	30.5	33	40	50	38.5	17	61.5	26	48.5	57	26.5	29.5	49	10	10	58.5	43.5	15.5	29	31.5	35.5	23	41.5	18	55.5	24.5	59	9	54	52	37	20	16.5	61.5	41.5	50.5	43.5	60	47.5	46.5	44.5	20.5	25.5	44	67.5	33.5	61	15.5	15	45.5	22	25.5	17.5	67	61.5	31.5	37	50.5	39.5	56.5	29.5	19	46	39	58	33.5	44	22.5	33.5	15	31	17	44	8.5	40	66	46.5	28.5	42	55	25	39	35	44	10.5	16	45	38.5	55.5	
74	19	41	31	61.5	24.5	74	54.5	30.5	57	14.5	53	66	54.5	33.5	35.5	52.5	40	59.5	30.5	47.5	21	0	75	49.5	44.5	70.5	51.5	30	49.5	62	44	46	74.5	29.5	32	33	41.5	24	31	59	29.5	28	72.5	37	59.5	48	32.5	40.5	40	11	31	47.5	34.5	26.5	40	42.5	26.5	34	32.5	19	66.5	15.5	50	30	43	43	16	31	22.5	50.5	52.5	61.5	54.5	69	58.5	37.5	35.5	26.5	16.5	35	76.5	24.5	70	21.5	26	56.5	33	36.5	28.5	76	72.5	42.5	22	41.5	30.5	67.5	20.5	2	57	50	49	24.5	55	13.5	42.5	26	10	28	55	19.5	51	77	57.5	39.5	53	46	36	30	26	55	16.5	27	56	49.5	66.5	
11	78	46	56	23.5	87.5	1	32.5	56.5	18	77.5	34	13	27.5	41.5	51.5	34.5	87	27.5	56.5	39.5	64	75	0	37.5	36.5	21.5	78.5	77	82.5	25	43	29	17.5	47.5	85	94	45.5	87	86	26	92.5	59	14.5	50	27.5	79	54.5	38.5	67	64	56	74.5	77.5	60.5	43	44.5	85.5	53	95.5	68	25.5	78.5	77	57	70	74	59	44	64.5	77.5	34.5	25.5	32.5	16	28.5	64.5	76.5	60.5	75.5	62	13.5	87.5	5	65.5	59	30.5	54	44.5	56.5	13	14.5	44.5	53	80.5	81.5	19.5	81.5	73	30	37	78	87.5	32	76.5	34.5	49	65	59	20	57.5	36	20	29.5	47.5	34	81	51	93	71	20	64.5	60	19	37.5	20.5	
36.5	56.5	48.5	48.5	34	62	36.5	37	33	19.5	52	20.5	28.5	17	16	38	35	77.5	32	43	40	38.5	49.5	37.5	0	47	33	89	67.5	87	24.5	41.5	8.5	37	22	69.5	70.5	34	61.5	68.5	36.5	67	35.5	35	24.5	32	85.5	55	13	77.5	38.5	48.5	85	72	39	17.5	55	64	41.5	70	46.5	29	53	87.5	47.5	80.5	80.5	65.5	18.5	45	88	25	12	37	31.5	9	75	73	49	54	72.5	39	62	32.5	44	33.5	7	40.5	19	31	38.5	35	55	63.5	79	68	18	58	47.5	24.5	27.5	86.5	62	32.5	51	45	23.5	59.5	35.5	17.5	32	38.5	39.5	40	32	40.5	83.5	33.5	67.5	63.5	17.5	39	34.5	18.5	32	17	
35.5	47.5	15.5	25.5	23	57	37.5	22	20	54.5	53	38.5	27.5	58	37	15	24	56.5	27	26	19	35.5	44.5	36.5	47	0	46	48	46.5	52	39.5	17.5	49.5	42	33	54.5	63.5	25	62.5	55.5	20.5	68	28.5	34	34.5	27	48.5	24	44	36.5	39.5	25.5	44	47	30	41.5	14	55	22.5	69	37.5	50	54	46.5	26.5	39.5	43.5	28.5	34.5	34	47	34	35	22	30.5	38	34	46	30	45	31.5	38	63	31.5	35	30.5	40	23.5	40	22	37.5	34	14	22.5	50	51	29	51	46.5	34.5	31.5	47.5	63	26.5	48	2	29.5	34.5	28.5	56.5	33	20.5	44.5	19	27	18.5	50.5	25.5	66.5	40.5	56.5	40	29.5	55.5	27	30	
15.5	77.5	55.5	65.5	33	83	22.5	42	54	25.5	73	41.5	22.5	16	37	59	44	96.5	37	64	49	59.5	70.5	21.5	33	46	0	88	86.5	92	34.5	52.5	24.5	4	43	90.5	91.5	55	82.5	89.5	35.5	88	56.5	24	45.5	37	88.5	64	34	76.5	59.5	65.5	84	87	60	38.5	54	85	62.5	91	67.5	4	74	86.5	66.5	79.5	83.5	68.5	39.5	66	87	44	35	42	25.5	38	74	86	70	75	71.5	8	83	16.5	65	54.5	40	61.5	40	52	17.5	24	54	62.5	90	89	29	79	68.5	39.5	46.5	87.5	83	41.5	72	44	44.5	74.5	56.5	23.5	53	45.5	24.5	39	53	43.5	90.5	54.5	88.5	80.5	23.5	60	55.5	24.5	47	30	
77.5	44.5	52.5	52.5	65	39	79.5	64	68	96.5	41	80.5	69.5	96	75	63	66	23.5	69	58	61	62.5	51.5	78.5	89	48	88	0	33.5	4	81.5	59.5	87.5	84	71	31.5	30.5	67	35.5	32.5	62.5	24	65.5	76	76.5	69	15.5	46	82	23.5	52.5	52.5	4	29	62	81.5	46	37	59.5	21	54.5	92	42	13.5	53.5	16.5	20.5	35.5	72.5	56	1	76	77	64	72.5	80	26	28	52	47	28.5	80	31	73.5	57	67.5	82	60.5	78	70	79.5	76	46	29.5	22	33	71	43	51.5	76.5	73.5	14.5	31	68.5	50	46	67.5	41.5	65.5	96.5	61	62.5	86.5	61	69	60.5	17.5	67.5	31.5	37.5	96.5	58	66.5	97.5	69	72	
76	27	51	49	63.5	22.5	78	62.5	48.5	75	17.5	71	68	72.5	51.5	53.5	64.5	38	67.5	48.5	59.5	39	30	77	67.5	46.5	86.5	33.5	0	37.5	80	58	64	82.5	47.5	30	31	59.5	22	29	61	27.5	46	74.5	55	67.5	34	44.5	58.5	10	29	49	29.5	32.5	44.5	58	44.5	24.5	52	30.5	37	84.5	18.5	32	48	25	29	34	49	40.5	32.5	70.5	75.5	62.5	71	76.5	24.5	31.5	44.5	29.5	27	78.5	22.5	72	39.5	44	74.5	51	54.5	46.5	78	74.5	44.5	28	35.5	28.5	69.5	23.5	28	75	68	33	22.5	67	26.5	44.5	44	40	46	73	37.5	61	85	59.5	57.5	59	36	54	28	34	73	34.5	45	74	67.5	70.5	
81.5	46.5	56.5	56.5	69	37	83.5	68	68	94.5	37	84.5	73.5	92	71	67	70	27.5	73	62	65	58.5	49.5	82.5	87	52	92	4	37.5	0	85.5	63.5	83.5	88	67	35.5	30.5	71	31.5	36.5	66.5	20	65.5	80	74.5	73	19.5	50	78	27.5	48.5	56.5	8	33	64	77.5	50	39	63.5	17	56.5	96	38	17.5	57.5	20.5	24.5	39.5	68.5	60	5	80	81	68	76.5	84	30	32	56	49	32.5	84	27	77.5	59	63.5	86	64.5	74	66	83.5	80	50	33.5	26	37	75	43	47.5	80.5	77.5	18.5	27	72.5	46	50	63.5	45.5	65.5	92.5	57	66.5	90.5	65	73	64.5	21.5	71.5	27.5	41.5	92.5	54	64.5	93.5	73	76	
24	69	49	59	26.5	74.5	26	35.5	45.5	27	64.5	33	12	24.5	28.5	50.5	37.5	90	30.5	55.5	42.5	51	62	25	24.5	39.5	34.5	81.5	80	85.5	0	46	16	30.5	34.5	82	83	46.5	74	81	29	79.5	48	22.5	37	30.5	82	57.5	25.5	70	51	59	77.5	80.5	51.5	30	47.5	76.5	54	82.5	59	36.5	65.5	80	60	73	77	62	31	57.5	80.5	37.5	28.5	35.5	9	31.5	67.5	79.5	61.5	66.5	65	26.5	74.5	20	56.5	46	31.5	53	31.5	43.5	26	22.5	47.5	56	83.5	80.5	22.5	70.5	60	33	40	81	74.5	35	63.5	37.5	36	68	48	25	44.5	39	33	32.5	44.5	37	84	46	80	74	25	51.5	47	26	40.5	23.5	
42	51	27	37	29.5	56.5	44	28.5	27.5	49	46.5	45	34	46.5	25.5	32.5	30.5	68	33.5	37.5	25.5	33	44	43	41.5	17.5	52.5	59.5	58	63.5	46	0	38	48.5	21.5	64	65	31.5	56	63	27	61.5	30	40.5	29	33.5	60	35.5	32.5	48	33	37	55.5	58.5	33.5	32	25.5	58.5	34	64.5	41	56.5	47.5	58	38	51	55	40	23	39.5	58.5	40.5	41.5	28.5	37	44.5	45.5	57.5	41.5	48.5	43	44.5	56.5	38	38.5	28	46.5	35	28.5	25.5	44	40.5	25.5	34	61.5	62.5	35.5	52.5	42	41	38	59	56.5	33	45.5	15.5	18	46	30	47	26.5	27	51	25.5	31.5	25	62	8	62	52	47	33.5	29	48	33.5	36.5	
40	53	45	45	32.5	58.5	28	33.5	29.5	11	48.5	17	28	8.5	12.5	34.5	31.5	74	28.5	39.5	36.5	35	46	29	8.5	49.5	24.5	87.5	64	83.5	16	38	0	28.5	18.5	66	67	30.5	58	65	35	63.5	32	26.5	21	28.5	82	51.5	9.5	74	35	45	91.5	68.5	35.5	14	51.5	60.5	38	66.5	43	20.5	49.5	84	44	81	77	62	15	41.5	88.5	21.5	20.5	33.5	25	17.5	71.5	69.5	45.5	50.5	69	32.5	58.5	34	40.5	30	15.5	37	15.5	27.5	38	26.5	51.5	68	75.5	64.5	26.5	54.5	44	21	24	83	58.5	29	47.5	51.5	20	56	32	9	28.5	35	31	36.5	28.5	37	80	30	64	60	9	35.5	31	10	28.5	25.5	
11.5	81.5	51.5	61.5	29	87	18.5	38	58	29.5	77	39.5	18.5	20	41	57	40	92.5	33	62	45	63.5	74.5	17.5	37	42	4	84	82.5	88	30.5	48.5	28.5	0	47	90.5	95.5	51	86.5	91.5	31.5	92	60.5	20	49.5	33	84.5	60	38	72.5	63.5	61.5	80	83	64	42.5	50	89	58.5	95	71.5	8	78	82.5	62.5	75.5	79.5	64.5	43.5	70	83	40	31	38	21.5	34	70	82	66	79	67.5	4	87	12.5	69	58.5	36	59.5	44	56	13.5	20	50	58.5	86	87	25	83	72.5	35.5	42.5	83.5	87	37.5	76	40	48.5	70.5	60.5	27.5	57	41.5	20.5	35	53	39.5	86.5	56.5	92.5	76.5	27.5	64	59.5	28.5	43	26	
56.5	36.5	28.5	28.5	36	42	46.5	27	13	29.5	32	25.5	46.5	27	6	18	25	57.5	32	23	18	18.5	29.5	47.5	22	33	43	71	47.5	67	34.5	21.5	18.5	47	0	49.5	50.5	12	41.5	48.5	33.5	47	15.5	45	9.5	32	65.5	35	13	57.5	18.5	28.5	75	52	19	12.5	35	44	21.5	50	26.5	39	33	67.5	27.5	64.5	60.5	45.5	3.5	25	72	25	34	27	43.5	31	55	53	29	34	52.5	51	42	52.5	24	13.5	29	20.5	9	11	56.5	45	35	51.5	59	48	40	38	27.5	29.5	22.5	66.5	42	27.5	31	35	3.5	39.5	15.5	27.5	12	23.5	49.5	30	10	25.5	63.5	13.5	47.5	43.5	27.5	19	14.5	28.5	22	39	
84	29	59	51	71.5	19.5	86	70.5	50.5	77	19.5	73	76	74.5	53.5	55.5	72.5	30	75.5	50.5	67.5	41	32	85	69.5	54.5	90.5	31.5	30	35.5	82	64	66	90.5	49.5	0	23	61.5	8	1	69	19.5	48	82.5	57	75.5	32	52.5	60.5	30	31	51	27.5	29.5	46.5	60	52.5	21.5	54	22.5	39	86.5	20.5	30	50	15	11	42	51	42.5	30.5	72.5	81.5	70.5	79	78.5	32.5	30.5	46.5	31.5	35	86.5	14.5	80	41.5	46	76.5	53	56.5	48.5	86	82.5	52.5	36	31.5	25.5	77.5	25.5	30	77	70	31	14.5	75	28.5	52.5	46	42	48	75	39.5	69	93	67.5	59.5	67	34	56	20	36	75	36.5	47	76	69.5	78.5	
93	30	62	52	80.5	20.5	95	75.5	51.5	78	20.5	74	85	75.5	54.5	56.5	73.5	7	80.5	51.5	68.5	42	33	94	70.5	63.5	91.5	30.5	31	30.5	83	65	67	95.5	50.5	23	0	62.5	15	22	78	10.5	49	91.5	58	80.5	15	53.5	61.5	39	32	52	26.5	30.5	47.5	61	61.5	22.5	55	13.5	40	87.5	21.5	17	51	32	34	49	52	43.5	29.5	73.5	82.5	75.5	88	79.5	41.5	31.5	47.5	32.5	44	95.5	10.5	89	42.5	47	77.5	54	57.5	49.5	95	91.5	61.5	45	27.5	26.5	86.5	26.5	31	78	71	16	10.5	76	29.5	61.5	47	43	49	76	40.5	72	98	76.5	60.5	74	13	57	3	37	76	37.5	48	77	70.5	87.5	
44.5	48.5	34.5	40.5	32	54	46.5	31	25	41.5	44	37.5	36.5	39	18	30	33	69.5	36	35	6	30.5	41.5	45.5	34	25	55	67	59.5	71	46.5	31.5	30.5	51	12	61.5	62.5	0	53.5	60.5	29.5	59	27.5	43	21.5	36	67.5	43	25	55.5	30.5	40.5	63	64	31	24.5	33	56	33.5	62	38.5	51	45	65.5	39.5	58.5	62.5	47.5	15.5	37	66	37	44	31	39.5	43	53	65	41	46	50.5	47	54	40.5	36	25.5	41	32.5	21	23	46.5	43	33	41.5	69	60	38	50	39.5	41.5	34.5	66.5	54	35.5	43	23	15.5	51.5	27.5	39.5	24	29.5	53.5	28	2	27.5	69.5	25.5	59.5	55.5	39.5	31	26.5	40.5	34	39	
92	21	53	43	75.5	11.5	86	66.5	42.5	69	11.5	65	84	66.5	45.5	47.5	64.5	22	71.5	42.5	59.5	33	24	87	61.5	62.5	82.5	35.5	22	31.5	74	56	58	86.5	41.5	8	15	53.5	0	7	73	11.5	40	84.5	49	71.5	30	44.5	52.5	32	23	43	35.5	21.5	38.5	52	54.5	13.5	46	14.5	31	78.5	12.5	32	42	23	19	40	43	34.5	36.5	64.5	73.5	66.5	83	70.5	34.5	22.5	38.5	23.5	37	90.5	6.5	88	33.5	38	68.5	45	48.5	40.5	94	84.5	54.5	44	23.5	17.5	79.5	17.5	22	69	62	31	6.5	67	20.5	60.5	38	34	40	67	31.5	63	89	69.5	51.5	65	28	48	12	28	67	28.5	39	68	61.5	78.5	
85	28	60	50	72.5	18.5	87	71.5	49.5	76	18.5	72	77	73.5	52.5	54.5	71.5	29	76.5	49.5	66.5	40	31	86	68.5	55.5	89.5	32.5	29	36.5	81	63	65	91.5	48.5	1	22	60.5	7	0	70	18.5	47	83.5	56	76.5	33	51.5	59.5	31	30	50	28.5	28.5	45.5	59	53.5	20.5	53	21.5	38	85.5	19.5	31	49	16	12	43	50	41.5	31.5	71.5	80.5	71.5	80	77.5	33.5	29.5	45.5	30.5	36	87.5	13.5	81	40.5	45	75.5	52	55.5	47.5	87	83.5	53.5	37	30.5	24.5	78.5	24.5	29	76	69	32	13.5	74	27.5	53.5	45	41	47	74	38.5	70	94	68.5	58.5	68	35	55	19	35	74	35.5	46	75	68.5	79.5	
25	62	30	40	12.5	71.5	27	16.5	40.5	44	63.5	28	17	43.5	27.5	35.5	18.5	71	16.5	40.5	23.5	50	59	26	36.5	20.5	35.5	62.5	61	66.5	29	27	35	31.5	33.5	69	78	29.5	73	70	0	78.5	43	23.5	34	16.5	63	38.5	29.5	51	50	40	58.5	61.5	44.5	21	28.5	69.5	37	81.5	52	39.5	64.5	61	41	54	58	43	30	48.5	61.5	23.5	24.5	16.5	20	27.5	48.5	60.5	44.5	59.5	46	27.5	73.5	21	49.5	45	29.5	38	30.5	42.5	27	23.5	28.5	37	64.5	65.5	18.5	65.5	59	24	11	62	73.5	6	62.5	18.5	35	49	43	44	43.5	20	34	13.5	31.5	18	65	35	79	55	44	50.5	44	45	21.5	19.5	
101.5	26.5	58.5	48.5	81	17	91.5	72	48	74.5	17	70.5	91.5	72	51	53	70	17.5	77	48	65	38.5	29.5	92.5	67	68	88	24	27.5	20	79.5	61.5	63.5	92	47	19.5	10.5	59	11.5	18.5	78.5	0	45.5	90	54.5	77	25.5	50	58	37.5	28.5	48.5	28	27	44	57.5	60	19	51.5	3	36.5	84	18	27.5	47.5	34.5	30.5	45.5	48.5	40	25	70	79	72	88.5	76	40	28	44	29	42.5	96	7	97.5	39	43.5	74	50.5	54	46	101.5	90	60	51.5	24	23	85	23	27.5	74.5	67.5	26.5	7	72.5	26	70	43.5	39.5	45.5	72.5	37	68.5	94.5	75	57	70.5	23.5	53.5	7.5	33.5	72.5	34	44.5	73.5	67	84	
58	35	13	27	45.5	40.5	60	40.5	16.5	43	30.5	39	50	40.5	19.5	21.5	38.5	56	45.5	21.5	33.5	17	28	59	35.5	28.5	56.5	65.5	46	65.5	48	30	32	60.5	15.5	48	49	27.5	40	47	43	45.5	0	56.5	23	45.5	64	33.5	26.5	54	17	27	61.5	50.5	17.5	26	31.5	42.5	6	48.5	25	52.5	31.5	64	26	57	59	44	17	23.5	64.5	38.5	47.5	40.5	53	44.5	51.5	51.5	27.5	32.5	49	60.5	40.5	54	22.5	2	42.5	5	22.5	14.5	60	56.5	31.5	40	57.5	46.5	51.5	36.5	26	43	36	65	40.5	41	29.5	26.5	12	38	0	41	10.5	37	63	41.5	25.5	39	62	22	46	42	41	17.5	1	42	35.5	52.5	
13.5	75.5	43.5	53.5	21	85	15.5	30	54	32.5	75	31.5	10.5	30	39	49	32	84.5	25	54	37	61.5	72.5	14.5	35	34	24	76	74.5	80	22.5	40.5	26.5	20	45	82.5	91.5	43	84.5	83.5	23.5	90	56.5	0	47.5	25	76.5	52	36	64.5	61.5	53.5	72	75	58	40.5	42	83	50.5	93	65.5	28	76	74.5	54.5	67.5	71.5	56.5	41.5	62	75	32	23	30	13.5	26	62	74	58	73	59.5	16	85	9.5	63	56.5	28	51.5	42	54	15.5	0	42	50.5	78	79	17	79	70.5	27.5	34.5	75.5	85	29.5	74	32	46.5	62.5	56.5	30.5	55	33.5	22.5	27	45	31.5	78.5	48.5	90.5	68.5	30.5	62	57.5	31.5	35	18	
49	44	36	36	36.5	49.5	49	29.5	20.5	32	39.5	28	41	29.5	8.5	25.5	27.5	65	34.5	30.5	27.5	26	37	50	24.5	34.5	45.5	76.5	55	74.5	37	29	21	49.5	9.5	57	58	21.5	49	56	34	54.5	23	47.5	0	34.5	73	42.5	15.5	65	26	36	72.5	59.5	26.5	15	42.5	51.5	29	57.5	34	41.5	40.5	75	35	68	68	53	6	32.5	75.5	27.5	36.5	29.5	44	33.5	62.5	60.5	36.5	41.5	60	51.5	49.5	45	31.5	21	31.5	28	11.5	18.5	51	47.5	42.5	51	66.5	55.5	42.5	45.5	35	32	25	74	49.5	30	38.5	32.5	11	47	23	30	19.5	14	52	32.5	19.5	16	71	21	55	51	30	26.5	22	31	24.5	41.5	
26.5	66.5	36.5	46.5	4	72	28.5	23	43	39.5	62	29.5	18.5	37	26	42	25	77.5	0	47	30	48.5	59.5	27.5	32	27	37	69	67.5	73	30.5	33.5	28.5	33	32	75.5	80.5	36	71.5	76.5	16.5	77	45.5	25	34.5	0	69.5	45	19	57.5	48.5	46.5	65	68	49	27.5	35	74	43.5	80	56.5	41	63	67.5	47.5	60.5	64.5	49.5	28.5	55	68	7	26	23	21.5	29	55	67	51	64	52.5	29	72	22.5	54	43.5	31	44.5	29	41	28.5	25	35	43.5	71	72	20	68	57.5	25.5	27.5	68.5	72	22.5	61	25	33.5	55.5	45.5	37.5	42	26.5	35.5	20	38	24.5	71.5	41.5	77.5	61.5	37.5	49	44.5	38.5	28	21	
78	45	53	53	65.5	35.5	80	64.5	66.5	93	35.5	81	70	90.5	69.5	63.5	66.5	8	69.5	58.5	61.5	57	48	79	85.5	48.5	88.5	15.5	34	19.5	82	60	82	84.5	65.5	32	15	67.5	30	33	63	25.5	64	76.5	73	69.5	0	46.5	76.5	24	47	53	11.5	29.5	62.5	76	46.5	37.5	60	28.5	55	92.5	36.5	2	54	17	21	36	67	56.5	14.5	76.5	77.5	64.5	73	80.5	26.5	28.5	52.5	47.5	29	80.5	25.5	74	57.5	62	82.5	61	72.5	64.5	80	76.5	46.5	30	22.5	33.5	71.5	41.5	46	77	74	1	25.5	69	44.5	46.5	62	42	64	91	55.5	63	87	61.5	69.5	61	2	68	18	38	91	52.5	63	92	69.5	72.5	
53.5	39.5	28.5	28.5	41	45	55.5	40	36	62.5	35	56.5	45.5	60	39	39	42	54.5	45	34	37	26.5	32.5	54.5	55	24	64	46	44.5	50	57.5	35.5	51.5	60	35	52.5	53.5	43	44.5	51.5	38.5	50	33.5	52	42.5	45	46.5	0	46	34.5	21.5	28.5	42	45	32	45.5	22	47	35.5	53	29.5	68	36	44.5	29.5	37.5	41.5	26.5	36.5	10	45	52	53	40	48.5	56	32	44	6	37	29.5	56	45	49.5	11	31.5	58	36.5	42	34	55.5	52	22	20.5	48	49	47	41	30.5	52.5	49.5	45.5	45	44.5	34	22	31.5	32.5	33.5	60.5	25	38.5	62.5	37	45	36.5	48.5	41.5	50.5	38.5	60.5	16	32.5	61.5	45	48	
45.5	47.5	39.5	39.5	23	53	37.5	28	24	20.5	43	16.5	37.5	18	7	29	26	68.5	19	34	31	29.5	40.5	38.5	13	44	34	82	58.5	78	25.5	32.5	9.5	38	13	60.5	61.5	25	52.5	59.5	29.5	58	26.5	36	15.5	19	76.5	46	0	68.5	29.5	39.5	84	63	30	8.5	46	55	32.5	61	37.5	30	44	78.5	38.5	75.5	71.5	56.5	9.5	36	83	12	25	28	34.5	22	66	64	40	45	63.5	42	53	41.5	35	24.5	20	31.5	10	22	47.5	36	46	62.5	70	59	31	49	38.5	20.5	18.5	77.5	53	23.5	42	44	14.5	50.5	26.5	18.5	23	29.5	40.5	31	23	31.5	74.5	24.5	58.5	54.5	18.5	30	25.5	19.5	23	30	
66	33	41	41	53.5	32.5	68	52.5	56.5	85	27.5	69	58	82.5	61.5	51.5	54.5	32	57.5	46.5	49.5	49	40	67	77.5	36.5	76.5	23.5	10	27.5	70	48	74	72.5	57.5	30	39	55.5	32	31	51	37.5	54	64.5	65	57.5	24	34.5	68.5	0	39	41	19.5	22.5	50.5	68	34.5	30.5	48	40.5	43	80.5	28.5	22	42	15	19	24	59	44.5	22.5	64.5	65.5	52.5	61	68.5	14.5	21.5	40.5	35.5	17	68.5	32.5	62	45.5	54	70.5	49	64.5	56.5	68	64.5	34.5	18	25.5	26.5	59.5	31.5	38	65	62	23	32.5	57	36.5	34.5	54	30	54	83	47.5	51	75	49.5	57.5	49	26	56	38	26	83	44.5	55	84	57.5	60.5	
75	18	30	20	52.5	23.5	63	43.5	19.5	46	13.5	42	63	43.5	22.5	24.5	41.5	39	48.5	19.5	36.5	10	11	64	38.5	39.5	59.5	52.5	29	48.5	51	33	35	63.5	18.5	31	32	30.5	23	30	50	28.5	17	61.5	26	48.5	47	21.5	29.5	39	0	20	56.5	33.5	15.5	29	31.5	25.5	23	31.5	8	55.5	14.5	49	19	46	42	27	20	11.5	53.5	41.5	50.5	43.5	60	47.5	36.5	34.5	15.5	15.5	34	67.5	23.5	69	10.5	15	45.5	22	25.5	17.5	73	61.5	31.5	33	40.5	29.5	56.5	19.5	9	46	39	48	23.5	44	12.5	41.5	15	21	17	44	8.5	40	66	46.5	28.5	42	45	25	29	25	44	5.5	16	45	38.5	55.5	
55	38	30	0	42.5	43.5	57	41.5	29.5	56	33.5	52	47	53.5	32.5	34.5	43.5	59	46.5	29.5	38.5	10	31	56	48.5	25.5	65.5	52.5	49	56.5	59	37	45	61.5	28.5	51	52	40.5	43	50	40	48.5	27	53.5	36	46.5	53	28.5	39.5	41	20	0	48.5	51.5	25.5	39	23.5	45.5	33	51.5	28	65.5	34.5	51	1	44	48	33	30	26.5	51.5	51.5	54.5	41.5	50	57.5	38.5	50.5	30.5	35.5	36	57.5	43.5	51	25.5	25	55.5	32	35.5	27.5	57	53.5	23.5	27	54.5	49.5	48.5	39.5	29	54	49	52	43.5	46	32.5	23.5	25	39	27	54	18.5	40	64	38.5	38.5	38	55	35	49	45	54	20.5	26	55	46.5	49.5	
73.5	40.5	48.5	48.5	61	35	75.5	60	64	92.5	45	76.5	65.5	100	79	59	62	19.5	65	54	57	58.5	47.5	74.5	85	44	84	4	29.5	8	77.5	55.5	91.5	80	75	27.5	26.5	63	35.5	28.5	58.5	28	61.5	72	72.5	65	11.5	42	84	19.5	56.5	48.5	0	25	58	79.5	42	33	55.5	25	50.5	88	44	9.5	49.5	12.5	16.5	31.5	76.5	52	3	72	73	60	68.5	76	22	24	48	43	24.5	76	35	69.5	53	63.5	78	56.5	78	66	75.5	72	42	25.5	18	29	67	39	49.5	72.5	69.5	10.5	35	64.5	46	42	71.5	37.5	61.5	94.5	65	58.5	82.5	57	65	56.5	13.5	63.5	29.5	33.5	94.5	58	62.5	93.5	65	68	
76.5	31.5	51.5	51.5	64	10	78.5	63	53	79.5	22	75.5	68.5	77	56	58	65	37.5	68	53	60	43.5	34.5	77.5	72	47	87	29	32.5	33	80.5	58.5	68.5	83	52	29.5	30.5	64	21.5	28.5	61.5	27	50.5	75	59.5	68	29.5	45	63	22.5	33.5	51.5	25	0	49	62.5	45	8	56.5	30	41.5	89	23	27.5	52.5	20.5	24.5	34.5	53.5	45	28	75	76	63	71.5	79	25	1	49	34	27.5	79	22	72.5	44	48.5	79	55.5	59	51	78.5	75	45	28.5	31	4	70	28	32.5	75.5	72.5	28.5	22	67.5	31	45	48.5	40.5	50.5	77.5	42	61.5	85.5	60	62	59.5	31.5	58.5	27.5	36.5	77.5	39	49.5	78.5	68	71	
59.5	33.5	30.5	25.5	47	39	61.5	44	20	46.5	29	42.5	51.5	44	23	25	42	54.5	49	4	37	15.5	26.5	60.5	39	30	60	62	44.5	64	51.5	33.5	35.5	64	19	46.5	47.5	31	38.5	45.5	44.5	44	17.5	58	26.5	49	62.5	32	30	50.5	15.5	25.5	58	49	0	29.5	16	41	23.5	47	23.5	56	30	60.5	24.5	53.5	57.5	42.5	20.5	22	61	42	51	44	54.5	48	48	50	26	31	45.5	62	39	55.5	21	15.5	46	22.5	26	18	61.5	58	16	36.5	56	45	53	35	24.5	46.5	39.5	61.5	39	44.5	28	28	15.5	36.5	17.5	44.5	7	40.5	66.5	43	29	42.5	60.5	25.5	44.5	40.5	44.5	16	16.5	45.5	39	54	
46	47	39	39	31.5	52.5	42	27.5	23.5	25	42.5	21	38	22.5	6.5	28.5	25.5	68	27.5	33.5	30.5	29	40	43	17.5	41.5	38.5	81.5	58	77.5	30	32	14	42.5	12.5	60	61	24.5	52	59	21	57.5	26	40.5	15	27.5	76	45.5	8.5	68	29	39	79.5	62.5	29.5	0	45.5	54.5	32	60.5	37	34.5	43.5	78	38	75	71	56	9	35.5	82.5	20.5	29.5	27.5	39	26.5	65.5	63.5	39.5	44.5	63	46.5	52.5	42	34.5	24	24.5	31	9.5	21.5	48	40.5	45.5	58	69.5	58.5	35.5	48.5	38	25	10	77	52.5	15	41.5	39.5	14	50	26	23	22.5	29	45	30.5	22.5	31	74	24	58	54	23	29.5	25	24	22.5	34.5	
43.5	45.5	18.5	23.5	31	55	45.5	30	34	62.5	45	46.5	35.5	60	39	29	32	54.5	35	12	27	31.5	42.5	44.5	55	14	54	46	44.5	50	47.5	25.5	51.5	50	35	52.5	61.5	33	54.5	53.5	28.5	60	31.5	42	42.5	35	46.5	22	46	34.5	31.5	23.5	42	45	16	45.5	0	53	25.5	63	35.5	58	46	44.5	24.5	37.5	41.5	26.5	36.5	32	45	42	43	30	38.5	46	32	44	28	43	29.5	46	55	39.5	33	31.5	48	26.5	42	34	45.5	42	0	20.5	48	49	37	49	40.5	42.5	39.5	45.5	55	34.5	44	12	31.5	32.5	31.5	60.5	23	28.5	52.5	27	35	26.5	48.5	33.5	60.5	38.5	60.5	32	32.5	61.5	35	38	
84.5	23.5	55.5	45.5	72	2	86.5	69	45	71.5	14	67.5	76.5	69	48	50	67	29.5	74	45	62	35.5	26.5	85.5	64	55	85	37	24.5	39	76.5	58.5	60.5	89	44	21.5	22.5	56	13.5	20.5	69.5	19	42.5	83	51.5	74	37.5	47	55	30.5	25.5	45.5	33	8	41	54.5	53	0	48.5	22	33.5	81	15	35.5	44.5	28.5	32.5	42.5	45.5	37	36	67	76	69	79.5	73	33	9	41	26	35.5	87	14	80.5	36	40.5	71	47.5	51	43	86.5	83	53	36.5	31	4	78	20	24.5	71.5	64.5	36.5	14	69.5	23	53	40.5	36.5	42.5	69.5	34	65.5	91.5	68	54	67.5	35.5	50.5	19.5	30.5	69.5	31	41.5	70.5	64	79	
52	41	7	33	39.5	46.5	54	38.5	22.5	49	36.5	45	44	46.5	25.5	27.5	40.5	62	43.5	27.5	35.5	23	34	53	41.5	22.5	62.5	59.5	52	63.5	54	34	38	58.5	21.5	54	55	33.5	46	53	37	51.5	6	50.5	29	43.5	60	35.5	32.5	48	23	33	55.5	56.5	23.5	32	25.5	48.5	0	54.5	31	58.5	37.5	58	32	51	55	40	23	29.5	58.5	44.5	51.5	38.5	47	50.5	45.5	57.5	33.5	38.5	43	54.5	46.5	48	28.5	8	48.5	1	28.5	20.5	54	50.5	25.5	34	61.5	52.5	45.5	42.5	32	49	42	59	46.5	43	35.5	20.5	18	44	6	47	16.5	37	61	35.5	31.5	35	62	28	52	48	47	23.5	7	48	41.5	46.5	
98.5	29.5	61.5	51.5	84	20	94.5	75	51	77.5	20	73.5	90.5	75	54	56	73	20.5	80	51	68	41.5	32.5	95.5	70	69	91	21	30.5	17	82.5	64.5	66.5	95	50	22.5	13.5	62	14.5	21.5	81.5	3	48.5	93	57.5	80	28.5	53	61	40.5	31.5	51.5	25	30	47	60.5	63	22	54.5	0	39.5	87	21	30.5	50.5	37.5	33.5	48.5	51.5	43	22	73	82	75	91.5	79	43	31	47	32	45.5	99	10	94.5	42	46.5	77	53.5	57	49	100.5	93	63	50.5	27	26	88	26	30.5	77.5	70.5	29.5	10	75.5	29	67	46.5	42.5	48.5	75.5	40	71.5	97.5	78	60	73.5	26.5	56.5	10.5	36.5	75.5	37	47.5	76.5	70	87	
67	26	38	28	54.5	31.5	69	51.5	27.5	54	21.5	50	59	51.5	30.5	32.5	49.5	47	56.5	27.5	44.5	18	19	68	46.5	37.5	67.5	54.5	37	56.5	59	41	43	71.5	26.5	39	40	38.5	31	38	52	36.5	25	65.5	34	56.5	55	29.5	37.5	43	8	28	50.5	41.5	23.5	37	35.5	33.5	31	39.5	0	63.5	22.5	53	27	46	50	35	28	19.5	53.5	49.5	58.5	51.5	62	55.5	40.5	42.5	23.5	23.5	38	69.5	31.5	63	18.5	23	53.5	30	33.5	25.5	69	65.5	35.5	29	48.5	37.5	60.5	27.5	17	54	47	54	31.5	52	20.5	35.5	23	29	25	52	16.5	48	74	50.5	36.5	50	53	33	37	33	52	13.5	24	53	46.5	61.5	
19.5	73.5	59.5	65.5	37	79	26.5	46	50	21.5	69	37.5	26.5	12	33	55	48	94.5	41	60	53	55.5	66.5	25.5	29	50	4	92	84.5	96	36.5	56.5	20.5	8	39	86.5	87.5	51	78.5	85.5	39.5	84	52.5	28	41.5	41	92.5	68	30	80.5	55.5	65.5	88	89	56	34.5	58	81	58.5	87	63.5	0	70	90.5	64.5	83.5	87.5	72.5	35.5	62	91	42	39	46	29.5	38	78	90	66	71	75.5	12	79	20.5	61	50.5	36	57.5	36	48	21.5	28	58	66.5	94	85	33	75	64.5	41.5	44.5	91.5	79	45.5	68	48	40.5	76.5	52.5	19.5	49	49.5	28.5	43	49	47.5	94.5	50.5	84.5	80.5	19.5	56	51.5	20.5	49	34	
85.5	12.5	44.5	34.5	67	13	77.5	58	34	60.5	1	56.5	77.5	58	37	39	56	28.5	63	34	51	24.5	15.5	78.5	53	54	74	42	18.5	38	65.5	47.5	49.5	78	33	20.5	21.5	45	12.5	19.5	64.5	18	31.5	76	40.5	63	36.5	36	44	28.5	14.5	34.5	44	23	30	43.5	46	15	37.5	21	22.5	70	0	38.5	33.5	35.5	31.5	31.5	34.5	26	43	56	65	58	74.5	62	22	24	30	15	28.5	82	13	81.5	25	29.5	60	36.5	40	32	87.5	76	46	37.5	30	19	71	5	13.5	60.5	53.5	37.5	13	58.5	12	54	29.5	25.5	31.5	58.5	23	54.5	80.5	61	43	56.5	34.5	39.5	18.5	19.5	58.5	20	30.5	59.5	53	70	
76	43	51	51	63.5	37.5	78	62.5	66.5	95	37.5	79	68	92.5	71.5	61.5	64.5	10	67.5	56.5	59.5	59	50	77	87.5	46.5	86.5	13.5	32	17.5	80	58	84	82.5	67.5	30	17	65.5	32	31	61	27.5	64	74.5	75	67.5	2	44.5	78.5	22	49	51	9.5	27.5	60.5	78	44.5	35.5	58	30.5	53	90.5	38.5	0	52	15	19	34	69	54.5	12.5	74.5	75.5	62.5	71	78.5	24.5	26.5	50.5	45.5	27	78.5	27.5	72	55.5	64	80.5	59	74.5	66.5	78	74.5	44.5	28	20.5	31.5	69.5	41.5	48	75	72	1	27.5	67	46.5	44.5	64	40	64	93	57.5	61	85	59.5	67.5	59	4	66	20	36	93	54.5	65	94	67.5	70.5	
56	37	31	1	43.5	42.5	58	42.5	28.5	55	32.5	51	48	52.5	31.5	33.5	44.5	58	47.5	28.5	39.5	9	30	57	47.5	26.5	66.5	53.5	48	57.5	60	38	44	62.5	27.5	50	51	39.5	42	49	41	47.5	26	54.5	35	47.5	54	29.5	38.5	42	19	1	49.5	52.5	24.5	38	24.5	44.5	32	50.5	27	64.5	33.5	52	0	45	49	34	29	25.5	52.5	50.5	55.5	42.5	51	56.5	39.5	51.5	29.5	34.5	37	58.5	42.5	52	24.5	24	54.5	31	34.5	26.5	58	54.5	24.5	28	55.5	48.5	49.5	38.5	28	55	48	53	42.5	47	31.5	24.5	24	40	26	53	17.5	41	65	39.5	37.5	39	56	34	48	44	53	19.5	25	54	47.5	50.5	
69	36	44	44	56.5	30.5	71	55.5	59.5	88	34.5	72	61	89.5	68.5	54.5	57.5	25	60.5	49.5	52.5	54	43	70	80.5	39.5	79.5	16.5	25	20.5	73	51	81	75.5	64.5	15	32	58.5	23	16	54	34.5	57	67.5	68	60.5	17	37.5	75.5	15	46	44	12.5	20.5	53.5	75	37.5	28.5	51	37.5	46	83.5	35.5	15	45	0	4	27	66	47.5	15.5	67.5	68.5	55.5	64	71.5	17.5	19.5	43.5	38.5	20	71.5	29.5	65	48.5	59	73.5	52	71.5	61.5	71	67.5	37.5	21	18.5	24.5	62.5	34.5	45	68	65	16	29.5	60	41.5	37.5	61	33	57	90	54.5	54	78	52.5	60.5	52	19	59	35	29	90	51.5	58	89	60.5	63.5	
73	40	48	48	60.5	30.5	75	59.5	61.5	88	30.5	76	65	85.5	64.5	58.5	61.5	29	64.5	53.5	56.5	52	43	74	80.5	43.5	83.5	20.5	29	24.5	77	55	77	79.5	60.5	11	34	62.5	19	12	58	30.5	59	71.5	68	64.5	21	41.5	71.5	19	42	48	16.5	24.5	57.5	71	41.5	32.5	55	33.5	50	87.5	31.5	19	49	4	0	31	62	51.5	19.5	71.5	72.5	59.5	68	75.5	21.5	23.5	47.5	42.5	24	75.5	25.5	69	52.5	57	77.5	56	67.5	59.5	75	71.5	41.5	25	22.5	28.5	66.5	36.5	41	72	69	20	25.5	64	39.5	41.5	57	37	59	86	50.5	58	82	56.5	64.5	56	23	63	31	33	86	47.5	58	87	64.5	67.5	
58	35	33	33	45.5	40.5	60	44.5	46.5	73	30.5	61	50	70.5	49.5	43.5	46.5	44	49.5	38.5	41.5	37	16	59	65.5	28.5	68.5	35.5	34	39.5	62	40	62	64.5	45.5	42	49	47.5	40	43	43	45.5	44	56.5	53	49.5	36	26.5	56.5	24	27	33	31.5	34.5	42.5	56	26.5	42.5	40	48.5	35	72.5	31.5	34	34	27	31	0	47	36.5	34.5	56.5	57.5	44.5	53	60.5	21.5	33.5	32.5	32.5	19	60.5	40.5	54	37.5	42	62.5	41	52.5	44.5	60	56.5	26.5	6	37.5	38.5	51.5	36.5	18	57	54	35	40.5	49	29.5	26.5	42	6	44	71	35.5	43	67	41.5	49.5	41	38	48	46	28	71	32.5	43	72	49.5	52.5	
55	38	30	30	32.5	43.5	43	23.5	14.5	26	33.5	22	43	23.5	2.5	19.5	21.5	59	28.5	24.5	21.5	20	31	44	18.5	34.5	39.5	72.5	49	68.5	31	23	15	43.5	3.5	51	52	15.5	43	50	30	48.5	17	41.5	6	28.5	67	36.5	9.5	59	20	30	76.5	53.5	20.5	9	36.5	45.5	23	51.5	28	35.5	34.5	69	29	66	62	47	0	26.5	73.5	21.5	30.5	23.5	40	27.5	56.5	54.5	30.5	35.5	54	47.5	43.5	49	25.5	15	25.5	22	5.5	12.5	53	41.5	36.5	53	60.5	49.5	36.5	39.5	29	26	19	68	43.5	24	32.5	36.5	5	41	17	24	13.5	20	46	26.5	13.5	22	65	15	49	45	24	20.5	16	25	18.5	35.5	
63.5	29.5	36.5	26.5	51	35	65.5	50	26	52.5	25	48.5	55.5	50	29	31	48	50.5	55	26	43	16.5	22.5	64.5	45	34	66	56	40.5	60	57.5	39.5	41.5	70	25	42.5	43.5	37	34.5	41.5	48.5	40	23.5	62	32.5	55	56.5	10	36	44.5	11.5	26.5	52	45	22	35.5	32	37	29.5	43	19.5	62	26	54.5	25.5	47.5	51.5	36.5	26.5	0	55	48	57	50	58.5	54	42	46	4	27	39.5	66	35	59.5	1	21.5	52	28.5	32	24	65.5	62	32	30.5	52	41	57	31	20.5	52.5	45.5	55.5	35	50.5	24	32	21.5	32.5	23.5	50.5	15	46.5	72.5	47	35	46.5	56.5	31.5	40.5	36.5	50.5	6	22.5	51.5	45	58	
76.5	43.5	51.5	51.5	64	38	78.5	63	67	95.5	42	79.5	68.5	97	76	62	65	22.5	68	57	60	61.5	50.5	77.5	88	47	87	1	32.5	5	80.5	58.5	88.5	83	72	30.5	29.5	66	36.5	31.5	61.5	25	64.5	75	75.5	68	14.5	45	83	22.5	53.5	51.5	3	28	61	82.5	45	36	58.5	22	53.5	91	43	12.5	52.5	15.5	19.5	34.5	73.5	55	0	75	76	63	71.5	79	25	27	51	46	27.5	79	32	72.5	56	66.5	81	59.5	79	69	78.5	75	45	28.5	21	32	70	42	52.5	75.5	72.5	13.5	32	67.5	49	45	68.5	40.5	64.5	97.5	62	61.5	85.5	60	68	59.5	16.5	66.5	32.5	36.5	97.5	59	65.5	96.5	68	71	
33.5	59.5	43.5	51.5	11	65	35.5	30	36	32.5	55	28.5	25.5	30	19	41	32	80.5	7	46	37	41.5	52.5	34.5	25	34	44	76	70.5	80	37.5	40.5	21.5	40	25	72.5	73.5	37	64.5	71.5	23.5	70	38.5	32	27.5	7	76.5	52	12	64.5	41.5	51.5	72	75	42	20.5	42	67	44.5	73	49.5	42	56	74.5	50.5	67.5	71.5	56.5	21.5	48	75	0	33	30	28.5	34	62	74	52	57	59.5	36	65	29.5	47	36.5	32	43.5	22	34	35.5	32	42	50.5	78	71	27	61	50.5	32.5	30.5	75.5	65	29.5	54	32	26.5	62.5	38.5	30.5	35	33.5	42.5	27	35	31.5	78.5	36.5	70.5	66.5	30.5	42	37.5	31.5	35	28	
24.5	68.5	44.5	54.5	22	74	26.5	31	45	31.5	64	32.5	16.5	29	28	50	33	85.5	26	55	38	50.5	61.5	25.5	12	35	35	77	75.5	81	28.5	41.5	20.5	31	34	81.5	82.5	44	73.5	80.5	24.5	79	47.5	23	36.5	26	77.5	53	25	65.5	50.5	54.5	73	76	51	29.5	43	76	51.5	82	58.5	39	65	75.5	55.5	68.5	72.5	57.5	30.5	57	76	33	0	31	19.5	3	63	75	59	66	60.5	27	74	20.5	56	45.5	5	52.5	31	43	26.5	23	43	51.5	79	80	6	70	59.5	28.5	35.5	76.5	74	30.5	63	33	35.5	63.5	47.5	29.5	44	34.5	33.5	28	44	32.5	79.5	45.5	79.5	69.5	29.5	51	46.5	30.5	36	5	
31.5	61.5	31.5	41.5	19	67	33.5	0	38	44.5	57	34.5	23.5	42	21	37	2	72.5	23	42	25	43.5	54.5	32.5	37	22	42	64	62.5	68	35.5	28.5	33.5	38	27	70.5	75.5	31	66.5	71.5	16.5	72	40.5	30	29.5	23	64.5	40	28	52.5	43.5	41.5	60	63	44	27.5	30	69	38.5	75	51.5	46	58	62.5	42.5	55.5	59.5	44.5	23.5	50	63	30	31	0	26.5	34	50	62	46	59	47.5	34	67	27.5	49	38.5	36	39.5	18	36	33.5	30	30	38.5	66	67	25	63	52.5	30.5	27.5	63.5	67	22.5	56	20	28.5	50.5	40.5	42.5	37	21.5	40.5	3	33	19.5	66.5	36.5	72.5	56.5	42.5	44	39.5	43.5	5	26	
15	72	40	50	17.5	81.5	17	26.5	50.5	34	73.5	28	3	33.5	37.5	45.5	28.5	81	21.5	50.5	33.5	60	69	16	31.5	30.5	25.5	72.5	71	76.5	9	37	25	21.5	43.5	79	88	39.5	83	80	20	88.5	53	13.5	44	21.5	73	48.5	34.5	61	60	50	68.5	71.5	54.5	39	38.5	79.5	47	91.5	62	29.5	74.5	71	51	64	68	53	40	58.5	71.5	28.5	19.5	26.5	0	22.5	58.5	70.5	54.5	69.5	56	17.5	83.5	11	59.5	55	24.5	48	40.5	52.5	17	13.5	38.5	47	74.5	75.5	13.5	75.5	69	24	31	72	83.5	26	72.5	28.5	45	59	53	34	53.5	30	24	23.5	41.5	28	75	45	89	65	34	60.5	54	35	31.5	14.5	
27.5	65.5	47.5	57.5	25	71	29.5	34	42	28.5	61	29.5	19.5	26	25	47	36	86.5	29	52	41	47.5	58.5	28.5	9	38	38	80	76.5	84	31.5	44.5	17.5	34	31	78.5	79.5	43	70.5	77.5	27.5	76	44.5	26	33.5	29	80.5	56	22	68.5	47.5	57.5	76	79	48	26.5	46	73	50.5	79	55.5	38	62	78.5	56.5	71.5	75.5	60.5	27.5	54	79	34	3	34	22.5	0	66	78	58	63	63.5	30	71	23.5	53	42.5	2	49.5	28	40	29.5	26	46	54.5	82	77	9	67	56.5	31.5	36.5	79.5	71	33.5	60	36	32.5	66.5	44.5	26.5	41	37.5	36.5	31	41	35.5	82.5	42.5	76.5	72.5	26.5	48	43.5	27.5	39	8	
63.5	30.5	38.5	38.5	51	35	65.5	50	54	82.5	23	66.5	55.5	80	59	49	52	34.5	55	44	47	46.5	37.5	64.5	75	34	74	26	24.5	30	67.5	45.5	71.5	70	55	32.5	41.5	53	34.5	33.5	48.5	40	51.5	62	62.5	55	26.5	32	66	14.5	36.5	38.5	22	25	48	65.5	32	33	45.5	43	40.5	78	22	24.5	39.5	17.5	21.5	21.5	56.5	42	25	62	63	50	58.5	66	0	24	38	33	14.5	66	35	59.5	43	51.5	68	46.5	62	54	65.5	62	32	15.5	28	29	57	17	35.5	62.5	59.5	25.5	35	54.5	34	32	51.5	27.5	51.5	80.5	45	48.5	72.5	47	55	46.5	28.5	53.5	40.5	23.5	80.5	42	52.5	81.5	55	58	
75.5	32.5	50.5	50.5	63	11	77.5	62	54	80.5	23	76.5	67.5	78	57	59	64	36.5	67	54	59	44.5	35.5	76.5	73	46	86	28	31.5	32	79.5	57.5	69.5	82	53	30.5	31.5	65	22.5	29.5	60.5	28	51.5	74	60.5	67	28.5	44	64	21.5	34.5	50.5	24	1	50	63.5	44	9	57.5	31	42.5	90	24	26.5	51.5	19.5	23.5	33.5	54.5	46	27	74	75	62	70.5	78	24	0	50	35	26.5	78	23	71.5	45	49.5	80	56.5	60	52	77.5	74	44	27.5	30	5	69	29	33.5	74.5	71.5	27.5	23	66.5	32	44	49.5	39.5	51.5	78.5	43	60.5	84.5	59	63	58.5	30.5	59.5	28.5	35.5	78.5	40	50.5	79.5	67	70	
59.5	33.5	34.5	30.5	47	39	61.5	46	30	56.5	29	52.5	51.5	54	33	35	48	54.5	51	30	43	20.5	26.5	60.5	49	30	70	52	44.5	56	61.5	41.5	45.5	66	29	46.5	47.5	41	38.5	45.5	44.5	44	27.5	58	36.5	51	52.5	6	40	40.5	15.5	30.5	48	49	26	39.5	28	41	33.5	47	23.5	66	30	50.5	29.5	43.5	47.5	32.5	30.5	4	51	52	59	46	54.5	58	38	50	0	31	35.5	62	39	55.5	5	25.5	56	32.5	36	28	61.5	58	28	26.5	54	45	53	35	24.5	56.5	49.5	51.5	39	50.5	28	28	25.5	36.5	27.5	54.5	19	44.5	68.5	43	39	42.5	54.5	35.5	44.5	40.5	54.5	10	26.5	55.5	49	54	
74.5	18.5	45.5	35.5	62	24	76.5	59	35	61.5	14	57.5	66.5	59	38	40	57	39.5	64	35	52	25.5	16.5	75.5	54	45	75	47	29.5	49	66.5	48.5	50.5	79	34	31.5	32.5	46	23.5	30.5	59.5	29	32.5	73	41.5	64	47.5	37	45	35.5	15.5	35.5	43	34	31	44.5	43	26	38.5	32	23.5	71	15	45.5	34.5	38.5	42.5	32.5	35.5	27	46	57	66	59	69.5	63	33	35	31	0	30.5	77	24	70.5	26	30.5	61	37.5	41	33	76.5	73	43	26.5	41	30	68	20	14.5	61.5	54.5	46.5	24	59.5	3	43	30.5	26.5	32.5	59.5	24	55.5	81.5	58	44	57.5	45.5	40.5	29.5	25.5	59.5	21	31.5	60.5	54	69	
61	16	36	36	48.5	37.5	63	47.5	51.5	80	27.5	64	53	77.5	56.5	46.5	49.5	37	52.5	41.5	44.5	44	35	62	72.5	31.5	71.5	28.5	27	32.5	65	43	69	67.5	52.5	35	44	50.5	37	36	46	42.5	49	59.5	60	52.5	29	29.5	63.5	17	34	36	24.5	27.5	45.5	63	29.5	35.5	43	45.5	38	75.5	28.5	27	37	20	24	19	54	39.5	27.5	59.5	60.5	47.5	56	63.5	14.5	26.5	35.5	30.5	0	63.5	37.5	57	40.5	49	65.5	44	59.5	51.5	63	59.5	29.5	13	30.5	31.5	54.5	31.5	33	60	57	28	37.5	52	31.5	29.5	49	25	49	78	42.5	46	70	44.5	52.5	44	31	51	43	9	78	39.5	50	79	52.5	55.5	
7.5	79.5	47.5	57.5	25	89	14.5	34	58	31.5	81	35.5	14.5	24	45	53	36	88.5	29	58	41	67.5	76.5	13.5	39	38	8	80	78.5	84	26.5	44.5	32.5	4	51	86.5	95.5	47	90.5	87.5	27.5	96	60.5	16	51.5	29	80.5	56	42	68.5	67.5	57.5	76	79	62	46.5	46	87	54.5	99	69.5	12	82	78.5	58.5	71.5	75.5	60.5	47.5	66	79	36	27	34	17.5	30	66	78	62	77	63.5	0	91	8.5	67	62.5	32	55.5	48	60	9.5	16	46	54.5	82	83	21	83	76.5	31.5	38.5	79.5	91	33.5	80	36	52.5	66.5	60.5	31.5	61	37.5	16.5	31	49	35.5	82.5	52.5	96.5	72.5	31.5	68	61.5	32.5	39	22	
96.5	21.5	53.5	43.5	76	12	86.5	67	43	69.5	12	65.5	86.5	67	46	48	65	17.5	72	43	60	33.5	24.5	87.5	62	63	83	31	22.5	27	74.5	56.5	58.5	87	42	14.5	10.5	54	6.5	13.5	73.5	7	40.5	85	49.5	72	25.5	45	53	32.5	23.5	43.5	35	22	39	52.5	55	14	46.5	10	31.5	79	13	27.5	42.5	29.5	25.5	40.5	43.5	35	32	65	74	67	83.5	71	35	23	39	24	37.5	91	0	92.5	34	38.5	69	45.5	49	41	96.5	85	55	46.5	17	18	80	18	22.5	69.5	62.5	26.5	0	67.5	21	65	38.5	34.5	40.5	67.5	32	63.5	89.5	70	52	65.5	23.5	48.5	7.5	28.5	67.5	29	39.5	68.5	62	79	
6	73	41	51	18.5	82.5	6	27.5	51.5	23	82.5	29	8	32.5	46.5	46.5	29.5	82	22.5	51.5	34.5	61	70	5	32.5	31.5	16.5	73.5	72	77.5	20	38	34	12.5	52.5	80	89	40.5	88	81	21	97.5	54	9.5	45	22.5	74	49.5	41.5	62	69	51	69.5	72.5	55.5	42	39.5	80.5	48	94.5	63	20.5	81.5	72	52	65	69	54	49	59.5	72.5	29.5	20.5	27.5	11	23.5	59.5	71.5	55.5	70.5	57	8.5	92.5	0	60.5	56	25.5	49	45.5	53.5	8	9.5	39.5	48	75.5	76.5	14.5	76.5	72	25	32	73	92.5	27	73.5	29.5	54	60	54	25	62.5	31	15	24.5	42.5	29	76	46	92	66	25	65.5	55	24	32.5	15.5	
64.5	28.5	35.5	25.5	52	34	66.5	49	25	51.5	24	47.5	56.5	49	28	30	47	49.5	54	25	42	15.5	21.5	65.5	44	35	65	57	39.5	59	56.5	38.5	40.5	69	24	41.5	42.5	36	33.5	40.5	49.5	39	22.5	63	31.5	54	57.5	11	35	45.5	10.5	25.5	53	44	21	34.5	33	36	28.5	42	18.5	61	25	55.5	24.5	48.5	52.5	37.5	25.5	1	56	47	56	49	59.5	53	43	45	5	26	40.5	67	34	60.5	0	20.5	51	27.5	31	23	66.5	63	33	31.5	51	40	58	30	19.5	51.5	44.5	56.5	34	49.5	23	33	20.5	31.5	22.5	49.5	14	45.5	71.5	48	34	47.5	55.5	30.5	39.5	35.5	49.5	5	21.5	50.5	44	59	
60	33	15	25	47.5	38.5	58	38.5	14.5	41	28.5	37	52	38.5	17.5	19.5	36.5	54	43.5	19.5	31.5	15	26	59	33.5	30.5	54.5	67.5	44	63.5	46	28	30	58.5	13.5	46	47	25.5	38	45	45	43.5	2	56.5	21	43.5	62	31.5	24.5	54	15	25	63.5	48.5	15.5	24	31.5	40.5	8	46.5	23	50.5	29.5	64	24	59	57	42	15	21.5	66.5	36.5	45.5	38.5	55	42.5	51.5	49.5	25.5	30.5	49	62.5	38.5	56	20.5	0	40.5	7	20.5	12.5	62	56.5	31.5	42	55.5	44.5	51.5	34.5	24	41	34	63	38.5	39	27.5	28.5	10	36	2	39	8.5	35	61	41.5	23.5	37	60	20	44	40	39	15.5	1	40	33.5	50.5	
29.5	63.5	49.5	55.5	27	69	31.5	36	40	26.5	59	27.5	21.5	24	23	45	38	84.5	31	50	43	45.5	56.5	30.5	7	40	40	82	74.5	86	31.5	46.5	15.5	36	29	76.5	77.5	41	68.5	75.5	29.5	74	42.5	28	31.5	31	82.5	58	20	70.5	45.5	55.5	78	79	46	24.5	48	71	48.5	77	53.5	36	60	80.5	54.5	73.5	77.5	62.5	25.5	52	81	32	5	36	24.5	2	68	80	56	61	65.5	32	69	25.5	51	40.5	0	47.5	26	38	31.5	28	48	56.5	84	75	11	65	54.5	31.5	34.5	81.5	69	35.5	58	38	30.5	66.5	42.5	24.5	39	39.5	38.5	33	39	37.5	84.5	40.5	74.5	70.5	24.5	46	41.5	25.5	39	10	
53	40	8	32	40.5	45.5	55	39.5	21.5	48	35.5	44	45	45.5	24.5	26.5	41.5	61	44.5	26.5	36.5	22	33	54	40.5	23.5	61.5	60.5	51	64.5	53	35	37	59.5	20.5	53	54	32.5	45	52	38	50.5	5	51.5	28	44.5	61	36.5	31.5	49	22	32	56.5	55.5	22.5	31	26.5	47.5	1	53.5	30	57.5	36.5	59	31	52	56	41	22	28.5	59.5	43.5	52.5	39.5	48	49.5	46.5	56.5	32.5	37.5	44	55.5	45.5	49	27.5	7	47.5	0	27.5	19.5	55	51.5	26.5	35	62.5	51.5	46.5	41.5	31	48	41	60	45.5	44	34.5	21.5	17	43	5	46	15.5	38	62	36.5	30.5	36	63	27	51	47	46	22.5	6	47	40.5	47.5	
49.5	43.5	35.5	35.5	33	49	43.5	18	20	26.5	39	22.5	41.5	24	3	25	16	64.5	29	30	27	25.5	36.5	44.5	19	40	40	78	54.5	74	31.5	28.5	15.5	44	9	56.5	57.5	21	48.5	55.5	30.5	54	22.5	42	11.5	29	72.5	42	10	64.5	25.5	35.5	78	59	26	9.5	42	51	28.5	57	33.5	36	40	74.5	34.5	71.5	67.5	52.5	5.5	32	79	22	31	18	40.5	28	62	60	36	41	59.5	48	49	45.5	31	20.5	26	27.5	0	18	51.5	42	42	56.5	66	55	37	45	34.5	26.5	19.5	73.5	49	24.5	38	38	10.5	46.5	22.5	24.5	19	25.5	46.5	21	19	27.5	70.5	20.5	54.5	50.5	24.5	26	21.5	25.5	13	36	
57.5	35.5	27.5	27.5	45	41	55.5	36	2	38.5	31	34.5	49.5	36	15	7	34	56.5	41	22	29	17.5	28.5	56.5	31	22	52	70	46.5	66	43.5	25.5	27.5	56	11	48.5	49.5	23	40.5	47.5	42.5	46	14.5	54	18.5	41	64.5	34	22	56.5	17.5	27.5	66	51	18	21.5	34	43	20.5	49	25.5	48	32	66.5	26.5	61.5	59.5	44.5	12.5	24	69	34	43	36	52.5	40	54	52	28	33	51.5	60	41	53.5	23	12.5	38	19.5	18	0	59.5	54	34	44.5	58	47	49	37	26.5	38.5	31.5	65.5	41	36.5	30	24	7.5	38.5	14.5	36.5	11	32.5	58.5	39	21	34.5	62.5	17.5	46.5	42.5	36.5	18	13.5	37.5	31	48	
2	79	47	57	24.5	88.5	14	33.5	57.5	31	86.5	35	14	31.5	50.5	52.5	35.5	88	28.5	57.5	40.5	67	76	13	38.5	37.5	17.5	79.5	78	83.5	26	44	38	13.5	56.5	86	95	46.5	94	87	27	101.5	60	15.5	51	28.5	80	55.5	47.5	68	73	57	75.5	78.5	61.5	48	45.5	86.5	54	100.5	69	21.5	87.5	78	58	71	75	60	53	65.5	78.5	35.5	26.5	33.5	17	29.5	65.5	77.5	61.5	76.5	63	9.5	96.5	8	66.5	62	31.5	55	51.5	59.5	0	15.5	45.5	54	81.5	82.5	20.5	82.5	78	31	38	79	96.5	33	79.5	35.5	58	66	60	33	66.5	37	7	30.5	48.5	35	82	52	98	72	33	71.5	61	32	38.5	21.5	
13.5	75.5	43.5	53.5	21	85	15.5	30	54	32.5	75	31.5	10.5	30	39	49	32	84.5	25	54	37	61.5	72.5	14.5	35	34	24	76	74.5	80	22.5	40.5	26.5	20	45	82.5	91.5	43	84.5	83.5	23.5	90	56.5	0	47.5	25	76.5	52	36	64.5	61.5	53.5	72	75	58	40.5	42	83	50.5	93	65.5	28	76	74.5	54.5	67.5	71.5	56.5	41.5	62	75	32	23	30	13.5	26	62	74	58	73	59.5	16	85	9.5	63	56.5	28	51.5	42	54	15.5	0	42	50.5	78	79	17	79	70.5	27.5	34.5	75.5	85	29.5	74	32	46.5	62.5	56.5	30.5	55	33.5	22.5	27	45	31.5	78.5	48.5	90.5	68.5	30.5	62	57.5	31.5	35	18	
43.5	45.5	18.5	23.5	31	55	45.5	30	34	62.5	45	46.5	35.5	60	39	29	32	54.5	35	12	27	31.5	42.5	44.5	55	14	54	46	44.5	50	47.5	25.5	51.5	50	35	52.5	61.5	33	54.5	53.5	28.5	60	31.5	42	42.5	35	46.5	22	46	34.5	31.5	23.5	42	45	16	45.5	0	53	25.5	63	35.5	58	46	44.5	24.5	37.5	41.5	26.5	36.5	32	45	42	43	30	38.5	46	32	44	28	43	29.5	46	55	39.5	33	31.5	48	26.5	42	34	45.5	42	0	20.5	48	49	37	49	40.5	42.5	39.5	45.5	55	34.5	44	12	31.5	32.5	31.5	60.5	23	28.5	52.5	27	35	26.5	48.5	33.5	60.5	38.5	60.5	32	32.5	61.5	35	38	
52	29	27	27	39.5	38.5	54	38.5	42.5	71	36.5	55	44	76.5	55.5	37.5	40.5	38	43.5	32.5	35.5	37	22	53	63.5	22.5	62.5	29.5	28	33.5	56	34	68	58.5	51.5	36	45	41.5	44	37	37	51.5	40	50.5	51	43.5	30	20.5	62.5	18	33	27	25.5	28.5	36.5	58	20.5	36.5	34	50.5	29	66.5	37.5	28	28	21	25	6	53	30.5	28.5	50.5	51.5	38.5	47	54.5	15.5	27.5	26.5	26.5	13	54.5	46.5	48	31.5	42	56.5	35	56.5	44.5	54	50.5	20.5	0	31.5	32.5	45.5	32.5	24	51	48	29	46.5	43	29.5	20.5	48	12	40	73	41.5	37	61	35.5	43.5	35	32	42	48	22	73	36.5	41	72	43.5	46.5	
79.5	38.5	54.5	54.5	67	29	81.5	66	60	86.5	29	82.5	71.5	84	63	65	68	30.5	71	60	63	50.5	41.5	80.5	79	50	90	22	35.5	26	83.5	61.5	75.5	86	59	31.5	27.5	69	23.5	30.5	64.5	24	57.5	78	66.5	71	22.5	48	70	25.5	40.5	54.5	18	31	56	69.5	48	31	61.5	27	48.5	94	30	20.5	55.5	18.5	22.5	37.5	60.5	52	21	78	79	66	74.5	82	28	30	54	41	30.5	82	17	75.5	51	55.5	84	62.5	66	58	81.5	78	48	31.5	0	35	73	35	39.5	78.5	75.5	21.5	17	70.5	38	48	55.5	43.5	57.5	84.5	49	64.5	88.5	63	69	62.5	24.5	65.5	24.5	39.5	84.5	46	56.5	85.5	71	74	
80.5	27.5	55.5	49.5	68	6	82.5	67	49	75.5	18	71.5	72.5	73	52	54	69	33.5	72	49	64	39.5	30.5	81.5	68	51	89	33	28.5	37	80.5	62.5	64.5	87	48	25.5	26.5	60	17.5	24.5	65.5	23	46.5	79	55.5	72	33.5	49	59	26.5	29.5	49.5	29	4	45	58.5	49	4	52.5	26	37.5	85	19	31.5	48.5	24.5	28.5	38.5	49.5	41	32	71	80	67	75.5	77	29	5	45	30	31.5	83	18	76.5	40	44.5	75	51.5	55	47	82.5	79	49	32.5	35	0	74	24	28.5	75.5	68.5	32.5	18	71.5	27	49	44.5	40.5	46.5	73.5	38	65.5	89.5	64	58	63.5	35.5	54.5	23.5	34.5	73.5	35	45.5	74.5	68	75	
18.5	70.5	38.5	48.5	16	80	20.5	25	49	37.5	70	26.5	10.5	35	34	44	27	79.5	20	49	32	56.5	67.5	19.5	18	29	29	71	69.5	75	22.5	35.5	26.5	25	40	77.5	86.5	38	79.5	78.5	18.5	85	51.5	17	42.5	20	71.5	47	31	59.5	56.5	48.5	67	70	53	35.5	37	78	45.5	88	60.5	33	71	69.5	49.5	62.5	66.5	51.5	36.5	57	70	27	6	25	13.5	9	57	69	53	68	54.5	21	80	14.5	58	51.5	11	46.5	37	49	20.5	17	37	45.5	73	74	0	74	65.5	22.5	29.5	70.5	80	24.5	69	27	41.5	57.5	51.5	35.5	50	28.5	27.5	22	40	26.5	73.5	43.5	85.5	63.5	35.5	57	52.5	36.5	30	1	
80.5	17.5	49.5	39.5	68	18	82.5	63	39	65.5	6	61.5	72.5	63	42	44	61	33.5	68	39	56	29.5	20.5	81.5	58	51	79	43	23.5	43	70.5	52.5	54.5	83	38	25.5	26.5	50	17.5	24.5	65.5	23	36.5	79	45.5	68	41.5	41	49	31.5	19.5	39.5	39	28	35	48.5	49	20	42.5	26	27.5	75	5	41.5	38.5	34.5	36.5	36.5	39.5	31	42	61	70	63	75.5	67	17	29	35	20	31.5	83	18	76.5	30	34.5	65	41.5	45	37	82.5	79	49	32.5	35	24	74	0	18.5	65.5	58.5	42.5	18	63.5	17	49	34.5	30.5	36.5	63.5	28	59.5	85.5	64	48	61.5	39.5	44.5	23.5	24.5	63.5	25	35.5	64.5	58	75	
76	17	39	29	61.5	22.5	72	52.5	28.5	55	12.5	51	68	52.5	31.5	33.5	50.5	38	57.5	28.5	45.5	19	2	73	47.5	46.5	68.5	51.5	28	47.5	60	42	44	72.5	27.5	30	31	39.5	22	29	59	27.5	26	70.5	35	57.5	46	30.5	38.5	38	9	29	49.5	32.5	24.5	38	40.5	24.5	32	30.5	17	64.5	13.5	48	28	45	41	18	29	20.5	52.5	50.5	59.5	52.5	69	56.5	35.5	33.5	24.5	14.5	33	76.5	22.5	72	19.5	24	54.5	31	34.5	26.5	78	70.5	40.5	24	39.5	28.5	65.5	18.5	0	55	48	47	22.5	53	11.5	44.5	24	12	26	53	17.5	49	75	55.5	37.5	51	44	34	28	24	53	14.5	25	54	47.5	64.5	
29	64	44	54	21.5	69.5	31	30.5	40.5	32	59.5	4	21	29.5	23.5	45.5	32.5	85	25.5	50.5	37.5	46	57	30	24.5	34.5	39.5	76.5	75	80.5	33	41	21	35.5	29.5	77	78	41.5	69	76	24	74.5	43	27.5	32	25.5	77	52.5	20.5	65	46	54	72.5	75.5	46.5	25	42.5	71.5	49	77.5	54	41.5	60.5	75	55	68	72	57	26	52.5	75.5	32.5	28.5	30.5	24	31.5	62.5	74.5	56.5	61.5	60	31.5	69.5	25	51.5	41	31.5	48	26.5	38.5	31	27.5	42.5	51	78.5	75.5	22.5	65.5	55	0	35	76	69.5	30	58.5	32.5	31	63	43	30	39.5	34	38	27.5	39.5	32	79	41	75	69	30	46.5	42	31	35.5	23.5	
36	57	41	49	23.5	62.5	38	27.5	33.5	35	52.5	31	28	32.5	16.5	38.5	29.5	78	27.5	43.5	34.5	39	50	37	27.5	31.5	46.5	73.5	68	77.5	40	38	24	42.5	22.5	70	71	34.5	62	69	11	67.5	36	34.5	25	27.5	74	49.5	18.5	62	39	49	69.5	72.5	39.5	10	39.5	64.5	42	70.5	47	44.5	53.5	72	48	65	69	54	19	45.5	72.5	30.5	35.5	27.5	31	36.5	59.5	71.5	49.5	54.5	57	38.5	62.5	32	44.5	34	34.5	41	19.5	31.5	38	34.5	39.5	48	75.5	68.5	29.5	58.5	48	35	0	73	62.5	5	51.5	29.5	24	60	36	33	32.5	31	45	24.5	32.5	29	76	34	68	64	33	39.5	35	34	32.5	30.5	
77	44	52	52	64.5	36.5	79	63.5	67.5	94	36.5	80	69	91.5	70.5	62.5	65.5	9	68.5	57.5	60.5	58	49	78	86.5	47.5	87.5	14.5	33	18.5	81	59	83	83.5	66.5	31	16	66.5	31	32	62	26.5	65	75.5	74	68.5	1	45.5	77.5	23	48	52	10.5	28.5	61.5	77	45.5	36.5	59	29.5	54	91.5	37.5	1	53	16	20	35	68	55.5	13.5	75.5	76.5	63.5	72	79.5	25.5	27.5	51.5	46.5	28	79.5	26.5	73	56.5	63	81.5	60	73.5	65.5	79	75.5	45.5	29	21.5	32.5	70.5	42.5	47	76	73	0	26.5	68	45.5	45.5	63	41	65	92	56.5	62	86	60.5	68.5	60	3	67	19	37	92	53.5	64	93	68.5	71.5	
96.5	21.5	53.5	43.5	76	12	86.5	67	43	69.5	12	65.5	86.5	67	46	48	65	17.5	72	43	60	33.5	24.5	87.5	62	63	83	31	22.5	27	74.5	56.5	58.5	87	42	14.5	10.5	54	6.5	13.5	73.5	7	40.5	85	49.5	72	25.5	45	53	32.5	23.5	43.5	35	22	39	52.5	55	14	46.5	10	31.5	79	13	27.5	42.5	29.5	25.5	40.5	43.5	35	32	65	74	67	83.5	71	35	23	39	24	37.5	91	0	92.5	34	38.5	69	45.5	49	41	96.5	85	55	46.5	17	18	80	18	22.5	69.5	62.5	26.5	0	67.5	21	65	38.5	34.5	40.5	67.5	32	63.5	89.5	70	52	65.5	23.5	48.5	7.5	28.5	67.5	29	39.5	68.5	62	79	
31	62	36	46	18.5	67.5	33	22.5	38.5	40	57.5	34	23	37.5	21.5	41.5	24.5	77	22.5	46.5	29.5	44	55	32	32.5	26.5	41.5	68.5	67	72.5	35	33	29	37.5	27.5	75	76	35.5	67	74	6	72.5	41	29.5	30	22.5	69	44.5	23.5	57	44	46	64.5	67.5	44.5	15	34.5	69.5	43	75.5	52	45.5	58.5	67	47	60	64	49	24	50.5	67.5	29.5	30.5	22.5	26	33.5	54.5	66.5	50.5	59.5	52	33.5	67.5	27	49.5	39	35.5	44	24.5	36.5	33	29.5	34.5	43	70.5	71.5	24.5	63.5	53	30	5	68	67.5	0	56.5	24.5	29	55	41	38	37.5	26	40	19.5	37.5	24	71	39	73	61	38	44.5	40	39	27.5	25.5	
77.5	15.5	42.5	32.5	65	21	75.5	56	32	58.5	11	54.5	69.5	56	35	37	54	36.5	61	32	49	22.5	13.5	76.5	51	48	72	50	26.5	46	63.5	45.5	47.5	76	31	28.5	29.5	43	20.5	27.5	62.5	26	29.5	74	38.5	61	44.5	34	42	36.5	12.5	32.5	46	31	28	41.5	44	23	35.5	29	20.5	68	12	46.5	31.5	41.5	39.5	29.5	32.5	24	49	54	63	56	72.5	60	34	32	28	3	31.5	80	21	73.5	23	27.5	58	34.5	38	30	79.5	74	44	29.5	38	27	69	17	11.5	58.5	51.5	45.5	21	56.5	0	46	27.5	23.5	29.5	56.5	21	52.5	78.5	59	41	54.5	42.5	37.5	26.5	22.5	56.5	18	28.5	57.5	51	68	
33.5	45.5	13.5	23.5	21	55	35.5	20	22	52.5	55	36.5	25.5	60	39	17	22	54.5	25	24	17	33.5	42.5	34.5	45	2	44	46	44.5	50	37.5	15.5	51.5	40	35	52.5	61.5	23	60.5	53.5	18.5	70	26.5	32	32.5	25	46.5	22	44	34.5	41.5	23.5	42	45	28	39.5	12	53	20.5	67	35.5	48	54	44.5	24.5	37.5	41.5	26.5	36.5	32	45	32	33	20	28.5	36	32	44	28	43	29.5	36	65	29.5	33	28.5	38	21.5	38	24	35.5	32	12	20.5	48	49	27	49	44.5	32.5	29.5	45.5	65	24.5	46	0	31.5	32.5	26.5	54.5	35	18.5	42.5	17	25	16.5	48.5	23.5	64.5	38.5	54.5	38	27.5	53.5	25	28	
60	33	25	25	37.5	38.5	48	28.5	9.5	31	28.5	27	48	28.5	7.5	14.5	26.5	54	33.5	19.5	21.5	15	26	49	23.5	29.5	44.5	67.5	44	63.5	36	18	20	48.5	3.5	46	47	15.5	38	45	35	43.5	12	46.5	11	33.5	62	31.5	14.5	54	15	25	71.5	48.5	15.5	14	31.5	40.5	18	46.5	23	40.5	29.5	64	24	61	57	42	5	21.5	68.5	26.5	35.5	28.5	45	32.5	51.5	49.5	25.5	30.5	49	52.5	38.5	54	20.5	10	30.5	17	10.5	7.5	58	46.5	31.5	48	55.5	44.5	41.5	34.5	24	31	24	63	38.5	29	27.5	31.5	0	36	12	29	8.5	25	51	31.5	13.5	27	60	10	44	40	29	15.5	11	30	23.5	40.5	
64	29	39	39	51.5	34.5	66	50.5	40.5	67	24.5	63	56	64.5	43.5	45.5	52.5	50	55.5	40.5	47.5	31	10	65	59.5	34.5	74.5	41.5	40	45.5	68	46	56	70.5	39.5	42	43	51.5	34	41	49	39.5	38	62.5	47	55.5	42	32.5	50.5	30	21	39	37.5	40.5	36.5	50	32.5	36.5	44	42.5	29	76.5	25.5	40	40	33	37	6	41	32.5	40.5	62.5	63.5	50.5	59	66.5	27.5	39.5	36.5	26.5	25	66.5	34.5	60	31.5	36	66.5	43	46.5	38.5	66	62.5	32.5	12	43.5	40.5	57.5	30.5	12	63	60	41	34.5	55	23.5	32.5	36	0	38	65	29.5	49	73	47.5	49.5	47	44	46	40	34	65	26.5	37	66	55.5	58.5	
58	35	13	27	45.5	40.5	60	40.5	16.5	43	30.5	39	50	40.5	19.5	21.5	38.5	56	45.5	21.5	33.5	17	28	59	35.5	28.5	56.5	65.5	46	65.5	48	30	32	60.5	15.5	48	49	27.5	40	47	43	45.5	0	56.5	23	45.5	64	33.5	26.5	54	17	27	61.5	50.5	17.5	26	31.5	42.5	6	48.5	25	52.5	31.5	64	26	57	59	44	17	23.5	64.5	38.5	47.5	40.5	53	44.5	51.5	51.5	27.5	32.5	49	60.5	40.5	54	22.5	2	42.5	5	22.5	14.5	60	56.5	31.5	40	57.5	46.5	51.5	36.5	26	43	36	65	40.5	41	29.5	26.5	12	38	0	41	10.5	37	63	41.5	25.5	39	62	22	46	42	41	17.5	1	42	35.5	52.5	
31	62	54	54	41.5	67.5	19	42.5	38.5	2	57.5	26	33	7.5	21.5	43.5	40.5	83	37.5	48.5	45.5	44	55	20	17.5	56.5	23.5	96.5	73	92.5	25	47	9	27.5	27.5	75	76	39.5	67	74	44	72.5	41	30.5	30	37.5	91	60.5	18.5	83	44	54	94.5	77.5	44.5	23	60.5	69.5	47	75.5	52	19.5	58.5	93	53	90	86	71	24	50.5	97.5	30.5	29.5	42.5	34	26.5	80.5	78.5	54.5	59.5	78	31.5	67.5	25	49.5	39	24.5	46	24.5	36.5	33	30.5	60.5	73	84.5	73.5	35.5	63.5	53	30	33	92	67.5	38	56.5	54.5	29	65	41	0	37.5	44	30	45.5	37.5	46	89	39	73	69	0	44.5	40	1	37.5	34.5	
66.5	26.5	23.5	18.5	46	32	56.5	37	13	39.5	22	35.5	56.5	37	16	18	35	47.5	42	11	30	8.5	19.5	57.5	32	33	53	61	37.5	57	44.5	26.5	28.5	57	12	39.5	40.5	24	31.5	38.5	43.5	37	10.5	55	19.5	42	55.5	25	23	47.5	8.5	18.5	65	42	7	22.5	23	34	16.5	40	16.5	49	23	57.5	17.5	54.5	50.5	35.5	13.5	15	62	35	44	37	53.5	41	45	43	19	24	42.5	61	32	62.5	14	8.5	39	15.5	19	11	66.5	55	23	41.5	49	38	50	28	17.5	39.5	32.5	56.5	32	37.5	21	35	8.5	29.5	10.5	37.5	0	33.5	59.5	40	22	35.5	53.5	18.5	37.5	33.5	37.5	9	9.5	38.5	32	49	
35	58	30	40	22.5	63.5	37	21.5	34.5	46	53.5	38	27	43.5	22.5	35.5	23.5	71	26.5	40.5	23.5	40	51	36	38.5	20.5	45.5	62.5	61	66.5	39	27	35	41.5	23.5	69	72	29.5	63	70	20	68.5	37	33.5	14	26.5	63	38.5	29.5	51	40	40	58.5	61.5	40.5	29	28.5	65.5	37	71.5	48	49.5	54.5	61	41	54	58	43	20	46.5	61.5	33.5	34.5	21.5	30	37.5	48.5	60.5	44.5	55.5	46	37.5	63.5	31	45.5	35	39.5	38	25.5	32.5	37	33.5	28.5	37	64.5	65.5	28.5	59.5	49	34	31	62	63.5	26	52.5	18.5	25	49	37	44	33.5	0	44	18.5	31.5	2	65	35	69	55	44	40.5	36	45	26.5	29.5	
9	84	54	64	31.5	89.5	21	40.5	60.5	32	79.5	42	21	24.5	43.5	59.5	42.5	95	35.5	64.5	47.5	66	77	20	39.5	44.5	24.5	86.5	85	90.5	33	51	31	20.5	49.5	93	98	53.5	89	94	34	94.5	63	22.5	52	35.5	87	62.5	40.5	75	66	64	82.5	85.5	66.5	45	52.5	91.5	61	97.5	74	28.5	80.5	85	65	78	82	67	46	72.5	85.5	42.5	33.5	40.5	24	36.5	72.5	84.5	68.5	81.5	70	16.5	89.5	15	71.5	61	38.5	62	46.5	58.5	7	22.5	52.5	61	88.5	89.5	27.5	85.5	75	38	45	86	89.5	40	78.5	42.5	51	73	63	30	59.5	44	0	37.5	55.5	42	89	59	95	79	30	66.5	62	31	45.5	28.5	
28.5	60.5	28.5	38.5	16	70	30.5	3	39	47.5	60	31.5	20.5	45	24	34	5	69.5	20	39	22	46.5	57.5	29.5	40	19	39	61	59.5	65	32.5	25.5	36.5	35	30	67.5	76.5	28	69.5	68.5	13.5	75	41.5	27	32.5	20	61.5	37	31	49.5	46.5	38.5	57	60	43	30.5	27	68	35.5	78	50.5	43	61	59.5	39.5	52.5	56.5	41.5	26.5	47	60	27	28	3	23.5	31	47	59	43	58	44.5	31	70	24.5	48	41.5	33	36.5	21	39	30.5	27	27	35.5	63	64	22	64	55.5	27.5	24.5	60.5	70	19.5	59	17	31.5	47.5	41.5	45.5	40	18.5	37.5	0	30	16.5	63.5	33.5	75.5	53.5	45.5	47	42.5	46.5	8	23	
46.5	46.5	36.5	38.5	34	52	48.5	33	23	39.5	42	35.5	38.5	37	16	28	35	67.5	38	33	8	28.5	39.5	47.5	32	27	53	69	57.5	73	44.5	31.5	28.5	53	10	59.5	60.5	2	51.5	58.5	31.5	57	25.5	45	19.5	38	69.5	45	23	57.5	28.5	38.5	65	62	29	22.5	35	54	31.5	60	36.5	49	43	67.5	37.5	60.5	64.5	49.5	13.5	35	68	35	44	33	41.5	41	55	63	39	44	52.5	49	52	42.5	34	23.5	39	30.5	19	21	48.5	45	35	43.5	69	58	40	48	37.5	39.5	32.5	68.5	52	37.5	41	25	13.5	49.5	25.5	37.5	22	31.5	55.5	30	0	29.5	71.5	23.5	57.5	53.5	37.5	29	24.5	38.5	32	41	
33	60	28	38	20.5	65.5	35	19.5	36.5	48	55.5	36	25	45.5	24.5	33.5	21.5	69	24.5	38.5	21.5	42	53	34	40.5	18.5	43.5	60.5	59	64.5	37	25	37	39.5	25.5	67	74	27.5	65	68	18	70.5	39	31.5	16	24.5	61	36.5	31.5	49	42	38	56.5	59.5	42.5	31	26.5	67.5	35	73.5	50	47.5	56.5	59	39	52	56	41	22	46.5	59.5	31.5	32.5	19.5	28	35.5	46.5	58.5	42.5	57.5	44	35.5	65.5	29	47.5	37	37.5	36	27.5	34.5	35	31.5	26.5	35	62.5	63.5	26.5	61.5	51	32	29	60	65.5	24	54.5	16.5	27	47	39	46	35.5	2	42	16.5	29.5	0	63	33	71	53	46	42.5	38	47	24.5	27.5	
80	43	55	55	67.5	33.5	82	66.5	64.5	91	33.5	83	72	88.5	67.5	65.5	68.5	6	71.5	60.5	63.5	55	46	81	83.5	50.5	90.5	17.5	36	21.5	84	62	80	86.5	63.5	34	13	69.5	28	35	65	23.5	62	78.5	71	71.5	2	48.5	74.5	26	45	55	13.5	31.5	60.5	74	48.5	35.5	62	26.5	53	94.5	34.5	4	56	19	23	38	65	56.5	16.5	78.5	79.5	66.5	75	82.5	28.5	30.5	54.5	45.5	31	82.5	23.5	76	55.5	60	84.5	63	70.5	62.5	82	78.5	48.5	32	24.5	35.5	73.5	39.5	44	79	76	3	23.5	71	42.5	48.5	60	44	62	89	53.5	65	89	63.5	71.5	63	0	70	16	40	89	50.5	61	90	71.5	74.5	
50	43	35	35	37.5	48.5	52	36.5	19.5	41	38.5	37	42	38.5	17.5	24.5	36.5	64	41.5	29.5	31.5	25	36	51	33.5	25.5	54.5	67.5	54	71.5	46	8	30	56.5	13.5	56	57	25.5	48	55	35	53.5	22	48.5	21	41.5	68	41.5	24.5	56	25	35	63.5	58.5	25.5	24	33.5	50.5	28	56.5	33	50.5	39.5	66	34	59	63	48	15	31.5	66.5	36.5	45.5	36.5	45	42.5	53.5	59.5	35.5	40.5	51	52.5	48.5	46	30.5	20	40.5	27	20.5	17.5	52	48.5	33.5	42	65.5	54.5	43.5	44.5	34	41	34	67	48.5	39	37.5	23.5	10	46	22	39	18.5	35	59	33.5	23.5	33	70	0	54	50	39	25.5	21	40	33.5	44.5	
96	27	59	49	81.5	17.5	92	72.5	48.5	75	17.5	71	88	72.5	51.5	53.5	70.5	10	77.5	48.5	65.5	39	30	93	67.5	66.5	88.5	31.5	28	27.5	80	62	64	92.5	47.5	20	3	59.5	12	19	79	7.5	46	90.5	55	77.5	18	50.5	58.5	38	29	49	29.5	27.5	44.5	58	60.5	19.5	52	10.5	37	84.5	18.5	20	48	35	31	46	49	40.5	32.5	70.5	79.5	72.5	89	76.5	40.5	28.5	44.5	29.5	43	96.5	7.5	92	39.5	44	74.5	51	54.5	46.5	98	90.5	60.5	48	24.5	23.5	85.5	23.5	28	75	68	19	7.5	73	26.5	64.5	44	40	46	73	37.5	69	95	75.5	57.5	71	16	54	0	34	73	34.5	45	74	67.5	84.5	
70	7	45	45	57.5	28.5	72	56.5	44.5	71	18.5	67	62	68.5	47.5	49.5	58.5	44	61.5	44.5	53.5	35	26	71	63.5	40.5	80.5	37.5	34	41.5	74	52	60	76.5	43.5	36	37	55.5	28	35	55	33.5	42	68.5	51	61.5	38	38.5	54.5	26	25	45	33.5	36.5	40.5	54	38.5	30.5	48	36.5	33	80.5	19.5	36	44	29	33	28	45	36.5	36.5	66.5	69.5	56.5	65	72.5	23.5	35.5	40.5	25.5	9	72.5	28.5	66	35.5	40	70.5	47	50.5	42.5	72	68.5	38.5	22	39.5	34.5	63.5	24.5	24	69	64	37	28.5	61	22.5	38.5	40	34	42	69	33.5	55	79	53.5	53.5	53	40	50	34	0	69	30.5	41	70	61.5	64.5	
31	62	54	54	41.5	67.5	19	42.5	38.5	2	57.5	26	33	7.5	21.5	43.5	40.5	83	37.5	48.5	45.5	44	55	20	17.5	56.5	23.5	96.5	73	92.5	25	47	9	27.5	27.5	75	76	39.5	67	74	44	72.5	41	30.5	30	37.5	91	60.5	18.5	83	44	54	94.5	77.5	44.5	23	60.5	69.5	47	75.5	52	19.5	58.5	93	53	90	86	71	24	50.5	97.5	30.5	29.5	42.5	34	26.5	80.5	78.5	54.5	59.5	78	31.5	67.5	25	49.5	39	24.5	46	24.5	36.5	33	30.5	60.5	73	84.5	73.5	35.5	63.5	53	30	33	92	67.5	38	56.5	54.5	29	65	41	0	37.5	44	30	45.5	37.5	46	89	39	73	69	0	44.5	40	1	37.5	34.5	
69.5	23.5	30.5	20.5	53	29	63.5	44	20	46.5	19	42.5	61.5	44	23	25	42	44.5	49	20	37	10.5	16.5	64.5	39	40	60	58	34.5	54	51.5	33.5	35.5	64	19	36.5	37.5	31	28.5	35.5	50.5	34	17.5	62	26.5	49	52.5	16	30	44.5	5.5	20.5	58	39	16	29.5	32	31	23.5	37	13.5	56	20	54.5	19.5	51.5	47.5	32.5	20.5	6	59	42	51	44	60.5	48	42	40	10	21	39.5	68	29	65.5	5	15.5	46	22.5	26	18	71.5	62	32	36.5	46	35	57	25	14.5	46.5	39.5	53.5	29	44.5	18	38	15.5	26.5	17.5	44.5	9	40.5	66.5	47	29	42.5	50.5	25.5	34.5	30.5	44.5	0	16.5	45.5	39	56	
59	34	14	26	46.5	39.5	59	39.5	15.5	42	29.5	38	51	39.5	18.5	20.5	37.5	55	44.5	20.5	32.5	16	27	60	34.5	29.5	55.5	66.5	45	64.5	47	29	31	59.5	14.5	47	48	26.5	39	46	44	44.5	1	57.5	22	44.5	63	32.5	25.5	55	16	26	62.5	49.5	16.5	25	32.5	41.5	7	47.5	24	51.5	30.5	65	25	58	58	43	16	22.5	65.5	37.5	46.5	39.5	54	43.5	52.5	50.5	26.5	31.5	50	61.5	39.5	55	21.5	1	41.5	6	21.5	13.5	61	57.5	32.5	41	56.5	45.5	52.5	35.5	25	42	35	64	39.5	40	28.5	27.5	11	37	1	40	9.5	36	62	42.5	24.5	38	61	21	45	41	40	16.5	0	41	34.5	51.5	
30	63	55	55	42.5	68.5	18	43.5	39.5	1	58.5	27	32	8.5	22.5	44.5	41.5	84	38.5	49.5	46.5	45	56	19	18.5	55.5	24.5	97.5	74	93.5	26	48	10	28.5	28.5	76	77	40.5	68	75	45	73.5	42	31.5	31	38.5	92	61.5	19.5	84	45	55	93.5	78.5	45.5	24	61.5	70.5	48	76.5	53	20.5	59.5	94	54	89	87	72	25	51.5	96.5	31.5	30.5	43.5	35	27.5	81.5	79.5	55.5	60.5	79	32.5	68.5	24	50.5	40	25.5	47	25.5	37.5	32	31.5	61.5	72	85.5	74.5	36.5	64.5	54	31	34	93	68.5	39	57.5	53.5	30	66	42	1	38.5	45	31	46.5	38.5	47	90	40	74	70	1	45.5	41	0	38.5	35.5	
36.5	56.5	36.5	46.5	24	62	38.5	5	33	39.5	52	35.5	28.5	37	16	38	3	77.5	28	43	30	38.5	49.5	37.5	32	27	47	69	67.5	73	40.5	33.5	28.5	43	22	69.5	70.5	34	61.5	68.5	21.5	67	35.5	35	24.5	28	69.5	45	23	57.5	38.5	46.5	65	68	39	22.5	35	64	41.5	70	46.5	49	53	67.5	47.5	60.5	64.5	49.5	18.5	45	68	35	36	5	31.5	39	55	67	49	54	52.5	39	62	32.5	44	33.5	39	40.5	13	31	38.5	35	35	43.5	71	68	30	58	47.5	35.5	32.5	68.5	62	27.5	51	25	23.5	55.5	35.5	37.5	32	26.5	45.5	8	32	24.5	71.5	33.5	67.5	61.5	37.5	39	34.5	38.5	0	31	
19.5	71.5	39.5	49.5	17	79	21.5	26	50	36.5	69	27.5	11.5	34	33	45	28	80.5	21	50	33	55.5	66.5	20.5	17	30	30	72	70.5	76	23.5	36.5	25.5	26	39	78.5	87.5	39	78.5	79.5	19.5	84	52.5	18	41.5	21	72.5	48	30	60.5	55.5	49.5	68	71	54	34.5	38	79	46.5	87	61.5	34	70	70.5	50.5	63.5	67.5	52.5	35.5	58	71	28	5	26	14.5	8	58	70	54	69	55.5	22	79	15.5	59	50.5	10	47.5	36	48	21.5	18	38	46.5	74	75	1	75	64.5	23.5	30.5	71.5	79	25.5	68	28	40.5	58.5	52.5	34.5	49	29.5	28.5	23	41	27.5	74.5	44.5	84.5	64.5	34.5	56	51.5	35.5	31	0	
