Number of items: 125
Horizon: 12
Time limit: 1000
Load limit: 7500
Initial item inventory level
65
90
122
15
19
67
46
71
50
153
75
117
17
171
68
174
45
231
38
180
90
60
54
77
210
184
136
65
39
51
231
75
40
37
90
48
86
80
48
90
154
144
144
148
32
264
39
98
126
138
94
58
105
64
190
178
186
108
24
17
120
19
138
48
192
92
294
162
198
94
178
62
114
291
201
92
78
201
120
246
82
94
231
152
92
72
20
68
93
82
86
59
67
138
36
94
136
144
192
72
65
162
84
35
141
105
70
156
95
39
195
71
162
22
71
76
33
285
72
62
72
30
138
64
12
Maximum inventory capacity per item
130
180
183
30
38
134
92
142
100
204
100
156
34
228
136
232
90
308
57
240
180
80
81
154
280
276
204
130
78
102
308
150
80
74
135
96
129
120
96
135
231
192
192
222
64
352
78
147
189
184
141
116
140
96
285
267
279
144
36
34
180
38
207
96
256
184
392
243
297
188
267
124
171
388
268
138
156
268
160
328
123
141
308
228
184
108
40
136
186
123
172
118
134
207
72
141
204
192
256
108
130
243
126
70
188
140
140
234
190
78
260
142
216
44
142
114
66
380
108
124
108
60
184
128
24
Reserve storage replenishment rate per item and per period
390	0	0	390	0	0	390	0	0	390	0	0	
540	0	0	540	0	0	540	0	0	540	0	0	
366	0	0	366	0	0	366	0	0	366	0	0	
90	0	0	90	0	0	90	0	0	90	0	0	
114	0	0	114	0	0	114	0	0	114	0	0	
402	0	0	402	0	0	402	0	0	402	0	0	
276	0	0	276	0	0	276	0	0	276	0	0	
426	0	0	426	0	0	426	0	0	426	0	0	
300	0	0	300	0	0	300	0	0	300	0	0	
306	0	0	306	0	0	306	0	0	306	0	0	
150	0	0	150	0	0	150	0	0	150	0	0	
234	0	0	234	0	0	234	0	0	234	0	0	
102	0	0	102	0	0	102	0	0	102	0	0	
342	0	0	342	0	0	342	0	0	342	0	0	
408	0	0	408	0	0	408	0	0	408	0	0	
348	0	0	348	0	0	348	0	0	348	0	0	
270	0	0	270	0	0	270	0	0	270	0	0	
462	0	0	462	0	0	462	0	0	462	0	0	
114	0	0	114	0	0	114	0	0	114	0	0	
360	0	0	360	0	0	360	0	0	360	0	0	
540	0	0	540	0	0	540	0	0	540	0	0	
120	0	0	120	0	0	120	0	0	120	0	0	
162	0	0	162	0	0	162	0	0	162	0	0	
462	0	0	462	0	0	462	0	0	462	0	0	
420	0	0	420	0	0	420	0	0	420	0	0	
552	0	0	552	0	0	552	0	0	552	0	0	
408	0	0	408	0	0	408	0	0	408	0	0	
390	0	0	390	0	0	390	0	0	390	0	0	
234	0	0	234	0	0	234	0	0	234	0	0	
306	0	0	306	0	0	306	0	0	306	0	0	
462	0	0	462	0	0	462	0	0	462	0	0	
450	0	0	450	0	0	450	0	0	450	0	0	
240	0	0	240	0	0	240	0	0	240	0	0	
222	0	0	222	0	0	222	0	0	222	0	0	
270	0	0	270	0	0	270	0	0	270	0	0	
288	0	0	288	0	0	288	0	0	288	0	0	
258	0	0	258	0	0	258	0	0	258	0	0	
240	0	0	240	0	0	240	0	0	240	0	0	
288	0	0	288	0	0	288	0	0	288	0	0	
270	0	0	270	0	0	270	0	0	270	0	0	
462	0	0	462	0	0	462	0	0	462	0	0	
288	0	0	288	0	0	288	0	0	288	0	0	
288	0	0	288	0	0	288	0	0	288	0	0	
444	0	0	444	0	0	444	0	0	444	0	0	
192	0	0	192	0	0	192	0	0	192	0	0	
528	0	0	528	0	0	528	0	0	528	0	0	
234	0	0	234	0	0	234	0	0	234	0	0	
294	0	0	294	0	0	294	0	0	294	0	0	
378	0	0	378	0	0	378	0	0	378	0	0	
276	0	0	276	0	0	276	0	0	276	0	0	
282	0	0	282	0	0	282	0	0	282	0	0	
348	0	0	348	0	0	348	0	0	348	0	0	
210	0	0	210	0	0	210	0	0	210	0	0	
192	0	0	192	0	0	192	0	0	192	0	0	
570	0	0	570	0	0	570	0	0	570	0	0	
534	0	0	534	0	0	534	0	0	534	0	0	
558	0	0	558	0	0	558	0	0	558	0	0	
216	0	0	216	0	0	216	0	0	216	0	0	
72	0	0	72	0	0	72	0	0	72	0	0	
102	0	0	102	0	0	102	0	0	102	0	0	
360	0	0	360	0	0	360	0	0	360	0	0	
114	0	0	114	0	0	114	0	0	114	0	0	
414	0	0	414	0	0	414	0	0	414	0	0	
288	0	0	288	0	0	288	0	0	288	0	0	
384	0	0	384	0	0	384	0	0	384	0	0	
552	0	0	552	0	0	552	0	0	552	0	0	
588	0	0	588	0	0	588	0	0	588	0	0	
486	0	0	486	0	0	486	0	0	486	0	0	
594	0	0	594	0	0	594	0	0	594	0	0	
564	0	0	564	0	0	564	0	0	564	0	0	
534	0	0	534	0	0	534	0	0	534	0	0	
372	0	0	372	0	0	372	0	0	372	0	0	
342	0	0	342	0	0	342	0	0	342	0	0	
582	0	0	582	0	0	582	0	0	582	0	0	
402	0	0	402	0	0	402	0	0	402	0	0	
276	0	0	276	0	0	276	0	0	276	0	0	
468	0	0	468	0	0	468	0	0	468	0	0	
402	0	0	402	0	0	402	0	0	402	0	0	
240	0	0	240	0	0	240	0	0	240	0	0	
492	0	0	492	0	0	492	0	0	492	0	0	
246	0	0	246	0	0	246	0	0	246	0	0	
282	0	0	282	0	0	282	0	0	282	0	0	
462	0	0	462	0	0	462	0	0	462	0	0	
456	0	0	456	0	0	456	0	0	456	0	0	
552	0	0	552	0	0	552	0	0	552	0	0	
216	0	0	216	0	0	216	0	0	216	0	0	
120	0	0	120	0	0	120	0	0	120	0	0	
408	0	0	408	0	0	408	0	0	408	0	0	
558	0	0	558	0	0	558	0	0	558	0	0	
246	0	0	246	0	0	246	0	0	246	0	0	
516	0	0	516	0	0	516	0	0	516	0	0	
354	0	0	354	0	0	354	0	0	354	0	0	
402	0	0	402	0	0	402	0	0	402	0	0	
414	0	0	414	0	0	414	0	0	414	0	0	
216	0	0	216	0	0	216	0	0	216	0	0	
282	0	0	282	0	0	282	0	0	282	0	0	
408	0	0	408	0	0	408	0	0	408	0	0	
288	0	0	288	0	0	288	0	0	288	0	0	
384	0	0	384	0	0	384	0	0	384	0	0	
216	0	0	216	0	0	216	0	0	216	0	0	
390	0	0	390	0	0	390	0	0	390	0	0	
486	0	0	486	0	0	486	0	0	486	0	0	
252	0	0	252	0	0	252	0	0	252	0	0	
210	0	0	210	0	0	210	0	0	210	0	0	
282	0	0	282	0	0	282	0	0	282	0	0	
210	0	0	210	0	0	210	0	0	210	0	0	
420	0	0	420	0	0	420	0	0	420	0	0	
468	0	0	468	0	0	468	0	0	468	0	0	
570	0	0	570	0	0	570	0	0	570	0	0	
234	0	0	234	0	0	234	0	0	234	0	0	
390	0	0	390	0	0	390	0	0	390	0	0	
426	0	0	426	0	0	426	0	0	426	0	0	
324	0	0	324	0	0	324	0	0	324	0	0	
132	0	0	132	0	0	132	0	0	132	0	0	
426	0	0	426	0	0	426	0	0	426	0	0	
228	0	0	228	0	0	228	0	0	228	0	0	
198	0	0	198	0	0	198	0	0	198	0	0	
570	0	0	570	0	0	570	0	0	570	0	0	
216	0	0	216	0	0	216	0	0	216	0	0	
372	0	0	372	0	0	372	0	0	372	0	0	
216	0	0	216	0	0	216	0	0	216	0	0	
180	0	0	180	0	0	180	0	0	180	0	0	
276	0	0	276	0	0	276	0	0	276	0	0	
384	0	0	384	0	0	384	0	0	384	0	0	
72	0	0	72	0	0	72	0	0	72	0	0	
Forward storage demand rate per item and per period
65	89	84	104	22	75	85	125	56	58	11	52	
90	78	106	46	85	87	129	137	111	127	140	101	
61	58	26	90	25	52	47	57	71	13	40	76	
15	12	19	17	24	16	26	11	11	23	12	14	
19	18	16	14	16	15	4	5	25	16	2	23	
67	86	119	94	81	124	44	84	72	19	82	89	
46	40	54	50	28	29	52	50	16	33	30	57	
71	65	70	13	70	128	81	26	28	29	67	66	
50	70	37	59	55	57	32	39	47	78	19	49	
51	55	64	66	49	24	58	66	52	46	48	28	
25	13	17	40	44	28	28	15	11	21	8	26	
39	10	16	18	39	36	36	37	30	47	33	35	
17	16	29	19	16	15	22	16	18	17	10	30	
57	74	42	70	83	8	68	77	65	34	101	80	
68	41	81	43	60	85	100	86	88	61	99	32	
58	7	33	47	107	95	48	27	67	105	39	38	
45	29	15	48	33	29	70	22	39	38	53	50	
77	75	73	99	60	72	49	48	106	106	80	48	
19	27	25	17	16	6	24	27	23	14	22	34	
60	55	113	30	71	98	40	76	77	37	58	60	
90	55	105	135	90	109	119	113	174	91	121	17	
20	14	24	29	29	24	20	24	14	17	26	39	
27	37	16	31	38	19	26	43	35	26	18	11	
77	96	125	68	92	40	73	50	109	35	57	30	
70	50	68	84	58	71	39	48	83	64	57	49	
92	26	101	31	150	111	102	5	46	78	110	96	
68	15	28	46	107	96	104	8	47	69	77	68	
65	73	66	96	111	8	56	62	68	63	107	27	
39	59	36	45	21	10	56	36	31	40	42	34	
51	57	54	68	10	72	5	14	35	18	46	49	
77	42	48	108	147	110	82	16	124	45	82	94	
75	117	65	84	80	120	49	93	72	89	38	102	
40	35	28	42	37	25	28	37	40	46	34	40	
37	49	27	21	17	48	30	69	22	53	49	46	
45	74	30	44	42	68	28	41	49	53	39	80	
48	37	52	47	73	58	36	10	66	25	33	75	
43	30	65	55	52	56	48	24	56	33	31	59	
40	51	36	23	40	27	62	34	42	46	24	13	
48	15	27	45	52	47	47	18	47	21	32	20	
45	37	34	70	84	42	29	53	82	45	62	29	
77	58	54	34	84	79	89	70	67	39	83	36	
48	44	55	45	38	29	16	43	50	37	42	44	
48	81	59	75	47	49	68	60	38	21	57	55	
74	15	97	60	105	82	60	136	111	134	65	105	
32	33	35	42	49	42	13	59	35	25	36	19	
88	83	65	64	42	151	60	114	115	153	134	91	
39	39	50	62	17	50	32	11	50	32	44	24	
49	64	80	68	37	5	46	25	56	49	78	37	
63	105	72	61	89	57	85	117	64	60	21	64	
46	13	68	72	45	53	55	44	31	89	71	84	
47	37	53	50	27	31	56	43	55	39	34	58	
58	70	71	55	65	47	61	36	36	79	64	62	
35	57	61	58	9	49	60	46	30	36	33	31	
32	29	34	39	30	53	24	16	38	28	33	30	
95	104	109	158	135	115	42	65	175	116	84	114	
89	87	81	86	91	117	136	74	96	25	46	119	
93	100	107	59	40	120	128	147	145	147	142	126	
36	17	35	10	35	42	54	46	55	30	63	26	
12	15	19	11	19	10	11	11	10	14	12	3	
17	27	26	11	5	25	8	19	2	11	4	16	
60	52	46	41	36	52	70	112	94	92	41	34	
19	13	20	6	19	9	23	16	4	23	31	34	
69	90	73	71	95	75	106	61	17	69	68	20	
48	11	29	49	30	27	68	24	42	25	65	53	
64	103	78	49	55	86	20	95	73	58	88	98	
92	25	59	61	90	76	45	18	119	114	25	109	
98	132	124	56	124	133	76	132	120	119	84	112	
81	130	53	77	92	114	51	62	49	55	58	67	
99	114	18	115	115	101	120	67	63	85	90	75	
94	121	99	99	50	127	43	145	88	90	83	79	
89	74	107	86	92	90	84	133	128	126	51	86	
62	103	71	100	61	39	77	72	61	45	52	51	
57	98	34	12	34	59	47	85	27	71	73	102	
97	17	57	141	122	74	183	94	18	57	97	72	
67	8	38	128	73	58	129	57	49	65	87	66	
46	36	77	14	36	37	60	65	47	57	25	54	
78	12	78	42	122	80	84	54	82	56	101	61	
67	75	33	95	22	42	38	69	110	61	43	42	
40	47	33	27	46	45	35	21	24	30	33	30	
82	47	45	95	25	92	91	129	87	57	59	32	
41	20	44	77	41	26	53	54	39	59	29	46	
47	65	25	90	38	45	40	46	34	42	66	42	
77	104	65	83	94	98	49	107	68	116	45	55	
76	95	56	97	87	9	93	20	64	56	107	36	
92	78	108	71	90	46	48	70	100	103	78	71	
36	69	62	58	34	37	31	34	36	14	46	38	
20	10	31	4	6	16	18	16	23	24	13	10	
68	69	103	64	60	92	24	6	58	94	104	107	
93	130	53	113	91	166	69	70	67	123	64	130	
41	59	62	64	5	59	41	27	12	67	16	69	
86	87	113	40	142	100	75	96	99	77	59	54	
59	97	30	49	66	65	46	48	42	72	64	28	
67	54	36	75	27	52	66	72	131	76	46	38	
69	42	66	83	17	60	70	106	40	53	123	58	
36	47	33	36	38	28	10	8	4	51	48	47	
47	60	48	12	62	50	71	45	57	42	44	47	
68	117	72	82	84	60	121	92	56	121	69	8	
48	32	76	54	25	72	22	78	41	33	24	33	
64	84	88	59	57	6	39	7	79	118	60	58	
36	58	57	14	41	61	44	46	31	61	64	48	
65	88	73	55	31	79	40	51	35	59	34	3	
81	45	87	85	57	102	49	27	79	81	65	138	
42	74	73	26	59	73	67	39	22	52	62	22	
35	18	13	9	24	20	40	57	35	34	34	39	
47	67	8	49	81	79	48	37	59	34	30	43	
35	52	38	25	12	53	43	52	39	36	34	46	
70	73	83	95	26	47	106	83	76	78	41	42	
78	64	21	86	122	136	93	78	87	31	77	44	
95	54	140	70	125	113	81	33	86	129	147	28	
39	42	46	58	42	64	56	41	41	34	22	28	
65	27	37	81	62	22	71	86	46	78	93	106	
71	103	46	80	57	96	73	37	106	7	93	75	
54	79	83	29	51	54	34	85	36	84	10	106	
22	35	24	29	31	0	38	33	24	23	26	20	
71	112	78	93	41	80	74	115	54	28	128	66	
38	66	49	62	60	30	6	30	32	10	36	19	
33	37	22	28	10	25	29	32	58	5	38	6	
95	88	63	112	26	73	77	104	89	43	88	83	
36	29	22	39	49	48	26	13	25	43	63	36	
62	72	35	81	65	112	69	105	119	95	54	29	
36	30	55	25	16	49	55	12	27	16	17	22	
30	31	49	32	12	19	17	9	31	7	14	37	
46	40	26	16	64	47	55	77	79	51	58	39	
64	46	41	35	38	54	21	114	72	90	44	65	
12	13	21	9	11	17	9	11	22	5	3	18	
Distance matrix
0	34	25.5	69	71.5	68.5	80	28	5.5	63.5	33	78.5	43.5	26	13	68.5	30	73.5	83	41	75.5	46	68	40	34.5	98.5	32	43.5	32	84	55.5	27	37.5	45	56	88	22.5	48.5	76.5	73.5	37	34.5	72.5	74.5	35	84	56	56	33.5	15.5	51	72	82	90	39.5	81	50	73.5	30.5	55	22	23	36	24.5	67.5	21	79	45	91	13.5	17	70	44.5	44	65	74	71.5	70.5	89.5	52.5	8	22.5	6	8.5	78	73	71.5	43	72.5	55.5	43	44.5	39	85	20	44.5	17	65.5	16	82	55.5	71.5	12	85.5	66.5	30	29.5	85.5	53.5	33	82	52.5	87	31.5	31	18.5	40.5	30.5	61	99	47.5	62.5	15.5	32.5	41	68.5	
34	0	24.5	43	45.5	42.5	54	42	34.5	37.5	27	52.5	17.5	60	47	42.5	24	47.5	53	35	49.5	30	42	34	51.5	72.5	54	17.5	26	58	29.5	11	26.5	19	30	62	31.5	22.5	50.5	47.5	11	51.5	46.5	48.5	1	58	30	30	22.5	24.5	25	46	54	64	18.5	55	34	47.5	55.5	29	56	17	40	13.5	41.5	35	53	19	65	42.5	31	44	18.5	42	39	48	39.5	40.5	63.5	26.5	32	41.5	40	27.5	52	47	45.5	9	46.5	29.5	17	18.5	43	51	34	41.5	21	39.5	20	56	29.5	45.5	46	55.5	40.5	24	38.5	55.5	27.5	47	56	26.5	61	20.5	45	27.5	14.5	55.5	35	67	21.5	36.5	24.5	11.5	45	42.5	
25.5	24.5	0	59.5	62	59	70.5	33.5	26	54	23.5	69	34	43.5	38.5	59	20.5	64	61.5	31.5	64	36.5	58.5	30.5	35	81	37.5	34	22.5	74.5	46	17.5	28	35.5	46.5	78.5	23	39	67	64	27.5	35	63	65	25.5	74.5	46.5	46.5	24	16	41.5	62.5	62.5	80.5	30	71.5	34.5	56	39	45.5	47.5	13.5	31.5	15	58	26.5	69.5	35.5	81.5	34	22.5	60.5	35	25.5	55.5	64.5	48	49	80	43	23.5	33	31.5	19	68.5	63.5	62	33.5	63	46	33.5	35	30.5	59.5	25.5	19	12.5	56	11.5	72.5	46	62	37.5	64	53	20.5	30	64	44	36.5	72.5	43	77.5	22	36.5	19	31	39	51.5	75.5	38	53	16	23	28.5	59	
69	43	59.5	0	30.5	27.5	39	73	69.5	37.5	62	37.5	37.5	75	82	27.5	59	32.5	14	60	25.5	55	27	61	66.5	37.5	69	27.5	61	43	39.5	46	61.5	34	45	43	66.5	32.5	29.5	32.5	36	66.5	31.5	33.5	44	37	25	25	57.5	59.5	20	3	13	41	53.5	40	51	27.5	70.5	24	79	52	65	48.5	33.5	70	38	44	40	77.5	66	31	38.5	57	36	33	29.5	30.5	36.5	46.5	67	76.5	75	62.5	37	4	29.5	52	31.5	29.5	42	38.5	62	16	69	56.5	56	29.5	55	39	45.5	30.5	81	20.5	34.5	59	71.5	20.5	37.5	68	41	26.5	34	55.5	70	62.5	44.5	70.5	30	32	51.5	26.5	59.5	46.5	60	27.5	
71.5	45.5	62	30.5	0	15	16.5	79.5	72	50	64.5	15	40	97.5	84.5	3	61.5	20	40.5	72.5	42	67.5	19.5	71.5	89	35	91.5	30	63.5	20.5	42	48.5	64	36.5	57.5	24.5	69	35	33	30	38.5	89	19	21	46.5	25.5	27.5	27.5	60	62	22.5	33.5	41.5	26.5	56	17.5	71.5	50	93	26.5	93.5	54.5	77.5	51	44	72.5	20.5	46.5	27.5	80	68.5	41.5	41	79.5	46.5	25.5	52	53	18	49	69.5	79	77.5	65	14.5	34.5	38	54.5	19	32	44.5	41	80.5	38.5	71.5	79	58.5	32	57.5	23.5	52	18	83.5	38	53	61.5	76	38	40	84.5	18.5	29	28.5	58	82.5	65	47	93	32.5	29.5	54	29	62	49	82.5	15	
68.5	42.5	59	27.5	15	0	23.5	76.5	69	47	61.5	22	37	90.5	81.5	12	58.5	5	33.5	69.5	39	64.5	16.5	68.5	82	38	84.5	27	60.5	27.5	39	45.5	61	33.5	54.5	31.5	66	32	30	27	35.5	82	4	6	43.5	27.5	24.5	24.5	57	59	19.5	30.5	34.5	33.5	53	24.5	66.5	43	86	23.5	90.5	51.5	74.5	48	41	69.5	22.5	43.5	34.5	77	65.5	38.5	38	72.5	43.5	22.5	45	46	33	46	66.5	76	74.5	62	21.5	31.5	35	51.5	4	29	41.5	38	77.5	31.5	68.5	72	55.5	29	54.5	25.5	49	3	80.5	31	50	58.5	73	31	37	81.5	25.5	26	30.5	55	79.5	62	44	86	29.5	32.5	51	26	59	46	75.5	0	
80	54	70.5	39	16.5	23.5	0	88	80.5	56.5	73	18.5	48.5	94	93	13.5	70	28.5	37	79	44.5	74	28	80	85.5	26.5	88	38.5	72	4	50.5	57	72.5	45	64	8	77.5	43.5	41.5	38.5	47	85.5	27.5	29.5	55	34	36	36	68.5	70.5	31	42	38	10	64.5	1	70	46.5	89.5	35	98	63	84	59.5	52.5	81	29	55	11	88.5	77	50	49.5	76	55	34	48.5	49.5	30.5	57.5	78	87.5	86	73.5	2	43	46.5	63	27.5	40.5	53	49.5	81	35	80	75.5	67	40.5	66	32	60.5	26.5	92	34.5	53.5	70	84.5	34.5	48.5	87	2	37.5	33	66.5	89	73.5	55.5	89.5	41	19	62.5	37.5	70.5	57.5	79	23.5	
28	42	33.5	73	79.5	76.5	88	0	28.5	53.5	39	86.5	51.5	26	39	76.5	38	81.5	59	31	61.5	36	76	32	17.5	78.5	20	51.5	40	88	61.5	35	39.5	53	46	84	30.5	56.5	70.5	73.5	45	17.5	80.5	82.5	43	78	64	64	41.5	23.5	59	70	60	82	47.5	89	32	53.5	21.5	63	30	31	26	32.5	59.5	7	83	53	81	36.5	11	62	52.5	18	57	78	45.5	46.5	77.5	54.5	26	29.5	34	21.5	86	69	65.5	49	80.5	63.5	51	52.5	23	57	8	22.5	25	71.5	24	80	51.5	79.5	40	61.5	50.5	38	27.5	61.5	61.5	5	90	60.5	75	39.5	3	26.5	48.5	21.5	69	73	49.5	70.5	23.5	40.5	21	76.5	
5.5	34.5	26	69.5	72	69	80.5	28.5	0	64	33.5	79	44	31.5	18.5	69	30.5	74	81.5	41.5	76	46.5	68.5	40.5	35	99	32.5	44	32.5	84.5	56	27.5	38	45.5	56.5	88.5	23	49	77	74	37.5	35	73	75	35.5	84.5	56.5	56.5	34	16	51.5	72.5	82.5	90.5	40	81.5	50.5	74	25	55.5	27.5	23.5	36.5	25	68	21.5	79.5	45.5	91.5	8	17.5	70.5	45	40.5	65.5	74.5	68	69	90	53	8.5	23	11.5	9	78.5	73.5	72	43.5	73	56	43.5	45	39.5	79.5	20.5	45	17.5	66	16.5	82.5	56	72	17.5	84	67	30.5	30	84	54	33.5	82.5	53	87.5	32	31.5	19	41	25	61.5	95.5	48	63	16	33	41.5	69	
63.5	37.5	54	37.5	50	47	56.5	53.5	64	0	48.5	57	32	55.5	68.5	47	51.5	48	23.5	40.5	26	35.5	46.5	41.5	47	43	49.5	20	49.5	52.5	8	40.5	44	28.5	25.5	48.5	59	15	35	38	30.5	47	49	47	38.5	42.5	34.5	34.5	48	54	29.5	34.5	24.5	46.5	42	55.5	31.5	18	51	33.5	59.5	46.5	45.5	43	24	60.5	47.5	36.5	45.5	68	60.5	26.5	33	37.5	21.5	42.5	8	7	42	29	61.5	59	69.5	57	56.5	33.5	30	38.5	49	34	36.5	33	42.5	21.5	61.5	37	50.5	36	49.5	44.5	26	50	69.5	26	3	51.5	52	26	10	48.5	54.5	31	39.5	50	50.5	57	39	51	35.5	37.5	34	39	54	41	40.5	47	
33	27	23.5	62	64.5	61.5	73	39	33.5	48.5	0	71.5	36.5	41	46	61.5	3	66.5	54	8	56.5	31	61	7	32.5	73.5	35	36.5	1	77	48.5	20	30.5	38	41	79	30.5	41.5	65.5	66.5	30	32.5	65.5	67.5	28	73	49	49	26.5	23.5	44	65	55	77	32.5	74	27	48.5	36.5	48	45	10	31	17.5	54.5	34	72	38	76	41.5	30	57	37.5	23	52	67	40.5	41.5	72.5	45.5	31	40.5	39	26.5	71	64	60.5	36	65.5	48.5	36	37.5	28	52	33	22.5	20	58.5	19	75	46.5	64.5	45	56.5	45.5	3	37.5	56.5	46.5	34	75	45.5	70	24.5	36	26.5	33.5	36.5	54	68	40.5	55.5	23.5	25.5	26	61.5	
78.5	52.5	69	37.5	15	22	18.5	86.5	79	57	71.5	0	47	100.5	91.5	12	68.5	27	43.5	79.5	49	74.5	26.5	78.5	92	20	94.5	37	70.5	22.5	49	55.5	71	43.5	64.5	26.5	76	42	40	37	45.5	92	26	28	53.5	32.5	34.5	34.5	67	69	29.5	40.5	44.5	28.5	63	19.5	76.5	53	96	33.5	100.5	61.5	84.5	58	51	79.5	27.5	53.5	29.5	87	75.5	48.5	48	82.5	53.5	32.5	55	56	33	56	76.5	86	84.5	72	16.5	41.5	45	61.5	26	39	51.5	48	87.5	41.5	78.5	82	65.5	39	64.5	30.5	59	25	90.5	41	60	68.5	83	41	47	91.5	20.5	36	35.5	65	89.5	72	54	96	39.5	27.5	61	36	69	56	85.5	22	
43.5	17.5	34	37.5	40	37	48.5	51.5	44	32	36.5	47	0	65.5	56.5	37	33.5	42	43.5	44.5	44	39.5	36.5	43.5	57	63	59.5	12	35.5	52.5	24	20.5	36	13.5	29.5	56.5	41	17	45	42	10.5	57	41	43	18.5	52.5	24.5	24.5	32	34	19.5	40.5	44.5	58.5	28	49.5	41.5	38	61	23.5	65.5	26.5	49.5	23	36	44.5	47.5	18.5	59.5	52	40.5	38.5	1	47.5	33.5	42.5	30	31	58	9	41.5	51	49.5	37	46.5	41.5	40	26.5	41	24	16.5	1	52.5	41.5	43.5	47	30.5	34	29.5	50.5	12	40	55.5	46	35	33.5	48	46	22	56.5	50.5	21	55.5	30	54.5	37	19	61	29.5	57.5	26	31	34	21	50.5	37	
26	60	43.5	75	97.5	90.5	94	26	31.5	55.5	41	100.5	65.5	0	13	94.5	44	85.5	61	33	63.5	38	86	34	14.5	80.5	12	69.5	42	90	63.5	53	41.5	69	48	86	36.5	70.5	72.5	75.5	63	14.5	86.5	84.5	59	80	78	78	45.5	41.5	77	72	62	84	49.5	93	34	55.5	8.5	79	4	49	28	50.5	61.5	33	85	59	83	25.5	37	64	64.5	20	59	80	47.5	48.5	79.5	56.5	34	26.5	20	34.5	96	71	67.5	51	86.5	73.5	61	64.5	25	59	34	24.5	43	73.5	42	82	53.5	87.5	14	63.5	52.5	44	29.5	63.5	65.5	21	92	76.5	77	47.5	23	40.5	58.5	8.5	73	75	51.5	76.5	41.5	56.5	23	90.5	
13	47	38.5	82	84.5	81.5	93	39	18.5	68.5	46	91.5	56.5	13	0	81.5	43	86.5	74	46	76.5	51	81	47	27.5	93.5	25	56.5	45	97	68.5	40	50.5	58	61	99	35.5	61.5	85.5	86.5	50	27.5	85.5	87.5	48	93	69	69	46.5	28.5	64	85	75	97	52.5	94	47	68.5	21.5	68	9	36	41	37.5	74.5	34	92	58	96	26.5	30	77	57.5	33	72	87	60.5	61.5	92.5	65.5	21	35.5	7	21.5	91	84	80.5	56	85.5	68.5	56	57.5	38	72	33	37.5	30	78.5	29	95	66.5	84.5	1	76.5	65.5	43	42.5	76.5	66.5	34	95	65.5	90	44.5	36	31.5	53.5	21.5	74	88	60.5	75.5	28.5	45.5	36	81.5	
68.5	42.5	59	27.5	3	12	13.5	76.5	69	47	61.5	12	37	94.5	81.5	0	58.5	17	41.5	69.5	39	64.5	16.5	68.5	88	32	90.5	27	60.5	17.5	39	45.5	61	33.5	54.5	21.5	66	32	30	27	35.5	88	16	18	43.5	22.5	24.5	24.5	57	59	19.5	30.5	40.5	23.5	53	14.5	68.5	47	94	23.5	90.5	51.5	74.5	48	41	69.5	17.5	43.5	24.5	77	65.5	38.5	38	82.5	43.5	22.5	55	54	21	46	66.5	76	74.5	62	11.5	31.5	35	51.5	16	29	41.5	38	77.5	41.5	68.5	78	55.5	29	54.5	20.5	49	15	80.5	39	50	58.5	73	39	37	81.5	15.5	26	25.5	55	79.5	62	44	94	29.5	32.5	51	26	59	46	79.5	12	
30	24	20.5	59	61.5	58.5	70	38	30.5	51.5	3	68.5	33.5	44	43	58.5	0	63.5	57	11	59.5	34	58	10	35.5	76.5	38	33.5	2	74	45.5	17	27.5	35	44	78	27.5	38.5	66.5	63.5	27	35.5	62.5	64.5	25	74	46	46	23.5	20.5	41	62	58	80	29.5	71	30	51.5	39.5	45	48	7	34	14.5	57.5	31	69	35	79	38.5	27	60	34.5	26	55	64	43.5	44.5	75.5	42.5	28	37.5	36	23.5	68	63	61.5	33	62.5	45.5	33	34.5	31	55	30	25.5	17	55.5	16	72	45.5	61.5	42	59.5	48.5	0	34.5	59.5	43.5	37	72	42.5	73	21.5	39	23.5	30.5	39.5	51	71	37.5	52.5	20.5	22.5	29	58.5	
73.5	47.5	64	32.5	20	5	28.5	81.5	74	48	66.5	27	42	85.5	86.5	17	63.5	0	28.5	70.5	36	65.5	21.5	71.5	77	33	79.5	32	65.5	32.5	44	50.5	66	38.5	55.5	36.5	71	37	35	32	40.5	77	1	1	48.5	32.5	29.5	29.5	62	64	24.5	35.5	29.5	36.5	58	29.5	61.5	38	81	28.5	89.5	56.5	75.5	53	44	74.5	27.5	48.5	35.5	82	70.5	41.5	43	67.5	46.5	27.5	40	41	32	51	71.5	81	79.5	67	26.5	36.5	40	56.5	1	34	46.5	43	72.5	26.5	73.5	67	60.5	34	59.5	30.5	54	2	85.5	26	45	63.5	78	26	42	78.5	30.5	31	29.5	60	80.5	67	49	81	34.5	27.5	56	31	64	51	70.5	5	
83	53	61.5	14	40.5	33.5	37	59	81.5	23.5	54	43.5	43.5	61	74	41.5	57	28.5	0	46	11.5	41	29	47	52.5	23.5	55	41.5	55	33	31.5	60	49.5	42	31	29	64.5	38.5	15.5	18.5	50	52.5	29.5	27.5	52	23	31	31	53.5	71.5	34	11	1	27	47.5	36	37	13.5	56.5	32	65	64	51	62.5	19.5	66	28	42	26	73.5	70	17	42.5	43	22	23	15.5	16.5	22.5	34.5	79	64.5	81	76.5	39	10	15.5	44	29.5	31.5	44	42.5	48	2	67	42.5	70	21.5	69	25	31.5	30.5	75	6.5	20.5	57	57.5	6.5	33.5	54	35	34.5	20	55.5	56	68.5	46.5	56.5	26	18	39.5	24.5	71.5	54.5	46	33.5	
41	35	31.5	60	72.5	69.5	79	31	41.5	40.5	8	79.5	44.5	33	46	69.5	11	70.5	46	0	48.5	23	69	1	24.5	65.5	27	44.5	9	75	48.5	28	26.5	46	33	71	36.5	49.5	57.5	60.5	38	24.5	71.5	69.5	36	65	57	57	30.5	31.5	52	57	47	69	34.5	78	19	40.5	28.5	56	37	18	23	25.5	46.5	38	70	44	68	45.5	38	49	45.5	15	44	65	32.5	33.5	64.5	41.5	39	36.5	47	34.5	79	56	52.5	36	71.5	56.5	44	45.5	20	44	39	14.5	28	58.5	27	67	38.5	72.5	47	48.5	37.5	11	29.5	48.5	50.5	26	77	53.5	62	32.5	28	34.5	41.5	28.5	58	60	36.5	61.5	31.5	33.5	18	69.5	
75.5	49.5	64	25.5	42	39	44.5	61.5	76	26	56.5	49	44	63.5	76.5	39	59.5	36	11.5	48.5	0	43.5	36.5	49.5	55	31	57.5	34	57.5	40.5	34	52.5	52	40.5	33.5	36.5	67	39	23	26	42.5	55	37	35	50.5	30.5	31.5	31.5	56	66	26.5	22.5	12.5	34.5	50	43.5	39.5	16	59	30.5	67.5	58.5	53.5	55	22	68.5	35.5	44.5	33.5	76	72.5	19.5	45	45.5	24.5	30.5	18	19	30	37	73.5	67	81.5	69	46.5	21.5	4	46.5	37	34	46.5	45	50.5	9.5	69.5	45	62.5	10	61.5	32.5	34	38	77.5	14	23	59.5	60	14	36	56.5	42.5	33	27.5	58	58.5	69	49	59	28.5	25.5	42	13	66	53	48.5	39	
46	30	36.5	55	67.5	64.5	74	36	46.5	35.5	31	74.5	39.5	38	51	64.5	34	65.5	41	23	43.5	0	64	24	29.5	60.5	32	39.5	32	70	43.5	19	26.5	41	28	66	41.5	44.5	52.5	55.5	33	29.5	66.5	64.5	31	60	52	52	30.5	36.5	47	52	42	64	29.5	73	4	35.5	33.5	51	42	29	28	25.5	41.5	43	65	39	63	50.5	43	44	40.5	20	39	60	27.5	28.5	59.5	36.5	44	41.5	52	39.5	74	51	47.5	31	66.5	51.5	39	40.5	25	39	44	19.5	33	53.5	32	62	33.5	67.5	52	43.5	32.5	34	34.5	43.5	45.5	31	72	48.5	57	32.5	33	39.5	36.5	33.5	53	55	31.5	56.5	36.5	28.5	23	64.5	
68	42	58.5	27	19.5	16.5	28	76	68.5	46.5	61	26.5	36.5	86	81	16.5	58	21.5	29	69	36.5	64	0	68	77.5	38.5	80	26.5	60	32	38.5	45	60.5	33	54	36	65.5	31.5	29.5	26.5	35	77.5	20.5	22.5	43	32	24	24	56.5	58.5	19	30	30	38	52.5	29	62	38.5	81.5	23	90	51	74	47.5	40.5	69	27	43	39	76.5	65	38	37.5	68	43	6	40.5	41.5	37.5	45.5	66	75.5	74	61.5	26	31	34.5	51	20.5	28.5	41	37.5	73	27	68	67.5	55	28.5	54	30	48.5	19.5	80	26.5	45.5	58	72.5	26.5	36.5	79	30	25.5	35	54.5	79	61.5	43.5	81.5	29	33	50.5	25.5	58.5	45.5	71	16.5	
40	34	30.5	61	71.5	68.5	80	32	40.5	41.5	7	78.5	43.5	34	47	68.5	10	71.5	47	1	49.5	24	68	0	25.5	66.5	28	43.5	8	76	49.5	27	27.5	45	34	72	37.5	48.5	58.5	61.5	37	25.5	72.5	70.5	35	66	56	56	31.5	30.5	51	58	48	70	35.5	79	20	41.5	29.5	55	38	17	24	24.5	47.5	39	71	45	69	46.5	37	50	44.5	16	45	66	33.5	34.5	65.5	42.5	38	37.5	46	33.5	78	57	53.5	37	72.5	55.5	43	44.5	21	45	40	15.5	27	59.5	26	68	39.5	71.5	48	49.5	38.5	10	30.5	49.5	51.5	27	78	52.5	63	31.5	29	33.5	40.5	29.5	59	61	37.5	62.5	30.5	32.5	19	68.5	
34.5	51.5	35	66.5	89	82	85.5	17.5	35	47	32.5	92	57	14.5	27.5	88	35.5	77	52.5	24.5	55	29.5	77.5	25.5	0	72	8.5	63	33.5	81.5	55	46.5	33	60.5	39.5	77.5	28	62	64	67	56.5	0	78	76	50.5	71.5	69.5	69.5	37	35	70.5	63.5	53.5	75.5	41	84.5	25.5	47	10	70.5	18.5	42.5	19.5	44	53	24.5	76.5	50.5	74.5	27	28.5	55.5	56	11.5	50.5	71.5	39	40	71	48	32.5	12	34.5	26	87.5	62.5	59	42.5	78	65	52.5	56	16.5	50.5	25.5	16	36.5	65	35.5	73.5	45	79	28.5	55	44	35.5	21	55	57	12.5	83.5	68	68.5	39	14.5	32	50	10	64.5	66.5	43	68	35	48	14.5	82	
98.5	72.5	81	37.5	35	38	26.5	78.5	99	43	73.5	20	63	80.5	93.5	32	76.5	33	23.5	65.5	31	60.5	38.5	66.5	72	0	74.5	57	74.5	22.5	51	75.5	69	61.5	50.5	18.5	84	58	30	33	65.5	72	34	32	71.5	22.5	50.5	50.5	73	89	49.5	34.5	24.5	16.5	67	25.5	56.5	33	76	51.5	84.5	81.5	70.5	78	39	85.5	27.5	61.5	15.5	93	89.5	36.5	62	62.5	41.5	32.5	35	36	17	54	96.5	84	100.5	92	28.5	33.5	35	63.5	34	51	63.5	62	67.5	21.5	86.5	62	85.5	41	84.5	24.5	51	35	94.5	21	40	76.5	77	21	53	73.5	24.5	54	19.5	75	75.5	88	66	76	45.5	7.5	59	44	89	74	65.5	38	
32	54	37.5	69	91.5	84.5	88	20	32.5	49.5	35	94.5	59.5	12	25	90.5	38	79.5	55	27	57.5	32	80	28	8.5	74.5	0	65.5	36	84	57.5	49	35.5	63	42	80	30.5	64.5	66.5	69.5	59	8.5	80.5	78.5	53	74	72	72	39.5	37.5	73	66	56	78	43.5	87	28	49.5	7.5	73	16	45	22	46.5	55.5	27	79	53	77	24.5	31	58	58.5	14	53	74	41.5	42.5	73.5	50.5	24	20.5	32	30.5	90	65	61.5	45	80.5	67.5	55	58.5	19	53	28	18.5	39	67.5	38	76	47.5	81.5	26	57.5	46.5	38	23.5	57.5	59.5	15	86	70.5	71	41.5	17	34.5	52.5	7.5	67	69	45.5	70.5	37.5	50.5	17	84.5	
43.5	17.5	34	27.5	30	27	38.5	51.5	44	20	36.5	37	12	69.5	56.5	27	33.5	32	41.5	44.5	34	39.5	26.5	43.5	63	57	65.5	0	35.5	42.5	12	20.5	36	8.5	29.5	46.5	41	5	35	32	10.5	63	31	33	18.5	42.5	14.5	14.5	32	34	9.5	30.5	40.5	48.5	28	39.5	43.5	32	69	13.5	65.5	26.5	49.5	23	26	44.5	37.5	18.5	49.5	52	40.5	28.5	13	57.5	23.5	32.5	28	27	48	21	41.5	51	49.5	37	36.5	31.5	30	26.5	31	14	16.5	13	52.5	41.5	43.5	53	30.5	24	29.5	40.5	24	30	55.5	44	23	33.5	48	44	10	56.5	40.5	11	45.5	30	54.5	37	19	69	19.5	57.5	26	21	34	21	54.5	27	
32	26	22.5	61	63.5	60.5	72	40	32.5	49.5	1	70.5	35.5	42	45	60.5	2	65.5	55	9	57.5	32	60	8	33.5	74.5	36	35.5	0	76	47.5	19	29.5	37	42	80	29.5	40.5	66.5	65.5	29	33.5	64.5	66.5	27	74	48	48	25.5	22.5	43	64	56	78	31.5	73	28	49.5	37.5	47	46	9	32	16.5	55.5	33	71	37	77	40.5	29	58	36.5	24	53	66	41.5	42.5	73.5	44.5	30	39.5	38	25.5	70	65	61.5	35	64.5	47.5	35	36.5	29	53	32	23.5	19	57.5	18	74	47.5	63.5	44	57.5	46.5	2	36.5	57.5	45.5	35	74	44.5	71	23.5	37	25.5	32.5	37.5	53	69	39.5	54.5	22.5	24.5	27	60.5	
84	58	74.5	43	20.5	27.5	4	88	84.5	52.5	77	22.5	52.5	90	97	17.5	74	32.5	33	75	40.5	70	32	76	81.5	22.5	84	42.5	76	0	54.5	61	76.5	49	60	4	81.5	47.5	39.5	42.5	51	81.5	31.5	33.5	59	32	40	40	72.5	74.5	35	44	34	6	68.5	3	66	42.5	85.5	39	94	67	80	63.5	48.5	85	33	59	7	92.5	81	46	53.5	72	51	38	44.5	45.5	26.5	61.5	82	91.5	90	77.5	6	43	44.5	67	31.5	44.5	57	53.5	77	31	84	71.5	71	44.5	70	34	60.5	30.5	96	30.5	49.5	74	86.5	30.5	52.5	83	2	41.5	29	70.5	85	77.5	59.5	85.5	45	15	66.5	41.5	74.5	61.5	75	27.5	
55.5	29.5	46	39.5	42	39	50.5	61.5	56	8	48.5	49	24	63.5	68.5	39	45.5	44	31.5	48.5	34	43.5	38.5	49.5	55	51	57.5	12	47.5	54.5	0	32.5	48	20.5	33.5	56.5	53	7	43	44	22.5	55	43	45	30.5	50.5	26.5	26.5	44	46	21.5	42.5	32.5	54.5	40	51.5	39.5	26	59	25.5	67.5	38.5	53.5	35	32	56.5	49.5	30.5	53.5	64	52.5	34.5	25	45.5	29.5	44.5	16	15	50	33	53.5	63	61.5	49	48.5	41.5	38	38.5	43	26	28.5	25	50.5	29.5	55.5	45	42.5	36	41.5	52.5	34	42	67.5	34	11	45.5	60	34	2	56.5	52.5	23	47.5	42	58.5	49	31	59	31.5	45.5	38	33	46	33	48.5	39	
27	11	17.5	46	48.5	45.5	57	35	27.5	40.5	20	55.5	20.5	53	40	45.5	17	50.5	60	28	52.5	19	45	27	46.5	75.5	49	20.5	19	61	32.5	0	19.5	22	33	65	24.5	25.5	53.5	50.5	14	46.5	49.5	51.5	12	61	33	33	15.5	17.5	28	49	59	67	16.5	58	23	50.5	52.5	32	49	10	33	6.5	44.5	28	56	22	68	35.5	24	47	21.5	39	42	51	46.5	47.5	66.5	29.5	25	34.5	33	20.5	55	50	48.5	20	49.5	32.5	20	21.5	36	58	27	36.5	14	42.5	13	59	32.5	48.5	39	62.5	43.5	17	31.5	62.5	30.5	40	59	29.5	64	13.5	38	20.5	17.5	52.5	38	74	24.5	39.5	17.5	9.5	38	45.5	
37.5	26.5	28	61.5	64	61	72.5	39.5	38	44	30.5	71	36	41.5	50.5	61	27.5	66	49.5	26.5	52	26.5	60.5	27.5	33	69	35.5	36	29.5	76.5	48	19.5	0	37.5	36.5	74.5	35	41	61	64	29.5	33	65	67	27.5	68.5	48.5	48.5	4	28	43.5	60.5	50.5	72.5	32	73.5	22.5	44	37	47.5	45.5	20.5	31.5	13	50	38.5	71.5	37.5	71.5	46	34.5	52.5	37	23.5	47.5	66.5	36	37	68	45	35.5	45	43.5	31	70.5	59.5	56	35.5	65	48	35.5	37	28.5	47.5	37.5	23	24.5	58	23.5	70.5	42	64	49.5	52	41	27.5	38	52	46	34.5	74.5	45	65.5	6	36.5	31	33	37	53.5	63.5	40	55	28	25	26.5	61	
45	19	35.5	34	36.5	33.5	45	53	45.5	28.5	38	43.5	13.5	69	58	33.5	35	38.5	42	46	40.5	41	33	45	60.5	61.5	63	8.5	37	49	20.5	22	37.5	0	31	53	42.5	13.5	41.5	38.5	12	60.5	37.5	39.5	20	49	21	21	33.5	35.5	16	37	43	55	29.5	46	45	36.5	64.5	20	67	28	51	24.5	32.5	46	44	20	56	53.5	42	35	14.5	51	30	39	28.5	29.5	54.5	22.5	43	52.5	51	38.5	43	38	36.5	28	37.5	20.5	18	14.5	54	40	45	50.5	32	30.5	31	47	25.5	36.5	57	44.5	31.5	35	49.5	44.5	18.5	58	47	17.5	52	31.5	56	38.5	20.5	64.5	26	56	27.5	27.5	35.5	22.5	54	33.5	
56	30	46.5	45	57.5	54.5	64	46	56.5	25.5	41	64.5	29.5	48	61	54.5	44	55.5	31	33	33.5	28	54	34	39.5	50.5	42	29.5	42	60	33.5	33	36.5	31	0	56	51.5	34.5	42.5	45.5	19	39.5	56.5	54.5	31	50	42	42	40.5	46.5	37	42	32	54	34.5	63	24	25.5	43.5	41	52	39	38	35.5	31.5	53	55	11	53	60.5	53	34	30.5	30	29	50	17.5	18.5	49.5	26.5	54	51.5	62	49.5	64	41	37.5	31	56.5	41.5	13	30.5	35	29	54	29.5	43	43.5	42	52	23.5	57.5	62	33.5	22.5	44	44.5	33.5	35.5	41	62	38.5	47	42.5	43	49.5	31.5	43.5	43	45	26.5	46.5	46.5	33.5	33	54.5	
88	62	78.5	43	24.5	31.5	8	84	88.5	48.5	79	26.5	56.5	86	99	21.5	78	36.5	29	71	36.5	66	36	72	77.5	18.5	80	46.5	80	4	56.5	65	74.5	53	56	0	85.5	51.5	35.5	38.5	55	77.5	35.5	37.5	63	28	44	44	76.5	78.5	39	40	30	2	72.5	7	62	38.5	81.5	43	90	71	76	67.5	44.5	89	33	63	3	96.5	85	42	57.5	68	47	38	40.5	41.5	22.5	59.5	86	89.5	94	81.5	10	39	40.5	69	35.5	48.5	61	57.5	73	27	88	67.5	75	46.5	74	30	56.5	34.5	100	26.5	45.5	78	82.5	26.5	56.5	79	6	45.5	25	74.5	81	81.5	63.5	81.5	49	11	64.5	45.5	78.5	65.5	71	31.5	
22.5	31.5	23	66.5	69	66	77.5	30.5	23	59	30.5	76	41	36.5	35.5	66	27.5	71	64.5	36.5	67	41.5	65.5	37.5	28	84	30.5	41	29.5	81.5	53	24.5	35	42.5	51.5	85.5	0	46	74	71	34.5	28	70	72	32.5	81.5	53.5	53.5	31	7	48.5	69.5	65.5	87.5	37	78.5	37.5	59	32	52.5	40.5	20.5	31.5	22	65	23.5	76.5	42.5	86.5	31	19.5	67.5	42	23.5	62.5	71.5	51	52	83	50	20.5	30	28.5	16	75.5	70.5	69	40.5	70	53	40.5	42	28.5	62.5	22.5	28	14.5	63	13.5	79.5	53	69	34.5	67	56	27.5	7	67	51	29.5	79.5	50	80.5	29	31.5	4	38	32	58.5	78.5	45	60	7	30	26.5	66	
48.5	22.5	39	32.5	35	32	43.5	56.5	49	15	41.5	42	17	70.5	61.5	32	38.5	37	38.5	49.5	39	44.5	31.5	48.5	62	58	64.5	5	40.5	47.5	7	25.5	41	13.5	34.5	51.5	46	0	40	37	15.5	62	36	38	23.5	47.5	19.5	19.5	37	39	14.5	35.5	39.5	53.5	33	44.5	46.5	33	66	18.5	70.5	31.5	54.5	28	31	49.5	42.5	23.5	54.5	57	45.5	33.5	18	52.5	28.5	37.5	23	22	53	26	46.5	56	54.5	42	41.5	36.5	35	31.5	36	19	21.5	18	57.5	36.5	48.5	52	35.5	29	34.5	45.5	29	35	60.5	41	18	38.5	53	41	5	61.5	45.5	16	50.5	35	59.5	42	24	66	24.5	52.5	31	26	39	26	55.5	32	
76.5	50.5	67	29.5	33	30	41.5	70.5	77	35	65.5	40	45	72.5	85.5	30	66.5	35	15.5	57.5	23	52.5	29.5	58.5	64	30	66.5	35	66.5	39.5	43	53.5	61	41.5	42.5	35.5	74	40	0	3	43.5	64	34	34	51.5	29.5	32.5	32.5	65	67	27.5	26.5	16.5	33.5	59	42.5	48.5	25	68	31.5	76.5	59.5	62.5	56	31	77.5	34.5	51.5	32.5	85	73.5	28.5	46	54.5	33.5	29.5	27	28	29	46	74.5	76	82.5	70	39.5	25.5	27	55.5	34	37	49.5	46	59.5	13.5	76.5	54	63.5	33	62.5	31.5	43	33	86.5	9	32	66.5	69	9	45	65.5	41.5	34	26.5	63	67.5	70	52	68	37.5	24.5	51	34	67	54	57.5	30	
73.5	47.5	64	32.5	30	27	38.5	73.5	74	38	66.5	37	42	75.5	86.5	27	63.5	32	18.5	60.5	26	55.5	26.5	61.5	67	33	69.5	32	65.5	42.5	44	50.5	64	38.5	45.5	38.5	71	37	3	0	40.5	67	31	33	48.5	32.5	29.5	29.5	62	64	24.5	29.5	19.5	36.5	58	39.5	51.5	28	71	28.5	79.5	56.5	65.5	53	34	74.5	37.5	48.5	35.5	82	70.5	31.5	43	57.5	36.5	32.5	30	31	32	49	71.5	79	79.5	67	36.5	28.5	30	56.5	31	34	46.5	43	62.5	16.5	73.5	57	60.5	34	59.5	34.5	46	30	85.5	12	35	63.5	72	12	42	68.5	40.5	31	29.5	60	70.5	67	49	71	34.5	27.5	54	31	64	51	60.5	27	
37	11	27.5	36	38.5	35.5	47	45	37.5	30.5	30	45.5	10.5	63	50	35.5	27	40.5	50	38	42.5	33	35	37	56.5	65.5	59	10.5	29	51	22.5	14	29.5	12	19	55	34.5	15.5	43.5	40.5	0	56.5	39.5	41.5	12	51	23	23	25.5	27.5	18	39	49	57	21.5	48	37	40.5	62.5	22	59	20	43	16.5	34.5	38	46	8	58	45.5	34	37	11.5	49	32	41	36.5	37.5	56.5	19.5	35	44.5	43	30.5	45	40	38.5	20	39.5	22.5	6	11.5	46	48	37	46.5	24	32.5	23	49	22.5	38.5	49	52.5	33.5	27	41.5	52.5	20.5	50	49	19.5	54	23.5	48	30.5	12.5	62.5	28	64	19.5	29.5	27.5	14.5	48	35.5	
34.5	51.5	35	66.5	89	82	85.5	17.5	35	47	32.5	92	57	14.5	27.5	88	35.5	77	52.5	24.5	55	29.5	77.5	25.5	0	72	8.5	63	33.5	81.5	55	46.5	33	60.5	39.5	77.5	28	62	64	67	56.5	0	78	76	50.5	71.5	69.5	69.5	37	35	70.5	63.5	53.5	75.5	41	84.5	25.5	47	10	70.5	18.5	42.5	19.5	44	53	24.5	76.5	50.5	74.5	27	28.5	55.5	56	11.5	50.5	71.5	39	40	71	48	32.5	12	34.5	26	87.5	62.5	59	42.5	78	65	52.5	56	16.5	50.5	25.5	16	36.5	65	35.5	73.5	45	79	28.5	55	44	35.5	21	55	57	12.5	83.5	68	68.5	39	14.5	32	50	10	64.5	66.5	43	68	35	48	14.5	82	
72.5	46.5	63	31.5	19	4	27.5	80.5	73	49	65.5	26	41	86.5	85.5	16	62.5	1	29.5	71.5	37	66.5	20.5	72.5	78	34	80.5	31	64.5	31.5	43	49.5	65	37.5	56.5	35.5	70	36	34	31	39.5	78	0	2	47.5	31.5	28.5	28.5	61	63	23.5	34.5	30.5	37.5	57	28.5	62.5	39	82	27.5	90.5	55.5	76.5	52	45	73.5	26.5	47.5	36.5	81	69.5	42.5	42	68.5	47.5	26.5	41	42	33	50	70.5	80	78.5	66	25.5	35.5	39	55.5	0	33	45.5	42	73.5	27.5	72.5	68	59.5	33	58.5	29.5	53	1	84.5	27	46	62.5	77	27	41	79.5	29.5	30	30.5	59	81.5	66	48	82	33.5	28.5	55	30	63	50	71.5	4	
74.5	48.5	65	33.5	21	6	29.5	82.5	75	47	67.5	28	43	84.5	87.5	18	64.5	1	27.5	69.5	35	64.5	22.5	70.5	76	32	78.5	33	66.5	33.5	45	51.5	67	39.5	54.5	37.5	72	38	34	33	41.5	76	2	0	49.5	31.5	30.5	30.5	63	65	25.5	36.5	28.5	35.5	59	30.5	60.5	37	80	29.5	88.5	57.5	74.5	54	43	75.5	28.5	49.5	34.5	83	71.5	40.5	44	66.5	45.5	28.5	39	40	31	52	72.5	82	80.5	68	27.5	37.5	39	57.5	2	35	47.5	44	71.5	25.5	74.5	66	61.5	35	60.5	31.5	55	3	86.5	25	44	64.5	79	25	43	77.5	31.5	32	28.5	61	79.5	68	50	80	35.5	26.5	57	32	65	52	69.5	6	
35	1	25.5	44	46.5	43.5	55	43	35.5	38.5	28	53.5	18.5	59	48	43.5	25	48.5	52	36	50.5	31	43	35	50.5	71.5	53	18.5	27	59	30.5	12	27.5	20	31	63	32.5	23.5	51.5	48.5	12	50.5	47.5	49.5	0	59	31	31	23.5	25.5	26	47	53	65	19.5	56	35	46.5	54.5	30	57	18	41	14.5	42.5	36	54	20	66	43.5	32	45	19.5	41	40	49	38.5	39.5	64.5	27.5	33	42.5	41	28.5	53	48	46.5	8	47.5	30.5	18	19.5	44	50	35	40.5	22	40.5	21	57	30.5	46.5	47	54.5	41.5	25	39.5	54.5	28.5	48	57	27.5	62	21.5	46	28.5	15.5	54.5	36	66	22.5	37.5	25.5	12.5	44	43.5	
84	58	74.5	37	25.5	27.5	34	78	84.5	42.5	73	32.5	52.5	80	93	22.5	74	32.5	23	65	30.5	60	32	66	71.5	22.5	74	42.5	74	32	50.5	61	68.5	49	50	28	81.5	47.5	29.5	32.5	51	71.5	31.5	31.5	59	0	40	40	72.5	74.5	35	34	24	26	66.5	35	56	32.5	75.5	39	84	67	70	63.5	38.5	85	5	59	25	92.5	81	36	53.5	62	41	32	34.5	35.5	21.5	53.5	82	83.5	90	77.5	32	33	34.5	63	31.5	44.5	57	53.5	67	21	84	61.5	71	40.5	70	2	50.5	30.5	94	20.5	39.5	74	76.5	20.5	52.5	73	34	41.5	3	70.5	75	77.5	59.5	75.5	45	17	58.5	41.5	74.5	61.5	65	27.5	
56	30	46.5	25	27.5	24.5	36	64	56.5	34.5	49	34.5	24.5	78	69	24.5	46	29.5	31	57	31.5	52	24	56	69.5	50.5	72	14.5	48	40	26.5	33	48.5	21	42	44	53.5	19.5	32.5	29.5	23	69.5	28.5	30.5	31	40	0	0	44.5	46.5	5	28	32	46	40.5	37	54	30.5	73.5	1	78	39	62	35.5	28.5	57	35	31	47	64.5	53	14	25.5	60	31	30	32.5	33.5	45.5	33.5	54	63.5	62	49.5	34	29	27.5	39	28.5	16.5	29	25.5	65	29	56	59.5	43	21.5	42	38	36.5	27.5	68	33.5	37.5	46	60.5	33.5	24.5	69	38	13.5	43	42.5	67	49.5	31.5	73.5	5	45	38.5	18.5	46.5	33.5	63	24.5	
56	30	46.5	25	27.5	24.5	36	64	56.5	34.5	49	34.5	24.5	78	69	24.5	46	29.5	31	57	31.5	52	24	56	69.5	50.5	72	14.5	48	40	26.5	33	48.5	21	42	44	53.5	19.5	32.5	29.5	23	69.5	28.5	30.5	31	40	0	0	44.5	46.5	5	28	32	46	40.5	37	54	30.5	73.5	1	78	39	62	35.5	28.5	57	35	31	47	64.5	53	14	25.5	60	31	30	32.5	33.5	45.5	33.5	54	63.5	62	49.5	34	29	27.5	39	28.5	16.5	29	25.5	65	29	56	59.5	43	21.5	42	38	36.5	27.5	68	33.5	37.5	46	60.5	33.5	24.5	69	38	13.5	43	42.5	67	49.5	31.5	73.5	5	45	38.5	18.5	46.5	33.5	63	24.5	
33.5	22.5	24	57.5	60	57	68.5	41.5	34	48	26.5	67	32	45.5	46.5	57	23.5	62	53.5	30.5	56	30.5	56.5	31.5	37	73	39.5	32	25.5	72.5	44	15.5	4	33.5	40.5	76.5	31	37	65	62	25.5	37	61	63	23.5	72.5	44.5	44.5	0	24	39.5	60.5	54.5	76.5	28	69.5	26.5	48	41	43.5	49.5	16.5	35.5	9	54	34.5	67.5	33.5	75.5	42	30.5	56.5	33	27.5	51.5	62.5	40	41	72	41	31.5	41	39.5	27	66.5	61.5	60	31.5	61	44	31.5	33	32.5	51.5	33.5	27	20.5	54	19.5	70.5	44	60	45.5	56	45	23.5	38	56	42	38.5	70.5	41	69.5	2	40.5	27	29	41	49.5	67.5	36	51	24	21	30.5	57	
15.5	24.5	16	59.5	62	59	70.5	23.5	16	54	23.5	69	34	41.5	28.5	59	20.5	64	71.5	31.5	66	36.5	58.5	30.5	35	89	37.5	34	22.5	74.5	46	17.5	28	35.5	46.5	78.5	7	39	67	64	27.5	35	63	65	25.5	74.5	46.5	46.5	24	0	41.5	62.5	72.5	80.5	30	71.5	40.5	64	39	45.5	37.5	13.5	26.5	15	58	16.5	69.5	35.5	81.5	24	12.5	60.5	35	30.5	55.5	64.5	58	59	80	43	13.5	23	21.5	9	68.5	63.5	62	33.5	63	46	33.5	35	29.5	69.5	15.5	35	7.5	56	6.5	72.5	46	62	27.5	74	57	20.5	14	74	44	28.5	72.5	43	77.5	22	26.5	3	31	39	51.5	85.5	38	53	0	23	31.5	59	
51	25	41.5	20	22.5	19.5	31	59	51.5	29.5	44	29.5	19.5	77	64	19.5	41	24.5	34	52	26.5	47	19	51	70.5	49.5	73	9.5	43	35	21.5	28	43.5	16	37	39	48.5	14.5	27.5	24.5	18	70.5	23.5	25.5	26	35	5	5	39.5	41.5	0	23	33	41	35.5	32	51	29.5	76.5	4	73	34	57	30.5	23.5	52	30	26	42	59.5	48	19	20.5	65	26	25	37.5	36.5	40.5	28.5	49	58.5	57	44.5	29	24	22.5	34	23.5	11.5	24	20.5	60	34	51	60.5	38	16.5	37	33	31.5	22.5	63	36.5	32.5	41	55.5	36.5	19.5	64	33	8.5	38	37.5	62	44.5	26.5	76.5	10	50	33.5	13.5	41.5	28.5	62	19.5	
72	46	62.5	3	33.5	30.5	42	70	72.5	34.5	65	40.5	40.5	72	85	30.5	62	35.5	11	57	22.5	52	30	58	63.5	34.5	66	30.5	64	44	42.5	49	60.5	37	42	40	69.5	35.5	26.5	29.5	39	63.5	34.5	36.5	47	34	28	28	60.5	62.5	23	0	10	38	56.5	43	48	24.5	67.5	27	76	55	62	51.5	30.5	73	39	47	37	80.5	69	28	41.5	54	33	34	26.5	27.5	33.5	45.5	70	75.5	78	65.5	40	1	26.5	55	34.5	32.5	45	41.5	59	13	72	53.5	59	32.5	58	36	42.5	33.5	84	17.5	31.5	62	68.5	17.5	40.5	65	44	29.5	31	58.5	67	65.5	47.5	67.5	33	29	50.5	29.5	62.5	49.5	57	30.5	
82	54	62.5	13	41.5	34.5	38	60	82.5	24.5	55	44.5	44.5	62	75	40.5	58	29.5	1	47	12.5	42	30	48	53.5	24.5	56	40.5	56	34	32.5	59	50.5	43	32	30	65.5	39.5	16.5	19.5	49	53.5	30.5	28.5	53	24	32	32	54.5	72.5	33	10	0	28	48.5	37	38	14.5	57.5	33	66	65	52	61.5	20.5	67	29	43	27	74.5	71	18	43.5	44	23	24	16.5	17.5	23.5	35.5	80	65.5	82	75.5	40	9	16.5	45	30.5	32.5	45	43.5	49	3	68	43.5	69	22.5	68	26	32.5	31.5	76	7.5	21.5	58	58.5	7.5	34.5	55	36	35.5	21	56.5	57	69.5	47.5	57.5	27	19	40.5	25.5	72.5	55.5	47	34.5	
90	64	80.5	41	26.5	33.5	10	82	90.5	46.5	77	28.5	58.5	84	97	23.5	80	36.5	27	69	34.5	64	38	70	75.5	16.5	78	48.5	78	6	54.5	67	72.5	55	54	2	87.5	53.5	33.5	36.5	57	75.5	37.5	35.5	65	26	46	46	76.5	80.5	41	38	28	0	70.5	9	60	36.5	79.5	45	88	73	74	69.5	42.5	89	31	65	1	96.5	87	40	59.5	66	45	36	38.5	39.5	20.5	57.5	88	87.5	96	83.5	12	37	38.5	67	37.5	50.5	63	59.5	71	25	90	65.5	77	44.5	76	28	54.5	36.5	98	24.5	43.5	80	80.5	24.5	56.5	77	8	47.5	23	76.5	79	83.5	65.5	79.5	49	9	62.5	47.5	80.5	67.5	69	33.5	
39.5	18.5	30	53.5	56	53	64.5	47.5	40	42	32.5	63	28	49.5	52.5	53	29.5	58	47.5	34.5	50	29.5	52.5	35.5	41	67	43.5	28	31.5	68.5	40	16.5	32	29.5	34.5	72.5	37	33	59	58	21.5	41	57	59	19.5	66.5	40.5	40.5	28	30	35.5	56.5	48.5	70.5	0	65.5	25.5	42	45	39.5	53.5	22.5	39.5	19	48	40.5	63.5	29.5	69.5	48	36.5	50.5	29	31.5	45.5	58.5	34	35	66	37	37.5	47	45.5	33	62.5	57.5	54	27.5	57	40	27.5	29	36.5	45.5	39.5	31	26.5	50	25.5	66.5	40	56	51.5	50	39	29.5	44	50	38	42.5	66.5	37	63.5	26	44.5	33	25	45	45.5	61.5	32	47	30	7	34.5	53	
81	55	71.5	40	17.5	24.5	1	89	81.5	55.5	74	19.5	49.5	93	94	14.5	71	29.5	36	78	43.5	73	29	79	84.5	25.5	87	39.5	73	3	51.5	58	73.5	46	63	7	78.5	44.5	42.5	39.5	48	84.5	28.5	30.5	56	35	37	37	69.5	71.5	32	43	37	9	65.5	0	69	45.5	88.5	36	97	64	83	60.5	51.5	82	30	56	10	89.5	78	49	50.5	75	54	35	47.5	48.5	29.5	58.5	79	88.5	87	74.5	3	44	47.5	64	28.5	41.5	54	50.5	80	34	81	74.5	68	41.5	67	33	61.5	27.5	93	33.5	52.5	71	85.5	33.5	49.5	86	1	38.5	32	67.5	88	74.5	56.5	88.5	42	18	63.5	38.5	71.5	58.5	78	24.5	
50	34	34.5	51	71.5	66.5	70	32	50.5	31.5	27	76.5	41.5	34	47	68.5	30	61.5	37	19	39.5	4	62	20	25.5	56.5	28	43.5	28	66	39.5	23	22.5	45	24	62	37.5	46.5	48.5	51.5	37	25.5	62.5	60.5	35	56	54	54	26.5	40.5	51	48	38	60	25.5	69	0	31.5	29.5	55	38	33	24	29.5	37.5	39	61	35	59	46.5	43	40	40.5	16	35	56	23.5	24.5	55.5	32.5	48	37.5	54	43.5	72	47	43.5	27	62.5	49.5	37	40.5	21	35	40	15.5	37	49.5	36	58	29.5	63.5	48	39.5	28.5	30	30.5	39.5	41.5	27	68	52.5	53	28.5	29	41.5	34.5	29.5	49	51	27.5	52.5	40.5	32.5	19	66.5	
73.5	47.5	56	27.5	50	43	46.5	53.5	74	18	48.5	53	38	55.5	68.5	47	51.5	38	13.5	40.5	16	35.5	38.5	41.5	47	33	49.5	32	49.5	42.5	26	50.5	44	36.5	25.5	38.5	59	33	25	28	40.5	47	39	37	46.5	32.5	30.5	30.5	48	64	29.5	24.5	14.5	36.5	42	45.5	31.5	0	51	31.5	59.5	56.5	45.5	53	6	60.5	37.5	36.5	35.5	68	64.5	16.5	37	37.5	16.5	32.5	10	11	32	29	71.5	59	75.5	67	48.5	23.5	20	38.5	39	18	38.5	37	42.5	11.5	61.5	37	60.5	26	59.5	34.5	26	40	69.5	16	15	51.5	52	16	28	48.5	44.5	21	29.5	50	50.5	63	41	51	25.5	27.5	34	29	64	49	40.5	43	
30.5	55.5	39	70.5	93	86	89.5	21.5	25	51	36.5	96	61	8.5	21.5	94	39.5	81	56.5	28.5	59	33.5	81.5	29.5	10	76	7.5	69	37.5	85.5	59	52.5	37	64.5	43.5	81.5	32	66	68	71	62.5	10	82	80	54.5	75.5	73.5	73.5	41	39	76.5	67.5	57.5	79.5	45	88.5	29.5	51	0	74.5	12.5	46.5	23.5	50	57	28.5	80.5	54.5	78.5	17	32.5	59.5	60	15.5	54.5	75.5	43	44	75	52	31.5	22	28.5	34	91.5	66.5	63	46.5	82	69	56.5	60	20.5	54.5	29.5	20	42.5	69	41.5	77.5	49	83	22.5	59	48	39.5	25	59	61	16.5	87.5	72	72.5	43	18.5	36	54	0	68.5	70.5	47	72	39	52	18.5	86	
55	29	45.5	24	26.5	23.5	35	63	55.5	33.5	48	33.5	23.5	79	68	23.5	45	28.5	32	56	30.5	51	23	55	70.5	51.5	73	13.5	47	39	25.5	32	47.5	20	41	43	52.5	18.5	31.5	28.5	22	70.5	27.5	29.5	30	39	1	1	43.5	45.5	4	27	33	45	39.5	36	55	31.5	74.5	0	77	38	61	34.5	27.5	56	34	30	46	63.5	52	15	24.5	61	30	29	33.5	34.5	44.5	32.5	53	62.5	61	48.5	33	28	26.5	38	27.5	15.5	28	24.5	64	30	55	60.5	42	20.5	41	37	35.5	26.5	67	34.5	36.5	45	59.5	34.5	23.5	68	37	12.5	42	41.5	66	48.5	30.5	74.5	6	46	37.5	17.5	45.5	32.5	64	23.5	
22	56	47.5	79	93.5	90.5	98	30	27.5	59.5	45	100.5	65.5	4	9	90.5	48	89.5	65	37	67.5	42	90	38	18.5	84.5	16	65.5	46	94	67.5	49	45.5	67	52	90	40.5	70.5	76.5	79.5	59	18.5	90.5	88.5	57	84	78	78	49.5	37.5	73	76	66	88	53.5	97	38	59.5	12.5	77	0	45	32	46.5	65.5	37	89	63	87	29.5	39	68	66.5	24	63	84	51.5	52.5	83.5	60.5	30	30.5	16	30.5	100	75	71.5	55	90.5	77.5	65	66.5	29	63	38	28.5	39	77.5	38	86	57.5	91.5	10	67.5	56.5	48	33.5	67.5	69.5	25	96	74.5	81	51.5	27	40.5	62.5	12.5	77	79	55.5	80.5	37.5	54.5	27	90.5	
23	17	13.5	52	54.5	51.5	63	31	23.5	46.5	10	61.5	26.5	49	36	51.5	7	56.5	64	18	58.5	29	51	17	42.5	81.5	45	26.5	9	67	38.5	10	20.5	28	39	71	20.5	31.5	59.5	56.5	20	42.5	55.5	57.5	18	67	39	39	16.5	13.5	34	55	65	73	22.5	64	33	56.5	46.5	38	45	0	29	7.5	50.5	24	62	28	74	31.5	20	53	27.5	33	48	57	50.5	51.5	72.5	35.5	21	30.5	29	16.5	61	56	54.5	26	55.5	38.5	26	27.5	32	62	23	32.5	10	48.5	9	65	38.5	54.5	35	66.5	49.5	7	27.5	66.5	36.5	36	65	35.5	70	14.5	34	16.5	23.5	46.5	44	78	30.5	45.5	13.5	15.5	34	51.5	
36	40	31.5	65	77.5	74.5	84	26	36.5	45.5	31	84.5	49.5	28	41	74.5	34	75.5	51	23	53.5	28	74	24	19.5	70.5	22	49.5	32	80	53.5	33	31.5	51	38	76	31.5	54.5	62.5	65.5	43	19.5	76.5	74.5	41	70	62	62	35.5	26.5	57	62	52	74	39.5	83	24	45.5	23.5	61	32	29	0	30.5	51.5	33	75	49	73	40.5	33	54	50.5	8	49	70	37.5	38.5	69.5	46.5	34	31.5	42	29.5	84	61	57.5	41	76.5	61.5	49	50.5	3	49	34	14.5	19	63.5	20	72	43.5	77.5	42	53.5	42.5	34	24.5	53.5	55.5	21	82	58.5	67	37.5	23	29.5	46.5	23.5	63	65	41.5	66.5	26.5	38.5	5	74.5	
24.5	13.5	15	48.5	51	48	59.5	32.5	25	43	17.5	58	23	50.5	37.5	48	14.5	53	62.5	25.5	55	25.5	47.5	24.5	44	78	46.5	23	16.5	63.5	35	6.5	13	24.5	35.5	67.5	22	28	56	53	16.5	44	52	54	14.5	63.5	35.5	35.5	9	15	30.5	51.5	61.5	69.5	19	60.5	29.5	53	50	34.5	46.5	7.5	30.5	0	47	25.5	58.5	24.5	70.5	33	21.5	49.5	24	36.5	44.5	53.5	49	50	69	32	22.5	32	30.5	18	57.5	52.5	51	22.5	52	35	22.5	24	33.5	60.5	24.5	34	11.5	45	10.5	61.5	35	51	36.5	65	46	14.5	29	65	33	37.5	61.5	32	66.5	7	35.5	18	20	50	40.5	76.5	27	42	15	12	35.5	48	
67.5	41.5	58	33.5	44	41	52.5	59.5	68	24	54.5	51	36	61.5	74.5	41	57.5	44	19.5	46.5	22	41.5	40.5	47.5	53	39	55.5	26	55.5	48.5	32	44.5	50	32.5	31.5	44.5	65	31	31	34	34.5	53	45	43	42.5	38.5	28.5	28.5	54	58	23.5	30.5	20.5	42.5	48	51.5	37.5	6	57	27.5	65.5	50.5	51.5	47	0	66.5	43.5	42.5	41.5	74	64.5	22.5	37	43.5	22.5	38.5	16	17	38	35	65.5	65	73.5	61	50.5	29.5	26	44.5	45	12	40.5	37	48.5	17.5	67.5	43	54.5	32	53.5	40.5	32	44	75.5	22	21	57.5	58	22	34	54.5	50.5	15	35.5	54	56.5	61	43	57	31.5	33.5	40	35	58	45	46.5	41	
21	35	26.5	70	72.5	69.5	81	7	21.5	60.5	34	79.5	44.5	33	34	69.5	31	74.5	66	38	68.5	43	69	39	24.5	85.5	27	44.5	33	85	56.5	28	38.5	46	53	89	23.5	49.5	77.5	74.5	38	24.5	73.5	75.5	36	85	57	57	34.5	16.5	52	73	67	89	40.5	82	39	60.5	28.5	56	37	24	33	25.5	66.5	0	80	46	88	29.5	4	69	45.5	25	64	75	52.5	53.5	84.5	53.5	19	28.5	27	14.5	79	74	72.5	44	73.5	56.5	44	45.5	30	64	1	29.5	18	66.5	17	83	56.5	72.5	33	68.5	57.5	31	30.5	68.5	54.5	12	83	53.5	82	32.5	10	19.5	41.5	28.5	62	80	48.5	63.5	16.5	33.5	28	69.5	
79	53	69.5	38	20.5	22.5	29	83	79.5	47.5	72	27.5	47.5	85	92	17.5	69	27.5	28	70	35.5	65	27	71	76.5	27.5	79	37.5	71	33	49.5	56	71.5	44	55	33	76.5	42.5	34.5	37.5	46	76.5	26.5	28.5	54	5	35	35	67.5	69.5	30	39	29	31	63.5	30	61	37.5	80.5	34	89	62	75	58.5	43.5	80	0	54	30	87.5	76	41	48.5	67	46	33	39.5	40.5	26.5	56.5	77	86.5	85	72.5	27	38	39.5	62	26.5	39.5	52	48.5	72	26	79	66.5	66	39.5	65	3	55.5	25.5	91	25.5	44.5	69	81.5	25.5	47.5	78	31	36.5	8	65.5	80	72.5	54.5	80.5	40	22	61.5	36.5	69.5	56.5	70	22.5	
45	19	35.5	44	46.5	43.5	55	53	45.5	36.5	38	53.5	18.5	59	58	43.5	35	48.5	42	44	44.5	39	43	45	50.5	61.5	53	18.5	37	59	30.5	22	37.5	20	11	63	42.5	23.5	51.5	48.5	8	50.5	47.5	49.5	20	59	31	31	33.5	35.5	26	47	43	65	29.5	56	35	36.5	54.5	30	63	28	49	24.5	42.5	46	54	0	64	53.5	42	45	19.5	41	40	49	28.5	29.5	60.5	27.5	43	52.5	51	38.5	53	48	46.5	28	47.5	30.5	2	19.5	46	40	45	40.5	32	40.5	31	57	30.5	46.5	57	44.5	33.5	35	49.5	44.5	28.5	52	57	27.5	58	31.5	54	38.5	20.5	54.5	36	56	27.5	37.5	35.5	22.5	44	43.5	
91	65	81.5	40	27.5	34.5	11	81	91.5	45.5	76	29.5	59.5	83	96	24.5	79	35.5	26	68	33.5	63	39	69	74.5	15.5	77	49.5	77	7	53.5	68	71.5	56	53	3	86.5	54.5	32.5	35.5	58	74.5	36.5	34.5	66	25	47	47	75.5	81.5	42	37	27	1	69.5	10	59	35.5	78.5	46	87	74	73	70.5	41.5	88	30	64	0	95.5	88	39	60.5	65	44	35	37.5	38.5	19.5	56.5	89	86.5	97	84.5	13	36	37.5	66	36.5	51.5	64	60.5	70	24	89	64.5	78	43.5	77	27	53.5	37.5	97	23.5	42.5	79	79.5	23.5	55.5	76	9	48.5	22	77.5	78	84.5	66.5	78.5	48	8	61.5	46.5	81.5	68.5	68	34.5	
13.5	42.5	34	77.5	80	77	88.5	36.5	8	68	41.5	87	52	25.5	26.5	77	38.5	82	73.5	45.5	76	50.5	76.5	46.5	27	93	24.5	52	40.5	92.5	64	35.5	46	53.5	60.5	96.5	31	57	85	82	45.5	27	81	83	43.5	92.5	64.5	64.5	42	24	59.5	80.5	74.5	96.5	48	89.5	46.5	68	17	63.5	29.5	31.5	40.5	33	74	29.5	87.5	53.5	95.5	0	25.5	76.5	53	32.5	71.5	82.5	60	61	92	61	16.5	31	19.5	17	86.5	81.5	80	51.5	81	64	51.5	53	37.5	71.5	28.5	37	25.5	74	24.5	90.5	64	80	25.5	76	65	38.5	38	76	62	33.5	90.5	61	89.5	40	35.5	27	49	17	69.5	87.5	56	71	24	41	35.5	77	
17	31	22.5	66	68.5	65.5	77	11	17.5	60.5	30	75.5	40.5	37	30	65.5	27	70.5	70	38	72.5	43	65	37	28.5	89.5	31	40.5	29	81	52.5	24	34.5	42	53	85	19.5	45.5	73.5	70.5	34	28.5	69.5	71.5	32	81	53	53	30.5	12.5	48	69	71	87	36.5	78	43	64.5	32.5	52	39	20	33	21.5	64.5	4	76	42	88	25.5	0	67	41.5	29	62	71	56.5	57.5	86.5	49.5	15	24.5	23	10.5	75	70	68.5	40	69.5	52.5	40	41.5	34	68	3	33.5	14	62.5	13	79	52.5	68.5	29	72.5	61.5	27	26.5	72.5	50.5	16	79	49.5	84	28.5	14	15.5	37.5	32.5	58	84	44.5	59.5	12.5	29.5	32	65.5	
70	44	60.5	31	41.5	38.5	50	62	70.5	26.5	57	48.5	38.5	64	77	38.5	60	41.5	17	49	19.5	44	38	50	55.5	36.5	58	28.5	58	46	34.5	47	52.5	35	34	42	67.5	33.5	28.5	31.5	37	55.5	42.5	40.5	45	36	14	14	56.5	60.5	19	28	18	40	50.5	49	40	16.5	59.5	15	68	53	54	49.5	22.5	69	41	45	39	76.5	67	0	39.5	46	25	36	18.5	19.5	35.5	37.5	68	67.5	76	63.5	48	27	23.5	47	42.5	30.5	43	39.5	51	15	70	45.5	57	29.5	56	38	34.5	41.5	78	19.5	23.5	60	60.5	19.5	36.5	57	48	27.5	33	56.5	59	63.5	45.5	59.5	9	31	42.5	32.5	60.5	47.5	49	38.5	
44.5	18.5	35	38.5	41	38	49.5	52.5	45	33	37.5	48	1	64.5	57.5	38	34.5	43	42.5	45.5	45	40.5	37.5	44.5	56	62	58.5	13	36.5	53.5	25	21.5	37	14.5	30.5	57.5	42	18	46	43	11.5	56	42	44	19.5	53.5	25.5	25.5	33	35	20.5	41.5	43.5	59.5	29	50.5	40.5	37	60	24.5	66.5	27.5	50.5	24	37	45.5	48.5	19.5	60.5	53	41.5	39.5	0	46.5	34.5	43.5	29	30	59	8	42.5	52	50.5	38	47.5	42.5	41	27.5	42	25	17.5	0	51.5	40.5	44.5	46	31.5	35	30.5	51.5	11	41	56.5	45	34	34.5	49	45	23	57.5	51.5	22	56.5	31	55.5	38	20	60	30.5	56.5	27	32	35	22	49.5	38	
44	42	25.5	57	79.5	72.5	76	18	40.5	37.5	23	82.5	47.5	20	33	82.5	26	67.5	43	15	45.5	20	68	16	11.5	62.5	14	57.5	24	72	45.5	39	23.5	51	30	68	23.5	52.5	54.5	57.5	49	11.5	68.5	66.5	41	62	60	60	27.5	30.5	65	54	44	66	31.5	75	16	37.5	15.5	61	24	33	8	36.5	43.5	25	67	41	65	32.5	29	46	46.5	0	41	62	29.5	30.5	61.5	38.5	38	23.5	40	37.5	78	53	49.5	33	68.5	55.5	43	46.5	5	41	26	6.5	27	55.5	28	64	35.5	69.5	34	45.5	34.5	26	16.5	45.5	47.5	13	74	58.5	59	29.5	15	27.5	40.5	15.5	55	57	33.5	58.5	30.5	38.5	3	72.5	
65	39	55.5	36	46.5	43.5	55	57	65.5	21.5	52	53.5	33.5	59	72	43.5	55	46.5	22	44	24.5	39	43	45	50.5	41.5	53	23.5	53	51	29.5	42	47.5	30	29	47	62.5	28.5	33.5	36.5	32	50.5	47.5	45.5	40	41	31	31	51.5	55.5	26	33	23	45	45.5	54	35	16.5	54.5	30	63	48	49	44.5	22.5	64	46	40	44	71.5	62	25	34.5	41	0	41	13.5	14.5	40.5	32.5	63	62.5	71	58.5	53	32	28.5	42	47.5	30.5	38	34.5	46	20	65	40.5	52	34.5	51	43	29.5	46.5	73	24.5	18.5	55	55.5	24.5	31.5	52	53	27.5	38	51.5	54	58.5	40.5	54.5	34	36	37.5	37.5	55.5	42.5	44	43.5	
74	48	64.5	33	25.5	22.5	34	78	74.5	42.5	67	32.5	42.5	80	87	22.5	64	27.5	23	65	30.5	60	6	66	71.5	32.5	74	32.5	66	38	44.5	51	66.5	39	50	38	71.5	37.5	29.5	32.5	41	71.5	26.5	28.5	49	32	30	30	62.5	64.5	25	34	24	36	58.5	35	56	32.5	75.5	29	84	57	70	53.5	38.5	75	33	49	35	82.5	71	36	43.5	62	41	0	34.5	35.5	31.5	51.5	72	81.5	80	67.5	32	33	34.5	57	26.5	34.5	47	43.5	67	21	74	61.5	61	34.5	60	34	50.5	25.5	86	20.5	39.5	64	76.5	20.5	42.5	73	36	31.5	29	60.5	75	67.5	49.5	75.5	35	27	56.5	31.5	64.5	51.5	65	22.5	
71.5	39.5	48	29.5	52	45	48.5	45.5	68	8	40.5	55	30	47.5	60.5	55	43.5	40	15.5	32.5	18	27.5	40.5	33.5	39	35	41.5	28	41.5	44.5	16	46.5	36	28.5	17.5	40.5	51	23	27	30	36.5	39	41	39	38.5	34.5	32.5	32.5	40	58	37.5	26.5	16.5	38.5	34	47.5	23.5	10	43	33.5	51.5	50.5	37.5	49	16	52.5	39.5	28.5	37.5	60	56.5	18.5	29	29.5	13.5	34.5	0	1	34	21	65.5	51	67.5	65	50.5	25.5	22	30.5	41	28	30.5	29	34.5	13.5	53.5	29	56.5	28	57.5	36.5	18	42	61.5	18	5	43.5	44	18	18	40.5	46.5	31	31.5	42	42.5	55	33	43	27.5	29.5	26	31	58	41	32.5	45	
70.5	40.5	49	30.5	53	46	49.5	46.5	69	7	41.5	56	31	48.5	61.5	54	44.5	41	16.5	33.5	19	28.5	41.5	34.5	40	36	42.5	27	42.5	45.5	15	47.5	37	29.5	18.5	41.5	52	22	28	31	37.5	40	42	40	39.5	35.5	33.5	33.5	41	59	36.5	27.5	17.5	39.5	35	48.5	24.5	11	44	34.5	52.5	51.5	38.5	50	17	53.5	40.5	29.5	38.5	61	57.5	19.5	30	30.5	14.5	35.5	1	0	35	22	66.5	52	68.5	64	51.5	26.5	23	31.5	42	29	31.5	30	35.5	14.5	54.5	30	57.5	29	56.5	37.5	19	43	62.5	19	4	44.5	45	19	17	41.5	47.5	32	32.5	43	43.5	56	34	44	28.5	30.5	27	32	59	42	33.5	46	
89.5	63.5	80	36.5	18	33	30.5	77.5	90	42	72.5	33	58	79.5	92.5	21	75.5	32	22.5	64.5	30	59.5	37.5	65.5	71	17	73.5	48	73.5	26.5	50	66.5	68	54.5	49.5	22.5	83	53	29	32	56.5	71	33	31	64.5	21.5	45.5	45.5	72	80	40.5	33.5	23.5	20.5	66	29.5	55.5	32	75	44.5	83.5	72.5	69.5	69	38	84.5	26.5	60.5	19.5	92	86.5	35.5	59	61.5	40.5	31.5	34	35	0	53	87.5	83	95.5	83	32.5	32.5	34	62.5	33	50	62.5	59	66.5	20.5	85.5	61	76.5	40	75.5	23.5	50	34	93.5	20	39	75.5	76	20	52	72.5	28.5	47	18.5	74	74.5	83	65	75	44.5	11.5	58	43	80	67	64.5	33	
52.5	26.5	43	46.5	49	46	57.5	54.5	53	29	45.5	56	9	56.5	65.5	46	42.5	51	34.5	41.5	37	36.5	45.5	42.5	48	54	50.5	21	44.5	61.5	33	29.5	45	22.5	26.5	59.5	50	26	46	49	19.5	48	50	52	27.5	53.5	33.5	33.5	41	43	28.5	45.5	35.5	57.5	37	58.5	32.5	29	52	32.5	60.5	35.5	46.5	32	35	53.5	56.5	27.5	56.5	61	49.5	37.5	8	38.5	32.5	51.5	21	22	53	0	50.5	60	58.5	46	55.5	44.5	41	35.5	50	33	25.5	8	43.5	32.5	52.5	38	39.5	43	38.5	55.5	3	49	64.5	37	26	42.5	53	37	31	49.5	59.5	30	50.5	39	51.5	46	28	52	38.5	48.5	35	40	43	30	41.5	46	
8	32	23.5	67	69.5	66.5	78	26	8.5	61.5	31	76.5	41.5	34	21	66.5	28	71.5	79	39	73.5	44	66	38	32.5	96.5	24	41.5	30	82	53.5	25	35.5	43	54	86	20.5	46.5	74.5	71.5	35	32.5	70.5	72.5	33	82	54	54	31.5	13.5	49	70	80	88	37.5	79	48	71.5	31.5	53	30	21	34	22.5	65.5	19	77	43	89	16.5	15	68	42.5	38	63	72	65.5	66.5	87.5	50.5	0	20.5	14	6.5	76	71	69.5	41	70.5	53.5	41	42.5	37	77	18	42.5	15	63.5	14	80	53.5	69.5	20	81.5	64.5	28	27.5	81.5	51.5	31	80	50.5	85	29.5	29	16.5	38.5	31.5	59	93	45.5	60.5	13.5	30.5	39	66.5	
22.5	41.5	33	76.5	79	76	87.5	29.5	23	59	40.5	86	51	26.5	35.5	76	37.5	81	64.5	36.5	67	41.5	75.5	37.5	12	84	20.5	51	39.5	91.5	63	34.5	45	52.5	51.5	89.5	30	56	76	79	44.5	12	80	82	42.5	83.5	63.5	63.5	41	23	58.5	75.5	65.5	87.5	47	88.5	37.5	59	22	62.5	30.5	30.5	31.5	32	65	28.5	86.5	52.5	86.5	31	24.5	67.5	52	23.5	62.5	81.5	51	52	83	60	20.5	0	28.5	14	85.5	74.5	71	50.5	80	63	50.5	52	28.5	62.5	27.5	28	24.5	73	23.5	85.5	57	79	34.5	67	56	37.5	33	67	61	24.5	89.5	60	80.5	39	26.5	26	48	22	68.5	78.5	55	70	23	40	26.5	76	
6	40	31.5	75	77.5	74.5	86	34	11.5	69.5	39	84.5	49.5	20	7	74.5	36	79.5	81	47	81.5	52	74	46	34.5	100.5	32	49.5	38	90	61.5	33	43.5	51	62	94	28.5	54.5	82.5	79.5	43	34.5	78.5	80.5	41	90	62	62	39.5	21.5	57	78	82	96	45.5	87	54	75.5	28.5	61	16	29	42	30.5	73.5	27	85	51	97	19.5	23	76	50.5	40	71	80	67.5	68.5	95.5	58.5	14	28.5	0	14.5	84	79	77.5	49	78.5	61.5	49	50.5	45	79	26	44.5	23	71.5	22	88	61.5	77.5	6	83.5	72.5	36	35.5	83.5	59.5	39	88	58.5	93	37.5	37	24.5	46.5	28.5	67	95	53.5	68.5	21.5	38.5	43	74.5	
8.5	27.5	19	62.5	65	62	73.5	21.5	9	57	26.5	72	37	34.5	21.5	62	23.5	67	76.5	34.5	69	39.5	61.5	33.5	26	92	30.5	37	25.5	77.5	49	20.5	31	38.5	49.5	81.5	16	42	70	67	30.5	26	66	68	28.5	77.5	49.5	49.5	27	9	44.5	65.5	75.5	83.5	33	74.5	43.5	67	34	48.5	30.5	16.5	29.5	18	61	14.5	72.5	38.5	84.5	17	10.5	63.5	38	37.5	58.5	67.5	65	64	83	46	6.5	14	14.5	0	71.5	66.5	65	36.5	66	49	36.5	38	32.5	76.5	13.5	38	10.5	59	9.5	75.5	49	65	20.5	79	60	23.5	23	79	47	26.5	75.5	46	80.5	25	24.5	12	34	34	54.5	92.5	41	56	9	26	34.5	62	
78	52	68.5	37	14.5	21.5	2	86	78.5	56.5	71	16.5	46.5	96	91	11.5	68	26.5	39	79	46.5	74	26	78	87.5	28.5	90	36.5	70	6	48.5	55	70.5	43	64	10	75.5	41.5	39.5	36.5	45	87.5	25.5	27.5	53	32	34	34	66.5	68.5	29	40	40	12	62.5	3	72	48.5	91.5	33	100	61	84	57.5	50.5	79	27	53	13	86.5	75	48	47.5	78	53	32	50.5	51.5	32.5	55.5	76	85.5	84	71.5	0	41	44.5	61	25.5	38.5	51	47.5	83	37	78	77.5	65	38.5	64	30	58.5	24.5	90	36.5	55.5	68	82.5	36.5	46.5	89	4	35.5	35	64.5	89	71.5	53.5	91.5	39	21	60.5	35.5	68.5	55.5	81	21.5	
73	47	63.5	4	34.5	31.5	43	69	73.5	33.5	64	41.5	41.5	71	84	31.5	63	36.5	10	56	21.5	51	31	57	62.5	33.5	65	31.5	65	43	41.5	50	59.5	38	41	39	70.5	36.5	25.5	28.5	40	62.5	35.5	37.5	48	33	29	29	61.5	63.5	24	1	9	37	57.5	44	47	23.5	66.5	28	75	56	61	52.5	29.5	74	38	48	36	81.5	70	27	42.5	53	32	33	25.5	26.5	32.5	44.5	71	74.5	79	66.5	41	0	25.5	54	35.5	33.5	46	42.5	58	12	73	52.5	60	31.5	59	35	41.5	34.5	85	16.5	30.5	63	67.5	16.5	41.5	64	45	30.5	30	59.5	66	66.5	48.5	66.5	34	28	49.5	30.5	63.5	50.5	56	31.5	
71.5	45.5	62	29.5	38	35	46.5	65.5	72	30	60.5	45	40	67.5	80.5	35	61.5	40	15.5	52.5	4	47.5	34.5	53.5	59	35	61.5	30	61.5	44.5	38	48.5	56	36.5	37.5	40.5	69	35	27	30	38.5	59	39	39	46.5	34.5	27.5	27.5	60	62	22.5	26.5	16.5	38.5	54	47.5	43.5	20	63	26.5	71.5	54.5	57.5	51	26	72.5	39.5	46.5	37.5	80	68.5	23.5	41	49.5	28.5	34.5	22	23	34	41	69.5	71	77.5	65	44.5	25.5	0	50.5	39	32	44.5	41	54.5	13.5	71.5	49	58.5	6	57.5	36.5	38	38	81.5	18	27	61.5	64	18	40	60.5	46.5	29	31.5	58	62.5	65	47	63	32.5	29.5	46	9	62	49	52.5	35	
43	9	33.5	52	54.5	51.5	63	49	43.5	38.5	36	61.5	26.5	51	56	51.5	33	56.5	44	36	46.5	31	51	37	42.5	63.5	45	26.5	35	67	38.5	20	35.5	28	31	69	40.5	31.5	55.5	56.5	20	42.5	55.5	57.5	8	63	39	39	31.5	33.5	34	55	45	67	27.5	64	27	38.5	46.5	38	55	26	41	22.5	44.5	44	62	28	66	51.5	40	47	27.5	33	42	57	30.5	31.5	62.5	35.5	41	50.5	49	36.5	61	54	50.5	0	55.5	38.5	26	27.5	38	42	43	32.5	30	48.5	29	65	36.5	54.5	55	46.5	35.5	33	47.5	46.5	36.5	44	65	35.5	60	29.5	46	36.5	23.5	46.5	44	58	30.5	45.5	33.5	20.5	36	51.5	
72.5	46.5	63	31.5	19	4	27.5	80.5	73	49	65.5	26	41	86.5	85.5	16	62.5	1	29.5	71.5	37	66.5	20.5	72.5	78	34	80.5	31	64.5	31.5	43	49.5	65	37.5	56.5	35.5	70	36	34	31	39.5	78	0	2	47.5	31.5	28.5	28.5	61	63	23.5	34.5	30.5	37.5	57	28.5	62.5	39	82	27.5	90.5	55.5	76.5	52	45	73.5	26.5	47.5	36.5	81	69.5	42.5	42	68.5	47.5	26.5	41	42	33	50	70.5	80	78.5	66	25.5	35.5	39	55.5	0	33	45.5	42	73.5	27.5	72.5	68	59.5	33	58.5	29.5	53	1	84.5	27	46	62.5	77	27	41	79.5	29.5	30	30.5	59	81.5	66	48	82	33.5	28.5	55	30	63	50	71.5	4	
55.5	29.5	46	29.5	32	29	40.5	63.5	56	34	48.5	39	24	73.5	68.5	29	45.5	34	31.5	56.5	34	51.5	28.5	55.5	65	51	67.5	14	47.5	44.5	26	32.5	48	20.5	41.5	48.5	53	19	37	34	22.5	65	33	35	30.5	44.5	16.5	16.5	44	46	11.5	32.5	32.5	50.5	40	41.5	49.5	18	69	15.5	77.5	38.5	61.5	35	12	56.5	39.5	30.5	51.5	64	52.5	30.5	25	55.5	30.5	34.5	28	29	50	33	53.5	63	61.5	49	38.5	33.5	32	38.5	33	0	28.5	25	60.5	29.5	55.5	55	42.5	26	41.5	42.5	36	32	67.5	34	33	45.5	60	34	24	66.5	42.5	3	47.5	42	66.5	49	31	69	21.5	45.5	38	23	46	33	58.5	29	
43	17	33.5	42	44.5	41.5	53	51	43.5	36.5	36	51.5	16.5	61	56	41.5	33	46.5	44	44	46.5	39	41	43	52.5	63.5	55	16.5	35	57	28.5	20	35.5	18	13	61	40.5	21.5	49.5	46.5	6	52.5	45.5	47.5	18	57	29	29	31.5	33.5	24	45	45	63	27.5	54	37	38.5	56.5	28	65	26	49	22.5	40.5	44	52	2	64	51.5	40	43	17.5	43	38	47	30.5	31.5	62.5	25.5	41	50.5	49	36.5	51	46	44.5	26	45.5	28.5	0	17.5	48	42	43	42.5	30	38.5	29	55	28.5	44.5	55	46.5	35.5	33	47.5	46.5	26.5	54	55	25.5	60	29.5	54	36.5	18.5	56.5	34	58	25.5	35.5	33.5	20.5	46	41.5	
44.5	18.5	35	38.5	41	38	49.5	52.5	45	33	37.5	48	1	64.5	57.5	38	34.5	43	42.5	45.5	45	40.5	37.5	44.5	56	62	58.5	13	36.5	53.5	25	21.5	37	14.5	30.5	57.5	42	18	46	43	11.5	56	42	44	19.5	53.5	25.5	25.5	33	35	20.5	41.5	43.5	59.5	29	50.5	40.5	37	60	24.5	66.5	27.5	50.5	24	37	45.5	48.5	19.5	60.5	53	41.5	39.5	0	46.5	34.5	43.5	29	30	59	8	42.5	52	50.5	38	47.5	42.5	41	27.5	42	25	17.5	0	51.5	40.5	44.5	46	31.5	35	30.5	51.5	11	41	56.5	45	34	34.5	49	45	23	57.5	51.5	22	56.5	31	55.5	38	20	60	30.5	56.5	27	32	35	22	49.5	38	
39	43	30.5	62	80.5	77.5	81	23	39.5	42.5	28	87.5	52.5	25	38	77.5	31	72.5	48	20	50.5	25	73	21	16.5	67.5	19	52.5	29	77	50.5	36	28.5	54	35	73	28.5	57.5	59.5	62.5	46	16.5	73.5	71.5	44	67	65	65	32.5	29.5	60	59	49	71	36.5	80	21	42.5	20.5	64	29	32	3	33.5	48.5	30	72	46	70	37.5	34	51	51.5	5	46	67	34.5	35.5	66.5	43.5	37	28.5	45	32.5	83	58	54.5	38	73.5	60.5	48	51.5	0	46	31	11.5	22	60.5	23	69	40.5	74.5	39	50.5	39.5	31	21.5	50.5	52.5	18	79	61.5	64	34.5	20	32.5	45.5	20.5	60	62	38.5	63.5	29.5	41.5	2	77.5	
85	51	59.5	16	38.5	31.5	35	57	79.5	21.5	52	41.5	41.5	59	72	41.5	55	26.5	2	44	9.5	39	27	45	50.5	21.5	53	41.5	53	31	29.5	58	47.5	40	29	27	62.5	36.5	13.5	16.5	48	50.5	27.5	25.5	50	21	29	29	51.5	69.5	34	13	3	25	45.5	34	35	11.5	54.5	30	63	62	49	60.5	17.5	64	26	40	24	71.5	68	15	40.5	41	20	21	13.5	14.5	20.5	32.5	77	62.5	79	76.5	37	12	13.5	42	27.5	29.5	42	40.5	46	0	65	40.5	68	19.5	69	23	29.5	28.5	73	4.5	18.5	55	55.5	4.5	31.5	52	33	32.5	18	53.5	54	66.5	44.5	54.5	24	16	37.5	22.5	69.5	52.5	44	31.5	
20	34	25.5	69	71.5	68.5	80	8	20.5	61.5	33	78.5	43.5	34	33	68.5	30	73.5	67	39	69.5	44	68	40	25.5	86.5	28	43.5	32	84	55.5	27	37.5	45	54	88	22.5	48.5	76.5	73.5	37	25.5	72.5	74.5	35	84	56	56	33.5	15.5	51	72	68	90	39.5	81	40	61.5	29.5	55	38	23	34	24.5	67.5	1	79	45	89	28.5	3	70	44.5	26	65	74	53.5	54.5	85.5	52.5	18	27.5	26	13.5	78	73	71.5	43	72.5	55.5	43	44.5	31	65	0	30.5	17	65.5	16	82	55.5	71.5	32	69.5	58.5	30	29.5	69.5	53.5	13	82	52.5	83	31.5	11	18.5	40.5	29.5	61	81	47.5	62.5	15.5	32.5	29	68.5	
44.5	41.5	19	56.5	79	72	75.5	22.5	45	37	22.5	82	47	24.5	37.5	78	25.5	67	42.5	14.5	45	19.5	67.5	15.5	16	62	18.5	53	23.5	71.5	45	36.5	23	50.5	29.5	67.5	28	52	54	57	46.5	16	68	66	40.5	61.5	59.5	59.5	27	35	60.5	53.5	43.5	65.5	31	74.5	15.5	37	20	60.5	28.5	32.5	14.5	34	43	29.5	66.5	40.5	64.5	37	33.5	45.5	46	6.5	40.5	61.5	29	30	61	38	42.5	28	44.5	38	77.5	52.5	49	32.5	68	55	42.5	46	11.5	40.5	30.5	0	31.5	55	30.5	63.5	35	69	38.5	45	34	25.5	21	45	47	17.5	73.5	58	58.5	29	19.5	32	40	20	54.5	56.5	33	58	35	38	9.5	72	
17	21	12.5	56	58.5	55.5	67	25	17.5	50.5	20	65.5	30.5	43	30	55.5	17	60.5	70	28	62.5	33	55	27	36.5	85.5	39	30.5	19	71	42.5	14	24.5	32	43	75	14.5	35.5	63.5	60.5	24	36.5	59.5	61.5	22	71	43	43	20.5	7.5	38	59	69	77	26.5	68	37	60.5	42.5	42	39	10	19	11.5	54.5	18	66	32	78	25.5	14	57	31.5	27	52	61	56.5	57.5	76.5	39.5	15	24.5	23	10.5	65	60	58.5	30	59.5	42.5	30	31.5	22	68	17	31.5	0	52.5	1	69	42.5	58.5	29	72.5	53.5	17	21.5	72.5	40.5	30	69	39.5	74	18.5	28	10.5	27.5	42.5	48	84	34.5	49.5	7.5	19.5	24	55.5	
65.5	39.5	56	29.5	32	29	40.5	71.5	66	36	58.5	39	34	73.5	78.5	29	55.5	34	21.5	58.5	10	53.5	28.5	59.5	65	41	67.5	24	57.5	44.5	36	42.5	58	30.5	43.5	46.5	63	29	33	34	32.5	65	33	35	40.5	40.5	21.5	21.5	54	56	16.5	32.5	22.5	44.5	50	41.5	49.5	26	69	20.5	77.5	48.5	63.5	45	32	66.5	39.5	40.5	43.5	74	62.5	29.5	35	55.5	34.5	34.5	28	29	40	43	63.5	73	71.5	59	38.5	31.5	6	48.5	33	26	38.5	35	60.5	19.5	65.5	55	52.5	0	51.5	42.5	44	32	77.5	24	33	55.5	70	24	34	66.5	42.5	23	37.5	52	68.5	59	41	69	26.5	35.5	48	3	56	43	58.5	29	
16	20	11.5	55	57.5	54.5	66	24	16.5	49.5	19	64.5	29.5	42	29	54.5	16	59.5	69	27	61.5	32	54	26	35.5	84.5	38	29.5	18	70	41.5	13	23.5	31	42	74	13.5	34.5	62.5	59.5	23	35.5	58.5	60.5	21	70	42	42	19.5	6.5	37	58	68	76	25.5	67	36	59.5	41.5	41	38	9	20	10.5	53.5	17	65	31	77	24.5	13	56	30.5	28	51	60	57.5	56.5	75.5	38.5	14	23.5	22	9.5	64	59	57.5	29	58.5	41.5	29	30.5	23	69	16	30.5	1	51.5	0	68	41.5	57.5	28	71.5	52.5	16	20.5	71.5	39.5	29	68	38.5	73	17.5	27	9.5	26.5	41.5	47	85	33.5	48.5	6.5	18.5	25	54.5	
82	56	72.5	39	23.5	25.5	32	80	82.5	44.5	75	30.5	50.5	82	95	20.5	72	30.5	25	67	32.5	62	30	68	73.5	24.5	76	40.5	74	34	52.5	59	70.5	47	52	30	79.5	45.5	31.5	34.5	49	73.5	29.5	31.5	57	2	38	38	70.5	72.5	33	36	26	28	66.5	33	58	34.5	77.5	37	86	65	72	61.5	40.5	83	3	57	27	90.5	79	38	51.5	64	43	34	36.5	37.5	23.5	55.5	80	85.5	88	75.5	30	35	36.5	65	29.5	42.5	55	51.5	69	23	82	63.5	69	42.5	68	0	52.5	28.5	94	22.5	41.5	72	78.5	22.5	50.5	75	34	39.5	5	68.5	77	75.5	57.5	77.5	43	19	60.5	39.5	72.5	59.5	67	25.5	
55.5	29.5	46	45.5	52	49	60.5	51.5	56	26	46.5	59	12	53.5	66.5	49	45.5	54	31.5	38.5	34	33.5	48.5	39.5	45	51	47.5	24	47.5	60.5	34	32.5	42	25.5	23.5	56.5	53	29	43	46	22.5	45	53	55	30.5	50.5	36.5	36.5	44	46	31.5	42.5	32.5	54.5	40	61.5	29.5	26	49	35.5	57.5	38.5	43.5	35	32	56.5	55.5	30.5	53.5	64	52.5	34.5	11	35.5	29.5	50.5	18	19	50	3	53.5	57	61.5	49	58.5	41.5	38	36.5	53	36	28.5	11	40.5	29.5	55.5	35	42.5	44	41.5	52.5	0	52	67.5	34	23	45.5	50	34	34	46.5	62.5	33	47.5	42	48.5	49	31	49	41.5	45.5	32	43	46	33	38.5	49	
71.5	45.5	62	30.5	18	3	26.5	79.5	72	50	64.5	25	40	87.5	84.5	15	61.5	2	30.5	72.5	38	67.5	19.5	71.5	79	35	81.5	30	63.5	30.5	42	48.5	64	36.5	57.5	34.5	69	35	33	30	38.5	79	1	3	46.5	30.5	27.5	27.5	60	62	22.5	33.5	31.5	36.5	56	27.5	63.5	40	83	26.5	91.5	54.5	77.5	51	44	72.5	25.5	46.5	37.5	80	68.5	41.5	41	69.5	46.5	25.5	42	43	34	49	69.5	79	77.5	65	24.5	34.5	38	54.5	1	32	44.5	41	74.5	28.5	71.5	69	58.5	32	57.5	28.5	52	0	83.5	28	47	61.5	76	28	40	80.5	28.5	29	31.5	58	82.5	65	47	83	32.5	29.5	54	29	62	49	72.5	3	
12	46	37.5	81	83.5	80.5	92	40	17.5	69.5	45	90.5	55.5	14	1	80.5	42	85.5	75	47	77.5	52	80	48	28.5	94.5	26	55.5	44	96	67.5	39	49.5	57	62	100	34.5	60.5	86.5	85.5	49	28.5	84.5	86.5	47	94	68	68	45.5	27.5	63	84	76	98	51.5	93	48	69.5	22.5	67	10	35	42	36.5	75.5	33	91	57	97	25.5	29	78	56.5	34	73	86	61.5	62.5	93.5	64.5	20	34.5	6	20.5	90	85	81.5	55	84.5	67.5	55	56.5	39	73	32	38.5	29	77.5	28	94	67.5	83.5	0	77.5	66.5	42	41.5	77.5	65.5	35	94	64.5	91	43.5	37	30.5	52.5	22.5	73	89	59.5	74.5	27.5	44.5	37	80.5	
85.5	55.5	64	20.5	38	31	34.5	61.5	84	26	56.5	41	46	63.5	76.5	39	59.5	26	6.5	48.5	14	43.5	26.5	49.5	55	21	57.5	44	57.5	30.5	34	62.5	52	44.5	33.5	26.5	67	41	9	12	52.5	55	27	25	54.5	20.5	33.5	33.5	56	74	36.5	17.5	7.5	24.5	50	33.5	39.5	16	59	34.5	67.5	66.5	53.5	65	22	68.5	25.5	44.5	23.5	76	72.5	19.5	45	45.5	24.5	20.5	18	19	20	37	81.5	67	83.5	79	36.5	16.5	18	46.5	27	34	46.5	45	50.5	4.5	69.5	45	72.5	24	71.5	22.5	34	28	77.5	0	23	59.5	60	0	36	56.5	32.5	37	17.5	58	58.5	71	49	59	28.5	15.5	42	27	74	57	48.5	31	
66.5	40.5	53	34.5	53	50	53.5	50.5	67	3	45.5	60	35	52.5	65.5	50	48.5	45	20.5	37.5	23	32.5	45.5	38.5	44	40	46.5	23	46.5	49.5	11	43.5	41	31.5	22.5	45.5	56	18	32	35	33.5	44	46	44	41.5	39.5	37.5	37.5	45	57	32.5	31.5	21.5	43.5	39	52.5	28.5	15	48	36.5	56.5	49.5	42.5	46	21	57.5	44.5	33.5	42.5	65	61.5	23.5	34	34.5	18.5	39.5	5	4	39	26	64.5	56	72.5	60	55.5	30.5	27	35.5	46	33	35.5	34	39.5	18.5	58.5	34	53.5	33	52.5	41.5	23	47	66.5	23	0	48.5	49	23	13	45.5	51.5	34	36.5	47	47.5	60	38	48	32.5	34.5	31	36	57	44	37.5	50	
30	24	20.5	59	61.5	58.5	70	38	30.5	51.5	3	68.5	33.5	44	43	58.5	0	63.5	57	11	59.5	34	58	10	35.5	76.5	38	33.5	2	74	45.5	17	27.5	35	44	78	27.5	38.5	66.5	63.5	27	35.5	62.5	64.5	25	74	46	46	23.5	20.5	41	62	58	80	29.5	71	30	51.5	39.5	45	48	7	34	14.5	57.5	31	69	35	79	38.5	27	60	34.5	26	55	64	43.5	44.5	75.5	42.5	28	37.5	36	23.5	68	63	61.5	33	62.5	45.5	33	34.5	31	55	30	25.5	17	55.5	16	72	45.5	61.5	42	59.5	48.5	0	34.5	59.5	43.5	37	72	42.5	73	21.5	39	23.5	30.5	39.5	51	71	37.5	52.5	20.5	22.5	29	58.5	
29.5	38.5	30	71.5	76	73	84.5	27.5	30	52	37.5	83	48	29.5	42.5	73	34.5	78	57.5	29.5	60	34.5	72.5	30.5	21	77	23.5	48	36.5	86.5	60	31.5	38	49.5	44.5	82.5	7	53	69	72	41.5	21	77	79	39.5	76.5	60.5	60.5	38	14	55.5	68.5	58.5	80.5	44	85.5	30.5	52	25	59.5	33.5	27.5	24.5	29	58	30.5	81.5	49.5	79.5	38	26.5	60.5	49	16.5	55.5	76.5	44	45	76	53	27.5	33	35.5	23	82.5	67.5	64	47.5	77	60	47.5	49	21.5	55.5	29.5	21	21.5	70	20.5	78.5	50	76	41.5	60	49	34.5	0	60	58	22.5	86.5	57	73.5	36	24.5	11	45	25	65.5	71.5	48	67	14	37	19.5	73	
85.5	55.5	64	20.5	38	31	34.5	61.5	84	26	56.5	41	46	63.5	76.5	39	59.5	26	6.5	48.5	14	43.5	26.5	49.5	55	21	57.5	44	57.5	30.5	34	62.5	52	44.5	33.5	26.5	67	41	9	12	52.5	55	27	25	54.5	20.5	33.5	33.5	56	74	36.5	17.5	7.5	24.5	50	33.5	39.5	16	59	34.5	67.5	66.5	53.5	65	22	68.5	25.5	44.5	23.5	76	72.5	19.5	45	45.5	24.5	20.5	18	19	20	37	81.5	67	83.5	79	36.5	16.5	18	46.5	27	34	46.5	45	50.5	4.5	69.5	45	72.5	24	71.5	22.5	34	28	77.5	0	23	59.5	60	0	36	56.5	32.5	37	17.5	58	58.5	71	49	59	28.5	15.5	42	27	74	57	48.5	31	
53.5	27.5	44	37.5	40	37	48.5	61.5	54	10	46.5	47	22	65.5	66.5	37	43.5	42	33.5	50.5	36	45.5	36.5	51.5	57	53	59.5	10	45.5	52.5	2	30.5	46	18.5	35.5	56.5	51	5	45	42	20.5	57	41	43	28.5	52.5	24.5	24.5	42	44	19.5	40.5	34.5	56.5	38	49.5	41.5	28	61	23.5	69.5	36.5	55.5	33	34	54.5	47.5	28.5	55.5	62	50.5	36.5	23	47.5	31.5	42.5	18	17	52	31	51.5	61	59.5	47	46.5	41.5	40	36.5	41	24	26.5	23	52.5	31.5	53.5	47	40.5	34	39.5	50.5	34	40	65.5	36	13	43.5	58	36	0	58.5	50.5	21	49.5	40	60.5	47	29	61	29.5	47.5	36	31	44	31	50.5	37	
33	47	36.5	68	84.5	81.5	87	5	33.5	48.5	34	91.5	56.5	21	34	81.5	37	78.5	54	26	56.5	31	79	27	12.5	73.5	15	56.5	35	83	56.5	40	34.5	58	41	79	29.5	61.5	65.5	68.5	50	12.5	79.5	77.5	48	73	69	69	38.5	28.5	64	65	55	77	42.5	86	27	48.5	16.5	68	25	36	21	37.5	54.5	12	78	52	76	33.5	16	57	57.5	13	52	73	40.5	41.5	72.5	49.5	31	24.5	39	26.5	89	64	60.5	44	79.5	66.5	54	57.5	18	52	13	17.5	30	66.5	29	75	46.5	80.5	35	56.5	45.5	37	22.5	56.5	58.5	0	85	65.5	70	40.5	2	31.5	51.5	16.5	66	68	44.5	69.5	28.5	45.5	16	81.5	
82	56	72.5	41	18.5	25.5	2	90	82.5	54.5	75	20.5	50.5	92	95	15.5	72	30.5	35	77	42.5	72	30	78	83.5	24.5	86	40.5	74	2	52.5	59	74.5	47	62	6	79.5	45.5	41.5	40.5	49	83.5	29.5	31.5	57	34	38	38	70.5	72.5	33	44	36	8	66.5	1	68	44.5	87.5	37	96	65	82	61.5	50.5	83	31	57	9	90.5	79	48	51.5	74	53	36	46.5	47.5	28.5	59.5	80	89.5	88	75.5	4	45	46.5	65	29.5	42.5	55	51.5	79	33	82	73.5	69	42.5	68	34	62.5	28.5	94	32.5	51.5	72	86.5	32.5	50.5	85	0	39.5	31	68.5	87	75.5	57.5	87.5	43	17	64.5	39.5	72.5	59.5	77	25.5	
52.5	26.5	43	26.5	29	26	37.5	60.5	53	31	45.5	36	21	76.5	65.5	26	42.5	31	34.5	53.5	33	48.5	25.5	52.5	68	54	70.5	11	44.5	41.5	23	29.5	45	17.5	38.5	45.5	50	16	34	31	19.5	68	30	32	27.5	41.5	13.5	13.5	41	43	8.5	29.5	35.5	47.5	37	38.5	52.5	21	72	12.5	74.5	35.5	58.5	32	15	53.5	36.5	27.5	48.5	61	49.5	27.5	22	58.5	27.5	31.5	31	32	47	30	50.5	60	58.5	46	35.5	30.5	29	35.5	30	3	25.5	22	61.5	32.5	52.5	58	39.5	23	38.5	39.5	33	29	64.5	37	34	42.5	57	37	21	65.5	39.5	0	44.5	39	63.5	46	28	72	18.5	48.5	35	20	43	30	61.5	26	
87	61	77.5	34	28.5	30.5	33	75	87.5	39.5	70	35.5	55.5	77	90	25.5	73	29.5	20	62	27.5	57	35	63	68.5	19.5	71	45.5	71	29	47.5	64	65.5	52	47	25	80.5	50.5	26.5	29.5	54	68.5	30.5	28.5	62	3	43	43	69.5	77.5	38	31	21	23	63.5	32	53	29.5	72.5	42	81	70	67	66.5	35.5	82	8	58	22	89.5	84	33	56.5	59	38	29	31.5	32.5	18.5	50.5	85	80.5	93	80.5	35	30	31.5	60	30.5	47.5	60	56.5	64	18	83	58.5	74	37.5	73	5	47.5	31.5	91	17.5	36.5	73	73.5	17.5	49.5	70	31	44.5	0	71.5	72	80.5	62.5	72.5	42	14	55.5	40.5	77.5	64.5	62	30.5	
31.5	20.5	22	55.5	58	55	66.5	39.5	32	50	24.5	65	30	47.5	44.5	55	21.5	60	55.5	32.5	58	32.5	54.5	31.5	39	75	41.5	30	23.5	70.5	42	13.5	6	31.5	42.5	74.5	29	35	63	60	23.5	39	59	61	21.5	70.5	42.5	42.5	2	22	37.5	58.5	56.5	76.5	26	67.5	28.5	50	43	41.5	51.5	14.5	37.5	7	54	32.5	65.5	31.5	77.5	40	28.5	56.5	31	29.5	51.5	60.5	42	43	74	39	29.5	39	37.5	25	64.5	59.5	58	29.5	59	42	29.5	31	34.5	53.5	31.5	29	18.5	52	17.5	68.5	42	58	43.5	58	47	21.5	36	58	40	40.5	68.5	39	71.5	0	42.5	25	27	43	47.5	69.5	34	49	22	19	32.5	55	
31	45	36.5	70	82.5	79.5	89	3	31.5	50.5	36	89.5	54.5	23	36	79.5	39	80.5	56	28	58.5	33	79	29	14.5	75.5	17	54.5	37	85	58.5	38	36.5	56	43	81	31.5	59.5	67.5	70.5	48	14.5	81.5	79.5	46	75	67	67	40.5	26.5	62	67	57	79	44.5	88	29	50.5	18.5	66	27	34	23	35.5	56.5	10	80	54	78	35.5	14	59	55.5	15	54	75	42.5	43.5	74.5	51.5	29	26.5	37	24.5	89	66	62.5	46	81.5	66.5	54	55.5	20	54	11	19.5	28	68.5	27	77	48.5	82.5	37	58.5	47.5	39	24.5	58.5	60.5	2	87	63.5	72	42.5	0	29.5	51.5	18.5	68	70	46.5	71.5	26.5	43.5	18	79.5	
18.5	27.5	19	62.5	65	62	73.5	26.5	19	57	26.5	72	37	40.5	31.5	62	23.5	67	68.5	34.5	69	39.5	61.5	33.5	32	88	34.5	37	25.5	77.5	49	20.5	31	38.5	49.5	81.5	4	42	70	67	30.5	32	66	68	28.5	77.5	49.5	49.5	27	3	44.5	65.5	69.5	83.5	33	74.5	41.5	63	36	48.5	40.5	16.5	29.5	18	61	19.5	72.5	38.5	84.5	27	15.5	63.5	38	27.5	58.5	67.5	55	56	83	46	16.5	26	24.5	12	71.5	66.5	65	36.5	66	49	36.5	38	32.5	66.5	18.5	32	10.5	59	9.5	75.5	49	65	30.5	71	60	23.5	11	71	47	31.5	75.5	46	80.5	25	29.5	0	34	36	54.5	82.5	41	56	3	26	30.5	62	
40.5	14.5	31	44.5	47	44	55.5	48.5	41	39	33.5	54	19	58.5	53.5	44	30.5	49	46.5	41.5	49	36.5	43.5	40.5	50	66	52.5	19	32.5	59.5	31	17.5	33	20.5	31.5	63.5	38	24	52	49	12.5	50	48	50	15.5	59.5	31.5	31.5	29	31	26.5	47.5	47.5	65.5	25	56.5	34.5	41	54	30.5	62.5	23.5	46.5	20	43	41.5	54.5	20.5	66.5	49	37.5	45.5	20	40.5	40.5	49.5	33	34	65	28	38.5	48	46.5	34	53.5	48.5	47	23.5	48	31	18.5	20	45.5	44.5	40.5	40	27.5	41	26.5	57.5	31	47	52.5	49	38	30.5	45	49	29	51.5	57.5	28	62.5	27	51.5	34	0	54	36.5	60.5	7	38	31	18	43.5	44	
30.5	55.5	39	70.5	93	86	89.5	21.5	25	51	36.5	96	61	8.5	21.5	94	39.5	81	56.5	28.5	59	33.5	81.5	29.5	10	76	7.5	69	37.5	85.5	59	52.5	37	64.5	43.5	81.5	32	66	68	71	62.5	10	82	80	54.5	75.5	73.5	73.5	41	39	76.5	67.5	57.5	79.5	45	88.5	29.5	51	0	74.5	12.5	46.5	23.5	50	57	28.5	80.5	54.5	78.5	17	32.5	59.5	60	15.5	54.5	75.5	43	44	75	52	31.5	22	28.5	34	91.5	66.5	63	46.5	82	69	56.5	60	20.5	54.5	29.5	20	42.5	69	41.5	77.5	49	83	22.5	59	48	39.5	25	59	61	16.5	87.5	72	72.5	43	18.5	36	54	0	68.5	70.5	47	72	39	52	18.5	86	
61	35	51.5	30	32.5	29.5	41	69	61.5	35.5	54	39.5	29.5	73	74	29.5	51	34.5	26	58	28.5	53	29	59	64.5	45.5	67	19.5	53	45	31.5	38	53.5	26	43	49	58.5	24.5	37.5	34.5	28	64.5	33.5	35.5	36	45	5	5	49.5	51.5	10	33	27	49	45.5	42	49	25.5	68.5	6	77	44	63	40.5	31.5	62	40	36	48	69.5	58	9	30.5	55	34	35	27.5	28.5	44.5	38.5	59	68.5	67	54.5	39	34	32.5	44	33.5	21.5	34	30.5	60	24	61	54.5	48	26.5	47	43	41.5	32.5	73	28.5	32.5	51	65.5	28.5	29.5	66	43	18.5	42	47.5	68	54.5	36.5	68.5	0	40	43.5	23.5	51.5	38.5	58	29.5	
99	67	75.5	32	29.5	32.5	19	73	95.5	37.5	68	27.5	57.5	75	88	32.5	71	27.5	18	60	25.5	55	33	61	66.5	7.5	69	57.5	69	15	45.5	74	63.5	56	45	11	78.5	52.5	24.5	27.5	64	66.5	28.5	26.5	66	17	45	45	67.5	85.5	50	29	19	9	61.5	18	51	27.5	70.5	46	79	78	65	76.5	33.5	80	22	56	8	87.5	84	31	56.5	57	36	27	29.5	30.5	11.5	48.5	93	78.5	95	92.5	21	28	29.5	58	28.5	45.5	58	56.5	62	16	81	56.5	84	35.5	85	19	45.5	29.5	89	15.5	34.5	71	71.5	15.5	47.5	68	17	48.5	14	69.5	70	82.5	60.5	70.5	40	0	53.5	38.5	85.5	68.5	60	32.5	
47.5	21.5	38	51.5	54	51	62.5	49.5	48	34	40.5	61	26	51.5	60.5	51	37.5	56	39.5	36.5	42	31.5	50.5	37.5	43	59	45.5	26	39.5	66.5	38	24.5	40	27.5	26.5	64.5	45	31	51	54	19.5	43	55	57	22.5	58.5	38.5	38.5	36	38	33.5	50.5	40.5	62.5	32	63.5	27.5	34	47	37.5	55.5	30.5	41.5	27	40	48.5	61.5	27.5	61.5	56	44.5	42.5	27	33.5	37.5	56.5	26	27	58	35	45.5	55	53.5	41	60.5	49.5	46	30.5	55	38	25.5	27	38.5	37.5	47.5	33	34.5	48	33.5	60.5	32	54	59.5	42	31	37.5	48	42	36	44.5	64.5	35	55.5	34	46.5	41	7	47	43.5	53.5	0	45	38	25	36.5	51	
62.5	36.5	53	26.5	29	26	37.5	70.5	63	39	55.5	36	31	76.5	75.5	26	52.5	31	24.5	61.5	13	56.5	25.5	62.5	68	44	70.5	21	54.5	41.5	33	39.5	55	27.5	46.5	45.5	60	26	34	31	29.5	68	30	32	37.5	41.5	18.5	18.5	51	53	13.5	29.5	25.5	47.5	47	38.5	52.5	29	72	17.5	80.5	45.5	66.5	42	35	63.5	36.5	37.5	46.5	71	59.5	32.5	32	58.5	37.5	31.5	31	32	43	40	60.5	70	68.5	56	35.5	30.5	9	45.5	30	23	35.5	32	63.5	22.5	62.5	58	49.5	3	48.5	39.5	43	29	74.5	27	36	52.5	67	27	31	69.5	39.5	20	40.5	49	71.5	56	38	72	23.5	38.5	45	0	53	40	61.5	26	
15.5	24.5	16	59.5	62	59	70.5	23.5	16	54	23.5	69	34	41.5	28.5	59	20.5	64	71.5	31.5	66	36.5	58.5	30.5	35	89	37.5	34	22.5	74.5	46	17.5	28	35.5	46.5	78.5	7	39	67	64	27.5	35	63	65	25.5	74.5	46.5	46.5	24	0	41.5	62.5	72.5	80.5	30	71.5	40.5	64	39	45.5	37.5	13.5	26.5	15	58	16.5	69.5	35.5	81.5	24	12.5	60.5	35	30.5	55.5	64.5	58	59	80	43	13.5	23	21.5	9	68.5	63.5	62	33.5	63	46	33.5	35	29.5	69.5	15.5	35	7.5	56	6.5	72.5	46	62	27.5	74	57	20.5	14	74	44	28.5	72.5	43	77.5	22	26.5	3	31	39	51.5	85.5	38	53	0	23	31.5	59	
32.5	11.5	23	46.5	49	46	57.5	40.5	33	41	25.5	56	21	56.5	45.5	46	22.5	51	54.5	33.5	53	28.5	45.5	32.5	48	74	50.5	21	24.5	61.5	33	9.5	25	22.5	33.5	65.5	30	26	54	51	14.5	48	50	52	12.5	61.5	33.5	33.5	21	23	28.5	49.5	55.5	67.5	7	58.5	32.5	49	52	32.5	54.5	15.5	38.5	12	45	33.5	56.5	22.5	68.5	41	29.5	47.5	22	38.5	42.5	51.5	41	42	67	30	30.5	40	38.5	26	55.5	50.5	49	20.5	50	33	20.5	22	41.5	52.5	32.5	38	19.5	43	18.5	59.5	33	49	44.5	57	44	22.5	37	57	31	45.5	59.5	30	64.5	19	43.5	26	18	52	38.5	68.5	25	40	23	0	41.5	46	
41	45	28.5	60	82.5	75.5	79	21	41.5	40.5	26	85.5	50.5	23	36	79.5	29	70.5	46	18	48.5	23	71	19	14.5	65.5	17	54.5	27	75	48.5	38	26.5	54	33	71	26.5	55.5	57.5	60.5	48	14.5	71.5	69.5	44	65	63	63	30.5	31.5	62	57	47	69	34.5	78	19	40.5	18.5	64	27	34	5	35.5	46.5	28	70	44	68	35.5	32	49	49.5	3	44	65	32.5	33.5	64.5	41.5	39	26.5	43	34.5	81	56	52.5	36	71.5	58.5	46	49.5	2	44	29	9.5	24	58.5	25	67	38.5	72.5	37	48.5	37.5	29	19.5	48.5	50.5	16	77	61.5	62	32.5	18	30.5	43.5	18.5	58	60	36.5	61.5	31.5	41.5	0	75.5	
68.5	42.5	59	27.5	15	0	23.5	76.5	69	47	61.5	22	37	90.5	81.5	12	58.5	5	33.5	69.5	39	64.5	16.5	68.5	82	38	84.5	27	60.5	27.5	39	45.5	61	33.5	54.5	31.5	66	32	30	27	35.5	82	4	6	43.5	27.5	24.5	24.5	57	59	19.5	30.5	34.5	33.5	53	24.5	66.5	43	86	23.5	90.5	51.5	74.5	48	41	69.5	22.5	43.5	34.5	77	65.5	38.5	38	72.5	43.5	22.5	45	46	33	46	66.5	76	74.5	62	21.5	31.5	35	51.5	4	29	41.5	38	77.5	31.5	68.5	72	55.5	29	54.5	25.5	49	3	80.5	31	50	58.5	73	31	37	81.5	25.5	26	30.5	55	79.5	62	44	86	29.5	32.5	51	26	59	46	75.5	0	
