Number of items: 125
Horizon: 6
Time limit: 1000
Load limit: 7500
Initial item inventory level
48
26
216
158
96
297
57
150
210
65
24
24
196
144
66
267
26
63
22
69
132
60
87
80
17
252
71
10
148
152
57
59
84
39
249
99
78
81
228
192
190
76
52
24
134
76
154
73
201
102
96
122
249
58
77
170
140
52
58
132
246
50
20
86
138
194
158
194
48
64
87
94
21
36
162
96
76
240
81
194
162
84
114
140
70
92
186
100
132
273
258
190
128
204
100
34
93
297
15
138
156
96
87
100
240
26
45
291
98
27
129
118
170
79
136
80
231
50
94
134
150
90
23
100
62
Maximum inventory capacity per item
64
39
288
237
128
396
114
200
280
130
36
48
294
192
132
356
39
126
44
138
198
90
116
160
34
336
142
20
222
228
114
118
126
78
332
198
156
108
304
256
285
152
104
48
201
152
231
146
268
153
128
183
332
116
154
255
210
104
116
176
328
75
30
172
184
291
237
291
64
128
174
141
42
72
243
144
114
320
108
291
243
112
152
210
105
184
279
150
176
364
344
285
192
272
150
51
124
396
30
184
234
144
174
150
320
52
90
388
147
54
172
177
255
158
204
160
308
75
188
201
200
135
46
150
93
Reserve storage replenishment rate per item and per period
96	0	0	96	0	0	
78	0	0	78	0	0	
432	0	0	432	0	0	
474	0	0	474	0	0	
192	0	0	192	0	0	
594	0	0	594	0	0	
342	0	0	342	0	0	
300	0	0	300	0	0	
420	0	0	420	0	0	
390	0	0	390	0	0	
72	0	0	72	0	0	
144	0	0	144	0	0	
588	0	0	588	0	0	
288	0	0	288	0	0	
396	0	0	396	0	0	
534	0	0	534	0	0	
78	0	0	78	0	0	
378	0	0	378	0	0	
132	0	0	132	0	0	
414	0	0	414	0	0	
396	0	0	396	0	0	
180	0	0	180	0	0	
174	0	0	174	0	0	
480	0	0	480	0	0	
102	0	0	102	0	0	
504	0	0	504	0	0	
426	0	0	426	0	0	
60	0	0	60	0	0	
444	0	0	444	0	0	
456	0	0	456	0	0	
342	0	0	342	0	0	
354	0	0	354	0	0	
252	0	0	252	0	0	
234	0	0	234	0	0	
498	0	0	498	0	0	
594	0	0	594	0	0	
468	0	0	468	0	0	
162	0	0	162	0	0	
456	0	0	456	0	0	
384	0	0	384	0	0	
570	0	0	570	0	0	
456	0	0	456	0	0	
312	0	0	312	0	0	
144	0	0	144	0	0	
402	0	0	402	0	0	
456	0	0	456	0	0	
462	0	0	462	0	0	
438	0	0	438	0	0	
402	0	0	402	0	0	
306	0	0	306	0	0	
192	0	0	192	0	0	
366	0	0	366	0	0	
498	0	0	498	0	0	
348	0	0	348	0	0	
462	0	0	462	0	0	
510	0	0	510	0	0	
420	0	0	420	0	0	
312	0	0	312	0	0	
348	0	0	348	0	0	
264	0	0	264	0	0	
492	0	0	492	0	0	
150	0	0	150	0	0	
60	0	0	60	0	0	
516	0	0	516	0	0	
276	0	0	276	0	0	
582	0	0	582	0	0	
474	0	0	474	0	0	
582	0	0	582	0	0	
96	0	0	96	0	0	
384	0	0	384	0	0	
522	0	0	522	0	0	
282	0	0	282	0	0	
126	0	0	126	0	0	
216	0	0	216	0	0	
486	0	0	486	0	0	
288	0	0	288	0	0	
228	0	0	228	0	0	
480	0	0	480	0	0	
162	0	0	162	0	0	
582	0	0	582	0	0	
486	0	0	486	0	0	
168	0	0	168	0	0	
228	0	0	228	0	0	
420	0	0	420	0	0	
210	0	0	210	0	0	
552	0	0	552	0	0	
558	0	0	558	0	0	
300	0	0	300	0	0	
264	0	0	264	0	0	
546	0	0	546	0	0	
516	0	0	516	0	0	
570	0	0	570	0	0	
384	0	0	384	0	0	
408	0	0	408	0	0	
300	0	0	300	0	0	
102	0	0	102	0	0	
186	0	0	186	0	0	
594	0	0	594	0	0	
90	0	0	90	0	0	
276	0	0	276	0	0	
468	0	0	468	0	0	
288	0	0	288	0	0	
522	0	0	522	0	0	
300	0	0	300	0	0	
480	0	0	480	0	0	
156	0	0	156	0	0	
270	0	0	270	0	0	
582	0	0	582	0	0	
294	0	0	294	0	0	
162	0	0	162	0	0	
258	0	0	258	0	0	
354	0	0	354	0	0	
510	0	0	510	0	0	
474	0	0	474	0	0	
408	0	0	408	0	0	
480	0	0	480	0	0	
462	0	0	462	0	0	
150	0	0	150	0	0	
564	0	0	564	0	0	
402	0	0	402	0	0	
300	0	0	300	0	0	
270	0	0	270	0	0	
138	0	0	138	0	0	
300	0	0	300	0	0	
186	0	0	186	0	0	
Forward storage demand rate per item and per period
16	21	16	16	11	17	
13	8	6	4	12	14	
72	77	62	60	93	112	
79	92	83	89	54	60	
32	37	36	38	19	22	
99	71	112	57	130	158	
57	9	63	54	74	62	
50	80	73	49	46	79	
70	76	88	104	70	41	
65	27	116	37	74	100	
12	15	13	14	11	14	
24	23	39	38	37	46	
98	56	95	189	143	66	
48	28	51	65	50	39	
66	26	51	76	64	76	
89	161	50	143	36	82	
13	8	17	11	21	16	
63	83	60	48	59	103	
22	29	22	20	3	26	
69	20	52	114	77	94	
66	51	64	12	54	116	
30	34	30	20	22	7	
29	27	10	41	31	23	
80	101	34	104	118	130	
17	14	19	26	23	14	
84	74	29	91	27	133	
71	96	130	43	71	73	
10	12	15	10	13	11	
74	52	38	42	25	63	
76	65	33	36	66	103	
57	102	67	75	29	36	
59	57	66	78	106	65	
42	60	46	50	16	4	
39	42	34	14	57	16	
83	136	20	56	134	79	
99	176	45	59	185	161	
78	62	42	81	60	29	
27	23	15	45	24	7	
76	62	58	123	34	73	
64	81	53	53	41	50	
95	49	93	36	132	158	
76	96	69	32	129	82	
52	72	13	67	73	45	
24	27	24	29	20	14	
67	18	89	41	75	30	
76	77	80	68	39	47	
77	97	90	91	102	48	
73	79	78	2	139	68	
67	94	92	11	92	77	
51	82	31	27	48	67	
32	22	28	47	14	7	
61	33	77	68	51	22	
83	91	33	106	38	81	
58	67	87	37	38	28	
77	98	88	57	77	32	
85	28	73	93	40	91	
70	17	67	71	30	110	
52	82	28	35	29	53	
58	73	78	54	43	76	
44	10	25	50	13	46	
82	138	70	71	59	71	
25	11	30	46	33	16	
10	10	9	7	5	5	
86	111	109	106	144	39	
46	10	46	51	52	79	
97	100	84	149	151	81	
79	72	95	90	53	58	
97	153	148	99	26	97	
16	8	10	10	16	13	
64	79	99	56	116	44	
87	109	117	67	89	121	
47	51	61	37	42	49	
21	16	21	19	30	15	
36	29	48	15	29	66	
81	34	80	65	52	70	
48	69	62	49	49	42	
38	31	32	47	61	40	
80	77	72	59	43	42	
27	29	36	28	22	7	
97	29	156	109	56	104	
81	15	104	106	111	114	
28	16	15	43	42	46	
38	33	30	29	35	15	
70	69	82	20	74	71	
35	61	41	17	11	40	
92	132	166	156	58	132	
93	93	170	16	45	76	
50	29	6	50	60	25	
44	57	29	45	46	69	
91	75	145	58	38	70	
86	129	107	69	140	137	
95	124	132	103	69	139	
64	23	45	21	86	90	
68	123	63	63	105	99	
50	48	68	85	78	8	
17	20	8	32	4	18	
31	38	19	39	50	14	
99	19	161	97	40	122	
15	14	10	25	17	13	
46	61	30	38	90	48	
78	94	132	90	47	68	
48	85	63	55	42	63	
87	76	113	154	114	56	
50	42	25	79	21	16	
80	34	29	60	112	137	
26	16	8	36	28	32	
45	82	51	48	67	51	
97	50	77	101	103	122	
49	51	4	50	69	27	
27	33	24	27	21	25	
43	58	22	36	44	25	
59	52	52	48	65	69	
85	127	47	97	133	108	
79	64	52	93	88	120	
68	56	47	102	79	106	
80	58	63	48	102	12	
77	10	62	90	54	71	
25	22	18	16	43	12	
94	135	163	119	83	103	
67	47	69	49	127	78	
50	62	43	34	12	15	
45	51	20	66	63	51	
23	26	9	28	29	22	
50	52	83	73	46	77	
31	36	39	8	25	51	
Distance matrix
0	18.5	63	48	78	22.5	58	42.5	32.5	77.5	29.5	70	25.5	61	65.5	53	70	29.5	20.5	52.5	15	78	60.5	30	75	70.5	30	27.5	27	69	18	32.5	76.5	7	38.5	28	45	15	79.5	16	14.5	45.5	78	25	14	57	72.5	90.5	64	45	5.5	30.5	86	17	39.5	19	65	36.5	23.5	60.5	48.5	41.5	92.5	52.5	83	48	40	30.5	14	30.5	48	41.5	63	74.5	19	72	22	19	18	64	32	94	17.5	65	75.5	40.5	42.5	11.5	47	81	76	7	97	87.5	38.5	37	57.5	64	80	78.5	56	21	29.5	22.5	74.5	47.5	31	56	41	76.5	16.5	63	68	81	68.5	43	90.5	76	29.5	36.5	63.5	58	47.5	17.5	13.5	5.5	
18.5	0	66.5	51.5	73.5	34	61.5	46	36	81	27	73.5	31	64.5	69	48.5	51.5	33	24	44	33.5	63.5	64	33.5	56.5	74	33.5	29	29.5	72.5	21.5	36	80	25.5	42	31.5	36.5	33.5	83	24.5	18	49	81.5	28.5	17.5	60.5	54	76	47.5	36.5	19	34	85.5	25.5	43	22.5	56.5	40	5	56	38	45	94	44	78.5	51.5	43.5	34	32.5	34	33.5	45	48.5	78	22.5	75.5	25.5	27.5	36.5	67.5	35.5	77.5	21	68.5	79	44	46	25	44.5	84.5	75.5	15.5	84.5	79	42	40.5	39	67.5	71.5	78	55.5	35.5	33	26	78	29	34.5	55.5	44.5	80	30	48.5	63.5	84.5	68	28.5	86	79.5	33	40	53	43.5	39	21	27	19	
63	66.5	0	41	15	80.5	41	40.5	60.5	30.5	77.5	23	81.5	34	18.5	54	37	37.5	58.5	54.5	78	29	28.5	43	32	23.5	63	79.5	80	6	61	60.5	29.5	70	26.5	41	62	78	32.5	69	52.5	53.5	31	58	57	40	34.5	31.5	43	62	63.5	48.5	39	70	57.5	52	42	54.5	71.5	46.5	58.5	39.5	45.5	54.5	34	21	43	48.5	77	48.5	59	59.5	44	27.5	62	25	45	72	81	27	65	33	55.5	18	28.5	28.5	30.5	69.5	60	34	13	60	40	34.5	46.5	60	49.5	37	17	31.5	49	84	47.5	60.5	27.5	59.5	64	49	54	29.5	74.5	44	39	34	36.5	64	41.5	29	47.5	54.5	43.5	49	59.5	55.5	71.5	63.5	
48	51.5	41	0	44	59.5	34	25.5	45.5	55.5	52.5	48	56.5	39	43.5	29	22	22.5	43.5	29.5	63	34	38.5	28	27	48.5	48	54.5	55	47	46	45.5	50.5	55	16.5	26	37	63	57.5	54	37.5	36.5	54	43	42	35	24.5	46.5	16	37	48.5	33.5	56	55	42.5	37	27	39.5	56.5	26.5	33.5	24.5	64.5	29.5	49	26	28	33.5	62	33.5	34	40.5	15	52.5	47	50	30	57	64	42	50	48	40.5	43	53.5	18.5	20.5	54.5	35	59	46	45	55	49.5	31.5	45	24.5	38	42	48.5	8	61	32.5	45.5	52.5	34.5	49	8	39	54.5	59.5	15	34	59	38.5	39	56.5	54	32.5	39.5	23.5	24	34.5	40.5	56.5	48.5	
78	73.5	15	44	0	69.5	34	49.5	59.5	29.5	62.5	38	66.5	31	33.5	39	22	52.5	71.5	39.5	77	14	31.5	58	17	26.5	62	64.5	65	9	74	59.5	20.5	85	41.5	56	47	77	37.5	76	67.5	46.5	24	67	72	35	19.5	16.5	28	47	78.5	61.5	26	75	52.5	67	27	55.5	68.5	31.5	43.5	50.5	34.5	39.5	19	36	52	61.5	78	61.5	44	50.5	29	42.5	73	30	60	73	74	28	60	18	70.5	33	43.5	43.5	45.5	80.5	45	31	2	75	25	19.5	53.5	55	34.5	28	2	18.5	36	71	62.5	69.5	32.5	44.5	61	36	51	30.5	75.5	29	24	31	23.5	49	26.5	26	62.5	55.5	28.5	34	44.5	70.5	78.5	78.5	
22.5	34	80.5	59.5	69.5	0	59.5	60	40	85	7	87.5	3	66.5	83	44.5	47.5	47	38	40	27.5	59.5	72	47.5	52.5	82	37.5	5	15.5	78.5	35.5	40	76	29.5	56	45.5	32.5	27.5	93	31.5	32	47	79.5	42.5	31.5	60.5	50	72	43.5	32.5	17	48	81.5	30.5	43	36.5	52.5	46	29	52	34	59	90	40	74.5	65.5	57.5	48	28.5	48	29.5	41	44.5	92	36.5	85.5	39.5	28.5	24.5	73.5	35.5	73.5	35	82.5	93	58	60	11	40.5	86.5	71.5	24.5	80.5	75	54	40.5	35	63.5	67.5	74	51.5	21.5	47	40	88	25	36.5	51.5	46.5	86	6	44.5	59.5	86.5	64	24.5	82	81.5	47	46	49	39.5	35	35	9	17	
58	61.5	41	34	34	59.5	0	35.5	49.5	49.5	52.5	48	56.5	31	43.5	29	12	32.5	53.5	29.5	67	24	36.5	38	17	46.5	52	54.5	55	43	56	49.5	40.5	65	21.5	36	37	67	57.5	64	47.5	36.5	44	53	52	1	14.5	36.5	18	37	58.5	43.5	46	65	42.5	47	7	45.5	58.5	21.5	33.5	34.5	54.5	29.5	39	26	38	43.5	68	43.5	34	40.5	19	52.5	57	50	40	63	64	38	50	38	50.5	43	53.5	23.5	25.5	64.5	35	51	36	55	45	39.5	41.5	45	24.5	28	32	38.5	26	61	42.5	55.5	52.5	34.5	51	26	41	50.5	65.5	19	24	51	28.5	39	46.5	46	42.5	45.5	18.5	24	34.5	50.5	66.5	58.5	
42.5	46	40.5	25.5	49.5	60	35.5	0	40	55	53	47.5	57	38.5	43	29.5	27.5	17	38	30	57.5	39.5	38	22.5	32.5	48	42.5	55	55.5	46.5	40.5	40	54	49.5	16	20.5	37.5	57.5	57	48.5	32	33	55.5	37.5	36.5	34.5	30	52	23.5	37.5	43	28	61.5	49.5	37	31.5	32.5	34	51	32	34	1	70	30	54.5	25.5	22.5	28	56.5	28	34.5	39	24.5	52	41.5	49.5	24.5	51.5	60.5	41.5	44.5	53.5	35	42.5	53	18	20	49	35.5	58.5	51.5	39.5	60.5	55	26	39.5	25	41.5	47.5	54	31.5	61.5	27	40	52	35	43.5	31.5	33.5	54	54	24.5	39.5	58.5	44	39.5	62	53.5	27	34	29	24.5	35	35	51	43	
32.5	36	60.5	45.5	59.5	40	49.5	40	0	75	33	67.5	37	56.5	63	34.5	37.5	27	28	30	47.5	49.5	58	27.5	42.5	68	32.5	35	35.5	66.5	30.5	0	66	39.5	36	25.5	22.5	47.5	77	38.5	22	37	69.5	27.5	26.5	50.5	40	62	33.5	22.5	33	28	71.5	39.5	33	21.5	42.5	34	39	42	24	39	80	30	64.5	45.5	37.5	28	46.5	28	19.5	31	34.5	72	31.5	69.5	19.5	41.5	44.5	61.5	30.5	63.5	25	62.5	73	38	40	39	30.5	76.5	61.5	29.5	70.5	65	36	30.5	25	53.5	57.5	64	41.5	41.5	27	30	72	15	31.5	41.5	36.5	74	44	34.5	49.5	76.5	54	19.5	72	71.5	27	34	39	29.5	25	25	41	33	
77.5	81	30.5	55.5	29.5	85	49.5	55	75	0	78	22.5	82	46.5	12	54.5	37.5	52	73	55	92.5	29.5	43	57.5	32.5	33	77.5	80	80.5	36.5	75.5	75	31	84.5	41	55.5	62.5	92.5	32	83.5	67	62	29.5	72.5	71.5	50.5	35	13	43.5	62.5	78	63	26.5	84.5	68	66.5	42.5	69	84	47	59	54	35	55	24.5	35.5	57.5	63	91.5	63	59.5	66	44.5	27	76.5	29.5	59.5	86.5	89.5	41.5	75.5	18.5	70	22.5	28	43	45	84	60.5	31.5	31.5	74.5	25.5	10	61	70.5	50	43.5	27.5	29	51.5	86.5	62	75	3	60	76.5	51.5	66.5	1	89	44.5	39.5	31.5	39	64.5	27	31.5	62	69	44	49.5	60	70	86	78	
29.5	27	77.5	52.5	62.5	7	52.5	53	33	78	0	90.5	4	59.5	90	37.5	40.5	54	35	33	20.5	52.5	65	50.5	45.5	75	30.5	2	8.5	71.5	32.5	33	69	28.5	63	52.5	25.5	20.5	86	24.5	39	40	72.5	35.5	36.5	53.5	43	65	36.5	25.5	24	45	74.5	23.5	36	41.5	45.5	39	22	45	27	54	83	33	67.5	72.5	50.5	45	21.5	45	22.5	34	37.5	91	31.5	78.5	46.5	21.5	17.5	66.5	28.5	66.5	38	85.5	100	65	63	18	33.5	79.5	64.5	31.5	73.5	68	47	33.5	28	56.5	60.5	67	44.5	14.5	46	33	81	18	29.5	44.5	39.5	79	13	37.5	52.5	79.5	57	17.5	75	74.5	46	39	42	32.5	28	38	16	24	
70	73.5	23	48	38	87.5	48	47.5	67.5	22.5	90.5	0	90.5	41	10.5	63	50	44.5	65.5	67.5	85	42	35.5	50	45	25.5	70	92.5	93	29	68	67.5	31.5	77	33.5	48	75	85	19.5	76	59.5	60.5	28	65	64	47	47.5	29.5	56	75	70.5	55.5	16	77	64.5	59	55	61.5	78.5	55.5	71.5	46.5	32.5	67.5	33	28	50	55.5	84	55.5	72	66.5	57	14.5	69	22	52	79	88	34	72	24	62.5	15	15.5	35.5	37.5	76.5	67	11	36	67	33	32.5	53.5	67	62.5	44	40	33.5	56	91	54.5	67.5	19.5	72.5	71	56	61	21.5	81.5	57	48	11	43.5	77	30.5	26	54.5	61.5	56.5	62	72.5	62.5	78.5	70.5	
25.5	31	81.5	56.5	66.5	3	56.5	57	37	82	4	90.5	0	63.5	86	41.5	44.5	50	39	37	24.5	56.5	69	50.5	49.5	79	34.5	2	12.5	75.5	36.5	37	73	32.5	59	48.5	29.5	24.5	90	28.5	35	44	76.5	39.5	34.5	57.5	47	69	40.5	29.5	20	49	78.5	27.5	40	39.5	49.5	43	26	49	31	58	87	37	71.5	68.5	54.5	49	25.5	49	26.5	38	41.5	95	35.5	82.5	42.5	25.5	21.5	70.5	32.5	70.5	38	85.5	96	61	63	14	37.5	83.5	68.5	27.5	77.5	72	51	37.5	32	60.5	64.5	71	48.5	18.5	50	37	85	22	33.5	48.5	43.5	83	9	41.5	56.5	83.5	61	21.5	79	78.5	50	43	46	36.5	32	38	12	20	
61	64.5	34	39	31	66.5	31	38.5	56.5	46.5	59.5	41	63.5	0	36.5	36	19	35.5	56.5	36.5	74	21	31.5	41	14	41.5	59	61.5	62	40	59	56.5	37.5	68	24.5	39	44	74	50.5	67	50.5	43.5	41	56	55	32	16.5	33.5	25	44	61.5	46.5	43	68	49.5	50	24	52.5	65.5	28.5	40.5	37.5	51.5	36.5	36	13	41	46.5	75	46.5	41	47.5	26	45.5	60	43	43	70	71	35	57	35	53.5	36	46.5	26.5	28.5	67.5	42	48	33	58	42	36.5	44.5	52	31.5	3	29	35.5	33	68	45.5	58.5	45.5	41.5	58	33	48	47.5	72.5	26	7	48	25.5	46	43.5	43	45.5	52.5	25.5	31	41.5	53.5	69.5	61.5	
65.5	69	18.5	43.5	33.5	83	43.5	43	63	12	90	10.5	86	36.5	0	58.5	49.5	40	61	63	80.5	41.5	31	45.5	44.5	21	65.5	88	92.5	24.5	63.5	63	27	72.5	29	43.5	70.5	80.5	20	71.5	55	56	23.5	60.5	59.5	42.5	47	25	55.5	70.5	66	51	26.5	72.5	60	54.5	50.5	57	74	51	69	42	33	63	28.5	23.5	45.5	51	79.5	51	71.5	62	56.5	15	64.5	17.5	47.5	74.5	83.5	29.5	67.5	30.5	58	10.5	16	31	33	72	62.5	21.5	31.5	62.5	37.5	22	49	62.5	62	39.5	35.5	29	51.5	86.5	50	63	9	72	66.5	51.5	56.5	11	77	56.5	43.5	21.5	39	76.5	31	21.5	50	57	54	61.5	68	58	74	66	
53	48.5	54	29	39	44.5	29	29.5	34.5	54.5	37.5	63	41.5	36	58.5	0	17	27.5	46.5	14.5	52	29	41.5	33	22	51.5	37	39.5	40	48	49	34.5	45.5	60	31.5	31	22	52	62.5	51	42.5	21.5	49	42	47	30	19.5	41.5	13	22	53.5	36.5	51	50	27.5	42	22	30.5	43.5	21.5	18.5	30.5	59.5	14.5	44	41	13	36.5	53	36.5	19	25.5	14	67.5	48	55	35	48	49	43	35	43	45.5	58	68.5	33.5	35.5	55.5	20	56	41	50	50	44.5	28.5	30	9.5	33	37	43.5	21	46	37.5	44.5	57.5	19.5	36	21	26	55.5	50.5	14	29	56	33.5	24	51.5	51	37.5	30.5	18.5	5	19.5	45.5	53.5	53.5	
70	51.5	37	22	22	47.5	12	27.5	37.5	37.5	40.5	50	44.5	19	49.5	17	0	40.5	49.5	17.5	55	12	24.5	40	5	34.5	40	42.5	43	31	52	37.5	28.5	63	31.5	42	25	55	45.5	54	55.5	24.5	32	45	56	13	2.5	24.5	6	25	64.5	39.5	34	53	30.5	51	5	33.5	46.5	9.5	21.5	28.5	42.5	17.5	27	32	30	39.5	56	39.5	22	28.5	7	50.5	51	38	48	51	52	26	38	26	52.5	45	59.5	29.5	27.5	58.5	23	39	24	63	33	27.5	31.5	33	12.5	16	20	26.5	14	49	40.5	47.5	40.5	22.5	39	14	29	38.5	53.5	7	12	39	16.5	27	34.5	34	40.5	33.5	6.5	12	22.5	52.5	56.5	64.5	
29.5	33	37.5	22.5	52.5	47	32.5	17	27	52	54	44.5	50	35.5	40	27.5	40.5	0	25	23	44.5	52.5	35	9.5	45.5	45	29.5	52	56.5	43.5	27.5	27	51	36.5	13	7.5	34.5	44.5	54	35.5	19	16	52.5	24.5	23.5	31.5	43	65	36.5	34.5	30	15	60.5	36.5	24	18.5	39.5	21	38	35	33	16	67	23	57.5	22.5	14.5	15	43.5	15	37.5	26	37.5	49	28.5	46.5	11.5	38.5	47.5	38.5	31.5	66.5	22	39.5	50	15	17	36	26.5	55.5	50.5	26.5	71.5	62	9	26.5	28	38.5	54.5	53	30.5	50.5	14	27	49	38	30.5	30.5	20.5	51	41	37.5	42.5	55.5	43	42.5	65	50.5	14	21	38	32.5	32	22	38	30	
20.5	24	58.5	43.5	71.5	38	53.5	38	28	73	35	65.5	39	56.5	61	46.5	49.5	25	0	42	35.5	61.5	56	25.5	54.5	66	25.5	37	37.5	64.5	18.5	28	72	27.5	34	23.5	34.5	35.5	75	26.5	6	41	73.5	20.5	14.5	52.5	52	74	45.5	34.5	21	26	81.5	27.5	35	14.5	54.5	32	29	54	36	37	88	42	76.5	43.5	35.5	26	34.5	26	31.5	37	46.5	70	19.5	67.5	17.5	29.5	38.5	59.5	27.5	75.5	3	60.5	71	36	38	27	42.5	76.5	71.5	17.5	82.5	77	34	32.5	37	59.5	69.5	74	51.5	41.5	25	2	70	27	26.5	51.5	36.5	72	32	46.5	61.5	76.5	64	26.5	84	71.5	25	32	51	41.5	37	3	29	21	
52.5	44	54.5	29.5	39.5	40	29.5	30	30	55	33	67.5	37	36.5	63	14.5	17.5	23	42	0	47.5	29.5	42	32.5	22.5	52	32.5	35	35.5	48.5	44.5	30	46	55.5	36	30.5	17.5	47.5	63	46.5	42	7	49.5	37.5	46.5	30.5	20	42	13.5	17.5	53	32	51.5	45.5	23	41.5	22.5	26	39	22	14	31	60	0	44.5	45.5	27.5	32	48.5	32	14.5	21	14.5	68	43.5	55.5	34.5	43.5	44.5	43.5	30.5	43.5	45	62.5	73	38	40	51	15.5	56.5	41.5	49.5	50.5	45	14	25.5	5	33.5	37.5	44	21.5	41.5	33	40	58	15	31.5	21.5	21.5	56	46	14.5	29.5	56.5	34	19.5	52	51.5	33	26	19	9.5	15	45	49	53	
15	33.5	78	63	77	27.5	67	57.5	47.5	92.5	20.5	85	24.5	74	80.5	52	55	44.5	35.5	47.5	0	67	75.5	45	60	85.5	45	22.5	12	84	33	47.5	83.5	8	53.5	43	40	0	94.5	31	29.5	54.5	87	40	29	68	57.5	79.5	51	40	20.5	45.5	89	32	50.5	34	60	51.5	36.5	59.5	41.5	56.5	97.5	47.5	82	63	55	45.5	1	45.5	37	48.5	52	89.5	34	87	37	34	3	79	43	81	32.5	80	90.5	55.5	57.5	26.5	48	94	79	22	88	82.5	53.5	48	42.5	71	75	81.5	59	6	44.5	37.5	89.5	32.5	44	59	54	91.5	31.5	52	67	94	71.5	32	89.5	89	44.5	51.5	56.5	47	42.5	32.5	28.5	20.5	
78	63.5	29	34	14	59.5	24	39.5	49.5	29.5	52.5	42	56.5	21	41.5	29	12	52.5	61.5	29.5	67	0	21.5	52	7	26.5	52	54.5	55	23	64	49.5	20.5	75	41.5	54	37	67	37.5	66	67.5	36.5	24	57	68	25	9.5	16.5	18	37	76.5	51.5	26	65	42.5	63	17	45.5	58.5	21.5	33.5	40.5	34.5	29.5	19	34	42	51.5	68	51.5	34	40.5	19	42.5	63	30	60	63	64	14	50	18	64.5	37	51.5	41.5	39.5	70.5	35	31	16	75	25	19.5	43.5	45	24.5	18	12	18.5	26	61	52.5	59.5	32.5	34.5	51	26	41	30.5	65.5	19	14	31	13.5	39	26.5	26	52.5	45.5	18.5	24	34.5	64.5	68.5	76.5	
60.5	64	28.5	38.5	31.5	72	36.5	38	58	43	65	35.5	69	31.5	31	41.5	24.5	35	56	42	75.5	21.5	0	40.5	19.5	36	60.5	67	67.5	34.5	58.5	58	38	67.5	24	38.5	49.5	75.5	45	66.5	50	49	41.5	55.5	54.5	37.5	22	34	30.5	49.5	61	46	43.5	67.5	55	49.5	29.5	52	69	34	46	37	52	42	36.5	18.5	40.5	46	74.5	46	46.5	53	31.5	40	59.5	37.5	42.5	69.5	76.5	29.5	62.5	35.5	53	30.5	41	26	28	67	47.5	46.5	33.5	57.5	42.5	37	44	57.5	37	30.5	29.5	36	38.5	73.5	45	58	40	47	61.5	38.5	51.5	42	72	31.5	26.5	46.5	8	51.5	44	41.5	45	52	31	36.5	47	53	69	61	
30	33.5	43	28	58	47.5	38	22.5	27.5	57.5	50.5	50	50.5	41	45.5	33	40	9.5	25.5	32.5	45	52	40.5	0	45	50.5	30	52.5	53	49	28	27.5	56.5	37	18.5	2	35	45	59.5	36	19.5	25.5	58	25	24	37	42.5	64.5	36	35	30.5	15.5	66	37	24.5	19	45	21.5	38.5	40.5	31.5	21.5	72.5	32.5	63	28	20	15.5	44	15.5	32	26.5	37	54.5	29	52	12	39	48	44	32	66	22.5	45	55.5	20.5	22.5	36.5	17	61	56	27	73	67.5	18.5	27	27.5	44	60	58.5	36	51	14.5	27.5	54.5	32.5	31	36	11	56.5	41.5	37	48	61	48.5	37	70.5	56	14.5	21.5	41.5	32	32.5	22.5	38.5	30.5	
75	56.5	32	27	17	52.5	17	32.5	42.5	32.5	45.5	45	49.5	14	44.5	22	5	45.5	54.5	22.5	60	7	19.5	45	0	29.5	45	47.5	48	26	57	42.5	23.5	68	36.5	47	30	60	40.5	59	60.5	29.5	27	50	61	18	2.5	19.5	11	30	69.5	44.5	29	58	35.5	56	10	38.5	51.5	14.5	26.5	33.5	37.5	22.5	22	27	35	44.5	61	44.5	27	33.5	12	45.5	56	33	53	56	57	21	43	21	57.5	40	54.5	34.5	32.5	63.5	28	34	19	68	28	22.5	36.5	38	17.5	11	15	21.5	19	54	45.5	52.5	35.5	27.5	44	19	34	33.5	58.5	12	7	34	11.5	32	29.5	29	45.5	38.5	11.5	17	27.5	57.5	61.5	69.5	
70.5	74	23.5	48.5	26.5	82	46.5	48	68	33	75	25.5	79	41.5	21	51.5	34.5	45	66	52	85.5	26.5	36	50.5	29.5	0	70.5	77	77.5	29.5	68.5	68	6	77.5	34	48.5	59.5	85.5	35	76.5	60	59	31.5	65.5	64.5	47.5	32	24	40.5	59.5	71	56	33.5	77.5	65	59.5	39.5	62	79	44	56	47	42	52	26.5	28.5	50.5	56	84.5	56	56.5	63	41.5	30	69.5	27.5	52.5	79.5	86.5	34.5	72.5	25.5	63	20.5	31	36	38	77	57.5	36.5	28.5	67.5	32.5	27	54	67.5	47	40.5	24.5	8	48.5	83.5	55	68	30	57	71.5	48.5	61.5	32	82	41.5	36.5	36.5	36	61.5	34	31.5	55	62	41	46.5	57	63	79	71	
30	33.5	63	48	62	37.5	52	42.5	32.5	77.5	30.5	70	34.5	59	65.5	37	40	29.5	25.5	32.5	45	52	60.5	30	45	70.5	0	32.5	33	69	28	32.5	68.5	37	38.5	28	25	45	79.5	36	19.5	39.5	72	5	24	53	42.5	64.5	36	25	30.5	30.5	74	37	35.5	11	45	36.5	36.5	44.5	26.5	41.5	82.5	32.5	67	48	40	30.5	44	30.5	22	33.5	37	74.5	29	72	22	39	42	64	2	66	22.5	65	75.5	40.5	42.5	36.5	33	79	64	27	73	67.5	38.5	33	27.5	56	60	66.5	44	39	29.5	27.5	74.5	17.5	1	44	39	76.5	41.5	37	52	79	56.5	13	74.5	74	29.5	36.5	41.5	32	27.5	22.5	38.5	30.5	
27.5	29	79.5	54.5	64.5	5	54.5	55	35	80	2	92.5	2	61.5	88	39.5	42.5	52	37	35	22.5	54.5	67	52.5	47.5	77	32.5	0	10.5	73.5	34.5	35	71	30.5	61	50.5	27.5	22.5	88	26.5	37	42	74.5	37.5	36.5	55.5	45	67	38.5	27.5	22	47	76.5	25.5	38	41.5	47.5	41	24	47	29	56	85	35	69.5	70.5	52.5	47	23.5	47	24.5	36	39.5	93	33.5	80.5	44.5	23.5	19.5	68.5	30.5	68.5	40	87.5	98	63	65	16	35.5	81.5	66.5	29.5	75.5	70	49	35.5	30	58.5	62.5	69	46.5	16.5	48	35	83	20	31.5	46.5	41.5	81	11	39.5	54.5	81.5	59	19.5	77	76.5	48	41	44	34.5	30	40	14	22	
27	29.5	80	55	65	15.5	55	55.5	35.5	80.5	8.5	93	12.5	62	92.5	40	43	56.5	37.5	35.5	12	55	67.5	53	48	77.5	33	10.5	0	74	35	35.5	71.5	20	65.5	55	28	12	88.5	27	41.5	42.5	75	38	39	56	45.5	67.5	39	28	32.5	47.5	77	26	38.5	44	48	41.5	24.5	47.5	29.5	56.5	85.5	35.5	70	75	53	47.5	13	47.5	25	36.5	40	93.5	34	81	49	24	9	69	31	69	40.5	88	102.5	67.5	65.5	26.5	36	82	67	34	76	70.5	49.5	36	30.5	59	63	69.5	47	6	48.5	35.5	83.5	20.5	32	47	42	81.5	21.5	40	55	82	59.5	20	77.5	77	48.5	41.5	44.5	35	30.5	40.5	24.5	32.5	
69	72.5	6	47	9	78.5	43	46.5	66.5	36.5	71.5	29	75.5	40	24.5	48	31	43.5	64.5	48.5	84	23	34.5	49	26	29.5	69	73.5	74	0	67	66.5	29.5	76	32.5	47	56	84	38.5	75	58.5	55.5	33	64	63	44	28.5	25.5	37	56	69.5	54.5	35	76	61.5	58	36	60.5	77.5	40.5	52.5	45.5	43.5	48.5	28	27	49	54.5	83	54.5	53	59.5	38	33.5	68	31	51	78	83	33	69	27	61.5	24	34.5	34.5	36.5	75.5	54	40	7	66	34	28.5	52.5	64	43.5	37	11	27.5	45	80	53.5	66.5	33.5	53.5	70	45	60	35.5	80.5	38	33	40	32.5	58	35.5	35	53.5	60.5	37.5	43	53.5	61.5	77.5	69.5	
18	21.5	61	46	74	35.5	56	40.5	30.5	75.5	32.5	68	36.5	59	63.5	49	52	27.5	18.5	44.5	33	64	58.5	28	57	68.5	28	34.5	35	67	0	30.5	74.5	25	36.5	26	37	33	77.5	24	12.5	43.5	76	23	4	55	54.5	76.5	48	37	18.5	28.5	84	25	37.5	17	57	34.5	26.5	56.5	38.5	39.5	90.5	44.5	79	46	38	28.5	32	28.5	34	39.5	49	72.5	1	70	20	27	36	62	30	78	15.5	63	73.5	38.5	40.5	24.5	45	79	74	15	85	79.5	36.5	35	39.5	62	72	76.5	54	39	27.5	20.5	72.5	29.5	29	54	39	74.5	29.5	49	64	79	66.5	29	86.5	74	27.5	34.5	53.5	44	39.5	15.5	26.5	18.5	
32.5	36	60.5	45.5	59.5	40	49.5	40	0	75	33	67.5	37	56.5	63	34.5	37.5	27	28	30	47.5	49.5	58	27.5	42.5	68	32.5	35	35.5	66.5	30.5	0	66	39.5	36	25.5	22.5	47.5	77	38.5	22	37	69.5	27.5	26.5	50.5	40	62	33.5	22.5	33	28	71.5	39.5	33	21.5	42.5	34	39	42	24	39	80	30	64.5	45.5	37.5	28	46.5	28	19.5	31	34.5	72	31.5	69.5	19.5	41.5	44.5	61.5	30.5	63.5	25	62.5	73	38	40	39	30.5	76.5	61.5	29.5	70.5	65	36	30.5	25	53.5	57.5	64	41.5	41.5	27	30	72	15	31.5	41.5	36.5	74	44	34.5	49.5	76.5	54	19.5	72	71.5	27	34	39	29.5	25	25	41	33	
76.5	80	29.5	50.5	20.5	76	40.5	54	66	31	69	31.5	73	37.5	27	45.5	28.5	51	72	46	83.5	20.5	38	56.5	23.5	6	68.5	71	71.5	29.5	74.5	66	0	83.5	40	54.5	53.5	83.5	39	82.5	66	53	25.5	71.5	70.5	41.5	26	18	34.5	53.5	77	62	27.5	81.5	59	65.5	33.5	62	75	38	50	53	36	46	20.5	34.5	56.5	62	84.5	62	50.5	57	35.5	36	75.5	31.5	58.5	79.5	80.5	34.5	66.5	19.5	69	26.5	37	42	44	83	51.5	32.5	22.5	73.5	26.5	21	60	61.5	41	34.5	18.5	2	42.5	77.5	61	74	34	51	67.5	42.5	57.5	32	82	35.5	30.5	32.5	30	55.5	28	27.5	61	62	35	40.5	51	69	85	77	
7	25.5	70	55	85	29.5	65	49.5	39.5	84.5	28.5	77	32.5	68	72.5	60	63	36.5	27.5	55.5	8	75	67.5	37	68	77.5	37	30.5	20	76	25	39.5	83.5	0	45.5	35	48	8	86.5	23	21.5	52.5	85	32	21	64	65.5	87.5	59	48	12.5	37.5	93	24	46.5	26	68	43.5	30.5	67.5	49.5	48.5	99.5	55.5	90	55	47	37.5	7	37.5	45	48.5	60	81.5	26	79	29	26	11	71	39	89	24.5	72	82.5	47.5	49.5	18.5	54	88	83	14	96	90.5	45.5	44	50.5	71	83	85.5	63	14	36.5	29.5	81.5	40.5	38	63	48	83.5	23.5	60	75	88	75.5	40	97.5	83	36.5	43.5	64.5	55	50.5	24.5	20.5	12.5	
38.5	42	26.5	16.5	41.5	56	21.5	16	36	41	63	33.5	59	24.5	29	31.5	31.5	13	34	36	53.5	41.5	24	18.5	36.5	34	38.5	61	65.5	32.5	36.5	36	40	45.5	0	16.5	43.5	53.5	43	44.5	28	29	41.5	33.5	32.5	20.5	34	54	32.5	43.5	39	24	49.5	45.5	33	27.5	28.5	30	47	22	42	15	56	36	46.5	11.5	18.5	24	52.5	24	46.5	35	31.5	38	37.5	35.5	20.5	47.5	56.5	27.5	40.5	57.5	31	28.5	39	2	4	45	35.5	44.5	39.5	35.5	60.5	51	22	35.5	39	27.5	43.5	42	24.5	59.5	23	36	38	49	39.5	24.5	29.5	40	50	31.5	31.5	44.5	32	51.5	54	39.5	23	30	25	36.5	41	31	47	39	
28	31.5	41	26	56	45.5	36	20.5	25.5	55.5	52.5	48	48.5	39	43.5	31	42	7.5	23.5	30.5	43	54	38.5	2	47	48.5	28	50.5	55	47	26	25.5	54.5	35	16.5	0	33	43	57.5	34	17.5	23.5	56	23	22	35	44.5	66.5	38	33	28.5	13.5	64	35	22.5	17	43	19.5	36.5	38.5	31.5	19.5	70.5	30.5	61	26	18	13.5	42	13.5	34	24.5	39	52.5	27	50	10	37	46	42	30	68	20.5	43	53.5	18.5	20.5	34.5	19	59	54	25	75	65.5	16.5	25	29.5	42	58	56.5	34	49	12.5	25.5	52.5	34.5	29	34	13	54.5	39.5	39	46	59	46.5	39	68.5	54	12.5	19.5	41.5	34	30.5	20.5	36.5	28.5	
45	36.5	62	37	47	32.5	37	37.5	22.5	62.5	25.5	75	29.5	44	70.5	22	25	34.5	34.5	17.5	40	37	49.5	35	30	59.5	25	27.5	28	56	37	22.5	53.5	48	43.5	33	0	40	70.5	39	34.5	24.5	57	30	39	38	27.5	49.5	21	0	45.5	29.5	59	38	20.5	34	30	23.5	31.5	29.5	11.5	38.5	67.5	17.5	52	53	35	29.5	41	29.5	3	18.5	22	75.5	36	63	23	36	37	51	23	51	37.5	70	80.5	45.5	47.5	43.5	18	64	49	42	58	52.5	31.5	8	12.5	41	45	51.5	29	34	30.5	32.5	65.5	7.5	24	29	24	63.5	38.5	22	37	64	41.5	12	59.5	59	30.5	23.5	26.5	17	12.5	37.5	41.5	45.5	
15	33.5	78	63	77	27.5	67	57.5	47.5	92.5	20.5	85	24.5	74	80.5	52	55	44.5	35.5	47.5	0	67	75.5	45	60	85.5	45	22.5	12	84	33	47.5	83.5	8	53.5	43	40	0	94.5	31	29.5	54.5	87	40	29	68	57.5	79.5	51	40	20.5	45.5	89	32	50.5	34	60	51.5	36.5	59.5	41.5	56.5	97.5	47.5	82	63	55	45.5	1	45.5	37	48.5	52	89.5	34	87	37	34	3	79	43	81	32.5	80	90.5	55.5	57.5	26.5	48	94	79	22	88	82.5	53.5	48	42.5	71	75	81.5	59	6	44.5	37.5	89.5	32.5	44	59	54	91.5	31.5	52	67	94	71.5	32	89.5	89	44.5	51.5	56.5	47	42.5	32.5	28.5	20.5	
79.5	83	32.5	57.5	37.5	93	57.5	57	77	32	86	19.5	90	50.5	20	62.5	45.5	54	75	63	94.5	37.5	45	59.5	40.5	35	79.5	88	88.5	38.5	77.5	77	39	86.5	43	57.5	70.5	94.5	0	85.5	69	70	37.5	74.5	73.5	56.5	43	25	51.5	70.5	80	65	29.5	86.5	74	68.5	50.5	71	88	55	67	56	33	63	32.5	37.5	59.5	65	93.5	65	67.5	74	52.5	5	78.5	31.5	61.5	88.5	97.5	43.5	81.5	21.5	72	24.5	20	45	47	86	68.5	30.5	39.5	76.5	23.5	28	63	76.5	58	51.5	35.5	37	59.5	94.5	64	77	29	68	80.5	59.5	70.5	31	91	52.5	47.5	30.5	47	72.5	11	35.5	64	71	52	57.5	68	72	88	80	
16	24.5	69	54	76	31.5	64	48.5	38.5	83.5	24.5	76	28.5	67	71.5	51	54	35.5	26.5	46.5	31	66	66.5	36	59	76.5	36	26.5	27	75	24	38.5	82.5	23	44.5	34	39	31	85.5	0	20.5	51.5	84	31	20	63	56.5	78.5	50	39	16.5	36.5	88	1	45.5	25	59	42.5	29.5	58.5	40.5	47.5	96.5	46.5	81	54	46	36.5	30	36.5	36	47.5	51	80.5	25	78	28	3	34	70	38	80	23.5	71	81.5	46.5	48.5	22.5	47	87	78	9	87	81.5	44.5	43	41.5	70	74	80.5	58	33	35.5	28.5	80.5	31.5	37	58	47	82.5	27.5	51	66	87	70.5	31	88.5	82	35.5	42.5	55.5	46	41.5	23.5	24.5	16.5	
14.5	18	52.5	37.5	67.5	32	47.5	32	22	67	39	59.5	35	50.5	55	42.5	55.5	19	6	42	29.5	67.5	50	19.5	60.5	60	19.5	37	41.5	58.5	12.5	22	66	21.5	28	17.5	34.5	29.5	69	20.5	0	35	67.5	14.5	8.5	46.5	58	80	51.5	34.5	15	20	75.5	21.5	29	8.5	54.5	26	23	50	38	31	82	42	72.5	37.5	29.5	20	28.5	20	37.5	31	52.5	64	13.5	61.5	11.5	23.5	32.5	53.5	21.5	81.5	3	54.5	65	30	32	21	36.5	70.5	65.5	11.5	86.5	77	28	26.5	43	53.5	69.5	68	45.5	35.5	19	8	64	33	20.5	45.5	30.5	66	26	52.5	57.5	70.5	58	32.5	80	65.5	19	26	53	47.5	37	3	23	15	
45.5	49	53.5	36.5	46.5	47	36.5	33	37	62	40	60.5	44	43.5	56	21.5	24.5	16	41	7	54.5	36.5	49	25.5	29.5	59	39.5	42	42.5	55.5	43.5	37	53	52.5	29	23.5	24.5	54.5	70	51.5	35	0	56.5	40.5	39.5	37.5	27	49	20.5	24.5	46	31	58.5	52.5	30	34.5	29.5	33	46	29	21	32	67	7	51.5	38.5	30.5	31	55.5	31	21.5	28	21.5	65	44.5	62.5	27.5	50.5	51.5	50.5	37.5	50.5	38	55.5	66	31	33	52	22.5	63.5	48.5	42.5	57.5	52	7	32.5	12	40.5	44.5	51	28.5	48.5	30	43	65	22	38.5	28.5	28.5	63	53	21.5	36.5	63.5	41	26.5	59	58.5	30	33	26	16.5	22	38	54	46	
78	81.5	31	54	24	79.5	44	55.5	69.5	29.5	72.5	28	76.5	41	23.5	49	32	52.5	73.5	49.5	87	24	41.5	58	27	31.5	72	74.5	75	33	76	69.5	25.5	85	41.5	56	57	87	37.5	84	67.5	56.5	0	73	72	45	29.5	16.5	38	57	78.5	63.5	26	85	62.5	67	37	65.5	78.5	41.5	53.5	54.5	34.5	49.5	5	36	58	63.5	88	63.5	54	60.5	39	32.5	77	6	60	83	84	38	70	18	70.5	13	33.5	43.5	45.5	84.5	55	31	26	75	25	19.5	61.5	65	44.5	38	22	23.5	46	81	62.5	75.5	32.5	54.5	71	46	61	30.5	85.5	39	34	31	33.5	59	26.5	2	62.5	65.5	38.5	44	54.5	70.5	86.5	78.5	
25	28.5	58	43	67	42.5	53	37.5	27.5	72.5	35.5	65	39.5	56	60.5	42	45	24.5	20.5	37.5	40	57	55.5	25	50	65.5	5	37.5	38	64	23	27.5	71.5	32	33.5	23	30	40	74.5	31	14.5	40.5	73	0	19	52	47.5	69.5	41	30	25.5	25.5	79	32	34.5	6	50	31.5	33.5	49.5	31.5	36.5	87.5	37.5	72	43	35	25.5	39	25.5	27	36.5	42	69.5	24	67	17	34	43	59	7	71	17.5	60	70.5	35.5	37.5	31.5	38	76	69	22	78	72.5	33.5	32	32.5	59	65	71.5	49	44	24.5	22.5	69.5	22.5	6	49	36	71.5	36.5	42	57	76	61.5	18	79.5	71	24.5	31.5	46.5	37	32.5	17.5	33.5	25.5	
14	17.5	57	42	72	31.5	52	36.5	26.5	71.5	36.5	64	34.5	55	59.5	47	56	23.5	14.5	46.5	29	68	54.5	24	61	64.5	24	36.5	39	63	4	26.5	70.5	21	32.5	22	39	29	73.5	20	8.5	39.5	72	19	0	51	58.5	80.5	52	39	14.5	24.5	80	21	33.5	13	59	30.5	22.5	54.5	42.5	35.5	86.5	46.5	77	42	34	24.5	28	24.5	38	35.5	53	68.5	5	66	16	23	32	58	26	82	11.5	59	69.5	34.5	36.5	20.5	41	75	70	11	89	81.5	32.5	31	43.5	58	74	72.5	50	35	23.5	16.5	68.5	33.5	25	50	35	70.5	25.5	53	62	75	62.5	33	84.5	70	23.5	30.5	57.5	48	41.5	11.5	22.5	14.5	
57	60.5	40	35	35	60.5	1	34.5	50.5	50.5	53.5	47	57.5	32	42.5	30	13	31.5	52.5	30.5	68	25	37.5	37	18	47.5	53	55.5	56	44	55	50.5	41.5	64	20.5	35	38	68	56.5	63	46.5	37.5	45	52	51	0	15.5	37.5	19	38	57.5	42.5	47	64	43.5	46	8	46.5	59.5	22.5	34.5	33.5	55.5	30.5	40	25	37	42.5	69	42.5	35	41.5	20	51.5	56	49	39	64	65	39	51	39	49.5	42	52.5	22.5	24.5	63.5	36	52	37	54	46	40.5	40.5	46	25.5	29	33	39.5	27	62	41.5	54.5	51.5	35.5	52	27	42	51.5	66.5	20	25	52	29.5	40	47.5	47	41.5	46.5	19.5	25	35.5	49.5	65.5	57.5	
72.5	54	34.5	24.5	19.5	50	14.5	30	40	35	43	47.5	47	16.5	47	19.5	2.5	43	52	20	57.5	9.5	22	42.5	2.5	32	42.5	45	45.5	28.5	54.5	40	26	65.5	34	44.5	27.5	57.5	43	56.5	58	27	29.5	47.5	58.5	15.5	0	22	8.5	27.5	67	42	31.5	55.5	33	53.5	7.5	36	49	12	24	31	40	20	24.5	29.5	32.5	42	58.5	42	24.5	31	9.5	48	53.5	35.5	50.5	53.5	54.5	23.5	40.5	23.5	55	42.5	57	32	30	61	25.5	36.5	21.5	65.5	30.5	25	34	35.5	15	13.5	17.5	24	16.5	51.5	43	50	38	25	41.5	16.5	31.5	36	56	9.5	9.5	36.5	14	29.5	32	31.5	43	36	9	14.5	25	55	59	67	
90.5	76	31.5	46.5	16.5	72	36.5	52	62	13	65	29.5	69	33.5	25	41.5	24.5	65	74	42	79.5	16.5	34	64.5	19.5	24	64.5	67	67.5	25.5	76.5	62	18	87.5	54	66.5	49.5	79.5	25	78.5	80	49	16.5	69.5	80.5	37.5	22	0	30.5	49.5	89	64	13.5	77.5	55	75.5	29.5	58	71	34	46	53	22	42	11.5	46.5	54.5	64	80.5	64	46.5	53	31.5	30	75.5	22.5	72.5	75.5	76.5	30.5	62.5	5.5	77	29.5	39	54	52	83	47.5	18.5	18.5	87.5	12.5	3	56	57.5	37	30.5	14.5	16	38.5	73.5	65	72	16	47	63.5	38.5	53.5	14	78	31.5	26.5	18.5	26	51.5	14	18.5	65	58	31	36.5	47	77	81	89	
64	47.5	43	16	28	43.5	18	23.5	33.5	43.5	36.5	56	40.5	25	55.5	13	6	36.5	45.5	13.5	51	18	30.5	36	11	40.5	36	38.5	39	37	48	33.5	34.5	59	32.5	38	21	51	51.5	50	51.5	20.5	38	41	52	19	8.5	30.5	0	21	60.5	35.5	40	49	26.5	47	11	29.5	42.5	10.5	17.5	24.5	48.5	13.5	33	38	26	35.5	52	35.5	18	24.5	1	56.5	47	44	44	47	48	32	34	32	48.5	51	65.5	30.5	28.5	54.5	19	45	30	59	39	33.5	27.5	29	8.5	22	26	32.5	8	45	36.5	43.5	46.5	18.5	35	8	25	44.5	49.5	1	18	45	22.5	23	40.5	40	36.5	29.5	7.5	8	18.5	48.5	52.5	60.5	
45	36.5	62	37	47	32.5	37	37.5	22.5	62.5	25.5	75	29.5	44	70.5	22	25	34.5	34.5	17.5	40	37	49.5	35	30	59.5	25	27.5	28	56	37	22.5	53.5	48	43.5	33	0	40	70.5	39	34.5	24.5	57	30	39	38	27.5	49.5	21	0	45.5	29.5	59	38	20.5	34	30	23.5	31.5	29.5	11.5	38.5	67.5	17.5	52	53	35	29.5	41	29.5	3	18.5	22	75.5	36	63	23	36	37	51	23	51	37.5	70	80.5	45.5	47.5	43.5	18	64	49	42	58	52.5	31.5	8	12.5	41	45	51.5	29	34	30.5	32.5	65.5	7.5	24	29	24	63.5	38.5	22	37	64	41.5	12	59.5	59	30.5	23.5	26.5	17	12.5	37.5	41.5	45.5	
5.5	19	63.5	48.5	78.5	17	58.5	43	33	78	24	70.5	20	61.5	66	53.5	64.5	30	21	53	20.5	76.5	61	30.5	69.5	71	30.5	22	32.5	69.5	18.5	33	77	12.5	39	28.5	45.5	20.5	80	16.5	15	46	78.5	25.5	14.5	57.5	67	89	60.5	45.5	0	31	86.5	17.5	40	19.5	65.5	37	24	61	49	42	93	53	83.5	48.5	40.5	31	19.5	31	46.5	42	61.5	75	19.5	72.5	22.5	19.5	23.5	64.5	32.5	90.5	18	65.5	76	41	43	6	47.5	81.5	76.5	7.5	97.5	88	39	37.5	52	64.5	80.5	79	56.5	26.5	30	23	75	42	31.5	56.5	41.5	77	11	61.5	68.5	81.5	69	41.5	91	76.5	30	37	64	56.5	48	18	8	0	
30.5	34	48.5	33.5	61.5	48	43.5	28	28	63	45	55.5	49	46.5	51	36.5	39.5	15	26	32	45.5	51.5	46	15.5	44.5	56	30.5	47	47.5	54.5	28.5	28	62	37.5	24	13.5	29.5	45.5	65	36.5	20	31	63.5	25.5	24.5	42.5	42	64	35.5	29.5	31	0	71.5	37.5	9	19.5	44.5	6	39	44	18	27	78	32	66.5	33.5	25.5	0	44.5	0	26.5	11	36.5	60	29.5	57.5	12.5	39.5	48.5	49.5	32.5	65.5	23	50.5	61	26	28	37	32.5	66.5	61.5	27.5	72.5	67	24	27.5	27	49.5	59.5	64	41.5	51.5	1	28	60	27	31.5	41.5	26.5	62	42	36.5	51.5	66.5	54	31.5	74	61.5	1	6	41	31.5	17	23	39	31	
86	85.5	39	56	26	81.5	46	61.5	71.5	26.5	74.5	16	78.5	43	26.5	51	34	60.5	81.5	51.5	89	26	43.5	66	29	33.5	74	76.5	77	35	84	71.5	27.5	93	49.5	64	59	89	29.5	88	75.5	58.5	26	79	80	47	31.5	13.5	40	59	86.5	71.5	0	87	64.5	75	39	67.5	80.5	43.5	55.5	62.5	26.5	51.5	21	44	64	71.5	90	71.5	56	62.5	41	30.5	85	32	68	85	86	40	72	8	78.5	31	31.5	51.5	53.5	92.5	57	5	28	83	17	16.5	65.5	67	46.5	40	24	25.5	48	83	70.5	81.5	29.5	56.5	73	48	63	27.5	87.5	41	36	5	35.5	61	18.5	28	70.5	67.5	40.5	46	56.5	78.5	90.5	86.5	
17	25.5	70	55	75	30.5	65	49.5	39.5	84.5	23.5	77	27.5	68	72.5	50	53	36.5	27.5	45.5	32	65	67.5	37	58	77.5	37	25.5	26	76	25	39.5	81.5	24	45.5	35	38	32	86.5	1	21.5	52.5	85	32	21	64	55.5	77.5	49	38	17.5	37.5	87	0	46.5	26	58	43.5	30.5	57.5	39.5	48.5	95.5	45.5	80	55	47	37.5	31	37.5	35	46.5	50	81.5	26	79	29	2	35	71	39	79	24.5	72	82.5	47.5	49.5	23.5	46	88	77	10	86	80.5	45.5	44	40.5	69	73	79.5	57	32	36.5	29.5	81.5	30.5	38	57	48	83.5	28.5	50	65	88	69.5	30	87.5	83	36.5	43.5	54.5	45	40.5	24.5	25.5	17.5	
39.5	43	57.5	42.5	52.5	43	42.5	37	33	68	36	64.5	40	49.5	60	27.5	30.5	24	35	23	50.5	42.5	55	24.5	35.5	65	35.5	38	38.5	61.5	37.5	33	59	46.5	33	22.5	20.5	50.5	74	45.5	29	30	62.5	34.5	33.5	43.5	33	55	26.5	20.5	40	9	64.5	46.5	0	28.5	35.5	3	42	35	9	36	73	23	57.5	42.5	34.5	9	51.5	9	17.5	2	27.5	69	38.5	66.5	21.5	46.5	47.5	56.5	33.5	56.5	32	59.5	70	35	37	46	23.5	69.5	54.5	36.5	63.5	58	33	28.5	18	46.5	50.5	57	34.5	44.5	10	37	69	18	34.5	34.5	29.5	69	49	27.5	42.5	69.5	47	22.5	65	64.5	10	3	32	22.5	8	32	48	40	
19	22.5	52	37	67	36.5	47	31.5	21.5	66.5	41.5	59	39.5	50	54.5	42	51	18.5	14.5	41.5	34	63	49.5	19	56	59.5	11	41.5	44	58	17	21.5	65.5	26	27.5	17	34	34	68.5	25	8.5	34.5	67	6	13	46	53.5	75.5	47	34	19.5	19.5	75	26	28.5	0	54	25.5	27.5	49.5	37.5	30.5	81.5	41.5	72	37	29	19.5	33	19.5	33	30.5	48	63.5	18	61	11	28	37	53	13	77	11.5	54	64.5	29.5	31.5	25.5	36	70	65	16	84	76.5	27.5	26	38.5	53	69	67.5	45	40	18.5	16.5	63.5	28.5	12	45	30	65.5	30.5	48	57	70	57.5	24	79.5	65	18.5	25.5	52.5	43	36.5	11.5	27.5	19.5	
65	56.5	42	27	27	52.5	7	32.5	42.5	42.5	45.5	55	49.5	24	50.5	22	5	39.5	54.5	22.5	60	17	29.5	45	10	39.5	45	47.5	48	36	57	42.5	33.5	68	28.5	43	30	60	50.5	59	54.5	29.5	37	50	59	8	7.5	29.5	11	30	65.5	44.5	39	58	35.5	54	0	38.5	51.5	14.5	26.5	33.5	47.5	22.5	32	33	35	44.5	61	44.5	27	33.5	12	55.5	56	43	47	56	57	31	43	31	57.5	50	60.5	30.5	32.5	63.5	28	44	29	62	38	32.5	36.5	38	17.5	21	25	31.5	19	54	45.5	52.5	45.5	27.5	44	19	34	43.5	58.5	12	17	44	21.5	32	39.5	39	45.5	38.5	11.5	17	27.5	57.5	61.5	65.5	
36.5	40	54.5	39.5	55.5	46	45.5	34	34	69	39	61.5	43	52.5	57	30.5	33.5	21	32	26	51.5	45.5	52	21.5	38.5	62	36.5	41	41.5	60.5	34.5	34	62	43.5	30	19.5	23.5	51.5	71	42.5	26	33	65.5	31.5	30.5	46.5	36	58	29.5	23.5	37	6	67.5	43.5	3	25.5	38.5	0	45	38	12	33	76	26	60.5	39.5	31.5	6	50.5	6	20.5	5	30.5	66	35.5	63.5	18.5	45.5	50.5	55.5	36.5	59.5	29	56.5	67	32	34	43	26.5	72.5	57.5	33.5	66.5	61	30	31.5	21	49.5	53.5	60	37.5	47.5	7	34	66	21	37.5	37.5	32.5	68	48	30.5	45.5	72.5	50	25.5	68	67.5	7	0	35	25.5	11	29	45	37	
23.5	5	71.5	56.5	68.5	29	58.5	51	39	84	22	78.5	26	65.5	74	43.5	46.5	38	29	39	36.5	58.5	69	38.5	51.5	79	36.5	24	24.5	77.5	26.5	39	75	30.5	47	36.5	31.5	36.5	88	29.5	23	46	78.5	33.5	22.5	59.5	49	71	42.5	31.5	24	39	80.5	30.5	42	27.5	51.5	45	0	51	33	50	89	39	73.5	56.5	48.5	39	37.5	39	28.5	40	43.5	83	27.5	80.5	30.5	32.5	33.5	72.5	34.5	72.5	26	73.5	84	49	51	30	39.5	85.5	70.5	20.5	79.5	74	47	39.5	34	62.5	66.5	73	50.5	30.5	38	31	83	24	35.5	50.5	45.5	85	35	43.5	58.5	85.5	63	23.5	81	80.5	38	45	48	38.5	34	26	32	24	
60.5	56	46.5	26.5	31.5	52	21.5	32	42	47	45	55.5	49	28.5	51	21.5	9.5	35	54	22	59.5	21.5	34	40.5	14.5	44	44.5	47	47.5	40.5	56.5	42	38	67.5	22	38.5	29.5	59.5	55	58.5	50	29	41.5	49.5	54.5	22.5	12	34	10.5	29.5	61	44	43.5	57.5	35	49.5	14.5	38	51	0	26	33	52	22	36.5	33.5	34.5	44	60.5	44	26.5	33	11.5	60	55.5	47.5	42.5	55.5	56.5	35.5	42.5	35.5	53	50.5	61	20	18	63	27.5	48.5	33.5	57.5	42.5	37	36	37.5	17	25.5	29.5	36	18.5	53.5	45	52	50	27	43.5	18.5	33.5	48	58	11.5	21.5	48.5	26	31.5	44	43.5	45	38	3	16.5	27	53	61	61	
48.5	38	58.5	33.5	43.5	34	33.5	34	24	59	27	71.5	31	40.5	69	18.5	21.5	33	36	14	41.5	33.5	46	31.5	26.5	56	26.5	29	29.5	52.5	38.5	24	50	49.5	42	31.5	11.5	41.5	67	40.5	38	21	53.5	31.5	42.5	34.5	24	46	17.5	11.5	49	18	55.5	39.5	9	37.5	26.5	12	33	26	0	35	64	14	48.5	51.5	31.5	18	42.5	18	8.5	7	18.5	72	37.5	59.5	30.5	37.5	38.5	47.5	24.5	47.5	39	66.5	79	44	44	45	14.5	60.5	45.5	45.5	54.5	49	28	19.5	9	37.5	41.5	48	25.5	35.5	19	34	62	9	25.5	25.5	20.5	60	40	18.5	33.5	60.5	38	13.5	56	55.5	19	12	23	13.5	1	39	43	49	
41.5	45	39.5	24.5	50.5	59	34.5	1	39	54	54	46.5	58	37.5	42	30.5	28.5	16	37	31	56.5	40.5	37	21.5	33.5	47	41.5	56	56.5	45.5	39.5	39	53	48.5	15	19.5	38.5	56.5	56	47.5	31	32	54.5	36.5	35.5	33.5	31	53	24.5	38.5	42	27	62.5	48.5	36	30.5	33.5	33	50	33	35	0	69	31	55.5	24.5	21.5	27	55.5	27	35.5	38	25.5	51	40.5	48.5	23.5	50.5	59.5	40.5	43.5	54.5	34	41.5	52	17	19	48	36.5	57.5	52.5	38.5	61.5	56	25	38.5	26	40.5	48.5	55	32.5	62.5	26	39	51	36	42.5	32.5	32.5	53	53	25.5	40.5	57.5	45	40.5	63	52.5	26	33	30	25.5	36	34	50	42	
92.5	94	45.5	64.5	34.5	90	54.5	70	80	35	83	32.5	87	51.5	33	59.5	42.5	67	88	60	97.5	34.5	52	72.5	37.5	42	82.5	85	85.5	43.5	90.5	80	36	99.5	56	70.5	67.5	97.5	33	96.5	82	67	34.5	87.5	86.5	55.5	40	22	48.5	67.5	93	78	26.5	95.5	73	81.5	47.5	76	89	52	64	69	0	60	29.5	50.5	72.5	78	98.5	78	64.5	71	49.5	32	91.5	40.5	74.5	93.5	94.5	48.5	80.5	18.5	85	37.5	17	58	60	99	65.5	31.5	36.5	89.5	15.5	25	74	75.5	55	48.5	32.5	34	56.5	91.5	77	90	38	65	81.5	56.5	71.5	36	96	49.5	44.5	31.5	44	69.5	22	36.5	77	76	49	54.5	65	85	99	93	
52.5	44	54.5	29.5	39.5	40	29.5	30	30	55	33	67.5	37	36.5	63	14.5	17.5	23	42	0	47.5	29.5	42	32.5	22.5	52	32.5	35	35.5	48.5	44.5	30	46	55.5	36	30.5	17.5	47.5	63	46.5	42	7	49.5	37.5	46.5	30.5	20	42	13.5	17.5	53	32	51.5	45.5	23	41.5	22.5	26	39	22	14	31	60	0	44.5	45.5	27.5	32	48.5	32	14.5	21	14.5	68	43.5	55.5	34.5	43.5	44.5	43.5	30.5	43.5	45	62.5	73	38	40	51	15.5	56.5	41.5	49.5	50.5	45	14	25.5	5	33.5	37.5	44	21.5	41.5	33	40	58	15	31.5	21.5	21.5	56	46	14.5	29.5	56.5	34	19.5	52	51.5	33	26	19	9.5	15	45	49	53	
83	78.5	34	49	19	74.5	39	54.5	64.5	24.5	67.5	33	71.5	36	28.5	44	27	57.5	76.5	44.5	82	19	36.5	63	22	26.5	67	69.5	70	28	79	64.5	20.5	90	46.5	61	52	82	32.5	81	72.5	51.5	5	72	77	40	24.5	11.5	33	52	83.5	66.5	21	80	57.5	72	32	60.5	73.5	36.5	48.5	55.5	29.5	44.5	0	41	57	66.5	83	66.5	49	55.5	34	37.5	78	11	65	78	79	33	65	13	75.5	18	38.5	48.5	50.5	85.5	50	26	21	80	20	14.5	58.5	60	39.5	33	17	18.5	41	76	67.5	74.5	27.5	49.5	66	41	56	25.5	80.5	34	29	26	28.5	54	21.5	7	67.5	60.5	33.5	39	49.5	75.5	83.5	83.5	
48	51.5	21	26	36	65.5	26	25.5	45.5	35.5	72.5	28	68.5	13	23.5	41	32	22.5	43.5	45.5	63	34	18.5	28	27	28.5	48	70.5	75	27	46	45.5	34.5	55	11.5	26	53	63	37.5	54	37.5	38.5	36	43	42	25	29.5	46.5	38	53	48.5	33.5	44	55	42.5	37	33	39.5	56.5	33.5	51.5	24.5	50.5	45.5	41	0	28	33.5	62	33.5	54	44.5	39	32.5	47	30	30	57	66	22	50	48	40.5	23	33.5	13.5	15.5	54.5	45	39	34	45	55	45.5	31.5	45	44.5	16	38	36.5	34	69	32.5	45.5	32.5	54.5	49	34	39	34.5	59.5	39	20	39	26.5	59	48.5	34	32.5	39.5	36.5	44	50.5	40.5	56.5	48.5	
40	43.5	43	28	52	57.5	38	22.5	37.5	57.5	50.5	50	54.5	41	45.5	13	30	14.5	35.5	27.5	55	42	40.5	20	35	50.5	40	52.5	53	49	38	37.5	56.5	47	18.5	18	35	55	59.5	46	29.5	30.5	58	35	34	37	32.5	54.5	26	35	40.5	25.5	64	47	34.5	29	35	31.5	48.5	34.5	31.5	21.5	72.5	27.5	57	28	0	25.5	54	25.5	32	36.5	27	54.5	39	52	22	49	58	44	42	56	32.5	45	55.5	20.5	22.5	46.5	33	61	54	37	63	57.5	23.5	37	22.5	44	50	56.5	34	59	24.5	37.5	54.5	32.5	41	34	31	56.5	51.5	27	42	61	46.5	37	64.5	56	24.5	31.5	31.5	18	32.5	32.5	48.5	40.5	
30.5	34	48.5	33.5	61.5	48	43.5	28	28	63	45	55.5	49	46.5	51	36.5	39.5	15	26	32	45.5	51.5	46	15.5	44.5	56	30.5	47	47.5	54.5	28.5	28	62	37.5	24	13.5	29.5	45.5	65	36.5	20	31	63.5	25.5	24.5	42.5	42	64	35.5	29.5	31	0	71.5	37.5	9	19.5	44.5	6	39	44	18	27	78	32	66.5	33.5	25.5	0	44.5	0	26.5	11	36.5	60	29.5	57.5	12.5	39.5	48.5	49.5	32.5	65.5	23	50.5	61	26	28	37	32.5	66.5	61.5	27.5	72.5	67	24	27.5	27	49.5	59.5	64	41.5	51.5	1	28	60	27	31.5	41.5	26.5	62	42	36.5	51.5	66.5	54	31.5	74	61.5	1	6	41	31.5	17	23	39	31	
14	32.5	77	62	78	28.5	68	56.5	46.5	91.5	21.5	84	25.5	75	79.5	53	56	43.5	34.5	48.5	1	68	74.5	44	61	84.5	44	23.5	13	83	32	46.5	84.5	7	52.5	42	41	1	93.5	30	28.5	55.5	88	39	28	69	58.5	80.5	52	41	19.5	44.5	90	31	51.5	33	61	50.5	37.5	60.5	42.5	55.5	98.5	48.5	83	62	54	44.5	0	44.5	38	49.5	53	88.5	33	86	36	33	4	78	44	82	31.5	79	89.5	54.5	56.5	25.5	49	95	80	21	89	83.5	52.5	49	43.5	72	76	82.5	60	7	43.5	36.5	88.5	33.5	45	60	55	90.5	30.5	53	68	95	72.5	33	90.5	90	43.5	50.5	57.5	48	43.5	31.5	27.5	19.5	
30.5	34	48.5	33.5	61.5	48	43.5	28	28	63	45	55.5	49	46.5	51	36.5	39.5	15	26	32	45.5	51.5	46	15.5	44.5	56	30.5	47	47.5	54.5	28.5	28	62	37.5	24	13.5	29.5	45.5	65	36.5	20	31	63.5	25.5	24.5	42.5	42	64	35.5	29.5	31	0	71.5	37.5	9	19.5	44.5	6	39	44	18	27	78	32	66.5	33.5	25.5	0	44.5	0	26.5	11	36.5	60	29.5	57.5	12.5	39.5	48.5	49.5	32.5	65.5	23	50.5	61	26	28	37	32.5	66.5	61.5	27.5	72.5	67	24	27.5	27	49.5	59.5	64	41.5	51.5	1	28	60	27	31.5	41.5	26.5	62	42	36.5	51.5	66.5	54	31.5	74	61.5	1	6	41	31.5	17	23	39	31	
48	33.5	59	34	44	29.5	34	34.5	19.5	59.5	22.5	72	26.5	41	71.5	19	22	37.5	31.5	14.5	37	34	46.5	32	27	56.5	22	24.5	25	53	34	19.5	50.5	45	46.5	34	3	37	67.5	36	37.5	21.5	54	27	38	35	24.5	46.5	18	3	46.5	26.5	56	35	17.5	33	27	20.5	28.5	26.5	8.5	35.5	64.5	14.5	49	54	32	26.5	38	26.5	0	15.5	19	72.5	33	60	26	33	34	48	20	48	34.5	67	81.5	46.5	44.5	40.5	15	61	46	45	55	49.5	28.5	11	9.5	38	42	48.5	26	31	27.5	29.5	62.5	4.5	21	26	21	60.5	35.5	19	34	61	38.5	9	56.5	56	27.5	20.5	23.5	14	9.5	34.5	38.5	46.5	
41.5	45	59.5	40.5	50.5	41	40.5	39	31	66	34	66.5	38	47.5	62	25.5	28.5	26	37	21	48.5	40.5	53	26.5	33.5	63	33.5	36	36.5	59.5	39.5	31	57	48.5	35	24.5	18.5	48.5	74	47.5	31	28	60.5	36.5	35.5	41.5	31	53	24.5	18.5	42	11	62.5	46.5	2	30.5	33.5	5	40	33	7	38	71	21	55.5	44.5	36.5	11	49.5	11	15.5	0	25.5	71	40.5	66.5	23.5	44.5	45.5	54.5	31.5	54.5	34	61.5	72	37	39	48	21.5	67.5	52.5	38.5	61.5	56	35	26.5	16	44.5	48.5	55	32.5	42.5	12	39	69	16	32.5	32.5	27.5	67	47	25.5	40.5	67.5	45	20.5	63	62.5	12	5	30	20.5	6	34	50	42	
63	48.5	44	15	29	44.5	19	24.5	34.5	44.5	37.5	57	41.5	26	56.5	14	7	37.5	46.5	14.5	52	19	31.5	37	12	41.5	37	39.5	40	38	49	34.5	35.5	60	31.5	39	22	52	52.5	51	52.5	21.5	39	42	53	20	9.5	31.5	1	22	61.5	36.5	41	50	27.5	48	12	30.5	43.5	11.5	18.5	25.5	49.5	14.5	34	39	27	36.5	53	36.5	19	25.5	0	57.5	48	45	45	48	49	33	35	33	49.5	52	66.5	31.5	29.5	55.5	20	46	31	60	40	34.5	28.5	30	9.5	23	27	33.5	7	46	37.5	44.5	47.5	19.5	36	7	26	45.5	50.5	0	19	46	23.5	24	41.5	41	37.5	30.5	8.5	9	19.5	49.5	53.5	61.5	
74.5	78	27.5	52.5	42.5	92	52.5	52	72	27	91	14.5	95	45.5	15	67.5	50.5	49	70	68	89.5	42.5	40	54.5	45.5	30	74.5	93	93.5	33.5	72.5	72	36	81.5	38	52.5	75.5	89.5	5	80.5	64	65	32.5	69.5	68.5	51.5	48	30	56.5	75.5	75	60	30.5	81.5	69	63.5	55.5	66	83	60	72	51	32	68	37.5	32.5	54.5	60	88.5	60	72.5	71	57.5	0	73.5	26.5	56.5	83.5	92.5	38.5	76.5	26.5	67	19.5	15	40	42	81	71.5	25.5	40.5	71.5	28.5	33	58	71.5	63	48.5	40.5	38	60.5	95.5	59	72	24	73	75.5	60.5	65.5	26	86	57.5	52.5	25.5	48	77.5	16	30.5	59	66	57	62.5	73	67	83	75	
19	22.5	62	47	73	36.5	57	41.5	31.5	76.5	31.5	69	35.5	60	64.5	48	51	28.5	19.5	43.5	34	63	59.5	29	56	69.5	29	33.5	34	68	1	31.5	75.5	26	37.5	27	36	34	78.5	25	13.5	44.5	77	24	5	56	53.5	75.5	47	36	19.5	29.5	85	26	38.5	18	56	35.5	27.5	55.5	37.5	40.5	91.5	43.5	78	47	39	29.5	33	29.5	33	40.5	48	73.5	0	71	21	28	37	63	31	77	16.5	64	74.5	39.5	41.5	25.5	44	80	75	16	84	78.5	37.5	36	38.5	63	71	77.5	55	40	28.5	21.5	73.5	28.5	30	55	40	75.5	30.5	48	63	80	67.5	28	85.5	75	28.5	35.5	52.5	43	38.5	16.5	27.5	19.5	
72	75.5	25	50	30	85.5	50	49.5	69.5	29.5	78.5	22	82.5	43	17.5	55	38	46.5	67.5	55.5	87	30	37.5	52	33	27.5	72	80.5	81	31	70	69.5	31.5	79	35.5	50	63	87	31.5	78	61.5	62.5	6	67	66	49	35.5	22.5	44	63	72.5	57.5	32	79	66.5	61	43	63.5	80.5	47.5	59.5	48.5	40.5	55.5	11	30	52	57.5	86	57.5	60	66.5	45	26.5	71	0	54	81	90	36	74	24	64.5	7	27.5	37.5	39.5	78.5	61	33	32	69	31	25.5	55.5	69	50.5	44	28	29.5	52	87	56.5	69.5	26.5	60.5	73	52	63	28.5	83.5	45	40	33	39.5	65	32.5	4	56.5	63.5	44.5	50	60.5	64.5	80.5	72.5	
22	25.5	45	30	60	39.5	40	24.5	19.5	59.5	46.5	52	42.5	43	47.5	35	48	11.5	17.5	34.5	37	60	42.5	12	53	52.5	22	44.5	49	51	20	19.5	58.5	29	20.5	10	23	37	61.5	28	11.5	27.5	60	17	16	39	50.5	72.5	44	23	22.5	12.5	68	29	21.5	11	47	18.5	30.5	42.5	30.5	23.5	74.5	34.5	65	30	22	12.5	36	12.5	26	23.5	45	56.5	21	54	0	31	40	46	24	74	14.5	47	57.5	22.5	24.5	28.5	29	63	58	19	79	69.5	20.5	15	35.5	46	62	60.5	38	43	11.5	19.5	56.5	30.5	23	38	23	58.5	33.5	45	50	63	50.5	35	72.5	58	11.5	18.5	45.5	40	29.5	14.5	30.5	22.5	
19	27.5	72	57	73	28.5	63	51.5	41.5	86.5	21.5	79	25.5	70	74.5	48	51	38.5	29.5	43.5	34	63	69.5	39	56	79.5	39	23.5	24	78	27	41.5	79.5	26	47.5	37	36	34	88.5	3	23.5	50.5	83	34	23	64	53.5	75.5	47	36	19.5	39.5	85	2	46.5	28	56	45.5	32.5	55.5	37.5	50.5	93.5	43.5	78	57	49	39.5	33	39.5	33	44.5	48	83.5	28	81	31	0	33	73	39	77	26.5	74	84.5	49.5	51.5	25.5	44	90	75	12	84	78.5	47.5	44	38.5	67	71	77.5	55	30	38.5	31.5	83.5	28.5	40	55	50	85.5	30.5	48	63	90	67.5	28	85.5	85	38.5	45.5	52.5	43	38.5	26.5	27.5	19.5	
18	36.5	81	64	74	24.5	64	60.5	44.5	89.5	17.5	88	21.5	71	83.5	49	52	47.5	38.5	44.5	3	64	76.5	48	57	86.5	42	19.5	9	83	36	44.5	80.5	11	56.5	46	37	3	97.5	34	32.5	51.5	84	43	32	65	54.5	76.5	48	37	23.5	48.5	86	35	47.5	37	57	50.5	33.5	56.5	38.5	59.5	94.5	44.5	79	66	58	48.5	4	48.5	34	45.5	49	92.5	37	90	40	33	0	78	40	78	35.5	83	93.5	58.5	60.5	29.5	45	91	76	25	85	79.5	56.5	45	39.5	68	72	78.5	56	3	47.5	40.5	92.5	29.5	41	56	51	90.5	30.5	49	64	91	68.5	29	86.5	86	47.5	50.5	53.5	44	39.5	35.5	31.5	23.5	
64	67.5	27	42	28	73.5	38	41.5	61.5	41.5	66.5	34	70.5	35	29.5	43	26	38.5	59.5	43.5	79	14	29.5	44	21	34.5	64	68.5	69	33	62	61.5	34.5	71	27.5	42	51	79	43.5	70	53.5	50.5	38	59	58	39	23.5	30.5	32	51	64.5	49.5	40	71	56.5	53	31	55.5	72.5	35.5	47.5	40.5	48.5	43.5	33	22	44	49.5	78	49.5	48	54.5	33	38.5	63	36	46	73	78	0	64	32	56.5	29	39.5	29.5	31.5	70.5	49	45	30	61	39	33.5	47.5	59	38.5	32	26	32.5	40	75	48.5	61.5	38.5	48.5	65	40	55	40.5	75.5	33	28	45	27.5	53	40.5	40	48.5	55.5	32.5	38	48.5	56.5	72.5	64.5	
32	35.5	65	50	60	35.5	50	44.5	30.5	75.5	28.5	72	32.5	57	67.5	35	38	31.5	27.5	30.5	43	50	62.5	32	43	72.5	2	30.5	31	69	30	30.5	66.5	39	40.5	30	23	43	81.5	38	21.5	37.5	70	7	26	51	40.5	62.5	34	23	32.5	32.5	72	39	33.5	13	43	36.5	34.5	42.5	24.5	43.5	80.5	30.5	65	50	42	32.5	44	32.5	20	31.5	35	76.5	31	74	24	39	40	64	0	64	24.5	67	77.5	42.5	44.5	38.5	31	77	62	29	71	65.5	40.5	31	25.5	54	58	64.5	42	37	31.5	29.5	76.5	15.5	1	42	37	76.5	41.5	35	50	77	54.5	11	72.5	72	31.5	36.5	39.5	30	25.5	24.5	40.5	32.5	
94	77.5	33	48	18	73.5	38	53.5	63.5	18.5	66.5	24	70.5	35	30.5	43	26	66.5	75.5	43.5	81	18	35.5	66	21	25.5	66	68.5	69	27	78	63.5	19.5	89	57.5	68	51	81	21.5	80	81.5	50.5	18	71	82	39	23.5	5.5	32	51	90.5	65.5	8	79	56.5	77	31	59.5	72.5	35.5	47.5	54.5	18.5	43.5	13	48	56	65.5	82	65.5	48	54.5	33	26.5	77	24	74	77	78	32	64	0	78.5	31	35.5	55.5	53.5	84.5	49	13	20	89	9	8.5	57.5	59	38.5	32	16	17.5	40	75	66.5	73.5	21.5	48.5	65	40	55	19.5	79.5	33	28	13	27.5	53	10.5	20	66.5	59.5	32.5	38	48.5	78.5	82.5	90.5	
17.5	21	55.5	40.5	70.5	35	50.5	35	25	70	38	62.5	38	53.5	58	45.5	52.5	22	3	45	32.5	64.5	53	22.5	57.5	63	22.5	40	40.5	61.5	15.5	25	69	24.5	31	20.5	37.5	32.5	72	23.5	3	38	70.5	17.5	11.5	49.5	55	77	48.5	37.5	18	23	78.5	24.5	32	11.5	57.5	29	26	53	39	34	85	45	75.5	40.5	32.5	23	31.5	23	34.5	34	49.5	67	16.5	64.5	14.5	26.5	35.5	56.5	24.5	78.5	0	57.5	68	33	35	24	39.5	73.5	68.5	14.5	85.5	80	31	29.5	40	56.5	72.5	71	48.5	38.5	22	5	67	30	23.5	48.5	33.5	69	29	49.5	60.5	73.5	61	29.5	83	68.5	22	29	54	44.5	40	0	26	18	
65	68.5	18	43	33	82.5	43	42.5	62.5	22.5	85.5	15	85.5	36	10.5	58	45	39.5	60.5	62.5	80	37	30.5	45	40	20.5	65	87.5	88	24	63	62.5	26.5	72	28.5	43	70	80	24.5	71	54.5	55.5	13	60	59	42	42.5	29.5	51	70	65.5	50.5	31	72	59.5	54	50	56.5	73.5	50.5	66.5	41.5	37.5	62.5	18	23	45	50.5	79	50.5	67	61.5	52	19.5	64	7	47	74	83	29	67	31	57.5	0	20.5	30.5	32.5	71.5	62	26	31	62	38	32.5	48.5	62	57.5	39	35	28.5	51	86	49.5	62.5	19.5	67.5	66	51	56	21.5	76.5	52	43	26	38.5	72	35.5	11	49.5	56.5	51.5	57	67.5	57.5	73.5	65.5	
75.5	79	28.5	53.5	43.5	93	53.5	53	73	28	100	15.5	96	46.5	16	68.5	59.5	50	71	73	90.5	51.5	41	55.5	54.5	31	75.5	98	102.5	34.5	73.5	73	37	82.5	39	53.5	80.5	90.5	20	81.5	65	66	33.5	70.5	69.5	52.5	57	39	65.5	80.5	76	61	31.5	82.5	70	64.5	60.5	67	84	61	79	52	17	73	38.5	33.5	55.5	61	89.5	61	81.5	72	66.5	15	74.5	27.5	57.5	84.5	93.5	39.5	77.5	35.5	68	20.5	0	41	43	82	72.5	26.5	41.5	72.5	32.5	38	59	72.5	72	49.5	45.5	39	61.5	96.5	60	73	25	82	76.5	61.5	66.5	27	87	66.5	53.5	26.5	49	86.5	31	31.5	60	67	64	71.5	78	68	84	76	
40.5	44	28.5	18.5	43.5	58	23.5	18	38	43	65	35.5	61	26.5	31	33.5	29.5	15	36	38	55.5	41.5	26	20.5	34.5	36	40.5	63	67.5	34.5	38.5	38	42	47.5	2	18.5	45.5	55.5	45	46.5	30	31	43.5	35.5	34.5	22.5	32	54	30.5	45.5	41	26	51.5	47.5	35	29.5	30.5	32	49	20	44	17	58	38	48.5	13.5	20.5	26	54.5	26	46.5	37	31.5	40	39.5	37.5	22.5	49.5	58.5	29.5	42.5	55.5	33	30.5	41	0	2	47	37.5	46.5	41.5	37.5	62.5	53	24	37.5	37	29.5	45.5	44	26.5	61.5	25	38	40	47	41.5	26.5	31.5	42	52	31.5	33.5	46.5	34	51.5	56	41.5	25	32	23	36.5	43	33	49	41	
42.5	46	30.5	20.5	45.5	60	25.5	20	40	45	63	37.5	63	28.5	33	35.5	27.5	17	38	40	57.5	39.5	28	22.5	32.5	38	42.5	65	65.5	36.5	40.5	40	44	49.5	4	20.5	47.5	57.5	47	48.5	32	33	45.5	37.5	36.5	24.5	30	52	28.5	47.5	43	28	53.5	49.5	37	31.5	32.5	34	51	18	44	19	60	40	50.5	15.5	22.5	28	56.5	28	44.5	39	29.5	42	41.5	39.5	24.5	51.5	60.5	31.5	44.5	53.5	35	32.5	43	2	0	49	39.5	48.5	43.5	39.5	60.5	55	26	39.5	35	31.5	47.5	46	28.5	63.5	27	40	42	45	43.5	28.5	33.5	44	54	29.5	35.5	48.5	36	49.5	58	43.5	27	34	21	34.5	45	35	51	43	
11.5	25	69.5	54.5	80.5	11	64.5	49	39	84	18	76.5	14	67.5	72	55.5	58.5	36	27	51	26.5	70.5	67	36.5	63.5	77	36.5	16	26.5	75.5	24.5	39	83	18.5	45	34.5	43.5	26.5	86	22.5	21	52	84.5	31.5	20.5	63.5	61	83	54.5	43.5	6	37	92.5	23.5	46	25.5	63.5	43	30	63	45	48	99	51	85.5	54.5	46.5	37	25.5	37	40.5	48	55.5	81	25.5	78.5	28.5	25.5	29.5	70.5	38.5	84.5	24	71.5	82	47	49	0	51.5	87.5	82.5	13.5	91.5	86	45	43.5	46	70.5	78.5	85	62.5	32.5	36	29	81	36	37.5	62.5	47.5	83	5	55.5	70.5	87.5	75	35.5	93	82.5	36	43	60	50.5	46	24	2	6	
47	44.5	60	35	45	40.5	35	35.5	30.5	60.5	33.5	67	37.5	42	62.5	20	23	26.5	42.5	15.5	48	35	47.5	17	28	57.5	33	35.5	36	54	45	30.5	51.5	54	35.5	19	18	48	68.5	47	36.5	22.5	55	38	41	36	25.5	47.5	19	18	47.5	32.5	57	46	23.5	36	28	26.5	39.5	27.5	14.5	36.5	65.5	15.5	50	45	33	32.5	49	32.5	15	21.5	20	71.5	44	61	29	44	45	49	31	49	39.5	62	72.5	37.5	39.5	51.5	0	62	47	44	56	50.5	29.5	26	10.5	39	43	49.5	27	42	31.5	40.5	63.5	15.5	32	27	6	61.5	46.5	20	35	62	39.5	20	57.5	57	31.5	26.5	24.5	15	15.5	39.5	49.5	47.5	
81	84.5	34	59	31	86.5	51	58.5	76.5	31.5	79.5	11	83.5	48	21.5	56	39	55.5	76.5	56.5	94	31	46.5	61	34	36.5	79	81.5	82	40	79	76.5	32.5	88	44.5	59	64	94	30.5	87	70.5	63.5	31	76	75	52	36.5	18.5	45	64	81.5	66.5	5	88	69.5	70	44	72.5	85.5	48.5	60.5	57.5	31.5	56.5	26	39	61	66.5	95	66.5	61	67.5	46	25.5	80	33	63	90	91	45	77	13	73.5	26	26.5	46.5	48.5	87.5	62	0	33	78	22	21.5	64.5	72	51.5	45	29	30.5	53	88	65.5	78.5	30.5	61.5	78	53	68	32.5	92.5	46	41	0	40.5	66	23.5	33	65.5	72.5	45.5	51	61.5	73.5	89.5	81.5	
76	75.5	13	46	2	71.5	36	51.5	61.5	31.5	64.5	36	68.5	33	31.5	41	24	50.5	71.5	41.5	79	16	33.5	56	19	28.5	64	66.5	67	7	74	61.5	22.5	83	39.5	54	49	79	39.5	78	65.5	48.5	26	69	70	37	21.5	18.5	30	49	76.5	61.5	28	77	54.5	65	29	57.5	70.5	33.5	45.5	52.5	36.5	41.5	21	34	54	61.5	80	61.5	46	52.5	31	40.5	75	32	58	75	76	30	62	20	68.5	31	41.5	41.5	43.5	82.5	47	33	0	73	27	21.5	55.5	57	36.5	30	4	20.5	38	73	60.5	71.5	34.5	46.5	63	38	53	32.5	77.5	31	26	33	25.5	51	28.5	28	60.5	57.5	30.5	36	46.5	68.5	80.5	76.5	
7	15.5	60	45	75	24.5	55	39.5	29.5	74.5	31.5	67	27.5	58	62.5	50	63	26.5	17.5	49.5	22	75	57.5	27	68	67.5	27	29.5	34	66	15	29.5	73.5	14	35.5	25	42	22	76.5	9	11.5	42.5	75	22	11	54	65.5	87.5	59	42	7.5	27.5	83	10	36.5	16	62	33.5	20.5	57.5	45.5	38.5	89.5	49.5	80	45	37	27.5	21	27.5	45	38.5	60	71.5	16	69	19	12	25	61	29	89	14.5	62	72.5	37.5	39.5	13.5	44	78	73	0	94	84.5	35.5	34	50.5	61	77	75.5	53	28	26.5	19.5	71.5	40.5	28	53	38	73.5	18.5	60	65	78	65.5	40	87.5	73	26.5	33.5	60.5	55	44.5	14.5	15.5	7.5	
97	84.5	40	55	25	80.5	45	60.5	70.5	25.5	73.5	33	77.5	42	37.5	50	33	71.5	82.5	50.5	88	25	42.5	73	28	32.5	73	75.5	76	34	85	70.5	26.5	96	60.5	75	58	88	23.5	87	86.5	57.5	25	78	89	46	30.5	12.5	39	58	97.5	72.5	17	86	63.5	84	38	66.5	79.5	42.5	54.5	61.5	15.5	50.5	20	55	63	72.5	89	72.5	55	61.5	40	28.5	84	31	79	84	85	39	71	9	85.5	38	32.5	62.5	60.5	91.5	56	22	27	94	0	15.5	64.5	66	45.5	39	23	24.5	47	82	73.5	80.5	28.5	55.5	72	47	62	26.5	86.5	40	35	22	34.5	60	12.5	27	73.5	66.5	39.5	45	55.5	85.5	89.5	97.5	
87.5	79	34.5	49.5	19.5	75	39.5	55	65	10	68	32.5	72	36.5	22	44.5	27.5	62	77	45	82.5	19.5	37	67.5	22.5	27	67.5	70	70.5	28.5	79.5	65	21	90.5	51	65.5	52.5	82.5	28	81.5	77	52	19.5	72.5	81.5	40.5	25	3	33.5	52.5	88	67	16.5	80.5	58	76.5	32.5	61	74	37	49	56	25	45	14.5	45.5	57.5	67	83.5	67	49.5	56	34.5	33	78.5	25.5	69.5	78.5	79.5	33.5	65.5	8.5	80	32.5	38	53	55	86	50.5	21.5	21.5	84.5	15.5	0	59	60.5	40	33.5	17.5	19	41.5	76.5	68	75	13	50	66.5	41.5	56.5	11	81	34.5	29.5	21.5	29	54.5	17	21.5	68	61	34	39.5	50	80	84	88	
38.5	42	46.5	31.5	53.5	54	41.5	26	36	61	47	53.5	51	44.5	49	28.5	31.5	9	34	14	53.5	43.5	44	18.5	36.5	54	38.5	49	49.5	52.5	36.5	36	60	45.5	22	16.5	31.5	53.5	63	44.5	28	7	61.5	33.5	32.5	40.5	34	56	27.5	31.5	39	24	65.5	45.5	33	27.5	36.5	30	47	36	28	25	74	14	58.5	31.5	23.5	24	52.5	24	28.5	35	28.5	58	37.5	55.5	20.5	47.5	56.5	47.5	40.5	57.5	31	48.5	59	24	26	45	29.5	64.5	55.5	35.5	64.5	59	0	35.5	19	47.5	51.5	58	35.5	55.5	23	36	58	29	39.5	35.5	29.5	60	50	28.5	43.5	64.5	48	33.5	66	59.5	23	30	33	23.5	29	31	47	39	
37	40.5	60	45	55	40.5	45	39.5	30.5	70.5	33.5	67	37.5	52	62.5	30	33	26.5	32.5	25.5	48	45	57.5	27	38	67.5	33	35.5	36	64	35	30.5	61.5	44	35.5	25	8	48	76.5	43	26.5	32.5	65	32	31	46	35.5	57.5	29	8	37.5	27.5	67	44	28.5	26	38	31.5	39.5	37.5	19.5	38.5	75.5	25.5	60	45	37	27.5	49	27.5	11	26.5	30	71.5	36	69	15	44	45	59	31	59	29.5	62	72.5	37.5	39.5	43.5	26	72	57	34	66	60.5	35.5	0	20.5	49	53	59.5	37	42	26.5	34.5	71.5	15.5	32	37	32	71.5	46.5	30	45	72	49.5	20	67.5	67	26.5	31.5	34.5	25	20.5	29.5	45.5	37.5	
57.5	39	49.5	24.5	34.5	35	24.5	25	25	50	28	62.5	32	31.5	62	9.5	12.5	28	37	5	42.5	24.5	37	27.5	17.5	47	27.5	30	30.5	43.5	39.5	25	41	50.5	39	29.5	12.5	42.5	58	41.5	43	12	44.5	32.5	43.5	25.5	15	37	8.5	12.5	52	27	46.5	40.5	18	38.5	17.5	21	34	17	9	26	55	5	39.5	44.5	22.5	27	43.5	27	9.5	16	9.5	63	38.5	50.5	35.5	38.5	39.5	38.5	25.5	38.5	40	57.5	72	37	35	46	10.5	51.5	36.5	50.5	45.5	40	19	20.5	0	28.5	32.5	39	16.5	36.5	28	35	53	10	26.5	16.5	16.5	51	41	9.5	24.5	51.5	29	14.5	47	46.5	28	21	14	4.5	10	40	44	52	
64	67.5	37	38	28	63.5	28	41.5	53.5	43.5	56.5	44	60.5	3	39.5	33	16	38.5	59.5	33.5	71	18	30.5	44	11	40.5	56	58.5	59	37	62	53.5	34.5	71	27.5	42	41	71	51.5	70	53.5	40.5	38	59	58	29	13.5	30.5	22	41	64.5	49.5	40	69	46.5	53	21	49.5	62.5	25.5	37.5	40.5	48.5	33.5	33	16	44	49.5	72	49.5	38	44.5	23	48.5	63	44	46	67	68	32	54	32	56.5	39	49.5	29.5	31.5	70.5	39	45	30	61	39	33.5	47.5	49	28.5	0	26	32.5	30	65	48.5	61.5	46.5	38.5	55	30	45	44.5	69.5	23	4	45	22.5	43	40.5	40	48.5	49.5	22.5	28	38.5	56.5	72.5	64.5	
80	71.5	17	42	2	67.5	32	47.5	57.5	27.5	60.5	40	64.5	29	35.5	37	20	54.5	69.5	37.5	75	12	29.5	60	15	24.5	60	62.5	63	11	72	57.5	18.5	83	43.5	58	45	75	35.5	74	69.5	44.5	22	65	74	33	17.5	14.5	26	45	80.5	59.5	24	73	50.5	69	25	53.5	66.5	29.5	41.5	48.5	32.5	37.5	17	38	50	59.5	76	59.5	42	48.5	27	40.5	71	28	62	71	72	26	58	16	72.5	35	45.5	45.5	47.5	78.5	43	29	4	77	23	17.5	51.5	53	32.5	26	0	16.5	34	69	60.5	67.5	30.5	42.5	59	34	49	28.5	73.5	27	22	29	21.5	47	24.5	24	60.5	53.5	26.5	32	42.5	72.5	76.5	80.5	
78.5	78	31.5	48.5	18.5	74	38.5	54	64	29	67	33.5	71	35.5	29	43.5	26.5	53	74	44	81.5	18.5	36	58.5	21.5	8	66.5	69	69.5	27.5	76.5	64	2	85.5	42	56.5	51.5	81.5	37	80.5	68	51	23.5	71.5	72.5	39.5	24	16	32.5	51.5	79	64	25.5	79.5	57	67.5	31.5	60	73	36	48	55	34	44	18.5	36.5	56.5	64	82.5	64	48.5	55	33.5	38	77.5	29.5	60.5	77.5	78.5	32.5	64.5	17.5	71	28.5	39	44	46	85	49.5	30.5	20.5	75.5	24.5	19	58	59.5	39	32.5	16.5	0	40.5	75.5	63	74	32	49	65.5	40.5	55.5	30	80	33.5	28.5	30.5	28	53.5	26	25.5	63	60	33	38.5	49	71	83	79	
56	55.5	49	8	36	51.5	26	31.5	41.5	51.5	44.5	56	48.5	33	51.5	21	14	30.5	51.5	21.5	59	26	38.5	36	19	48.5	44	46.5	47	45	54	41.5	42.5	63	24.5	34	29	59	59.5	58	45.5	28.5	46	49	50	27	16.5	38.5	8	29	56.5	41.5	48	57	34.5	45	19	37.5	50.5	18.5	25.5	32.5	56.5	21.5	41	34	34	41.5	60	41.5	26	32.5	7	60.5	55	52	38	55	56	40	42	40	48.5	51	61.5	26.5	28.5	62.5	27	53	38	53	47	41.5	35.5	37	16.5	30	34	40.5	0	53	40.5	51.5	54.5	26.5	43	0	33	52.5	57.5	7	26	53	30.5	31	48.5	48	40.5	37.5	15.5	16	26.5	48.5	60.5	56.5	
21	35.5	84	61	71	21.5	61	61.5	41.5	86.5	14.5	91	18.5	68	86.5	46	49	50.5	41.5	41.5	6	61	73.5	51	54	83.5	39	16.5	6	80	39	41.5	77.5	14	59.5	49	34	6	94.5	33	35.5	48.5	81	44	35	62	51.5	73.5	45	34	26.5	51.5	83	32	44.5	40	54	47.5	30.5	53.5	35.5	62.5	91.5	41.5	76	69	59	51.5	7	51.5	31	42.5	46	95.5	40	87	43	30	3	75	37	75	38.5	86	96.5	61.5	63.5	32.5	42	88	73	28	82	76.5	55.5	42	36.5	65	69	75.5	53	0	50.5	41.5	89.5	26.5	38	53	48	87.5	27.5	46	61	88	65.5	26	83.5	83	50.5	47.5	50.5	41	36.5	38.5	30.5	26.5	
29.5	33	47.5	32.5	62.5	47	42.5	27	27	62	46	54.5	50	45.5	50	37.5	40.5	14	25	33	44.5	52.5	45	14.5	45.5	55	29.5	48	48.5	53.5	27.5	27	61	36.5	23	12.5	30.5	44.5	64	35.5	19	30	62.5	24.5	23.5	41.5	43	65	36.5	30.5	30	1	70.5	36.5	10	18.5	45.5	7	38	45	19	26	77	33	67.5	32.5	24.5	1	43.5	1	27.5	12	37.5	59	28.5	56.5	11.5	38.5	47.5	48.5	31.5	66.5	22	49.5	60	25	27	36	31.5	65.5	60.5	26.5	73.5	68	23	26.5	28	48.5	60.5	63	40.5	50.5	0	27	59	28	30.5	40.5	25.5	61	41	37.5	52.5	65.5	53	32.5	75	60.5	0	7	42	32.5	18	22	38	30	
22.5	26	60.5	45.5	69.5	40	55.5	40	30	75	33	67.5	37	58.5	63	44.5	47.5	27	2	40	37.5	59.5	58	27.5	52.5	68	27.5	35	35.5	66.5	20.5	30	74	29.5	36	25.5	32.5	37.5	77	28.5	8	43	75.5	22.5	16.5	54.5	50	72	43.5	32.5	23	28	81.5	29.5	37	16.5	52.5	34	31	52	34	39	90	40	74.5	45.5	37.5	28	36.5	28	29.5	39	44.5	72	21.5	69.5	19.5	31.5	40.5	61.5	29.5	73.5	5	62.5	73	38	40	29	40.5	78.5	71.5	19.5	80.5	75	36	34.5	35	61.5	67.5	74	51.5	41.5	27	0	72	25	28.5	51.5	38.5	74	34	44.5	59.5	78.5	64	24.5	82	73.5	27	34	49	39.5	35	5	31	23	
74.5	78	27.5	52.5	32.5	88	52.5	52	72	3	81	19.5	85	45.5	9	57.5	40.5	49	70	58	89.5	32.5	40	54.5	35.5	30	74.5	83	83.5	33.5	72.5	72	34	81.5	38	52.5	65.5	89.5	29	80.5	64	65	32.5	69.5	68.5	51.5	38	16	46.5	65.5	75	60	29.5	81.5	69	63.5	45.5	66	83	50	62	51	38	58	27.5	32.5	54.5	60	88.5	60	62.5	69	47.5	24	73.5	26.5	56.5	83.5	92.5	38.5	76.5	21.5	67	19.5	25	40	42	81	63.5	30.5	34.5	71.5	28.5	13	58	71.5	53	46.5	30.5	32	54.5	89.5	59	72	0	63	75.5	54.5	65.5	2	86	47.5	42.5	30.5	42	67.5	30	30.5	59	66	47	52.5	63	67	83	75	
47.5	29	59.5	34.5	44.5	25	34.5	35	15	60	18	72.5	22	41.5	72	19.5	22.5	38	27	15	32.5	34.5	47	32.5	27.5	57	17.5	20	20.5	53.5	29.5	15	51	40.5	49	34.5	7.5	32.5	68	31.5	33	22	54.5	22.5	33.5	35.5	25	47	18.5	7.5	42	27	56.5	30.5	18	28.5	27.5	21	24	27	9	36	65	15	49.5	54.5	32.5	27	33.5	27	4.5	16	19.5	73	28.5	60.5	30.5	28.5	29.5	48.5	15.5	48.5	30	67.5	82	47	45	36	15.5	61.5	46.5	40.5	55.5	50	29	15.5	10	38.5	42.5	49	26.5	26.5	28	25	63	0	16.5	26.5	21.5	61	31	19.5	34.5	61.5	39	4.5	57	56.5	28	21	24	14.5	10	30	34	42	
31	34.5	64	49	61	36.5	51	43.5	31.5	76.5	29.5	71	33.5	58	66.5	36	39	30.5	26.5	31.5	44	51	61.5	31	44	71.5	1	31.5	32	70	29	31.5	67.5	38	39.5	29	24	44	80.5	37	20.5	38.5	71	6	25	52	41.5	63.5	35	24	31.5	31.5	73	38	34.5	12	44	37.5	35.5	43.5	25.5	42.5	81.5	31.5	66	49	41	31.5	45	31.5	21	32.5	36	75.5	30	73	23	40	41	65	1	65	23.5	66	76.5	41.5	43.5	37.5	32	78	63	28	72	66.5	39.5	32	26.5	55	59	65.5	43	38	30.5	28.5	75.5	16.5	0	43	38	77.5	42.5	36	51	78	55.5	12	73.5	73	30.5	37.5	40.5	31	26.5	23.5	39.5	31.5	
56	55.5	49	8	36	51.5	26	31.5	41.5	51.5	44.5	56	48.5	33	51.5	21	14	30.5	51.5	21.5	59	26	38.5	36	19	48.5	44	46.5	47	45	54	41.5	42.5	63	24.5	34	29	59	59.5	58	45.5	28.5	46	49	50	27	16.5	38.5	8	29	56.5	41.5	48	57	34.5	45	19	37.5	50.5	18.5	25.5	32.5	56.5	21.5	41	34	34	41.5	60	41.5	26	32.5	7	60.5	55	52	38	55	56	40	42	40	48.5	51	61.5	26.5	28.5	62.5	27	53	38	53	47	41.5	35.5	37	16.5	30	34	40.5	0	53	40.5	51.5	54.5	26.5	43	0	33	52.5	57.5	7	26	53	30.5	31	48.5	48	40.5	37.5	15.5	16	26.5	48.5	60.5	56.5	
41	44.5	54	39	51	46.5	41	33.5	36.5	66.5	39.5	61	43.5	48	56.5	26	29	20.5	36.5	21.5	54	41	51.5	11	34	61.5	39	41.5	42	60	39	36.5	57.5	48	29.5	13	24	54	70.5	47	30.5	28.5	61	36	35	42	31.5	53.5	25	24	41.5	26.5	63	48	29.5	30	34	32.5	45.5	33.5	20.5	32.5	71.5	21.5	56	39	31	26.5	55	26.5	21	27.5	26	65.5	40	63	23	50	51	55	37	55	33.5	56	66.5	31.5	33.5	47.5	6	68	53	38	62	56.5	29.5	32	16.5	45	49	55.5	33	48	25.5	38.5	65.5	21.5	38	33	0	67.5	52.5	26	41	68	45.5	26	63.5	63	25.5	32.5	30.5	21	21.5	33.5	49.5	41.5	
76.5	80	29.5	54.5	30.5	86	50.5	54	74	1	79	21.5	83	47.5	11	55.5	38.5	51	72	56	91.5	30.5	42	56.5	33.5	32	76.5	81	81.5	35.5	74.5	74	32	83.5	40	54.5	63.5	91.5	31	82.5	66	63	30.5	71.5	70.5	51.5	36	14	44.5	63.5	77	62	27.5	83.5	69	65.5	43.5	68	85	48	60	53	36	56	25.5	34.5	56.5	62	90.5	62	60.5	67	45.5	26	75.5	28.5	58.5	85.5	90.5	40.5	76.5	19.5	69	21.5	27	42	44	83	61.5	32.5	32.5	73.5	26.5	11	60	71.5	51	44.5	28.5	30	52.5	87.5	61	74	2	61	77.5	52.5	67.5	0	88	45.5	40.5	32.5	40	65.5	28	32.5	61	68	45	50.5	61	69	85	77	
16.5	30	74.5	59.5	75.5	6	65.5	54	44	89	13	81.5	9	72.5	77	50.5	53.5	41	32	46	31.5	65.5	72	41.5	58.5	82	41.5	11	21.5	80.5	29.5	44	82	23.5	50	39.5	38.5	31.5	91	27.5	26	53	85.5	36.5	25.5	66.5	56	78	49.5	38.5	11	42	87.5	28.5	49	30.5	58.5	48	35	58	40	53	96	46	80.5	59.5	51.5	42	30.5	42	35.5	47	50.5	86	30.5	83.5	33.5	30.5	30.5	75.5	41.5	79.5	29	76.5	87	52	54	5	46.5	92.5	77.5	18.5	86.5	81	50	46.5	41	69.5	73.5	80	57.5	27.5	41	34	86	31	42.5	57.5	52.5	88	0	50.5	65.5	92.5	70	30.5	88	87.5	41	48	55	45.5	41	29	3	11	
63	48.5	44	15	29	44.5	19	24.5	34.5	44.5	37.5	57	41.5	26	56.5	14	7	37.5	46.5	14.5	52	19	31.5	37	12	41.5	37	39.5	40	38	49	34.5	35.5	60	31.5	39	22	52	52.5	51	52.5	21.5	39	42	53	20	9.5	31.5	1	22	61.5	36.5	41	50	27.5	48	12	30.5	43.5	11.5	18.5	25.5	49.5	14.5	34	39	27	36.5	53	36.5	19	25.5	0	57.5	48	45	45	48	49	33	35	33	49.5	52	66.5	31.5	29.5	55.5	20	46	31	60	40	34.5	28.5	30	9.5	23	27	33.5	7	46	37.5	44.5	47.5	19.5	36	7	26	45.5	50.5	0	19	46	23.5	24	41.5	41	37.5	30.5	8.5	9	19.5	49.5	53.5	61.5	
68	63.5	39	34	24	59.5	24	39.5	49.5	39.5	52.5	48	56.5	7	43.5	29	12	42.5	61.5	29.5	67	14	26.5	48	7	36.5	52	54.5	55	33	64	49.5	30.5	75	31.5	46	37	67	47.5	66	57.5	36.5	34	57	62	25	9.5	26.5	18	37	68.5	51.5	36	65	42.5	57	17	45.5	58.5	21.5	33.5	40.5	44.5	29.5	29	20	42	51.5	68	51.5	34	40.5	19	52.5	63	40	50	63	64	28	50	28	60.5	43	53.5	33.5	35.5	70.5	35	41	26	65	35	29.5	43.5	45	24.5	4	22	28.5	26	61	52.5	59.5	42.5	34.5	51	26	41	40.5	65.5	19	0	41	18.5	39	36.5	36	52.5	45.5	18.5	24	34.5	60.5	68.5	68.5	
81	84.5	34	59	31	86.5	51	58.5	76.5	31.5	79.5	11	83.5	48	21.5	56	39	55.5	76.5	56.5	94	31	46.5	61	34	36.5	79	81.5	82	40	79	76.5	32.5	88	44.5	59	64	94	30.5	87	70.5	63.5	31	76	75	52	36.5	18.5	45	64	81.5	66.5	5	88	69.5	70	44	72.5	85.5	48.5	60.5	57.5	31.5	56.5	26	39	61	66.5	95	66.5	61	67.5	46	25.5	80	33	63	90	91	45	77	13	73.5	26	26.5	46.5	48.5	87.5	62	0	33	78	22	21.5	64.5	72	51.5	45	29	30.5	53	88	65.5	78.5	30.5	61.5	78	53	68	32.5	92.5	46	41	0	40.5	66	23.5	33	65.5	72.5	45.5	51	61.5	73.5	89.5	81.5	
68.5	68	36.5	38.5	23.5	64	28.5	44	54	39	57	43.5	61	25.5	39	33.5	16.5	43	64	34	71.5	13.5	8	48.5	11.5	36	56.5	59	59.5	32.5	66.5	54	30	75.5	32	46.5	41.5	71.5	47	70.5	58	41	33.5	61.5	62.5	29.5	14	26	22.5	41.5	69	54	35.5	69.5	47	57.5	21.5	50	63	26	38	45	44	34	28.5	26.5	46.5	54	72.5	54	38.5	45	23.5	48	67.5	39.5	50.5	67.5	68.5	27.5	54.5	27.5	61	38.5	49	34	36	75	39.5	40.5	25.5	65.5	34.5	29	48	49.5	29	22.5	21.5	28	30.5	65.5	53	64	42	39	55.5	30.5	45.5	40	70	23.5	18.5	40.5	0	43.5	36	35.5	53	50	23	28.5	39	61	73	69	
43	28.5	64	39	49	24.5	39	39.5	19.5	64.5	17.5	77	21.5	46	76.5	24	27	42.5	26.5	19.5	32	39	51.5	37	32	61.5	13	19.5	20	58	29	19.5	55.5	40	51.5	39	12	32	72.5	31	32.5	26.5	59	18	33	40	29.5	51.5	23	12	41.5	31.5	61	30	22.5	24	32	25.5	23.5	31.5	13.5	40.5	69.5	19.5	54	59	37	31.5	33	31.5	9	20.5	24	77.5	28	65	35	28	29	53	11	53	29.5	72	86.5	51.5	49.5	35.5	20	66	51	40	60	54.5	33.5	20	14.5	43	47	53.5	31	26	32.5	24.5	67.5	4.5	12	31	26	65.5	30.5	24	39	66	43.5	0	61.5	61	32.5	25.5	28.5	19	14.5	29.5	33.5	41.5	
90.5	86	41.5	56.5	26.5	82	46.5	62	72	27	75	30.5	79	43.5	31	51.5	34.5	65	84	52	89.5	26.5	44	70.5	29.5	34	74.5	77	77.5	35.5	86.5	72	28	97.5	54	68.5	59.5	89.5	11	88.5	80	59	26.5	79.5	84.5	47.5	32	14	40.5	59.5	91	74	18.5	87.5	65	79.5	39.5	68	81	44	56	63	22	52	21.5	48.5	64.5	74	90.5	74	56.5	63	41.5	16	85.5	32.5	72.5	85.5	86.5	40.5	72.5	10.5	83	35.5	31	56	58	93	57.5	23.5	28.5	87.5	12.5	17	66	67.5	47	40.5	24.5	26	48.5	83.5	75	82	30	57	73.5	48.5	63.5	28	88	41.5	36.5	23.5	36	61.5	0	28.5	75	68	41	46.5	57	83	91	91	
76	79.5	29	54	26	81.5	46	53.5	71.5	31.5	74.5	26	78.5	43	21.5	51	34	50.5	71.5	51.5	89	26	41.5	56	29	31.5	74	76.5	77	35	74	71.5	27.5	83	39.5	54	59	89	35.5	82	65.5	58.5	2	71	70	47	31.5	18.5	40	59	76.5	61.5	28	83	64.5	65	39	67.5	80.5	43.5	55.5	52.5	36.5	51.5	7	34	56	61.5	90	61.5	56	62.5	41	30.5	75	4	58	85	86	40	72	20	68.5	11	31.5	41.5	43.5	82.5	57	33	28	73	27	21.5	59.5	67	46.5	40	24	25.5	48	83	60.5	73.5	30.5	56.5	73	48	63	32.5	87.5	41	36	33	35.5	61	28.5	0	60.5	67.5	40.5	46	56.5	68.5	84.5	76.5	
29.5	33	47.5	32.5	62.5	47	42.5	27	27	62	46	54.5	50	45.5	50	37.5	40.5	14	25	33	44.5	52.5	45	14.5	45.5	55	29.5	48	48.5	53.5	27.5	27	61	36.5	23	12.5	30.5	44.5	64	35.5	19	30	62.5	24.5	23.5	41.5	43	65	36.5	30.5	30	1	70.5	36.5	10	18.5	45.5	7	38	45	19	26	77	33	67.5	32.5	24.5	1	43.5	1	27.5	12	37.5	59	28.5	56.5	11.5	38.5	47.5	48.5	31.5	66.5	22	49.5	60	25	27	36	31.5	65.5	60.5	26.5	73.5	68	23	26.5	28	48.5	60.5	63	40.5	50.5	0	27	59	28	30.5	40.5	25.5	61	41	37.5	52.5	65.5	53	32.5	75	60.5	0	7	42	32.5	18	22	38	30	
36.5	40	54.5	39.5	55.5	46	45.5	34	34	69	39	61.5	43	52.5	57	30.5	33.5	21	32	26	51.5	45.5	52	21.5	38.5	62	36.5	41	41.5	60.5	34.5	34	62	43.5	30	19.5	23.5	51.5	71	42.5	26	33	65.5	31.5	30.5	46.5	36	58	29.5	23.5	37	6	67.5	43.5	3	25.5	38.5	0	45	38	12	33	76	26	60.5	39.5	31.5	6	50.5	6	20.5	5	30.5	66	35.5	63.5	18.5	45.5	50.5	55.5	36.5	59.5	29	56.5	67	32	34	43	26.5	72.5	57.5	33.5	66.5	61	30	31.5	21	49.5	53.5	60	37.5	47.5	7	34	66	21	37.5	37.5	32.5	68	48	30.5	45.5	72.5	50	25.5	68	67.5	7	0	35	25.5	11	29	45	37	
63.5	53	43.5	23.5	28.5	49	18.5	29	39	44	42	56.5	46	25.5	54	18.5	6.5	38	51	19	56.5	18.5	31	41.5	11.5	41	41.5	44	44.5	37.5	53.5	39	35	64.5	25	41.5	26.5	56.5	52	55.5	53	26	38.5	46.5	57.5	19.5	9	31	7.5	26.5	64	41	40.5	54.5	32	52.5	11.5	35	48	3	23	30	49	19	33.5	36.5	31.5	41	57.5	41	23.5	30	8.5	57	52.5	44.5	45.5	52.5	53.5	32.5	39.5	32.5	54	51.5	64	23	21	60	24.5	45.5	30.5	60.5	39.5	34	33	34.5	14	22.5	26.5	33	15.5	50.5	42	49	47	24	40.5	15.5	30.5	45	55	8.5	18.5	45.5	23	28.5	41	40.5	42	35	0	13.5	24	54	58	64	
58	43.5	49	24	34	39.5	24	24.5	29.5	49.5	32.5	62	36.5	31	61.5	5	12	32.5	41.5	9.5	47	24	36.5	32	17	46.5	32	34.5	35	43	44	29.5	40.5	55	36.5	34	17	47	57.5	46	47.5	16.5	44	37	48	25	14.5	36.5	8	17	56.5	31.5	46	45	22.5	43	17	25.5	38.5	16.5	13.5	25.5	54.5	9.5	39	44	18	31.5	48	31.5	14	20.5	9	62.5	43	50	40	43	44	38	30	38	44.5	57	71.5	36.5	34.5	50.5	15	51	36	55	45	39.5	23.5	25	4.5	28	32	38.5	16	41	32.5	39.5	52.5	14.5	31	16	21	50.5	45.5	9	24	51	28.5	19	46.5	46	32.5	25.5	13.5	0	14.5	44.5	48.5	56.5	
47.5	39	59.5	34.5	44.5	35	34.5	35	25	60	28	72.5	32	41.5	68	19.5	22.5	32	37	15	42.5	34.5	47	32.5	27.5	57	27.5	30	30.5	53.5	39.5	25	51	50.5	41	30.5	12.5	42.5	68	41.5	37	22	54.5	32.5	41.5	35.5	25	47	18.5	12.5	48	17	56.5	40.5	8	36.5	27.5	11	34	27	1	36	65	15	49.5	50.5	32.5	17	43.5	17	9.5	6	19.5	73	38.5	60.5	29.5	38.5	39.5	48.5	25.5	48.5	40	67.5	78	43	45	46	15.5	61.5	46.5	44.5	55.5	50	29	20.5	10	38.5	42.5	49	26.5	36.5	18	35	63	10	26.5	26.5	21.5	61	41	19.5	34.5	61.5	39	14.5	57	56.5	18	11	24	14.5	0	40	44	48	
17.5	21	55.5	40.5	70.5	35	50.5	35	25	70	38	62.5	38	53.5	58	45.5	52.5	22	3	45	32.5	64.5	53	22.5	57.5	63	22.5	40	40.5	61.5	15.5	25	69	24.5	31	20.5	37.5	32.5	72	23.5	3	38	70.5	17.5	11.5	49.5	55	77	48.5	37.5	18	23	78.5	24.5	32	11.5	57.5	29	26	53	39	34	85	45	75.5	40.5	32.5	23	31.5	23	34.5	34	49.5	67	16.5	64.5	14.5	26.5	35.5	56.5	24.5	78.5	0	57.5	68	33	35	24	39.5	73.5	68.5	14.5	85.5	80	31	29.5	40	56.5	72.5	71	48.5	38.5	22	5	67	30	23.5	48.5	33.5	69	29	49.5	60.5	73.5	61	29.5	83	68.5	22	29	54	44.5	40	0	26	18	
13.5	27	71.5	56.5	78.5	9	66.5	51	41	86	16	78.5	12	69.5	74	53.5	56.5	38	29	49	28.5	68.5	69	38.5	61.5	79	38.5	14	24.5	77.5	26.5	41	85	20.5	47	36.5	41.5	28.5	88	24.5	23	54	86.5	33.5	22.5	65.5	59	81	52.5	41.5	8	39	90.5	25.5	48	27.5	61.5	45	32	61	43	50	99	49	83.5	56.5	48.5	39	27.5	39	38.5	50	53.5	83	27.5	80.5	30.5	27.5	31.5	72.5	40.5	82.5	26	73.5	84	49	51	2	49.5	89.5	80.5	15.5	89.5	84	47	45.5	44	72.5	76.5	83	60.5	30.5	38	31	83	34	39.5	60.5	49.5	85	3	53.5	68.5	89.5	73	33.5	91	84.5	38	45	58	48.5	44	26	0	8	
5.5	19	63.5	48.5	78.5	17	58.5	43	33	78	24	70.5	20	61.5	66	53.5	64.5	30	21	53	20.5	76.5	61	30.5	69.5	71	30.5	22	32.5	69.5	18.5	33	77	12.5	39	28.5	45.5	20.5	80	16.5	15	46	78.5	25.5	14.5	57.5	67	89	60.5	45.5	0	31	86.5	17.5	40	19.5	65.5	37	24	61	49	42	93	53	83.5	48.5	40.5	31	19.5	31	46.5	42	61.5	75	19.5	72.5	22.5	19.5	23.5	64.5	32.5	90.5	18	65.5	76	41	43	6	47.5	81.5	76.5	7.5	97.5	88	39	37.5	52	64.5	80.5	79	56.5	26.5	30	23	75	42	31.5	56.5	41.5	77	11	61.5	68.5	81.5	69	41.5	91	76.5	30	37	64	56.5	48	18	8	0	
