Number of items: 150
Horizon: 6
Time limit: 1000
Load limit: 9000
Initial item inventory level
80
89
24
44
20
86
288
45
168
237
240
134
92
132
10
42
168
228
69
76
11
99
22
59
90
267
160
92
291
68
41
60
42
88
87
26
72
36
49
26
92
196
186
60
180
37
282
96
84
12
70
111
282
246
26
63
77
78
154
54
93
117
213
216
20
134
42
78
297
69
152
32
182
59
26
156
42
64
225
198
64
40
174
80
70
33
54
53
189
138
142
90
144
270
15
96
22
43
279
59
63
176
264
106
96
89
219
55
75
78
114
87
96
186
117
36
276
128
70
42
156
168
42
22
171
264
78
153
178
32
54
132
110
54
80
56
108
111
190
80
294
110
24
22
34
186
93
104
198
264
Maximum inventory capacity per item
120
178
48
66
30
172
384
60
252
316
320
201
184
198
20
63
224
304
138
152
22
132
33
118
120
356
240
184
388
102
82
90
63
176
174
52
144
54
98
52
138
294
279
80
270
74
376
128
126
24
140
148
376
328
39
84
154
117
231
81
186
156
284
288
30
201
84
117
396
138
228
64
273
118
39
208
63
128
300
297
128
80
261
160
140
44
72
106
252
184
213
120
216
360
30
192
44
86
372
118
126
264
352
159
128
178
292
110
100
104
171
174
128
248
156
72
368
192
105
63
208
252
56
44
228
352
104
204
267
48
108
198
165
108
120
84
144
148
285
120
392
165
36
44
51
279
186
156
264
352
Reserve storage replenishment rate per item and per period
240	0	0	240	0	0	
534	0	0	534	0	0	
144	0	0	144	0	0	
132	0	0	132	0	0	
60	0	0	60	0	0	
516	0	0	516	0	0	
576	0	0	576	0	0	
90	0	0	90	0	0	
504	0	0	504	0	0	
474	0	0	474	0	0	
480	0	0	480	0	0	
402	0	0	402	0	0	
552	0	0	552	0	0	
396	0	0	396	0	0	
60	0	0	60	0	0	
126	0	0	126	0	0	
336	0	0	336	0	0	
456	0	0	456	0	0	
414	0	0	414	0	0	
456	0	0	456	0	0	
66	0	0	66	0	0	
198	0	0	198	0	0	
66	0	0	66	0	0	
354	0	0	354	0	0	
180	0	0	180	0	0	
534	0	0	534	0	0	
480	0	0	480	0	0	
552	0	0	552	0	0	
582	0	0	582	0	0	
204	0	0	204	0	0	
246	0	0	246	0	0	
180	0	0	180	0	0	
126	0	0	126	0	0	
528	0	0	528	0	0	
522	0	0	522	0	0	
156	0	0	156	0	0	
432	0	0	432	0	0	
108	0	0	108	0	0	
294	0	0	294	0	0	
156	0	0	156	0	0	
276	0	0	276	0	0	
588	0	0	588	0	0	
558	0	0	558	0	0	
120	0	0	120	0	0	
540	0	0	540	0	0	
222	0	0	222	0	0	
564	0	0	564	0	0	
192	0	0	192	0	0	
252	0	0	252	0	0	
72	0	0	72	0	0	
420	0	0	420	0	0	
222	0	0	222	0	0	
564	0	0	564	0	0	
492	0	0	492	0	0	
78	0	0	78	0	0	
126	0	0	126	0	0	
462	0	0	462	0	0	
234	0	0	234	0	0	
462	0	0	462	0	0	
162	0	0	162	0	0	
558	0	0	558	0	0	
234	0	0	234	0	0	
426	0	0	426	0	0	
432	0	0	432	0	0	
60	0	0	60	0	0	
402	0	0	402	0	0	
252	0	0	252	0	0	
234	0	0	234	0	0	
594	0	0	594	0	0	
414	0	0	414	0	0	
456	0	0	456	0	0	
192	0	0	192	0	0	
546	0	0	546	0	0	
354	0	0	354	0	0	
78	0	0	78	0	0	
312	0	0	312	0	0	
126	0	0	126	0	0	
384	0	0	384	0	0	
450	0	0	450	0	0	
594	0	0	594	0	0	
384	0	0	384	0	0	
240	0	0	240	0	0	
522	0	0	522	0	0	
480	0	0	480	0	0	
420	0	0	420	0	0	
66	0	0	66	0	0	
108	0	0	108	0	0	
318	0	0	318	0	0	
378	0	0	378	0	0	
276	0	0	276	0	0	
426	0	0	426	0	0	
180	0	0	180	0	0	
432	0	0	432	0	0	
540	0	0	540	0	0	
90	0	0	90	0	0	
576	0	0	576	0	0	
132	0	0	132	0	0	
258	0	0	258	0	0	
558	0	0	558	0	0	
354	0	0	354	0	0	
378	0	0	378	0	0	
528	0	0	528	0	0	
528	0	0	528	0	0	
318	0	0	318	0	0	
192	0	0	192	0	0	
534	0	0	534	0	0	
438	0	0	438	0	0	
330	0	0	330	0	0	
150	0	0	150	0	0	
156	0	0	156	0	0	
342	0	0	342	0	0	
522	0	0	522	0	0	
192	0	0	192	0	0	
372	0	0	372	0	0	
234	0	0	234	0	0	
216	0	0	216	0	0	
552	0	0	552	0	0	
384	0	0	384	0	0	
210	0	0	210	0	0	
126	0	0	126	0	0	
312	0	0	312	0	0	
504	0	0	504	0	0	
84	0	0	84	0	0	
132	0	0	132	0	0	
342	0	0	342	0	0	
528	0	0	528	0	0	
156	0	0	156	0	0	
306	0	0	306	0	0	
534	0	0	534	0	0	
96	0	0	96	0	0	
324	0	0	324	0	0	
396	0	0	396	0	0	
330	0	0	330	0	0	
324	0	0	324	0	0	
240	0	0	240	0	0	
168	0	0	168	0	0	
216	0	0	216	0	0	
222	0	0	222	0	0	
570	0	0	570	0	0	
240	0	0	240	0	0	
588	0	0	588	0	0	
330	0	0	330	0	0	
72	0	0	72	0	0	
132	0	0	132	0	0	
102	0	0	102	0	0	
558	0	0	558	0	0	
558	0	0	558	0	0	
312	0	0	312	0	0	
396	0	0	396	0	0	
528	0	0	528	0	0	
Forward storage demand rate per item and per period
40	61	30	24	32	42	
89	42	54	146	82	74	
24	21	42	22	17	20	
22	24	26	22	22	34	
10	8	11	9	17	18	
86	41	37	50	18	125	
96	62	53	78	164	104	
15	8	16	23	12	23	
84	104	39	73	46	85	
79	64	81	66	28	47	
80	126	78	74	31	69	
67	80	97	68	81	60	
92	114	78	133	73	104	
66	78	62	65	75	40	
10	11	7	7	16	13	
21	24	34	23	24	22	
56	71	65	52	55	7	
76	121	102	58	60	113	
69	47	75	78	96	53	
76	71	106	111	77	136	
11	21	8	11	15	12	
33	31	40	25	9	35	
11	14	1	3	10	14	
59	31	56	94	45	29	
30	24	11	23	15	29	
89	116	84	46	116	97	
80	62	123	111	56	90	
92	67	70	171	112	120	
97	95	110	35	17	67	
34	12	24	18	23	11	
41	20	21	54	60	44	
30	34	15	26	39	35	
21	21	23	33	4	10	
88	131	113	82	103	54	
87	67	133	104	57	89	
26	29	24	45	36	8	
72	81	92	65	91	57	
18	21	20	22	30	8	
49	32	41	22	42	39	
26	16	33	28	27	11	
46	23	32	24	56	10	
98	164	7	157	36	137	
93	64	85	53	98	165	
20	8	18	25	17	23	
90	70	165	43	169	152	
37	21	38	38	15	33	
94	74	120	63	66	148	
32	10	29	9	58	18	
42	47	68	56	56	56	
12	17	16	12	4	6	
70	72	20	78	79	21	
37	46	21	11	19	38	
94	102	73	99	145	123	
82	90	102	46	143	62	
13	10	2	14	4	15	
21	37	22	25	12	19	
77	58	51	110	98	131	
39	21	48	51	25	15	
77	133	46	100	121	76	
27	36	28	29	32	15	
93	153	106	51	24	122	
39	56	9	28	28	69	
71	10	121	132	98	30	
72	65	77	73	40	73	
10	8	11	6	7	14	
67	98	22	58	85	62	
42	61	63	70	26	8	
39	43	64	35	55	37	
99	110	80	43	19	98	
69	98	128	118	36	99	
76	139	138	92	43	26	
32	41	9	32	35	48	
91	93	89	59	65	120	
59	65	75	25	44	52	
13	12	12	13	20	16	
52	34	40	47	58	51	
21	15	17	12	14	28	
64	94	56	83	54	49	
75	87	46	64	102	40	
99	115	84	87	147	89	
64	57	56	68	55	14	
40	58	20	47	18	66	
87	26	138	90	67	71	
80	56	64	48	56	48	
70	58	102	103	16	64	
11	13	4	10	11	14	
18	17	15	22	17	20	
53	66	20	11	41	40	
63	98	92	57	103	50	
46	46	35	35	34	29	
71	136	39	63	96	74	
30	39	7	23	8	22	
72	83	68	87	73	73	
90	120	39	56	101	121	
15	14	9	6	29	11	
96	100	154	65	60	111	
22	25	26	22	20	20	
43	54	54	20	12	34	
93	147	138	101	135	91	
59	67	33	57	101	49	
63	113	32	99	96	78	
88	34	146	72	145	68	
88	147	100	87	124	139	
53	97	42	64	26	44	
32	39	36	30	14	31	
89	80	174	55	7	40	
73	104	40	25	63	43	
55	38	81	77	42	72	
25	21	6	37	30	33	
26	11	22	25	14	31	
57	9	56	89	45	36	
87	148	59	58	40	140	
32	17	29	22	57	24	
62	31	32	60	44	68	
39	54	59	37	53	59	
36	48	33	34	46	7	
92	74	91	54	91	22	
64	44	77	114	50	83	
35	66	43	21	23	61	
21	13	26	18	31	30	
52	40	46	57	31	60	
84	50	89	44	123	52	
14	12	15	4	14	15	
22	22	3	3	18	21	
57	48	43	43	63	61	
88	140	68	49	155	96	
26	28	26	23	9	40	
51	39	78	40	64	32	
89	107	55	112	127	93	
16	6	23	18	8	13	
54	76	80	75	54	67	
66	83	64	75	97	59	
55	68	56	24	76	69	
54	53	70	89	59	67	
40	68	19	36	40	39	
28	19	28	23	25	18	
36	21	25	11	51	37	
37	36	16	16	29	42	
95	42	109	171	30	148	
40	70	23	51	18	39	
98	166	61	126	136	56	
55	62	26	25	31	20	
12	15	15	7	17	22	
22	23	13	19	26	25	
17	28	19	25	24	8	
93	139	74	115	126	104	
93	90	25	118	116	99	
52	57	64	25	50	51	
66	111	111	91	92	86	
88	122	141	113	167	114	
Distance matrix
0	86.5	35.5	37	28.5	29	52	88.5	25.5	44.5	43.5	55	78	41	66	19	81	26	39	35	36.5	53.5	29	76	83.5	57	39	59	26.5	79	24.5	32.5	36.5	72.5	88.5	14.5	60.5	17	20.5	49	61.5	58	87	79	94.5	64	66	46.5	95.5	65	34	32.5	14.5	20	72.5	21.5	25.5	73.5	71	30	48.5	45.5	87	80	79.5	67.5	65	92.5	92.5	43.5	51.5	69.5	42	44.5	54	95.5	33.5	70	55.5	50.5	59	52	40.5	31	39.5	75.5	54	48.5	46	56.5	71.5	82.5	25.5	86.5	20.5	22.5	64.5	55	39	39.5	18.5	51	30	61.5	40.5	63.5	79.5	77.5	29	79	88	77.5	59	92.5	1	90.5	60	34.5	35.5	31	62	78.5	39	27	44.5	42	12	59	75.5	56.5	27	37	21	36.5	69.5	63	66.5	86	30	52	83.5	28	47	28.5	42	32	50	78	22	73.5	8.5	
86.5	0	83	81.5	70	65.5	58.5	30	87	56	75	61.5	40.5	67.5	32.5	99.5	37.5	92.5	55.5	71.5	82	65	89.5	32.5	35	43.5	79.5	59.5	92	39.5	94	84	78	44	2	86	58	83.5	98	65.5	43	60.5	31.5	39.5	8	54.5	52.5	72	9	31.5	84.5	86	76	96.5	46	73	93	13	47.5	88.5	70	73	31.5	36.5	31	49	31.5	26	26	75	43	49	68.5	74	60.5	23	85	48.5	37	62	45.5	66.5	62	87.5	71	43	64.5	70	72.5	48	47	34	93	32	82	96	26	63.5	55.5	51	100	37.5	66.5	43	72	55	39	29	89.5	25.5	30.5	39	59.5	26	87.5	28	36.5	84	67	87.5	38.5	40	65.5	63.5	74	76.5	88.5	45.5	11	62	91.5	53.5	67.5	68	49	29.5	38	32.5	86.5	38.5	35	84.5	71.5	90	76.5	68.5	46.5	24.5	88.5	45	80	
35.5	83	0	27.5	29	29.5	52.5	71	34	45	8	49.5	66.5	41.5	66.5	40.5	53.5	33.5	39.5	35.5	23	46	30.5	76.5	66	57.5	20.5	25.5	33	45.5	35	3	33	67	81	35	29	32.5	39	45.5	62	46.5	77.5	65.5	75	40.5	48.5	33	74	65.5	25.5	27	25	39.5	37	14	34	74	63.5	29.5	21	10	77.5	74.5	80	62	65.5	67	67	36	52	40	42.5	25	50.5	64	2	44.5	56	49	59.5	22.5	41	28.5	40	44	20.5	31	18.5	57	48	77	34	63	31	37	65	19.5	39.5	40	41	51.5	30.5	62	39	46	60	78	30.5	79.5	76.5	72	45.5	67	36.5	69	60.5	25	36	28.5	62.5	51	39.5	27.5	35	32.5	37.5	59.5	76	23	32.5	37.5	21.5	37	40	63.5	67	78.5	29.5	52.5	56	31.5	27.5	31	22.5	32.5	50.5	78.5	37.5	56	29	
37	81.5	27.5	0	25.5	26	49	69.5	37.5	41.5	19.5	48	65	38	63	44	52	37	36	32	26.5	44.5	34	73	64.5	54	24	24	36.5	44	38.5	30.5	31.5	65.5	79.5	36.5	27.5	34	42.5	44	58.5	45	76	64	73.5	39	47	31.5	72.5	62	29	30.5	26.5	43	35.5	23.5	37.5	70.5	62	33	19.5	17.5	76	73	76.5	60.5	62	65.5	65.5	34.5	48.5	38.5	39	23.5	49	62.5	29.5	43	52.5	47.5	56	21	37.5	32	36.5	42.5	19	29.5	9	53.5	46.5	75.5	37.5	61.5	32.5	40.5	61.5	18	36	36.5	44.5	48	27	58.5	37.5	44.5	58.5	74.5	34	76	75	70.5	44	65.5	38	67.5	57	28.5	32.5	32	59	49.5	36	24	33.5	31	39	56	72.5	21.5	36	34	16	33.5	38.5	60	63.5	77	33	49	54.5	35	26	34.5	5	29	47	75	39	54.5	30.5	
28.5	70	29	25.5	0	12.5	35.5	72	29	28	33	38.5	61.5	24.5	49.5	47.5	60.5	34.5	22.5	18.5	40	37	37.5	59.5	67	40.5	37.5	32.5	40	52.5	38	26	8	56	72	28	36	25.5	44	32.5	45	41.5	70.5	62.5	78	47.5	49.5	30	79	48.5	42.5	44	18	38.5	44	15	39	57	54.5	46.5	20	31	70.5	63.5	63	51	48.5	74	74	27	35	47	25.5	16	37.5	71	27	51.5	39	34	42.5	29.5	24	29.5	23	51	27.5	32	30.5	40	55	66	49	70	24	46	48	26.5	22.5	23	42	34.5	13.5	45	24	47	63	61	47.5	62.5	71.5	61	42.5	74	29.5	74	43.5	38	19	29.5	45.5	58	22.5	10.5	28	25.5	30.5	42.5	59	30	45.5	20.5	9.5	20	47	46.5	50	69.5	28.5	35.5	63	26.5	30.5	42	30.5	15.5	33.5	61.5	30.5	57	22	
29	65.5	29.5	26	12.5	0	31	67.5	29.5	23.5	37.5	34	57	20	45	48	60	35	18	6	44.5	32.5	38	55	62.5	36	38	32	40.5	52	38.5	26.5	20.5	51.5	67.5	28.5	35.5	26	44.5	28	40.5	37	66	58	73.5	43	45	25.5	74.5	44	47	46.5	18.5	39	43.5	15.5	39.5	52.5	50	51	32.5	35.5	66	59	58.5	46.5	44	71.5	71.5	22.5	30.5	46.5	21	28.5	33	70.5	27.5	49	34.5	29.5	38	23	19.5	30	18.5	50.5	25	27.5	35	35.5	50.5	61.5	49.5	65.5	24.5	46.5	43.5	26	18	18.5	42.5	30	1	40.5	19.5	42.5	58.5	56.5	48	58	67	56.5	38	71.5	30	69.5	39	38.5	14.5	30	41	57.5	18	2	23.5	13	31	38	54.5	29.5	46	16	10	15.5	46.5	42	45.5	65	29	31	62.5	27	18	42.5	31	3	29	57	31	52.5	22.5	
52	58.5	52.5	49	35.5	31	0	54.5	52.5	21.5	44.5	3	50	33	38	69	37	58	21	37	51.5	30.5	59	48	49.5	29	49	29	61.5	29	61.5	49.5	43.5	44.5	60.5	51.5	27.5	49	67.5	31	33.5	6	59	49	58.5	12	32	41.5	57.5	37	54	55.5	41.5	62	20.5	38.5	62.5	45.5	43	58	39.5	42.5	59	52	51.5	39.5	37	50.5	50.5	40.5	23.5	23.5	34	43.5	2	47.5	50.5	28	27.5	27.5	31	36	27.5	53	36.5	27.5	34	39.5	42	28.5	31.5	54.5	62.5	46.5	47.5	65.5	36.5	33	21	16.5	65.5	23	32	33.5	37.5	29.5	43.5	49.5	59	51	60	49.5	7	50.5	53	52.5	32	53.5	32.5	53	34	34.5	31	29	41.5	44	54	31	47.5	31.5	61	19	33	33.5	23.5	35	38.5	58	52	24	39.5	50	41	59.5	46	34	22	50	54	39.5	45.5	
88.5	30	71	69.5	72	67.5	54.5	0	81	58	63	51.5	28.5	65.5	34.5	87.5	25.5	80.5	57.5	71.5	70	53	77.5	30.5	23	45.5	67.5	47.5	80	27.5	82	74	70	34	28	88	46	85.5	86	57.5	45	48.5	24.5	27.5	22	42.5	40.5	60	21	33.5	72.5	74	78	86.5	34	75	81	27	35.5	76.5	58	61	24.5	26.5	9	39	33.5	4	4	63	45	37	64.5	62	52.5	7	73	36.5	39	56	47.5	54.5	64	75.5	67	31	52.5	58	60.5	50	35	6	81	20	84	84	28	51.5	57.5	53	88	39.5	68.5	45	66	43	27	11	77.5	32.5	23.5	29	47.5	4	89.5	2	38.5	72	69	75.5	40.5	28	67.5	65.5	62	64.5	90.5	47.5	29	50	79.5	55.5	69.5	70	37	31.5	40	25.5	76.5	40.5	23	78.5	59.5	78	64.5	70.5	48.5	31.5	84.5	33	82	
25.5	87	34	37.5	29	29.5	52.5	81	0	45	26	55.5	76.5	41.5	66.5	40.5	63.5	31.5	39.5	35.5	23	54	30.5	76.5	76	57.5	25.5	35.5	33	55.5	35	33	37	73	89	25	39	22.5	39	49.5	62	56.5	87.5	75.5	85	50.5	58.5	43	84	65.5	25.5	27	11	35.5	47	22	34	74	71.5	29.5	31	24	87.5	80.5	80	68	65.5	77	77	44	52	50	42.5	35	54.5	74	34	54.5	56	51	59.5	32.5	41	31.5	40	54	30.5	41	28.5	57	58	83	34	73	5	37	65	29.5	39.5	40	39	51.5	30.5	62	41	56	70	78	30.5	79.5	86.5	78	55.5	77	26.5	79	60.5	9	36	31.5	62.5	61	39.5	27.5	45	42.5	27.5	59.5	76	33	32.5	37.5	21.5	37	50	63.5	67	86.5	30.5	52.5	66	28.5	37.5	31	32.5	32.5	50.5	78.5	27.5	66	19	
44.5	56	45	41.5	28	23.5	21.5	58	45	0	47	24.5	47.5	25.5	35.5	63.5	44.5	50.5	13.5	29.5	54	9	53.5	45.5	53	26.5	51.5	31.5	56	36.5	54	42	36	42	58	44	30	41.5	60	23.5	31	27.5	56.5	48.5	64	31.5	35.5	36	65	34.5	56.5	58	34	54.5	28	31	55	43	40.5	60.5	42	45	56.5	49.5	49	37	34.5	58	58	33	21	31	26.5	44	23.5	55	43	35.5	25	6	28.5	38.5	20	45.5	29	35	36.5	38	44.5	26	39	52	65	54	40	62	34	35.5	13.5	5	58	20.5	24.5	31	30	33	49	47	61.5	48.5	57.5	47	28.5	58	45.5	60	29.5	54	25	45.5	31.5	42	23.5	21.5	34	36.5	46.5	28.5	45	34	61.5	11.5	25.5	26	31	32.5	36	55.5	44.5	21.5	47	42.5	41.5	58	46.5	26.5	19.5	47.5	46.5	43	38	
43.5	75	8	19.5	33	37.5	44.5	63	26	47	0	41.5	58.5	35.5	70.5	32.5	45.5	25.5	47.5	31.5	15	38	22.5	70.5	58	59.5	12.5	17.5	25	37.5	27	11	25	59	73	37	21	34.5	31	37.5	60	38.5	69.5	57.5	67	32.5	40.5	25	66	71.5	17.5	19	33	31.5	29	22	26	82	55.5	21.5	13	2	69.5	66.5	72	54	71.5	59	59	28	60	32	34.5	17	42.5	56	10	36.5	64	41	57.5	14.5	41	20.5	32	36	12.5	23	10.5	55	40	69	26	55	31	29	73	11.5	47.5	48	33	59.5	36.5	60	31	38	52	74	22.5	77.5	68.5	64	37.5	59	44.5	61	66.5	17	36	20.5	64.5	43	37.5	35.5	27	24.5	39.5	57.5	84	15	24.5	45.5	29.5	35	32	71.5	65	70.5	21.5	60.5	48	23.5	19.5	23	14.5	34.5	56.5	78.5	29.5	48	37	
55	61.5	49.5	48	38.5	34	3	51.5	55.5	24.5	41.5	0	47	36	41	66	34	59	24	40	48.5	31.5	56	51	46.5	32	46	26	58.5	26	60.5	52.5	46.5	47.5	61.5	54.5	24.5	52	64.5	34	36.5	3	58	46	55.5	9	29	38.5	54.5	40	51	52.5	44.5	65	17.5	41.5	59.5	48.5	44	55	36.5	39.5	58	55	54.5	42.5	40	47.5	47.5	41.5	26.5	20.5	37	40.5	1	44.5	51.5	25	30.5	30.5	34	33	30.5	54	39.5	24.5	31	36.5	39	31.5	28.5	57.5	59.5	43.5	50.5	62.5	39.5	30	24	19.5	66.5	26	35	36.5	40.5	26.5	40.5	52.5	56	54	57	52.5	4	47.5	56	49.5	35	50.5	35.5	54	37	31.5	34	32	40.5	43	57	34	50.5	28.5	58	22	36	36.5	20.5	38	41.5	59	55	27	36.5	53	38	56.5	43	37	25	53	57	36.5	48.5	
78	40.5	66.5	65	61.5	57	50	28.5	76.5	47.5	58.5	47	0	59	12	83	21	76	47	63	65.5	48.5	73	34	23.5	35	63	43	75.5	23	77.5	69.5	65.5	29.5	38.5	77.5	41.5	75	81.5	53	34.5	44	35	1	32.5	38	36	55.5	31.5	13	68	69.5	67.5	82	29.5	64.5	76.5	31.5	31	72	53.5	56.5	35	32	37.5	34.5	13	24.5	24.5	58.5	34.5	32.5	60	57.5	48	21.5	68.5	32	28.5	51.5	37	50	53.5	71	62.5	26.5	48	53.5	56	39.5	30.5	34.5	76.5	20.5	73.5	79.5	22.5	47	47	42.5	83.5	29	58	34.5	61.5	38.5	22.5	35.5	73	37	34	29.5	43	24.5	79	26.5	28	67.5	58.5	71	30	23.5	57	55	57.5	60	80	37	33.5	45.5	75	45	59	59.5	32.5	15	29.5	36	72	30	18.5	74	55	73.5	60	60	38	36	80	28.5	71.5	
41	67.5	41.5	38	24.5	20	33	65.5	41.5	25.5	35.5	36	59	0	47	60	48	47	20	26	42.5	34.5	50	57	60.5	38	40	18	52.5	40	50.5	38.5	32.5	53.5	69.5	40.5	23.5	38	56.5	30	42.5	39	68	60	69.5	35	43	32.5	68.5	46	45	46.5	30.5	51	31.5	27.5	51.5	54.5	52	49	30.5	33.5	68	61	60.5	48.5	46	61.5	61.5	29.5	32.5	34.5	1	34.5	35	58.5	39.5	39	36.5	31.5	40	27	21.5	42	25.5	38.5	25	30.5	33	37.5	42.5	63.5	53.5	57.5	36.5	56.5	45.5	24	20	20.5	54.5	32	21	42.5	26.5	40.5	54.5	58.5	50	60	69	58.5	40	61.5	42	63.5	41	44.5	21.5	42	43	45.5	2	18	30.5	33	43	40	56.5	22.5	52	18	22	22.5	34.5	44	47.5	67	41	33	50.5	39	32	50.5	37	23	31	59	43	50.5	34.5	
66	32.5	66.5	63	49.5	45	38	34.5	66.5	35.5	70.5	41	12	47	0	85	33	72	35	51	77.5	44.5	75	22	29.5	23	75	55	77.5	35	75.5	63.5	57.5	23.5	34.5	65.5	53.5	63	81.5	45	22.5	44	33	13	40.5	50	42	57.5	41.5	1	80	81.5	55.5	76	41.5	52.5	76.5	19.5	27	84	65.5	68.5	33	26	25.5	28.5	1	36.5	36.5	54.5	22.5	44.5	48	65.5	40	33.5	64.5	44	16.5	41.5	25	62	41.5	67	50.5	38.5	60	59.5	68	27.5	42.5	28.5	86.5	32.5	61.5	83.5	10.5	59	35	30.5	79.5	17	46	22.5	51.5	44.5	30.5	23.5	85	25	34	23.5	45	36.5	67	36.5	16	75.5	46.5	67	18	35.5	45	43	55.5	58	68	25	21.5	57.5	83	33	47	47.5	44.5	3	17.5	32	66	18	30.5	64	63	79.5	68	48	26	24	68	34.5	59.5	
19	99.5	40.5	44	47.5	48	69	87.5	40.5	63.5	32.5	66	83	60	85	0	70	35	58	54	19.5	62.5	32	95	82.5	76	32	42	29.5	62	31.5	43.5	49.5	83.5	97.5	33.5	45.5	36	25.5	62	80.5	63	94	82	91.5	57	65	49.5	90.5	84	17	23.5	33.5	31	53.5	40.5	30.5	92.5	80	11	37.5	30.5	94	91	96.5	78.5	84	83.5	83.5	52.5	70.5	56.5	59	41.5	67	80.5	42.5	61	74.5	65.5	78	39	59.5	40	56.5	60.5	37	47.5	35	75.5	64.5	93.5	20.5	79.5	39.5	23.5	83.5	36	58	58.5	27.5	70	49	80.5	55.5	62.5	76.5	96.5	22	98	93	88.5	62	83.5	18	85.5	79	31.5	54.5	40	81	67.5	58	46	51.5	49	31	78	94.5	39.5	24	56	40	55.5	56.5	82	85.5	95	41	71	72.5	43	44	27.5	39	51	69	97	39	72.5	27.5	
81	37.5	53.5	52	60.5	60	37	25.5	63.5	44.5	45.5	34	21	48	33	70	0	63	50	54	52.5	35.5	60	33	20.5	32	50	30	62.5	10	64.5	56.5	52.5	21.5	35.5	74.5	28.5	72	68.5	40	27.5	31	32	20	29.5	25	23	42.5	28.5	34	55	56.5	70.5	69	16.5	67.5	63.5	44.5	10	59	40.5	43.5	32	29	34.5	21.5	34	21.5	21.5	45.5	37.5	19.5	47	44.5	35	18.5	55.5	19	31.5	38.5	30	37	48.5	58	49.5	13.5	35	40.5	43	32.5	17.5	31.5	63.5	17.5	68.5	66.5	35.5	34	50	45.5	70.5	32	59	27.5	48.5	25.5	14.5	36.5	60	40	31	26.5	30	21.5	82	23.5	21	54.5	53.5	58	19	10.5	50	58	44.5	47	77	30	46.5	32.5	62	48	62	52.5	19.5	34	27.5	33	59	33	10.5	61	42	60.5	47	57	39	41	67	15.5	74.5	
26	92.5	33.5	37	34.5	35	58	80.5	31.5	50.5	25.5	59	76	47	72	35	63	0	45	41	17.5	55.5	3	82	75.5	63	25	35	27.5	55	29.5	36.5	42.5	76.5	90.5	25.5	38.5	9	33.5	55	67.5	56	87	75	84.5	50	58	42.5	83.5	71	20	21.5	20.5	34	46.5	27.5	28.5	79.5	73	24	30.5	23.5	87	84	85.5	71.5	71	76.5	76.5	45.5	57.5	49.5	48	34.5	60	73.5	35.5	54	61.5	56.5	65	32	46.5	33	45.5	53.5	30	40.5	28	62.5	57.5	86.5	28.5	72.5	26.5	31.5	70.5	29	45	45.5	35.5	57	36	67.5	46.5	55.5	69.5	83.5	25	85	86	81.5	55	76.5	27	78.5	66	24.5	41.5	33	68	60.5	45	33	44.5	42	28	65	81.5	32.5	27	43	27	42.5	49.5	69	72.5	88	34	58	65.5	34	37	25.5	32	38	56	84	4	65.5	19.5	
39	55.5	39.5	36	22.5	18	21	57.5	39.5	13.5	47.5	24	47	20	35	58	50	45	0	24	54.5	22.5	48	45	52.5	26	48	32	50.5	42	48.5	36.5	30.5	41.5	57.5	38.5	30.5	36	54.5	10	30.5	27	56	48	63.5	33	35	30.5	64.5	34	57	56.5	28.5	49	33.5	25.5	49.5	42.5	40	61	42.5	45.5	56	49	48.5	36.5	34	61.5	61.5	27.5	20.5	36.5	21	38.5	23	60.5	37.5	39	24.5	19.5	28	39	14.5	40	23.5	40.5	37	32.5	45	25.5	40.5	51.5	59.5	55.5	34.5	56.5	33.5	36	0	8.5	52.5	20	19	30.5	24.5	32.5	48.5	46.5	58	48	57	46.5	28	61.5	40	59.5	29	48.5	19.5	40	31	47.5	18	16	28.5	31	41	28	44.5	34.5	56	2	20	20.5	36.5	32	35.5	55	39	21	52.5	37	36	52.5	41	21	19	47	41	42.5	32.5	
35	71.5	35.5	32	18.5	6	37	71.5	35.5	29.5	31.5	40	63	26	51	54	54	41	24	0	38.5	38.5	44	61	66.5	42	36	26	46.5	46	44.5	32.5	26.5	57.5	73.5	34.5	29.5	32	50.5	34	46.5	43	72	64	75.5	41	49	31.5	74.5	50	41	42.5	24.5	45	37.5	21.5	45.5	58.5	56	45	26.5	29.5	72	65	64.5	52.5	50	67.5	67.5	28.5	36.5	40.5	27	30.5	39	64.5	33.5	45	40.5	35.5	44	17	25.5	36	24.5	44.5	19	31.5	29	41.5	48.5	67.5	49.5	63.5	30.5	52.5	49.5	20	24	24.5	48.5	36	5	46.5	25.5	46.5	60.5	62.5	46	64	73	62.5	44	67.5	36	69.5	45	40.5	20.5	36	47	51.5	24	8	29.5	7	37	44	60.5	23.5	48	22	16	21.5	40.5	48	51.5	71	35	37	56.5	33	12	46.5	33	3	35	63	37	56.5	28.5	
36.5	82	23	26.5	40	44.5	51.5	70	23	54	15	48.5	65.5	42.5	77.5	19.5	52.5	17.5	54.5	38.5	0	45	14.5	77.5	65	66.5	14.5	24.5	10	44.5	12	26	32	66	80	22	28	26.5	18	44.5	67	45.5	76.5	64.5	74	39.5	47.5	32	73	78.5	4.5	4	34	18.5	36	37	11	95	62.5	8.5	20	13	76.5	73.5	79	61	78.5	66	66	35	67	39	41.5	24	49.5	63	25	43.5	73	48	64.5	21.5	48	22.5	39	43	19.5	30	17.5	62	47	76	13	62	28	16	84	18.5	54.5	59	20	72.5	43.5	67	38	45	59	81	9.5	84.5	75.5	71	44.5	66	37.5	68	73.5	14	43	22.5	71.5	50	44.5	46.5	34	31.5	26.5	64.5	93	22	11.5	56.5	42.5	42	39	80.5	72	77.5	23.5	71.5	55	25.5	26.5	8	21.5	41.5	63.5	85.5	21.5	55	28	
53.5	65	46	44.5	37	32.5	30.5	53	54	9	38	31.5	48.5	34.5	44.5	62.5	35.5	55.5	22.5	38.5	45	0	52.5	54.5	48	35.5	42.5	22.5	55	27.5	57	49	45	49	63	53	21	50.5	61	32.5	40	28.5	59.5	47.5	57	22.5	30.5	35	56	43.5	47.5	49	43	61.5	19	40	56	52	45.5	51.5	33	36	59.5	56.5	58	44	43.5	49	49	38	30	22	35.5	37	32.5	46	48	26.5	34	3	37.5	29.5	29	50.5	38	26	27.5	33	35.5	35	30	59	56	45	49	59	43	26.5	22.5	14	63	29.5	33.5	40	39	28	42	56	52.5	57.5	58.5	54	27.5	49	54.5	51	38.5	47	34	50.5	40.5	33	32.5	30.5	37	39.5	55.5	37.5	54	25	54.5	20.5	34.5	35	22	41.5	45	60.5	51.5	30.5	38	51.5	34.5	53	39.5	35.5	28.5	56.5	55.5	38	47	
29	89.5	30.5	34	37.5	38	59	77.5	30.5	53.5	22.5	56	73	50	75	32	60	3	48	44	14.5	52.5	0	85	72.5	66	22	32	24.5	52	26.5	33.5	39.5	73.5	87.5	28.5	35.5	12	30.5	52	70.5	53	84	72	81.5	47	55	39.5	80.5	74	17	18.5	23.5	31	43.5	30.5	25.5	82.5	70	21	27.5	20.5	84	81	86.5	68.5	74	73.5	73.5	42.5	60.5	46.5	49	31.5	57	70.5	32.5	51	64.5	55.5	68	29	49.5	30	46.5	50.5	27	37.5	25	65.5	54.5	83.5	25.5	69.5	29.5	28.5	73.5	26	48	48.5	32.5	60	39	70.5	45.5	52.5	66.5	86.5	22	88	83	78.5	52	73.5	30	75.5	69	21.5	44.5	30	71	57.5	48	36	41.5	39	31	68	84.5	29.5	24	46	30	45.5	46.5	72	75.5	85	31	61	62.5	33	34	22.5	29	41	59	87	7	62.5	22.5	
76	32.5	76.5	73	59.5	55	48	30.5	76.5	45.5	70.5	51	34	57	22	95	33	82	45	61	77.5	54.5	85	0	30.5	33	75	55	87.5	35	85.5	73.5	67.5	33.5	34.5	75.5	53.5	73	91.5	55	32.5	54	33	35	34.5	50	48	67.5	33.5	21	80	81.5	65.5	86	41.5	62.5	86.5	19.5	37	84	65.5	68.5	33	4	25.5	38.5	21	26.5	26.5	64.5	32.5	44.5	58	69.5	50	23.5	74.5	44	26.5	51.5	35	62	51.5	77	60.5	38.5	60	65.5	68	37.5	42.5	28.5	88.5	27.5	71.5	91.5	15.5	59	45	40.5	89.5	27	56	32.5	61.5	50.5	34.5	23.5	85	25	34	28.5	55	26.5	77	28.5	26	79.5	56.5	77	28	35.5	55	53	65.5	68	78	35	21.5	57.5	87	43	57	57.5	44.5	19	27.5	32	76	28	30.5	74	67	85.5	72	58	36	24	78	40.5	69.5	
83.5	35	66	64.5	67	62.5	49.5	23	76	53	58	46.5	23.5	60.5	29.5	82.5	20.5	75.5	52.5	66.5	65	48	72.5	30.5	0	40.5	62.5	42.5	75	22.5	77	69	65	29	33	83	41	80.5	81	52.5	40	43.5	29.5	22.5	27	37.5	35.5	55	26	28.5	67.5	69	73	81.5	29	70	76	32	30.5	71.5	53	56	29.5	26.5	32	34	28.5	19	19	58	40	32	59.5	57	47.5	16	68	31.5	34	51	42.5	49.5	59	70.5	62	26	47.5	53	55.5	45	30	29	76	3	79	79	19	46.5	52.5	48	83	34.5	63.5	40	61	38	22	34	72.5	37.5	28.5	6	42.5	19	84.5	21	33.5	67	64	70.5	35.5	23	62.5	60.5	57	59.5	85.5	42.5	34	45	74.5	50.5	64.5	65	32	26.5	35	30.5	71.5	35.5	18	73.5	54.5	73	59.5	65.5	43.5	36.5	79.5	28	77	
57	43.5	57.5	54	40.5	36	29	45.5	57.5	26.5	59.5	32	35	38	23	76	32	63	26	42	66.5	35.5	66	33	40.5	0	64	44	68.5	22	66.5	54.5	48.5	29.5	45.5	56.5	42.5	54	72.5	36	18.5	35	44	36	51.5	39	33	48.5	52.5	22	69	70.5	46.5	67	30.5	43.5	67.5	30.5	28	73	54.5	57.5	44	37	36.5	24.5	22	45.5	45.5	45.5	13.5	33.5	39	56.5	31	42.5	55.5	33	12.5	32.5	2	51	32.5	58	41.5	27.5	49	50.5	57	18.5	31.5	39.5	77.5	41.5	52.5	74.5	21.5	48	26	21.5	70.5	6	37	18.5	42.5	35.5	36.5	34.5	74	36	45	34.5	36	45.5	58	47.5	17	66.5	37.5	58	19	29.5	36	34	46.5	49	59	2	32.5	46.5	74	24	38	38.5	33.5	20	23.5	43	57	5	34.5	55	54	70.5	59	39	17	35	59	30.5	50.5	
39	79.5	20.5	24	37.5	38	49	67.5	25.5	51.5	12.5	46	63	40	75	32	50	25	48	36	14.5	42.5	22	75	62.5	64	0	22	24.5	42	26.5	23.5	29.5	63.5	77.5	36.5	25.5	34	30.5	42	64.5	43	74	62	71.5	37	45	29.5	70.5	74	17	18.5	28.5	31	33.5	30.5	25.5	82.5	60	21	17.5	10.5	74	71	76.5	58.5	74	63.5	63.5	32.5	60.5	36.5	39	21.5	47	60.5	22.5	41	64.5	45.5	62	19	45.5	8	36.5	40.5	17	27.5	15	59.5	44.5	73.5	25.5	59.5	30.5	28.5	73.5	16	48	48.5	32.5	60	39	64.5	35.5	42.5	56.5	78.5	22	82	73	68.5	42	63.5	40	65.5	69	16.5	40.5	8	69	47.5	42	36	31.5	29	39	62	84.5	19.5	24	46	30	39.5	36.5	72	69.5	75	9	61	52.5	11	24	22.5	19	39	59	83	29	52.5	32.5	
59	59.5	25.5	24	32.5	32	29	47.5	35.5	31.5	17.5	26	43	18	55	42	30	35	32	26	24.5	22.5	32	55	42.5	44	22	0	34.5	22	36.5	28.5	24.5	43.5	57.5	46.5	5.5	44	40.5	22	44.5	23	54	42	51.5	17	25	14.5	50.5	56	27	28.5	46.5	41	13.5	39.5	35.5	72.5	40	31	12.5	15.5	54	51	56.5	38.5	56	43.5	43.5	17.5	44.5	16.5	17	16.5	27	40.5	27.5	21	50.5	25.5	42	9	25.5	30	21.5	20.5	7	12.5	15	39.5	24.5	53.5	35.5	39.5	40.5	38.5	61.5	6	32	36.5	42.5	50	31	44.5	20.5	22.5	36.5	58.5	32	62	53	48.5	22	43.5	60	45.5	51	26.5	25.5	30	49	27.5	20	34	16.5	19	49	42	70.5	4.5	34	34	40	24.5	16.5	58	49.5	55	31	49	32.5	33	14	32.5	19	29	41	63	39	32.5	52.5	
26.5	92	33	36.5	40	40.5	61.5	80	33	56	25	58.5	75.5	52.5	77.5	29.5	62.5	27.5	50.5	46.5	10	55	24.5	87.5	75	68.5	24.5	34.5	0	54.5	2	36	42	76	90	12	38	28.5	28	54.5	73	55.5	86.5	74.5	84	49.5	57.5	42	83	76.5	14.5	6	26	28.5	46	33	1	85	72.5	18.5	30	23	86.5	83.5	89	71	76.5	76	76	45	63	49	51.5	34	59.5	73	35	53.5	67	58	70.5	31.5	52	32.5	49	53	29.5	40	27.5	68	57	86	23	72	32	26	76	28.5	50.5	51	30	62.5	41.5	73	48	55	69	89	19.5	90.5	85.5	81	54.5	76	27.5	78	71.5	24	47	32.5	73.5	60	50.5	38.5	44	41.5	28.5	70.5	87	32	21.5	48.5	32.5	48	49	74.5	78	87.5	33.5	63.5	65	35.5	36.5	2	31.5	43.5	61.5	89.5	31.5	65	18	
79	39.5	45.5	44	52.5	52	29	27.5	55.5	36.5	37.5	26	23	40	35	62	10	55	42	46	44.5	27.5	52	35	22.5	22	42	22	54.5	0	56.5	48.5	44.5	23.5	37.5	66.5	20.5	64	60.5	32	24.5	23	34	22	31.5	17	15	34.5	30.5	36	47	48.5	66.5	61	8.5	59.5	55.5	52.5	20	51	32.5	35.5	34	31	36.5	18.5	36	23.5	23.5	37.5	29.5	11.5	39	36.5	27	20.5	47.5	11	30.5	30.5	20	29	40.5	50	41.5	5.5	27	32.5	35	24.5	9.5	33.5	55.5	19.5	60.5	58.5	41.5	26	42	41.5	62.5	28	51	24.5	40.5	17.5	16.5	38.5	52	42	33	28.5	22	23.5	80	25.5	31	46.5	45.5	50	29	7.5	42	54	36.5	39	69	20	50.5	24.5	54	44	60	44.5	11.5	38	29.5	35	51	27	12.5	53	34	52.5	39	49	31	43	59	12.5	72.5	
24.5	94	35	38.5	38	38.5	61.5	82	35	54	27	60.5	77.5	50.5	75.5	31.5	64.5	29.5	48.5	44.5	12	57	26.5	85.5	77	66.5	26.5	36.5	2	56.5	0	38	44	78	92	10	40	26.5	30	56.5	71	57.5	88.5	76.5	86	51.5	59.5	44	85	74.5	16.5	8	24	30.5	48	31	1	83	74.5	20.5	32	25	88.5	85.5	89	73	74.5	78	78	47	61	51	51.5	36	61.5	75	37	55.5	65	60	68.5	33.5	50	34.5	49	55	31.5	42	29.5	66	59	88	25	74	30	28	74	30.5	48.5	49	32	60.5	39.5	71	50	57	71	87	21.5	88.5	87.5	83	56.5	78	25.5	80	69.5	26	45	34.5	71.5	62	48.5	36.5	46	43.5	26.5	68.5	85	34	23.5	46.5	30.5	46	51	72.5	76	89.5	35.5	61.5	67	37.5	38.5	4	33.5	41.5	59.5	87.5	31.5	67	16	
32.5	84	3	30.5	26	26.5	49.5	74	33	42	11	52.5	69.5	38.5	63.5	43.5	56.5	36.5	36.5	32.5	26	49	33.5	73.5	69	54.5	23.5	28.5	36	48.5	38	0	34	70	84	32	32	29.5	42	46.5	59	49.5	80.5	68.5	78	43.5	51.5	36	77	62.5	28.5	30	22	42.5	40	11	37	71	66.5	32.5	24	13	80.5	77.5	77	65	62.5	70	70	39	49	43	39.5	28	51.5	67	1	47.5	53	48	56.5	25.5	38	31.5	37	47	23.5	34	21.5	54	51	80	37	66	28	40	62	22.5	36.5	37	44	48.5	27.5	59	38	49	63	75	33.5	76.5	79.5	75	48.5	70	33.5	72	57.5	28	33	31.5	59.5	54	36.5	24.5	38	35.5	34.5	56.5	73	26	35.5	34.5	18.5	34	43	60.5	64	81.5	32.5	49.5	59	30.5	30.5	34	25.5	29.5	47.5	75.5	34.5	59	26	
36.5	78	33	31.5	8	20.5	43.5	70	37	36	25	46.5	65.5	32.5	57.5	49.5	52.5	42.5	30.5	26.5	32	45	39.5	67.5	65	48.5	29.5	24.5	42	44.5	44	34	0	64	80	36	28	33.5	48	40.5	53	45.5	76.5	64.5	74	39.5	47.5	32	73	56.5	34.5	36	26	46.5	36	23	43	65	62.5	38.5	12	23	76.5	71.5	71	59	56.5	66	66	35	43	39	33.5	8	45.5	63	35	43.5	47	42	50.5	21.5	32	37.5	31	43	19.5	30	22.5	48	47	74	43	62	32	46	56	18.5	30.5	31	50	42.5	21.5	53	32	45	59	69	39.5	70.5	75.5	69	44.5	66	37.5	68	51.5	34	27	37.5	53.5	50	30.5	18.5	34	31.5	38.5	50.5	67	22	41.5	28.5	17.5	28	39	54.5	58	77.5	36.5	43.5	55	34.5	26.5	40	26.5	23.5	41.5	69.5	38.5	55	30	
72.5	44	67	65.5	56	51.5	44.5	34	73	42	59	47.5	29.5	53.5	23.5	83.5	21.5	76.5	41.5	57.5	66	49	73.5	33.5	29	29.5	63.5	43.5	76	23.5	78	70	64	0	44	72	42	69.5	82	51.5	29	44.5	40.5	28.5	38	38.5	36.5	56	37	22.5	68.5	70	62	82.5	30	59	77	31	31.5	72.5	54	57	40.5	37.5	37	35	22.5	30	30	59	29	33	54.5	58	46.5	27	69	32.5	23	48	31.5	50.5	48	71.5	57	27	48.5	54	56.5	34	31	40	77	26	68	80	22	47.5	41.5	37	84	23.5	52.5	29	58	39	7	35	73.5	36.5	39.5	35	43.5	30	73.5	32	22.5	68	53	71.5	24.5	24	51.5	49.5	58	60.5	74.5	31.5	33	46	75.5	39.5	53.5	54	33	20.5	6	41.5	72.5	24.5	11	70.5	55.5	74	60.5	54.5	32.5	35.5	74.5	29	66	
88.5	2	81	79.5	72	67.5	60.5	28	89	58	73	61.5	38.5	69.5	34.5	97.5	35.5	90.5	57.5	73.5	80	63	87.5	34.5	33	45.5	77.5	57.5	90	37.5	92	84	80	44	0	88	56	85.5	96	67.5	45	58.5	29.5	37.5	6	52.5	50.5	70	7	33.5	82.5	84	78	96.5	44	75	91	15	45.5	86.5	68	71	29.5	36.5	33	49	33.5	24	24	73	45	47	70.5	72	62.5	21	83	46.5	39	64	47.5	64.5	64	85.5	73	41	62.5	68	70.5	50	45	34	91	30	84	94	28	61.5	57.5	53	98	39.5	68.5	45	74	53	37	31	87.5	27.5	28.5	39	57.5	24	89.5	26	38.5	82	69	85.5	40.5	38	67.5	65.5	72	74.5	90.5	47.5	13	60	89.5	55.5	69.5	70	47	31.5	40	30.5	86.5	40.5	33	86.5	69.5	88	74.5	70.5	48.5	26.5	90.5	43	82	
14.5	86	35	36.5	28	28.5	51.5	88	25	44	37	54.5	77.5	40.5	65.5	33.5	74.5	25.5	38.5	34.5	22	53	28.5	75.5	83	56.5	36.5	46.5	12	66.5	10	32	36	72	88	0	50	16.5	30	48.5	61	57.5	86.5	78.5	94	61.5	65.5	46	95	64.5	26.5	18	14	24.5	58	21	11	73	70.5	30.5	42	35	86.5	79.5	79	67	64.5	88	88	43	51	61	41.5	44	53.5	85	33	65.5	55	50	58.5	43.5	40	30.5	39	65	41.5	48	39.5	56	69	82	35	84	20	32	64	40.5	38.5	39	28	50.5	29.5	61	40	63	79	77	31.5	78.5	87.5	77	58.5	88	15.5	90	59.5	34	35	30.5	61.5	72	38.5	26.5	44	41.5	16.5	58.5	75	44	31.5	36.5	20.5	36	61	62.5	66	85.5	29.5	51.5	77	27.5	46.5	14	41.5	31.5	49.5	77.5	21.5	73	6	
60.5	58	29	27.5	36	35.5	27.5	46	39	30	21	24.5	41.5	23.5	53.5	45.5	28.5	38.5	30.5	29.5	28	21	35.5	53.5	41	42.5	25.5	5.5	38	20.5	40	32	28	42	56	50	0	47.5	44	20.5	43	21.5	52.5	40.5	50	15.5	23.5	18	49	54.5	30.5	32	50	44.5	12	43	39	69	38.5	34.5	16	19	52.5	49.5	55	37	54.5	42	42	21	43	15	22.5	20	25.5	39	31	19.5	49	24	40.5	12.5	20	33.5	25	19	10.5	16	18.5	38	23	52	39	38	44	42	60	9.5	30.5	35	46	46.5	34.5	43	24	21	35	57	35.5	60.5	51.5	47	20.5	42	61.5	44	49.5	30	29	33.5	47.5	26	25.5	37.5	20	22.5	52.5	40.5	69	8	37.5	32.5	41.5	28	15	56.5	48	53.5	34.5	47.5	31	36.5	17.5	36	22.5	32.5	39.5	61.5	42.5	31	54	
17	83.5	32.5	34	25.5	26	49	85.5	22.5	41.5	34.5	52	75	38	63	36	72	9	36	32	26.5	50.5	12	73	80.5	54	34	44	28.5	64	26.5	29.5	33.5	69.5	85.5	16.5	47.5	0	32.5	46	58.5	55	84	76	91.5	59	63	43.5	92.5	62	29	30.5	11.5	27	55.5	18.5	27.5	70.5	68	33	39.5	32.5	84	77	76.5	64.5	62	85.5	85.5	40.5	48.5	58.5	39	41.5	51	82.5	30.5	63	52.5	47.5	56	41	37.5	28	36.5	62.5	39	45.5	37	53.5	66.5	79.5	37.5	81.5	17.5	34.5	61.5	38	36	36.5	30.5	48	27	58.5	37.5	60.5	76.5	74.5	34	76	85	74.5	56	85.5	18	87.5	57	31.5	32.5	28	59	69.5	36	24	41.5	39	19	56	72.5	41.5	34	34	18	33.5	58.5	60	63.5	83	27	49	74.5	25	44	30.5	39	29	47	75	5	70.5	10.5	
20.5	98	39	42.5	44	44.5	67.5	86	39	60	31	64.5	81.5	56.5	81.5	25.5	68.5	33.5	54.5	50.5	18	61	30.5	91.5	81	72.5	30.5	40.5	28	60.5	30	42	48	82	96	30	44	32.5	0	60.5	77	61.5	92.5	80.5	90	55.5	63.5	48	89	80.5	15.5	22	30	29.5	52	37	29	89	78.5	14.5	36	29	92.5	89.5	95	77	80.5	82	82	51	67	55	57.5	40	65.5	79	41	59.5	71	64	74.5	37.5	56	38.5	55	59	35.5	46	33.5	72	63	92	5	78	36	2	80	34.5	54.5	55	2	66.5	45.5	77	54	61	75	93	20.5	94.5	91.5	87	60.5	82	21.5	84	75.5	30	51	38.5	77.5	66	54.5	42.5	50	47.5	27.5	74.5	91	38	22.5	52.5	36.5	52	55	78.5	82	93.5	39.5	67.5	71	41.5	42.5	26	37.5	47.5	65.5	93.5	37.5	71	24	
49	65.5	45.5	44	32.5	28	31	57.5	49.5	23.5	37.5	34	53	30	45	62	40	55	10	34	44.5	32.5	52	55	52.5	36	42	22	54.5	32	56.5	46.5	40.5	51.5	67.5	48.5	20.5	46	60.5	0	40.5	33	64	52	61.5	27	35	34.5	60.5	44	47	48.5	38.5	59	23.5	35.5	55.5	52.5	50	51	32.5	35.5	64	59	58.5	46.5	44	53.5	53.5	37.5	30.5	26.5	31	36.5	33	50.5	47.5	31	34.5	29.5	38	29	24.5	50	33.5	30.5	27	32.5	35	35.5	34.5	61.5	55.5	49.5	44.5	58.5	43.5	26	10	18.5	62.5	30	29	40.5	34.5	32.5	46.5	56.5	52	58	63	56.5	32	53.5	50	55.5	39	46.5	29.5	50	41	37.5	28	26	36.5	39	51	38	54.5	24.5	54	12	30	30.5	26.5	42	45.5	65	49	31	42.5	47	34	52.5	39	31	29	57	51	42.5	42.5	
61.5	43	62	58.5	45	40.5	33.5	45	62	31	60	36.5	34.5	42.5	22.5	80.5	27.5	67.5	30.5	46.5	67	40	70.5	32.5	40	18.5	64.5	44.5	73	24.5	71	59	53	29	45	61	43	58.5	77	40.5	0	39.5	43.5	35.5	49	39.5	37.5	53	48	21.5	69.5	71	51	71.5	31	48	72	30	27.5	73.5	55	58	43.5	36.5	36	6	21.5	41	41	50	18	34	43.5	59	35.5	38	60	33.5	6	37	20.5	51.5	37	62.5	46	28	49.5	55	57.5	23	32	39	78	37	57	79	21	48.5	30.5	26	75	12.5	41.5	0	47	40	34	34	74.5	35.5	44.5	34	40.5	41	62.5	43	16.5	69	42	62.5	18.5	17	40.5	38.5	51	53.5	63.5	20.5	32	47	76.5	28.5	42.5	43	34	19.5	23	42.5	61.5	13.5	30	59.5	56.5	75	61.5	43.5	21.5	34.5	63.5	12	55	
58	60.5	46.5	45	41.5	37	6	48.5	56.5	27.5	38.5	3	44	39	44	63	31	56	27	43	45.5	28.5	53	54	43.5	35	43	23	55.5	23	57.5	49.5	45.5	44.5	58.5	57.5	21.5	55	61.5	33	39.5	0	55	43	52.5	6	26	35.5	51.5	43	48	49.5	47.5	62	14.5	44.5	56.5	51.5	41	52	33.5	36.5	55	52	57.5	39.5	43	44.5	44.5	38.5	29.5	17.5	40	37.5	4	41.5	48.5	22	33.5	31.5	37	30	33.5	51	42.5	21.5	28	33.5	36	34.5	25.5	54.5	56.5	40.5	53.5	59.5	42.5	27	27	22.5	63.5	29	38	39.5	41.5	23.5	37.5	55.5	53	57	54	49.5	1	44.5	59	46.5	38	47.5	38.5	51	40	28.5	37	35	37.5	40	60	37	53.5	25.5	55	25	39	39.5	17.5	41	44.5	56	52	30	33.5	54	35	53.5	40	40	28	56	60	33.5	51.5	
87	31.5	77.5	76	70.5	66	59	24.5	87.5	56.5	69.5	58	35	68	33	94	32	87	56	72	76.5	59.5	84	33	29.5	44	74	54	86.5	34	88.5	80.5	76.5	40.5	29.5	86.5	52.5	84	92.5	64	43.5	55	0	34	23.5	49	47	66.5	22.5	32	79	80.5	76.5	93	40.5	73.5	87.5	20.5	42	83	64.5	67.5	0	33	31.5	45.5	32	20.5	20.5	69.5	43.5	43.5	69	68.5	59	17.5	79.5	43	37.5	62.5	46	61	62.5	82	71.5	37.5	59	64.5	67	48.5	41.5	30.5	87.5	26.5	82.5	90.5	26.5	58	56	51.5	94.5	38	67	43.5	72.5	49.5	33.5	29.5	84	8	1	35.5	54	20.5	88	22.5	37	78.5	67.5	82	39	34.5	66	64	68.5	71	89	46	22.5	56.5	86	54	68	68.5	43.5	30	38.5	1	83	39	29.5	85	66	84.5	71	69	47	9	89	39.5	80.5	
79	39.5	65.5	64	62.5	58	49	27.5	75.5	48.5	57.5	46	1	60	13	82	20	75	48	64	64.5	47.5	72	35	22.5	36	62	42	74.5	22	76.5	68.5	64.5	28.5	37.5	78.5	40.5	76	80.5	52	35.5	43	34	0	31.5	37	35	54.5	30.5	14	67	68.5	68.5	81	28.5	65.5	75.5	32.5	30	71	52.5	55.5	34	31	36.5	33.5	14	23.5	23.5	57.5	35.5	31.5	59	56.5	47	20.5	67.5	31	29.5	50.5	38	49	54.5	70	61.5	25.5	47	52.5	55	40.5	29.5	33.5	75.5	19.5	74.5	78.5	23.5	46	48	43.5	82.5	30	59	35.5	60.5	37.5	21.5	36.5	72	38	33	28.5	42	23.5	80	25.5	29	66.5	59.5	70	31	22.5	58	56	56.5	59	81	38	34.5	44.5	74	46	60	60.5	31.5	16	30.5	35	71	31	17.5	73	54	72.5	59	61	39	37	79	27.5	72.5	
94.5	8	75	73.5	78	73.5	58.5	22	85	64	67	55.5	32.5	69.5	40.5	91.5	29.5	84.5	63.5	75.5	74	57	81.5	34.5	27	51.5	71.5	51.5	84	31.5	86	78	74	38	6	94	50	91.5	90	61.5	49	52.5	23.5	31.5	0	46.5	44.5	64	1	39.5	76.5	78	84	90.5	38	81	85	21	39.5	80.5	62	65	23.5	30.5	31	43	39.5	18	18	67	51	41	68.5	66	56.5	15	77	40.5	45	60	51.5	58.5	70	79.5	71	35	56.5	62	64.5	54	39	28	85	24	90	88	34	55.5	63.5	59	92	45.5	74.5	49	70	47	31	33	81.5	31.5	22.5	33	51.5	18	95.5	20	44.5	76	75	79.5	46.5	32	71.5	71.5	66	68.5	96.5	51.5	19	54	83.5	61.5	75.5	74	41	37.5	44	24.5	80.5	46.5	27	82.5	63.5	82	68.5	76.5	54.5	32.5	88.5	37	88	
64	54.5	40.5	39	47.5	43	12	42.5	50.5	31.5	32.5	9	38	35	50	57	25	50	33	41	39.5	22.5	47	50	37.5	39	37	17	49.5	17	51.5	43.5	39.5	38.5	52.5	61.5	15.5	59	55.5	27	39.5	6	49	37	46.5	0	20	29.5	45.5	49	42	43.5	53.5	56	8.5	50.5	50.5	57.5	35	46	27.5	30.5	49	46	51.5	33.5	49	38.5	38.5	32.5	35.5	11.5	34	31.5	10	35.5	42.5	16	39.5	25.5	37	24	35.5	45	36.5	15.5	22	27.5	30	34.5	19.5	48.5	50.5	34.5	55.5	53.5	48.5	21	33	28.5	57.5	35	44	39.5	35.5	17.5	31.5	53.5	47	57	48	43.5	5	38.5	65	40.5	44	41.5	40.5	45	44	22.5	37	41	31.5	34	64	37	59.5	19.5	49	31	45	39.5	11.5	47	44.5	50	46	36	27.5	48	29	47.5	34	44	34	58	54	27.5	57.5	
66	52.5	48.5	47	49.5	45	32	40.5	58.5	35.5	40.5	29	36	43	42	65	23	58	35	49	47.5	30.5	55	48	35.5	33	45	25	57.5	15	59.5	51.5	47.5	36.5	50.5	65.5	23.5	63	63.5	35	37.5	26	47	35	44.5	20	0	37.5	43.5	41	50	51.5	55.5	64	11.5	52.5	58.5	49.5	33	54	35.5	38.5	47	44	49.5	31.5	41	36.5	36.5	40.5	27.5	14.5	42	39.5	30	33.5	50.5	4	31.5	33.5	35	32	41.5	53	44.5	13.5	30	35.5	38	32.5	17.5	46.5	58.5	32.5	61.5	61.5	40.5	29	35	30.5	65.5	27	46	37.5	43.5	20.5	29.5	51.5	55	55	46	41.5	25	36.5	67	38.5	36	49.5	46.5	53	38	20.5	45	43	39.5	42	68	35	51.5	27.5	57	33	47	47.5	14.5	39	42.5	48	54	28	25.5	56	37	55.5	42	48	16	54	62	25.5	59.5	
46.5	72	33	31.5	30	25.5	41.5	60	43	36	25	38.5	55.5	32.5	57.5	49.5	42.5	42.5	30.5	31.5	32	35	39.5	67.5	55	48.5	29.5	14.5	42	34.5	44	36	32	56	70	46	18	43.5	48	34.5	53	35.5	66.5	54.5	64	29.5	37.5	0	63	56.5	34.5	36	36	48.5	26	33	43	65	52.5	38.5	20	23	66.5	63.5	69	51	56.5	56	56	3	43	29	31.5	24	39.5	53	35	33.5	47	38	50.5	16.5	32	37.5	7	33	14.5	2	22.5	48	37	66	43	52	42	46	56	13.5	30.5	31	50	42.5	26.5	53	6	35	49	69	39.5	70.5	65.5	61	34.5	56	47.5	58	51.5	34	11	37.5	53.5	40	30.5	23.5	2	26.5	48.5	50.5	67	10	41.5	28.5	27.5	10	29	54.5	58	67.5	38.5	43.5	45	40.5	21.5	40	26.5	28.5	41.5	69.5	46.5	45	40	
95.5	9	74	72.5	79	74.5	57.5	21	84	65	66	54.5	31.5	68.5	41.5	90.5	28.5	83.5	64.5	74.5	73	56	80.5	33.5	26	52.5	70.5	50.5	83	30.5	85	77	73	37	7	95	49	92.5	89	60.5	48	51.5	22.5	30.5	1	45.5	43.5	63	0	40.5	75.5	77	85	89.5	37	82	84	22	38.5	79.5	61	64	22.5	29.5	30	42	40.5	17	17	66	52	40	67.5	65	55.5	14	76	39.5	46	59	50.5	57.5	69	78.5	70	34	55.5	61	63.5	53	38	27	84	23	89	87	35	54.5	64.5	60	91	46.5	75.5	48	69	46	30	32	80.5	30.5	21.5	32	50.5	17	96.5	19	45.5	75	74	78.5	47.5	31	70.5	72.5	65	67.5	97.5	50.5	20	53	82.5	62.5	76.5	73	40	38.5	43	23.5	79.5	47.5	26	81.5	62.5	81	67.5	77.5	55.5	31.5	87.5	36	89	
65	31.5	65.5	62	48.5	44	37	33.5	65.5	34.5	71.5	40	13	46	1	84	34	71	34	50	78.5	43.5	74	21	28.5	22	74	56	76.5	36	74.5	62.5	56.5	22.5	33.5	64.5	54.5	62	80.5	44	21.5	43	32	14	39.5	49	41	56.5	40.5	0	81	82.5	54.5	75	42.5	51.5	75.5	18.5	26	85	66.5	69.5	32	25	24.5	27.5	0	37.5	37.5	53.5	21.5	45.5	47	64.5	39	34.5	63.5	45	15.5	40.5	24	63	40.5	66	49.5	39.5	61	58.5	69	26.5	41.5	27.5	85.5	31.5	60.5	82.5	9.5	60	34	29.5	78.5	16	45	21.5	50.5	43.5	29.5	22.5	84	24	33	22.5	44	37.5	66	35.5	15	74.5	45.5	66	17	36.5	44	42	54.5	57	67	24	20.5	58.5	82	32	46	46.5	45.5	2	16.5	31	65	17	31.5	63	62	78.5	67	47	25	23	67	33.5	58.5	
34	84.5	25.5	29	42.5	47	54	72.5	25.5	56.5	17.5	51	68	45	80	17	55	20	57	41	4.5	47.5	17	80	67.5	69	17	27	14.5	47	16.5	28.5	34.5	68.5	82.5	26.5	30.5	29	15.5	47	69.5	48	79	67	76.5	42	50	34.5	75.5	81	0	8.5	36.5	14	38.5	39.5	15.5	97.5	65	6	22.5	15.5	79	76	81.5	63.5	81	68.5	68.5	37.5	69.5	41.5	44	26.5	52	65.5	27.5	46	75.5	50.5	67	24	50.5	25	41.5	45.5	22	32.5	20	64.5	49.5	78.5	10.5	64.5	30.5	13.5	86.5	21	57	61.5	17.5	75	46	69.5	40.5	47.5	61.5	83.5	5	87	78	73.5	47	68.5	35	70.5	76	16.5	45.5	25	74	52.5	47	49	36.5	34	22	67	95.5	24.5	7	59	45	44.5	41.5	83	74.5	80	26	74	57.5	28	29	12.5	24	44	66	88	24	57.5	32.5	
32.5	86	27	30.5	44	46.5	55.5	74	27	58	19	52.5	69.5	46.5	81.5	23.5	56.5	21.5	56.5	42.5	4	49	18.5	81.5	69	70.5	18.5	28.5	6	48.5	8	30	36	70	84	18	32	30.5	22	48.5	71	49.5	80.5	68.5	78	43.5	51.5	36	77	82.5	8.5	0	32	22.5	40	39	7	91	66.5	12.5	24	17	80.5	77.5	83	65	82.5	70	70	39	69	43	45.5	28	53.5	67	29	47.5	73	52	68.5	25.5	52	26.5	43	47	23.5	34	21.5	66	51	80	17	66	32	20	82	22.5	56.5	57	24	68.5	47.5	71	42	49	63	85	13.5	88.5	79.5	75	48.5	70	33.5	72	77.5	18	47	26.5	75.5	54	48.5	44.5	38	35.5	30.5	68.5	93	26	15.5	54.5	38.5	46	43	80.5	76	81.5	27.5	69.5	59	29.5	30.5	4	25.5	45.5	67.5	89.5	25.5	59	24	
14.5	76	25	26.5	18	18.5	41.5	78	11	34	33	44.5	67.5	30.5	55.5	33.5	70.5	20.5	28.5	24.5	34	43	23.5	65.5	73	46.5	28.5	46.5	26	66.5	24	22	26	62	78	14	50	11.5	30	38.5	51	47.5	76.5	68.5	84	53.5	55.5	36	85	54.5	36.5	32	0	24.5	58	11	25	63	60.5	40.5	38	35	76.5	69.5	69	57	54.5	82	82	33	41	59	31.5	34	43.5	85	23	59.5	45	40	48.5	41.5	30	20.5	29	65	41.5	38	35.5	46	61	72	35	76	6	32	54	40.5	28.5	29	28	40.5	19.5	51	30	53	69	67	33.5	68.5	77.5	67	48.5	82	15.5	80	49.5	20	25	20.5	51.5	68	28.5	16.5	34	31.5	16.5	48.5	65	44	31.5	26.5	10.5	26	59	52.5	56	75.5	19.5	41.5	73	17.5	36.5	28	31.5	21.5	39.5	67.5	16.5	63	8	
20	96.5	39.5	43	38.5	39	62	86.5	35.5	54.5	31.5	65	82	51	76	31	69	34	49	45	18.5	61.5	31	86	81.5	67	31	41	28.5	61	30.5	42.5	46.5	82.5	96.5	24.5	44.5	27	29.5	59	71.5	62	93	81	90.5	56	64	48.5	89.5	75	14	22.5	24.5	0	52.5	31.5	29.5	83.5	79	20	36.5	29.5	93	90	89.5	77.5	75	82.5	82.5	51.5	61.5	55.5	52	40.5	64	79.5	41.5	60	65.5	60.5	69	38	50.5	39	49.5	59.5	36	46.5	34	66.5	63.5	92.5	24.5	78.5	30.5	27.5	74.5	35	49	49.5	31.5	61	40	71.5	50.5	61.5	75.5	87.5	9	89	92	87.5	61	82.5	21	84.5	70	30.5	45.5	39	72	66.5	49	37	50.5	48	8	69	85.5	38.5	7	47	31	46.5	55.5	73	76.5	94	40	62	71.5	38	43	26.5	38	42	60	88	32	71.5	18.5	
72.5	46	37	35.5	44	43.5	20.5	34	47	28	29	17.5	29.5	31.5	41.5	53.5	16.5	46.5	33.5	37.5	36	19	43.5	41.5	29	30.5	33.5	13.5	46	8.5	48	40	36	30	44	58	12	55.5	52	23.5	31	14.5	40.5	28.5	38	8.5	11.5	26	37	42.5	38.5	40	58	52.5	0	51	47	59	26.5	42.5	24	27	40.5	37.5	43	25	42.5	30	30	29	31	3	30.5	28	18.5	27	39	7.5	37	22	28.5	20.5	32	41.5	33	7	18.5	24	26.5	26	11	40	47	26	52	50	48	17.5	33.5	33	54	36.5	42.5	31	32	9	23	45	43.5	48.5	39.5	35	13.5	30	71.5	32	37.5	38	37	41.5	35.5	14	33.5	45.5	28	30.5	60.5	28.5	57	16	45.5	35.5	51.5	36	3	44.5	36	41.5	42.5	35.5	19	44.5	25.5	44	30.5	40.5	27.5	49.5	50.5	19	64	
21.5	73	14	23.5	15	15.5	38.5	75	22	31	22	41.5	64.5	27.5	52.5	40.5	67.5	27.5	25.5	21.5	37	40	30.5	62.5	70	43.5	30.5	39.5	33	59.5	31	11	23	59	75	21	43	18.5	37	35.5	48	44.5	73.5	65.5	81	50.5	52.5	33	82	51.5	39.5	39	11	31.5	51	0	32	60	57.5	43.5	35	24	73.5	66.5	66	54	51.5	79	79	30	38	54	28.5	31	40.5	78	12	56.5	42	37	45.5	36.5	27	22.5	26	58	34.5	35	32.5	43	58	69	42	73	17	39	51	33.5	25.5	26	35	37.5	16.5	48	27	50	66	64	40.5	65.5	74.5	64	45.5	79	22.5	77	46.5	31	22	22.5	48.5	65	25.5	13.5	31	28.5	23.5	45.5	62	37	38.5	23.5	7.5	23	54	49.5	53	72.5	21.5	38.5	70	19.5	33.5	35	28.5	18.5	36.5	64.5	23.5	60	15	
25.5	93	34	37.5	39	39.5	62.5	81	34	55	26	59.5	76.5	51.5	76.5	30.5	63.5	28.5	49.5	45.5	11	56	25.5	86.5	76	67.5	25.5	35.5	1	55.5	1	37	43	77	91	11	39	27.5	29	55.5	72	56.5	87.5	75.5	85	50.5	58.5	43	84	75.5	15.5	7	25	29.5	47	32	0	84	73.5	19.5	31	24	87.5	84.5	90	72	75.5	77	77	46	62	50	52.5	35	60.5	74	36	54.5	66	59	69.5	32.5	51	33.5	50	54	30.5	41	28.5	67	58	87	24	73	31	27	75	29.5	49.5	50	31	61.5	40.5	72	49	56	70	88	20.5	89.5	86.5	82	55.5	77	26.5	79	70.5	25	46	33.5	72.5	61	49.5	37.5	45	42.5	27.5	69.5	86	33	22.5	47.5	31.5	47	50	73.5	77	88.5	34.5	62.5	66	36.5	37.5	3	32.5	42.5	60.5	88.5	32.5	66	17	
73.5	13	74	70.5	57	52.5	45.5	27	74	43	82	48.5	31.5	54.5	19.5	92.5	44.5	79.5	42.5	58.5	95	52	82.5	19.5	32	30.5	82.5	72.5	85	52.5	83	71	65	31	15	73	69	70.5	89	52.5	30	51.5	20.5	32.5	21	57.5	49.5	65	22	18.5	97.5	91	63	83.5	59	60	84	0	34.5	101.5	77	84	20.5	23.5	18	36	18.5	31	31	62	30	58	55.5	73	47.5	34	72	53.5	24	49	32.5	75.5	49	74.5	58	54	77.5	67	79.5	35	50	21	94	35	69	91	13	76.5	42.5	38	87	24.5	53.5	30	59	52	38	16	92.5	12.5	21.5	26	52.5	31	74.5	29	23.5	83	54	74.5	25.5	47	52.5	50.5	63	65.5	75.5	32.5	2	75	90.5	40.5	54.5	55	58	16.5	25	19.5	73.5	25.5	42	71.5	70.5	87	75.5	55.5	33.5	11.5	75.5	42	67	
71	47.5	63.5	62	54.5	50	43	35.5	71.5	40.5	55.5	44	31	52	27	80	10	73	40	56	62.5	45.5	70	37	30.5	28	60	40	72.5	20	74.5	66.5	62.5	31.5	45.5	70.5	38.5	68	78.5	50	27.5	41	42	30	39.5	35	33	52.5	38.5	26	65	66.5	60.5	79	26.5	57.5	73.5	34.5	0	69	50.5	53.5	42	39	40.5	31.5	26	31.5	31.5	55.5	27.5	29.5	53	54.5	45	28.5	65.5	29	21.5	46.5	30	47	46.5	68	55.5	23.5	45	50.5	53	32.5	27.5	41.5	73.5	27.5	66.5	76.5	25.5	44	40	35.5	80.5	22	51	27.5	56.5	35.5	24.5	38.5	70	40	41	36.5	40	31.5	72	33.5	11	64.5	51.5	68	9	20.5	50	48	54.5	57	73	30	36.5	42.5	72	38	52	52.5	29.5	24	27.5	43	69	23	20.5	69	52	70.5	57	53	31	39	73	25.5	64.5	
30	88.5	29.5	33	46.5	51	58	76.5	29.5	60.5	21.5	55	72	49	84	11	59	24	61	45	8.5	51.5	21	84	71.5	73	21	31	18.5	51	20.5	32.5	38.5	72.5	86.5	30.5	34.5	33	14.5	51	73.5	52	83	71	80.5	46	54	38.5	79.5	85	6	12.5	40.5	20	42.5	43.5	19.5	101.5	69	0	26.5	19.5	83	80	85.5	67.5	85	72.5	72.5	41.5	73.5	45.5	48	30.5	56	69.5	31.5	50	79.5	54.5	71	28	54.5	29	45.5	49.5	26	36.5	24	68.5	53.5	82.5	9.5	68.5	34.5	12.5	90.5	25	61	65.5	16.5	79	50	73.5	44.5	51.5	65.5	87.5	11	91	82	77.5	51	72.5	29	74.5	80	20.5	49.5	29	78	56.5	51	53	40.5	38	28	71	99.5	28.5	13	63	49	48.5	45.5	87	78.5	84	30	78	61.5	32	33	16.5	28	48	70	92	28	61.5	36.5	
48.5	70	21	19.5	20	32.5	39.5	58	31	42	13	36.5	53.5	30.5	65.5	37.5	40.5	30.5	42.5	26.5	20	33	27.5	65.5	53	54.5	17.5	12.5	30	32.5	32	24	12	54	68	42	16	39.5	36	32.5	55	33.5	64.5	52.5	62	27.5	35.5	20	61	66.5	22.5	24	38	36.5	24	35	31	77	50.5	26.5	0	11	64.5	61.5	67	49	66.5	54	54	23	55	27	29.5	4	37.5	51	23	31.5	59	36	52.5	9.5	36	25.5	27	31	7.5	18	10.5	50	35	64	31	50	36	34	68	6.5	42.5	43	38	54.5	31.5	55	26	33	47	69	27.5	72.5	63.5	59	32.5	54	49.5	56	61.5	22	31	25.5	59.5	38	32.5	30.5	22	19.5	44.5	52.5	79	10	29.5	40.5	29.5	30	27	66.5	60	65.5	26.5	55.5	43	28.5	14.5	28	14.5	29.5	51.5	73.5	34.5	43	42	
45.5	73	10	17.5	31	35.5	42.5	61	24	45	2	39.5	56.5	33.5	68.5	30.5	43.5	23.5	45.5	29.5	13	36	20.5	68.5	56	57.5	10.5	15.5	23	35.5	25	13	23	57	71	35	19	32.5	29	35.5	58	36.5	67.5	55.5	65	30.5	38.5	23	64	69.5	15.5	17	35	29.5	27	24	24	84	53.5	19.5	11	0	67.5	64.5	70	52	69.5	57	57	26	58	30	32.5	15	40.5	54	12	34.5	64	39	55.5	12.5	39	18.5	30	34	10.5	21	8.5	53	38	67	24	53	29	27	75	9.5	45.5	50	31	61.5	34.5	58	29	36	50	72	20.5	75.5	66.5	62	35.5	57	46.5	59	64.5	15	34	18.5	62.5	41	35.5	37.5	25	22.5	37.5	55.5	84	13	22.5	47.5	31.5	33	30	71.5	63	68.5	19.5	62.5	46	21.5	17.5	21	12.5	32.5	54.5	76.5	27.5	46	39	
87	31.5	77.5	76	70.5	66	59	24.5	87.5	56.5	69.5	58	35	68	33	94	32	87	56	72	76.5	59.5	84	33	29.5	44	74	54	86.5	34	88.5	80.5	76.5	40.5	29.5	86.5	52.5	84	92.5	64	43.5	55	0	34	23.5	49	47	66.5	22.5	32	79	80.5	76.5	93	40.5	73.5	87.5	20.5	42	83	64.5	67.5	0	33	31.5	45.5	32	20.5	20.5	69.5	43.5	43.5	69	68.5	59	17.5	79.5	43	37.5	62.5	46	61	62.5	82	71.5	37.5	59	64.5	67	48.5	41.5	30.5	87.5	26.5	82.5	90.5	26.5	58	56	51.5	94.5	38	67	43.5	72.5	49.5	33.5	29.5	84	8	1	35.5	54	20.5	88	22.5	37	78.5	67.5	82	39	34.5	66	64	68.5	71	89	46	22.5	56.5	86	54	68	68.5	43.5	30	38.5	1	83	39	29.5	85	66	84.5	71	69	47	9	89	39.5	80.5	
80	36.5	74.5	73	63.5	59	52	26.5	80.5	49.5	66.5	55	32	61	26	91	29	84	49	65	73.5	56.5	81	4	26.5	37	71	51	83.5	31	85.5	77.5	71.5	37.5	36.5	79.5	49.5	77	89.5	59	36.5	52	33	31	30.5	46	44	63.5	29.5	25	76	77.5	69.5	90	37.5	66.5	84.5	23.5	39	80	61.5	64.5	33	0	29.5	42.5	25	22.5	22.5	66.5	36.5	40.5	62	65.5	54	19.5	76.5	40	30.5	55.5	39	58	55.5	79	64.5	34.5	56	61.5	64	41.5	38.5	32.5	84.5	23.5	75.5	87.5	19.5	55	49	44.5	91.5	31	60	36.5	65.5	46.5	30.5	27.5	81	29	32	32.5	51	22.5	81	24.5	30	75.5	60.5	79	32	31.5	59	57	65.5	68	82	39	25.5	53.5	83	47	61	61.5	40.5	23	31.5	34	80	32	26.5	78	63	81.5	68	62	40	28	82	36.5	73.5	
79.5	31	80	76.5	63	58.5	51.5	9	80	49	72	54.5	37.5	60.5	25.5	96.5	34.5	85.5	48.5	64.5	79	58	86.5	25.5	32	36.5	76.5	56.5	89	36.5	89	77	71	37	33	79	55	76.5	95	58.5	36	57.5	31.5	36.5	31	51.5	49.5	69	30	24.5	81.5	83	69	89.5	43	66	90	18	40.5	85.5	67	70	31.5	29.5	0	42	24.5	13	13	68	36	46	61.5	71	53.5	16	78	45.5	30	55	38.5	63.5	55	80.5	64	40	61.5	67	69.5	41	44	3	90	29	75	93	19	60.5	48.5	44	93	30.5	59.5	36	65	52	36	2	86.5	23.5	32.5	32	56.5	13	80.5	11	29.5	81	60	80.5	31.5	37	58.5	56.5	69	71.5	81.5	38.5	20	59	88.5	46.5	60.5	61	46	22.5	31	30.5	79.5	31.5	32	77.5	68.5	87	73.5	61.5	39.5	22.5	81.5	42	73	
67.5	49	62	60.5	51	46.5	39.5	39	68	37	54	42.5	34.5	48.5	28.5	78.5	21.5	71.5	36.5	52.5	61	44	68.5	38.5	34	24.5	58.5	38.5	71	18.5	73	65	59	35	49	67	37	64.5	77	46.5	6	39.5	45.5	33.5	43	33.5	31.5	51	42	27.5	63.5	65	57	77.5	25	54	72	36	31.5	67.5	49	52	45.5	42.5	42	0	27.5	35	35	54	24	28	49.5	53	41.5	32	64	27.5	12	43	26.5	45.5	43	66.5	52	22	43.5	49	51.5	29	26	45	72	31	63	75	27	42.5	36.5	32	79	18.5	47.5	6	53	34	28	40	68.5	41.5	44.5	40	38.5	35	68.5	37	22.5	63	48	66.5	24.5	11	46.5	44.5	53	55.5	69.5	26.5	38	41	70.5	34.5	48.5	49	28	25.5	29	46.5	67.5	19.5	24	65.5	50.5	69	55.5	49.5	27.5	40.5	69.5	6	61	
65	31.5	65.5	62	48.5	44	37	33.5	65.5	34.5	71.5	40	13	46	1	84	34	71	34	50	78.5	43.5	74	21	28.5	22	74	56	76.5	36	74.5	62.5	56.5	22.5	33.5	64.5	54.5	62	80.5	44	21.5	43	32	14	39.5	49	41	56.5	40.5	0	81	82.5	54.5	75	42.5	51.5	75.5	18.5	26	85	66.5	69.5	32	25	24.5	27.5	0	37.5	37.5	53.5	21.5	45.5	47	64.5	39	34.5	63.5	45	15.5	40.5	24	63	40.5	66	49.5	39.5	61	58.5	69	26.5	41.5	27.5	85.5	31.5	60.5	82.5	9.5	60	34	29.5	78.5	16	45	21.5	50.5	43.5	29.5	22.5	84	24	33	22.5	44	37.5	66	35.5	15	74.5	45.5	66	17	36.5	44	42	54.5	57	67	24	20.5	58.5	82	32	46	46.5	45.5	2	16.5	31	65	17	31.5	63	62	78.5	67	47	25	23	67	33.5	58.5	
92.5	26	67	65.5	74	71.5	50.5	4	77	58	59	47.5	24.5	61.5	36.5	83.5	21.5	76.5	61.5	67.5	66	49	73.5	26.5	19	45.5	63.5	43.5	76	23.5	78	70	66	30	24	88	42	85.5	82	53.5	41	44.5	20.5	23.5	18	38.5	36.5	56	17	37.5	68.5	70	82	82.5	30	79	77	31	31.5	72.5	54	57	20.5	22.5	13	35	37.5	0	0	59	49	33	60.5	58	48.5	3	69	32.5	43	52	43.5	50.5	62	71.5	63	27	48.5	54	56.5	46	31	10	77	16	82	80	32	47.5	61.5	57	84	43.5	72.5	41	62	39	23	15	73.5	28.5	19.5	25	43.5	0	93.5	2	42.5	68	67	71.5	40.5	24	63.5	69.5	58	60.5	90.5	43.5	33	46	75.5	59.5	73.5	66	33	35.5	36	21.5	72.5	44.5	19	74.5	55.5	74	60.5	70.5	52.5	29.5	80.5	29	86	
92.5	26	67	65.5	74	71.5	50.5	4	77	58	59	47.5	24.5	61.5	36.5	83.5	21.5	76.5	61.5	67.5	66	49	73.5	26.5	19	45.5	63.5	43.5	76	23.5	78	70	66	30	24	88	42	85.5	82	53.5	41	44.5	20.5	23.5	18	38.5	36.5	56	17	37.5	68.5	70	82	82.5	30	79	77	31	31.5	72.5	54	57	20.5	22.5	13	35	37.5	0	0	59	49	33	60.5	58	48.5	3	69	32.5	43	52	43.5	50.5	62	71.5	63	27	48.5	54	56.5	46	31	10	77	16	82	80	32	47.5	61.5	57	84	43.5	72.5	41	62	39	23	15	73.5	28.5	19.5	25	43.5	0	93.5	2	42.5	68	67	71.5	40.5	24	63.5	69.5	58	60.5	90.5	43.5	33	46	75.5	59.5	73.5	66	33	35.5	36	21.5	72.5	44.5	19	74.5	55.5	74	60.5	70.5	52.5	29.5	80.5	29	86	
43.5	75	36	34.5	27	22.5	40.5	63	44	33	28	41.5	58.5	29.5	54.5	52.5	45.5	45.5	27.5	28.5	35	38	42.5	64.5	58	45.5	32.5	17.5	45	37.5	47	39	35	59	73	43	21	40.5	51	37.5	50	38.5	69.5	57.5	67	32.5	40.5	3	66	53.5	37.5	39	33	51.5	29	30	46	62	55.5	41.5	23	26	69.5	66.5	68	54	53.5	59	59	0	40	32	30.5	27	42.5	56	38	36.5	44	39	47.5	19.5	29	40.5	4	36	17.5	5	25.5	45	40	69	46	55	39	49	53	16.5	27.5	28	53	39.5	23.5	50	3	38	52	66	42.5	67.5	68.5	64	37.5	59	44.5	61	48.5	37	8	40.5	50.5	43	27.5	20.5	1	29.5	45.5	47.5	64	13	44.5	25.5	24.5	7	32	51.5	55	70.5	41.5	40.5	48	41.5	24.5	43	29.5	25.5	38.5	66.5	45.5	48	37	
51.5	43	52	48.5	35	30.5	23.5	45	52	21	60	26.5	34.5	32.5	22.5	70.5	37.5	57.5	20.5	36.5	67	30	60.5	32.5	40	13.5	60.5	44.5	63	29.5	61	49	43	29	45	51	43	48.5	67	30.5	18	29.5	43.5	35.5	51	35.5	27.5	43	52	21.5	69.5	69	41	61.5	31	38	62	30	27.5	73.5	55	58	43.5	36.5	36	24	21.5	49	49	40	0	34	33.5	51	25.5	48	50	31.5	12	27	15.5	51.5	27	52.5	36	24	49.5	45	57.5	5	20	39	72	43	47	69	21	48.5	20.5	16	65	7.5	31.5	18	37	30	36	34	70.5	35.5	44.5	34	30.5	49	52.5	47	16.5	61	32	52.5	18.5	35	30.5	28.5	41	43.5	53.5	15.5	32	47	68.5	18.5	32.5	33	34	19.5	23	42.5	51.5	8.5	40	49.5	48.5	65	53.5	33.5	11.5	34.5	53.5	30	45	
69.5	49	40	38.5	47	46.5	23.5	37	50	31	32	20.5	32.5	34.5	44.5	56.5	19.5	49.5	36.5	40.5	39	22	46.5	44.5	32	33.5	36.5	16.5	49	11.5	51	43	39	33	47	61	15	58.5	55	26.5	34	17.5	43.5	31.5	41	11.5	14.5	29	40	45.5	41.5	43	59	55.5	3	54	50	58	29.5	45.5	27	30	43.5	40.5	46	28	45.5	33	33	32	34	0	33.5	31	21.5	30	42	10.5	40	25	31.5	23.5	35	44.5	36	10	21.5	27	29.5	29	14	43	50	29	55	53	49	20.5	36.5	34	57	35.5	45.5	34	35	6	26	48	46.5	51.5	42.5	38	16.5	33	70.5	35	40.5	41	40	44.5	38.5	17	36.5	46.5	31	33.5	63.5	31.5	60	19	48.5	36.5	50.5	39	0	47.5	39	44.5	45.5	36.5	22	47.5	28.5	47	33.5	43.5	30.5	52.5	53.5	22	63	
42	68.5	42.5	39	25.5	21	34	64.5	42.5	26.5	34.5	37	60	1	48	59	47	48	21	27	41.5	35.5	49	58	59.5	39	39	17	51.5	39	51.5	39.5	33.5	54.5	70.5	41.5	22.5	39	57.5	31	43.5	40	69	59	68.5	34	42	31.5	67.5	47	44	45.5	31.5	52	30.5	28.5	52.5	55.5	53	48	29.5	32.5	69	62	61.5	49.5	47	60.5	60.5	30.5	33.5	33.5	0	33.5	36	57.5	40.5	38	37.5	32.5	41	26	22.5	43	26.5	37.5	24	29.5	32	38.5	41.5	64.5	52.5	56.5	37.5	55.5	46.5	23	21	21.5	55.5	33	22	43.5	27.5	39.5	53.5	59.5	49	61	70	59.5	39	60.5	43	62.5	42	43.5	22.5	43	44	44.5	3	19	31.5	34	44	41	57.5	21.5	51	19	23	23.5	33.5	45	48.5	68	42	34	49.5	40	31	49.5	36	24	32	60	44	49.5	35.5	
44.5	74	25	23.5	16	28.5	43.5	62	35	44	17	40.5	57.5	34.5	65.5	41.5	44.5	34.5	38.5	30.5	24	37	31.5	69.5	57	56.5	21.5	16.5	34	36.5	36	28	8	58	72	44	20	41.5	40	36.5	59	37.5	68.5	56.5	66	31.5	39.5	24	65	64.5	26.5	28	34	40.5	28	31	35	73	54.5	30.5	4	15	68.5	65.5	71	53	64.5	58	58	27	51	31	33.5	0	41.5	55	27	35.5	55	40	56.5	13.5	40	29.5	31	35	11.5	22	14.5	54	39	68	35	54	40	38	64	10.5	38.5	39	42	50.5	29.5	59	30	37	51	73	31.5	76.5	67.5	63	36.5	58	45.5	60	59.5	26	35	29.5	61.5	42	36.5	26.5	26	23.5	46.5	56.5	75	14	33.5	36.5	25.5	34	31	62.5	64	69.5	30.5	51.5	47	32.5	18.5	32	18.5	31.5	49.5	77.5	38.5	47	38	
54	60.5	50.5	49	37.5	33	2	52.5	54.5	23.5	42.5	1	48	35	40	67	35	60	23	39	49.5	32.5	57	50	47.5	31	47	27	59.5	27	61.5	51.5	45.5	46.5	62.5	53.5	25.5	51	65.5	33	35.5	4	59	47	56.5	10	30	39.5	55.5	39	52	53.5	43.5	64	18.5	40.5	60.5	47.5	45	56	37.5	40.5	59	54	53.5	41.5	39	48.5	48.5	42.5	25.5	21.5	36	41.5	0	45.5	52.5	26	29.5	29.5	33	34	29.5	55	38.5	25.5	32	37.5	40	30.5	29.5	56.5	60.5	44.5	49.5	63.5	38.5	31	23	18.5	67.5	25	34	35.5	39.5	27.5	41.5	51.5	57	53	58	51.5	5	48.5	55	50.5	34	51.5	34.5	55	36	32.5	33	31	41.5	44	56	33	49.5	29.5	59	21	35	35.5	21.5	37	40.5	60	54	26	37.5	52	39	57.5	44	36	24	52	56	37.5	47.5	
95.5	23	64	62.5	71	70.5	47.5	7	74	55	56	44.5	21.5	58.5	33.5	80.5	18.5	73.5	60.5	64.5	63	46	70.5	23.5	16	42.5	60.5	40.5	73	20.5	75	67	63	27	21	85	39	82.5	79	50.5	38	41.5	17.5	20.5	15	35.5	33.5	53	14	34.5	65.5	67	85	79.5	27	78	74	34	28.5	69.5	51	54	17.5	19.5	16	32	34.5	3	3	56	48	30	57.5	55	45.5	0	66	29.5	44	49	40.5	47.5	59	68.5	60	24	45.5	51	53.5	43	28	13	74	13	79	77	35	44.5	60.5	60	81	46.5	69.5	38	59	36	20	18	70.5	25.5	16.5	22	40.5	3	96.5	5	39.5	65	64	68.5	37.5	21	60.5	72.5	55	57.5	87.5	40.5	34	43	72.5	62.5	76.5	63	30	36.5	33	18.5	69.5	47.5	16	71.5	52.5	71	57.5	67.5	49.5	26.5	77.5	26	89	
33.5	85	2	29.5	27	27.5	50.5	73	34	43	10	51.5	68.5	39.5	64.5	42.5	55.5	35.5	37.5	33.5	25	48	32.5	74.5	68	55.5	22.5	27.5	35	47.5	37	1	35	69	83	33	31	30.5	41	47.5	60	48.5	79.5	67.5	77	42.5	50.5	35	76	63.5	27.5	29	23	41.5	39	12	36	72	65.5	31.5	23	12	79.5	76.5	78	64	63.5	69	69	38	50	42	40.5	27	52.5	66	0	46.5	54	49	57.5	24.5	39	30.5	38	46	22.5	33	20.5	55	50	79	36	65	29	39	63	21.5	37.5	38	43	49.5	28.5	60	39	48	62	76	32.5	77.5	78.5	74	47.5	69	34.5	71	58.5	27	34	30.5	60.5	53	37.5	25.5	37	34.5	35.5	57.5	74	25	34.5	35.5	19.5	35	42	61.5	65	80.5	31.5	50.5	58	31.5	29.5	33	24.5	30.5	48.5	76.5	35.5	58	27	
70	48.5	44.5	43	51.5	49	28	36.5	54.5	35.5	36.5	25	32	39	44	61	19	54	39	45	43.5	26.5	51	44	31.5	33	41	21	53.5	11	55.5	47.5	43.5	32.5	46.5	65.5	19.5	63	59.5	31	33.5	22	43	31	40.5	16	4	33.5	39.5	45	46	47.5	59.5	60	7.5	56.5	54.5	53.5	29	50	31.5	34.5	43	40	45.5	27.5	45	32.5	32.5	36.5	31.5	10.5	38	35.5	26	29.5	46.5	0	35.5	29.5	31	28	39.5	49	40.5	9.5	26	31.5	34	28.5	13.5	42.5	54.5	28.5	59.5	57.5	44.5	25	39	34.5	61.5	31	50	33.5	39.5	16.5	25.5	47.5	51	51	42	37.5	21	32.5	71	34.5	40	45.5	44.5	49	38	16.5	41	47	35.5	38	68	31	55.5	23.5	53	37	51	43.5	10.5	43	38.5	44	50	32	21.5	52	33	51.5	38	48	20	52	58	21.5	63.5	
55.5	37	56	52.5	39	34.5	27.5	39	56	25	64	30.5	28.5	36.5	16.5	74.5	31.5	61.5	24.5	40.5	73	34	64.5	26.5	34	12.5	64.5	50.5	67	30.5	65	53	47	23	39	55	49	52.5	71	34.5	6	33.5	37.5	29.5	45	39.5	31.5	47	46	15.5	75.5	73	45	65.5	37	42	66	24	21.5	79.5	59	64	37.5	30.5	30	12	15.5	43	43	44	12	40	37.5	55	29.5	44	54	35.5	0	31	14.5	57.5	31	56.5	40	34	55.5	49	61.5	17	32	33	76	37	51	73	15	54.5	24.5	20	69	6.5	35.5	6	41	34	30	28	74.5	29.5	38.5	28	34.5	43	56.5	41	10.5	65	36	56.5	12.5	23	34.5	32.5	45	47.5	57.5	14.5	26	53	72.5	22.5	36.5	37	40	13.5	17	36.5	55.5	7.5	34	53.5	52.5	69	57.5	37.5	15.5	28.5	57.5	18	49	
50.5	62	49	47.5	34	29.5	27.5	56	51	6	41	30.5	51.5	31.5	41.5	65.5	38.5	56.5	19.5	35.5	48	3	55.5	51.5	51	32.5	45.5	25.5	58	30.5	60	48	42	48	64	50	24	47.5	64	29.5	37	31.5	62.5	50.5	60	25.5	33.5	38	59	40.5	50.5	52	40	60.5	22	37	59	49	46.5	54.5	36	39	62.5	55.5	55	43	40.5	52	52	39	27	25	32.5	40	29.5	49	49	29.5	31	0	34.5	32.5	26	51.5	35	29	30.5	36	38.5	32	33	58	59	48	46	62	40	29.5	19.5	11	64	26.5	30.5	37	36	31	45	53	55.5	54.5	61.5	53	30.5	52	51.5	54	35.5	50	31	51.5	37.5	36	29.5	27.5	40	42.5	52.5	34.5	51	28	57.5	17.5	31.5	32	25	38.5	42	61.5	50.5	27.5	41	48.5	37.5	56	42.5	32.5	25.5	53.5	52.5	41	44	
59	45.5	59.5	56	42.5	38	31	47.5	59.5	28.5	57.5	34	37	40	25	78	30	65	28	44	64.5	37.5	68	35	42.5	2	62	42	70.5	20	68.5	56.5	50.5	31.5	47.5	58.5	40.5	56	74.5	38	20.5	37	46	38	51.5	37	35	50.5	50.5	24	67	68.5	48.5	69	28.5	45.5	69.5	32.5	30	71	52.5	55.5	46	39	38.5	26.5	24	43.5	43.5	47.5	15.5	31.5	41	56.5	33	40.5	57.5	31	14.5	34.5	0	49	34.5	60	43.5	25.5	47	52.5	55	20.5	29.5	41.5	75.5	39.5	54.5	76.5	23.5	46	28	23.5	72.5	8	39	20.5	44.5	37.5	36.5	36.5	72	38	47	36.5	38	43.5	60	45.5	19	66.5	39.5	60	21	27.5	38	36	48.5	51	61	0	34.5	44.5	74	26	40	40.5	31.5	22	25.5	45	59	7	32.5	57	54	72.5	59	41	19	37	61	32.5	52.5	
52	66.5	22.5	21	29.5	23	36	54.5	32.5	38.5	14.5	33	50	27	62	39	37	32	39	17	21.5	29.5	29	62	49.5	51	19	9	31.5	29	33.5	25.5	21.5	50.5	64.5	43.5	12.5	41	37.5	29	51.5	30	61	49	58.5	24	32	16.5	57.5	63	24	25.5	41.5	38	20.5	36.5	32.5	75.5	47	28	9.5	12.5	61	58	63.5	45.5	63	50.5	50.5	19.5	51.5	23.5	26	13.5	34	47.5	24.5	28	57.5	32.5	49	0	32.5	27	23.5	27.5	2	14.5	12	46.5	31.5	60.5	32.5	46.5	37.5	35.5	66.5	3	39	41.5	39.5	53	22	51.5	22.5	29.5	43.5	65.5	29	69	60	55.5	29	50.5	53	52.5	58	23.5	27.5	27	56	34.5	29	25	18.5	10	46	49	77.5	6.5	31	39	33	26.5	23.5	65	56.5	62	28	54	39.5	30	5	29.5	16	20	48	70	36	39.5	45.5	
40.5	62	41	37.5	24	19.5	27.5	64	41	20	41	30.5	53.5	21.5	41.5	59.5	48.5	46.5	14.5	25.5	48	29	49.5	51.5	59	32.5	45.5	25.5	52	40.5	50	38	32	48	64	40	20	37.5	56	24.5	37	33.5	62.5	54.5	70	35.5	41.5	32	69	40.5	50.5	52	30	50.5	32	27	51	49	46.5	54.5	36	39	62.5	55.5	55	43	40.5	62	62	29	27	35	22.5	40	29.5	59	39	39.5	31	26	34.5	32.5	0	41.5	25	39	30.5	34	38.5	32	43	58	59	58	36	58	40	29.5	14.5	15	54	26.5	20.5	37	26	39	55	53	55.5	54.5	63.5	53	34.5	62	41.5	64	35.5	50	21	41.5	37.5	46	19.5	17.5	30	32.5	42.5	34.5	51	28	57.5	12.5	21.5	22	35	38.5	42	61.5	40.5	27.5	51	38.5	37.5	54	42.5	22.5	25.5	53.5	42.5	49	34	
31	87.5	28.5	32	29.5	30	53	75.5	31.5	45.5	20.5	54	71	42	67	40	58	33	40	36	22.5	50.5	30	77	70.5	58	8	30	32.5	50	34.5	31.5	37.5	71.5	85.5	30.5	33.5	28	38.5	50	62.5	51	82	70	79.5	45	53	37.5	78.5	66	25	26.5	20.5	39	41.5	22.5	33.5	74.5	68	29	25.5	18.5	82	79	80.5	66.5	66	71.5	71.5	40.5	52.5	44.5	43	29.5	55	68.5	30.5	49	56.5	51.5	60	27	41.5	0	40.5	48.5	25	35.5	23	57.5	52.5	81.5	33.5	67.5	26.5	36.5	65.5	24	40	40.5	40.5	52	31	62.5	41.5	50.5	64.5	78.5	30	80	81	76.5	50	71.5	32	73.5	61	24.5	36.5	0	63	55.5	40	28	39.5	37	33	60	76.5	27.5	32	38	22	37.5	44.5	64	67.5	83	1	53	60.5	3	32	30.5	27	33	51	79	33	60.5	24.5	
39.5	71	40	36.5	23	18.5	36.5	67	40	29	32	39.5	62.5	25.5	50.5	56.5	49.5	45.5	23.5	24.5	39	38	46.5	60.5	62	41.5	36.5	21.5	49	41.5	49	37	31	57	73	39	25	36.5	55	33.5	46	42.5	71.5	61.5	71	36.5	44.5	7	70	49.5	41.5	43	29	49.5	33	26	50	58	55.5	45.5	27	30	71.5	64.5	64	52	49.5	63	63	4	36	36	26.5	31	38.5	60	38	40.5	40	35	43.5	23.5	25	40.5	0	40	21.5	9	29.5	41	44	67	50	59	35	53	49	20.5	23.5	24	53	35.5	19.5	46	1	42	56	62	46.5	63.5	72.5	62	41.5	63	40.5	65	44.5	41	4	40.5	46.5	47	23.5	16.5	5	31.5	41.5	43.5	60	17	48.5	21.5	20.5	3	36	47.5	51	70.5	39.5	36.5	52	37.5	28.5	47	33.5	21.5	34.5	62.5	41.5	52	33	
75.5	43	44	42.5	51	50.5	27.5	31	54	35	36	24.5	26.5	38.5	38.5	60.5	13.5	53.5	40.5	44.5	43	26	50.5	38.5	26	27.5	40.5	20.5	53	5.5	55	47	43	27	41	65	19	62.5	59	30.5	28	21.5	37.5	25.5	35	15.5	13.5	33	34	39.5	45.5	47	65	59.5	7	58	54	54	23.5	49.5	31	34	37.5	34.5	40	22	39.5	27	27	36	24	10	37.5	35	25.5	24	46	9.5	34	29	25.5	27.5	39	48.5	40	0	25.5	31	33.5	19	4	37	54	23	59	57	45	24.5	40.5	40	61	31.5	49.5	28	39	16	20	42	50.5	45.5	36.5	32	20.5	27	76.5	29	34.5	45	44	48.5	32.5	11	40.5	52.5	35	37.5	67.5	25.5	54	23	52.5	42.5	56.5	43	10	41.5	33	38.5	49.5	32.5	16	51.5	32.5	51	37.5	47.5	29.5	46.5	57.5	16	69	
54	64.5	20.5	19	27.5	25	34	52.5	30.5	36.5	12.5	31	48	25	60	37	35	30	37	19	19.5	27.5	27	60	47.5	49	17	7	29.5	27	31.5	23.5	19.5	48.5	62.5	41.5	10.5	39	35.5	27	49.5	28	59	47	56.5	22	30	14.5	55.5	61	22	23.5	41.5	36	18.5	34.5	30.5	77.5	45	26	7.5	10.5	59	56	61.5	43.5	61	48.5	48.5	17.5	49.5	21.5	24	11.5	32	45.5	22.5	26	55.5	30.5	47	2	30.5	25	21.5	25.5	0	12.5	10	44.5	29.5	58.5	30.5	44.5	35.5	33.5	66.5	1	37	41.5	37.5	55	24	49.5	20.5	27.5	41.5	63.5	27	67	58	53.5	27	48.5	55	50.5	56	21.5	25.5	25	54	32.5	27	27	16.5	12	44	47	75.5	4.5	29	39	35	24.5	21.5	63	54.5	60	26	54	37.5	28	7	27.5	14	22	46	68	34	37.5	47.5	
48.5	70	31	29.5	32	27.5	39.5	58	41	38	23	36.5	53.5	30.5	59.5	47.5	40.5	40.5	32.5	31.5	30	33	37.5	65.5	53	50.5	27.5	12.5	40	32.5	42	34	30	54	68	48	16	45.5	46	32.5	55	33.5	64.5	52.5	62	27.5	35.5	2	61	58.5	32.5	34	38	46.5	24	35	41	67	50.5	36.5	18	21	64.5	61.5	67	49	58.5	54	54	5	45	27	29.5	22	37.5	51	33	31.5	49	36	52.5	14.5	34	35.5	9	31	12.5	0	20.5	50	35	64	41	50	44	44	58	11.5	32.5	33	48	44.5	28.5	55	8	33	47	69	37.5	72.5	63.5	59	32.5	54	49.5	56	53.5	32	13	35.5	55.5	38	32.5	25.5	4	24.5	50.5	52.5	69	8	39.5	30.5	29.5	12	27	56.5	60	65.5	36.5	45.5	43	38.5	19.5	38	24.5	30.5	43.5	71.5	44.5	43	42	
46	72.5	18.5	9	30.5	35	42	60.5	28.5	44.5	10.5	39	56	33	68	35	43	28	45	29	17.5	35.5	25	68	55.5	57	15	15	27.5	35	29.5	21.5	22.5	56.5	70.5	39.5	18.5	37	33.5	35	57.5	36	67	55	64.5	30	38	22.5	63.5	69	20	21.5	35.5	34	26.5	32.5	28.5	79.5	53	24	10.5	8.5	67	64	69.5	51.5	69	56.5	56.5	25.5	57.5	29.5	32	14.5	40	53.5	20.5	34	61.5	38.5	55	12	38.5	23	29.5	33.5	10	20.5	0	52.5	37.5	66.5	28.5	52.5	33.5	31.5	70.5	9	45	45.5	35.5	57	34	57.5	28.5	35.5	49.5	71.5	25	75	66	61.5	35	56.5	47	58.5	64	19.5	33.5	23	62	40.5	35	33	24.5	22	42	55	81.5	12.5	27	43	25	32.5	29.5	69	62.5	68	24	58	45.5	26	17	25.5	4	32	54	76	32	45.5	39.5	
56.5	48	57	53.5	40	35.5	28.5	50	57	26	55	31.5	39.5	37.5	27.5	75.5	32.5	62.5	25.5	41.5	62	35	65.5	37.5	45	18.5	59.5	39.5	68	24.5	66	54	48	34	50	56	38	53.5	72	35.5	23	34.5	48.5	40.5	54	34.5	32.5	48	53	26.5	64.5	66	46	66.5	26	43	67	35	32.5	68.5	50	53	48.5	41.5	41	29	26.5	46	46	45	5	29	38.5	54	30.5	43	55	28.5	17	32	20.5	46.5	32	57.5	41	19	44.5	50	52.5	0	15	44	73	42	52	74	26	43.5	25.5	21	70	12.5	36.5	23	42	35	39	39	69.5	40.5	49.5	39	35.5	46	57.5	48	21.5	64	37	57.5	23.5	30	35.5	33.5	46	48.5	58.5	20.5	37	42	71.5	23.5	37.5	38	29	24.5	28	47.5	56.5	13.5	35	54.5	51.5	70	56.5	38.5	16.5	39.5	58.5	35	50	
71.5	47	48	46.5	55	50.5	31.5	35	58	39	40	28.5	30.5	42.5	42.5	64.5	17.5	57.5	40.5	48.5	47	30	54.5	42.5	30	31.5	44.5	24.5	57	9.5	59	51	47	31	45	69	23	66.5	63	34.5	32	25.5	41.5	29.5	39	19.5	17.5	37	38	41.5	49.5	51	61	63.5	11	58	58	50	27.5	53.5	35	38	41.5	38.5	44	26	41.5	31	31	40	20	14	41.5	39	29.5	28	50	13.5	32	33	29.5	31.5	43	52.5	44	4	29.5	35	37.5	15	0	41	58	27	63	61	41	28.5	40.5	36	65	27.5	51.5	32	43	20	24	46	54.5	49.5	40.5	36	24.5	31	72.5	33	36.5	49	48	52.5	36.5	15	44.5	48.5	39	41.5	71.5	29.5	52	27	56.5	38.5	52.5	47	14	39.5	37	42.5	53.5	28.5	20	55.5	36.5	55	41.5	51.5	31.5	50.5	61.5	20	65	
82.5	34	77	75.5	66	61.5	54.5	6	83	52	69	57.5	34.5	63.5	28.5	93.5	31.5	86.5	51.5	67.5	76	59	83.5	28.5	29	39.5	73.5	53.5	86	33.5	88	80	74	40	34	82	52	79.5	92	61.5	39	54.5	30.5	33.5	28	48.5	46.5	66	27	27.5	78.5	80	72	92.5	40	69	87	21	41.5	82.5	64	67	30.5	32.5	3	45	27.5	10	10	69	39	43	64.5	68	56.5	13	79	42.5	33	58	41.5	60.5	58	81.5	67	37	58.5	64	66.5	44	41	0	87	26	78	90	22	57.5	51.5	47	94	33.5	62.5	39	68	49	33	5	83.5	26.5	29.5	35	53.5	10	83.5	8	32.5	78	63	81.5	34.5	34	61.5	59.5	68	70.5	84.5	41.5	23	56	85.5	49.5	63.5	64	43	25.5	34	31.5	82.5	34.5	29	80.5	65.5	84	70.5	64.5	42.5	25.5	84.5	39	76	
25.5	93	34	37.5	49	49.5	62.5	81	34	65	26	59.5	76.5	53.5	86.5	20.5	63.5	28.5	59.5	49.5	13	56	25.5	88.5	76	77.5	25.5	35.5	23	55.5	25	37	43	77	91	35	39	37.5	5	55.5	78	56.5	87.5	75.5	85	50.5	58.5	43	84	85.5	10.5	17	35	24.5	47	42	24	94	73.5	9.5	31	24	87.5	84.5	90	72	85.5	77	77	46	72	50	52.5	35	60.5	74	36	54.5	76	59	75.5	32.5	59	33.5	50	54	30.5	41	28.5	73	58	87	0	73	39	3	85	29.5	59.5	60	7	71.5	50.5	78	49	56	70	92	15.5	95.5	86.5	82	55.5	77	26.5	79	80.5	25	54	33.5	82.5	61	55.5	47.5	45	42.5	32.5	75.5	96	33	17.5	57.5	41.5	53	50	83.5	83	88.5	34.5	72.5	66	36.5	37.5	21	32.5	52.5	70.5	96.5	32.5	66	29	
86.5	32	63	61.5	70	65.5	46.5	20	73	54	55	43.5	20.5	57.5	32.5	79.5	17.5	72.5	55.5	63.5	62	45	69.5	27.5	3	41.5	59.5	39.5	72	19.5	74	66	62	26	30	84	38	81.5	78	49.5	37	40.5	26.5	19.5	24	34.5	32.5	52	23	31.5	64.5	66	76	78.5	26	73	73	35	27.5	68.5	50	53	26.5	23.5	29	31	31.5	16	16	55	43	29	56.5	54	44.5	13	65	28.5	37	48	39.5	46.5	58	67.5	59	23	44.5	50	52.5	42	27	26	73	0	78	76	22	43.5	55.5	51	80	37.5	66.5	37	58	35	19	31	69.5	34.5	25.5	9	39.5	16	87.5	18	36.5	64	63	67.5	36.5	20	59.5	63.5	54	56.5	86.5	39.5	37	42	71.5	53.5	67.5	62	29	29.5	32	27.5	68.5	38.5	15	70.5	51.5	70	56.5	66.5	46.5	35.5	76.5	25	80	
20.5	82	31	32.5	24	24.5	47.5	84	5	40	31	50.5	73.5	36.5	61.5	39.5	68.5	26.5	34.5	30.5	28	49	29.5	71.5	79	52.5	30.5	40.5	32	60.5	30	28	32	68	84	20	44	17.5	36	44.5	57	53.5	82.5	74.5	90	55.5	61.5	42	89	60.5	30.5	32	6	30.5	52	17	31	69	66.5	34.5	36	29	82.5	75.5	75	63	60.5	82	82	39	47	55	37.5	40	49.5	79	29	59.5	51	46	54.5	37.5	36	26.5	35	59	35.5	44	33.5	52	63	78	39	78	0	38	60	34.5	34.5	35	34	46.5	25.5	57	36	59	75	73	35.5	74.5	83.5	73	54.5	82	21.5	84	55.5	14	31	26.5	57.5	66	34.5	22.5	40	37.5	22.5	54.5	71	38	37.5	32.5	16.5	32	55	58.5	62	81.5	25.5	47.5	71	23.5	42.5	34	37.5	27.5	45.5	73.5	22.5	69	14	
22.5	96	37	40.5	46	46.5	65.5	84	37	62	29	62.5	79.5	56.5	83.5	23.5	66.5	31.5	56.5	52.5	16	59	28.5	91.5	79	74.5	28.5	38.5	26	58.5	28	40	46	80	94	32	42	34.5	2	58.5	79	59.5	90.5	78.5	88	53.5	61.5	46	87	82.5	13.5	20	32	27.5	50	39	27	91	76.5	12.5	34	27	90.5	87.5	93	75	82.5	80	80	49	69	53	55.5	38	63.5	77	39	57.5	73	62	76.5	35.5	58	36.5	53	57	33.5	44	31.5	74	61	90	3	76	38	0	82	32.5	56.5	57	4	68.5	47.5	79	52	59	73	95	18.5	96.5	89.5	85	58.5	80	23.5	82	77.5	28	53	36.5	79.5	64	56.5	44.5	48	45.5	29.5	76.5	93	36	20.5	54.5	38.5	54	53	80.5	84	91.5	37.5	69.5	69	39.5	40.5	24	35.5	49.5	67.5	95.5	35.5	69	26	
64.5	26	65	61.5	48	43.5	36.5	28	65	34	73	39.5	22.5	45.5	10.5	83.5	35.5	70.5	33.5	49.5	84	43	73.5	15.5	19	21.5	73.5	61.5	76	41.5	74	62	56	22	28	64	60	61.5	80	43.5	21	42.5	26.5	23.5	34	48.5	40.5	56	35	9.5	86.5	82	54	74.5	48	51	75	13	25.5	90.5	68	75	26.5	19.5	19	27	9.5	32	32	53	21	49	46.5	64	38.5	35	63	44.5	15	40	23.5	66.5	40	65.5	49	45	66.5	58	70.5	26	41	22	85	22	60	82	0	65.5	33.5	29	78	15.5	44.5	21	50	43	29	17	83.5	18.5	27.5	13	43.5	32	65.5	30	14.5	74	45	65.5	16.5	38	43.5	41.5	54	56.5	66.5	23.5	15	64	81.5	31.5	45.5	46	49	7.5	16	25.5	64.5	16.5	33	62.5	61.5	78	66.5	46.5	24.5	17.5	66.5	33	58	
55	63.5	19.5	18	26.5	26	33	51.5	29.5	35.5	11.5	30	47	24	59	36	34	29	36	20	18.5	26.5	26	59	46.5	48	16	6	28.5	26	30.5	22.5	18.5	47.5	61.5	40.5	9.5	38	34.5	26	48.5	27	58	46	55.5	21	29	13.5	54.5	60	21	22.5	40.5	35	17.5	33.5	29.5	76.5	44	25	6.5	9.5	58	55	60.5	42.5	60	47.5	47.5	16.5	48.5	20.5	23	10.5	31	44.5	21.5	25	54.5	29.5	46	3	29.5	24	20.5	24.5	1	11.5	9	43.5	28.5	57.5	29.5	43.5	34.5	32.5	65.5	0	36	40.5	36.5	54	25	48.5	19.5	26.5	40.5	62.5	26	66	57	52.5	26	47.5	54	49.5	55	20.5	24.5	24	53	31.5	26	28	15.5	13	43	46	74.5	3.5	28	38	34	23.5	20.5	62	53.5	59	25	53	36.5	27	8	26.5	13	23	45	67	33	36.5	46.5	
39	55.5	39.5	36	22.5	18	21	57.5	39.5	13.5	47.5	24	47	20	35	58	50	45	0	24	54.5	22.5	48	45	52.5	26	48	32	50.5	42	48.5	36.5	30.5	41.5	57.5	38.5	30.5	36	54.5	10	30.5	27	56	48	63.5	33	35	30.5	64.5	34	57	56.5	28.5	49	33.5	25.5	49.5	42.5	40	61	42.5	45.5	56	49	48.5	36.5	34	61.5	61.5	27.5	20.5	36.5	21	38.5	23	60.5	37.5	39	24.5	19.5	28	39	14.5	40	23.5	40.5	37	32.5	45	25.5	40.5	51.5	59.5	55.5	34.5	56.5	33.5	36	0	8.5	52.5	20	19	30.5	24.5	32.5	48.5	46.5	58	48	57	46.5	28	61.5	40	59.5	29	48.5	19.5	40	31	47.5	18	16	28.5	31	41	28	44.5	34.5	56	2	20	20.5	36.5	32	35.5	55	39	21	52.5	37	36	52.5	41	21	19	47	41	42.5	32.5	
39.5	51	40	36.5	23	18.5	16.5	53	40	5	48	19.5	42.5	20.5	30.5	58.5	45.5	45.5	8.5	24.5	59	14	48.5	40.5	48	21.5	48.5	36.5	51	41.5	49	37	31	37	53	39	35	36.5	55	18.5	26	22.5	51.5	43.5	59	28.5	30.5	31	60	29.5	61.5	57	29	49.5	33	26	50	38	35.5	65.5	43	50	51.5	44.5	44	32	29.5	57	57	28	16	34	21.5	39	18.5	60	38	34.5	20	11	23.5	41.5	15	40.5	24	40	41.5	33	45.5	21	36	47	60	51	35	57	29	40.5	8.5	0	53	15.5	19.5	26	25	28	44	42	58.5	43.5	52.5	42	23.5	57	40.5	55	24.5	49	20	40.5	26.5	43	18.5	16.5	29	31.5	41.5	23.5	40	39	56.5	6.5	20.5	21	34	27.5	31	50.5	39.5	16.5	48	37.5	36.5	53	41.5	21.5	14.5	42.5	41.5	38	33	
18.5	100	41	44.5	42	42.5	65.5	88	39	58	33	66.5	83.5	54.5	79.5	27.5	70.5	35.5	52.5	48.5	20	63	32.5	89.5	83	70.5	32.5	42.5	30	62.5	32	44	50	84	98	28	46	30.5	2	62.5	75	63.5	94.5	82.5	92	57.5	65.5	50	91	78.5	17.5	24	28	31.5	54	35	31	87	80.5	16.5	38	31	94.5	91.5	93	79	78.5	84	84	53	65	57	55.5	42	67.5	81	43	61.5	69	64	72.5	39.5	54	40.5	53	61	37.5	48	35.5	70	65	94	7	80	34	4	78	36.5	52.5	53	0	64.5	43.5	75	54	63	77	91	22.5	92.5	93.5	89	62.5	84	19.5	86	73.5	32	49	40.5	75.5	68	52.5	40.5	52	49.5	25.5	72.5	89	40	24.5	50.5	34.5	50	57	76.5	80	95.5	41.5	65.5	73	41.5	44.5	28	39.5	45.5	63.5	91.5	35.5	73	22	
51	37.5	51.5	48	34.5	30	23	39.5	51.5	20.5	59.5	26	29	32	17	70	32	57	20	36	72.5	29.5	60	27	34.5	6	60	50	62.5	28	60.5	48.5	42.5	23.5	39.5	50.5	46.5	48	66.5	30	12.5	29	38	30	45.5	35	27	42.5	46.5	16	75	68.5	40.5	61	36.5	37.5	61.5	24.5	22	79	54.5	61.5	38	31	30.5	18.5	16	43.5	43.5	39.5	7.5	35.5	33	50.5	25	46.5	49.5	31	6.5	26.5	8	53	26.5	52	35.5	31.5	55	44.5	57	12.5	27.5	33.5	71.5	37.5	46.5	68.5	15.5	54	20	15.5	64.5	0	31	12.5	36.5	29.5	30.5	28.5	70	30	39	28.5	30	43.5	52	41.5	11	60.5	31.5	52	13	29.5	30	28	40.5	43	53	8	26.5	52.5	68	18	32	32.5	35.5	14	17.5	37	51	1	34.5	49	48	64.5	53	33	11	29	53	24.5	44.5	
30	66.5	30.5	27	13.5	1	32	68.5	30.5	24.5	36.5	35	58	21	46	49	59	36	19	5	43.5	33.5	39	56	63.5	37	39	31	41.5	51	39.5	27.5	21.5	52.5	68.5	29.5	34.5	27	45.5	29	41.5	38	67	59	74.5	44	46	26.5	75.5	45	46	47.5	19.5	40	42.5	16.5	40.5	53.5	51	50	31.5	34.5	67	60	59.5	47.5	45	72.5	72.5	23.5	31.5	45.5	22	29.5	34	69.5	28.5	50	35.5	30.5	39	22	20.5	31	19.5	49.5	24	28.5	34	36.5	51.5	62.5	50.5	66.5	25.5	47.5	44.5	25	19	19.5	43.5	31	0	41.5	20.5	43.5	59.5	57.5	49	59	68	57.5	39	72.5	31	70.5	40	39.5	15.5	31	42	56.5	19	3	24.5	12	32	39	55.5	28.5	47	17	11	16.5	45.5	43	46.5	66	30	32	61.5	28	17	43.5	32	2	30	58	32	53.5	23.5	
61.5	43	62	58.5	45	40.5	33.5	45	62	31	60	36.5	34.5	42.5	22.5	80.5	27.5	67.5	30.5	46.5	67	40	70.5	32.5	40	18.5	64.5	44.5	73	24.5	71	59	53	29	45	61	43	58.5	77	40.5	0	39.5	43.5	35.5	49	39.5	37.5	53	48	21.5	69.5	71	51	71.5	31	48	72	30	27.5	73.5	55	58	43.5	36.5	36	6	21.5	41	41	50	18	34	43.5	59	35.5	38	60	33.5	6	37	20.5	51.5	37	62.5	46	28	49.5	55	57.5	23	32	39	78	37	57	79	21	48.5	30.5	26	75	12.5	41.5	0	47	40	34	34	74.5	35.5	44.5	34	40.5	41	62.5	43	16.5	69	42	62.5	18.5	17	40.5	38.5	51	53.5	63.5	20.5	32	47	76.5	28.5	42.5	43	34	19.5	23	42.5	61.5	13.5	30	59.5	56.5	75	61.5	43.5	21.5	34.5	63.5	12	55	
40.5	72	39	37.5	24	19.5	37.5	66	41	30	31	40.5	61.5	26.5	51.5	55.5	48.5	46.5	24.5	25.5	38	39	45.5	61.5	61	42.5	35.5	20.5	48	40.5	50	38	32	58	74	40	24	37.5	54	34.5	47	41.5	72.5	60.5	70	35.5	43.5	6	69	50.5	40.5	42	30	50.5	32	27	49	59	56.5	44.5	26	29	72.5	65.5	65	53	50.5	62	62	3	37	35	27.5	30	39.5	59	39	39.5	41	36	44.5	22.5	26	41.5	1	39	20.5	8	28.5	42	43	68	49	58	36	52	50	19.5	24.5	25	54	36.5	20.5	47	0	41	55	63	45.5	64.5	71.5	63	40.5	62	41.5	64	45.5	40	5	41.5	47.5	46	24.5	17.5	4	32.5	42.5	44.5	61	16	47.5	22.5	21.5	4	35	48.5	52	71.5	40.5	37.5	51	38.5	27.5	46	32.5	22.5	35.5	63.5	42.5	51	34	
63.5	55	46	44.5	47	42.5	29.5	43	56	33	38	26.5	38.5	40.5	44.5	62.5	25.5	55.5	32.5	46.5	45	28	52.5	50.5	38	35.5	42.5	22.5	55	17.5	57	49	45	39	53	63	21	60.5	61	32.5	40	23.5	49.5	37.5	47	17.5	20.5	35	46	43.5	47.5	49	53	61.5	9	50	56	52	35.5	51.5	33	36	49.5	46.5	52	34	43.5	39	39	38	30	6	39.5	37	27.5	36	48	16.5	34	31	37.5	29.5	39	50.5	42	16	27.5	33	35.5	35	20	49	56	35	59	59	43	26.5	32.5	28	63	29.5	43.5	40	41	0	32	54	52.5	57.5	48.5	44	22.5	39	64.5	41	38.5	47	44	50.5	40.5	23	42.5	40.5	37	39.5	65.5	37.5	54	25	54.5	30.5	44.5	45	6	41.5	45	50.5	51.5	30.5	28	53.5	34.5	53	39.5	45.5	28.5	56.5	59.5	28	57	
79.5	39	60	58.5	63	58.5	43.5	27	70	49	52	40.5	22.5	54.5	30.5	76.5	14.5	69.5	48.5	60.5	59	42	66.5	34.5	22	36.5	56.5	36.5	69	16.5	71	63	59	7	37	79	35	76.5	75	46.5	34	37.5	33.5	21.5	31	31.5	29.5	49	30	29.5	61.5	63	69	75.5	23	66	70	38	24.5	65.5	47	50	33.5	30.5	36	28	29.5	23	23	52	36	26	53.5	51	41.5	20	62	25.5	30	45	36.5	43.5	55	64.5	56	20	41.5	47	49.5	39	24	33	70	19	75	73	29	40.5	48.5	44	77	30.5	59.5	34	55	32	0	38	66.5	41.5	32.5	28	36.5	23	80.5	25	29.5	61	60	64.5	31.5	17	56.5	56.5	51	53.5	81.5	36.5	40	39	68.5	46.5	60.5	59	26	27.5	13	34.5	65.5	31.5	4	67.5	48.5	67	53.5	61.5	39.5	42.5	73.5	22	73	
77.5	29	78	74.5	61	56.5	49.5	11	78	47	74	52.5	35.5	58.5	23.5	96.5	36.5	83.5	46.5	62.5	81	56	86.5	23.5	34	34.5	78.5	58.5	89	38.5	87	75	69	35	31	77	57	74.5	93	56.5	34	55.5	29.5	36.5	33	53.5	51.5	69	32	22.5	83.5	85	67	87.5	45	64	88	16	38.5	87.5	69	72	29.5	27.5	2	40	22.5	15	15	66	34	48	59.5	73	51.5	18	76	47.5	28	53	36.5	65.5	53	78.5	62	42	63.5	69	71.5	39	46	5	92	31	73	95	17	62.5	46.5	42	91	28.5	57.5	34	63	54	38	0	88.5	21.5	30.5	30	56.5	15	78.5	13	27.5	83	58	78.5	29.5	39	56.5	54.5	67	69.5	79.5	36.5	18	61	90.5	44.5	58.5	59	48	20.5	29	28.5	77.5	29.5	34	75.5	70.5	89	75.5	59.5	37.5	20.5	79.5	44	71	
29	89.5	30.5	34	47.5	48	59	77.5	30.5	61.5	22.5	56	73	50	85	22	60	25	58	46	9.5	52.5	22	85	72.5	74	22	32	19.5	52	21.5	33.5	39.5	73.5	87.5	31.5	35.5	34	20.5	52	74.5	53	84	72	81.5	47	55	39.5	80.5	84	5	13.5	33.5	9	43.5	40.5	20.5	92.5	70	11	27.5	20.5	84	81	86.5	68.5	84	73.5	73.5	42.5	70.5	46.5	49	31.5	57	70.5	32.5	51	74.5	55.5	72	29	55.5	30	46.5	50.5	27	37.5	25	69.5	54.5	83.5	15.5	69.5	35.5	18.5	83.5	26	58	58.5	22.5	70	49	74.5	45.5	52.5	66.5	88.5	0	92	83	78.5	52	73.5	30	75.5	79	21.5	50.5	30	79	57.5	52	46	41.5	39	17	72	94.5	29.5	2	56	40	49.5	46.5	82	79.5	85	31	71	62.5	33	34	17.5	29	49	69	93	29	62.5	27.5	
79	25.5	79.5	76	62.5	58	51	32.5	79.5	48.5	77.5	54	37	60	25	98	40	85	48	64	84.5	57.5	88	25	37.5	36	82	62	90.5	42	88.5	76.5	70.5	36.5	27.5	78.5	60.5	76	94.5	58	35.5	57	8	38	31.5	57	55	70.5	30.5	24	87	88.5	68.5	89	48.5	65.5	89.5	12.5	40	91	72.5	75.5	8	29	23.5	41.5	24	28.5	28.5	67.5	35.5	51.5	61	76.5	53	25.5	77.5	51	29.5	54.5	38	69	54.5	80	63.5	45.5	67	72.5	75	40.5	49.5	26.5	95.5	34.5	74.5	96.5	18.5	66	48	43.5	92.5	30	59	35.5	64.5	57.5	41.5	21.5	92	0	9	31.5	58	28.5	80	30.5	29	86.5	59.5	80	31	42.5	58	56	68.5	71	81	38	14.5	64.5	94	46	60	60.5	51.5	22	30.5	7	79	31	37.5	77	74	92.5	79	61	39	1	81	47.5	72.5	
88	30.5	76.5	75	71.5	67	60	23.5	86.5	57.5	68.5	57	34	69	34	93	31	86	57	73	75.5	58.5	83	34	28.5	45	73	53	85.5	33	87.5	79.5	75.5	39.5	28.5	87.5	51.5	85	91.5	63	44.5	54	1	33	22.5	48	46	65.5	21.5	33	78	79.5	77.5	92	39.5	74.5	86.5	21.5	41	82	63.5	66.5	1	32	32.5	44.5	33	19.5	19.5	68.5	44.5	42.5	70	67.5	58	16.5	78.5	42	38.5	61.5	47	60	63.5	81	72.5	36.5	58	63.5	66	49.5	40.5	29.5	86.5	25.5	83.5	89.5	27.5	57	57	52.5	93.5	39	68	44.5	71.5	48.5	32.5	30.5	83	9	0	34.5	53	19.5	89	21.5	38	77.5	68.5	81	40	33.5	67	65	67.5	70	90	47	23.5	55.5	85	55	69	69.5	42.5	31	39.5	2	82	40	28.5	84	65	83.5	70	70	48	10	90	38.5	81.5	
77.5	39	72	70.5	61	56.5	49.5	29	78	47	64	52.5	29.5	58.5	23.5	88.5	26.5	81.5	46.5	62.5	71	54	78.5	28.5	6	34.5	68.5	48.5	81	28.5	83	75	69	35	39	77	47	74.5	87	56.5	34	49.5	35.5	28.5	33	43.5	41.5	61	32	22.5	73.5	75	67	87.5	35	64	82	26	36.5	77.5	59	62	35.5	32.5	32	40	22.5	25	25	64	34	38	59.5	63	51.5	22	74	37.5	28	53	36.5	55.5	53	76.5	62	32	53.5	59	61.5	39	36	35	82	9	73	85	13	52.5	46.5	42	89	28.5	57.5	34	63	44	28	30	78.5	31.5	34.5	0	48.5	25	78.5	27	27.5	73	58	76.5	29.5	29	56.5	54.5	63	65.5	79.5	36.5	28	51	80.5	44.5	58.5	59	38	20.5	29	36.5	77.5	29.5	24	75.5	60.5	79	65.5	59.5	37.5	30.5	79.5	34	71	
59	59.5	45.5	44	42.5	38	7	47.5	55.5	28.5	37.5	4	43	40	45	62	30	55	28	44	44.5	27.5	52	55	42.5	36	42	22	54.5	22	56.5	48.5	44.5	43.5	57.5	58.5	20.5	56	60.5	32	40.5	1	54	42	51.5	5	25	34.5	50.5	44	47	48.5	48.5	61	13.5	45.5	55.5	52.5	40	51	32.5	35.5	54	51	56.5	38.5	44	43.5	43.5	37.5	30.5	16.5	39	36.5	5	40.5	47.5	21	34.5	30.5	38	29	34.5	50	41.5	20.5	27	32.5	35	35.5	24.5	53.5	55.5	39.5	54.5	58.5	43.5	26	28	23.5	62.5	30	39	40.5	40.5	22.5	36.5	56.5	52	58	53	48.5	0	43.5	60	45.5	39	46.5	39.5	50	41	27.5	38	36	36.5	39	61	38	54.5	24.5	54	26	40	40.5	16.5	42	45.5	55	51	31	32.5	53	34	52.5	39	41	29	57	59	32.5	52.5	
92.5	26	67	65.5	74	71.5	50.5	4	77	58	59	47.5	24.5	61.5	36.5	83.5	21.5	76.5	61.5	67.5	66	49	73.5	26.5	19	45.5	63.5	43.5	76	23.5	78	70	66	30	24	88	42	85.5	82	53.5	41	44.5	20.5	23.5	18	38.5	36.5	56	17	37.5	68.5	70	82	82.5	30	79	77	31	31.5	72.5	54	57	20.5	22.5	13	35	37.5	0	0	59	49	33	60.5	58	48.5	3	69	32.5	43	52	43.5	50.5	62	71.5	63	27	48.5	54	56.5	46	31	10	77	16	82	80	32	47.5	61.5	57	84	43.5	72.5	41	62	39	23	15	73.5	28.5	19.5	25	43.5	0	93.5	2	42.5	68	67	71.5	40.5	24	63.5	69.5	58	60.5	90.5	43.5	33	46	75.5	59.5	73.5	66	33	35.5	36	21.5	72.5	44.5	19	74.5	55.5	74	60.5	70.5	52.5	29.5	80.5	29	86	
1	87.5	36.5	38	29.5	30	53	89.5	26.5	45.5	44.5	56	79	42	67	18	82	27	40	36	37.5	54.5	30	77	84.5	58	40	60	27.5	80	25.5	33.5	37.5	73.5	89.5	15.5	61.5	18	21.5	50	62.5	59	88	80	95.5	65	67	47.5	96.5	66	35	33.5	15.5	21	71.5	22.5	26.5	74.5	72	29	49.5	46.5	88	81	80.5	68.5	66	93.5	93.5	44.5	52.5	70.5	43	45.5	55	96.5	34.5	71	56.5	51.5	60	53	41.5	32	40.5	76.5	55	49.5	47	57.5	72.5	83.5	26.5	87.5	21.5	23.5	65.5	54	40	40.5	19.5	52	31	62.5	41.5	64.5	80.5	78.5	30	80	89	78.5	60	93.5	0	91.5	61	35.5	36.5	32	63	79.5	40	28	45.5	43	13	60	76.5	57.5	28	38	22	37.5	70.5	64	67.5	87	31	53	84.5	29	48	29.5	43	33	51	79	23	74.5	9.5	
90.5	28	69	67.5	74	69.5	52.5	2	79	60	61	49.5	26.5	63.5	36.5	85.5	23.5	78.5	59.5	69.5	68	51	75.5	28.5	21	47.5	65.5	45.5	78	25.5	80	72	68	32	26	90	44	87.5	84	55.5	43	46.5	22.5	25.5	20	40.5	38.5	58	19	35.5	70.5	72	80	84.5	32	77	79	29	33.5	74.5	56	59	22.5	24.5	11	37	35.5	2	2	61	47	35	62.5	60	50.5	5	71	34.5	41	54	45.5	52.5	64	73.5	65	29	50.5	56	58.5	48	33	8	79	18	84	82	30	49.5	59.5	55	86	41.5	70.5	43	64	41	25	13	75.5	30.5	21.5	27	45.5	2	91.5	0	40.5	70	69	73.5	42.5	26	65.5	67.5	60	62.5	92.5	45.5	31	48	77.5	57.5	71.5	68	35	33.5	38	23.5	74.5	42.5	21	76.5	57.5	76	62.5	72.5	50.5	31.5	82.5	31	84	
60	36.5	60.5	57	43.5	39	32	38.5	60.5	29.5	66.5	35	28	41	16	79	21	66	29	45	73.5	38.5	69	26	33.5	17	69	51	71.5	31	69.5	57.5	51.5	22.5	38.5	59.5	49.5	57	75.5	39	16.5	38	37	29	44.5	44	36	51.5	45.5	15	76	77.5	49.5	70	37.5	46.5	70.5	23.5	11	80	61.5	64.5	37	30	29.5	22.5	15	42.5	42.5	48.5	16.5	40.5	42	59.5	34	39.5	58.5	40	10.5	35.5	19	58	35.5	61	44.5	34.5	56	53.5	64	21.5	36.5	32.5	80.5	36.5	55.5	77.5	14.5	55	29	24.5	73.5	11	40	16.5	45.5	38.5	29.5	27.5	79	29	38	27.5	39	42.5	61	40.5	0	69.5	40.5	61	2	31.5	39	37	49.5	52	62	19	25.5	53.5	77	27	41	41.5	40.5	13	16.5	36	60	12	31.5	58	57	73.5	62	42	20	28	62	28.5	53.5	
34.5	84	25	28.5	38	38.5	53.5	72	9	54	17	50.5	67.5	44.5	75.5	31.5	54.5	24.5	48.5	40.5	14	47	21.5	79.5	67	66.5	16.5	26.5	24	46.5	26	28	34	68	82	34	30	31.5	30	46.5	69	47.5	78.5	66.5	76	41.5	49.5	34	75	74.5	16.5	18	20	30.5	38	31	25	83	64.5	20.5	22	15	78.5	75.5	81	63	74.5	68	68	37	61	41	43.5	26	51.5	65	27	45.5	65	50	66.5	23.5	50	24.5	41	45	21.5	32	19.5	64	49	78	25	64	14	28	74	20.5	48.5	49	32	60.5	39.5	69	40	47	61	83	21.5	86.5	77.5	73	46.5	68	35.5	70	69.5	0	45	24.5	71.5	52	46.5	36.5	36	33.5	36.5	66.5	85	24	23.5	46.5	30.5	44	41	72.5	74	79.5	25.5	61.5	57	27.5	28.5	22	23.5	41.5	59.5	87.5	28.5	57	28	
35.5	67	36	32.5	19	14.5	32.5	69	36	25	36	35.5	58.5	21.5	46.5	54.5	53.5	41.5	19.5	20.5	43	34	44.5	56.5	64	37.5	40.5	25.5	47	45.5	45	33	27	53	69	35	29	32.5	51	29.5	42	38.5	67.5	59.5	75	40.5	46.5	11	74	45.5	45.5	47	25	45.5	37	22	46	54	51.5	49.5	31	34	67.5	60.5	60	48	45.5	67	67	8	32	40	22.5	35	34.5	64	34	44.5	36	31	39.5	27.5	21	36.5	4	44	25.5	13	33.5	37	48	63	54	63	31	53	45	24.5	19.5	20	49	31.5	15.5	42	5	44	60	58	50.5	59.5	68.5	58	39.5	67	36.5	69	40.5	45	0	36.5	42.5	51	19.5	12.5	9	27.5	37.5	39.5	56	21	52.5	17.5	16.5	1	40	43.5	47	66.5	35.5	32.5	56	33.5	32.5	49	37.5	17.5	30.5	58.5	37.5	54	29	
31	87.5	28.5	32	29.5	30	53	75.5	31.5	45.5	20.5	54	71	42	67	40	58	33	40	36	22.5	50.5	30	77	70.5	58	8	30	32.5	50	34.5	31.5	37.5	71.5	85.5	30.5	33.5	28	38.5	50	62.5	51	82	70	79.5	45	53	37.5	78.5	66	25	26.5	20.5	39	41.5	22.5	33.5	74.5	68	29	25.5	18.5	82	79	80.5	66.5	66	71.5	71.5	40.5	52.5	44.5	43	29.5	55	68.5	30.5	49	56.5	51.5	60	27	41.5	0	40.5	48.5	25	35.5	23	57.5	52.5	81.5	33.5	67.5	26.5	36.5	65.5	24	40	40.5	40.5	52	31	62.5	41.5	50.5	64.5	78.5	30	80	81	76.5	50	71.5	32	73.5	61	24.5	36.5	0	63	55.5	40	28	39.5	37	33	60	76.5	27.5	32	38	22	37.5	44.5	64	67.5	83	1	53	60.5	3	32	30.5	27	33	51	79	33	60.5	24.5	
62	38.5	62.5	59	45.5	41	34	40.5	62.5	31.5	64.5	37	30	43	18	81	19	68	31	47	71.5	40.5	71	28	35.5	19	69	49	73.5	29	71.5	59.5	53.5	24.5	40.5	61.5	47.5	59	77.5	41	18.5	40	39	31	46.5	44	38	53.5	47.5	17	74	75.5	51.5	72	35.5	48.5	72.5	25.5	9	78	59.5	62.5	39	32	31.5	24.5	17	40.5	40.5	50.5	18.5	38.5	44	61.5	36	37.5	60.5	38	12.5	37.5	21	56	37.5	63	46.5	32.5	54	55.5	62	23.5	36.5	34.5	82.5	36.5	57.5	79.5	16.5	53	31	26.5	75.5	13	42	18.5	47.5	40.5	31.5	29.5	79	31	40	29.5	41	40.5	63	42.5	2	71.5	42.5	63	0	29.5	41	39	51.5	54	64	21	27.5	51.5	79	29	43	43.5	38.5	15	18.5	38	62	14	29.5	60	59	75.5	64	44	22	30	64	30.5	55.5	
78.5	40	51	49.5	58	57.5	34.5	28	61	42	43	31.5	23.5	45.5	35.5	67.5	10.5	60.5	47.5	51.5	50	33	57.5	35.5	23	29.5	47.5	27.5	60	7.5	62	54	50	24	38	72	26	69.5	66	37.5	17	28.5	34.5	22.5	32	22.5	20.5	40	31	36.5	52.5	54	68	66.5	14	65	61	47	20.5	56.5	38	41	34.5	31.5	37	11	36.5	24	24	43	35	17	44.5	42	32.5	21	53	16.5	23	36	27.5	34.5	46	55.5	47	11	32.5	38	40.5	30	15	34	61	20	66	64	38	31.5	47.5	43	68	29.5	56.5	17	46	23	17	39	57.5	42.5	33.5	29	27.5	24	79.5	26	31.5	52	51	55.5	29.5	0	47.5	55.5	42	44.5	74.5	27.5	49	30	59.5	45.5	59.5	50	17	36.5	30	35.5	56.5	30.5	13	58.5	39.5	58	44.5	54.5	36.5	43.5	64.5	5	72	
39	65.5	39.5	36	22.5	18	31	67.5	39.5	23.5	37.5	34	57	2	45	58	50	45	18	24	44.5	32.5	48	55	62.5	36	42	20	50.5	42	48.5	36.5	30.5	51.5	67.5	38.5	25.5	36	54.5	28	40.5	37	66	58	71.5	37	45	30.5	70.5	44	47	48.5	28.5	49	33.5	25.5	49.5	52.5	50	51	32.5	35.5	66	59	58.5	46.5	44	63.5	63.5	27.5	30.5	36.5	3	36.5	33	60.5	37.5	41	34.5	29.5	38	29	19.5	40	23.5	40.5	27	32.5	35	35.5	44.5	61.5	55.5	59.5	34.5	56.5	43.5	26	18	18.5	52.5	30	19	40.5	24.5	42.5	56.5	56.5	52	58	67	56.5	38	63.5	40	65.5	39	46.5	19.5	40	41	47.5	0	16	28.5	31	41	38	54.5	24.5	54	16	20	20.5	36.5	42	45.5	65	39	31	52.5	37	34	52.5	39	21	29	57	41	52.5	32.5	
27	63.5	27.5	24	10.5	2	29	65.5	27.5	21.5	35.5	32	55	18	43	46	58	33	16	8	46.5	30.5	36	53	60.5	34	36	34	38.5	54	36.5	24.5	18.5	49.5	65.5	26.5	37.5	24	42.5	26	38.5	35	64	56	71.5	41	43	23.5	72.5	42	49	44.5	16.5	37	45.5	13.5	37.5	50.5	48	53	30.5	37.5	64	57	56.5	44.5	42	69.5	69.5	20.5	28.5	46.5	19	26.5	31	72.5	25.5	47	32.5	27.5	36	25	17.5	28	16.5	52.5	27	25.5	33	33.5	48.5	59.5	47.5	63.5	22.5	44.5	41.5	28	16	16.5	40.5	28	3	38.5	17.5	40.5	56.5	54.5	46	56	65	54.5	36	69.5	28	67.5	37	36.5	12.5	28	39	55.5	16	0	21.5	15	29	36	52.5	31.5	44	14	8	13.5	46.5	40	43.5	63	27	29	60.5	25	20	40.5	29	5	27	55	29	50.5	20.5	
44.5	74	35	33.5	28	23.5	41.5	62	45	34	27	40.5	57.5	30.5	55.5	51.5	44.5	44.5	28.5	29.5	34	37	41.5	65.5	57	46.5	31.5	16.5	44	36.5	46	38	34	58	72	44	20	41.5	50	36.5	51	37.5	68.5	56.5	66	31.5	39.5	2	65	54.5	36.5	38	34	50.5	28	31	45	63	54.5	40.5	22	25	68.5	65.5	69	53	54.5	58	58	1	41	31	31.5	26	41.5	55	37	35.5	45	40	48.5	18.5	30	39.5	5	35	16.5	4	24.5	46	39	68	45	54	40	48	54	15.5	28.5	29	52	40.5	24.5	51	4	37	51	67	41.5	68.5	67.5	63	36.5	58	45.5	60	49.5	36	9	39.5	51.5	42	28.5	21.5	0	28.5	46.5	48.5	65	12	43.5	26.5	25.5	8	31	52.5	56	69.5	40.5	41.5	47	42.5	23.5	42	28.5	26.5	39.5	67.5	46.5	47	38	
42	76.5	32.5	31	25.5	13	44	64.5	42.5	36.5	24.5	43	60	33	58	49	47	42	31	7	31.5	39.5	39	68	59.5	49	29	19	41.5	39	43.5	35.5	31.5	60.5	74.5	41.5	22.5	39	47.5	39	53.5	40	71	59	68.5	34	42	26.5	67.5	57	34	35.5	31.5	48	30.5	28.5	42.5	65.5	57	38	19.5	22.5	71	68	71.5	55.5	57	60.5	60.5	29.5	43.5	33.5	34	23.5	44	57.5	34.5	38	47.5	42.5	51	10	32.5	37	31.5	37.5	12	24.5	22	48.5	41.5	70.5	42.5	56.5	37.5	45.5	56.5	13	31	31.5	49.5	43	12	53.5	32.5	39.5	53.5	69.5	39	71	70	65.5	39	60.5	43	62.5	52	33.5	27.5	37	54	44.5	31	15	28.5	0	44	51	67.5	16.5	41	29	23	28.5	33.5	55	58.5	72	38	44	49.5	40	5	39.5	26	10	42	70	44	49.5	35.5	
12	88.5	37.5	39	30.5	31	54	90.5	27.5	46.5	39.5	57	80	43	68	31	77	28	41	37	26.5	55.5	31	78	85.5	59	39	49	28.5	69	26.5	34.5	38.5	74.5	90.5	16.5	52.5	19	27.5	51	63.5	60	89	81	96.5	64	68	48.5	97.5	67	22	30.5	16.5	8	60.5	23.5	27.5	75.5	73	28	44.5	37.5	89	82	81.5	69.5	67	90.5	90.5	45.5	53.5	63.5	44	46.5	56	87.5	35.5	68	57.5	52.5	61	46	42.5	33	41.5	67.5	44	50.5	42	58.5	71.5	84.5	32.5	86.5	22.5	29.5	66.5	43	41	41.5	25.5	53	32	63.5	42.5	65.5	81.5	79.5	17	81	90	79.5	61	90.5	13	92.5	62	36.5	37.5	33	64	74.5	41	29	46.5	44	0	61	77.5	46.5	15	39	23	38.5	63.5	65	68.5	88	32	54	79.5	30	49	30.5	44	34	52	80	24	75.5	10.5	
59	45.5	59.5	56	42.5	38	31	47.5	59.5	28.5	57.5	34	37	40	25	78	30	65	28	44	64.5	37.5	68	35	42.5	2	62	42	70.5	20	68.5	56.5	50.5	31.5	47.5	58.5	40.5	56	74.5	38	20.5	37	46	38	51.5	37	35	50.5	50.5	24	67	68.5	48.5	69	28.5	45.5	69.5	32.5	30	71	52.5	55.5	46	39	38.5	26.5	24	43.5	43.5	47.5	15.5	31.5	41	56.5	33	40.5	57.5	31	14.5	34.5	0	49	34.5	60	43.5	25.5	47	52.5	55	20.5	29.5	41.5	75.5	39.5	54.5	76.5	23.5	46	28	23.5	72.5	8	39	20.5	44.5	37.5	36.5	36.5	72	38	47	36.5	38	43.5	60	45.5	19	66.5	39.5	60	21	27.5	38	36	48.5	51	61	0	34.5	44.5	74	26	40	40.5	31.5	22	25.5	45	59	7	32.5	57	54	72.5	59	41	19	37	61	32.5	52.5	
75.5	11	76	72.5	59	54.5	47.5	29	76	45	84	50.5	33.5	56.5	21.5	94.5	46.5	81.5	44.5	60.5	93	54	84.5	21.5	34	32.5	84.5	70.5	87	50.5	85	73	67	33	13	75	69	72.5	91	54.5	32	53.5	22.5	34.5	19	59.5	51.5	67	20	20.5	95.5	93	65	85.5	57	62	86	2	36.5	99.5	79	84	22.5	25.5	20	38	20.5	33	33	64	32	60	57.5	75	49.5	34	74	55.5	26	51	34.5	77.5	51	76.5	60	54	75.5	69	81.5	37	52	23	96	37	71	93	15	74.5	44.5	40	89	26.5	55.5	32	61	54	40	18	94.5	14.5	23.5	28	54.5	33	76.5	31	25.5	85	56	76.5	27.5	49	54.5	52.5	65	67.5	77.5	34.5	0	73	92.5	42.5	56.5	57	60	18.5	27	21.5	75.5	27.5	44	73.5	72.5	89	77.5	57.5	35.5	13.5	77.5	44	69	
56.5	62	23	21.5	30	29.5	31.5	50	33	34	15	28.5	45.5	22.5	57.5	39.5	32.5	32.5	34.5	23.5	22	25	29.5	57.5	45	46.5	19.5	4.5	32	24.5	34	26	22	46	60	44	8	41.5	38	24.5	47	25.5	56.5	44.5	54	19.5	27.5	10	53	58.5	24.5	26	44	38.5	16	37	33	75	42.5	28.5	10	13	56.5	53.5	59	41	58.5	46	46	13	47	19	21.5	14	29.5	43	25	23.5	53	28	44.5	6.5	28	27.5	17	23	4.5	8	12.5	42	27	56	33	42	38	36	64	3.5	34.5	39	40	52.5	28.5	47	16	25	39	61	29.5	64.5	55.5	51	24.5	46	57.5	48	53.5	24	21	27.5	51.5	30	24.5	31.5	12	16.5	46.5	44.5	73	0	31.5	36.5	37.5	20	19	60.5	52	57.5	28.5	51.5	35	30.5	11.5	30	16.5	26.5	43.5	65.5	36.5	35	50	
27	91.5	32.5	36	45.5	46	61	79.5	32.5	61.5	24.5	58	75	52	83	24	62	27	56	48	11.5	54.5	24	87	74.5	74	24	34	21.5	54	23.5	35.5	41.5	75.5	89.5	31.5	37.5	34	22.5	54	76.5	55	86	74	83.5	49	57	41.5	82.5	82	7	15.5	31.5	7	45.5	38.5	22.5	90.5	72	13	29.5	22.5	86	83	88.5	70.5	82	75.5	75.5	44.5	68.5	48.5	51	33.5	59	72.5	34.5	53	72.5	57.5	74	31	57.5	32	48.5	52.5	29	39.5	27	71.5	56.5	85.5	17.5	71.5	37.5	20.5	81.5	28	56	56.5	24.5	68	47	76.5	47.5	54.5	68.5	90.5	2	94	85	80.5	54	75.5	28	77.5	77	23.5	52.5	32	79	59.5	54	44	43.5	41	15	74	92.5	31.5	0	54	38	51.5	48.5	80	81.5	87	33	69	64.5	35	36	19.5	31	49	67	95	31	64.5	25.5	
37	53.5	37.5	34	20.5	16	19	55.5	37.5	11.5	45.5	22	45	18	33	56	48	43	2	22	56.5	20.5	46	43	50.5	24	46	34	48.5	44	46.5	34.5	28.5	39.5	55.5	36.5	32.5	34	52.5	12	28.5	25	54	46	61.5	31	33	28.5	62.5	32	59	54.5	26.5	47	35.5	23.5	47.5	40.5	38	63	40.5	47.5	54	47	46.5	34.5	32	59.5	59.5	25.5	18.5	36.5	19	36.5	21	62.5	35.5	37	22.5	17.5	26	39	12.5	38	21.5	42.5	39	30.5	43	23.5	38.5	49.5	57.5	53.5	32.5	54.5	31.5	38	2	6.5	50.5	18	17	28.5	22.5	30.5	46.5	44.5	56	46	55	44.5	26	59.5	38	57.5	27	46.5	17.5	38	29	45.5	16	14	26.5	29	39	26	42.5	36.5	54	0	18	18.5	36.5	30	33.5	53	37	19	50.5	35	34	50.5	39	19	17	45	39	40.5	30.5	
21	67.5	21.5	16	9.5	10	33	69.5	21.5	25.5	29.5	36	59	22	47	40	62	27	20	16	42.5	34.5	30	57	64.5	38	30	40	32.5	60	30.5	18.5	17.5	53.5	69.5	20.5	41.5	18	36.5	30	42.5	39	68	60	75.5	45	47	27.5	76.5	46	45	38.5	10.5	31	51.5	7.5	31.5	54.5	52	49	29.5	31.5	68	61	60.5	48.5	46	73.5	73.5	24.5	32.5	50.5	23	25.5	35	76.5	19.5	51	36.5	31.5	40	33	21.5	22	20.5	56.5	35	29.5	25	37.5	52.5	63.5	41.5	67.5	16.5	38.5	45.5	34	20	20.5	34.5	32	11	42.5	21.5	44.5	60.5	58.5	40	60	69	58.5	40	73.5	22	71.5	41	30.5	16.5	22	43	59.5	20	8	25.5	23	23	40	56.5	37.5	38	18	0	17.5	50.5	44	47.5	67	21	33	64.5	19	28	34.5	21	13	31	59	23	54.5	14.5	
36.5	68	37	33.5	20	15.5	33.5	70	37	26	35	36.5	59.5	22.5	47.5	55.5	52.5	42.5	20.5	21.5	42	35	45.5	57.5	65	38.5	39.5	24.5	48	44.5	46	34	28	54	70	36	28	33.5	52	30.5	43	39.5	68.5	60.5	74	39.5	47.5	10	73	46.5	44.5	46	26	46.5	36	23	47	55	52.5	48.5	30	33	68.5	61.5	61	49	46.5	66	66	7	33	39	23.5	34	35.5	63	35	43.5	37	32	40.5	26.5	22	37.5	3	43	24.5	12	32.5	38	47	64	53	62	32	54	46	23.5	20.5	21	50	32.5	16.5	43	4	45	59	59	49.5	60.5	69.5	59	40.5	66	37.5	68	41.5	44	1	37.5	43.5	50	20.5	13.5	8	28.5	38.5	40.5	57	20	51.5	18.5	17.5	0	39	44.5	48	67.5	36.5	33.5	55	34.5	31.5	50	36.5	18.5	31.5	59.5	38.5	55	30	
69.5	49	40	38.5	47	46.5	23.5	37	50	31	32	20.5	32.5	34.5	44.5	56.5	19.5	49.5	36.5	40.5	39	22	46.5	44.5	32	33.5	36.5	16.5	49	11.5	51	43	39	33	47	61	15	58.5	55	26.5	34	17.5	43.5	31.5	41	11.5	14.5	29	40	45.5	41.5	43	59	55.5	3	54	50	58	29.5	45.5	27	30	43.5	40.5	46	28	45.5	33	33	32	34	0	33.5	31	21.5	30	42	10.5	40	25	31.5	23.5	35	44.5	36	10	21.5	27	29.5	29	14	43	50	29	55	53	49	20.5	36.5	34	57	35.5	45.5	34	35	6	26	48	46.5	51.5	42.5	38	16.5	33	70.5	35	40.5	41	40	44.5	38.5	17	36.5	46.5	31	33.5	63.5	31.5	60	19	48.5	36.5	50.5	39	0	47.5	39	44.5	45.5	36.5	22	47.5	28.5	47	33.5	43.5	30.5	52.5	53.5	22	63	
63	29.5	63.5	60	46.5	42	35	31.5	63.5	32.5	71.5	38	15	44	3	82	34	69	32	48	80.5	41.5	72	19	26.5	20	72	58	74.5	38	72.5	60.5	54.5	20.5	31.5	62.5	56.5	60	78.5	42	19.5	41	30	16	37.5	47	39	54.5	38.5	2	83	80.5	52.5	73	44.5	49.5	73.5	16.5	24	87	66.5	71.5	30	23	22.5	25.5	2	35.5	35.5	51.5	19.5	47.5	45	62.5	37	36.5	61.5	43	13.5	38.5	22	65	38.5	64	47.5	41.5	63	56.5	69	24.5	39.5	25.5	83.5	29.5	58.5	80.5	7.5	62	32	27.5	76.5	14	43	19.5	48.5	41.5	27.5	20.5	82	22	31	20.5	42	35.5	64	33.5	13	72.5	43.5	64	15	36.5	42	40	52.5	55	65	22	18.5	60.5	80	30	44	44.5	47.5	0	14.5	29	63	15	31.5	61	60	76.5	65	45	23	21	65	31.5	56.5	
66.5	38	67	63.5	50	45.5	38.5	40	67	36	65	41.5	29.5	47.5	17.5	85.5	27.5	72.5	35.5	51.5	72	45	75.5	27.5	35	23.5	69.5	49.5	78	29.5	76	64	58	6	40	66	48	63.5	82	45.5	23	44.5	38.5	30.5	44	44.5	42.5	58	43	16.5	74.5	76	56	76.5	36	53	77	25	27.5	78.5	60	63	38.5	31.5	31	29	16.5	36	36	55	23	39	48.5	64	40.5	33	65	38.5	17	42	25.5	56.5	42	67.5	51	33	54.5	60	62.5	28	37	34	83	32	62	84	16	53.5	35.5	31	80	17.5	46.5	23	52	45	13	29	79.5	30.5	39.5	29	45.5	36	67.5	38	16.5	74	47	67.5	18.5	30	45.5	43.5	56	58.5	68.5	25.5	27	52	81.5	33.5	47.5	48	39	14.5	0	37.5	66.5	18.5	17	64.5	61.5	80	66.5	48.5	26.5	29.5	68.5	35	60	
86	32.5	78.5	77	69.5	65	58	25.5	86.5	55.5	70.5	59	36	67	32	95	33	88	55	71	77.5	60.5	85	32	30.5	43	75	55	87.5	35	89.5	81.5	77.5	41.5	30.5	85.5	53.5	83	93.5	65	42.5	56	1	35	24.5	50	48	67.5	23.5	31	80	81.5	75.5	94	41.5	72.5	88.5	19.5	43	84	65.5	68.5	1	34	30.5	46.5	31	21.5	21.5	70.5	42.5	44.5	68	69.5	60	18.5	80.5	44	36.5	61.5	45	62	61.5	83	70.5	38.5	60	65.5	68	47.5	42.5	31.5	88.5	27.5	81.5	91.5	25.5	59	55	50.5	95.5	37	66	42.5	71.5	50.5	34.5	28.5	85	7	2	36.5	55	21.5	87	23.5	36	79.5	66.5	83	38	35.5	65	63	69.5	72	88	45	21.5	57.5	87	53	67	67.5	44.5	29	37.5	0	84	38	30.5	84	67	85.5	72	68	46	8	88	40.5	79.5	
30	86.5	29.5	33	28.5	29	52	76.5	30.5	44.5	21.5	55	72	41	66	41	59	34	39	35	23.5	51.5	31	76	71.5	57	9	31	33.5	51	35.5	32.5	36.5	72.5	86.5	29.5	34.5	27	39.5	49	61.5	52	83	71	80.5	46	54	38.5	79.5	65	26	27.5	19.5	40	42.5	21.5	34.5	73.5	69	30	26.5	19.5	83	80	79.5	67.5	65	72.5	72.5	41.5	51.5	45.5	42	30.5	54	69.5	31.5	50	55.5	50.5	59	28	40.5	1	39.5	49.5	26	36.5	24	56.5	53.5	82.5	34.5	68.5	25.5	37.5	64.5	25	39	39.5	41.5	51	30	61.5	40.5	51.5	65.5	77.5	31	79	82	77.5	51	72.5	31	74.5	60	25.5	35.5	1	62	56.5	39	27	40.5	38	32	59	75.5	28.5	33	37	21	36.5	45.5	63	66.5	84	0	52	61.5	2	33	31.5	28	32	50	78	32	61.5	23.5	
52	38.5	52.5	49	35.5	31	24	40.5	52.5	21.5	60.5	27	30	33	18	71	33	58	21	37	71.5	30.5	61	28	35.5	5	61	49	63.5	27	61.5	49.5	43.5	24.5	40.5	51.5	47.5	49	67.5	31	13.5	30	39	31	46.5	36	28	43.5	47.5	17	74	69.5	41.5	62	35.5	38.5	62.5	25.5	23	78	55.5	62.5	39	32	31.5	19.5	17	44.5	44.5	40.5	8.5	36.5	34	51.5	26	47.5	50.5	32	7.5	27.5	7	54	27.5	53	36.5	32.5	54	45.5	58	13.5	28.5	34.5	72.5	38.5	47.5	69.5	16.5	53	21	16.5	65.5	1	32	13.5	37.5	30.5	31.5	29.5	71	31	40	29.5	31	44.5	53	42.5	12	61.5	32.5	53	14	30.5	31	29	41.5	44	54	7	27.5	51.5	69	19	33	33.5	36.5	15	18.5	38	52	0	35.5	50	49	65.5	54	34	12	30	54	25.5	45.5	
83.5	35	56	54.5	63	62.5	39.5	23	66	47	48	36.5	18.5	50.5	30.5	72.5	10.5	65.5	52.5	56.5	55	38	62.5	30.5	18	34.5	52.5	32.5	65	12.5	67	59	55	11	33	77	31	74.5	71	42.5	30	33.5	29.5	17.5	27	27.5	25.5	45	26	31.5	57.5	59	73	71.5	19	70	66	42	20.5	61.5	43	46	29.5	26.5	32	24	31.5	19	19	48	40	22	49.5	47	37.5	16	58	21.5	34	41	32.5	39.5	51	60.5	52	16	37.5	43	45.5	35	20	29	66	15	71	69	33	36.5	52.5	48	73	34.5	61.5	30	51	28	4	34	62.5	37.5	28.5	24	32.5	19	84.5	21	31.5	57	56	60.5	29.5	13	52.5	60.5	47	49.5	79.5	32.5	44	35	64.5	50.5	64.5	55	22	31.5	17	30.5	61.5	35.5	0	63.5	44.5	63	49.5	59.5	41.5	38.5	69.5	18	77	
28	84.5	31.5	35	26.5	27	50	78.5	28.5	42.5	23.5	53	74	39	64	43	61	34	37	33	25.5	51.5	33	74	73.5	55	11	33	35.5	53	37.5	30.5	34.5	70.5	86.5	27.5	36.5	25	41.5	47	59.5	54	85	73	82.5	48	56	40.5	81.5	63	28	29.5	17.5	38	44.5	19.5	36.5	71.5	69	32	28.5	21.5	85	78	77.5	65.5	63	74.5	74.5	41.5	49.5	47.5	40	32.5	52	71.5	31.5	52	53.5	48.5	57	30	38.5	3	37.5	51.5	28	38.5	26	54.5	55.5	80.5	36.5	70.5	23.5	39.5	62.5	27	37	37.5	41.5	49	28	59.5	38.5	53.5	67.5	75.5	33	77	84	75.5	53	74.5	29	76.5	58	27.5	33.5	3	60	58.5	37	25	42.5	40	30	57	73.5	30.5	35	35	19	34.5	47.5	61	64.5	84	2	50	63.5	0	35	33.5	30	30	48	76	30	63.5	21.5	
47	71.5	27.5	26	30.5	18	41	59.5	37.5	41.5	19.5	38	55	32	63	44	42	37	36	12	26.5	34.5	34	67	54.5	54	24	14	36.5	34	38.5	30.5	26.5	55.5	69.5	46.5	17.5	44	42.5	34	56.5	35	66	54	63.5	29	37	21.5	62.5	62	29	30.5	36.5	43	25.5	33.5	37.5	70.5	52	33	14.5	17.5	66	63	68.5	50.5	62	55.5	55.5	24.5	48.5	28.5	31	18.5	39	52.5	29.5	33	52.5	37.5	54	5	37.5	32	28.5	32.5	7	19.5	17	51.5	36.5	65.5	37.5	51.5	42.5	40.5	61.5	8	36	36.5	44.5	48	17	56.5	27.5	34.5	48.5	70.5	34	74	65	60.5	34	55.5	48	57.5	57	28.5	32.5	32	59	39.5	34	20	23.5	5	49	54	72.5	11.5	36	34	28	31.5	28.5	60	61.5	67	33	49	44.5	35	0	34.5	21	15	47	75	41	44.5	40.5	
28.5	90	31	34.5	42	42.5	59.5	78	31	58	23	56.5	73.5	50.5	79.5	27.5	60.5	25.5	52.5	46.5	8	53	22.5	85.5	73	70.5	22.5	32.5	2	52.5	4	34	40	74	88	14	36	30.5	26	52.5	75	53.5	84.5	72.5	82	47.5	55.5	40	81	78.5	12.5	4	28	26.5	44	35	3	87	70.5	16.5	28	21	84.5	81.5	87	69	78.5	74	74	43	65	47	49.5	32	57.5	71	33	51.5	69	56	72.5	29.5	54	30.5	47	51	27.5	38	25.5	70	55	84	21	70	34	24	78	26.5	52.5	53	28	64.5	43.5	75	46	53	67	89	17.5	92.5	83.5	79	52.5	74	29.5	76	73.5	22	49	30.5	75.5	58	52.5	40.5	42	39.5	30.5	72.5	89	30	19.5	50.5	34.5	50	47	76.5	80	85.5	31.5	65.5	63	33.5	34.5	0	29.5	45.5	63.5	91.5	29.5	63	20	
42	76.5	22.5	5	30.5	31	46	64.5	32.5	46.5	14.5	43	60	37	68	39	47	32	41	33	21.5	39.5	29	72	59.5	59	19	19	31.5	39	33.5	25.5	26.5	60.5	74.5	41.5	22.5	39	37.5	39	61.5	40	71	59	68.5	34	42	26.5	67.5	67	24	25.5	31.5	38	30.5	28.5	32.5	75.5	57	28	14.5	12.5	71	68	73.5	55.5	67	60.5	60.5	29.5	53.5	33.5	36	18.5	44	57.5	24.5	38	57.5	42.5	59	16	42.5	27	33.5	37.5	14	24.5	4	56.5	41.5	70.5	32.5	56.5	37.5	35.5	66.5	13	41	41.5	39.5	53	32	61.5	32.5	39.5	53.5	75.5	29	79	70	65.5	39	60.5	43	62.5	62	23.5	37.5	27	64	44.5	39	29	28.5	26	44	59	77.5	16.5	31	39	21	36.5	33.5	65	66.5	72	28	54	49.5	30	21	29.5	0	34	52	80	36	49.5	35.5	
32	68.5	32.5	29	15.5	3	34	70.5	32.5	26.5	34.5	37	60	23	48	51	57	38	21	3	41.5	35.5	41	58	65.5	39	39	29	43.5	49	41.5	29.5	23.5	54.5	70.5	31.5	32.5	29	47.5	31	43.5	40	69	61	76.5	44	48	28.5	77.5	47	44	45.5	21.5	42	40.5	18.5	42.5	55.5	53	48	29.5	32.5	69	62	61.5	49.5	47	70.5	70.5	25.5	33.5	43.5	24	31.5	36	67.5	30.5	48	37.5	32.5	41	20	22.5	33	21.5	47.5	22	30.5	32	38.5	51.5	64.5	52.5	66.5	27.5	49.5	46.5	23	21	21.5	45.5	33	2	43.5	22.5	45.5	61.5	59.5	49	61	70	59.5	41	70.5	33	72.5	42	41.5	17.5	33	44	54.5	21	5	26.5	10	34	41	57.5	26.5	49	19	13	18.5	43.5	45	48.5	68	32	34	59.5	30	15	45.5	34	0	32	60	34	55.5	25.5	
50	46.5	50.5	47	33.5	29	22	48.5	50.5	19.5	56.5	25	38	31	26	69	39	56	19	35	63.5	28.5	59	36	43.5	17	59	41	61.5	31	59.5	47.5	41.5	32.5	48.5	49.5	39.5	47	65.5	29	21.5	28	47	39	54.5	34	16	41.5	55.5	25	66	67.5	39.5	60	27.5	36.5	60.5	33.5	31	70	51.5	54.5	47	40	39.5	27.5	25	52.5	52.5	38.5	11.5	30.5	32	49.5	24	49.5	48.5	20	15.5	25.5	19	48	25.5	51	34.5	29.5	46	43.5	54	16.5	31.5	42.5	70.5	46.5	45.5	67.5	24.5	45	19	14.5	63.5	11	30	21.5	35.5	28.5	39.5	37.5	69	39	48	37.5	29	52.5	51	50.5	20	59.5	30.5	51	22	36.5	29	27	39.5	42	52	19	35.5	43.5	67	17	31	31.5	30.5	23	26.5	46	50	12	41.5	48	47	63.5	52	32	0	38	52	33.5	43.5	
78	24.5	78.5	75	61.5	57	50	31.5	78.5	47.5	78.5	53	36	59	24	97	41	84	47	63	85.5	56.5	87	24	36.5	35	83	63	89.5	43	87.5	75.5	69.5	35.5	26.5	77.5	61.5	75	93.5	57	34.5	56	9	37	32.5	58	54	69.5	31.5	23	88	89.5	67.5	88	49.5	64.5	88.5	11.5	39	92	73.5	76.5	9	28	22.5	40.5	23	29.5	29.5	66.5	34.5	52.5	60	77.5	52	26.5	76.5	52	28.5	53.5	37	70	53.5	79	62.5	46.5	68	71.5	76	39.5	50.5	25.5	96.5	35.5	73.5	95.5	17.5	67	47	42.5	91.5	29	58	34.5	63.5	56.5	42.5	20.5	93	1	10	30.5	57	29.5	79	31.5	28	87.5	58.5	79	30	43.5	57	55	67.5	70	80	37	13.5	65.5	95	45	59	59.5	52.5	21	29.5	8	78	30	38.5	76	75	91.5	80	60	38	0	80	46.5	71.5	
22	88.5	37.5	39	30.5	31	54	84.5	27.5	46.5	29.5	57	80	43	68	39	67	4	41	37	21.5	55.5	7	78	79.5	59	29	39	31.5	59	31.5	34.5	38.5	74.5	90.5	21.5	42.5	5	37.5	51	63.5	60	89	79	88.5	54	62	46.5	87.5	67	24	25.5	16.5	32	50.5	23.5	32.5	75.5	73	28	34.5	27.5	89	82	81.5	69.5	67	80.5	80.5	45.5	53.5	53.5	44	38.5	56	77.5	35.5	58	57.5	52.5	61	36	42.5	33	41.5	57.5	34	44.5	32	58.5	61.5	84.5	32.5	76.5	22.5	35.5	66.5	33	41	41.5	35.5	53	32	63.5	42.5	59.5	73.5	79.5	29	81	90	79.5	59	80.5	23	82.5	62	28.5	37.5	33	64	64.5	41	29	46.5	44	24	61	77.5	36.5	31	39	23	38.5	53.5	65	68.5	88	32	54	69.5	30	41	29.5	36	34	52	80	0	69.5	15.5	
73.5	45	56	54.5	57	52.5	39.5	33	66	43	48	36.5	28.5	50.5	34.5	72.5	15.5	65.5	42.5	56.5	55	38	62.5	40.5	28	30.5	52.5	32.5	65	12.5	67	59	55	29	43	73	31	70.5	71	42.5	12	33.5	39.5	27.5	37	27.5	25.5	45	36	33.5	57.5	59	63	71.5	19	60	66	42	25.5	61.5	43	46	39.5	36.5	42	6	33.5	29	29	48	30	22	49.5	47	37.5	26	58	21.5	18	41	32.5	39.5	49	60.5	52	16	37.5	43	45.5	35	20	39	66	25	69	69	33	36.5	42.5	38	73	24.5	53.5	12	51	28	22	44	62.5	47.5	38.5	34	32.5	29	74.5	31	28.5	57	54	60.5	30.5	5	52.5	50.5	47	49.5	75.5	32.5	44	35	64.5	40.5	54.5	55	22	31.5	35	40.5	61.5	25.5	18	63.5	44.5	63	49.5	55.5	33.5	46.5	69.5	0	67	
8.5	80	29	30.5	22	22.5	45.5	82	19	38	37	48.5	71.5	34.5	59.5	27.5	74.5	19.5	32.5	28.5	28	47	22.5	69.5	77	50.5	32.5	52.5	18	72.5	16	26	30	66	82	6	54	10.5	24	42.5	55	51.5	80.5	72.5	88	57.5	59.5	40	89	58.5	32.5	24	8	18.5	64	15	17	67	64.5	36.5	42	39	80.5	73.5	73	61	58.5	86	86	37	45	63	35.5	38	47.5	89	27	63.5	49	44	52.5	45.5	34	24.5	33	69	47.5	42	39.5	50	65	76	29	80	14	26	58	46.5	32.5	33	22	44.5	23.5	55	34	57	73	71	27.5	72.5	81.5	71	52.5	86	9.5	84	53.5	28	29	24.5	55.5	72	32.5	20.5	38	35.5	10.5	52.5	69	50	25.5	30.5	14.5	30	63	56.5	60	79.5	23.5	45.5	77	21.5	40.5	20	35.5	25.5	43.5	71.5	15.5	67	0	
