Number of items: 150
Horizon: 3
Time limit: 1000
Load limit: 9000
Initial item inventory level
100
43
31
13
29
70
97
68
77
93
190
53
15
29
100
28
69
76
51
50
57
57
52
78
16
54
63
62
40
106
176
192
79
32
78
58
84
22
86
188
84
42
140
22
58
152
118
10
24
136
36
184
35
198
68
150
44
194
94
27
80
20
192
57
70
54
30
15
22
108
79
75
38
82
134
64
80
196
162
86
25
58
25
132
86
138
21
34
10
19
60
150
21
78
98
70
59
36
95
97
158
62
54
148
102
74
70
13
33
142
152
35
29
90
64
99
48
26
130
53
134
63
16
62
196
198
46
82
166
118
36
44
25
89
66
66
49
49
76
148
28
198
46
46
93
67
52
38
70
44
Maximum inventory capacity per item
150
86
62
26
58
140
194
136
154
186
285
106
30
58
150
42
138
152
102
75
114
114
104
156
32
108
126
93
60
159
264
288
158
64
117
116
168
33
129
282
168
84
210
44
87
228
177
20
36
204
72
276
70
297
136
225
88
291
141
54
120
30
288
114
140
108
60
30
44
162
158
150
57
123
201
96
160
294
243
129
50
116
50
198
129
207
42
68
20
38
90
225
42
117
147
140
118
54
190
194
237
124
108
222
153
148
140
26
66
213
228
70
58
180
128
198
96
52
195
106
201
126
32
124
294
297
69
123
249
177
72
88
50
178
132
99
98
98
152
222
56
297
92
92
186
134
78
57
140
66
Reserve storage replenishment rate per item and per period
300	0	0	
258	0	0	
186	0	0	
78	0	0	
174	0	0	
420	0	0	
582	0	0	
408	0	0	
462	0	0	
558	0	0	
570	0	0	
318	0	0	
90	0	0	
174	0	0	
300	0	0	
84	0	0	
414	0	0	
456	0	0	
306	0	0	
150	0	0	
342	0	0	
342	0	0	
312	0	0	
468	0	0	
96	0	0	
324	0	0	
378	0	0	
186	0	0	
120	0	0	
318	0	0	
528	0	0	
576	0	0	
474	0	0	
192	0	0	
234	0	0	
348	0	0	
504	0	0	
66	0	0	
258	0	0	
564	0	0	
504	0	0	
252	0	0	
420	0	0	
132	0	0	
174	0	0	
456	0	0	
354	0	0	
60	0	0	
72	0	0	
408	0	0	
216	0	0	
552	0	0	
210	0	0	
594	0	0	
408	0	0	
450	0	0	
264	0	0	
582	0	0	
282	0	0	
162	0	0	
240	0	0	
60	0	0	
576	0	0	
342	0	0	
420	0	0	
324	0	0	
180	0	0	
90	0	0	
132	0	0	
324	0	0	
474	0	0	
450	0	0	
114	0	0	
246	0	0	
402	0	0	
192	0	0	
480	0	0	
588	0	0	
486	0	0	
258	0	0	
150	0	0	
348	0	0	
150	0	0	
396	0	0	
258	0	0	
414	0	0	
126	0	0	
204	0	0	
60	0	0	
114	0	0	
180	0	0	
450	0	0	
126	0	0	
234	0	0	
294	0	0	
420	0	0	
354	0	0	
108	0	0	
570	0	0	
582	0	0	
474	0	0	
372	0	0	
324	0	0	
444	0	0	
306	0	0	
444	0	0	
420	0	0	
78	0	0	
198	0	0	
426	0	0	
456	0	0	
210	0	0	
174	0	0	
540	0	0	
384	0	0	
594	0	0	
288	0	0	
156	0	0	
390	0	0	
318	0	0	
402	0	0	
378	0	0	
96	0	0	
372	0	0	
588	0	0	
594	0	0	
138	0	0	
246	0	0	
498	0	0	
354	0	0	
216	0	0	
264	0	0	
150	0	0	
534	0	0	
396	0	0	
198	0	0	
294	0	0	
294	0	0	
456	0	0	
444	0	0	
168	0	0	
594	0	0	
276	0	0	
276	0	0	
558	0	0	
402	0	0	
156	0	0	
114	0	0	
420	0	0	
132	0	0	
Forward storage demand rate per item and per period
50	30	79	
43	64	37	
31	20	38	
13	10	19	
29	41	26	
70	113	104	
97	68	108	
68	81	111	
77	112	67	
93	139	65	
95	84	140	
53	96	49	
15	15	8	
29	31	29	
50	56	44	
14	12	13	
69	24	75	
76	51	46	
51	74	94	
25	27	30	
57	47	105	
57	48	53	
52	22	91	
78	59	85	
16	17	12	
54	15	25	
63	72	67	
31	26	51	
20	25	16	
53	75	33	
88	84	112	
96	39	144	
79	65	70	
32	5	6	
39	43	25	
58	96	93	
84	95	13	
11	9	15	
43	32	14	
94	82	149	
84	78	35	
42	41	55	
70	94	60	
22	10	20	
29	23	51	
76	70	43	
59	16	33	
10	9	6	
12	10	9	
68	89	46	
36	46	52	
92	74	64	
35	35	60	
99	128	140	
68	76	7	
75	74	105	
44	25	35	
97	112	144	
47	58	27	
27	36	46	
40	48	33	
10	9	9	
96	154	70	
57	76	56	
70	57	108	
54	47	61	
30	30	16	
15	22	8	
22	21	27	
54	62	57	
79	91	111	
75	14	68	
19	27	26	
41	40	29	
67	53	37	
32	17	46	
80	121	116	
98	45	153	
81	72	52	
43	36	26	
25	14	16	
58	48	71	
25	29	34	
66	24	86	
43	47	57	
69	94	77	
21	19	9	
34	13	23	
10	7	7	
19	21	18	
30	35	12	
75	41	120	
21	24	22	
39	36	30	
49	84	26	
70	100	110	
59	82	79	
18	12	8	
95	7	93	
97	128	140	
79	143	55	
62	55	93	
54	97	66	
74	33	24	
51	86	30	
74	98	103	
70	82	109	
13	22	9	
33	32	40	
71	105	54	
76	95	105	
35	6	31	
29	20	50	
90	92	107	
64	62	87	
99	71	93	
48	58	30	
26	22	14	
65	2	81	
53	69	63	
67	101	37	
63	36	95	
16	21	15	
62	86	44	
98	38	133	
99	60	128	
23	30	43	
41	61	31	
83	41	91	
59	35	75	
36	21	63	
44	23	25	
25	21	35	
89	149	157	
66	44	37	
33	48	21	
49	52	54	
49	43	54	
76	117	93	
74	86	77	
28	16	41	
99	36	139	
46	46	24	
46	7	52	
93	70	132	
67	114	26	
26	10	39	
19	22	17	
70	42	110	
22	18	30	
Distance matrix
0	41	56	43.5	98.5	87.5	74.5	30	4.5	36.5	42.5	39.5	77.5	44.5	43	36.5	13	44	90.5	72	32.5	59	42.5	90	30.5	3	55.5	67.5	88	19.5	68	100.5	37.5	58.5	63.5	33.5	18.5	49	79	40	75	52	58.5	96.5	44	62	71	41	75.5	66.5	62	88.5	48	38	64.5	39.5	53	43	65	48.5	38	58.5	41.5	59.5	10.5	52.5	19	52.5	13	39.5	61.5	68.5	72.5	68	42.5	25.5	64	69	33	54.5	24	11	55	50.5	28	21	40.5	75	33.5	29	63	29	59.5	59.5	64	11.5	34.5	74.5	55	39	32.5	71	6.5	40.5	93.5	28.5	61	42.5	59	69	50	70.5	77	69.5	36.5	86.5	22.5	84	63	24.5	43.5	48.5	18	72	24	33.5	22.5	25	43.5	19.5	32.5	84	71.5	33.5	34.5	76	26	47.5	62.5	68.5	87	24.5	78.5	77	65.5	50.5	39	90	38	39	29	
41	0	23	40.5	65.5	46.5	69.5	19	40.5	12.5	51.5	34.5	36.5	55.5	54	27.5	36	35	63.5	47	41.5	30	31.5	69	18.5	44	66.5	66.5	51	29.5	71	63.5	46.5	25.5	50.5	15.5	30.5	10	80	9	44	63	65.5	67.5	55	27	48	48	48.5	27.5	67	65.5	51	21	49.5	44.5	16	46	74	15.5	41	45.5	42.5	44.5	36.5	61.5	30	61.5	36	9.5	62.5	75.5	51.5	61	31.5	36.5	55	60	26	19.5	25	38	34	53.5	21	28	51.5	84	40.5	20	66	20	24.5	54.5	75	37.5	39.5	59.5	24	50	41.5	38	42.5	23.5	70.5	35.5	48	51.5	40	70	19	53.5	52	54.5	27.5	47.5	26.5	65	26	24.5	50.5	35.5	31	47	25	30.5	26.5	24	20.5	30.5	21.5	45	52.5	40.5	19.5	43	37	6.5	41.5	55.5	72	35.5	75.5	62	48.5	13.5	20	59	49	50	40	
56	23	0	25.5	50.5	31.5	54.5	34	55.5	27.5	36.5	24.5	21.5	40.5	39	27.5	51	12	48.5	32	31.5	15	21.5	54	33.5	59	51.5	51.5	36	44.5	56	48.5	31.5	10.5	35.5	30.5	45.5	15	65	24	29	48	50.5	52.5	40	12	33	33	33.5	12.5	52	50.5	36	26	34.5	29.5	11	31	59	15.5	18	30.5	27.5	29.5	51.5	46.5	45	46.5	51	24.5	47.5	60.5	36.5	46	21.5	36.5	40	45	31	9.5	40	53	19	38.5	36	43	36.5	69	30.5	35	51	35	9.5	39.5	60	52.5	29.5	44.5	1	35	31.5	23	57.5	23.5	55.5	35.5	33	36.5	25	55	14	38.5	37	39.5	27.5	32.5	41.5	50	11	39.5	35.5	20.5	46	32	40	30.5	41.5	39	20.5	40.5	31.5	30	37.5	30.5	29.5	28	32	16.5	26.5	40.5	57	35.5	60.5	47	33.5	13.5	25	44	34	35	35	
43.5	40.5	25.5	0	63	44	53	51.5	43	45	21	28	34	23	21.5	35	46.5	27.5	61	44.5	21	27.5	31	66.5	51	46.5	34	46	48.5	58	46.5	61	6	15	42	48	47	32.5	57.5	41.5	41.5	30.5	37	65	22.5	24.5	45.5	19.5	46	25	40.5	63	26.5	41.5	43	4	28.5	21.5	43.5	33	21.5	37	2	38	39	31	52.5	31	46.5	42	40	47	49	46.5	31	24	42.5	47.5	36.5	27	47.5	54.5	31.5	29	51.5	44.5	19	53.5	22	52.5	41.5	52.5	16	38	42.5	50	23	53	26.5	17.5	21	35.5	45	39	68	27	39.5	21	37.5	47.5	31.5	49	49.5	48	35	45	59	62.5	23.5	53	22	5	51.5	44.5	57.5	32	59	48.5	38	28	41	42.5	50	22	43	40.5	19.5	34	39	47	65.5	23	57	55.5	44	31	42.5	56.5	16.5	17.5	22.5	
98.5	65.5	50.5	63	0	19	32	76.5	98	70	64	67	29	58	61.5	70	93.5	62.5	16	34.5	74	47.5	64	16.5	76	101.5	49	39	18.5	87	38.5	2	69	48	43	73	88	57.5	27.5	66.5	31.5	50.5	48	2	62.5	44.5	35.5	65.5	31	40	44.5	18	58.5	68.5	42	67	53.5	63.5	41.5	58	68.5	48	65	47	94	54	87.5	54	93.5	67	45	38	34	38.5	64	79	42.5	37.5	73.5	52	82.5	95.5	51.5	56	78.5	85.5	64	31.5	73	77.5	43.5	77.5	47	47	42.5	95	72	32	51.5	67.5	74	35.5	100	66	5	78	45.5	64	47.5	37.5	56.5	36	29.5	37	70	20	84	22.5	43.5	82	63	58	88.5	34.5	82.5	73	84	81.5	63	83	74	22.5	35	73	72	30.5	74.5	59	44	38	19.5	78	28	29.5	41	56	67.5	16.5	66.5	67.5	77.5	
87.5	46.5	31.5	44	19	0	23	57.5	83	51	45	48	10	43	44.5	51	74.5	43.5	17	15.5	55	28.5	45	22.5	57	84.5	32	20	4.5	68	24.5	17	50	29	24	54	69	38.5	33.5	47.5	12.5	35.5	29	21	43.5	25.5	16.5	46.5	12	21	25.5	19	39.5	49.5	23	48	34.5	44.5	27.5	39	49.5	29	46	28	77	35	68.5	35	74.5	48	26	29	15	19.5	45	62	23.5	18.5	54.5	33	63.5	76.5	32.5	37	59.5	66.5	47	37.5	54	58.5	24.5	58.5	28	28	28.5	76	53	13	32.5	48.5	55	16.5	81	47	24	59	26.5	45	28.5	23.5	37.5	17	10.5	18	51	1	65	18.5	24.5	63	44	39	69.5	15.5	63.5	54	65	62.5	44	68	55	3.5	16	54	53	11.5	61.5	40	25	19	25.5	63	29	15.5	22	37	48.5	12.5	49.5	48.5	58.5	
74.5	69.5	54.5	53	32	23	0	80.5	74	74	42	59	33	34	37.5	66	77.5	58.5	30	38.5	52	51.5	62	35.5	80	77.5	25	27	22.5	89	22.5	30	47	52	43	77	78	61.5	28.5	70.5	35.5	26.5	28	34	38.5	48.5	39.5	45.5	35	44	26.5	32	42.5	72.5	44	49	57.5	47.5	19.5	62	52.5	48	51	49	70	32	83.5	32	77.5	71	31	6	38	32.5	62	55	38.5	33.5	67.5	56	78.5	85.5	55.5	40	82.5	75.5	40	24.5	53	81.5	27.5	81.5	51	39	18.5	81	54	34	55.5	43.5	52	39.5	76	70	37	58	45.5	42	51.5	23.5	60.5	40	33.5	39	66	24	88	31.5	47.5	84	43	58	82.5	38.5	86.5	63	88	79.5	67	59	72	26.5	39	53	74	34.5	50.5	63	48	38	36.5	54	28	31.5	45	60	71.5	25.5	42.5	43.5	53.5	
30	19	34	51.5	76.5	57.5	80.5	0	29.5	18.5	52.5	45.5	47.5	54.5	53	38.5	33	46	74.5	58	42.5	41	42.5	80	19.5	33	65.5	77.5	62	30.5	78	74.5	47.5	36.5	61.5	16.5	31.5	21	89	10	55	62	68.5	78.5	54	38	59	51	59.5	38.5	72	76.5	58	32	60.5	49.5	27	53	75	26.5	48	56.5	51.5	55.5	25.5	62.5	31	62.5	33	15.5	71.5	78.5	62.5	72	42.5	35.5	66	71	37	30.5	6	39	45	60.5	2	9	50.5	85	43.5	21	73	1	35.5	65.5	74	36.5	44.5	70.5	35	49	42.5	49	31.5	34.5	81.5	38.5	59	52.5	51	79	30	64.5	63	65.5	38.5	58.5	27.5	76	37	25.5	53.5	46.5	32	58	26	41.5	27.5	5	31.5	29.5	32.5	56	63.5	43.5	30.5	54	36	17.5	52.5	66.5	83	34.5	86.5	73	59.5	24.5	31	70	48	49	39	
4.5	40.5	55.5	43	98	83	74	29.5	0	36	42	39	73	44	42.5	36	12.5	43.5	90	71.5	32	58.5	42	89.5	30	7.5	55	67	87.5	15	67.5	100	37	58	63	33	18	46.5	78.5	35.5	74.5	51.5	58	96	43.5	61.5	70.5	40.5	75	64	61.5	88	47.5	37.5	64	39	52.5	42.5	64.5	48	37.5	58	41	59	10	52	18.5	52	12.5	39	61	68	72	67.5	42	25	63.5	68.5	32.5	54	23.5	15.5	54.5	50	27.5	20.5	40	74.5	33	28.5	62.5	28.5	59	59	63.5	7	34	74	54.5	38.5	32	70.5	2	40	93	28	60.5	42	58.5	68.5	49.5	70	76.5	69	36	84	18	83.5	62.5	24	43	48	17.5	71.5	23.5	33	18	24.5	43	19	32	81.5	71	33	34	75.5	25.5	43	62	68	86.5	24	78	76.5	65	50	38.5	89.5	37.5	38.5	28.5	
36.5	12.5	27.5	45	70	51	74	18.5	36	0	54	39	41	56	54.5	32	35.5	39.5	68	51.5	44	34.5	36	73.5	18	39.5	67	71	55.5	29	75.5	68	49	30	55	15	30	14.5	84.5	8.5	48.5	63.5	70	72	55.5	31.5	52.5	52.5	53	32	71.5	70	55.5	25.5	54	49	20.5	50.5	76.5	20	45.5	50	47	49	32	64	29.5	64	35.5	3	67	80	56	65.5	36	37	59.5	64.5	30.5	24	24.5	37.5	38.5	58	20.5	27.5	52	86.5	45	19.5	70.5	19.5	29	59	75.5	37	44	64	28.5	50.5	44	42.5	38	28	75	40	52.5	54	44.5	74.5	23.5	58	56.5	59	32	52	26	69.5	30.5	24	55	40	30.5	51.5	24.5	35	26	23.5	25	31	26	49.5	57	45	24	47.5	37.5	11	46	60	76.5	36	80	66.5	53	18	24.5	63.5	49.5	50.5	40.5	
42.5	51.5	36.5	21	64	45	42	52.5	42	54	0	27	35	12	10.5	34	45.5	26.5	58	39.5	20	31.5	30	57.5	58	45.5	23	35	49.5	57	35.5	62	15	34	31	59	46	43.5	46.5	52.5	42.5	19.5	26	64	11.5	30.5	38.5	13.5	43	24	29.5	56	15.5	40.5	32	17	39.5	15.5	32.5	44	20.5	26	19	27	38	20	51.5	20	45.5	53	29	36	40	35.5	30	23	31.5	36.5	35.5	38	46.5	53.5	27.5	18	50.5	43.5	2	42.5	21	61.5	30.5	51.5	33	27	31.5	49	22	42	37.5	11.5	20	36.5	44	38	61	26	28.5	0	26.5	36.5	42.5	38	44.5	37	34	46	60	51.5	29.5	52	1	26	50.5	39.5	56.5	31	60	47.5	41	27	40	43.5	39	21	42	41.5	18.5	45	30	36	54.5	22	46	44.5	33	42	41.5	57.5	10.5	11.5	21.5	
39.5	34.5	24.5	28	67	48	59	45.5	39	39	27	0	38	29	27.5	31	42.5	28.5	65	48.5	7	31.5	3	70.5	45	42.5	40	52	52.5	54	52.5	65	22	27	48	42	43	26.5	63.5	35.5	45.5	36.5	43	69	28.5	28.5	49.5	25.5	50	29	46.5	67	32.5	37.5	49	24	22.5	27.5	49.5	27	22.5	43	26	44	35	37	48.5	37	42.5	36	46	53	53	52.5	3	20	48.5	53.5	32.5	15	43.5	50.5	35.5	35	47.5	40.5	25	59.5	6	46.5	47.5	46.5	26	44	48.5	46	5	59	25.5	23.5	7	39.5	41	35	72	23	45.5	27	41.5	53.5	25.5	55	53.5	54	31	49	53	66.5	27.5	49	28	33	47.5	48.5	51.5	28	53	44.5	32	24	37	46.5	54	6	39	44.5	15.5	28	43	53	71.5	19	63	61.5	50	25	36.5	60.5	22.5	23.5	18.5	
77.5	36.5	21.5	34	29	10	33	47.5	73	41	35	38	0	33	34.5	41	64.5	33.5	27	10.5	45	18.5	35	32.5	47	74.5	32	30	14.5	58	34.5	27	40	19	14	44	59	28.5	43.5	37.5	7.5	30.5	29	31	33.5	15.5	11.5	36.5	12	11	30.5	29	29.5	39.5	13	38	24.5	34.5	37.5	29	39.5	19	36	18	67	25	58.5	25	64.5	38	26	39	15	24.5	35	52	18.5	23.5	44.5	23	53.5	66.5	22.5	27	49.5	56.5	37	47.5	44	48.5	29.5	48.5	18	18	38.5	66	43	23	22.5	38.5	45	6.5	71	37	34	49	16.5	35	18.5	33.5	27.5	17	15.5	18	41	11	55	28.5	14.5	53	34	29	59.5	10.5	53.5	44	55	52.5	34	58	45	8.5	16	44	43	6.5	51.5	30	15	19	35.5	53	39	25.5	12	27	38.5	22.5	39.5	38.5	48.5	
44.5	55.5	40.5	23	58	43	34	54.5	44	56	12	29	33	0	7.5	36	47.5	28.5	50	31.5	22	33.5	32	49.5	60	47.5	15	27	47.5	59	27.5	60	17	38	23	63	48	51.5	38.5	60.5	34.5	11.5	18	56	8.5	36.5	30.5	15.5	35	34	21.5	48	12.5	42.5	24	19	47.5	17.5	24.5	48	22.5	14	21	15	40	12	53.5	12	47.5	59	21	28	32	27.5	32	25	23.5	28.5	37.5	44	48.5	55.5	29.5	6	52.5	45.5	10	34.5	23	63.5	22.5	53.5	39	19	23.5	51	24	34	39.5	13.5	22	30.5	46	40	53	28	20.5	12	23.5	28.5	44.5	30	36.5	29	36	44	62	43.5	37.5	54	13	28	52.5	31.5	58.5	33	62	49.5	43	29	42	41.5	31	23	44	35.5	20.5	53	18	28	46.5	24	38	36.5	25	50	43.5	49.5	12.5	13.5	23.5	
43	54	39	21.5	61.5	44.5	37.5	53	42.5	54.5	10.5	27.5	34.5	7.5	0	34.5	46	27	53.5	35	20.5	32	30.5	53	58.5	46	18.5	30.5	49	57.5	31	61.5	15.5	36.5	26.5	61.5	46.5	48	42	57	38	15	21.5	59.5	1	35	34	14	38.5	30.5	25	51.5	5	41	27.5	17.5	44	16	28	46.5	21	21.5	19.5	22.5	38.5	15.5	52	15.5	46	57.5	24.5	31.5	35.5	31	30.5	23.5	27	32	36	42.5	47	54	28	13.5	51	44	8.5	38	21.5	62	26	52	37.5	22.5	27	49.5	22.5	37.5	38	12	20.5	34	44.5	38.5	56.5	26.5	24	10.5	16	32	43	33.5	40	32.5	34.5	45.5	60.5	47	34	52.5	11.5	26.5	51	35	57	31.5	60.5	48	41.5	27.5	40.5	43	34.5	21.5	42.5	39	19	49.5	25.5	31.5	50	22.5	41.5	40	28.5	46.5	42	53	11	12	22	
36.5	27.5	27.5	35	70	51	66	38.5	36	32	34	31	41	36	34.5	0	39.5	35.5	68	51.5	24	34.5	34	73.5	38	39.5	47	59	55.5	49	59.5	68	29	30	55	35	40	19.5	70.5	28.5	48.5	43.5	50	72	35.5	31.5	52.5	32.5	53	32	53.5	70	39.5	30.5	54	31	20.5	34.5	56.5	12	29.5	50	33	49	32	44	45.5	44	39.5	29	53	60	56	59.5	34	11	55.5	60.5	29.5	24	40.5	47.5	38.5	42	40.5	37.5	32	66.5	25	39.5	54.5	39.5	29	51	55.5	43	26	64	28.5	30.5	24	42.5	38	4	75	8	52.5	34	44.5	60.5	23.5	58	56.5	59	0	52	46	69.5	30.5	44	35	40	44.5	51.5	44.5	3	46	41.5	7	21	34	49.5	57	25	34	47.5	17.5	21	46	60	76.5	12	70	66.5	53	14	29.5	63.5	29.5	30.5	20.5	
13	36	51	46.5	93.5	74.5	77.5	33	12.5	35.5	45.5	42.5	64.5	47.5	46	39.5	0	47	91.5	75	35.5	58	45.5	93	31.5	16	58.5	70.5	79	27.5	71	91.5	40.5	53.5	66.5	28.5	21.5	38	82	27	72	55	61.5	95.5	47	55	74	44	76.5	55.5	65	91.5	51	41	67.5	42.5	44	46	68	43.5	41	61.5	44.5	62.5	13.5	55.5	6	55.5	0	32.5	64.5	71.5	75.5	71	45.5	28.5	67	72	36	47.5	27	24	58	53.5	31	24	43.5	78	36.5	16	66	32	52.5	62.5	67	19.5	37.5	77.5	52	42	35.5	66	14.5	43.5	96.5	31.5	64	45.5	62	72	47	73.5	80	72.5	39.5	75.5	30.5	87	54	27.5	46.5	51.5	5	75	11	36.5	30.5	28	46.5	22.5	35.5	73	74.5	36.5	37.5	71	29	34.5	65.5	71.5	90	27.5	81.5	80	68.5	41.5	42	87	41	42	32	
44	35	12	27.5	62.5	43.5	58.5	46	43.5	39.5	26.5	28.5	33.5	28.5	27	35.5	47	0	60.5	44	21.5	27	31.5	66	45.5	47	39.5	51.5	48	56.5	52	60.5	21.5	22.5	47.5	42.5	47.5	27	63	36	41	36	42.5	64.5	28	24	45	25	45.5	24.5	46	62.5	32	38	46.5	23.5	23	27	49	27.5	6	42.5	25.5	41.5	39.5	36.5	53	36.5	47	36.5	45.5	52.5	48.5	52	31.5	24.5	48	53	37	21.5	48	55	31	34.5	48	45	24.5	59	22.5	47	47	47	21.5	43.5	48	50.5	23.5	56.5	11	23	21.5	35	45.5	35.5	67.5	27.5	45	26.5	37	53	26	50.5	49	51.5	35.5	44.5	53.5	62	23	51.5	27.5	32.5	52	44	52	32.5	53.5	49	32.5	28.5	41.5	42	49.5	22.5	41.5	40	20	28.5	38.5	52.5	69	23.5	62.5	59	45.5	25.5	37	56	22	23	23	
90.5	63.5	48.5	61	16	17	30	74.5	90	68	58	65	27	50	53.5	68	91.5	60.5	0	32.5	68	45.5	62	19.5	74	93.5	41	37	16.5	85	36.5	14	63	46	41	71	86	55.5	30.5	64.5	29.5	42.5	44	18	54.5	42.5	33.5	61.5	29	38	42.5	2	56.5	66.5	40	65	51.5	61.5	35.5	56	66.5	46	63	45	86	48	85.5	48	91.5	65	43	34	32	36.5	62	71	40.5	35.5	71.5	50	80.5	93.5	49.5	54	76.5	83.5	56	30.5	69	75.5	41.5	75.5	45	45	34.5	93	70	30	49.5	59.5	68	33.5	92	64	21	74	43.5	58	45.5	35.5	54.5	34	27.5	35	68	18	82	20.5	41.5	80	59	56	86.5	32.5	80.5	71	82	79.5	61	75	72	20.5	33	69	70	28.5	66.5	57	42	36	22.5	70	12	27.5	39	54	65.5	14.5	58.5	59.5	69.5	
72	47	32	44.5	34.5	15.5	38.5	58	71.5	51.5	39.5	48.5	10.5	31.5	35	51.5	75	44	32.5	0	49.5	29	45.5	38	57.5	75	27.5	35.5	20	68.5	40	32.5	44.5	29.5	24.5	54.5	69.5	39	49	48	3	20	30.5	36.5	36	26	1	43	17.5	21.5	34	34.5	40	50	23.5	46.5	35	45	37	39.5	50	29.5	46.5	28.5	67.5	29.5	69	29.5	75	48.5	31.5	40.5	20.5	30	45.5	52.5	8	29	55	33.5	64	77	33	37.5	60	67	37.5	47	50.5	59	35	59	28.5	28.5	36	76.5	51.5	28.5	33	41	49.5	17	73.5	47.5	39.5	55.5	27	39.5	29	39	38	22.5	21	23.5	51.5	16.5	65.5	34	25	63.5	40.5	39.5	70	0	64	54.5	65.5	63	44.5	56.5	55.5	14	21.5	50.5	53.5	4	48	40.5	25.5	24.5	41	51.5	44.5	31	22.5	37.5	49	28	40	41	51	
32.5	41.5	31.5	21	74	55	52	42.5	32	44	20	7	45	22	20.5	24	35.5	21.5	68	49.5	0	36.5	10	67.5	48	35.5	33	45	59.5	47	45.5	72	15	34	41	49	36	33.5	56.5	42.5	52.5	29.5	36	74	21.5	35.5	48.5	18.5	53	36	39.5	66	25.5	30.5	42	17	29.5	20.5	42.5	34	15.5	36	19	37	28	30	41.5	30	35.5	43	39	46	50	45.5	10	13	41.5	46.5	25.5	22	36.5	43.5	32.5	28	40.5	33.5	18	52.5	1	51.5	40.5	41.5	33	37	41.5	39	2	52	32.5	16.5	0	46.5	34	28	71	16	38.5	20	36.5	46.5	32.5	48	54.5	47	24	56	50	61.5	34.5	42	21	26	40.5	49.5	46.5	21	50	37.5	31	17	30	53.5	49	1	32	51.5	8.5	35	40	46	64.5	12	56	54.5	43	32	31.5	67.5	15.5	16.5	11.5	
59	30	15	27.5	47.5	28.5	51.5	41	58.5	34.5	31.5	31.5	18.5	33.5	32	34.5	58	27	45.5	29	36.5	0	28.5	51	40.5	62	44.5	48.5	33	51.5	53	45.5	31.5	12.5	32.5	37.5	52.5	22	62	31	26	41	47.5	49.5	33	3	30	18	30.5	9.5	49	47.5	33	33	31.5	31.5	18	16	54	22.5	33	27.5	29.5	26.5	54.5	41.5	52	41.5	58	31.5	44.5	57.5	33.5	43	28.5	39.5	37	42	38	16.5	47	60	4	35.5	43	50	29.5	64	37.5	42	48	42	11.5	36.5	53	59.5	36.5	41.5	16	20	36.5	20	60.5	30.5	52.5	42.5	30	31.5	22	52	21	35.5	34	36.5	34.5	29.5	48.5	47	4	46.5	32.5	22.5	53	29	47	37.5	48.5	46	27.5	43.5	38.5	27	34.5	37.5	36.5	25	35	23.5	23.5	37.5	54	38.5	57.5	44	30.5	20.5	32	41	21	20	38	
42.5	31.5	21.5	31	64	45	62	42.5	42	36	30	3	35	32	30.5	34	45.5	31.5	62	45.5	10	28.5	0	67.5	42	45.5	43	55	49.5	53	55.5	62	25	24	49	39	46	23.5	66.5	32.5	42.5	39.5	46	66	31.5	25.5	46.5	28.5	47	26	49.5	64	35.5	34.5	48	27	19.5	30.5	52.5	24	25.5	44	29	43	38	40	51.5	40	45.5	33	49	56	50	55.5	0	23	51.5	56.5	35.5	12	46.5	53.5	32.5	38	44.5	43.5	28	62.5	9	43.5	50.5	43.5	23	47	51.5	49	8	58	22.5	26.5	10	36.5	44	32	69	26	46.5	30	38.5	56.5	22.5	52	50.5	53	34	46	50	63.5	24.5	48	31	34	50.5	45.5	48.5	31	50	47.5	29	27	40	43.5	51	9	38	41.5	18.5	25	40	54	70.5	22	66	60.5	47	22	33.5	57.5	25.5	26.5	21.5	
90	69	54	66.5	16.5	22.5	35.5	80	89.5	73.5	57.5	70.5	32.5	49.5	53	73.5	93	66	19.5	38	67.5	51	67.5	0	79.5	93	40.5	42.5	22	90.5	38	14.5	62.5	51.5	46.5	76.5	91.5	61	11	70	35	42	43.5	18.5	54	48	39	61	34.5	43.5	42	21.5	58	72	45.5	64.5	57	63	35	61.5	68	51.5	66.5	50.5	85.5	47.5	91	47.5	93	70.5	46.5	33.5	37.5	42	67.5	70.5	46	41	77	55.5	86	99	55	55.5	82	89	55.5	15	68.5	81	43	81	50.5	50.5	34	96.5	69.5	35.5	55	59	67.5	39	91.5	69.5	21.5	73.5	49	57.5	51	39	60	39.5	33	40.5	73.5	23.5	87.5	26	47	85.5	58.5	61.5	92	38	86	76.5	87.5	85	66.5	74.5	77.5	26	38.5	68.5	75.5	34	66	62.5	47.5	41.5	3	69.5	31.5	33	44.5	59.5	71	20	58	59	69	
30.5	18.5	33.5	51	76	57	80	19.5	30	18	58	45	47	60	58.5	38	31.5	45.5	74	57.5	48	40.5	42	79.5	0	33.5	71	77	61.5	25	81.5	74	53	36	61	3	12	20.5	90.5	9.5	54.5	67.5	74	78	59.5	37.5	58.5	56.5	59	38	77.5	76	61.5	31.5	60	55	26.5	56.5	80.5	26	51.5	56	53	55	20	68	25.5	68	31.5	15	73	84	62	71.5	42	41	65.5	70.5	36.5	30	25.5	33.5	44.5	64	21.5	28.5	56	90.5	49	15.5	76.5	20.5	35	65	79.5	33	50	70	34.5	54.5	48	48.5	32	34	81	44	58.5	58	50.5	80.5	29.5	64	62.5	65	38	58	22	75.5	36.5	6	59	46	26.5	57.5	20.5	41	22	24.5	31	35	32	55.5	63	49	30	53.5	41.5	17	52	66	82.5	40	86	72.5	59	24	30.5	69.5	53.5	54.5	44.5	
3	44	59	46.5	101.5	84.5	77.5	33	7.5	39.5	45.5	42.5	74.5	47.5	46	39.5	16	47	93.5	75	35.5	62	45.5	93	33.5	0	58.5	70.5	89	22.5	71	101.5	40.5	61.5	66.5	36.5	21.5	48	82	37	78	55	61.5	99.5	47	65	74	44	78.5	65.5	65	91.5	51	41	67.5	42.5	54	46	68	51.5	41	61.5	44.5	62.5	13.5	55.5	22	55.5	16	42.5	64.5	71.5	75.5	71	45.5	28.5	67	72	36	57.5	27	8	58	53.5	31	24	43.5	78	36.5	32	66	32	62.5	62.5	67	14.5	37.5	77.5	58	42	35.5	74	9.5	43.5	96.5	31.5	64	45.5	62	72	53	73.5	80	72.5	39.5	85.5	25.5	87	64	27.5	46.5	51.5	21	75	27	36.5	25.5	28	46.5	22.5	35.5	83	74.5	36.5	37.5	79	29	44.5	65.5	71.5	90	27.5	81.5	80	68.5	51.5	42	93	41	42	32	
55.5	66.5	51.5	34	49	32	25	65.5	55	67	23	40	32	15	18.5	47	58.5	39.5	41	27.5	33	44.5	43	40.5	71	58.5	0	18	36.5	70	18.5	49	28	49	24	74	59	60.5	29.5	69.5	30.5	7.5	3	47	19.5	47.5	26.5	26.5	20	43	12.5	39	23.5	53.5	25	30	56.5	28.5	15.5	59	33.5	29	32	30	51	13	64.5	13	58.5	70	6	19	17	18.5	43	36	19.5	19.5	48.5	55	59.5	66.5	40.5	21	63.5	56.5	21	25.5	34	74.5	13.5	64.5	50	20	14.5	62	35	25	50.5	24.5	33	36.5	57	51	44	39	26.5	23	34.5	19.5	55.5	15	27.5	14	47	33	73	34.5	46.5	65	24	39	63.5	27.5	69.5	44	73	60.5	54	40	53	30.5	16	34	55	31.5	31.5	62	33	13	37.5	35	29	27.5	26	59	54.5	40.5	23.5	24.5	34.5	
67.5	66.5	51.5	46	39	20	27	77.5	67	71	35	52	30	27	30.5	59	70.5	51.5	37	35.5	45	48.5	55	42.5	77	70.5	18	0	24.5	82	20.5	37	40	49	36	74	71	58.5	31.5	67.5	32.5	19.5	21	41	31.5	45.5	36.5	38.5	32	41	19.5	39	35.5	65.5	37	42	54.5	40.5	17.5	59	45.5	41	44	42	63	25	76.5	25	70.5	68	24	21	35	25.5	55	48	31.5	26.5	60.5	53	71.5	78.5	52.5	33	75.5	68.5	33	27.5	46	78.5	20.5	76.5	48	32	16.5	74	47	7	52.5	36.5	45	36.5	69	63	44	51	38.5	35	46.5	21.5	57.5	33	30.5	32	59	19	85	36.5	44.5	77	36	51	75.5	35.5	81.5	56	85	72.5	64	52	65	23.5	34	46	67	31.5	43.5	60	45	31	39.5	47	31	29.5	38	57	66.5	32.5	35.5	36.5	46.5	
88	51	36	48.5	18.5	4.5	22.5	62	87.5	55.5	49.5	52.5	14.5	47.5	49	55.5	79	48	16.5	20	59.5	33	49.5	22	61.5	89	36.5	24.5	0	72.5	20	16.5	54.5	33.5	28.5	58.5	73.5	43	33	52	17	40	33.5	20.5	48	30	21	51	16.5	25.5	30	18.5	44	54	27.5	52.5	39	49	23	43.5	54	33.5	50.5	32.5	81.5	39.5	73	39.5	79	52.5	30.5	28.5	19.5	24	49.5	66.5	28	23	59	37.5	68	81	37	41.5	64	71	51.5	37	58.5	63	29	63	32.5	32.5	24	80.5	57.5	17.5	37	53	59.5	21	85.5	51.5	23.5	63.5	31	49.5	33	19	42	21.5	15	22.5	55.5	5.5	69.5	18	29	67.5	48.5	43.5	74	20	68	58.5	69.5	67	48.5	72.5	59.5	8	20.5	58.5	57.5	16	64	44.5	29.5	23.5	25	67.5	28.5	11	26.5	41.5	53	12	54	53	63	
19.5	29.5	44.5	58	87	68	89	30.5	15	29	57	54	58	59	57.5	49	27.5	56.5	85	68.5	47	51.5	53	90.5	25	22.5	70	82	72.5	0	82.5	85	52	47	72	22	33	31.5	93.5	20.5	65.5	66.5	73	89	58.5	48.5	69.5	55.5	70	49	76.5	87	62.5	42.5	71	54	37.5	57.5	79.5	37	52.5	67	56	66	25	67	31.5	67	27.5	26	76	83	73	82.5	53	40	76.5	81.5	47.5	41	36.5	30.5	55.5	65	32.5	35.5	55	89.5	48	21.5	77.5	31.5	46	74	78.5	8	49	81	45.5	53.5	47	59.5	13	45	92	43	69.5	57	61.5	83.5	40.5	75	73.5	76	49	69	3	86.5	47.5	31	58	57	32.5	68.5	26.5	48	3	35.5	42	34	43	66.5	74	48	41	64.5	40.5	28	63	77	93.5	39	93	83.5	70	35	41.5	80.5	52.5	53.5	43.5	
68	71	56	46.5	38.5	24.5	22.5	78	67.5	75.5	35.5	52.5	34.5	27.5	31	59.5	71	52	36.5	40	45.5	53	55.5	38	81.5	71	18.5	20.5	20	82.5	0	36.5	40.5	53.5	36.5	78.5	71.5	63	27	72	37	20	21.5	40.5	32	50	39	39	36.5	45.5	20	36.5	36	66	37.5	42.5	59	41	3	63.5	46	41.5	44.5	42.5	63.5	25.5	77	25.5	71	72.5	24.5	16.5	35.5	26	55.5	48.5	32	27	61	57.5	72	79	53	33.5	76	69	33.5	23	46.5	83	21	77	52.5	32.5	4	74.5	47.5	27.5	57	37	45.5	41	69.5	63.5	41.5	51.5	39	35.5	47	1	62	33.5	35	32.5	59.5	25.5	85.5	32	49	77.5	36.5	51.5	76	40	82	56.5	85.5	73	66.5	52.5	65.5	28	34.5	46.5	67.5	36	44	64.5	45.5	31.5	35	47.5	26.5	9	38.5	61.5	67	32	36	37	47	
100.5	63.5	48.5	61	2	17	30	74.5	100	68	62	65	27	60	61.5	68	91.5	60.5	14	32.5	72	45.5	62	14.5	74	101.5	49	37	16.5	85	36.5	0	67	46	41	71	86	55.5	25.5	64.5	29.5	52.5	46	4	60.5	42.5	33.5	63.5	29	38	42.5	16	56.5	66.5	40	65	51.5	61.5	39.5	56	66.5	46	63	45	94	52	85.5	52	91.5	65	43	36	32	36.5	62	79	40.5	35.5	71.5	50	80.5	93.5	49.5	54	76.5	83.5	64	29.5	71	75.5	41.5	75.5	45	45	40.5	93	70	30	49.5	65.5	72	33.5	98	64	7	76	43.5	62	45.5	35.5	54.5	34	27.5	35	68	18	82	20.5	41.5	80	61	56	86.5	32.5	80.5	71	82	79.5	61	85	72	20.5	33	71	70	28.5	76.5	57	42	36	17.5	80	26	27.5	39	54	65.5	14.5	66.5	65.5	75.5	
37.5	46.5	31.5	6	69	50	47	47.5	37	49	15	22	40	17	15.5	29	40.5	21.5	63	44.5	15	31.5	25	62.5	53	40.5	28	40	54.5	52	40.5	67	0	21	36	54	41	38.5	51.5	47.5	47.5	24.5	31	69	16.5	30.5	43.5	13.5	48	31	34.5	61	20.5	35.5	37	2	34.5	15.5	37.5	39	15.5	31	4	32	33	25	46.5	25	40.5	48	34	41	45	40.5	25	18	36.5	41.5	30.5	33	41.5	48.5	27.5	23	45.5	38.5	13	47.5	16	56.5	35.5	46.5	22	32	36.5	44	17	47	32.5	11.5	15	41.5	39	33	66	21	33.5	15	31.5	41.5	37.5	43	49.5	42	29	51	55	56.5	29.5	47	16	11	45.5	44.5	51.5	26	55	42.5	36	22	35	48.5	44	16	37	46.5	13.5	40	35	41	59.5	17	51	49.5	38	37	36.5	62.5	10.5	11.5	16.5	
58.5	25.5	10.5	15	48	29	52	36.5	58	30	34	27	19	38	36.5	30	53.5	22.5	46	29.5	34	12.5	24	51.5	36	61.5	49	49	33.5	47	53.5	46	21	0	33	33	48	17.5	62.5	26.5	26.5	45.5	48	50	37.5	9.5	30.5	30.5	31	10	49.5	48	33.5	28.5	32	19	13.5	28.5	56.5	18	28.5	28	17	27	54	44	47.5	44	53.5	27	45	58	34	43.5	24	39	37.5	42.5	33.5	12	42.5	55.5	16.5	36	38.5	45.5	34	66.5	33	37.5	48.5	37.5	1	37	57.5	55	32	42	11.5	32.5	34	20.5	60	26	53	38	30.5	34	22.5	52.5	16.5	36	34.5	37	30	30	44	47.5	8.5	42	33	10	48.5	29.5	42.5	33	44	41.5	23	43	34	27.5	35	33	32	25.5	34.5	19	24	38	54.5	38	58	44.5	31	16	27.5	41.5	31.5	32.5	37.5	
63.5	50.5	35.5	42	43	24	43	61.5	63	55	31	48	14	23	26.5	55	66.5	47.5	41	24.5	41	32.5	49	46.5	61	66.5	24	36	28.5	72	36.5	41	36	33	0	58	67	42.5	47.5	51.5	21.5	20.5	27	45	27.5	29.5	25.5	34.5	26	25	30.5	43	31.5	53.5	1	38	38.5	36.5	33.5	43	41.5	33	40	32	59	11	72.5	11	66.5	52	30	37	29	36.5	49	44	32.5	37.5	56.5	37	67.5	74.5	36.5	29	63.5	64.5	29	43.5	42	62.5	31.5	62.5	32	4	32.5	70	43	37	36.5	32.5	41	20.5	65	51	48	47	30.5	31	32.5	37.5	41.5	31	29.5	32	55	25	69	42.5	28.5	67	32	43	71.5	24.5	67.5	52	69	66.5	48	48	59	22.5	30	42	57	20.5	39.5	44	29	33	49.5	43	47	39.5	2	41	52.5	36.5	31.5	32.5	42.5	
33.5	15.5	30.5	48	73	54	77	16.5	33	15	59	42	44	63	61.5	35	28.5	42.5	71	54.5	49	37.5	39	76.5	3	36.5	74	74	58.5	22	78.5	71	54	33	58	0	15	17.5	87.5	6.5	51.5	70.5	73	75	62.5	34.5	55.5	55.5	56	35	74.5	73	58.5	28.5	57	52	23.5	53.5	81.5	23	48.5	53	50	52	23	69	22.5	69	28.5	12	70	83	59	68.5	39	44	62.5	67.5	33.5	27	22.5	30.5	41.5	61	18.5	25.5	59	91.5	48	12.5	73.5	17.5	32	62	82.5	30	47	67	31.5	57.5	49	45.5	35	31	78	43	55.5	59	47.5	77.5	26.5	61	59.5	62	35	55	19	72.5	33.5	9	58	43	23.5	54.5	17.5	38	19	21.5	28	38	29	52.5	60	48	27	50.5	44.5	14	49	63	79.5	43	83	69.5	56	21	27.5	66.5	56.5	57.5	47.5	
18.5	30.5	45.5	47	88	69	78	31.5	18	30	46	43	59	48	46.5	40	21.5	47.5	86	69.5	36	52.5	46	91.5	12	21.5	59	71	73.5	33	71.5	86	41	48	67	15	0	32.5	82.5	21.5	66.5	55.5	62	90	47.5	49.5	70.5	44.5	71	50	65.5	88	51.5	41.5	68	43	38.5	46.5	68.5	38	41.5	62	45	63	8	56	27.5	56	21.5	27	65	72	74	71.5	46	29	67.5	72.5	36.5	42	27.5	29.5	56.5	54	31.5	24.5	44	78.5	37	27.5	66.5	32.5	47	63	67.5	25	38	78	46.5	42.5	36	60.5	20	44	93	32	64.5	46	62.5	72.5	41.5	74	74.5	73	40	70	34	87.5	48.5	6	47	52	26.5	69.5	32.5	37	34	28.5	43	23	36	67.5	75	37	38	65.5	29.5	29	64	72	90.5	28	82	80.5	69	36	42.5	81.5	41.5	42.5	32.5	
49	10	15	32.5	57.5	38.5	61.5	21	46.5	14.5	43.5	26.5	28.5	51.5	48	19.5	38	27	55.5	39	33.5	22	23.5	61	20.5	48	60.5	58.5	43	31.5	63	55.5	38.5	17.5	42.5	17.5	32.5	0	72	11	36	59	57.5	59.5	47	19	40	40	40.5	19.5	59	57.5	43	11	41.5	36.5	8	38	66	7.5	33	37.5	34.5	36.5	40.5	53.5	32	53.5	38	11.5	54.5	67.5	43.5	53	23.5	30.5	47	52	16	11.5	27	40	26	45.5	23	30	45.5	76	32.5	22	58	22	16.5	46.5	67	39.5	31.5	51.5	16	42	33.5	30	44.5	15.5	62.5	27.5	40	43.5	32	62	11	45.5	44	46.5	19.5	39.5	28.5	57	18	26.5	42.5	27.5	33	39	27	22.5	28.5	26	12.5	31.5	18.5	37	44.5	32.5	16.5	35	35	3.5	33.5	47.5	64	31.5	67.5	54	40.5	5.5	10	51	43	42	32	
79	80	65	57.5	27.5	33.5	28.5	89	78.5	84.5	46.5	63.5	43.5	38.5	42	70.5	82	63	30.5	49	56.5	62	66.5	11	90.5	82	29.5	31.5	33	93.5	27	25.5	51.5	62.5	47.5	87.5	82.5	72	0	81	46	31	32.5	29.5	43	59	50	50	45.5	54.5	31	32.5	47	77	48.5	53.5	68	52	24	72.5	57	52.5	55.5	53.5	74.5	36.5	88	36.5	82	81.5	35.5	22.5	46.5	37	66.5	59.5	43	38	72	66.5	83	90	64	44.5	87	80	44.5	4	57.5	92	32	88	61.5	43.5	23	85.5	58.5	38.5	66	48	56.5	50	80.5	74.5	32.5	62.5	50	46.5	58	28	71	44.5	44	43.5	70.5	34.5	96.5	33	58	88.5	47.5	62.5	87	49	93	67.5	96.5	84	77.5	63.5	76.5	37	45.5	57.5	78.5	45	55	73.5	56.5	42.5	8	58.5	22.5	36	49.5	70.5	78	31	47	48	58	
40	9	24	41.5	66.5	47.5	70.5	10	35.5	8.5	52.5	35.5	37.5	60.5	57	28.5	27	36	64.5	48	42.5	31	32.5	70	9.5	37	69.5	67.5	52	20.5	72	64.5	47.5	26.5	51.5	6.5	21.5	11	81	0	45	68	66.5	68.5	56	28	49	49	49.5	28.5	68	66.5	52	22	50.5	45.5	17	47	75	16.5	42	46.5	43.5	45.5	29.5	62.5	21	62.5	27	5.5	63.5	76.5	52.5	62	32.5	39.5	56	61	27	20.5	16	29	35	54.5	12	19	54.5	85	41.5	11	67	11	25.5	55.5	76	28.5	40.5	60.5	25	51	42.5	39	33.5	24.5	71.5	36.5	49	52.5	41	71	20	54.5	53	55.5	28.5	48.5	17.5	66	27	15.5	51.5	36.5	22	48	16	31.5	17.5	15	21.5	35.5	22.5	46	53.5	41.5	20.5	44	44	7.5	42.5	56.5	73	40.5	76.5	63	49.5	14.5	21	60	52	51	41	
75	44	29	41.5	31.5	12.5	35.5	55	74.5	48.5	42.5	45.5	7.5	34.5	38	48.5	72	41	29.5	3	52.5	26	42.5	35	54.5	78	30.5	32.5	17	65.5	37	29.5	47.5	26.5	21.5	51.5	66.5	36	46	45	0	23	31.5	33.5	39	23	4	44	14.5	18.5	33	31.5	37	47	20.5	45.5	32	42	40	36.5	47	26.5	43.5	25.5	70.5	32.5	66	32.5	72	45.5	28.5	41.5	17.5	27	42.5	55.5	11	26	52	30.5	61	74	30	34.5	57	64	40.5	50	51.5	56	32	56	25.5	25.5	39	73.5	50.5	25.5	30	44	52.5	14	76.5	44.5	36.5	56.5	24	42.5	26	36	35	19.5	18	20.5	48.5	13.5	62.5	31	22	60.5	41.5	36.5	67	3	61	51.5	62.5	60	41.5	59.5	52.5	11	18.5	51.5	50.5	1	51	37.5	22.5	21.5	38	54.5	41.5	28	19.5	34.5	46	25	43	44	54	
52	63	48	30.5	50.5	35.5	26.5	62	51.5	63.5	19.5	36.5	30.5	11.5	15	43.5	55	36	42.5	20	29.5	41	39.5	42	67.5	55	7.5	19.5	40	66.5	20	52.5	24.5	45.5	20.5	70.5	55.5	59	31	68	23	0	10.5	48.5	16	44	19	23	27.5	41.5	14	40.5	20	50	21.5	26.5	55	25	17	55.5	30	25.5	28.5	26.5	47.5	9.5	61	9.5	55	66.5	13.5	20.5	24.5	20	39.5	32.5	12	21	45	51.5	56	63	37	17.5	60	53	17.5	27	30.5	71	15	61	46.5	16.5	16	58.5	31.5	26.5	47	21	29.5	33	53.5	47.5	45.5	35.5	23	19.5	31	21	52	22.5	29	21.5	43.5	36.5	69.5	36	45	61.5	20.5	35.5	60	20	66	40.5	69.5	57	50.5	36.5	49.5	34	23.5	30.5	51.5	24	28	60.5	29.5	20.5	39	31.5	30.5	29	22.5	57.5	51	42	20	21	31	
58.5	65.5	50.5	37	48	29	28	68.5	58	70	26	43	29	18	21.5	50	61.5	42.5	44	30.5	36	47.5	46	43.5	74	61.5	3	21	33.5	73	21.5	46	31	48	27	73	62	57.5	32.5	66.5	31.5	10.5	0	50	22.5	44.5	29.5	29.5	17	40	15.5	42	26.5	56.5	28	33	53.5	31.5	18.5	58	36.5	32	35	33	54	16	67.5	16	61.5	67	3	22	14	21.5	46	39	22.5	22.5	51.5	52	62.5	69.5	43.5	24	66.5	59.5	24	28.5	37	77.5	16.5	67.5	47	23	17.5	65	38	28	51.5	27.5	36	35.5	60	54	47	42	29.5	26	37.5	22.5	56.5	12	30.5	11	50	30	76	37.5	43.5	68	27	42	66.5	30.5	72.5	47	76	63.5	57	43	56	27.5	13	37	58	30.5	34.5	59	36	10	40.5	38	32	30.5	29	56	57.5	41.5	26.5	27.5	37.5	
96.5	67.5	52.5	65	2	21	34	78.5	96	72	64	69	31	56	59.5	72	95.5	64.5	18	36.5	74	49.5	66	18.5	78	99.5	47	41	20.5	89	40.5	4	69	50	45	75	90	59.5	29.5	68.5	33.5	48.5	50	0	60.5	46.5	37.5	67.5	33	42	46.5	20	60.5	70.5	44	69	55.5	65.5	41.5	60	70.5	50	67	49	92	54	89.5	54	95.5	69	47	40	36	40.5	66	77	44.5	39.5	75.5	54	84.5	97.5	53.5	58	80.5	87.5	62	31.5	75	79.5	45.5	79.5	49	49	40.5	97	74	34	53.5	65.5	74	37.5	98	68	3	80	47.5	64	49.5	39.5	58.5	38	31.5	39	72	22	86	24.5	45.5	84	65	60	90.5	36.5	84.5	75	86	83.5	65	81	76	24.5	37	75	74	32.5	72.5	61	46	40	21.5	76	30	31.5	43	58	69.5	18.5	64.5	65.5	75.5	
44	55	40	22.5	62.5	43.5	38.5	54	43.5	55.5	11.5	28.5	33.5	8.5	1	35.5	47	28	54.5	36	21.5	33	31.5	54	59.5	47	19.5	31.5	48	58.5	32	60.5	16.5	37.5	27.5	62.5	47.5	47	43	56	39	16	22.5	60.5	0	34	35	15	39.5	29.5	26	52.5	4	42	28.5	18.5	43	17	29	47.5	22	22.5	20.5	23.5	39.5	16.5	53	16.5	47	56.5	25.5	32.5	36.5	32	31.5	24.5	28	33	37	41.5	48	55	29	14.5	52	45	9.5	39	22.5	63	27	53	36.5	23.5	28	50.5	23.5	38.5	39	13	21.5	35	45.5	39.5	57.5	27.5	25	11.5	15	33	44	34.5	41	33.5	35.5	44.5	61.5	48	33	53.5	12.5	27.5	52	36	58	32.5	61.5	49	42.5	28.5	41.5	42	35.5	22.5	43.5	40	20	48.5	26.5	32.5	51	23.5	42.5	41	29.5	45.5	43	54	12	13	23	
62	27	12	24.5	44.5	25.5	48.5	38	61.5	31.5	30.5	28.5	15.5	36.5	35	31.5	55	24	42.5	26	35.5	3	25.5	48	37.5	65	47.5	45.5	30	48.5	50	42.5	30.5	9.5	29.5	34.5	49.5	19	59	28	23	44	44.5	46.5	34	0	27	21	27.5	6.5	46	44.5	30	30	28.5	28.5	15	19	53	19.5	30	24.5	26.5	23.5	57.5	40.5	49	40.5	55	28.5	41.5	54.5	30.5	40	25.5	42.5	34	39	35	13.5	44	57	7	32.5	40	47	32.5	63	34.5	39	45	39	8.5	33.5	54	56.5	33.5	38.5	13	23	35.5	17	61.5	27.5	49.5	39.5	27	30.5	19	49	18	32.5	31	33.5	31.5	26.5	45.5	44	1	43.5	29.5	19.5	50	26	44	34.5	45.5	43	24.5	46.5	35.5	24	31.5	34.5	33.5	22	38	20.5	20.5	34.5	51	41.5	54.5	41	27.5	17.5	29	38	24	23	39	
71	48	33	45.5	35.5	16.5	39.5	59	70.5	52.5	38.5	49.5	11.5	30.5	34	52.5	74	45	33.5	1	48.5	30	46.5	39	58.5	74	26.5	36.5	21	69.5	39	33.5	43.5	30.5	25.5	55.5	70.5	40	50	49	4	19	29.5	37.5	35	27	0	42	18.5	22.5	33	35.5	39	51	24.5	45.5	36	44	36	40.5	49	30.5	47.5	29.5	66.5	28.5	70	28.5	74	49.5	32.5	39.5	21.5	31	46.5	51.5	7	30	56	34.5	65	78	34	36.5	61	68	36.5	46	49.5	60	34	60	29.5	29.5	35	77.5	50.5	29.5	34	40	48.5	18	72.5	48.5	40.5	54.5	28	38.5	30	40	39	23.5	22	24.5	52.5	17.5	66.5	35	26	64.5	39.5	40.5	71	1	65	55.5	66.5	64	45.5	55.5	56.5	15	22.5	49.5	54.5	5	47	41.5	26.5	25.5	42	50.5	45.5	32	23.5	38.5	50	29	39	40	50	
41	48	33	19.5	65.5	46.5	45.5	51	40.5	52.5	13.5	25.5	36.5	15.5	14	32.5	44	25	61.5	43	18.5	18	28.5	61	56.5	44	26.5	38.5	51	55.5	39	63.5	13.5	30.5	34.5	55.5	44.5	40	50	49	44	23	29.5	67.5	15	21	42	0	46.5	27.5	33	59.5	19	39	35.5	15.5	36	2	36	40.5	19	29.5	17.5	30.5	36.5	23.5	50	23.5	44	49.5	32.5	39.5	43.5	39	28.5	21.5	35	40	34	34.5	45	52	14	21.5	49	42	11.5	46	19.5	60	34	50	29.5	30.5	35	47.5	20.5	45.5	34	2	18.5	38	42.5	36.5	64.5	24.5	32	13.5	30	40	39	41.5	48	40.5	32.5	47.5	58.5	55	22	50.5	14.5	24.5	49	43	55	29.5	58.5	46	39.5	25.5	38.5	45	42.5	19.5	40.5	43	17	41.5	33.5	39.5	58	20.5	49.5	48	36.5	38.5	40	59	3	2	20	
75.5	48.5	33.5	46	31	12	35	59.5	75	53	43	50	12	35	38.5	53	76.5	45.5	29	17.5	53	30.5	47	34.5	59	78.5	20	32	16.5	70	36.5	29	48	31	26	56	71	40.5	45.5	49.5	14.5	27.5	17	33	39.5	27.5	18.5	46.5	0	23	32.5	31	41.5	51.5	25	50	36.5	46.5	35.5	41	51.5	31	48	30	71	33	70.5	33	76.5	50	14	39	3	26.5	47	56	25.5	25.5	56.5	35	65.5	78.5	34.5	39	61.5	68.5	41	45.5	54	60.5	31.5	60.5	30	30	34.5	78	55	25	34.5	44.5	53	18.5	77	49	36	59	28.5	43	30.5	35.5	39.5	5	17.5	6	53	13	67	30.5	26.5	65	44	41	71.5	17.5	65.5	56	67	64.5	46	60	57	10.5	4	54	55	13.5	51.5	42	27	7	37.5	55	41	27.5	24	39	50.5	24.5	43.5	44.5	54.5	
66.5	27.5	12.5	25	40	21	44	38.5	64	32	24	29	11	34	30.5	32	55.5	24.5	38	21.5	36	9.5	26	43.5	38	65.5	43	41	25.5	49	45.5	38	31	10	25	35	50	19.5	54.5	28.5	18.5	41.5	40	42	29.5	6.5	22.5	27.5	23	0	41.5	40	25.5	30.5	24	29	15.5	25.5	48.5	20	30.5	20	27	19	58	36	49.5	36	55.5	29	37	50	26	35.5	26	43	29.5	34.5	35.5	14	44.5	57.5	13.5	28	40.5	47.5	26	58.5	35	39.5	40.5	39.5	9	29	49.5	57	34	34	13.5	29.5	36	12.5	62	28	45	40	22.5	24	14.5	44.5	18.5	28	26.5	29	32	22	46	39.5	5.5	44	23	20	50.5	21.5	44.5	35	46	43.5	25	49	36	19.5	27	35	34	17.5	42.5	21	16	30	46.5	44	50	36.5	23	18	29.5	33.5	30.5	29.5	39.5	
62	67	52	40.5	44.5	25.5	26.5	72	61.5	71.5	29.5	46.5	30.5	21.5	25	53.5	65	46	42.5	34	39.5	49	49.5	42	77.5	65	12.5	19.5	30	76.5	20	42.5	34.5	49.5	30.5	74.5	65.5	59	31	68	33	14	15.5	46.5	26	46	33	33	32.5	41.5	0	40.5	30	60	31.5	36.5	55	35	17	59.5	40	35.5	38.5	36.5	57.5	19.5	71	19.5	65	68.5	18.5	20.5	29.5	6	49.5	42.5	26	7	55	53.5	66	73	47	27.5	70	63	27.5	27	40.5	79	1	71	48.5	26.5	16	68.5	41.5	26.5	53	31	39.5	37	63.5	57.5	45.5	45.5	33	29.5	41	21	58	27.5	15	26.5	53.5	26.5	79.5	36	45	71.5	30.5	45.5	70	34	76	50.5	79.5	67	60.5	46.5	59.5	22	28.5	40.5	61.5	32	38	60.5	39.5	25.5	39	41.5	30.5	29	32.5	57.5	61	38	30	31	41	
88.5	65.5	50.5	63	18	19	32	76.5	88	70	56	67	29	48	51.5	70	91.5	62.5	2	34.5	66	47.5	64	21.5	76	91.5	39	39	18.5	87	36.5	16	61	48	43	73	88	57.5	32.5	66.5	31.5	40.5	42	20	52.5	44.5	35.5	59.5	31	40	40.5	0	56.5	68.5	42	63	53.5	61.5	33.5	58	66.5	48	65	47	84	46	87.5	46	91.5	67	45	32	34	38.5	64	69	42.5	37.5	73.5	52	82.5	95.5	51.5	54	78.5	85.5	54	28.5	67	77.5	41.5	77.5	47	47	32.5	95	68	32	51.5	57.5	66	35.5	90	66	23	72	45.5	56	47.5	37.5	56.5	36	29.5	37	70	20	84	22.5	43.5	82	57	58	88.5	34.5	82.5	73	84	81.5	63	73	74	22.5	35	67	72	30.5	64.5	59	44	38	24.5	68	10	29.5	41	56	67.5	16.5	56.5	57.5	67.5	
48	51	36	26.5	58.5	39.5	42.5	58	47.5	55.5	15.5	32.5	29.5	12.5	5	39.5	51	32	56.5	40	25.5	33	35.5	58	61.5	51	23.5	35.5	44	62.5	36	56.5	20.5	33.5	31.5	58.5	51.5	43	47	52	37	20	26.5	60.5	4	30	39	19	41.5	25.5	30	56.5	0	46	32.5	22.5	39	21	33	43.5	26	26.5	24.5	27.5	43.5	20.5	57	20.5	51	52.5	29.5	36.5	40.5	36	35.5	28.5	32	37	41	37.5	52	59	33	18.5	56	49	13.5	43	26.5	63	31	57	32.5	27.5	32	54.5	27.5	42.5	37	17	25.5	31	49.5	43.5	61.5	31.5	29	15.5	11	37	42	38.5	45	37.5	39.5	40.5	65.5	52	29	57.5	16.5	31.5	56	40	62	36.5	65.5	53	46.5	32.5	45.5	38	39.5	26.5	47.5	36	24	44.5	30.5	36.5	55	27.5	46.5	45	33.5	41.5	47	52	16	17	27	
38	21	26	41.5	68.5	49.5	72.5	32	37.5	25.5	40.5	37.5	39.5	42.5	41	30.5	41	38	66.5	50	30.5	33	34.5	72	31.5	41	53.5	65.5	54	42.5	66	66.5	35.5	28.5	53.5	28.5	41.5	11	77	22	47	50	56.5	70.5	42	30	51	39	51.5	30.5	60	68.5	46	0	52.5	37.5	19	41	63	18.5	36	48.5	39.5	47.5	33.5	50.5	43	50.5	41	22.5	59.5	66.5	54.5	64	34.5	23.5	58	63	5	22.5	38	49	37	48.5	34	39	38.5	73	31.5	33	61	33	27.5	57.5	62	44.5	32.5	62.5	27	37	30.5	41	39.5	26.5	73.5	26.5	51	40.5	43	67	22	56.5	55	57.5	30.5	50.5	39.5	68	29	37.5	41.5	38.5	44	50	38	31.5	39.5	37	23.5	22.5	29.5	48	55.5	31.5	27.5	46	24	14.5	44.5	58.5	75	22.5	76.5	65	51.5	16.5	1	62	36	37	27	
64.5	49.5	34.5	43	42	23	44	60.5	64	54	32	49	13	24	27.5	54	67.5	46.5	40	23.5	42	31.5	48	45.5	60	67.5	25	37	27.5	71	37.5	40	37	32	1	57	68	41.5	48.5	50.5	20.5	21.5	28	44	28.5	28.5	24.5	35.5	25	24	31.5	42	32.5	52.5	0	39	37.5	37.5	34.5	42	42.5	32	41	31	60	12	71.5	12	67.5	51	31	38	28	37.5	48	45	31.5	36.5	57.5	36	66.5	75.5	35.5	30	62.5	65.5	30	44.5	43	61.5	32.5	61.5	31	5	33.5	71	44	36	35.5	33.5	42	19.5	66	50	47	48	29.5	32	31.5	38.5	40.5	30	28.5	31	54	24	68	41.5	27.5	66	33	42	72.5	23.5	66.5	53	68	65.5	47	49	58	21.5	29	43	56	19.5	40.5	43	28	32	48.5	44	48	38.5	1	40	51.5	35.5	32.5	33.5	43.5	
39.5	44.5	29.5	4	67	48	49	49.5	39	49	17	24	38	19	17.5	31	42.5	23.5	65	46.5	17	31.5	27	64.5	55	42.5	30	42	52.5	54	42.5	65	2	19	38	52	43	36.5	53.5	45.5	45.5	26.5	33	69	18.5	28.5	45.5	15.5	50	29	36.5	63	22.5	37.5	39	0	32.5	17.5	39.5	37	17.5	33	2	34	35	27	48.5	27	42.5	46	36	43	47	42.5	27	20	38.5	43.5	32.5	31	43.5	50.5	29.5	25	47.5	40.5	15	49.5	18	56.5	37.5	48.5	20	34	38.5	46	19	49	30.5	13.5	17	39.5	41	35	68	23	35.5	17	33.5	43.5	35.5	45	51.5	44	31	49	57	58.5	27.5	49	18	9	47.5	46.5	53.5	28	57	44.5	38	24	37	46.5	46	18	39	44.5	15.5	38	37	43	61.5	19	53	51.5	40	35	38.5	60.5	12.5	13.5	18.5	
53	16	11	28.5	53.5	34.5	57.5	27	52.5	20.5	39.5	22.5	24.5	47.5	44	20.5	44	23	51.5	35	29.5	18	19.5	57	26.5	54	56.5	54.5	39	37.5	59	51.5	34.5	13.5	38.5	23.5	38.5	8	68	17	32	55	53.5	55.5	43	15	36	36	36.5	15.5	55	53.5	39	19	37.5	32.5	0	34	62	8.5	29	33.5	30.5	32.5	46.5	49.5	38	49.5	44	17.5	50.5	63.5	39.5	49	19.5	31.5	43	48	24	7.5	33	46	22	41.5	29	36	41.5	72	28.5	28	54	28	12.5	42.5	63	45.5	27.5	47.5	12	38	29.5	26	50.5	16.5	58.5	28.5	36	39.5	28	58	3	41.5	40	42.5	20.5	35.5	34.5	53	14	32.5	38.5	23.5	39	35	33	23.5	34.5	32	13.5	37.5	24.5	33	40.5	28.5	22.5	31	27	9.5	29.5	43.5	60	32.5	63.5	50	36.5	6.5	18	47	39	38	24	
43	46	31	21.5	63.5	44.5	47.5	53	42.5	50.5	15.5	27.5	34.5	17.5	16	34.5	46	27	61.5	45	20.5	16	30.5	63	56.5	46	28.5	40.5	49	57.5	41	61.5	15.5	28.5	36.5	53.5	46.5	38	52	47	42	25	31.5	65.5	17	19	44	2	46.5	25.5	35	61.5	21	41	37.5	17.5	34	0	38	38.5	21	31.5	19.5	32.5	38.5	25.5	52	25.5	46	47.5	34.5	41.5	45.5	41	30.5	23.5	37	42	36	32.5	47	54	12	23.5	51	44	13.5	48	21.5	58	36	52	27.5	32.5	37	49.5	22.5	47.5	32	4	20.5	36	44.5	38.5	66.5	26.5	34	15.5	32	42	37	43.5	50	42.5	34.5	45.5	60.5	57	20	52.5	16.5	26.5	51	45	57	31.5	60.5	48	41.5	27.5	40.5	43	44.5	21.5	42.5	41	19	39.5	35.5	41.5	60	22.5	51.5	50	38.5	36.5	42	57	5	4	22	
65	74	59	43.5	41.5	27.5	19.5	75	64.5	76.5	32.5	49.5	37.5	24.5	28	56.5	68	49	35.5	37	42.5	54	52.5	35	80.5	68	15.5	17.5	23	79.5	3	39.5	37.5	56.5	33.5	81.5	68.5	66	24	75	40	17	18.5	41.5	29	53	36	36	35.5	48.5	17	33.5	33	63	34.5	39.5	62	38	0	66.5	43	38.5	41.5	39.5	60.5	22.5	74	22.5	68	75.5	21.5	13.5	32.5	23	52.5	45.5	29	24	58	60.5	69	76	50	30.5	73	66	30.5	20	43.5	84	18	74	55.5	29.5	1	71.5	44.5	24.5	60	34	42.5	44	66.5	60.5	38.5	48.5	36	32.5	44	4	65	30.5	32	29.5	56.5	28.5	82.5	29	52	74.5	33.5	48.5	73	37	79	53.5	82.5	70	63.5	49.5	62.5	31	31.5	43.5	64.5	39	41	67.5	42.5	28.5	32	44.5	23.5	12	35.5	64.5	64	35	33	34	44	
48.5	15.5	15.5	33	58	39	62	26.5	48	20	44	27	29	48	46.5	12	43.5	27.5	56	39.5	34	22.5	24	61.5	26	51.5	59	59	43.5	37	63.5	56	39	18	43	23	38	7.5	72.5	16.5	36.5	55.5	58	60	47.5	19.5	40.5	40.5	41	20	59.5	58	43.5	18.5	42	37	8.5	38.5	66.5	0	33.5	38	35	37	44	54	37.5	54	43.5	17	55	68	44	53.5	24	23	47.5	52.5	23.5	12	32.5	45.5	26.5	46	28.5	35.5	44	76.5	33	27.5	58.5	27.5	17	47	67.5	45	32	52	16.5	42.5	34	30.5	50	8	63	20	40.5	44	32.5	62.5	11.5	46	44.5	47	12	40	34	57.5	18.5	32	43	28	38.5	39.5	32.5	15	34	31.5	5	33	24	37.5	45	33	22	35.5	29.5	9	34	48	64.5	24	68	54.5	41	2	17.5	51.5	41.5	42.5	32.5	
38	41	18	21.5	68.5	49.5	52.5	48	37.5	45.5	20.5	22.5	39.5	22.5	21	29.5	41	6	66.5	50	15.5	33	25.5	68	51.5	41	33.5	45.5	54	52.5	46	66.5	15.5	28.5	41.5	48.5	41.5	33	57	42	47	30	36.5	70.5	22	30	49	19	51.5	30.5	40	66.5	26	36	42.5	17.5	29	21	43	33.5	0	36.5	19.5	37.5	33.5	30.5	47	30.5	41	42.5	39.5	46.5	50.5	46	25.5	18.5	42	47	31	27.5	42	49	33	28.5	46	39	18.5	53	16.5	53	41	47	27.5	37.5	42	44.5	17.5	52.5	17	17	15.5	41	39.5	33.5	71.5	21.5	39	20.5	37	47	32	48.5	55	47.5	29.5	50.5	55.5	62	29	47.5	21.5	26.5	46	50	52	26.5	55.5	43	36.5	22.5	35.5	48	49.5	16.5	37.5	46	14	34.5	40.5	46.5	65	17.5	56.5	55	43.5	31.5	37	62	16	17	17	
58.5	45.5	30.5	37	48	29	48	56.5	58	50	26	43	19	14	21.5	50	61.5	42.5	46	29.5	36	27.5	44	51.5	56	61.5	29	41	33.5	67	41.5	46	31	28	33	53	62	37.5	52.5	46.5	26.5	25.5	32	50	22.5	24.5	30.5	29.5	31	20	35.5	48	26.5	48.5	32	33	33.5	31.5	38.5	38	36.5	0	35	1	54	26	67.5	26	61.5	47	35	42	34	41.5	44	39	37.5	42.5	51.5	32	62.5	69.5	31.5	8	58.5	59.5	24	48.5	37	57.5	36.5	57.5	27	33	37.5	65	38	42	31.5	27.5	36	20.5	60	46	53	42	30.5	26	27.5	42.5	36.5	36	34.5	37	50	30	64	47.5	23.5	62	27	38	66.5	29.5	62.5	47	64	61.5	43	43	54	27.5	35	37	52	25.5	34.5	39	4	38	54.5	38	52	44.5	31	36	47.5	41.5	26.5	27.5	37.5	
41.5	42.5	27.5	2	65	46	51	51.5	41	47	19	26	36	21	19.5	33	44.5	25.5	63	46.5	19	29.5	29	66.5	53	44.5	32	44	50.5	56	44.5	63	4	17	40	50	45	34.5	55.5	43.5	43.5	28.5	35	67	20.5	26.5	47.5	17.5	48	27	38.5	65	24.5	39.5	41	2	30.5	19.5	41.5	35	19.5	35	0	36	37	29	50.5	29	44.5	44	38	45	49	44.5	29	22	40.5	45.5	34.5	29	45.5	52.5	31.5	27	49.5	42.5	17	51.5	20	54.5	39.5	50.5	18	36	40.5	48	21	51	28.5	15.5	19	37.5	43	37	70	25	37.5	19	35.5	45.5	33.5	47	51.5	46	33	47	59	60.5	25.5	51	20	7	49.5	46.5	55.5	30	59	46.5	40	26	39	44.5	48	20	41	42.5	17.5	36	39	45	63.5	21	55	53.5	42	33	40.5	58.5	14.5	15.5	20.5	
59.5	44.5	29.5	38	47	28	49	55.5	59	49	27	44	18	15	22.5	49	62.5	41.5	45	28.5	37	26.5	43	50.5	55	62.5	30	42	32.5	66	42.5	45	32	27	32	52	63	36.5	53.5	45.5	25.5	26.5	33	49	23.5	23.5	29.5	30.5	30	19	36.5	47	27.5	47.5	31	34	32.5	32.5	39.5	37	37.5	1	36	0	55	27	66.5	27	62.5	46	36	43	33	42.5	43	40	36.5	41.5	52.5	31	61.5	70.5	30.5	9	57.5	60.5	25	49.5	38	56.5	37.5	56.5	26	34	38.5	66	39	41	30.5	28.5	37	19.5	61	45	52	43	29.5	27	26.5	43.5	35.5	35	33.5	36	49	29	63	46.5	22.5	61	28	37	67.5	28.5	61.5	48	63	60.5	42	44	53	26.5	34	38	51	24.5	35.5	38	3	37	53.5	39	53	43.5	30	35	46.5	40.5	27.5	28.5	38.5	
10.5	36.5	51.5	39	94	77	70	25.5	10	32	38	35	67	40	38.5	32	13.5	39.5	86	67.5	28	54.5	38	85.5	20	13.5	51	63	81.5	25	63.5	94	33	54	59	23	8	40.5	74.5	29.5	70.5	47.5	54	92	39.5	57.5	66.5	36.5	71	58	57.5	84	43.5	33.5	60	35	46.5	38.5	60.5	44	33.5	54	37	55	0	48	19.5	48	13.5	35	57	64	68	63.5	38	21	59.5	64.5	28.5	50	19.5	21.5	50.5	46	23.5	16.5	36	70.5	29	29.5	58.5	24.5	55	55	59.5	17	30	70	50.5	34.5	28	66.5	12	36	89	24	56.5	38	54.5	64.5	45.5	66	72.5	65	32	78	28	79.5	56.5	14	39	44	18.5	67.5	24.5	29	28	20.5	39	15	28	75.5	67	29	30	71.5	21.5	37	58	64	82.5	20	74	72.5	61	44	34.5	85.5	33.5	34.5	24.5	
52.5	61.5	46.5	31	54	35	32	62.5	52	64	20	37	25	12	15.5	44	55.5	36.5	48	29.5	30	41.5	40	47.5	68	55.5	13	25	39.5	67	25.5	52	25	44	11	69	56	53.5	36.5	62.5	32.5	9.5	16	54	16.5	40.5	28.5	23.5	33	36	19.5	46	20.5	50.5	12	27	49.5	25.5	22.5	54	30.5	26	29	27	48	0	61.5	0	55.5	63	19	26	30	25.5	40	33	21.5	26.5	45.5	48	56.5	63.5	37.5	18	60.5	53.5	18	32.5	31	71.5	20.5	61.5	43	7	21.5	59	32	32	47.5	21.5	30	31.5	54	48	51	36	23.5	20	31.5	26.5	52.5	28	34.5	27	44	36	70	41.5	39.5	62	21	36	60.5	29.5	66.5	41	70	57.5	51	37	50	33.5	29	31	52	31.5	28.5	55	30	26	44.5	32	36	34.5	13	52	51.5	47.5	20.5	21.5	31.5	
19	30	45	52.5	87.5	68.5	83.5	31	18.5	29.5	51.5	48.5	58.5	53.5	52	45.5	6	53	85.5	69	41.5	52	51.5	91	25.5	22	64.5	76.5	73	31.5	77	85.5	46.5	47.5	72.5	22.5	27.5	32	88	21	66	61	67.5	89.5	53	49	70	50	70.5	49.5	71	87.5	57	43	71.5	48.5	38	52	74	37.5	47	67.5	50.5	66.5	19.5	61.5	0	61.5	6	26.5	70.5	77.5	73.5	77	51.5	34.5	73	78	42	41.5	33	30	56	59.5	33	30	49.5	84	42.5	10	72	32	46.5	68.5	73	25.5	43.5	81.5	46	48	41.5	60	20.5	45.5	92.5	37.5	70	51.5	62	78	41	75.5	74	76.5	45.5	69.5	28.5	87	48	31.5	52.5	57.5	1	69	5	42.5	28.5	34	42.5	28.5	41.5	67	74.5	42.5	41.5	65	35	28.5	63.5	77.5	94	33.5	87.5	84	70.5	35.5	42	81	47	48	38	
52.5	61.5	46.5	31	54	35	32	62.5	52	64	20	37	25	12	15.5	44	55.5	36.5	48	29.5	30	41.5	40	47.5	68	55.5	13	25	39.5	67	25.5	52	25	44	11	69	56	53.5	36.5	62.5	32.5	9.5	16	54	16.5	40.5	28.5	23.5	33	36	19.5	46	20.5	50.5	12	27	49.5	25.5	22.5	54	30.5	26	29	27	48	0	61.5	0	55.5	63	19	26	30	25.5	40	33	21.5	26.5	45.5	48	56.5	63.5	37.5	18	60.5	53.5	18	32.5	31	71.5	20.5	61.5	43	7	21.5	59	32	32	47.5	21.5	30	31.5	54	48	51	36	23.5	20	31.5	26.5	52.5	28	34.5	27	44	36	70	41.5	39.5	62	21	36	60.5	29.5	66.5	41	70	57.5	51	37	50	33.5	29	31	52	31.5	28.5	55	30	26	44.5	32	36	34.5	13	52	51.5	47.5	20.5	21.5	31.5	
13	36	51	46.5	93.5	74.5	77.5	33	12.5	35.5	45.5	42.5	64.5	47.5	46	39.5	0	47	91.5	75	35.5	58	45.5	93	31.5	16	58.5	70.5	79	27.5	71	91.5	40.5	53.5	66.5	28.5	21.5	38	82	27	72	55	61.5	95.5	47	55	74	44	76.5	55.5	65	91.5	51	41	67.5	42.5	44	46	68	43.5	41	61.5	44.5	62.5	13.5	55.5	6	55.5	0	32.5	64.5	71.5	75.5	71	45.5	28.5	67	72	36	47.5	27	24	58	53.5	31	24	43.5	78	36.5	16	66	32	52.5	62.5	67	19.5	37.5	77.5	52	42	35.5	66	14.5	43.5	96.5	31.5	64	45.5	62	72	47	73.5	80	72.5	39.5	75.5	30.5	87	54	27.5	46.5	51.5	5	75	11	36.5	30.5	28	46.5	22.5	35.5	73	74.5	36.5	37.5	71	29	34.5	65.5	71.5	90	27.5	81.5	80	68.5	41.5	42	87	41	42	32	
39.5	9.5	24.5	42	67	48	71	15.5	39	3	53	36	38	59	57.5	29	32.5	36.5	65	48.5	43	31.5	33	70.5	15	42.5	70	68	52.5	26	72.5	65	48	27	52	12	27	11.5	81.5	5.5	45.5	66.5	67	69	56.5	28.5	49.5	49.5	50	29	68.5	67	52.5	22.5	51	46	17.5	47.5	75.5	17	42.5	47	44	46	35	63	26.5	63	32.5	0	64	77	53	62.5	33	40	56.5	61.5	27.5	21	21.5	34.5	35.5	55	17.5	24.5	55	85.5	42	16.5	67.5	16.5	26	56	76.5	34	41	61	25.5	51.5	43	39.5	39	25	72	37	49.5	53	41.5	71.5	20.5	55	53.5	56	29	49	23	66.5	27.5	21	52	37	27.5	48.5	21.5	32	23	20.5	22	34	23	46.5	54	42	21	44.5	40.5	8	43	57	73.5	39	77	63.5	50	15	21.5	60.5	52.5	51.5	41.5	
61.5	62.5	47.5	40	45	26	31	71.5	61	67	29	46	26	21	24.5	53	64.5	45.5	43	31.5	39	44.5	49	46.5	73	64.5	6	24	30.5	76	24.5	43	34	45	30	70	65	54.5	35.5	63.5	28.5	13.5	3	47	25.5	41.5	32.5	32.5	14	37	18.5	45	29.5	59.5	31	36	50.5	34.5	21.5	55	39.5	35	38	36	57	19	70.5	19	64.5	64	0	25	11	24.5	49	42	25.5	25.5	54.5	49	65.5	72.5	46.5	27	69.5	62.5	27	31.5	40	74.5	19.5	70.5	44	26	20.5	68	41	31	48.5	30.5	39	32.5	63	57	50	45	32.5	29	40.5	25.5	53.5	9	31.5	8	53	27	79	40.5	40.5	71	30	45	69.5	31.5	75.5	50	79	66.5	60	46	59	24.5	10	40	61	27.5	37.5	56	39	7	43.5	41	35	33.5	32	53	60.5	38.5	29.5	30.5	40.5	
68.5	75.5	60.5	47	38	29	6	78.5	68	80	36	53	39	28	31.5	60	71.5	52.5	34	40.5	46	57.5	56	33.5	84	71.5	19	21	28.5	83	16.5	36	41	58	37	83	72	67.5	22.5	76.5	41.5	20.5	22	40	32.5	54.5	39.5	39.5	39	50	20.5	32	36.5	66.5	38	43	63.5	41.5	13.5	68	46.5	42	45	43	64	26	77.5	26	71.5	77	25	0	36	26.5	56	49	32.5	27.5	61.5	62	72.5	79.5	53.5	34	76.5	69.5	34	18.5	47	87.5	21.5	77.5	57	33	12.5	75	48	28	61.5	37.5	46	45.5	70	64	37	52	39.5	36	47.5	17.5	66.5	34	35.5	33	60	30	86	27.5	53.5	78	37	52	76.5	40.5	82.5	57	86	73.5	67	53	66	32.5	35	47	68	40.5	44.5	69	46	32	30.5	48	22	25.5	39	66	67.5	31.5	36.5	37.5	47.5	
72.5	51.5	36.5	49	34	15	38	62.5	72	56	40	53	15	32	35.5	56	75.5	48.5	32	20.5	50	33.5	50	37.5	62	75.5	17	35	19.5	73	35.5	32	45	34	29	59	74	43.5	46.5	52.5	17.5	24.5	14	36	36.5	30.5	21.5	43.5	3	26	29.5	34	40.5	54.5	28	47	39.5	45.5	32.5	44	50.5	34	49	33	68	30	73.5	30	75.5	53	11	36	0	29.5	50	53	28.5	28.5	59.5	38	68.5	81.5	37.5	38	64.5	71.5	38	42.5	51	63.5	30.5	63.5	33	33	31.5	79	52	28	37.5	41.5	50	21.5	74	52	39	56	31.5	40	33.5	36.5	42.5	2	20.5	3	56	16	70	33.5	29.5	68	41	44	74.5	20.5	68.5	59	70	67.5	49	57	60	13.5	1	51	58	16.5	48.5	45	30	4	40.5	52	44	30.5	27	42	53.5	27.5	40.5	41.5	51.5	
68	61	46	46.5	38.5	19.5	32.5	72	67.5	65.5	35.5	52.5	24.5	27.5	31	59.5	71	52	36.5	30	45.5	43	55.5	42	71.5	71	18.5	25.5	24	82.5	26	36.5	40.5	43.5	36.5	68.5	71.5	53	37	62	27	20	21.5	40.5	32	40	31	39	26.5	35.5	6	38.5	36	64	37.5	42.5	49	41	23	53.5	46	41.5	44.5	42.5	63.5	25.5	77	25.5	71	62.5	24.5	26.5	29.5	0	55.5	48.5	32	1	61	47.5	72	79	47	33.5	74	69	33.5	33	46.5	73	5	73	42.5	32.5	22	74.5	47.5	32.5	47	37	45.5	31	69.5	61.5	43.5	51.5	39	35.5	43	27	52	31.5	9	32.5	59.5	20.5	79.5	38	39	77.5	36.5	51.5	76	30	78	56.5	79.5	73	58.5	52.5	65.5	16	30.5	46.5	67.5	26	44	54.5	39.5	31.5	45	47.5	36.5	35	36.5	51.5	63	32	36	37	47	
42.5	31.5	21.5	31	64	45	62	42.5	42	36	30	3	35	32	30.5	34	45.5	31.5	62	45.5	10	28.5	0	67.5	42	45.5	43	55	49.5	53	55.5	62	25	24	49	39	46	23.5	66.5	32.5	42.5	39.5	46	66	31.5	25.5	46.5	28.5	47	26	49.5	64	35.5	34.5	48	27	19.5	30.5	52.5	24	25.5	44	29	43	38	40	51.5	40	45.5	33	49	56	50	55.5	0	23	51.5	56.5	35.5	12	46.5	53.5	32.5	38	44.5	43.5	28	62.5	9	43.5	50.5	43.5	23	47	51.5	49	8	58	22.5	26.5	10	36.5	44	32	69	26	46.5	30	38.5	56.5	22.5	52	50.5	53	34	46	50	63.5	24.5	48	31	34	50.5	45.5	48.5	31	50	47.5	29	27	40	43.5	51	9	38	41.5	18.5	25	40	54	70.5	22	66	60.5	47	22	33.5	57.5	25.5	26.5	21.5	
25.5	36.5	36.5	24	79	62	55	35.5	25	37	23	20	52	25	23.5	11	28.5	24.5	71	52.5	13	39.5	23	70.5	41	28.5	36	48	66.5	40	48.5	79	18	39	44	44	29	30.5	59.5	39.5	55.5	32.5	39	77	24.5	42.5	51.5	21.5	56	43	42.5	69	28.5	23.5	45	20	31.5	23.5	45.5	23	18.5	39	22	40	21	33	34.5	33	28.5	40	42	49	53	48.5	23	0	44.5	49.5	18.5	35	29.5	36.5	35.5	31	33.5	26.5	21	55.5	14	44.5	43.5	34.5	40	40	44.5	32	15	55	35.5	19.5	13	51.5	27	15	74	3	41.5	23	39.5	49.5	30.5	51	57.5	50	11	63	43	64.5	41.5	35	24	29	33.5	52.5	39.5	8	43	30.5	18	10	23	60.5	52	14	25	56.5	6.5	32	43	49	67.5	1	59	57.5	46	25	24.5	70.5	18.5	19.5	9.5	
64	55	40	42.5	42.5	23.5	38.5	66	63.5	59.5	31.5	48.5	18.5	23.5	27	55.5	67	48	40.5	8	41.5	37	51.5	46	65.5	67	19.5	31.5	28	76.5	32	40.5	36.5	37.5	32.5	62.5	67.5	47	43	56	11	12	22.5	44.5	28	34	7	35	25.5	29.5	26	42.5	32	58	31.5	38.5	43	37	29	47.5	42	37.5	40.5	36.5	59.5	21.5	73	21.5	67	56.5	25.5	32.5	28.5	32	51.5	44.5	0	33	57	41.5	68	75	41	29.5	68	65	29.5	39	42.5	67	27	67	36.5	28.5	28	70.5	43.5	36.5	41	33	41.5	25	65.5	55.5	47.5	47.5	35	31.5	37	33	46	30.5	29	31.5	55.5	24.5	73.5	42	33	71.5	32.5	47.5	72	8	72	52.5	73.5	69	52.5	48.5	61.5	22	29.5	42.5	61.5	12	40	48.5	33.5	32.5	49	43.5	42.5	39	30.5	45.5	57	36	32	33	43	
69	60	45	47.5	37.5	18.5	33.5	71	68.5	64.5	36.5	53.5	23.5	28.5	32	60.5	72	53	35.5	29	46.5	42	56.5	41	70.5	72	19.5	26.5	23	81.5	27	35.5	41.5	42.5	37.5	67.5	72.5	52	38	61	26	21	22.5	39.5	33	39	30	40	25.5	34.5	7	37.5	37	63	36.5	43.5	48	42	24	52.5	47	42.5	45.5	41.5	64.5	26.5	78	26.5	72	61.5	25.5	27.5	28.5	1	56.5	49.5	33	0	62	46.5	73	80	46	34.5	73	70	34.5	34	47.5	72	6	72	41.5	33.5	23	75.5	48.5	31.5	46	38	46.5	30	70.5	60.5	42.5	52.5	40	36.5	42	28	51	30.5	8	31.5	60.5	19.5	78.5	37	38	76.5	37.5	52.5	77	29	77	57.5	78.5	74	57.5	53.5	66.5	15	29.5	47.5	66.5	25	45	53.5	38.5	32.5	44	48.5	37.5	34	35.5	50.5	62	31	37	38	48	
33	26	31	36.5	73.5	54.5	67.5	37	32.5	30.5	35.5	32.5	44.5	37.5	36	29.5	36	37	71.5	55	25.5	38	35.5	77	36.5	36	48.5	60.5	59	47.5	61	71.5	30.5	33.5	56.5	33.5	36.5	16	72	27	52	45	51.5	75.5	37	35	56	34	56.5	35.5	55	73.5	41	5	57.5	32.5	24	36	58	23.5	31	51.5	34.5	52.5	28.5	45.5	42	45.5	36	27.5	54.5	61.5	59.5	61	35.5	18.5	57	62	0	27.5	37	44	42	43.5	39	34	33.5	68	26.5	38	56	38	32.5	52.5	57	39.5	27.5	67.5	32	32	25.5	46	34.5	31.5	78.5	21.5	54	35.5	48	62	27	61.5	60	62.5	29.5	55.5	44.5	73	34	42.5	36.5	41.5	41	55	43	26.5	44.5	38	28.5	17.5	30.5	53	60.5	26.5	32.5	51	19	19.5	49.5	61.5	80	17.5	71.5	70	56.5	21.5	6	67	31	32	22	
54.5	19.5	9.5	27	52	33	56	30.5	54	24	38	15	23	44	42.5	24	47.5	21.5	50	33.5	22	16.5	12	55.5	30	57.5	55	53	37.5	41	57.5	50	33	12	37	27	42	11.5	66.5	20.5	30.5	51.5	52	54	41.5	13.5	34.5	34.5	35	14	53.5	52	37.5	22.5	36	31	7.5	32.5	60.5	12	27.5	32	29	31	50	48	41.5	48	47.5	21	49	62	38	47.5	12	35	41.5	46.5	27.5	0	36.5	49.5	20.5	40	32.5	39.5	40	70.5	21	31.5	52.5	31.5	11	41	61.5	49	20	46	10.5	36.5	22	24.5	54	20	57	32	34.5	38	26.5	56.5	10.5	40	38.5	41	24	34	38	51.5	12.5	36	37	22	42.5	33.5	36.5	27	38	35.5	17	39	28	31.5	39	21	26	29.5	30.5	13	28	42	58.5	34	62	48.5	35	10	21.5	45.5	37.5	36.5	31.5	
24	25	40	47.5	82.5	63.5	78.5	6	23.5	24.5	46.5	43.5	53.5	48.5	47	40.5	27	48	80.5	64	36.5	47	46.5	86	25.5	27	59.5	71.5	68	36.5	72	80.5	41.5	42.5	67.5	22.5	27.5	27	83	16	61	56	62.5	84.5	48	44	65	45	65.5	44.5	66	82.5	52	38	66.5	43.5	33	47	69	32.5	42	62.5	45.5	61.5	19.5	56.5	33	56.5	27	21.5	65.5	72.5	68.5	72	46.5	29.5	68	73	37	36.5	0	35	51	54.5	4	3	44.5	79	37.5	27	67	5	41.5	63.5	68	30.5	38.5	76.5	41	43	36.5	55	25.5	40.5	87.5	32.5	65	46.5	57	73	36	70.5	69	71.5	40.5	64.5	33.5	82	43	31.5	47.5	52.5	32	64	32	37.5	33.5	1	37.5	23.5	36.5	62	69.5	37.5	36.5	60	30	23.5	58.5	72.5	89	28.5	82.5	79	65.5	30.5	37	76	42	43	33	
11	38	53	54.5	95.5	76.5	85.5	39	15.5	37.5	53.5	50.5	66.5	55.5	54	47.5	24	55	93.5	77	43.5	60	53.5	99	33.5	8	66.5	78.5	81	30.5	79	93.5	48.5	55.5	74.5	30.5	29.5	40	90	29	74	63	69.5	97.5	55	57	78	52	78.5	57.5	73	95.5	59	49	75.5	50.5	46	54	76	45.5	49	69.5	52.5	70.5	21.5	63.5	30	63.5	24	34.5	72.5	79.5	81.5	79	53.5	36.5	75	80	44	49.5	35	0	64	61.5	39	32	51.5	86	44.5	30	74	40	54.5	70.5	75	22.5	45.5	85.5	54	50	43.5	68	17.5	51.5	100.5	39.5	72	53.5	70	80	49	81.5	82	80.5	47.5	77.5	31.5	95	56	35.5	54.5	59.5	29	77	35	44.5	31.5	36	50.5	30.5	43.5	75	82.5	44.5	45.5	73	37	36.5	71.5	79.5	98	35.5	89.5	88	76.5	43.5	50	89	49	50	40	
55	34	19	31.5	51.5	32.5	55.5	45	54.5	38.5	27.5	35.5	22.5	29.5	28	38.5	58	31	49.5	33	32.5	4	32.5	55	44.5	58	40.5	52.5	37	55.5	53	49.5	27.5	16.5	36.5	41.5	56.5	26	64	35	30	37	43.5	53.5	29	7	34	14	34.5	13.5	47	51.5	33	37	35.5	29.5	22	12	50	26.5	33	31.5	31.5	30.5	50.5	37.5	56	37.5	58	35.5	46.5	53.5	37.5	47	32.5	35.5	41	46	42	20.5	51	64	0	35.5	47	54	25.5	60	33.5	46	48	46	15.5	40.5	49	61.5	34.5	45.5	20	16	32.5	24	56.5	34.5	56.5	38.5	34	27.5	26	54	25	39.5	38	40.5	38.5	33.5	52.5	51	8	50.5	28.5	26.5	57	33	51	41.5	52.5	50	31.5	39.5	42.5	31	38.5	33.5	40.5	29	31	27.5	27.5	41.5	58	34.5	61.5	48	34.5	24.5	36	45	17	16	34	
50.5	53.5	38.5	29	56	37	40	60.5	50	58	18	35	27	6	13.5	42	53.5	34.5	54	37.5	28	35.5	38	55.5	64	53.5	21	33	41.5	65	33.5	54	23	36	29	61	54	45.5	44.5	54.5	34.5	17.5	24	58	14.5	32.5	36.5	21.5	39	28	27.5	54	18.5	48.5	30	25	41.5	23.5	30.5	46	28.5	8	27	9	46	18	59.5	18	53.5	55	27	34	38	33.5	38	31	29.5	34.5	43.5	40	54.5	61.5	35.5	0	58.5	51.5	16	40.5	29	65.5	28.5	59.5	35	25	29.5	57	30	40	39.5	19.5	28	28.5	52	46	59	34	26.5	18	29.5	34.5	44.5	36	42.5	35	42	38	68	49.5	31.5	60	19	34	58.5	37.5	64.5	39	68	55.5	49	35	48	35.5	37	29	50	33.5	26.5	47	12	34	52.5	30	44	42.5	31	44	49.5	49.5	18.5	19.5	29.5	
28	21	36	51.5	78.5	59.5	82.5	2	27.5	20.5	50.5	47.5	49.5	52.5	51	40.5	31	48	76.5	60	40.5	43	44.5	82	21.5	31	63.5	75.5	64	32.5	76	76.5	45.5	38.5	63.5	18.5	31.5	23	87	12	57	60	66.5	80.5	52	40	61	49	61.5	40.5	70	78.5	56	34	62.5	47.5	29	51	73	28.5	46	58.5	49.5	57.5	23.5	60.5	33	60.5	31	17.5	69.5	76.5	64.5	74	44.5	33.5	68	73	39	32.5	4	39	47	58.5	0	7	48.5	83	41.5	23	71	1	37.5	67.5	72	34.5	42.5	72.5	37	47	40.5	51	29.5	36.5	83.5	36.5	61	50.5	53	77	32	66.5	65	67.5	40.5	60.5	29.5	78	39	27.5	51.5	48.5	34	60	28	41.5	29.5	3	33.5	27.5	34.5	58	65.5	41.5	32.5	56	34	19.5	54.5	68.5	85	32.5	86.5	75	61.5	26.5	33	72	46	47	37	
21	28	43	44.5	85.5	66.5	75.5	9	20.5	27.5	43.5	40.5	56.5	45.5	44	37.5	24	45	83.5	67	33.5	50	43.5	89	28.5	24	56.5	68.5	71	35.5	69	83.5	38.5	45.5	64.5	25.5	24.5	30	80	19	64	53	59.5	87.5	45	47	68	42	68.5	47.5	63	85.5	49	39	65.5	40.5	36	44	66	35.5	39	59.5	42.5	60.5	16.5	53.5	30	53.5	24	24.5	62.5	69.5	71.5	69	43.5	26.5	65	70	34	39.5	3	32	54	51.5	7	0	41.5	76	34.5	30	64	8	44.5	60.5	65	27.5	35.5	75.5	44	40	33.5	58	22.5	41.5	90.5	29.5	62	43.5	60	70	39	71.5	72	70.5	37.5	67.5	36.5	85	46	30.5	44.5	49.5	29	67	35	34.5	36.5	4	40.5	20.5	33.5	65	72.5	34.5	35.5	63	27	26.5	61.5	69.5	88	25.5	79.5	78	66.5	33.5	40	79	39	40	30	
40.5	51.5	36.5	19	64	47	40	50.5	40	52	2	25	37	10	8.5	32	43.5	24.5	56	37.5	18	29.5	28	55.5	56	43.5	21	33	51.5	55	33.5	64	13	34	29	59	44	45.5	44.5	54.5	40.5	17.5	24	62	9.5	32.5	36.5	11.5	41	26	27.5	54	13.5	38.5	30	15	41.5	13.5	30.5	44	18.5	24	17	25	36	18	49.5	18	43.5	55	27	34	38	33.5	28	21	29.5	34.5	33.5	40	44.5	51.5	25.5	16	48.5	41.5	0	40.5	19	59.5	28.5	49.5	35	25	29.5	47	20	40	35.5	9.5	18	36.5	42	36	59	24	26.5	2	24.5	34.5	40.5	36	42.5	35	32	48	58	49.5	31.5	50	3	24	48.5	37.5	54.5	29	58	45.5	39	25	38	45.5	37	19	40	41.5	16.5	47	28	34	52.5	20	44	42.5	31	44	39.5	55.5	8.5	9.5	19.5	
75	84	69	53.5	31.5	37.5	24.5	85	74.5	86.5	42.5	59.5	47.5	34.5	38	66.5	78	59	30.5	47	52.5	64	62.5	15	90.5	78	25.5	27.5	37	89.5	23	29.5	47.5	66.5	43.5	91.5	78.5	76	4	85	50	27	28.5	31.5	39	63	46	46	45.5	58.5	27	28.5	43	73	44.5	49.5	72	48	20	76.5	53	48.5	51.5	49.5	70.5	32.5	84	32.5	78	85.5	31.5	18.5	42.5	33	62.5	55.5	39	34	68	70.5	79	86	60	40.5	83	76	40.5	0	53.5	94	28	84	65.5	39.5	19	81.5	54.5	34.5	70	44	52.5	54	76.5	70.5	28.5	58.5	46	42.5	54	24	75	40.5	42	39.5	66.5	38.5	92.5	29	62	84.5	43.5	58.5	83	47	89	63.5	92.5	80	73.5	59.5	72.5	41	41.5	53.5	74.5	49	51	77.5	52.5	38.5	12	54.5	18.5	32	45.5	74.5	74	35	43	44	54	
33.5	40.5	30.5	22	73	54	53	43.5	33	45	21	6	44	23	21.5	25	36.5	22.5	69	50.5	1	37.5	9	68.5	49	36.5	34	46	58.5	48	46.5	71	16	33	42	48	37	32.5	57.5	41.5	51.5	30.5	37	75	22.5	34.5	49.5	19.5	54	35	40.5	67	26.5	31.5	43	18	28.5	21.5	43.5	33	16.5	37	20	38	29	31	42.5	31	36.5	42	40	47	51	46.5	9	14	42.5	47.5	26.5	21	37.5	44.5	33.5	29	41.5	34.5	19	53.5	0	52.5	41.5	42.5	32	38	42.5	40	1	53	31.5	17.5	1	45.5	35	29	72	17	39.5	21	37.5	47.5	31.5	49	55.5	48	25	55	51	62.5	33.5	43	22	27	41.5	50.5	47.5	22	51	38.5	32	18	31	52.5	50	0	33	50.5	9.5	34	41	47	65.5	13	57	55.5	44	31	32.5	66.5	16.5	17.5	12.5	
29	20	35	52.5	77.5	58.5	81.5	21	28.5	19.5	61.5	46.5	48.5	63.5	62	39.5	16	47	75.5	59	51.5	42	43.5	81	15.5	32	74.5	78.5	63	21.5	83	75.5	56.5	37.5	62.5	12.5	27.5	22	92	11	56	71	77.5	79.5	63	39	60	60	60.5	39.5	79	77.5	63	33	61.5	56.5	28	58	84	27.5	53	57.5	54.5	56.5	29.5	71.5	10	71.5	16	16.5	74.5	87.5	63.5	73	43.5	44.5	67	72	38	31.5	27	30	46	65.5	23	30	59.5	94	52.5	0	78	22	36.5	66.5	83	29.5	51.5	71.5	36	58	51.5	50	30.5	35.5	82.5	47.5	60	61.5	52	82	31	65.5	64	66.5	39.5	59.5	18.5	77	38	21.5	62.5	47.5	11	59	5	42.5	18.5	26	32.5	38.5	33.5	57	64.5	52.5	31.5	55	45	18.5	53.5	67.5	84	43.5	87.5	74	60.5	25.5	32	71	57	58	48	
63	66	51	41.5	43.5	24.5	27.5	73	62.5	70.5	30.5	47.5	29.5	22.5	26	54.5	66	47	41.5	35	40.5	48	50.5	43	76.5	66	13.5	20.5	29	77.5	21	41.5	35.5	48.5	31.5	73.5	66.5	58	32	67	32	15	16.5	45.5	27	45	34	34	31.5	40.5	1	41.5	31	61	32.5	37.5	54	36	18	58.5	41	36.5	39.5	37.5	58.5	20.5	72	20.5	66	67.5	19.5	21.5	30.5	5	50.5	43.5	27	6	56	52.5	67	74	48	28.5	71	64	28.5	28	41.5	78	0	72	47.5	27.5	17	69.5	42.5	27.5	52	32	40.5	36	64.5	58.5	46.5	46.5	34	30.5	42	22	57	28.5	14	27.5	54.5	25.5	80.5	37	44	72.5	31.5	46.5	71	35	77	51.5	80.5	68	61.5	47.5	60.5	21	29.5	41.5	62.5	31	39	59.5	40.5	26.5	40	42.5	31.5	30	33.5	56.5	62	37	31	32	42	
29	20	35	52.5	77.5	58.5	81.5	1	28.5	19.5	51.5	46.5	48.5	53.5	52	39.5	32	47	75.5	59	41.5	42	43.5	81	20.5	32	64.5	76.5	63	31.5	77	75.5	46.5	37.5	62.5	17.5	32.5	22	88	11	56	61	67.5	79.5	53	39	60	50	60.5	39.5	71	77.5	57	33	61.5	48.5	28	52	74	27.5	47	57.5	50.5	56.5	24.5	61.5	32	61.5	32	16.5	70.5	77.5	63.5	73	43.5	34.5	67	72	38	31.5	5	40	46	59.5	1	8	49.5	84	42.5	22	72	0	36.5	66.5	73	35.5	43.5	71.5	36	48	41.5	50	30.5	35.5	82.5	37.5	60	51.5	52	78	31	65.5	64	66.5	39.5	59.5	28.5	77	38	26.5	52.5	47.5	33	59	27	42.5	28.5	4	32.5	28.5	33.5	57	64.5	42.5	31.5	55	35	18.5	53.5	67.5	84	33.5	87.5	74	60.5	25.5	32	71	47	48	38	
59.5	24.5	9.5	16	47	28	51	35.5	59	29	33	26	18	39	37.5	29	52.5	21.5	45	28.5	33	11.5	23	50.5	35	62.5	50	48	32.5	46	52.5	45	22	1	32	32	47	16.5	61.5	25.5	25.5	46.5	47	49	36.5	8.5	29.5	29.5	30	9	48.5	47	32.5	27.5	31	20	12.5	27.5	55.5	17	27.5	27	18	26	55	43	46.5	43	52.5	26	44	57	33	42.5	23	40	36.5	41.5	32.5	11	41.5	54.5	15.5	35	37.5	44.5	35	65.5	32	36.5	47.5	36.5	0	36	56.5	54	31	41	10.5	31.5	33	19.5	59	25	52	37	29.5	33	21.5	51.5	15.5	35	33.5	36	29	29	43	46.5	7.5	41	32	11	47.5	28.5	41.5	32	43	40.5	22	44	33	26.5	34	32	31	24.5	35.5	18	23	37	53.5	39	57	43.5	30	15	26.5	40.5	32.5	31.5	36.5	
59.5	54.5	39.5	38	47	28	39	65.5	59	59	27	44	18	19	22.5	51	62.5	43.5	45	28.5	37	36.5	47	50.5	65	62.5	20	32	32.5	74	32.5	45	32	37	4	62	63	46.5	43.5	55.5	25.5	16.5	23	49	23.5	33.5	29.5	30.5	30	29	26.5	47	27.5	57.5	5	34	42.5	32.5	29.5	47	37.5	33	36	34	55	7	68.5	7	62.5	56	26	33	33	32.5	47	40	28.5	33.5	52.5	41	63.5	70.5	40.5	25	67.5	60.5	25	39.5	38	66.5	27.5	66.5	36	0	28.5	66	39	39	40.5	28.5	37	24.5	61	55	52	43	30.5	27	36.5	33.5	45.5	35	33.5	34	51	29	73	46.5	32.5	69	28	43	67.5	28.5	71.5	48	73	64.5	52	44	57	26.5	34	38	59	24.5	35.5	48	33	33	51.5	39	43	41.5	6	45	56.5	40.5	27.5	28.5	38.5	
64	75	60	42.5	42.5	28.5	18.5	74	63.5	75.5	31.5	48.5	38.5	23.5	27	55.5	67	48	34.5	36	41.5	53	51.5	34	79.5	67	14.5	16.5	24	78.5	4	40.5	36.5	57.5	32.5	82.5	67.5	67	23	76	39	16	17.5	40.5	28	54	35	35	34.5	49.5	16	32.5	32	62	33.5	38.5	63	37	1	67.5	42	37.5	40.5	38.5	59.5	21.5	73	21.5	67	76.5	20.5	12.5	31.5	22	51.5	44.5	28	23	57	61.5	68	75	49	29.5	72	65	29.5	19	42.5	83	17	73	56.5	28.5	0	70.5	43.5	23.5	59	33	41.5	45	65.5	59.5	37.5	47.5	35	31.5	43	5	64	29.5	31	28.5	55.5	29.5	81.5	28	53	73.5	32.5	47.5	72	36	78	52.5	81.5	69	62.5	48.5	61.5	32	30.5	42.5	63.5	40	40	68.5	41.5	27.5	31	43.5	22.5	13	34.5	65.5	63	34	32	33	43	
11.5	37.5	52.5	50	95	76	81	36.5	7	37	49	46	66	51	49.5	43	19.5	50.5	93	76.5	39	59.5	49	96.5	33	14.5	62	74	80.5	8	74.5	93	44	55	70	30	25	39.5	85.5	28.5	73.5	58.5	65	97	50.5	56.5	77.5	47.5	78	57	68.5	95	54.5	44.5	71	46	45.5	49.5	71.5	45	44.5	65	48	66	17	59	25.5	59	19.5	34	68	75	79	74.5	49	32	70.5	75.5	39.5	49	30.5	22.5	61.5	57	34.5	27.5	47	81.5	40	29.5	69.5	35.5	54	66	70.5	0	41	81	53.5	45.5	39	67.5	5	47	100	35	67.5	49	65.5	75.5	48.5	77	81.5	76	43	77	11	90.5	55.5	31	50	55	24.5	76.5	30.5	40	11	31.5	50	26	39	74.5	78	40	41	72.5	32.5	36	69	75	93.5	31	85	83.5	72	43	45.5	88.5	44.5	45.5	35.5	
34.5	39.5	29.5	23	72	53	54	44.5	34	44	22	5	43	24	22.5	26	37.5	23.5	70	51.5	2	36.5	8	69.5	50	37.5	35	47	57.5	49	47.5	70	17	32	43	47	38	31.5	58.5	40.5	50.5	31.5	38	74	23.5	33.5	50.5	20.5	55	34	41.5	68	27.5	32.5	44	19	27.5	22.5	44.5	32	17.5	38	21	39	30	32	43.5	32	37.5	41	41	48	52	47.5	8	15	43.5	48.5	27.5	20	38.5	45.5	34.5	30	42.5	35.5	20	54.5	1	51.5	42.5	43.5	31	39	43.5	41	0	54	30.5	18.5	2	44.5	36	30	73	18	40.5	22	38.5	48.5	30.5	50	56.5	49	26	54	52	63.5	32.5	44	23	28	42.5	51.5	48.5	23	52	39.5	33	19	32	51.5	51	1	34	49.5	10.5	33	42	48	66.5	14	58	56.5	45	30	33.5	65.5	17.5	18.5	13.5	
74.5	59.5	44.5	53	32	13	34	70.5	74	64	42	59	23	34	37.5	64	77.5	56.5	30	28.5	52	41.5	58	35.5	70	77.5	25	7	17.5	81	27.5	30	47	42	37	67	78	51.5	38.5	60.5	25.5	26.5	28	34	38.5	38.5	29.5	45.5	25	34	26.5	32	42.5	62.5	36	49	47.5	47.5	24.5	52	52.5	42	51	41	70	32	81.5	32	77.5	61	31	28	28	32.5	58	55	36.5	31.5	67.5	46	76.5	85.5	45.5	40	72.5	75.5	40	34.5	53	71.5	27.5	71.5	41	39	23.5	81	54	0	45.5	43.5	52	29.5	76	60	37	58	39.5	42	41.5	28.5	50.5	30	23.5	31	64	12	78	31.5	37.5	76	43	52	82.5	28.5	76.5	63	78	75.5	57	59	68	16.5	29	53	66	24.5	50.5	53	38	32	38.5	54	38	28.5	35	50	61.5	25.5	42.5	43.5	53.5	
55	24	1	26.5	51.5	32.5	55.5	35	54.5	28.5	37.5	25.5	22.5	39.5	38	28.5	52	11	49.5	33	32.5	16	22.5	55	34.5	58	50.5	52.5	37	45.5	57	49.5	32.5	11.5	36.5	31.5	46.5	16	66	25	30	47	51.5	53.5	39	13	34	34	34.5	13.5	53	51.5	37	27	35.5	30.5	12	32	60	16.5	17	31.5	28.5	30.5	50.5	47.5	46	47.5	52	25.5	48.5	61.5	37.5	47	22.5	35.5	41	46	32	10.5	41	54	20	39.5	37	44	35.5	70	31.5	36	52	36	10.5	40.5	59	53.5	30.5	45.5	0	34	32.5	24	56.5	24.5	56.5	36.5	34	37.5	26	56	15	39.5	38	40.5	28.5	33.5	42.5	51	12	40.5	36.5	21.5	47	33	41	31.5	42.5	40	21.5	39.5	32.5	31	38.5	31.5	30.5	29	31	17.5	27.5	41.5	58	34.5	61.5	48	34.5	14.5	26	45	33	34	34	
39	50	35	17.5	67.5	48.5	43.5	49	38.5	50.5	11.5	23.5	38.5	13.5	12	30.5	42	23	59.5	41	16.5	20	26.5	59	54.5	42	24.5	36.5	53	53.5	37	65.5	11.5	32.5	32.5	57.5	42.5	42	48	51	44	21	27.5	65.5	13	23	40	2	44.5	29.5	31	57.5	17	37	33.5	13.5	38	4	34	42.5	17	27.5	15.5	28.5	34.5	21.5	48	21.5	42	51.5	30.5	37.5	41.5	37	26.5	19.5	33	38	32	36.5	43	50	16	19.5	47	40	9.5	44	17.5	58	32	48	31.5	28.5	33	45.5	18.5	43.5	34	0	16.5	40	40.5	34.5	62.5	22.5	30	11.5	28	38	39	39.5	46	38.5	30.5	49.5	56.5	53	24	48.5	12.5	22.5	47	41	53	27.5	56.5	44	37.5	23.5	36.5	47	40.5	17.5	38.5	45	15	43.5	31.5	37.5	56	18.5	47.5	46	34.5	40.5	38	59	1	0	18	
32.5	41.5	31.5	21	74	55	52	42.5	32	44	20	7	45	22	20.5	24	35.5	21.5	68	49.5	0	36.5	10	67.5	48	35.5	33	45	59.5	47	45.5	72	15	34	41	49	36	33.5	56.5	42.5	52.5	29.5	36	74	21.5	35.5	48.5	18.5	53	36	39.5	66	25.5	30.5	42	17	29.5	20.5	42.5	34	15.5	36	19	37	28	30	41.5	30	35.5	43	39	46	50	45.5	10	13	41.5	46.5	25.5	22	36.5	43.5	32.5	28	40.5	33.5	18	52.5	1	51.5	40.5	41.5	33	37	41.5	39	2	52	32.5	16.5	0	46.5	34	28	71	16	38.5	20	36.5	46.5	32.5	48	54.5	47	24	56	50	61.5	34.5	42	21	26	40.5	49.5	46.5	21	50	37.5	31	17	30	53.5	49	1	32	51.5	8.5	35	40	46	64.5	12	56	54.5	43	32	31.5	67.5	15.5	16.5	11.5	
71	38	23	35.5	35.5	16.5	39.5	49	70.5	42.5	36.5	39.5	6.5	30.5	34	42.5	66	35	33.5	17	46.5	20	36.5	39	48.5	74	36.5	36.5	21	59.5	41	33.5	41.5	20.5	20.5	45.5	60.5	30	50	39	14	33	35.5	37.5	35	17	18	38	18.5	12.5	37	35.5	31	41	19.5	39.5	26	36	44	30.5	41	20.5	37.5	19.5	66.5	31.5	60	31.5	66	39.5	32.5	45.5	21.5	31	36.5	51.5	25	30	46	24.5	55	68	24	28.5	51	58	36.5	54	45.5	50	36	50	19.5	24.5	45	67.5	44.5	29.5	24	40	46.5	0	72.5	38.5	40.5	50.5	10	36.5	20	40	29	23.5	22	24.5	42.5	17.5	56.5	35	16	54.5	35.5	30.5	61	17	55	45.5	56.5	54	35.5	55.5	46.5	15	22.5	45.5	44.5	13	47	31.5	16.5	25.5	42	50.5	45.5	32	18.5	28.5	40	29	39	40	50	
6.5	42.5	57.5	45	100	81	76	31.5	2	38	44	41	71	46	44.5	38	14.5	45.5	92	73.5	34	60.5	44	91.5	32	9.5	57	69	85.5	13	69.5	98	39	60	65	35	20	44.5	80.5	33.5	76.5	53.5	60	98	45.5	61.5	72.5	42.5	77	62	63.5	90	49.5	39.5	66	41	50.5	44.5	66.5	50	39.5	60	43	61	12	54	20.5	54	14.5	39	63	70	74	69.5	44	27	65.5	70.5	34.5	54	25.5	17.5	56.5	52	29.5	22.5	42	76.5	35	30.5	64.5	30.5	59	61	65.5	5	36	76	56.5	40.5	34	72.5	0	42	95	30	62.5	44	60.5	70.5	51.5	72	78.5	71	38	82	16	85.5	60.5	26	45	50	19.5	73.5	25.5	35	16	26.5	45	21	34	79.5	73	35	36	77.5	27.5	41	64	70	88.5	26	80	78.5	67	48	40.5	91.5	39.5	40.5	30.5	
40.5	23.5	23.5	39	66	47	70	34.5	40	28	38	35	37	40	38.5	4	43.5	35.5	64	47.5	28	30.5	32	69.5	34	43.5	51	63	51.5	45	63.5	64	33	26	51	31	44	15.5	74.5	24.5	44.5	47.5	54	68	39.5	27.5	48.5	36.5	49	28	57.5	66	43.5	26.5	50	35	16.5	38.5	60.5	8	33.5	46	37	45	36	48	45.5	48	43.5	25	57	64	52	61.5	32	15	55.5	60.5	31.5	20	40.5	51.5	34.5	46	36.5	41.5	36	70.5	29	35.5	58.5	35.5	25	55	59.5	47	30	60	24.5	34.5	28	38.5	42	0	71	12	48.5	38	40.5	64.5	19.5	54	52.5	55	4	48	42	65.5	26.5	40	39	36	46.5	47.5	40.5	7	42	39.5	3	25	32	45.5	53	29	30	43.5	21.5	17	42	56	72.5	16	74	62.5	49	10	25.5	59.5	33.5	34.5	24.5	
93.5	70.5	55.5	68	5	24	37	81.5	93	75	61	72	34	53	56.5	75	96.5	67.5	21	39.5	71	52.5	69	21.5	81	96.5	44	44	23.5	92	41.5	7	66	53	48	78	93	62.5	32.5	71.5	36.5	45.5	47	3	57.5	49.5	40.5	64.5	36	45	45.5	23	61.5	73.5	47	68	58.5	66.5	38.5	63	71.5	53	70	52	89	51	92.5	51	96.5	72	50	37	39	43.5	69	74	47.5	42.5	78.5	57	87.5	100.5	56.5	59	83.5	90.5	59	28.5	72	82.5	46.5	82.5	52	52	37.5	100	73	37	56.5	62.5	71	40.5	95	71	0	77	50.5	61	52.5	42.5	61.5	41	34.5	42	75	25	89	27.5	48.5	87	62	63	93.5	39.5	87.5	78	89	86.5	68	78	79	27.5	40	72	77	35.5	69.5	64	49	43	24.5	73	33	34.5	46	61	72.5	21.5	61.5	62.5	72.5	
28.5	35.5	35.5	27	78	59	58	38.5	28	40	26	23	49	28	26.5	8	31.5	27.5	74	55.5	16	42.5	26	73.5	44	31.5	39	51	63.5	43	51.5	76	21	38	47	43	32	27.5	62.5	36.5	56.5	35.5	42	80	27.5	39.5	54.5	24.5	59	40	45.5	72	31.5	26.5	48	23	28.5	26.5	48.5	20	21.5	42	25	43	24	36	37.5	36	31.5	37	45	52	56	51.5	26	3	47.5	52.5	21.5	32	32.5	39.5	38.5	34	36.5	29.5	24	58.5	17	47.5	46.5	37.5	37	43	47.5	35	18	58	36.5	22.5	16	50.5	30	12	77	0	44.5	26	42.5	52.5	31.5	54	60.5	53	8	60	46	67.5	38.5	38	27	32	36.5	55.5	42.5	5	46	33.5	15	13	26	57.5	55	17	28	55.5	9.5	29	46	52	70.5	4	62	60.5	49	22	27.5	71.5	21.5	22.5	12.5	
61	48	33	39.5	45.5	26.5	45.5	59	60.5	52.5	28.5	45.5	16.5	20.5	24	52.5	64	45	43.5	27	38.5	30	46.5	49	58.5	64	26.5	38.5	31	69.5	39	43.5	33.5	30.5	30.5	55.5	64.5	40	50	49	24	23	29.5	47.5	25	27	28	32	28.5	22.5	33	45.5	29	51	29.5	35.5	36	34	36	40.5	39	30.5	37.5	29.5	56.5	23.5	70	23.5	64	49.5	32.5	39.5	31.5	39	46.5	41.5	35	40	54	34.5	65	72	34	26.5	61	62	26.5	46	39.5	60	34	60	29.5	30.5	35	67.5	40.5	39.5	34	30	38.5	10	62.5	48.5	50.5	44.5	0	28.5	30	40	39	33.5	32	34.5	52.5	27.5	66.5	45	26	64.5	29.5	40.5	69	27	65	49.5	66.5	64	45.5	45.5	56.5	25	32.5	39.5	54.5	23	37	41.5	26.5	35.5	52	40.5	49.5	42	28.5	38.5	50	39	29	30	40	
42.5	51.5	36.5	21	64	45	42	52.5	42	54	0	27	35	12	10.5	34	45.5	26.5	58	39.5	20	31.5	30	57.5	58	45.5	23	35	49.5	57	35.5	62	15	34	31	59	46	43.5	46.5	52.5	42.5	19.5	26	64	11.5	30.5	38.5	13.5	43	24	29.5	56	15.5	40.5	32	17	39.5	15.5	32.5	44	20.5	26	19	27	38	20	51.5	20	45.5	53	29	36	40	35.5	30	23	31.5	36.5	35.5	38	46.5	53.5	27.5	18	50.5	43.5	2	42.5	21	61.5	30.5	51.5	33	27	31.5	49	22	42	37.5	11.5	20	36.5	44	38	61	26	28.5	0	26.5	36.5	42.5	38	44.5	37	34	46	60	51.5	29.5	52	1	26	50.5	39.5	56.5	31	60	47.5	41	27	40	43.5	39	21	42	41.5	18.5	45	30	36	54.5	22	46	44.5	33	42	41.5	57.5	10.5	11.5	21.5	
59	40	25	37.5	47.5	28.5	51.5	51	58.5	44.5	26.5	41.5	18.5	23.5	16	44.5	62	37	45.5	29	36.5	22	38.5	51	50.5	62	34.5	46.5	33	61.5	47	45.5	31.5	22.5	32.5	47.5	62.5	32	58	41	26	31	37.5	49.5	15	19	30	30	30.5	14.5	41	47.5	11	43	31.5	33.5	28	32	44	32.5	37	27.5	35.5	26.5	54.5	31.5	62	31.5	62	41.5	40.5	47.5	33.5	43	38.5	39.5	37	42	48	26.5	57	70	26	29.5	53	60	24.5	54	37.5	52	42	52	21.5	36.5	43	65.5	38.5	41.5	26	28	36.5	20	60.5	40.5	52.5	42.5	30	26.5	0	48	31	35.5	34	36.5	44.5	29.5	58.5	47	18	56.5	27.5	32.5	63	29	57	47.5	58.5	56	37.5	43.5	48.5	27	34.5	37.5	46.5	25	35	33.5	23.5	37.5	54	38.5	57.5	44	30.5	30.5	42	41	27	28	38	
69	70	55	47.5	37.5	23.5	23.5	79	68.5	74.5	36.5	53.5	33.5	28.5	32	60.5	72	53	35.5	39	46.5	52	56.5	39	80.5	72	19.5	21.5	19	83.5	1	35.5	41.5	52.5	37.5	77.5	72.5	62	28	71	36	21	22.5	39.5	33	49	40	40	35.5	44.5	21	37.5	37	67	38.5	43.5	58	42	4	62.5	47	42.5	45.5	43.5	64.5	26.5	78	26.5	72	71.5	25.5	17.5	36.5	27	56.5	49.5	33	28	62	56.5	73	80	54	34.5	77	70	34.5	24	47.5	82	22	78	51.5	33.5	5	75.5	48.5	28.5	56	38	46.5	40	70.5	64.5	42.5	52.5	40	36.5	48	0	61	34.5	34	33.5	60.5	24.5	86.5	33	48	78.5	37.5	52.5	77	39	83	57.5	86.5	74	67.5	53.5	66.5	27	35.5	47.5	68.5	35	45	63.5	46.5	32.5	36	48.5	27.5	8	39.5	60.5	68	31	37	38	48	
50	19	14	31.5	56.5	37.5	60.5	30	49.5	23.5	42.5	25.5	27.5	44.5	43	23.5	47	26	54.5	38	32.5	21	22.5	60	29.5	53	55.5	57.5	42	40.5	62	54.5	37.5	16.5	41.5	26.5	41.5	11	71	20	35	52	56.5	58.5	44	18	39	39	39.5	18.5	58	56.5	42	22	40.5	35.5	3	37	65	11.5	32	36.5	33.5	35.5	45.5	52.5	41	52.5	47	20.5	53.5	66.5	42.5	52	22.5	30.5	46	51	27	10.5	36	49	25	44.5	32	39	40.5	75	31.5	31	57	31	15.5	45.5	64	48.5	30.5	50.5	15	39	32.5	29	51.5	19.5	61.5	31.5	39	42.5	31	61	0	44.5	43	45.5	23.5	38.5	37.5	56	17	35.5	41.5	26.5	42	38	36	26.5	37.5	35	16.5	34.5	27.5	36	43.5	31.5	25.5	34	24	12.5	32.5	46.5	63	29.5	66.5	53	39.5	9.5	21	50	38	39	21	
70.5	53.5	38.5	49	36	17	40	64.5	70	58	38	55	17	30	33.5	58	73.5	50.5	34	22.5	48	35.5	52	39.5	64	73.5	15	33	21.5	75	33.5	34	43	36	31	61	74	45.5	44.5	54.5	19.5	22.5	12	38	34.5	32.5	23.5	41.5	5	28	27.5	36	38.5	56.5	30	45	41.5	43.5	30.5	46	48.5	36	47	35	66	28	75.5	28	73.5	55	9	34	2	31.5	52	51	30.5	30.5	61.5	40	70.5	81.5	39.5	36	66.5	71.5	36	40.5	49	65.5	28.5	65.5	35	35	29.5	77	50	30	39.5	39.5	48	23.5	72	54	41	54	33.5	38	35.5	34.5	44.5	0	22.5	1	58	18	72	35.5	31.5	70	39	46	76.5	22.5	70.5	59	72	69.5	51	55	62	15.5	1	49	60	18.5	46.5	47	32	2	42.5	50	44	32.5	29	44	55.5	29.5	38.5	39.5	49.5	
77	52	37	49.5	29.5	10.5	33.5	63	76.5	56.5	44.5	53.5	15.5	36.5	40	56.5	80	49	27.5	21	54.5	34	50.5	33	62.5	80	27.5	30.5	15	73.5	35	27.5	49.5	34.5	29.5	59.5	74.5	44	44	53	18	29	30.5	31.5	41	31	22	48	17.5	26.5	15	29.5	45	55	28.5	51.5	40	50	32	44.5	55	34.5	51.5	33.5	72.5	34.5	74	34.5	80	53.5	31.5	35.5	20.5	9	50.5	57.5	29	8	60	38.5	69	82	38	42.5	65	72	42.5	42	55.5	64	14	64	33.5	33.5	31	81.5	56.5	23.5	38	46	54.5	22	78.5	52.5	34.5	60.5	32	44.5	34	34	43	22.5	0	23.5	56.5	11.5	70.5	29	30	68.5	45.5	44.5	75	21	69	59.5	70.5	68	49.5	61.5	60.5	7	21.5	55.5	58.5	17	53	45.5	30.5	24.5	36	56.5	39.5	26	27.5	42.5	54	23	45	46	56	
69.5	54.5	39.5	48	37	18	39	65.5	69	59	37	54	18	29	32.5	59	72.5	51.5	35	23.5	47	36.5	53	40.5	65	72.5	14	32	22.5	76	32.5	35	42	37	32	62	73	46.5	43.5	55.5	20.5	21.5	11	39	33.5	33.5	24.5	40.5	6	29	26.5	37	37.5	57.5	31	44	42.5	42.5	29.5	47	47.5	37	46	36	65	27	76.5	27	72.5	56	8	33	3	32.5	53	50	31.5	31.5	62.5	41	71.5	80.5	40.5	35	67.5	70.5	35	39.5	48	66.5	27.5	66.5	36	34	28.5	76	49	31	40.5	38.5	47	24.5	71	55	42	53	34.5	37	36.5	33.5	45.5	1	23.5	0	59	19	73	36.5	32.5	71	38	47	77.5	23.5	71.5	58	73	70.5	52	54	63	16.5	2	48	61	19.5	45.5	48	33	1	43.5	49	43	33.5	30	45	56.5	30.5	37.5	38.5	48.5	
36.5	27.5	27.5	35	70	51	66	38.5	36	32	34	31	41	36	34.5	0	39.5	35.5	68	51.5	24	34.5	34	73.5	38	39.5	47	59	55.5	49	59.5	68	29	30	55	35	40	19.5	70.5	28.5	48.5	43.5	50	72	35.5	31.5	52.5	32.5	53	32	53.5	70	39.5	30.5	54	31	20.5	34.5	56.5	12	29.5	50	33	49	32	44	45.5	44	39.5	29	53	60	56	59.5	34	11	55.5	60.5	29.5	24	40.5	47.5	38.5	42	40.5	37.5	32	66.5	25	39.5	54.5	39.5	29	51	55.5	43	26	64	28.5	30.5	24	42.5	38	4	75	8	52.5	34	44.5	60.5	23.5	58	56.5	59	0	52	46	69.5	30.5	44	35	40	44.5	51.5	44.5	3	46	41.5	7	21	34	49.5	57	25	34	47.5	17.5	21	46	60	76.5	12	70	66.5	53	14	29.5	63.5	29.5	30.5	20.5	
86.5	47.5	32.5	45	20	1	24	58.5	84	52	46	49	11	44	45.5	52	75.5	44.5	18	16.5	56	29.5	46	23.5	58	85.5	33	19	5.5	69	25.5	18	51	30	25	55	70	39.5	34.5	48.5	13.5	36.5	30	22	44.5	26.5	17.5	47.5	13	22	26.5	20	40.5	50.5	24	49	35.5	45.5	28.5	40	50.5	30	47	29	78	36	69.5	36	75.5	49	27	30	16	20.5	46	63	24.5	19.5	55.5	34	64.5	77.5	33.5	38	60.5	67.5	48	38.5	55	59.5	25.5	59.5	29	29	29.5	77	54	12	33.5	49.5	56	17.5	82	48	25	60	27.5	46	29.5	24.5	38.5	18	11.5	19	52	0	66	19.5	25.5	64	45	40	70.5	16.5	64.5	55	66	63.5	45	69	56	4.5	17	55	54	12.5	62.5	41	26	20	26.5	64	30	16.5	23	38	49.5	13.5	50.5	49.5	59.5	
22.5	26.5	41.5	59	84	65	88	27.5	18	26	60	53	55	62	60.5	46	30.5	53.5	82	65.5	50	48.5	50	87.5	22	25.5	73	85	69.5	3	85.5	82	55	44	69	19	34	28.5	96.5	17.5	62.5	69.5	76	86	61.5	45.5	66.5	58.5	67	46	79.5	84	65.5	39.5	68	57	34.5	60.5	82.5	34	55.5	64	59	63	28	70	28.5	70	30.5	23	79	86	70	79.5	50	43	73.5	78.5	44.5	38	33.5	31.5	52.5	68	29.5	36.5	58	92.5	51	18.5	80.5	28.5	43	73	81.5	11	52	78	42.5	56.5	50	56.5	16	42	89	46	66.5	60	58.5	86.5	37.5	72	70.5	73	46	66	0	83.5	44.5	28	61	54	29.5	65.5	23.5	49	0	32.5	39	37	40	63.5	71	51	38	61.5	43.5	25	60	74	90.5	42	94	80.5	67	32	38.5	77.5	55.5	56.5	46.5	
84	65	50	62.5	22.5	18.5	31.5	76	83.5	69.5	51.5	66.5	28.5	43.5	47	69.5	87	62	20.5	34	61.5	47	63.5	26	75.5	87	34.5	36.5	18	86.5	32	20.5	56.5	47.5	42.5	72.5	87.5	57	33	66	31	36	37.5	24.5	48	44	35	55	30.5	39.5	36	22.5	52	68	41.5	58.5	53	57	29	57.5	62	47.5	60.5	46.5	79.5	41.5	87	41.5	87	66.5	40.5	27.5	33.5	38	63.5	64.5	42	37	73	51.5	82	95	51	49.5	78	85	49.5	29	62.5	77	37	77	46.5	46.5	28	90.5	63.5	31.5	51	53	61.5	35	85.5	65.5	27.5	67.5	45	51.5	47	33	56	35.5	29	36.5	69.5	19.5	83.5	0	43	81.5	52.5	57.5	88	34	82	72.5	83.5	81	62.5	68.5	73.5	22	34.5	62.5	71.5	30	60	58.5	43.5	37.5	29	63.5	32.5	29	40.5	55.5	67	6	52	53	63	
63	26	11	23.5	43.5	24.5	47.5	37	62.5	30.5	29.5	27.5	14.5	37.5	34	30.5	54	23	41.5	25	34.5	4	24.5	47	36.5	64	46.5	44.5	29	47.5	49	41.5	29.5	8.5	28.5	33.5	48.5	18	58	27	22	45	43.5	45.5	33	1	26	22	26.5	5.5	45	43.5	29	29	27.5	27.5	14	20	52	18.5	29	23.5	25.5	22.5	56.5	39.5	48	39.5	54	27.5	40.5	53.5	29.5	39	24.5	41.5	33	38	34	12.5	43	56	8	31.5	39	46	31.5	62	33.5	38	44	38	7.5	32.5	53	55.5	32.5	37.5	12	24	34.5	16	60.5	26.5	48.5	38.5	26	29.5	18	48	17	31.5	30	32.5	30.5	25.5	44.5	43	0	42.5	28.5	18.5	49	25	43	33.5	44.5	42	23.5	47.5	34.5	23	30.5	33.5	32.5	21	39	19.5	19.5	33.5	50	42.5	53.5	40	26.5	16.5	28	37	25	24	38	
24.5	24.5	39.5	53	82	63	84	25.5	24	24	52	49	53	54	52.5	44	27.5	51.5	80	63.5	42	46.5	48	85.5	6	27.5	65	77	67.5	31	77.5	80	47	42	67	9	6	26.5	88.5	15.5	60.5	61.5	68	84	53.5	43.5	64.5	50.5	65	44	71.5	82	57.5	37.5	66	49	32.5	52.5	74.5	32	47.5	62	51	61	14	62	31.5	62	27.5	21	71	78	68	77.5	48	35	71.5	76.5	42.5	36	31.5	35.5	50.5	60	27.5	30.5	50	84.5	43	21.5	72.5	26.5	41	69	73.5	31	44	76	40.5	48.5	42	54.5	26	40	87	38	64.5	52	56.5	78.5	35.5	70	68.5	71	44	64	28	81.5	42.5	0	53	52	32.5	63.5	26.5	43	28	30.5	37	29	38	61.5	69	43	36	59.5	35.5	23	58	72	88.5	34	88	78.5	65	30	36.5	75.5	47.5	48.5	38.5	
43.5	50.5	35.5	22	63	44	43	53.5	43	55	1	28	34	13	11.5	35	46.5	27.5	59	40.5	21	32.5	31	58.5	59	46.5	24	36	48.5	58	36.5	61	16	33	32	58	47	42.5	47.5	51.5	41.5	20.5	27	65	12.5	29.5	39.5	14.5	44	23	30.5	57	16.5	41.5	33	18	38.5	16.5	33.5	43	21.5	27	20	28	39	21	52.5	21	46.5	52	30	37	41	36.5	31	24	32.5	37.5	36.5	37	47.5	54.5	28.5	19	51.5	44.5	3	43.5	22	62.5	31.5	52.5	32	28	32.5	50	23	43	36.5	12.5	21	35.5	45	39	62	27	29.5	1	27.5	37.5	41.5	39	45.5	38	35	45	61	52.5	28.5	53	0	27	51.5	40.5	57.5	32	61	48.5	42	28	41	42.5	40	22	43	40.5	19.5	44	31	37	55.5	23	47	45.5	34	41	42.5	56.5	11.5	12.5	22.5	
48.5	35.5	20.5	5	58	39	58	46.5	48	40	26	33	29	28	26.5	40	51.5	32.5	56	39.5	26	22.5	34	61.5	46	51.5	39	51	43.5	57	51.5	56	11	10	43	43	52	27.5	62.5	36.5	36.5	35.5	42	60	27.5	19.5	40.5	24.5	41	20	45.5	58	31.5	38.5	42	9	23.5	26.5	48.5	28	26.5	38	7	37	44	36	57.5	36	51.5	37	45	52	44	51.5	34	29	47.5	52.5	41.5	22	52.5	59.5	26.5	34	48.5	49.5	24	58.5	27	47.5	46.5	47.5	11	43	47.5	55	28	52	21.5	22.5	26	30.5	50	36	63	32	40.5	26	32.5	52.5	26.5	46	44.5	47	40	40	54	57.5	18.5	52	27	0	56.5	39.5	52.5	37	54	51.5	33	33	44	37.5	45	27	42	35.5	24.5	29	34	48	64.5	28	62	54.5	41	26	37.5	51.5	21.5	22.5	27.5	
18	31	46	51.5	88.5	69.5	82.5	32	17.5	30.5	50.5	47.5	59.5	52.5	51	44.5	5	52	86.5	70	40.5	53	50.5	92	26.5	21	63.5	75.5	74	32.5	76	86.5	45.5	48.5	71.5	23.5	26.5	33	87	22	67	60	66.5	90.5	52	50	71	49	71.5	50.5	70	88.5	56	44	72.5	47.5	39	51	73	38.5	46	66.5	49.5	67.5	18.5	60.5	1	60.5	5	27.5	69.5	76.5	74.5	76	50.5	33.5	72	77	41	42.5	32	29	57	58.5	34	29	48.5	83	41.5	11	71	33	47.5	67.5	72	24.5	42.5	82.5	47	47	40.5	61	19.5	46.5	93.5	36.5	69	50.5	63	77	42	76.5	75	77.5	44.5	70.5	29.5	88	49	32.5	51.5	56.5	0	70	6	41.5	29.5	33	43.5	27.5	40.5	68	75.5	41.5	42.5	66	34	29.5	64.5	76.5	95	32.5	86.5	85	71.5	36.5	43	82	46	47	37	
72	47	32	44.5	34.5	15.5	38.5	58	71.5	51.5	39.5	48.5	10.5	31.5	35	51.5	75	44	32.5	0	49.5	29	45.5	38	57.5	75	27.5	35.5	20	68.5	40	32.5	44.5	29.5	24.5	54.5	69.5	39	49	48	3	20	30.5	36.5	36	26	1	43	17.5	21.5	34	34.5	40	50	23.5	46.5	35	45	37	39.5	50	29.5	46.5	28.5	67.5	29.5	69	29.5	75	48.5	31.5	40.5	20.5	30	45.5	52.5	8	29	55	33.5	64	77	33	37.5	60	67	37.5	47	50.5	59	35	59	28.5	28.5	36	76.5	51.5	28.5	33	41	49.5	17	73.5	47.5	39.5	55.5	27	39.5	29	39	38	22.5	21	23.5	51.5	16.5	65.5	34	25	63.5	40.5	39.5	70	0	64	54.5	65.5	63	44.5	56.5	55.5	14	21.5	50.5	53.5	4	48	40.5	25.5	24.5	41	51.5	44.5	31	22.5	37.5	49	28	40	41	51	
24	25	40	57.5	82.5	63.5	86.5	26	23.5	24.5	56.5	51.5	53.5	58.5	57	44.5	11	52	80.5	64	46.5	47	48.5	86	20.5	27	69.5	81.5	68	26.5	82	80.5	51.5	42.5	67.5	17.5	32.5	27	93	16	61	66	72.5	84.5	58	44	65	55	65.5	44.5	76	82.5	62	38	66.5	53.5	33	57	79	32.5	52	62.5	55.5	61.5	24.5	66.5	5	66.5	11	21.5	75.5	82.5	68.5	78	48.5	39.5	72	77	43	36.5	32	35	51	64.5	28	35	54.5	89	47.5	5	77	27	41.5	71.5	78	30.5	48.5	76.5	41	53	46.5	55	25.5	40.5	87.5	42.5	65	56.5	57	83	36	70.5	69	71.5	44.5	64.5	23.5	82	43	26.5	57.5	52.5	6	64	0	47.5	23.5	31	37.5	33.5	38.5	62	69.5	47.5	36.5	60	40	23.5	58.5	72.5	89	38.5	92.5	79	65.5	30.5	37	76	52	53	43	
33.5	30.5	30.5	32	73	54	63	41.5	33	35	31	28	44	33	31.5	3	36.5	32.5	71	54.5	21	37.5	31	76.5	41	36.5	44	56	58.5	48	56.5	71	26	33	52	38	37	22.5	67.5	31.5	51.5	40.5	47	75	32.5	34.5	55.5	29.5	56	35	50.5	73	36.5	31.5	53	28	23.5	31.5	53.5	15	26.5	47	30	48	29	41	42.5	41	36.5	32	50	57	59	56.5	31	8	52.5	57.5	26.5	27	37.5	44.5	41.5	39	41.5	34.5	29	63.5	22	42.5	51.5	42.5	32	48	52.5	40	23	63	31.5	27.5	21	45.5	35	7	78	5	49.5	31	47.5	57.5	26.5	59	59.5	58	3	55	49	72.5	33.5	43	32	37	41.5	54.5	47.5	0	49	38.5	10	18	31	52.5	60	22	33	50.5	14.5	24	49	57	75.5	9	67	65.5	54	17	32.5	66.5	26.5	27.5	17.5	
22.5	26.5	41.5	59	84	65	88	27.5	18	26	60	53	55	62	60.5	46	30.5	53.5	82	65.5	50	48.5	50	87.5	22	25.5	73	85	69.5	3	85.5	82	55	44	69	19	34	28.5	96.5	17.5	62.5	69.5	76	86	61.5	45.5	66.5	58.5	67	46	79.5	84	65.5	39.5	68	57	34.5	60.5	82.5	34	55.5	64	59	63	28	70	28.5	70	30.5	23	79	86	70	79.5	50	43	73.5	78.5	44.5	38	33.5	31.5	52.5	68	29.5	36.5	58	92.5	51	18.5	80.5	28.5	43	73	81.5	11	52	78	42.5	56.5	50	56.5	16	42	89	46	66.5	60	58.5	86.5	37.5	72	70.5	73	46	66	0	83.5	44.5	28	61	54	29.5	65.5	23.5	49	0	32.5	39	37	40	63.5	71	51	38	61.5	43.5	25	60	74	90.5	42	94	80.5	67	32	38.5	77.5	55.5	56.5	46.5	
25	24	39	48.5	81.5	62.5	79.5	5	24.5	23.5	47.5	44.5	52.5	49.5	48	41.5	28	49	79.5	63	37.5	46	47.5	85	24.5	28	60.5	72.5	67	35.5	73	79.5	42.5	41.5	66.5	21.5	28.5	26	84	15	60	57	63.5	83.5	49	43	64	46	64.5	43.5	67	81.5	53	37	65.5	44.5	32	48	70	31.5	43	61.5	46.5	60.5	20.5	57.5	34	57.5	28	20.5	66.5	73.5	67.5	73	47.5	30.5	69	74	38	35.5	1	36	50	55.5	3	4	45.5	80	38.5	26	68	4	40.5	64.5	69	31.5	39.5	75.5	40	44	37.5	54	26.5	39.5	86.5	33.5	64	47.5	56	74	35	69.5	68	70.5	41.5	63.5	32.5	81	42	30.5	48.5	51.5	33	63	31	38.5	32.5	0	36.5	24.5	37.5	61	68.5	38.5	35.5	59	31	22.5	57.5	71.5	88	29.5	83.5	78	64.5	29.5	36	75	43	44	34	
43.5	20.5	20.5	38	63	44	67	31.5	43	25	41	32	34	43	41.5	7	46.5	32.5	61	44.5	31	27.5	29	66.5	31	46.5	54	64	48.5	42	66.5	61	36	23	48	28	43	12.5	77.5	21.5	41.5	50.5	57	65	42.5	24.5	45.5	39.5	46	25	60.5	63	46.5	23.5	47	38	13.5	41.5	63.5	5	36.5	43	40	42	39	51	42.5	51	46.5	22	60	67	49	58.5	29	18	52.5	57.5	28.5	17	37.5	50.5	31.5	49	33.5	40.5	39	73.5	32	32.5	61.5	32.5	22	52	62.5	50	33	57	21.5	37.5	31	35.5	45	3	68	15	45.5	41	37.5	67.5	16.5	51	49.5	52	7	45	39	62.5	23.5	37	42	33	43.5	44.5	37.5	10	39	36.5	0	28	29	42.5	50	32	27	40.5	24.5	14	39	53	69.5	19	73	59.5	46	7	22.5	56.5	36.5	37.5	27.5	
19.5	30.5	40.5	28	83	68	59	29.5	19	31	27	24	58	29	27.5	21	22.5	28.5	75	56.5	17	43.5	27	74.5	35	22.5	40	52	72.5	34	52.5	85	22	43	48	38	23	31.5	63.5	35.5	59.5	36.5	43	81	28.5	46.5	55.5	25.5	60	49	46.5	73	32.5	22.5	49	24	37.5	27.5	49.5	33	22.5	43	26	44	15	37	28.5	37	22.5	34	46	53	57	52.5	27	10	48.5	53.5	17.5	39	23.5	30.5	39.5	35	27.5	20.5	25	59.5	18	38.5	47.5	28.5	44	44	48.5	26	19	59	39.5	23.5	17	55.5	21	25	78	13	45.5	27	43.5	53.5	34.5	55	61.5	54	21	69	37	68.5	47.5	29	28	33	27.5	56.5	33.5	18	37	24.5	28	0	13	66.5	56	18	15	60.5	10.5	28	47	53	71.5	9	63	61.5	50	35	23.5	74.5	22.5	23.5	13.5	
32.5	21.5	31.5	41	74	55	72	32.5	32	26	40	37	45	42	40.5	34	35.5	41.5	72	55.5	30	38.5	40	77.5	32	35.5	53	65	59.5	43	65.5	72	35	34	59	29	36	18.5	76.5	22.5	52.5	49.5	56	76	41.5	35.5	56.5	38.5	57	36	59.5	74	45.5	29.5	58	37	24.5	40.5	62.5	24	35.5	54	39	53	28	50	41.5	50	35.5	23	59	66	60	65.5	40	23	61.5	66.5	30.5	28	36.5	43.5	42.5	48	34.5	33.5	38	72.5	31	33.5	60.5	33.5	33	57	61.5	39	32	68	32.5	36.5	30	46.5	34	32	79	26	56.5	40	48.5	66.5	27.5	62	60.5	63	34	56	40	73.5	34.5	38	41	44	40.5	55.5	38.5	31	40	37.5	29	13	0	53.5	61	31	2	51.5	23.5	15	50	64	80.5	22	76	70.5	57	22	28.5	67.5	35.5	36.5	26.5	
84	45	30	42.5	22.5	3.5	26.5	56	81.5	49.5	43.5	46.5	8.5	41.5	43	49.5	73	42	20.5	14	53.5	27	43.5	26	55.5	83	30.5	23.5	8	66.5	28	20.5	48.5	27.5	22.5	52.5	67.5	37	37	46	11	34	27.5	24.5	42	24	15	45	10.5	19.5	22	22.5	38	48	21.5	46.5	33	43	31	37.5	48	27.5	44.5	26.5	75.5	33.5	67	33.5	73	46.5	24.5	32.5	13.5	16	43.5	60.5	22	15	53	31.5	62	75	31	35.5	58	65	45.5	41	52.5	57	21	57	26.5	26.5	32	74.5	51.5	16.5	31	47	53.5	15	79.5	45.5	27.5	57.5	25	43.5	27	27	36	15.5	7	16.5	49.5	4.5	63.5	22	23	61.5	42.5	37.5	68	14	62	52.5	63.5	61	42.5	66.5	53.5	0	14.5	52.5	51.5	10	60	38.5	23.5	17.5	29	61.5	32.5	19	20.5	35.5	47	16	48	47	57	
71.5	52.5	37.5	50	35	16	39	63.5	71	57	39	54	16	31	34.5	57	74.5	49.5	33	21.5	49	34.5	51	38.5	63	74.5	16	34	20.5	74	34.5	33	44	35	30	60	75	44.5	45.5	53.5	18.5	23.5	13	37	35.5	31.5	22.5	42.5	4	27	28.5	35	39.5	55.5	29	46	40.5	44.5	31.5	45	49.5	35	48	34	67	29	74.5	29	74.5	54	10	35	1	30.5	51	52	29.5	29.5	60.5	39	69.5	82.5	38.5	37	65.5	72.5	37	41.5	50	64.5	29.5	64.5	34	34	30.5	78	51	29	38.5	40.5	49	22.5	73	53	40	55	32.5	39	34.5	35.5	43.5	1	21.5	2	57	17	71	34.5	30.5	69	40	45	75.5	21.5	69.5	60	71	68.5	50	56	61	14.5	0	50	59	17.5	47.5	46	31	3	41.5	51	45	31.5	28	43	54.5	28.5	39.5	40.5	50.5	
33.5	40.5	30.5	22	73	54	53	43.5	33	45	21	6	44	23	21.5	25	36.5	22.5	69	50.5	1	37.5	9	68.5	49	36.5	34	46	58.5	48	46.5	71	16	33	42	48	37	32.5	57.5	41.5	51.5	30.5	37	75	22.5	34.5	49.5	19.5	54	35	40.5	67	26.5	31.5	43	18	28.5	21.5	43.5	33	16.5	37	20	38	29	31	42.5	31	36.5	42	40	47	51	46.5	9	14	42.5	47.5	26.5	21	37.5	44.5	33.5	29	41.5	34.5	19	53.5	0	52.5	41.5	42.5	32	38	42.5	40	1	53	31.5	17.5	1	45.5	35	29	72	17	39.5	21	37.5	47.5	31.5	49	55.5	48	25	55	51	62.5	33.5	43	22	27	41.5	50.5	47.5	22	51	38.5	32	18	31	52.5	50	0	33	50.5	9.5	34	41	47	65.5	13	57	55.5	44	31	32.5	66.5	16.5	17.5	12.5	
34.5	19.5	29.5	43	72	53	74	30.5	34	24	42	39	43	44	42.5	34	37.5	41.5	70	53.5	32	36.5	38	75.5	30	37.5	55	67	57.5	41	67.5	70	37	32	57	27	38	16.5	78.5	20.5	50.5	51.5	58	74	43.5	33.5	54.5	40.5	55	34	61.5	72	47.5	27.5	56	39	22.5	42.5	64.5	22	37.5	52	41	51	30	52	41.5	52	37.5	21	61	68	58	67.5	38	25	61.5	66.5	32.5	26	36.5	45.5	40.5	50	32.5	35.5	40	74.5	33	31.5	62.5	31.5	31	59	63.5	41	34	66	30.5	38.5	32	44.5	36	30	77	28	54.5	42	46.5	68.5	25.5	60	58.5	61	34	54	38	71.5	32.5	36	43	42	42.5	53.5	36.5	33	38	35.5	27	15	2	51.5	59	33	0	49.5	25.5	13	48	62	78.5	24	78	68.5	55	20	26.5	65.5	37.5	38.5	28.5	
76	43	28	40.5	30.5	11.5	34.5	54	75.5	47.5	41.5	44.5	6.5	35.5	39	47.5	71	40	28.5	4	51.5	25	41.5	34	53.5	79	31.5	31.5	16	64.5	36	28.5	46.5	25.5	20.5	50.5	65.5	35	45	44	1	24	30.5	32.5	40	22	5	43	13.5	17.5	32	30.5	36	46	19.5	44.5	31	41	39	35.5	46	25.5	42.5	24.5	71.5	31.5	65	31.5	71	44.5	27.5	40.5	16.5	26	41.5	56.5	12	25	51	29.5	60	73	29	33.5	56	63	41.5	49	50.5	55	31	55	24.5	24.5	40	72.5	49.5	24.5	29	45	51.5	13	77.5	43.5	35.5	55.5	23	41.5	25	35	34	18.5	17	19.5	47.5	12.5	61.5	30	21	59.5	40.5	35.5	66	4	60	50.5	61.5	59	40.5	60.5	51.5	10	17.5	50.5	49.5	0	52	36.5	21.5	20.5	37	55.5	40.5	27	18.5	33.5	45	24	44	45	55	
26	37	32	19.5	74.5	61.5	50.5	36	25.5	37.5	18.5	15.5	51.5	20.5	19	17.5	29	20	66.5	48	8.5	35	18.5	66	41.5	29	31.5	43.5	64	40.5	44	76.5	13.5	34.5	39.5	44.5	29.5	35	55	44	51	28	34.5	72.5	20	38	47	17	51.5	42.5	38	64.5	24	24	40.5	15.5	27	19	41	29.5	14	34.5	17.5	35.5	21.5	28.5	35	28.5	29	40.5	37.5	44.5	48.5	44	18.5	6.5	40	45	19	30.5	30	37	31	26.5	34	27	16.5	51	9.5	45	39	35	35.5	35.5	40	32.5	10.5	50.5	31	15	8.5	47	27.5	21.5	69.5	9.5	37	18.5	35	45	24	46.5	53	45.5	17.5	62.5	43.5	60	39	35.5	19.5	24.5	34	48	40	14.5	43.5	31	24.5	10.5	23.5	60	47.5	9.5	25.5	52	0	36.5	38.5	44.5	63	5.5	54.5	53	41.5	31.5	25	66	14	15	3	
47.5	6.5	16.5	34	59	40	63	17.5	43	11	45	28	30	53	49.5	21	34.5	28.5	57	40.5	35	23.5	25	62.5	17	44.5	62	60	44.5	28	64.5	57	40	19	44	14	29	3.5	73.5	7.5	37.5	60.5	59	61	48.5	20.5	41.5	41.5	42	21	60.5	59	44.5	14.5	43	38	9.5	39.5	67.5	9	34.5	39	36	38	37	55	28.5	55	34.5	8	56	69	45	54.5	25	32	48.5	53.5	19.5	13	23.5	36.5	27.5	47	19.5	26.5	47	77.5	34	18.5	59.5	18.5	18	48	68.5	36	33	53	17.5	43.5	35	31.5	41	17	64	29	41.5	45	33.5	63.5	12.5	47	45.5	48	21	41	25	58.5	19.5	23	44	29	29.5	40.5	23.5	24	25	22.5	14	28	15	38.5	46	34	13	36.5	36.5	0	35	49	65.5	33	69	55.5	42	7	13.5	52.5	44.5	43.5	33.5	
62.5	41.5	26.5	39	44	25	48	52.5	62	46	30	43	15	18	25.5	46	65.5	38.5	42	25.5	40	23.5	40	47.5	52	65.5	33	45	29.5	63	45.5	42	35	24	29	49	64	33.5	56.5	42.5	22.5	29.5	36	46	26.5	20.5	26.5	33.5	27	16	39.5	44	30.5	44.5	28	37	29.5	35.5	42.5	34	40.5	4	39	3	58	30	63.5	30	65.5	43	39	46	30	39.5	40	43	33.5	38.5	49.5	28	58.5	71.5	27.5	12	54.5	61.5	28	52.5	41	53.5	40.5	53.5	23	33	41.5	69	42	38	27.5	31.5	40	16.5	64	42	49	46	26.5	30	23.5	46.5	32.5	32	30.5	33	46	26	60	43.5	19.5	58	31	34	64.5	25.5	58.5	49	60	57.5	39	47	50	23.5	31	41	48	21.5	38.5	35	0	34	50.5	42	54	40.5	27	32	43.5	37.5	30.5	31.5	41.5	
68.5	55.5	40.5	47	38	19	38	66.5	68	60	36	53	19	28	31.5	60	71.5	52.5	36	24.5	46	37.5	54	41.5	66	71.5	13	31	23.5	77	31.5	36	41	38	33	63	72	47.5	42.5	56.5	21.5	20.5	10	40	32.5	34.5	25.5	39.5	7	30	25.5	38	36.5	58.5	32	43	43.5	41.5	28.5	48	46.5	38	45	37	64	26	77.5	26	71.5	57	7	32	4	31.5	54	49	32.5	32.5	61.5	42	72.5	79.5	41.5	34	68.5	69.5	34	38.5	47	67.5	26.5	67.5	37	33	27.5	75	48	32	41.5	37.5	46	25.5	70	56	43	52	35.5	36	37.5	32.5	46.5	2	24.5	1	60	20	74	37.5	33.5	72	37	48	76.5	24.5	72.5	57	74	71.5	53	53	64	17.5	3	47	62	20.5	44.5	49	34	0	44.5	48	42	34.5	31	46	57.5	31.5	36.5	37.5	47.5	
87	72	57	65.5	19.5	25.5	36.5	83	86.5	76.5	54.5	71.5	35.5	46.5	50	76.5	90	69	22.5	41	64.5	54	70.5	3	82.5	90	37.5	39.5	25	93.5	35	17.5	59.5	54.5	49.5	79.5	90.5	64	8	73	38	39	40.5	21.5	51	51	42	58	37.5	46.5	39	24.5	55	75	48.5	61.5	60	60	32	64.5	65	54.5	63.5	53.5	82.5	44.5	94	44.5	90	73.5	43.5	30.5	40.5	45	70.5	67.5	49	44	80	58.5	89	98	58	52.5	85	88	52.5	12	65.5	84	40	84	53.5	51.5	31	93.5	66.5	38.5	58	56	64.5	42	88.5	72.5	24.5	70.5	52	54.5	54	36	63	42.5	36	43.5	76.5	26.5	90.5	29	50	88.5	55.5	64.5	95	41	89	75.5	90.5	88	69.5	71.5	80.5	29	41.5	65.5	78.5	37	63	65.5	50.5	44.5	0	66.5	30.5	36	47.5	62.5	74	23	55	56	66	
24.5	35.5	35.5	23	78	63	54	34.5	24	36	22	19	53	24	22.5	12	27.5	23.5	70	51.5	12	38.5	22	69.5	40	27.5	35	47	67.5	39	47.5	80	17	38	43	43	28	31.5	58.5	40.5	54.5	31.5	38	76	23.5	41.5	50.5	20.5	55	44	41.5	68	27.5	22.5	44	19	32.5	22.5	44.5	24	17.5	38	21	39	20	32	33.5	32	27.5	39	41	48	52	47.5	22	1	43.5	48.5	17.5	34	28.5	35.5	34.5	30	32.5	25.5	20	54.5	13	43.5	42.5	33.5	39	39	43.5	31	14	54	34.5	18.5	12	50.5	26	16	73	4	40.5	22	38.5	48.5	29.5	50	56.5	49	12	64	42	63.5	42.5	34	23	28	32.5	51.5	38.5	9	42	29.5	19	9	22	61.5	51	13	24	55.5	5.5	33	42	48	66.5	0	58	56.5	45	26	23.5	69.5	17.5	18.5	8.5	
78.5	75.5	60.5	57	28	29	28	86.5	78	80	46	63	39	38	41.5	70	81.5	62.5	12	44.5	56	57.5	66	31.5	86	81.5	29	31	28.5	93	26.5	26	51	58	47	83	82	67.5	22.5	76.5	41.5	30.5	32	30	42.5	54.5	45.5	49.5	41	50	30.5	10	46.5	76.5	48	53	63.5	51.5	23.5	68	56.5	52	55	53	74	36	87.5	36	81.5	77	35	22	44	36.5	66	59	42.5	37.5	71.5	62	82.5	89.5	61.5	44	86.5	79.5	44	18.5	57	87.5	31.5	87.5	57	43	22.5	85	58	38	61.5	47.5	56	45.5	80	74	33	62	49.5	46	57.5	27.5	66.5	44	39.5	43	70	30	94	32.5	53.5	88	47	62	86.5	44.5	92.5	67	94	83.5	73	63	76	32.5	45	57	78	40.5	54.5	69	54	42	30.5	58	0	35.5	49	66	77.5	26.5	46.5	47.5	57.5	
77	62	47	55.5	29.5	15.5	31.5	73	76.5	66.5	44.5	61.5	25.5	36.5	40	66.5	80	59	27.5	31	54.5	44	60.5	33	72.5	80	27.5	29.5	11	83.5	9	27.5	49.5	44.5	39.5	69.5	80.5	54	36	63	28	29	30.5	31.5	41	41	32	48	27.5	36.5	29	29.5	45	65	38.5	51.5	50	50	12	54.5	55	44.5	53.5	43.5	72.5	34.5	84	34.5	80	63.5	33.5	25.5	30.5	35	60.5	57.5	39	34	70	48.5	79	88	48	42.5	75	78	42.5	32	55.5	74	30	74	43.5	41.5	13	83.5	56.5	28.5	48	46	54.5	32	78.5	62.5	34.5	60.5	42	44.5	44	8	53	32.5	26	33.5	66.5	16.5	80.5	29	40	78.5	45.5	54.5	85	31	79	65.5	80.5	78	59.5	61.5	70.5	19	31.5	55.5	68.5	27	53	55.5	40.5	34.5	36	56.5	35.5	0	37.5	52.5	64	23	45	46	56	
65.5	48.5	33.5	44	41	22	45	59.5	65	53	33	50	12	25	28.5	53	68.5	45.5	39	22.5	43	30.5	47	44.5	59	68.5	26	38	26.5	70	38.5	39	38	31	2	56	69	40.5	49.5	49.5	19.5	22.5	29	43	29.5	27.5	23.5	36.5	24	23	32.5	41	33.5	51.5	1	40	36.5	38.5	35.5	41	43.5	31	42	30	61	13	70.5	13	68.5	50	32	39	27	36.5	47	46	30.5	35.5	56.5	35	65.5	76.5	34.5	31	61.5	66.5	31	45.5	44	60.5	33.5	60.5	30	6	34.5	72	45	35	34.5	34.5	43	18.5	67	49	46	49	28.5	33	30.5	39.5	39.5	29	27.5	30	53	23	67	40.5	26.5	65	34	41	71.5	22.5	65.5	54	67	64.5	46	50	57	20.5	28	44	55	18.5	41.5	42	27	31	47.5	45	49	37.5	0	39	50.5	34.5	33.5	34.5	44.5	
50.5	13.5	13.5	31	56	37	60	24.5	50	18	42	25	27	50	46.5	14	41.5	25.5	54	37.5	32	20.5	22	59.5	24	51.5	59	57	41.5	35	61.5	54	37	16	41	21	36	5.5	70.5	14.5	34.5	57.5	56	58	45.5	17.5	38.5	38.5	39	18	57.5	56	41.5	16.5	40	35	6.5	36.5	64.5	2	31.5	36	33	35	44	52	35.5	52	41.5	15	53	66	42	51.5	22	25	45.5	50.5	21.5	10	30.5	43.5	24.5	44	26.5	33.5	44	74.5	31	25.5	56.5	25.5	15	45	65.5	43	30	50	14.5	40.5	32	28.5	48	10	61	22	38.5	42	30.5	60.5	9.5	44	42.5	45	14	38	32	55.5	16.5	30	41	26	36.5	37.5	30.5	17	32	29.5	7	35	22	35.5	43	31	20	33.5	31.5	7	32	46	62.5	26	66	52.5	39	0	15.5	49.5	41.5	40.5	30.5	
39	20	25	42.5	67.5	48.5	71.5	31	38.5	24.5	41.5	36.5	38.5	43.5	42	29.5	42	37	65.5	49	31.5	32	33.5	71	30.5	42	54.5	66.5	53	41.5	67	65.5	36.5	27.5	52.5	27.5	42.5	10	78	21	46	51	57.5	69.5	43	29	50	40	50.5	29.5	61	67.5	47	1	51.5	38.5	18	42	64	17.5	37	47.5	40.5	46.5	34.5	51.5	42	51.5	42	21.5	60.5	67.5	53.5	63	33.5	24.5	57	62	6	21.5	37	50	36	49.5	33	40	39.5	74	32.5	32	62	32	26.5	56.5	63	45.5	33.5	61.5	26	38	31.5	40	40.5	25.5	72.5	27.5	50	41.5	42	68	21	55.5	54	56.5	29.5	49.5	38.5	67	28	36.5	42.5	37.5	43	49	37	32.5	38.5	36	22.5	23.5	28.5	47	54.5	32.5	26.5	45	25	13.5	43.5	57.5	74	23.5	77.5	64	50.5	15.5	0	61	37	38	28	
90	59	44	56.5	16.5	12.5	25.5	70	89.5	63.5	57.5	60.5	22.5	49.5	53	63.5	87	56	14.5	28	67.5	41	57.5	20	69.5	93	40.5	32.5	12	80.5	32	14.5	62.5	41.5	36.5	66.5	81.5	51	31	60	25	42	41.5	18.5	54	38	29	59	24.5	33.5	38	16.5	52	62	35.5	60.5	47	57	35	51.5	62	41.5	58.5	40.5	85.5	47.5	81	47.5	87	60.5	38.5	31.5	27.5	32	57.5	70.5	36	31	67	45.5	76	89	45	49.5	72	79	55.5	35	66.5	71	37	71	40.5	40.5	34	88.5	65.5	25.5	45	59	67.5	29	91.5	59.5	21.5	71.5	39	57.5	41	31	50	29.5	23	30.5	63.5	13.5	77.5	6	37	75.5	56.5	51.5	82	28	76	66.5	77.5	75	56.5	74.5	67.5	16	28.5	66.5	65.5	24	66	52.5	37.5	31.5	23	69.5	26.5	23	34.5	49.5	61	0	58	59	69	
38	49	34	16.5	66.5	49.5	42.5	48	37.5	49.5	10.5	22.5	39.5	12.5	11	29.5	41	22	58.5	40	15.5	21	25.5	58	53.5	41	23.5	35.5	54	52.5	36	66.5	10.5	31.5	31.5	56.5	41.5	43	47	52	43	20	26.5	64.5	12	24	39	3	43.5	30.5	30	56.5	16	36	32.5	12.5	39	5	33	41.5	16	26.5	14.5	27.5	33.5	20.5	47	20.5	41	52.5	29.5	36.5	40.5	36	25.5	18.5	32	37	31	37.5	42	49	17	18.5	46	39	8.5	43	16.5	57	31	47	32.5	27.5	32	44.5	17.5	42.5	33	1	15.5	39	39.5	33.5	61.5	21.5	29	10.5	27	37	38	38.5	45	37.5	29.5	50.5	55.5	52	25	47.5	11.5	21.5	46	40	52	26.5	55.5	43	36.5	22.5	35.5	48	39.5	16.5	37.5	44	14	44.5	30.5	36.5	55	17.5	46.5	45	33.5	41.5	37	58	0	1	17	
39	50	35	17.5	67.5	48.5	43.5	49	38.5	50.5	11.5	23.5	38.5	13.5	12	30.5	42	23	59.5	41	16.5	20	26.5	59	54.5	42	24.5	36.5	53	53.5	37	65.5	11.5	32.5	32.5	57.5	42.5	42	48	51	44	21	27.5	65.5	13	23	40	2	44.5	29.5	31	57.5	17	37	33.5	13.5	38	4	34	42.5	17	27.5	15.5	28.5	34.5	21.5	48	21.5	42	51.5	30.5	37.5	41.5	37	26.5	19.5	33	38	32	36.5	43	50	16	19.5	47	40	9.5	44	17.5	58	32	48	31.5	28.5	33	45.5	18.5	43.5	34	0	16.5	40	40.5	34.5	62.5	22.5	30	11.5	28	38	39	39.5	46	38.5	30.5	49.5	56.5	53	24	48.5	12.5	22.5	47	41	53	27.5	56.5	44	37.5	23.5	36.5	47	40.5	17.5	38.5	45	15	43.5	31.5	37.5	56	18.5	47.5	46	34.5	40.5	38	59	1	0	18	
29	40	35	22.5	77.5	58.5	53.5	39	28.5	40.5	21.5	18.5	48.5	23.5	22	20.5	32	23	69.5	51	11.5	38	21.5	69	44.5	32	34.5	46.5	63	43.5	47	75.5	16.5	37.5	42.5	47.5	32.5	32	58	41	54	31	37.5	75.5	23	39	50	20	54.5	39.5	41	67.5	27	27	43.5	18.5	24	22	44	32.5	17	37.5	20.5	38.5	24.5	31.5	38	31.5	32	41.5	40.5	47.5	51.5	47	21.5	9.5	43	48	22	31.5	33	40	34	29.5	37	30	19.5	54	12.5	48	42	38	36.5	38.5	43	35.5	13.5	53.5	34	18	11.5	50	30.5	24.5	72.5	12.5	40	21.5	38	48	21	49.5	56	48.5	20.5	59.5	46.5	63	38	38.5	22.5	27.5	37	51	43	17.5	46.5	34	27.5	13.5	26.5	57	50.5	12.5	28.5	55	3	33.5	41.5	47.5	66	8.5	57.5	56	44.5	30.5	28	69	17	18	0	
