Number of items: 150
Horizon: 6
Time limit: 1000
Load limit: 9000
Initial item inventory level
150
126
35
174
258
77
285
165
60
118
69
148
42
90
195
16
70
186
83
82
79
196
180
94
63
84
102
59
213
80
36
150
135
134
71
88
36
87
49
82
70
72
240
73
69
57
196
23
70
53
25
47
15
55
36
10
84
64
82
33
59
96
231
14
72
102
81
90
126
62
29
201
82
159
196
201
60
171
30
117
249
183
54
64
59
49
128
180
186
80
186
170
114
40
96
30
122
182
291
46
252
46
54
273
126
117
104
95
50
97
84
76
36
11
252
46
194
25
114
88
96
21
27
120
57
156
41
22
59
128
53
198
50
30
183
60
39
10
25
95
40
264
80
37
56
294
50
53
42
138
Maximum inventory capacity per item
200
189
70
261
344
154
380
220
120
177
138
222
63
135
260
32
140
248
166
123
158
294
240
188
126
168
136
118
284
160
48
225
180
201
142
132
72
116
98
123
140
108
320
146
92
76
294
46
105
106
50
94
30
110
72
20
168
96
164
66
118
192
308
28
96
153
108
120
168
93
58
268
123
212
294
268
80
228
45
156
332
244
108
96
118
98
192
270
279
120
279
255
152
80
128
45
183
273
388
69
336
69
72
364
189
156
156
190
100
194
168
152
54
22
336
69
291
50
171
176
144
42
54
180
76
208
82
44
118
192
106
264
100
40
244
90
78
20
50
190
80
352
160
74
84
392
100
106
56
207
Reserve storage replenishment rate per item and per period
300	0	0	300	0	0	
378	0	0	378	0	0	
210	0	0	210	0	0	
522	0	0	522	0	0	
516	0	0	516	0	0	
462	0	0	462	0	0	
570	0	0	570	0	0	
330	0	0	330	0	0	
360	0	0	360	0	0	
354	0	0	354	0	0	
414	0	0	414	0	0	
444	0	0	444	0	0	
126	0	0	126	0	0	
270	0	0	270	0	0	
390	0	0	390	0	0	
96	0	0	96	0	0	
420	0	0	420	0	0	
372	0	0	372	0	0	
498	0	0	498	0	0	
246	0	0	246	0	0	
474	0	0	474	0	0	
588	0	0	588	0	0	
360	0	0	360	0	0	
564	0	0	564	0	0	
378	0	0	378	0	0	
504	0	0	504	0	0	
204	0	0	204	0	0	
354	0	0	354	0	0	
426	0	0	426	0	0	
480	0	0	480	0	0	
72	0	0	72	0	0	
450	0	0	450	0	0	
270	0	0	270	0	0	
402	0	0	402	0	0	
426	0	0	426	0	0	
264	0	0	264	0	0	
216	0	0	216	0	0	
174	0	0	174	0	0	
294	0	0	294	0	0	
246	0	0	246	0	0	
420	0	0	420	0	0	
216	0	0	216	0	0	
480	0	0	480	0	0	
438	0	0	438	0	0	
138	0	0	138	0	0	
114	0	0	114	0	0	
588	0	0	588	0	0	
138	0	0	138	0	0	
210	0	0	210	0	0	
318	0	0	318	0	0	
150	0	0	150	0	0	
282	0	0	282	0	0	
90	0	0	90	0	0	
330	0	0	330	0	0	
216	0	0	216	0	0	
60	0	0	60	0	0	
504	0	0	504	0	0	
192	0	0	192	0	0	
492	0	0	492	0	0	
198	0	0	198	0	0	
354	0	0	354	0	0	
576	0	0	576	0	0	
462	0	0	462	0	0	
84	0	0	84	0	0	
144	0	0	144	0	0	
306	0	0	306	0	0	
162	0	0	162	0	0	
180	0	0	180	0	0	
252	0	0	252	0	0	
186	0	0	186	0	0	
174	0	0	174	0	0	
402	0	0	402	0	0	
246	0	0	246	0	0	
318	0	0	318	0	0	
588	0	0	588	0	0	
402	0	0	402	0	0	
120	0	0	120	0	0	
342	0	0	342	0	0	
90	0	0	90	0	0	
234	0	0	234	0	0	
498	0	0	498	0	0	
366	0	0	366	0	0	
324	0	0	324	0	0	
192	0	0	192	0	0	
354	0	0	354	0	0	
294	0	0	294	0	0	
384	0	0	384	0	0	
540	0	0	540	0	0	
558	0	0	558	0	0	
240	0	0	240	0	0	
558	0	0	558	0	0	
510	0	0	510	0	0	
228	0	0	228	0	0	
240	0	0	240	0	0	
192	0	0	192	0	0	
90	0	0	90	0	0	
366	0	0	366	0	0	
546	0	0	546	0	0	
582	0	0	582	0	0	
138	0	0	138	0	0	
504	0	0	504	0	0	
138	0	0	138	0	0	
108	0	0	108	0	0	
546	0	0	546	0	0	
378	0	0	378	0	0	
234	0	0	234	0	0	
312	0	0	312	0	0	
570	0	0	570	0	0	
300	0	0	300	0	0	
582	0	0	582	0	0	
504	0	0	504	0	0	
456	0	0	456	0	0	
108	0	0	108	0	0	
66	0	0	66	0	0	
504	0	0	504	0	0	
138	0	0	138	0	0	
582	0	0	582	0	0	
150	0	0	150	0	0	
342	0	0	342	0	0	
528	0	0	528	0	0	
288	0	0	288	0	0	
126	0	0	126	0	0	
162	0	0	162	0	0	
360	0	0	360	0	0	
114	0	0	114	0	0	
312	0	0	312	0	0	
246	0	0	246	0	0	
132	0	0	132	0	0	
354	0	0	354	0	0	
384	0	0	384	0	0	
318	0	0	318	0	0	
396	0	0	396	0	0	
300	0	0	300	0	0	
60	0	0	60	0	0	
366	0	0	366	0	0	
180	0	0	180	0	0	
234	0	0	234	0	0	
60	0	0	60	0	0	
150	0	0	150	0	0	
570	0	0	570	0	0	
240	0	0	240	0	0	
528	0	0	528	0	0	
480	0	0	480	0	0	
222	0	0	222	0	0	
168	0	0	168	0	0	
588	0	0	588	0	0	
300	0	0	300	0	0	
318	0	0	318	0	0	
84	0	0	84	0	0	
414	0	0	414	0	0	
Forward storage demand rate per item and per period
50	30	79	57	73	53	
63	69	24	41	77	24	
35	52	39	61	3	49	
87	59	140	129	80	58	
86	106	34	60	103	140	
77	112	67	94	18	21	
95	40	149	84	140	105	
55	51	74	54	59	55	
60	33	65	61	42	59	
59	59	71	109	53	58	
69	24	75	16	69	72	
74	93	59	108	136	60	
21	25	22	26	13	17	
45	35	38	42	14	53	
65	104	64	71	49	71	
16	17	12	9	9	14	
70	50	27	80	74	29	
62	103	90	88	64	77	
83	147	117	52	21	86	
41	44	7	48	17	61	
79	65	70	88	99	59	
98	149	105	108	63	134	
60	96	70	66	51	68	
94	158	77	136	116	150	
63	71	55	60	55	100	
84	78	35	106	69	77	
34	37	31	45	29	16	
59	56	64	98	94	48	
71	65	65	40	72	44	
80	67	138	50	78	55	
12	10	9	14	6	9	
75	105	102	97	110	94	
45	31	59	59	31	46	
67	79	87	94	56	37	
71	58	83	84	70	100	
44	25	35	16	7	71	
36	51	32	45	20	44	
29	49	34	34	26	34	
49	50	44	46	28	29	
41	56	22	27	54	40	
70	57	108	67	67	70	
36	32	18	36	19	42	
80	47	133	138	58	79	
73	136	84	78	69	30	
23	16	20	13	4	20	
19	27	26	23	21	34	
98	42	140	78	54	85	
23	33	13	15	15	34	
35	39	16	54	38	38	
53	50	56	74	44	32	
25	14	16	18	28	8	
47	51	19	55	64	68	
15	19	26	14	22	16	
55	46	75	61	14	55	
36	48	32	37	14	24	
10	7	7	5	11	11	
84	117	49	99	35	97	
32	51	41	39	24	37	
82	112	75	63	90	68	
33	45	18	2	47	52	
59	82	79	35	102	110	
96	16	42	7	94	87	
77	111	82	83	69	140	
14	7	12	21	15	15	
24	19	22	42	10	7	
51	86	30	54	40	47	
27	13	17	31	42	37	
30	22	20	30	14	29	
42	66	62	32	38	35	
31	33	44	27	5	27	
29	20	50	21	16	34	
67	89	85	65	91	94	
41	38	31	49	48	50	
53	34	46	28	72	49	
98	128	69	107	128	117	
67	101	37	76	55	30	
20	32	12	26	19	30	
57	41	60	21	61	22	
15	18	9	19	16	19	
39	46	51	45	58	30	
83	41	91	85	76	97	
61	101	11	36	107	36	
54	31	74	54	28	46	
32	9	53	56	33	39	
59	57	44	99	87	38	
49	52	54	44	59	57	
64	50	38	98	78	9	
90	94	91	75	34	54	
93	139	34	131	71	105	
40	30	47	43	6	45	
93	70	132	102	89	76	
85	138	67	34	128	52	
38	35	39	17	5	22	
40	62	33	55	76	30	
32	31	34	22	29	44	
15	17	24	19	17	8	
61	73	97	87	67	29	
91	128	66	128	102	132	
97	28	68	47	71	43	
23	15	40	31	31	32	
84	111	80	112	91	131	
23	14	22	9	26	11	
18	14	27	22	19	20	
91	21	89	120	71	156	
63	72	76	81	54	38	
39	16	63	13	59	43	
52	101	59	39	63	37	
95	111	23	67	150	137	
50	32	45	60	34	62	
97	58	81	133	123	119	
84	119	31	127	94	67	
76	141	47	104	74	77	
18	28	15	18	6	16	
11	18	6	12	17	17	
84	51	33	96	108	98	
23	8	19	14	18	9	
97	66	129	82	110	120	
25	28	6	16	30	30	
57	30	90	79	48	89	
88	83	86	98	92	125	
48	58	36	50	84	19	
21	14	17	7	28	17	
27	27	7	26	23	20	
60	65	76	56	64	67	
19	17	11	16	21	21	
52	84	82	11	51	76	
41	33	38	28	56	43	
22	19	21	28	11	17	
59	76	100	58	39	10	
64	78	28	41	71	69	
53	55	78	66	57	56	
66	55	72	84	99	103	
50	36	71	1	30	56	
10	11	9	4	8	12	
61	57	88	78	63	25	
30	22	19	27	24	44	
39	33	9	22	20	44	
10	3	17	5	12	6	
25	40	17	32	30	22	
95	100	36	15	64	86	
40	44	54	54	10	19	
88	103	123	95	75	120	
80	89	103	109	42	76	
37	60	19	32	27	38	
28	11	40	8	20	22	
98	129	74	132	125	87	
50	30	37	61	48	49	
53	15	34	60	43	80	
14	9	21	16	17	6	
69	33	78	60	10	85	
Distance matrix
0	41	47.5	6.5	53	74.5	36.5	22.5	47	85	53.5	44	55	40.5	9.5	27	3	60	38.5	24	70	58.5	68.5	53	81	18.5	52	63	19	8.5	5.5	66.5	35.5	95.5	21	60	43	71.5	23.5	34.5	74	52.5	39	16.5	27	55	68	87	33.5	19.5	19.5	11	85	66	36.5	39.5	29	56.5	68.5	56.5	35	74.5	48	82.5	90	42.5	28.5	45.5	14.5	68	52.5	69.5	62.5	74.5	83.5	33.5	48.5	84	47.5	36	65	19.5	73.5	34.5	21	29.5	47.5	69.5	75.5	29.5	31	50.5	17	33.5	10.5	54	54.5	43.5	100.5	87	37.5	36.5	54	59	54.5	7.5	28	28	60.5	62	70.5	38.5	26	31.5	42.5	54.5	26.5	10.5	39	77.5	53	24.5	86	51.5	32	79	40	12	58.5	33	26.5	26.5	32.5	91	57.5	72.5	31.5	11	72.5	25.5	46	85	79.5	84.5	8.5	44	29.5	55.5	81.5	65.5	40	
41	0	36.5	42.5	16	59.5	12.5	26.5	42	64	30.5	35	54	8.5	35.5	38	44	69	15.5	17	69	25.5	75.5	46	78	30.5	63	46	30	40.5	41.5	27.5	28.5	58.5	28	29	46	42.5	25.5	39.5	35	61.5	30	32.5	32	54	61	62	20.5	30.5	29.5	38	64	43	12.5	44.5	20	27.5	55.5	17.5	14	59.5	41	81.5	49	6.5	35.5	28.5	34.5	51	41.5	54.5	31.5	85.5	80.5	44.5	35.5	65	56.5	13	44	30.5	40.5	39.5	28	34.5	6.5	44.5	48.5	19.5	28	13.5	32	15.5	36.5	65	29.5	30.5	63.5	62	16.5	47.5	35	30	59.5	41.5	13	21	53.5	73	63.5	45.5	37	32.5	51.5	29.5	22.5	38.5	40	56.5	26	29.5	73	62.5	9	70	9	37	35.5	44	22.5	27.5	21.5	68	16.5	61.5	17.5	32	31.5	23.5	53	74	74.5	59.5	40.5	45	34.5	38.5	62.5	28.5	19	
47.5	36.5	0	49	24.5	53	41	55	29.5	57.5	6	31.5	37.5	37	42	24.5	50.5	42.5	39	41.5	52.5	11	51	35.5	63.5	51	34.5	39.5	46.5	51	48	21	38	52	56.5	22.5	25.5	36	46	27	28.5	35	36.5	59	34.5	37.5	50.5	55.5	44	32	52	58.5	57.5	36.5	41	8	48.5	9	49	21	42.5	53	30.5	65	42.5	35	31	32	57	44.5	35	48	25	57	66	14	1	58.5	30	41.5	37.5	32	34	27	48.5	32	30	38	42	48	38.5	27	44.5	44	43	36.5	7	34	57	55.5	40	11	28.5	23.5	37	50	45.5	49.5	43	44.5	53	9	23.5	34	25	7	51	53	26.5	50	24.5	37	66.5	34	45.5	61.5	37.5	59.5	29	20.5	49	39	45	61.5	20	55	46	38.5	25	52	28.5	67.5	62	53	51	26.5	32	32	56	22	37.5	
6.5	42.5	49	0	50.5	76	38	16	48.5	86.5	55	45.5	56.5	38	11	28.5	9.5	61.5	40	25.5	71.5	60	70	54.5	82.5	20	53.5	64.5	20.5	2	1	62	37	93	22.5	61.5	44.5	73	25	36	69.5	54	40.5	10	28.5	56.5	69.5	88.5	35	21	21	17.5	86.5	67.5	32	41	30.5	58	70	52	28.5	76	49.5	84	83.5	36	30	47	8	69.5	54	71	64	76	85	35	50	85.5	49	37.5	66.5	21	75	36	22.5	31	41	71	77	31	32.5	48	18.5	35	12	55.5	56	45	98	88.5	39	38	55.5	60.5	56	1	29.5	29.5	62	63.5	72	40	27.5	33	44	56	20	4	40.5	79	54.5	26	87.5	53	33.5	80.5	33.5	18.5	60	34.5	28	28	34	92.5	51	74	33	12.5	66	27	47.5	86.5	81	86	2	45.5	31	57	83	63	41.5	
53	16	24.5	50.5	0	47.5	20.5	34.5	30	52	18.5	23	42	16.5	47.5	26	54	57	18.5	33	57	13.5	63.5	34	66	38.5	55	34	38	48.5	51.5	15.5	21.5	46.5	36	17	34	30.5	33.5	27.5	23	49.5	14	40.5	30	42	49	50	23.5	37.5	37.5	46	52	31	20.5	32.5	28	15.5	43.5	5.5	22	47.5	29	69.5	37	14.5	28.5	16.5	42.5	39	29.5	42.5	19.5	77.5	68.5	36.5	23.5	53	44.5	21	32	37.5	28.5	27.5	36	27.5	9.5	32.5	36.5	27.5	26	6.5	40	23.5	46.5	53	17.5	18.5	51.5	50	19.5	35.5	23	18	47.5	49.5	29	29	41.5	65	51.5	33.5	27	25.5	39.5	17.5	30.5	46.5	28	44.5	14	32.5	61	50.5	25	58	17	45	23.5	34	30.5	30.5	24.5	56	4.5	49.5	25.5	44	19.5	31.5	41	62	62.5	47.5	48.5	33	27.5	26.5	50.5	16.5	17	
74.5	59.5	53	76	47.5	0	64	78	51.5	30.5	47	56.5	39.5	60	69	51.5	77.5	24.5	62	68.5	29.5	42	28	47.5	40.5	78	26.5	37.5	73.5	78	75	34	65	25	79.5	40.5	47.5	29	73	54	26.5	32	61.5	84	61.5	39.5	32.5	28.5	67	59	79	85.5	30.5	34.5	64	49	71.5	44	32	44	65.5	0	52.5	42	15.5	58	58	55	84	32.5	48	31	38	34	43	43	52	31.5	37	64.5	35.5	59	27	54	75.5	59	53	31	25	71	65.5	50	71.5	67	70	28.5	46	57	30	28.5	63	46	46.5	41.5	34	77	72.5	72.5	40	21.5	4	48	50.5	61	42	46	74	80	53.5	3	47.5	64	39.5	31	68.5	36.5	60.5	86.5	42	47.5	74	66	68	34.5	43	2	69	65.5	28	75	40.5	40.5	39	26	78	48.5	59	45	29	35	60.5	
36.5	12.5	41	38	20.5	64	0	26	46.5	68.5	35	39.5	58.5	4	31	38.5	39.5	71.5	20	29.5	73.5	30	80	50.5	82.5	30	63.5	50.5	29.5	40	37	32	33	63	27.5	33.5	50.5	47	13	44	39.5	64	34.5	32	36.5	58.5	65.5	66.5	25	31	29	37.5	68.5	47.5	12	49	19.5	32	60	22	13.5	64	45.5	86	53.5	6	40	33	34	55.5	46	59	36	86	85	45	40	69.5	59	12.5	48.5	31	45	44	27.5	39	11	49	53	19	32.5	18	31.5	15	32	65.5	34	35	68	66.5	21	48	39.5	34.5	64	39	25.5	20.5	58	73.5	68	50	37.5	37	54	34	22	38	44.5	61	30.5	34	77.5	63	21.5	74.5	8.5	36.5	40	44.5	10	32	26	72.5	21	66	5	27.5	36	23	57.5	78.5	79	64	40	49.5	39	43	67	33	23.5	
22.5	26.5	55	16	34.5	78	26	0	60.5	82.5	49	53.5	72.5	22	27	44.5	25.5	77.5	34	41.5	87.5	44	86	64.5	96.5	34	69.5	64.5	36.5	14	17	46	47	77	26.5	47.5	60.5	61	39	52	53.5	70	48.5	6	44.5	72.5	79.5	80.5	39	37	33	31.5	82.5	61.5	16	57	18.5	46	74	36	12.5	78	59.5	100	67.5	20	46	47	8	69.5	60	73	50	92	99	51	54	83.5	65	21.5	62.5	37	59	52	36.5	47	25	63	67	23	46.5	32	34.5	19	28	71.5	48	49	82	80.5	35	54	53.5	48.5	72	15	39.5	29.5	72	79.5	82	56	43.5	49	60	48	4	12	56.5	75	44.5	42	91.5	69	35.5	88.5	17.5	30.5	54	50.5	36	44	40	86.5	35	80	31	28.5	50	27	63.5	92.5	93	78	14	61.5	47	57	81	47	37.5	
47	42	29.5	48.5	30	51.5	46.5	60.5	0	58	29.5	31	32	42.5	41.5	24	50	37	44.5	41	47	24.5	45.5	30	58	50.5	29	40	46	50.5	47.5	21.5	37.5	52.5	58	13	4	36.5	45.5	26.5	29	29.5	36	58.5	34	32	45	56	45.5	31.5	51.5	58	58	37	46.5	21.5	54	26.5	45.5	26.5	48	51.5	1	59.5	43	40.5	30.5	37.5	56.5	45	29.5	46.5	25.5	51.5	60.5	15.5	30.5	59	24.5	47	38	31.5	34.5	26.5	48	31.5	35.5	38.5	42.5	53.5	38	32.5	44	49.5	42.5	31	28.5	35.5	57.5	56	45.5	18.5	7	12	31.5	49.5	45	55	37.5	39	47.5	20.5	23	33.5	19.5	28.5	56.5	52.5	26	50.5	30	36.5	63	28.5	49	56	43	59	29.5	20	48.5	38.5	44.5	62	25.5	49.5	51.5	38	25.5	57.5	23	62	56.5	53.5	50.5	3	31.5	32.5	56.5	22.5	43	
85	64	57.5	86.5	52	30.5	68.5	82.5	58	0	51.5	61	50	64.5	79.5	62	88	35	66.5	79	35	46.5	28.5	52	34	86.5	37	42	84	88.5	85.5	38.5	69.5	14.5	84	45	58	33.5	81.5	64.5	31	42.5	66	88.5	72	50	37	2	71.5	69.5	85.5	94	0	39	68.5	59.5	76	48.5	36.5	48.5	70	30.5	57	37.5	15	62.5	68.5	59.5	90.5	37	52.5	35.5	42.5	29.5	36.5	53.5	56.5	1	47.5	69	40	69.5	31.5	64.5	84	69.5	57.5	35.5	29.5	75.5	74	54.5	82	71.5	80.5	39	50.5	61.5	19.5	2	67.5	56.5	51	46	44.5	87.5	77	77	44.5	27	34.5	58.5	61	71.5	52.5	50.5	78.5	90.5	64	27.5	52	74.5	29	41.5	73	6	65	93	46.5	58	78.5	76.5	72.5	24	47.5	32.5	73.5	76	32.5	79.5	51	30	30.5	20.5	88.5	59	69.5	49.5	23.5	39.5	65	
53.5	30.5	6	55	18.5	47	35	49	29.5	51.5	0	27.5	41.5	31	48	30.5	56.5	48.5	33	47.5	56.5	5	57	33.5	65.5	53	40.5	33.5	52.5	57	54	15	36	46	50.5	16.5	31.5	30	48	33	22.5	41	32.5	55	40.5	41.5	48.5	49.5	38	38	52	60.5	51.5	30.5	35	14	42.5	3	43	15	36.5	47	28.5	69	36.5	29	37	26	57	38.5	29	42	19	63	68	20	5	52.5	36	35.5	31.5	38	28	33	50.5	38	24	32	36	42	40.5	21	50.5	38	49	42.5	1	28	51	49.5	34	17	22.5	17.5	43	56	43.5	43.5	41	50.5	51	15	29.5	40	31	1	45	59	32.5	44	18.5	43	60.5	40	39.5	57.5	31.5	59.5	23	26.5	45	45	39	55.5	14	49	40	44.5	19	46	34.5	61.5	62	47	57	32.5	38	26	50	16	31.5	
44	35	31.5	45.5	23	56.5	39.5	53.5	31	61	27.5	0	39	35.5	38.5	21	47	44	37.5	38	54	22.5	52.5	37	65	47.5	36	43	43	47.5	44.5	24.5	34.5	55.5	55	26	27	39.5	42.5	23.5	32	36.5	33	55.5	31	39	52	59	42.5	28.5	48.5	55	61	40	39.5	23.5	47	24.5	52.5	19.5	41	56.5	32	66.5	46	33.5	27.5	30.5	53.5	48	36.5	51.5	28.5	58.5	67.5	17.5	32.5	62	31.5	40	41	28.5	37.5	23.5	45	28.5	28.5	41.5	45.5	46.5	35	25.5	41	42.5	39.5	38	26.5	32.5	60.5	59	38.5	20.5	32	27	38.5	46.5	42	48	44.5	46	54.5	22.5	20	30.5	26.5	26.5	49.5	49.5	5	53.5	9	33.5	70	35.5	44	63	36	56	32.5	11	45.5	35.5	41.5	65	18.5	56.5	44.5	35	28.5	50.5	30	69	63.5	56.5	47.5	28	28.5	35.5	59.5	25.5	36	
55	54	37.5	56.5	42	39.5	58.5	72.5	32	50	41.5	39	0	54.5	49.5	32	58	25	56.5	49	35	36.5	33.5	28	46	58.5	17	8	54	58.5	55.5	28.5	45.5	44.5	66	35	28	28.5	53.5	34.5	19	17.5	44	66.5	42	0	33	48	53.5	39.5	59.5	66	50	11	58.5	29.5	66	38.5	33.5	38.5	60	39.5	33	47.5	35	52.5	38.5	45.5	64.5	33	32.5	34.5	32.5	39.5	48.5	23.5	38.5	49	17.5	59	10	39.5	26.5	34.5	56	39.5	47.5	30.5	34.5	65.5	46	44.5	52	61.5	50.5	19	40.5	43.5	49.5	48	57.5	26.5	39	36	19.5	57.5	53	63	25.5	27	35.5	28.5	31	41.5	22.5	40.5	68.5	60.5	34	42.5	42	44.5	51	16.5	57	44	55	67	36.5	28	56.5	46.5	52.5	54	37.5	37.5	61.5	46	22.5	65.5	21	50	44.5	45.5	58.5	29	39.5	35.5	46.5	29.5	55	
40.5	8.5	37	38	16.5	60	4	22	42.5	64.5	31	35.5	54.5	0	35	42.5	41.5	69.5	16	25.5	69.5	26	76	46.5	78.5	26	67.5	46.5	25.5	36	39	28	29	59	23.5	29.5	46.5	43	17	40	35.5	62	30.5	28	32.5	54.5	61.5	62.5	21	35	25	33.5	64.5	43.5	8	45	15.5	28	56	18	9.5	60	41.5	82	49.5	2	36	29	30	51.5	42	55	32	90	81	49	36	65.5	57	8.5	44.5	35	41	40	23.5	35	7	45	49	15	28.5	14	27.5	11	34	65.5	30	31	64	62.5	17	48	35.5	30.5	60	37	21.5	16.5	54	77.5	64	46	41.5	33	52	30	18	34	40.5	57	26.5	30	73.5	63	17.5	70.5	4.5	32.5	36	46.5	14	28	22	68.5	17	62	9	31.5	32	19	53.5	74.5	75	60	36	45.5	35	39	63	29	19.5	
9.5	35.5	42	11	47.5	69	31	27	41.5	79.5	48	38.5	49.5	35	0	21.5	12.5	54.5	33	18.5	64.5	53	63	47.5	75.5	9	46.5	57.5	13.5	13	10	59	30	90	20.5	54.5	37.5	66	18	29	66.5	47	33.5	21	21.5	49.5	62.5	81.5	28	14	10	20.5	79.5	60.5	27	34	28.5	51	63	49	30.5	69	42.5	77	80.5	33	23	40	19	62.5	47	64	57	69	78	28	43	78.5	42	30.5	59.5	14	68	29	15.5	24	38	64	70	20	25.5	45	11.5	24	1	48.5	49	38	95	81.5	32	31	48.5	53.5	49	12	22.5	22.5	55	56.5	65	33	20.5	26	37	49	31	15	33.5	72	47.5	19	80.5	46	26.5	73.5	30.5	21.5	53	27.5	21	21	27	85.5	48	67	26	5.5	63	16	40.5	79.5	74	79	13	38.5	24	50	76	60	34.5	
27	38	24.5	28.5	26	51.5	38.5	44.5	24	62	30.5	21	32	42.5	21.5	0	30	37	30.5	21	47	35.5	45.5	30	58	30.5	29	40	26	30.5	27.5	41.5	17.5	72.5	38	37	20	48.5	25.5	11.5	49	29.5	12	38.5	14	32	45	64	25.5	11.5	31.5	38	62	43	46.5	16.5	46	33.5	45.5	31.5	48	51.5	25	59.5	63	40.5	10.5	22.5	36.5	45	29.5	46.5	39.5	51.5	60.5	10.5	25.5	61	24.5	43	42	11.5	50.5	11.5	28	11.5	35.5	46.5	52.5	41.5	18	32.5	24	45.5	22.5	31	31.5	20.5	77.5	64	29.5	13.5	31	36	31.5	29.5	25	35	37.5	39	47.5	15.5	1	13.5	19.5	31.5	48.5	32.5	16	54.5	30	16.5	63	28.5	29	56	43	39	35.5	10	28.5	18.5	24.5	68	30.5	49.5	33.5	18	45.5	37.5	23	62	56.5	61.5	30.5	21	11.5	32.5	58.5	42.5	27	
3	44	50.5	9.5	54	77.5	39.5	25.5	50	88	56.5	47	58	41.5	12.5	30	0	63	41.5	27	73	61.5	71.5	56	84	21.5	55	66	22	11.5	8.5	65.5	38.5	96.5	24	63	46	74.5	26.5	37.5	73	55.5	42	19.5	30	58	71	90	36.5	22.5	22.5	8	88	69	35.5	42.5	32	59.5	71.5	55.5	32	77.5	51	85.5	87	39.5	31.5	48.5	17.5	71	55.5	72.5	65.5	77.5	86.5	36.5	51.5	87	50.5	39	68	22.5	76.5	37.5	24	32.5	44.5	72.5	78.5	32.5	34	51.5	20	36.5	13.5	57	57.5	46.5	101.5	90	40.5	39.5	57	62	57.5	10.5	31	31	63.5	65	73.5	41.5	29	34.5	45.5	57.5	29.5	13.5	42	80.5	56	27.5	89	54.5	35	82	37	9	61.5	36	29.5	29.5	35.5	94	54.5	75.5	34.5	14	69.5	28.5	49	88	82.5	87.5	11.5	47	32.5	58.5	84.5	66.5	43	
60	69	42.5	61.5	57	24.5	71.5	77.5	37	35	48.5	44	25	69.5	54.5	37	63	0	63.5	54	20	51.5	18.5	33	31	63.5	12	33	59	63.5	60.5	43.5	50.5	39.5	71	50	33	36.5	58.5	39.5	36	17.5	49	71.5	47	25	8	37	58.5	44.5	64.5	71	35	36	73.5	34.5	79	51.5	23.5	53.5	75	24.5	38	32.5	30	67.5	43.5	50.5	69.5	28	37.5	24.5	47.5	24.5	33.5	28.5	43.5	34	22.5	74	35	44.5	36.5	39.5	61	44.5	62.5	34.5	30.5	74.5	51	59.5	57	76.5	55.5	14	49.5	48.5	44.5	37	62.5	31.5	44	49	19.5	62.5	58	68	25.5	12	20.5	33.5	36	46.5	27.5	49.5	81.5	65.5	39	27.5	53	49.5	36	16.5	62	29	70	72	43.5	33	61.5	51.5	57.5	41	52.5	22.5	66.5	51	37.5	70.5	26	35	29.5	34.5	63.5	34	44.5	40.5	31.5	44.5	60	
38.5	15.5	39	40	18.5	62	20	34	44.5	66.5	33	37.5	56.5	16	33	30.5	41.5	63.5	0	32.5	71.5	28	72	48.5	80.5	38	55.5	48.5	37.5	42	39	30	31	61	35.5	31.5	46.5	45	33	38	37.5	56	32.5	40	30.5	56.5	63.5	64.5	5	19	37	45.5	66.5	45.5	20	43	27.5	30	58	20	21.5	62	43.5	84	51.5	14	32	31	42	53.5	44	57	34	78	83	37	38	67.5	51	20.5	46.5	19	43	38	35.5	33	9	47	51	27	30.5	16	35.5	23	34	57.5	32	33	66	64.5	1	40	37.5	32.5	58	41	28.5	28.5	56	65.5	66	42	29.5	35	46	32	30	44	42.5	59	28.5	14	75.5	55	24.5	72.5	16.5	44.5	38	36.5	30	12	6	70.5	19	64	25	29.5	34	31	49.5	76.5	77	62	42	47.5	33	41	65	31	21.5	
24	17	41.5	25.5	33	68.5	29.5	41.5	41	79	47.5	38	49	25.5	18.5	21	27	54	32.5	0	64	42.5	62.5	47	75	27.5	46	57	23	27.5	24.5	44.5	29.5	75.5	35	46	37	59.5	22.5	28.5	52	46.5	33	35.5	21	49	62	79	27.5	13.5	28.5	35	79	60	29.5	33.5	37	44.5	62.5	34.5	31	68.5	42	76.5	66	23.5	22.5	39.5	33.5	62	46.5	63.5	48.5	68.5	77.5	27.5	42.5	78	41.5	30	59	13.5	57.5	28.5	25	23.5	23.5	61.5	65.5	36.5	25	30.5	21	32.5	19.5	48	46.5	37.5	80.5	79	31.5	30.5	48	47	48.5	26.5	4	32	54.5	56	64.5	32.5	20	25.5	36.5	46.5	39.5	29.5	33	71.5	43	18.5	80	45.5	8	73	26	36	52.5	27	25.5	20.5	26.5	85	33.5	66.5	30.5	15	48.5	34.5	40	79	73.5	76.5	27.5	38	23.5	49.5	75.5	45.5	34	
70	69	52.5	71.5	57	29.5	73.5	87.5	47	35	56.5	54	35	69.5	64.5	47	73	20	71.5	64	0	51.5	18.5	43	31	73.5	22	43	69	73.5	70.5	43.5	60.5	29.5	81	50	43	38.5	68.5	49.5	36	27.5	59	81.5	57	35	28	33	68.5	54.5	74.5	81	35	44	73.5	44.5	81	53.5	33.5	53.5	75	29.5	48	32.5	20	67.5	53.5	60.5	79.5	38	47.5	34.5	47.5	24.5	33.5	38.5	53.5	34	32.5	74	45	54.5	36.5	49.5	71	54.5	62.5	40.5	34.5	80.5	61	59.5	67	76.5	65.5	24	55.5	58.5	34.5	33	72.5	41.5	54	51	29.5	72.5	68	78	35.5	8	25.5	43.5	46	56.5	37.5	55.5	83.5	75.5	49	32.5	57	59.5	36	26.5	72	29	70	82	51.5	43	71.5	61.5	67.5	39	52.5	27.5	76.5	61	37.5	80.5	36	35	29.5	30.5	73.5	44	54.5	50.5	31.5	44.5	70	
58.5	25.5	11	60	13.5	42	30	44	24.5	46.5	5	22.5	36.5	26	53	35.5	61.5	51.5	28	42.5	51.5	0	58	28.5	60.5	48	45.5	28.5	47.5	58	59	10	31	41	45.5	11.5	28.5	25	43	32	17.5	44	27.5	50	39.5	36.5	43.5	44.5	33	43	47	55.5	46.5	25.5	30	19	37.5	2	38	10	31.5	42	23.5	64	31.5	24	38	21	52	33.5	24	37	14	68	63	25	10	47.5	39	30.5	26.5	43	23	32	45.5	37	19	27	31	37	35.5	16	49.5	33	54	47.5	4	23	46	44.5	29	22	17.5	12.5	42	59	38.5	38.5	36	55.5	46	20	34.5	35	34	4	40	56	27.5	39	13.5	42	55.5	45	34.5	52.5	26.5	54.5	18	31.5	40	40	34	50.5	9	44	35	49.5	14	41	35.5	56.5	57	42	58	27.5	37	21	45	11	26.5	
68.5	75.5	51	70	63.5	28	80	86	45.5	28.5	57	52.5	33.5	76	63	45.5	71.5	18.5	72	62.5	18.5	58	0	41.5	24.5	72	20.5	41.5	67.5	72	69	50	59	31	79.5	56.5	41.5	45	67	48	42.5	26	57.5	80	55.5	33.5	26.5	30.5	67	53	73	79.5	28.5	44.5	80	43	87.5	60	32	60	81.5	28	46.5	26	26.5	74	52	59	78	36.5	46	33	54	18	27	37	52	27.5	31	80.5	43.5	53	43	48	69.5	53	69	43	39	83	59.5	66	65.5	83	64	22.5	58	57	36	30.5	71	40	52.5	57.5	28	71	66.5	76.5	34	10.5	24	42	44.5	55	36	58	90	74	47.5	31	61.5	58	29.5	25	70.5	22.5	76.5	80.5	52	41.5	70	60	66	34.5	59	26	75	59.5	44	79	34.5	28.5	23	16	72	42.5	53	49	13	51	68.5	
53	46	35.5	54.5	34	47.5	50.5	64.5	30	52	33.5	37	28	46.5	47.5	30	56	33	48.5	47	43	28.5	41.5	0	54	56.5	25	34	52	56.5	53.5	20.5	43.5	46.5	64	27	26	30.5	51.5	32.5	23	25.5	42	64.5	40	28	41	50	51.5	37.5	57.5	64	52	31	50.5	27.5	58	30.5	41.5	30.5	52	47.5	31	55.5	37	44.5	36.5	41.5	62.5	39	30.5	42.5	24.5	47.5	56.5	21.5	36.5	53	20.5	51	32	37.5	28.5	32.5	54	37.5	39.5	32.5	36.5	57.5	44	36.5	50	53.5	48.5	27	32.5	41.5	51.5	50	49.5	24.5	33	28	27.5	55.5	51	59	33.5	35	43.5	26.5	29	39.5	20.5	32.5	60.5	58.5	32	44.5	34	42.5	59	24.5	55	52	47	65	28.5	26	54.5	44.5	50.5	56	29.5	45.5	55.5	44	19.5	61.5	7	58	52.5	47.5	56.5	27	37.5	31.5	50.5	21.5	47	
81	78	63.5	82.5	66	40.5	82.5	96.5	58	34	65.5	65	46	78.5	75.5	58	84	31	80.5	75	31	60.5	24.5	54	0	84.5	33	54	80	84.5	81.5	52.5	71.5	23.5	92	59	54	47.5	79.5	60.5	45	38.5	70	92.5	68	46	39	32	79.5	65.5	85.5	92	34	53	82.5	55.5	90	62.5	44.5	62.5	84	40.5	59	23.5	29	76.5	64.5	71.5	90.5	49	58.5	45.5	56.5	15.5	24.5	49.5	64.5	35	43.5	83	54	65.5	45.5	60.5	82	65.5	71.5	49.5	43.5	89.5	72	68.5	78	85.5	76.5	35	64.5	69.5	23.5	32	81.5	52.5	65	60	40.5	83.5	79	89	46.5	23	36.5	54.5	57	67.5	48.5	64.5	92.5	86.5	60	41.5	66	70.5	5	37.5	83	30	79	93	60.5	54	82.5	72.5	78.5	10	61.5	38.5	87.5	72	46.5	91.5	47	4	25.5	34.5	84.5	55	65.5	61.5	37.5	53.5	79	
18.5	30.5	51	20	38.5	78	30	34	50.5	86.5	53	47.5	58.5	26	9	30.5	21.5	63.5	38	27.5	73.5	48	72	56.5	84.5	0	55.5	66.5	22.5	22	19	50	39	81	29.5	51.5	46.5	65	27	38	57.5	56	42.5	30	30.5	58.5	71.5	84.5	37	23	1	29.5	86.5	65.5	18	43	27.5	50	72	40	21.5	78	51.5	86	71.5	24	32	49	28	71.5	56	73	54	78	87	37	52	87.5	51	25.5	66.5	23	63	38	24.5	33	29	67	71	11	34.5	36	20.5	15	8	57.5	52	47	86	84.5	39	40	57.5	52.5	58	21	31.5	31.5	64	65.5	74	42	29.5	35	46	52	30	24	42.5	79	48.5	28	89.5	55	35.5	82.5	21.5	30.5	58	36.5	30	30	36	90.5	39	76	35	14.5	54	7	49.5	88.5	83	82	22	47.5	33	59	85	51	41.5	
52	63	34.5	53.5	55	26.5	63.5	69.5	29	37	40.5	36	17	67.5	46.5	29	55	12	55.5	46	22	45.5	20.5	25	33	55.5	0	25	51	55.5	52.5	41.5	42.5	47.5	63	42	25	28.5	50.5	31.5	34	9.5	41	63.5	39	17	20	39	50.5	36.5	56.5	63	37	28	71.5	26.5	71	43.5	20.5	51.5	73	26.5	30	34.5	38	65.5	35.5	42.5	61.5	16	29.5	21.5	39.5	26.5	35.5	20.5	35.5	36	14.5	68	27	36.5	30.5	31.5	53	36.5	60.5	26.5	27.5	66.5	43	57.5	49	70.5	47.5	2	41.5	40.5	52.5	39	54.5	23.5	36	41	11.5	54.5	50	60	17.5	14	22.5	25.5	28	38.5	19.5	41.5	73.5	57.5	31	29.5	45	41.5	38	8.5	54	31	68	64	35.5	25	53.5	43.5	49.5	43	50.5	24.5	58.5	43	35.5	62.5	18	37	31.5	36.5	55.5	26	36.5	32.5	33.5	42.5	52	
63	46	39.5	64.5	34	37.5	50.5	64.5	40	42	33.5	43	8	46.5	57.5	40	66	33	48.5	57	43	28.5	41.5	34	54	66.5	25	0	62	66.5	63.5	20.5	51.5	36.5	66	27	36	20.5	61.5	42.5	11	25.5	48	70.5	50	8	39	40	53.5	47.5	67.5	74	42	3	50.5	37.5	58	30.5	33.5	30.5	52	37.5	39	55.5	27	44.5	46.5	41.5	72.5	29	34.5	32.5	24.5	47.5	56.5	31.5	38.5	43	25.5	51	2	47.5	18.5	42.5	64	47.5	39.5	22.5	26.5	57.5	54	36.5	60	53.5	58.5	27	32.5	43.5	41.5	40	49.5	34.5	33	28	27.5	65.5	59	59	31.5	35	41.5	36.5	39	49.5	30.5	32.5	60.5	68.5	42	34.5	34	52.5	51	24.5	55	48	47	75	28.5	36	60.5	54.5	54.5	46	29.5	39.5	55.5	54	14.5	61.5	29	52	52.5	37.5	66.5	37	47.5	31.5	40.5	21.5	47	
19	30	46.5	20.5	38	73.5	29.5	36.5	46	84	52.5	43	54	25.5	13.5	26	22	59	37.5	23	69	47.5	67.5	52	80	22.5	51	62	0	22.5	19.5	49.5	34.5	80.5	30	51	42	64.5	22.5	33.5	57	51.5	38	30.5	26	54	67	84	32.5	18.5	23.5	30	84	65	24.5	38.5	32	49.5	67.5	39.5	26	73.5	47	81.5	71	23.5	27.5	44.5	28.5	67	51.5	68.5	53.5	73.5	82.5	32.5	47.5	83	46.5	17	64	18.5	62.5	33.5	2	28.5	28.5	66.5	70.5	31.5	30	35.5	2	27.5	14.5	53	51.5	42.5	85.5	84	36.5	35.5	53	52	53.5	21.5	27	9	59.5	61	69.5	37.5	25	30.5	41.5	51.5	34.5	24.5	38	76.5	48	23.5	85	50.5	31	78	21	31	57.5	32	25.5	25.5	31.5	90	38.5	71.5	30.5	8	53.5	29.5	45	84	78.5	81.5	22.5	43	28.5	54.5	80.5	50.5	39	
8.5	40.5	51	2	48.5	78	40	14	50.5	88.5	57	47.5	58.5	36	13	30.5	11.5	63.5	42	27.5	73.5	58	72	56.5	84.5	22	55.5	66.5	22.5	0	3	60	39	91	24.5	61.5	46.5	75	27	38	67.5	56	42.5	8	30.5	58.5	71.5	90.5	37	23	23	19.5	88.5	69.5	30	43	32.5	60	72	50	26.5	78	51.5	86	81.5	34	32	49	6	71.5	56	73	64	78	87	37	52	87.5	51	35.5	68.5	23	73	38	24.5	33	39	73	79	33	34.5	46	20.5	33	14	57.5	58	47	96	90.5	41	40	57.5	62.5	58	1	31.5	31.5	64	65.5	74	42	29.5	35	46	58	18	2	42.5	81	56.5	28	89.5	55	35.5	82.5	31.5	20.5	62	36.5	30	30	36	94.5	49	76	35	14.5	64	29	49.5	88.5	83	88	0	47.5	33	59	85	61	43.5	
5.5	41.5	48	1	51.5	75	37	17	47.5	85.5	54	44.5	55.5	39	10	27.5	8.5	60.5	39	24.5	70.5	59	69	53.5	81.5	19	52.5	63.5	19.5	3	0	63	36	94	21.5	60.5	43.5	72	24	35	70.5	53	39.5	11	27.5	55.5	68.5	87.5	34	20	20	16.5	85.5	66.5	33	40	29.5	57	69	53	29.5	75	48.5	83	84.5	37	29	46	9	68.5	53	70	63	75	84	34	49	84.5	48	36.5	65.5	20	74	35	21.5	30	42	70	76	30	31.5	49	17.5	34	11	54.5	55	44	99	87.5	38	37	54.5	59.5	55	2	28.5	28.5	61	62.5	71	39	26.5	32	43	55	21	5	39.5	78	53.5	25	86.5	52	32.5	79.5	34.5	17.5	59	33.5	27	27	33	91.5	52	73	32	11.5	67	26	46.5	85.5	80	85	3	44.5	30	56	82	64	40.5	
66.5	27.5	21	62	15.5	34	32	46	21.5	38.5	15	24.5	28.5	28	59	41.5	65.5	43.5	30	44.5	43.5	10	50	20.5	52.5	50	41.5	20.5	49.5	60	63	0	33	33	47.5	8.5	25.5	17	45	34	9.5	36	29.5	52	41.5	28.5	35.5	36.5	35	49	49	57.5	38.5	17.5	32	29	39.5	12	30	12	33.5	34	20.5	56	23.5	26	40	23	54	25.5	14	29	4	64	55	35	20	39.5	31	32.5	18.5	49	15	34	47.5	39	21	19	23	39	37.5	18	51.5	35	58	39.5	14	25	38	36.5	31	32	14.5	9.5	34	61	40.5	40.5	28	51.5	38	30	42.5	37	24	14	42	58	29.5	31	15.5	44	47.5	37	36.5	44.5	28.5	56.5	8	35.5	42	42	36	42.5	11	36	37	57.5	6	43	27.5	48.5	49	34	60	24.5	39	11	37	1	28.5	
35.5	28.5	38	37	21.5	65	33	47	37.5	69.5	36	34.5	45.5	29	30	17.5	38.5	50.5	31	29.5	60.5	31	59	43.5	71.5	39	42.5	51.5	34.5	39	36	33	0	64	46.5	34.5	33.5	48	34	25	40.5	43	29.5	47	22.5	45.5	58.5	67.5	34	20	40	46.5	69.5	48.5	33	30	40.5	33	59	23	34.5	65	38.5	73	54.5	27	7	34	45	56.5	43	60	37	65	74	24	39	70.5	38	33.5	49.5	20	46	25	36.5	6	22	50	54	40	26.5	15	32.5	36	31	44.5	35	34	69	67.5	32	27	40.5	35.5	45	38	33.5	41.5	51	52.5	61	29	16.5	4	33	35	43	41	29.5	62	31.5	25	76.5	42	37.5	69.5	29.5	47.5	41	23.5	37	27	33	73.5	22	63	38	26.5	37	44	36.5	75.5	70	65	39	34.5	6	44	68	34	29.5	
95.5	58.5	52	93	46.5	25	63	77	52.5	14.5	46	55.5	44.5	59	90	72.5	96.5	39.5	61	75.5	29.5	41	31	46.5	23.5	81	47.5	36.5	80.5	91	94	33	64	0	78.5	39.5	56.5	28	76	65	25.5	47	60.5	83	72.5	44.5	31.5	12.5	66	80	80	88.5	14.5	33.5	63	60	70.5	43	31	43	64.5	25	51.5	27	9.5	57	71	54	85	31.5	47	30	37	35	26	64	51	15.5	52	63.5	34.5	80	26	65	78.5	70	52	30	24	70	68.5	49	82.5	66	89	45.5	45	56	9	12.5	62	63	45.5	40.5	45	92	71.5	71.5	39	37.5	29	61	71.5	68	57	45	73	89	60.5	22	46.5	75	18.5	48	67.5	20.5	59.5	87.5	41	66.5	73	73	67	13.5	42	27	68	86.5	27	74	53.5	19.5	16	15	91	55.5	70	44	18	34	59.5	
21	28	56.5	22.5	36	79.5	27.5	26.5	58	84	50.5	55	66	23.5	20.5	38	24	71	35.5	35	81	45.5	79.5	64	92	29.5	63	66	30	24.5	21.5	47.5	46.5	78.5	0	49	54	62.5	34.5	45.5	55	63.5	50	32.5	38	66	79	82	40.5	30.5	30.5	32	84	63	17.5	50.5	8	47.5	75.5	37.5	14	79.5	59	93.5	69	21.5	39.5	48.5	30.5	71	61.5	74.5	51.5	85.5	94.5	44.5	55.5	85	58.5	23	64	30.5	60.5	45.5	32	40.5	26.5	64.5	68.5	24.5	42	33.5	28	20.5	21.5	65	49.5	50.5	83.5	82	36.5	47.5	55	50	65.5	23.5	39	31	71.5	73	81.5	49.5	37	42.5	53.5	49.5	22.5	26.5	50	76.5	46	35.5	93	62.5	37	90	19	33	55.5	44	37.5	37.5	41.5	88	36.5	81.5	32.5	22	51.5	28.5	57	94	90.5	79.5	24.5	55	40.5	58.5	82.5	48.5	39	
60	29	22.5	61.5	17	40.5	33.5	47.5	13	45	16.5	26	35	29.5	54.5	37	63	50	31.5	46	50	11.5	56.5	27	59	51.5	42	27	51	61.5	60.5	8.5	34.5	39.5	49	0	17	23.5	46.5	35.5	16	42.5	31	53.5	43	35	42	43	36.5	44.5	50.5	59	45	24	33.5	30.5	41	13.5	36.5	13.5	35	40.5	12	62.5	30	27.5	41.5	24.5	55.5	32	22.5	35.5	12.5	64.5	61.5	28.5	21.5	46	37.5	34	25	44.5	21.5	35.5	49	40.5	22.5	25.5	29.5	40.5	39	19.5	53	36.5	55.5	44	15.5	26.5	44.5	43	32.5	31.5	6	1	40.5	62.5	42	42	34.5	52	44.5	31.5	36	38.5	32.5	15.5	43.5	59.5	31	37.5	17	45.5	54	41.5	38	51	30	58	16.5	33	43.5	43.5	37.5	49	12.5	42.5	38.5	51	12.5	44.5	34	55	55.5	40.5	61.5	16	40.5	19.5	43.5	9.5	30	
43	46	25.5	44.5	34	47.5	50.5	60.5	4	58	31.5	27	28	46.5	37.5	20	46	33	46.5	37	43	28.5	41.5	26	54	46.5	25	36	42	46.5	43.5	25.5	33.5	56.5	54	17	0	40.5	41.5	22.5	33	25.5	32	54.5	30	28	41	60	41.5	27.5	47.5	54	58	39	50.5	17.5	58	30.5	41.5	30.5	52	47.5	5	55.5	47	44.5	26.5	33.5	52.5	41	25.5	42.5	29.5	47.5	56.5	11.5	26.5	57	20.5	51	38	27.5	38.5	22.5	44	27.5	39.5	42.5	46.5	57.5	34	36.5	40	53.5	38.5	27	32.5	31.5	61.5	60	45.5	14.5	11	16	27.5	45.5	41	51	33.5	35	43.5	16.5	19	29.5	15.5	32.5	60.5	48.5	22	50.5	34	32.5	59	24.5	45	52	47	55	31.5	16	44.5	34.5	40.5	64	29.5	45.5	49.5	34	29.5	53.5	19	58	52.5	57.5	46.5	1	27.5	28.5	54.5	26.5	43	
71.5	42.5	36	73	30.5	29	47	61	36.5	33.5	30	39.5	28.5	43	66	48.5	74.5	36.5	45	59.5	38.5	25	45	30.5	47.5	65	28.5	20.5	64.5	75	72	17	48	28	62.5	23.5	40.5	0	60	49	9.5	19	44.5	67	56.5	28.5	30.5	31.5	50	56	64	72.5	33.5	17.5	47	44	54.5	27	25	27	48.5	29	35.5	51	18.5	41	55	38	69	20.5	31	24	21	51	50	40	35	34.5	34	47.5	18.5	56	2	49	62.5	54	36	2	18	54	52.5	33	66.5	50	67	30.5	29	40	33	31.5	46	43	29.5	24.5	17	74	55.5	55.5	11	38.5	33	45	47.5	52	39	29	57	73	44.5	26	30.5	59	42.5	20	51.5	39.5	43.5	71.5	25	44.5	57	57	51	37.5	26	31	52	62.5	11	58	37.5	43.5	44	29	75	39.5	54	28	32	18	43.5	
23.5	25.5	46	25	33.5	73	13	39	45.5	81.5	48	42.5	53.5	17	18	25.5	26.5	58.5	33	22.5	68.5	43	67	51.5	79.5	27	50.5	61.5	22.5	27	24	45	34	76	34.5	46.5	41.5	60	0	33	52.5	51	37.5	35	25.5	53.5	66.5	79.5	32	18	28	34.5	81.5	60.5	25	38	32.5	45	67	35	26.5	73	46.5	81	66.5	19	27	44	33	66.5	51	68	49	73	82	32	47	82.5	46	25.5	61.5	18	58	33	24.5	28	24	62	66	32	29.5	31	20.5	28	19	52.5	47	42	81	79.5	34	35	52.5	47.5	53	26	26.5	31.5	59	60.5	69	37	24.5	30	41	47	35	29	37.5	74	43.5	23	84.5	50	30.5	77.5	21.5	35.5	53	31.5	3	25	31	85.5	34	71	8	14.5	49	34	44.5	83.5	78	77	27	42.5	28	54	80	46	36.5	
34.5	39.5	27	36	27.5	54	44	52	26.5	64.5	33	23.5	34.5	40	29	11.5	37.5	39.5	38	28.5	49.5	32	48	32.5	60.5	38	31.5	42.5	33.5	38	35	34	25	65	45.5	35.5	22.5	49	33	0	41.5	32	23.5	46	21.5	34.5	47.5	66.5	33	19	39	45.5	64.5	45.5	44	19	51.5	34	48	22	45.5	54	27.5	62	55.5	38	18	11	44	47.5	32	49	38	54	63	13	28	63.5	27	44.5	44.5	19	47	0	35.5	19	33	49	55	49	25.5	30	31.5	47	30	33.5	34	9	70	66.5	37	16	33.5	36.5	34	37	32.5	42.5	40	41.5	50	18	10.5	21	22	34	54	40	18.5	57	32.5	24	65.5	31	36.5	58.5	40.5	46.5	38	12.5	36	26	32	70.5	23	52	41	25.5	38	45	25.5	64.5	59	64	38	23.5	19	35	61	35	34.5	
74	35	28.5	69.5	23	26.5	39.5	53.5	29	31	22.5	32	19	35.5	66.5	49	73	36	37.5	52	36	17.5	42.5	23	45	57.5	34	11	57	67.5	70.5	9.5	40.5	25.5	55	16	33	9.5	52.5	41.5	0	28.5	37	59.5	49	19	28	29	42.5	56.5	56.5	65	31	8	39.5	36.5	47	19.5	22.5	19.5	41	26.5	28	48.5	16	33.5	47.5	30.5	61.5	18	23.5	21.5	13.5	56.5	47.5	42.5	27.5	32	28.5	40	9	56.5	7.5	41.5	55	46.5	28.5	11.5	15.5	46.5	45	25.5	59	42.5	65.5	32	21.5	32.5	30.5	29	38.5	39.5	22	17	26.5	68.5	48	48	20.5	44	30.5	37.5	50	44.5	33.5	21.5	49.5	65.5	37	23.5	23	51.5	40	29.5	44	37	36	64	17.5	43	49.5	49.5	43.5	35	18.5	28.5	44.5	65	3.5	50.5	30	41	41.5	26.5	67.5	32	46.5	20.5	29.5	10.5	36	
52.5	61.5	35	54	49.5	32	64	70	29.5	42.5	41	36.5	17.5	62	47	29.5	55.5	17.5	56	46.5	27.5	44	26	25.5	38.5	56	9.5	25.5	51.5	56	53	36	43	47	63.5	42.5	25.5	19	51	32	28.5	0	41.5	64	39.5	17.5	25.5	44.5	51	37	57	63.5	42.5	28.5	66	27	71.5	44	26	46	67.5	32	30.5	40	37.5	60	36	43	62	25.5	30	27	40	32	41	21	36	41.5	15	66.5	27.5	37	21	32	53.5	37	55	17	33	67	43.5	52	49.5	69	48	11.5	42	41	52	44.5	55	24	36.5	41.5	2	55	50.5	60.5	8	19.5	28	26	28.5	39	20	42	74	58	31.5	35	45.5	42	43.5	1	54.5	36.5	62.5	64.5	36	25.5	54	44	50	48.5	45	30	59	43.5	30	63	18.5	42.5	37	42	56	26.5	37	33	39	37	52.5	
39	30	36.5	40.5	14	61.5	34.5	48.5	36	66	32.5	33	44	30.5	33.5	12	42	49	32.5	33	59	27.5	57.5	42	70	42.5	41	48	38	42.5	39.5	29.5	29.5	60.5	50	31	32	44.5	37.5	23.5	37	41.5	0	50.5	26	44	57	64	37.5	23.5	43.5	50	66	45	34.5	28.5	42	29.5	57.5	19.5	36	61.5	37	71.5	51	28.5	22.5	30.5	48.5	53	41.5	56.5	33.5	63.5	72.5	22.5	37.5	67	36.5	35	46	23.5	42.5	23.5	40	23.5	23.5	46.5	50.5	41.5	30	20.5	36	37.5	34.5	43	31.5	32.5	65.5	64	33.5	25.5	37	32	43.5	41.5	37	43	49.5	51	59.5	27.5	13	25.5	31.5	31.5	44.5	44.5	28	58.5	28	28.5	75	40.5	39	68	31	51	37.5	22	40.5	30.5	36.5	70	18.5	61.5	39.5	30	33.5	45.5	35	74	68.5	61.5	42.5	33	23.5	40.5	64.5	30.5	31	
16.5	32.5	59	10	40.5	84	32	6	58.5	88.5	55	55.5	66.5	28	21	38.5	19.5	71.5	40	35.5	81.5	50	80	64.5	92.5	30	63.5	70.5	30.5	8	11	52	47	83	32.5	53.5	54.5	67	35	46	59.5	64	50.5	0	38.5	66.5	79.5	86.5	45	31	31	27.5	88.5	67.5	22	51	24.5	52	80	42	18.5	84	59.5	94	73.5	26	40	53	2	75.5	64	79	56	86	95	45	60	89.5	59	27.5	68.5	31	65	46	32.5	41	31	69	73	29	42.5	38	28.5	25	22	65.5	54	55	88	86.5	41	48	59.5	54.5	66	9	39.5	35.5	72	73.5	82	50	37.5	43	54	54	10	6	50.5	81	50.5	36	97.5	63	41.5	90.5	23.5	28.5	60	44.5	38	38	44	92.5	41	84	37	22.5	56	33	57.5	96.5	91	84	8	55.5	41	63	87	53	43.5	
27	32	34.5	28.5	30	61.5	36.5	44.5	34	72	40.5	31	42	32.5	21.5	14	30	47	30.5	21	57	39.5	55.5	40	68	30.5	39	50	26	30.5	27.5	41.5	22.5	72.5	38	43	30	56.5	25.5	21.5	49	39.5	26	38.5	0	42	55	74	25.5	11.5	31.5	38	72	53	36.5	26.5	44	41.5	55.5	31.5	38	61.5	35	69.5	63	30.5	15.5	32.5	36.5	55	39.5	56.5	45.5	61.5	70.5	20.5	35.5	71	34.5	37	52	11.5	54.5	21.5	28	16.5	25.5	56.5	62.5	41.5	4	27.5	24	39.5	22.5	41	41.5	30.5	77.5	74	29.5	23.5	41	44	41.5	29.5	25	35	47.5	49	57.5	25.5	13	18.5	29.5	41.5	46.5	32.5	26	64.5	40	16.5	73	38.5	29	66	33	39	45.5	20	28.5	18.5	24.5	78	30.5	59.5	33.5	18	45.5	37.5	33	72	66.5	71.5	30.5	31	16.5	42.5	68.5	42.5	13	
55	54	37.5	56.5	42	39.5	58.5	72.5	32	50	41.5	39	0	54.5	49.5	32	58	25	56.5	49	35	36.5	33.5	28	46	58.5	17	8	54	58.5	55.5	28.5	45.5	44.5	66	35	28	28.5	53.5	34.5	19	17.5	44	66.5	42	0	33	48	53.5	39.5	59.5	66	50	11	58.5	29.5	66	38.5	33.5	38.5	60	39.5	33	47.5	35	52.5	38.5	45.5	64.5	33	32.5	34.5	32.5	39.5	48.5	23.5	38.5	49	17.5	59	10	39.5	26.5	34.5	56	39.5	47.5	30.5	34.5	65.5	46	44.5	52	61.5	50.5	19	40.5	43.5	49.5	48	57.5	26.5	39	36	19.5	57.5	53	63	25.5	27	35.5	28.5	31	41.5	22.5	40.5	68.5	60.5	34	42.5	42	44.5	51	16.5	57	44	55	67	36.5	28	56.5	46.5	52.5	54	37.5	37.5	61.5	46	22.5	65.5	21	50	44.5	45.5	58.5	29	39.5	35.5	46.5	29.5	55	
68	61	50.5	69.5	49	32.5	65.5	79.5	45	37	48.5	52	33	61.5	62.5	45	71	8	63.5	62	28	43.5	26.5	41	39	71.5	20	39	67	71.5	68.5	35.5	58.5	31.5	79	42	41	30.5	66.5	47.5	28	25.5	57	79.5	55	33	0	35	66.5	52.5	72.5	79	37	36	65.5	42.5	73	45.5	31.5	45.5	67	32.5	46	40.5	22	59.5	51.5	56.5	77.5	34	45.5	32.5	39.5	32.5	41.5	36.5	51.5	38	30.5	66	37	52.5	28.5	47.5	69	52.5	54.5	32.5	26.5	72.5	59	51.5	65	68.5	63.5	22	47.5	56.5	36.5	35	64.5	39.5	48	43	27.5	70.5	66	74	33.5	20	28.5	41.5	44	54.5	35.5	47.5	75.5	73.5	47	29.5	49	57.5	44	24.5	70	37	62	80	43.5	41	69.5	59.5	65.5	41	44.5	30.5	70.5	59	29.5	76.5	34	43	37.5	32.5	71.5	42	52.5	46.5	35.5	36.5	62	
87	62	55.5	88.5	50	28.5	66.5	80.5	56	2	49.5	59	48	62.5	81.5	64	90	37	64.5	79	33	44.5	30.5	50	32	84.5	39	40	84	90.5	87.5	36.5	67.5	12.5	82	43	60	31.5	79.5	66.5	29	44.5	64	86.5	74	48	35	0	69.5	71.5	83.5	92	2	37	66.5	61.5	74	46.5	34.5	46.5	68	28.5	55	35.5	13	60.5	70.5	57.5	88.5	35	50.5	33.5	40.5	31.5	34.5	55.5	54.5	3	49.5	67	38	71.5	29.5	66.5	82	71.5	55.5	33.5	27.5	73.5	72	52.5	84	69.5	82.5	41	48.5	59.5	17.5	0	65.5	58.5	49	44	46.5	89.5	75	75	42.5	29	32.5	60.5	63	71.5	54.5	48.5	76.5	92.5	64	25.5	50	76.5	27	43.5	71	8	63	91	44.5	60	76.5	76.5	70.5	22	45.5	30.5	71.5	78	30.5	77.5	53	28	28.5	18.5	90.5	59	71.5	47.5	21.5	37.5	63	
33.5	20.5	44	35	23.5	67	25	39	45.5	71.5	38	42.5	53.5	21	28	25.5	36.5	58.5	5	27.5	68.5	33	67	51.5	79.5	37	50.5	53.5	32.5	37	34	35	34	66	40.5	36.5	41.5	50	32	33	42.5	51	37.5	45	25.5	53.5	66.5	69.5	0	14	38	44.5	71.5	50.5	25	38	32.5	35	63	25	26.5	67	46.5	81	56.5	19	27	36	43	58.5	49	62	39	73	82	32	43	72.5	46	25.5	51.5	14	48	33	34.5	28	14	52	56	32	29.5	21	30.5	28	29	52.5	37	38	71	69.5	4	35	42.5	37.5	53	36	31.5	33.5	59	60.5	69	37	24.5	30	41	37	35	39	37.5	64	33.5	9	80.5	50	29.5	77.5	21.5	45.5	43	31.5	35	7	1	75.5	24	69	30	24.5	39	36	44.5	81.5	78	67	37	42.5	28	46	70	36	26.5	
19.5	30.5	32	21	37.5	59	31	37	31.5	69.5	38	28.5	39.5	35	14	11.5	22.5	44.5	19	13.5	54.5	43	53	37.5	65.5	23	36.5	47.5	18.5	23	20	49	20	80	30.5	44.5	27.5	56	18	19	56.5	37	23.5	31	11.5	39.5	52.5	71.5	14	0	24	30.5	69.5	50.5	39	24	38.5	41	53	39	40.5	59	32.5	67	70.5	33	13	30	29	52.5	37	54	47	59	68	18	33	68.5	32	35.5	49.5	0	58	19	20.5	14	28	54	60	34	15.5	35	16.5	38	15	38.5	39	28	85	71.5	18	21	38.5	43.5	39	22	17.5	27.5	45	46.5	55	23	10.5	16	27	39	41	25	23.5	62	37.5	5	70.5	36	21.5	63.5	35.5	31.5	43	17.5	21	7	13	75.5	38	57	26	10.5	53	30	30.5	69.5	64	69	23	28.5	14	40	66	50	24.5	
19.5	29.5	52	21	37.5	79	29	33	51.5	85.5	52	48.5	59.5	25	10	31.5	22.5	64.5	37	28.5	74.5	47	73	57.5	85.5	1	56.5	67.5	23.5	23	20	49	40	80	30.5	50.5	47.5	64	28	39	56.5	57	43.5	31	31.5	59.5	72.5	83.5	38	24	0	30.5	85.5	64.5	17	44	26.5	49	73	39	20.5	79	52.5	87	70.5	23	33	50	29	72.5	57	74	53	79	88	38	53	86.5	52	24.5	65.5	24	62	39	25.5	34	28	66	70	10	35.5	35	21.5	14	9	58.5	51	48	85	83.5	38	41	56.5	51.5	59	22	32.5	32.5	65	66.5	75	43	30.5	36	47	51	29	25	43.5	78	47.5	29	90.5	56	36.5	83.5	20.5	31.5	57	37.5	31	31	37	89.5	38	77	34	15.5	53	6	50.5	89.5	84	81	23	48.5	34	60	84	50	40.5	
11	38	58.5	17.5	46	85.5	37.5	31.5	58	94	60.5	55	66	33.5	20.5	38	8	71	45.5	35	81	55.5	79.5	64	92	29.5	63	74	30	19.5	16.5	57.5	46.5	88.5	32	59	54	72.5	34.5	45.5	65	63.5	50	27.5	38	66	79	92	44.5	30.5	30.5	0	94	73	27.5	50.5	30	57.5	79.5	47.5	24	85.5	59	93.5	79	31.5	39.5	56.5	25.5	79	63.5	80.5	61.5	85.5	94.5	44.5	59.5	95	58.5	33	74	30.5	70.5	45.5	32	40.5	36.5	74.5	78.5	34.5	42	43.5	28	30.5	21.5	65	59.5	54.5	93.5	92	46.5	47.5	65	60	65.5	18.5	39	39	71.5	73	81.5	49.5	37	42.5	53.5	59.5	27.5	21.5	50	86.5	56	35.5	97	62.5	43	90	29	1	65.5	44	37.5	37.5	43.5	98	46.5	83.5	42.5	22	61.5	36.5	57	96	90.5	89.5	19.5	55	40.5	66.5	92.5	58.5	49	
85	64	57.5	86.5	52	30.5	68.5	82.5	58	0	51.5	61	50	64.5	79.5	62	88	35	66.5	79	35	46.5	28.5	52	34	86.5	37	42	84	88.5	85.5	38.5	69.5	14.5	84	45	58	33.5	81.5	64.5	31	42.5	66	88.5	72	50	37	2	71.5	69.5	85.5	94	0	39	68.5	59.5	76	48.5	36.5	48.5	70	30.5	57	37.5	15	62.5	68.5	59.5	90.5	37	52.5	35.5	42.5	29.5	36.5	53.5	56.5	1	47.5	69	40	69.5	31.5	64.5	84	69.5	57.5	35.5	29.5	75.5	74	54.5	82	71.5	80.5	39	50.5	61.5	19.5	2	67.5	56.5	51	46	44.5	87.5	77	77	44.5	27	34.5	58.5	61	71.5	52.5	50.5	78.5	90.5	64	27.5	52	74.5	29	41.5	73	6	65	93	46.5	58	78.5	76.5	72.5	24	47.5	32.5	73.5	76	32.5	79.5	51	30	30.5	20.5	88.5	59	69.5	49.5	23.5	39.5	65	
66	43	36.5	67.5	31	34.5	47.5	61.5	37	39	30.5	40	11	43.5	60.5	43	69	36	45.5	60	44	25.5	44.5	31	53	65.5	28	3	65	69.5	66.5	17.5	48.5	33.5	63	24	39	17.5	60.5	45.5	8	28.5	45	67.5	53	11	36	37	50.5	50.5	64.5	73	39	0	47.5	40.5	55	27.5	30.5	27.5	49	34.5	36	56.5	24	41.5	49.5	38.5	69.5	26	31.5	29.5	21.5	50.5	55.5	34.5	35.5	40	28.5	48	1	50.5	15.5	45.5	63	50.5	36.5	19.5	23.5	54.5	53	33.5	63	50.5	61.5	30	29.5	40.5	38.5	37	46.5	37.5	30	25	30.5	68.5	56	56	28.5	38	38.5	39.5	42	52.5	33.5	29.5	57.5	71.5	45	31.5	31	55.5	48	27.5	52	45	44	72	25.5	39	57.5	57.5	51.5	43	26.5	36.5	52.5	57	11.5	58.5	32	49	49.5	34.5	69.5	40	50.5	28.5	37.5	18.5	44	
36.5	12.5	41	32	20.5	64	12	16	46.5	68.5	35	39.5	58.5	8	27	46.5	35.5	73.5	20	29.5	73.5	30	80	50.5	82.5	18	71.5	50.5	24.5	30	33	32	33	63	17.5	33.5	50.5	47	25	44	39.5	66	34.5	22	36.5	58.5	65.5	66.5	25	39	17	27.5	68.5	47.5	0	49	9.5	32	60	22	3.5	64	45.5	86	53.5	6	40	33	24	55.5	46	59	36	94	85	55	40	69.5	61	7.5	48.5	39	45	44	22.5	39	11	49	53	7	32.5	18	26.5	3	26	69.5	34	35	68	66.5	21	52	39.5	34.5	64	31	25.5	15.5	58	81.5	68	50	47.5	37	56	34	12	28	44.5	61	30.5	34	77.5	67	21.5	74.5	3.5	26.5	40	50.5	22	32	26	72.5	21	66	17	32.5	36	11	57.5	78.5	79	64	30	49.5	39	43	67	33	23.5	
39.5	44.5	8	41	32.5	49	49	57	21.5	59.5	14	23.5	29.5	45	34	16.5	42.5	34.5	43	33.5	44.5	19	43	27.5	55.5	43	26.5	37.5	38.5	43	40	29	30	60	50.5	30.5	17.5	44	38	19	36.5	27	28.5	51	26.5	29.5	42.5	61.5	38	24	44	50.5	59.5	40.5	49	0	56.5	17	43	29	50.5	49	22.5	57	50.5	43	23	30	49	42.5	27	44	33	49	58	6	9	58.5	22	49.5	39.5	24	42	19	40.5	24	38	44	50	54	30.5	35	36.5	52	35	28.5	15	28	65	61.5	42	3	28.5	31.5	29	42	37.5	47.5	35	36.5	45	1	15.5	26	17	15	59	45	18.5	52	32.5	29	60.5	26	41.5	53.5	45.5	51.5	33	12.5	41	31	37	65.5	28	47	46	30.5	33	50	20.5	59.5	54	59	43	18.5	24	30	56	30	39.5	
29	20	48.5	30.5	28	71.5	19.5	18.5	54	76	42.5	47	66	15.5	28.5	46	32	79	27.5	37	81	37.5	87.5	58	90	27.5	71	58	32	32.5	29.5	39.5	40.5	70.5	8	41	58	54.5	32.5	51.5	47	71.5	42	24.5	44	66	73	74	32.5	38.5	26.5	30	76	55	9.5	56.5	0	39.5	67.5	29.5	6	71.5	53	93.5	61	13.5	47.5	40.5	26.5	63	53.5	66.5	43.5	93.5	92.5	52.5	47.5	77	66.5	15	56	38.5	52.5	51.5	30	46.5	18.5	56.5	60.5	16.5	40	25.5	34	12.5	29.5	73	41.5	42.5	75.5	74	28.5	55.5	47	42	71.5	31.5	33	23	65.5	81	75.5	57.5	45	44.5	61.5	41.5	14.5	30.5	52	68.5	38	41.5	85	70.5	29	82	11	29	47.5	52	29.5	39.5	33.5	80	28.5	73.5	24.5	30	43.5	20.5	65	86	86.5	71.5	32.5	57	46.5	50.5	74.5	40.5	31	
56.5	27.5	9	58	15.5	44	32	46	26.5	48.5	3	24.5	38.5	28	51	33.5	59.5	51.5	30	44.5	53.5	2	60	30.5	62.5	50	43.5	30.5	49.5	60	57	12	33	43	47.5	13.5	30.5	27	45	34	19.5	44	29.5	52	41.5	38.5	45.5	46.5	35	41	49	57.5	48.5	27.5	32	17	39.5	0	40	12	33.5	44	25.5	66	33.5	26	40	23	54	35.5	26	39	16	66	65	23	8	49.5	39	32.5	28.5	41	25	34	47.5	39	21	29	33	39	37.5	18	51.5	35	52	45.5	2	25	48	46.5	31	20	19.5	14.5	44	59	40.5	40.5	38	53.5	48	18	32.5	37	34	2	42	58	29.5	41	15.5	44	57.5	43	36.5	54.5	28.5	56.5	20	29.5	42	42	36	52.5	11	46	37	47.5	16	43	37.5	58.5	59	44	60	29.5	39	23	47	13	28.5	
68.5	55.5	49	70	43.5	32	60	74	45.5	36.5	43	52.5	33.5	56	63	45.5	71.5	23.5	58	62.5	33.5	38	32	41.5	44.5	72	20.5	33.5	67.5	72	69	30	59	31	75.5	36.5	41.5	25	67	48	22.5	26	57.5	80	55.5	33.5	31.5	34.5	63	53	73	79.5	36.5	30.5	60	43	67.5	40	0	40	61.5	32	46.5	46	21.5	54	52	51	78	28.5	44	1	34	38	47	37	48	37.5	31	60.5	31.5	53	23	48	69.5	53	49	27	7	67	59.5	46	65.5	63	64	22.5	42	53	36	34.5	59	40	42.5	37.5	28	71	66.5	68.5	34	25.5	34	42	44.5	55	36	42	70	74	47.5	29	43.5	58	45.5	25	64.5	42.5	56.5	80.5	38	41.5	70	60	64	40.5	39	34	65	59.5	24	71	34.5	46.5	43	32	72	42.5	53	41	35	31	56.5	
56.5	17.5	21	52	5.5	44	22	36	26.5	48.5	15	19.5	38.5	18	49	31.5	55.5	53.5	20	34.5	53.5	10	60	30.5	62.5	40	51.5	30.5	39.5	50	53	12	23	43	37.5	13.5	30.5	27	35	22	19.5	46	19.5	42	31.5	38.5	45.5	46.5	25	39	39	47.5	48.5	27.5	22	29	29.5	12	40	0	23.5	44	25.5	66	33.5	16	30	11	44	35.5	26	39	16	74	65	35	20	49.5	41	22.5	28.5	39	25	22	37.5	29	11	29	33	29	27.5	8	41.5	25	48	49.5	14	13	48	46.5	21	32	19.5	14.5	44	51	30.5	30.5	38	61.5	48	30	32.5	27	36	14	32	48	24.5	41	10.5	34	57.5	47	26.5	54.5	18.5	46.5	20	30.5	32	32	26	52.5	1	46	27	47.5	16	33	37.5	58.5	59	44	50	29.5	29	23	47	13	18.5	
35	14	42.5	28.5	22	65.5	13.5	12.5	48	70	36.5	41	60	9.5	30.5	48	32	75	21.5	31	75	31.5	81.5	52	84	21.5	73	52	26	26.5	29.5	33.5	34.5	64.5	14	35	52	48.5	26.5	45.5	41	67.5	36	18.5	38	60	67	68	26.5	40.5	20.5	24	70	49	3.5	50.5	6	33.5	61.5	23.5	0	65.5	47	87.5	55	7.5	41.5	34.5	20.5	57	47.5	60.5	37.5	95.5	86.5	56.5	41.5	71	62.5	9	50	40.5	46.5	45.5	24	40.5	12.5	50.5	54.5	10.5	34	19.5	28	6.5	29.5	71	35.5	36.5	69.5	68	22.5	53.5	41	36	65.5	27.5	27	17	59.5	83	69.5	51.5	49	38.5	57.5	35.5	8.5	24.5	46	62.5	32	35.5	79	68.5	23	76	5	23	41.5	52	23.5	33.5	27.5	74	22.5	67.5	18.5	34	37.5	14.5	59	80	80.5	65.5	26.5	51	40.5	44.5	68.5	34.5	25	
74.5	59.5	53	76	47.5	0	64	78	51.5	30.5	47	56.5	39.5	60	69	51.5	77.5	24.5	62	68.5	29.5	42	28	47.5	40.5	78	26.5	37.5	73.5	78	75	34	65	25	79.5	40.5	47.5	29	73	54	26.5	32	61.5	84	61.5	39.5	32.5	28.5	67	59	79	85.5	30.5	34.5	64	49	71.5	44	32	44	65.5	0	52.5	42	15.5	58	58	55	84	32.5	48	31	38	34	43	43	52	31.5	37	64.5	35.5	59	27	54	75.5	59	53	31	25	71	65.5	50	71.5	67	70	28.5	46	57	30	28.5	63	46	46.5	41.5	34	77	72.5	72.5	40	21.5	4	48	50.5	61	42	46	74	80	53.5	3	47.5	64	39.5	31	68.5	36.5	60.5	86.5	42	47.5	74	66	68	34.5	43	2	69	65.5	28	75	40.5	40.5	39	26	78	48.5	59	45	29	35	60.5	
48	41	30.5	49.5	29	52.5	45.5	59.5	1	57	28.5	32	33	41.5	42.5	25	51	38	43.5	42	48	23.5	46.5	31	59	51.5	30	39	47	51.5	48.5	20.5	38.5	51.5	59	12	5	35.5	46.5	27.5	28	30.5	37	59.5	35	33	46	55	46.5	32.5	52.5	59	57	36	45.5	22.5	53	25.5	46.5	25.5	47	52.5	0	60.5	42	39.5	31.5	36.5	57.5	44	30.5	47.5	24.5	52.5	61.5	16.5	31.5	58	25.5	46	37	32.5	33.5	27.5	49	32.5	34.5	37.5	41.5	52.5	39	31.5	45	48.5	43.5	32	27.5	36.5	56.5	55	44.5	19.5	6	11	32.5	50.5	46	54	38.5	40	48.5	21.5	24	34.5	20.5	27.5	55.5	53.5	27	49.5	29	37.5	64	29.5	50	57	42	60	28.5	21	49.5	39.5	45.5	61	24.5	50.5	50.5	39	24.5	56.5	24	63	57.5	52.5	51.5	4	32.5	31.5	55.5	21.5	42	
82.5	81.5	65	84	69.5	42	86	100	59.5	37.5	69	66.5	47.5	82	77	59.5	85.5	32.5	84	76.5	32.5	64	26	55.5	23.5	86	34.5	55.5	81.5	86	83	56	73	27	93.5	62.5	55.5	51	81	62	48.5	40	71.5	94	69.5	47.5	40.5	35.5	81	67	87	93.5	37.5	56.5	86	57	93.5	66	46	66	87.5	42	60.5	0	32.5	80	66	73	92	50.5	60	47	60	8	1	51	66	36.5	45	86.5	57.5	67	49	62	83.5	67	75	53	47	93	73.5	72	79.5	89	78	36.5	68	71	18	35.5	85	54	66.5	63.5	42	85	80.5	90.5	48	24.5	38	56	58.5	69	50	68	96	88	61.5	45	69.5	72	28.5	39	84.5	31.5	82.5	94.5	64	55.5	84	74	80	31.5	65	40	89	73.5	50	93	48.5	27.5	27	38	86	56.5	67	63	39	57	82.5	
90	49	42.5	83.5	37	15.5	53.5	67.5	43	15	36.5	46	35	49.5	80.5	63	87	30	51.5	66	20	31.5	26.5	37	29	71.5	38	27	71	81.5	84.5	23.5	54.5	9.5	69	30	47	18.5	66.5	55.5	16	37.5	51	73.5	63	35	22	13	56.5	70.5	70.5	79	15	24	53.5	50.5	61	33.5	21.5	33.5	55	15.5	42	32.5	0	47.5	61.5	44.5	75.5	22	37.5	20.5	27.5	40.5	31.5	56.5	41.5	16	42.5	54	25	70.5	16.5	55.5	69	60.5	42.5	20.5	14.5	60.5	59	39.5	73	56.5	79.5	36	35.5	46.5	14.5	13	52.5	53.5	36	31	35.5	82.5	62	62	29.5	28	19.5	51.5	64	58.5	47.5	35.5	63.5	79.5	51	12.5	37	65.5	24	38.5	58	21	50	78	31.5	57	63.5	63.5	57.5	19	32.5	17.5	58.5	79	17.5	64.5	44	25	25.5	10.5	81.5	46	60.5	34.5	13.5	24.5	50	
42.5	6.5	35	36	14.5	58	6	20	40.5	62.5	29	33.5	52.5	2	33	40.5	39.5	67.5	14	23.5	67.5	24	74	44.5	76.5	24	65.5	44.5	23.5	34	37	26	27	57	21.5	27.5	44.5	41	19	38	33.5	60	28.5	26	30.5	52.5	59.5	60.5	19	33	23	31.5	62.5	41.5	6	43	13.5	26	54	16	7.5	58	39.5	80	47.5	0	34	27	28	49.5	40	53	30	88	79	49	34	63.5	55	6.5	42.5	33	39	38	21.5	33	5	43	47	13	26.5	12	25.5	9	32	63.5	28	29	62	60.5	15	46	33.5	28.5	58	35	19.5	14.5	52	75.5	62	44	41.5	31	50	28	16	32	38.5	55	24.5	28	71.5	61	15.5	68.5	2.5	30.5	34	44.5	16	26	20	66.5	15	60	11	31.5	30	17	51.5	72.5	73	58	34	43.5	33	37	61	27	17.5	
28.5	35.5	31	30	28.5	58	40	46	30.5	68.5	37	27.5	38.5	36	23	10.5	31.5	43.5	32	22.5	53.5	38	52	36.5	64.5	32	35.5	46.5	27.5	32	29	40	7	71	39.5	41.5	26.5	55	27	18	47.5	36	22.5	40	15.5	38.5	51.5	70.5	27	13	33	39.5	68.5	49.5	40	23	47.5	40	52	30	41.5	58	31.5	66	61.5	34	0	29	38	51.5	36	53	44	58	67	17	32	67.5	31	40.5	48.5	13	53	18	29.5	1	29	53	59	43	19.5	22	25.5	43	24	37.5	38	27	76	70.5	31	20	37.5	42.5	38	31	26.5	36.5	44	45.5	54	22	9.5	3	26	38	50	34	22.5	61	36.5	18	69.5	35	30.5	62.5	36.5	40.5	42	16.5	30	20	26	74.5	29	56	35	19.5	44	39	29.5	68.5	63	68	32	27.5	1	39	65	41	28.5	
45.5	28.5	32	47	16.5	55	33	47	37.5	59.5	26	30.5	45.5	29	40	22.5	48.5	50.5	31	39.5	60.5	21	59	41.5	71.5	49	42.5	41.5	44.5	49	46	23	34	54	48.5	24.5	33.5	38	44	11	30.5	43	30.5	53	32.5	45.5	56.5	57.5	36	30	50	56.5	59.5	38.5	33	30	40.5	23	51	11	34.5	55	36.5	73	44.5	27	29	0	55	46.5	37	50	27	65	74	24	31	60.5	38	33.5	39.5	30	36	11	46.5	30	22	40	44	40	36.5	19	42.5	36	41	44.5	25	2	59	57.5	32	27	30.5	25.5	45	48	41.5	41.5	49	52.5	59	29	21.5	32	33	25	43	51	29.5	52	21.5	35	68.5	42	37.5	65.5	29.5	57.5	31	23.5	43	37	37	63.5	12	57	38	36.5	27	44	36.5	69.5	70	55	49	34.5	30	34	58	24	29.5	
14.5	34.5	57	8	42.5	84	34	8	56.5	90.5	57	53.5	64.5	30	19	36.5	17.5	69.5	42	33.5	79.5	52	78	62.5	90.5	28	61.5	72.5	28.5	6	9	54	45	85	30.5	55.5	52.5	69	33	44	61.5	62	48.5	2	36.5	64.5	77.5	88.5	43	29	29	25.5	90.5	69.5	24	49	26.5	54	78	44	20.5	84	57.5	92	75.5	28	38	55	0	77.5	62	79	58	84	93	43	58	91.5	57	29.5	70.5	29	67	44	30.5	39	33	71	75	31	40.5	40	26.5	27	20	63.5	56	53	90	88.5	43	46	61.5	56.5	64	7	37.5	37.5	70	71.5	80	48	35.5	41	52	56	12	4	48.5	83	52.5	34	95.5	61	41.5	88.5	25.5	26.5	62	42.5	36	36	42	94.5	43	82	39	20.5	58	35	55.5	94.5	89	86	6	53.5	39	65	89	55	45.5	
68	51	44.5	69.5	39	32.5	55.5	69.5	45	37	38.5	48	33	51.5	62.5	45	71	28	53.5	62	38	33.5	36.5	39	49	71.5	16	29	67	71.5	68.5	25.5	56.5	31.5	71	32	41	20.5	66.5	47.5	18	25.5	53	75.5	55	33	34	35	58.5	52.5	72.5	79	37	26	55.5	42.5	63	35.5	28.5	35.5	57	32.5	44	50.5	22	49.5	51.5	46.5	77.5	0	39.5	27.5	29.5	42.5	51.5	36.5	43.5	38	30.5	56	27	52.5	18.5	47.5	69	52.5	44.5	22.5	21.5	62.5	59	41.5	65	58.5	63.5	14	37.5	48.5	36.5	35	54.5	39.5	38	33	27.5	70.5	64	64	31.5	30	36.5	41.5	44	54.5	35.5	37.5	65.5	73.5	47	29.5	39	57.5	46	24.5	60	43	52	80	33.5	41	65.5	59.5	59.5	41	34.5	34.5	60.5	59	19.5	66.5	34	47	47.5	32.5	71.5	42	52.5	36.5	35.5	26.5	52	
52.5	41.5	35	54	29.5	48	46	60	29.5	52.5	29	36.5	32.5	42	47	29.5	55.5	37.5	44	46.5	47.5	24	46	30.5	58.5	56	29.5	34.5	51.5	56	53	14	43	47	61.5	22.5	25.5	31	51	32	23.5	30	41.5	64	39.5	32.5	45.5	50.5	49	37	57	63.5	52.5	31.5	46	27	53.5	26	44	26	47.5	48	30.5	60	37.5	40	36	37	62	39.5	0	43	10	52	61	21	34	53.5	25	46.5	32.5	37	29	32	53.5	37	35	33	37	53	43.5	32	49.5	49	48	31.5	28	39	52	50.5	45	24	28.5	23.5	32	55	50.5	54.5	38	39.5	48	26	28.5	39	10	28	56	58	31.5	45	29.5	42	61.5	29	50.5	56.5	42.5	64.5	6	25.5	54	44	50	56.5	25	50	51	43.5	20	57	23.5	62.5	57	48	56	26.5	37	3	51	13	42.5	
69.5	54.5	48	71	42.5	31	59	73	46.5	35.5	42	51.5	34.5	55	64	46.5	72.5	24.5	57	63.5	34.5	37	33	42.5	45.5	73	21.5	32.5	68.5	73	70	29	60	30	74.5	35.5	42.5	24	68	49	21.5	27	56.5	79	56.5	34.5	32.5	33.5	62	54	74	80.5	35.5	29.5	59	44	66.5	39	1	39	60.5	31	47.5	47	20.5	53	53	50	79	27.5	43	0	33	39	48	38	47	36.5	32	59.5	30.5	54	22	49	70.5	54	48	26	6	66	60.5	45	66.5	62	65	23.5	41	52	35	33.5	58	41	41.5	36.5	29	72	67.5	67.5	35	26.5	35	43	45.5	56	37	41	69	75	48.5	28	42.5	59	44.5	26	63.5	41.5	55.5	81.5	37	42.5	69	61	63	39.5	38	33	64	60.5	23	70	35.5	45.5	44	31	73	43.5	54	40	34	30	55.5	
62.5	31.5	25	64	19.5	38	36	50	25.5	42.5	19	28.5	32.5	32	57	39.5	65.5	47.5	34	48.5	47.5	14	54	24.5	56.5	54	39.5	24.5	53.5	64	63	4	37	37	51.5	12.5	29.5	21	49	38	13.5	40	33.5	56	45.5	32.5	39.5	40.5	39	47	53	61.5	42.5	21.5	36	33	43.5	16	34	16	37.5	38	24.5	60	27.5	30	44	27	58	29.5	10	33	0	62	59	31	24	43.5	35	36.5	22.5	47	19	38	51.5	43	25	23	27	43	41.5	22	55.5	39	58	41.5	18	29	42	40.5	35	34	18.5	13.5	38	65	44.5	44.5	32	49.5	42	34	38.5	41	20	18	46	62	33.5	35	19.5	48	51.5	39	40.5	48.5	32.5	60.5	4	35.5	46	46	40	46.5	15	40	41	53.5	10	47	31.5	52.5	53	38	64	28.5	43	7	41	3	32.5	
74.5	85.5	57	76	77.5	34	86	92	51.5	29.5	63	58.5	39.5	90	69	51.5	77.5	24.5	78	68.5	24.5	68	18	47.5	15.5	78	26.5	47.5	73.5	78	75	64	65	35	85.5	64.5	47.5	51	73	54	56.5	32	63.5	86	61.5	39.5	32.5	31.5	73	59	79	85.5	29.5	50.5	94	49	93.5	66	38	74	95.5	34	52.5	8	40.5	88	58	65	84	42.5	52	39	62	0	9	43	58	28.5	37	90.5	49.5	59	53	54	75.5	59	83	49	45	89	65.5	80	71.5	93	70	28.5	64	63	26	31.5	77	46	58.5	63.5	34	77	72.5	82.5	40	16.5	30	48	50.5	61	42	64	96	80	53.5	37	67.5	64	20.5	31	76.5	23.5	90.5	86.5	58	47.5	76	66	72	25.5	73	32	81	65.5	58	85	40.5	19.5	19	34	78	48.5	59	55	31	65	74.5	
83.5	80.5	66	85	68.5	43	85	99	60.5	36.5	68	67.5	48.5	81	78	60.5	86.5	33.5	83	77.5	33.5	63	27	56.5	24.5	87	35.5	56.5	82.5	87	84	55	74	26	94.5	61.5	56.5	50	82	63	47.5	41	72.5	95	70.5	48.5	41.5	34.5	82	68	88	94.5	36.5	55.5	85	58	92.5	65	47	65	86.5	43	61.5	1	31.5	79	67	74	93	51.5	61	48	59	9	0	52	67	37.5	46	85.5	56.5	68	48	63	84.5	68	74	52	46	92	74.5	71	80.5	88	79	37.5	67	72	17	34.5	84	55	67.5	62.5	43	86	81.5	91.5	49	25.5	39	57	59.5	70	51	67	95	89	62.5	44	68.5	73	29.5	40	85.5	32.5	81.5	95.5	63	56.5	85	75	81	30.5	64	41	90	74.5	49	94	49.5	28.5	28	37	87	57.5	68	64	40	56	81.5	
33.5	44.5	14	35	36.5	43	45	51	15.5	53.5	20	17.5	23.5	49	28	10.5	36.5	28.5	37	27.5	38.5	25	37	21.5	49.5	37	20.5	31.5	32.5	37	34	35	24	64	44.5	28.5	11.5	40	32	13	42.5	21	22.5	45	20.5	23.5	36.5	55.5	32	18	38	44.5	53.5	34.5	55	6	52.5	23	37	35	56.5	43	16.5	51	56.5	49	17	24	43	36.5	21	38	31	43	52	0	15	52.5	16	49.5	33.5	18	42	13	34.5	18	44	38	44	48	24.5	39	30.5	52	29	22.5	21	22	69	55.5	36	3	22.5	27.5	23	36	31.5	41.5	29	30.5	39	5	9.5	20	11	21	55	39	12.5	46	26.5	23	54.5	20	35.5	47.5	51.5	45.5	27	6.5	35	25	31	59.5	34	41	40	24.5	39	44	14.5	53.5	48	53	37	12.5	18	24	50	34	33.5	
48.5	35.5	1	50	23.5	52	40	54	30.5	56.5	5	32.5	38.5	36	43	25.5	51.5	43.5	38	42.5	53.5	10	52	36.5	64.5	52	35.5	38.5	47.5	52	49	20	39	51	55.5	21.5	26.5	35	47	28	27.5	36	37.5	60	35.5	38.5	51.5	54.5	43	33	53	59.5	56.5	35.5	40	9	47.5	8	48	20	41.5	52	31.5	66	41.5	34	32	31	58	43.5	34	47	24	58	67	15	0	57.5	31	40.5	36.5	33	33	28	49.5	33	29	37	41	47	39.5	26	45.5	43	44	37.5	6	33	56	54.5	39	12	27.5	22.5	38	51	46.5	48.5	44	45.5	54	10	24.5	35	26	6	50	54	27.5	49	23.5	38	65.5	35	44.5	62.5	36.5	60.5	28	21.5	50	40	44	60.5	19	54	45	39.5	24	51	29.5	66.5	63	52	52	27.5	33	31	55	21	36.5	
84	65	58.5	85.5	53	31.5	69.5	83.5	59	1	52.5	62	49	65.5	78.5	61	87	34	67.5	78	34	47.5	27.5	53	35	87.5	36	43	83	87.5	84.5	39.5	70.5	15.5	85	46	57	34.5	82.5	63.5	32	41.5	67	89.5	71	49	38	3	72.5	68.5	86.5	95	1	40	69.5	58.5	77	49.5	37.5	49.5	71	31.5	58	36.5	16	63.5	67.5	60.5	91.5	38	53.5	36.5	43.5	28.5	37.5	52.5	57.5	0	46.5	70	41	68.5	32.5	63.5	85	68.5	58.5	36.5	30.5	76.5	75	55.5	81	72.5	79.5	38	51.5	62.5	20.5	3	68.5	55.5	52	47	43.5	86.5	78	78	45.5	26	35.5	57.5	60	70.5	51.5	51.5	79.5	89.5	63	28.5	53	73.5	30	40.5	74	5	66	94	47.5	57	79.5	75.5	73.5	25	48.5	33.5	74.5	75	33.5	80.5	50	31	31.5	21.5	87.5	58	68.5	50.5	24.5	40.5	66	
47.5	56.5	30	49	44.5	37	59	65	24.5	47.5	36	31.5	17.5	57	42	24.5	50.5	22.5	51	41.5	32.5	39	31	20.5	43.5	51	14.5	25.5	46.5	51	48	31	38	52	58.5	37.5	20.5	34	46	27	28.5	15	36.5	59	34.5	17.5	30.5	49.5	46	32	52	58.5	47.5	28.5	61	22	66.5	39	31	41	62.5	37	25.5	45	42.5	55	31	38	57	30.5	25	32	35	37	46	16	31	46.5	0	61.5	27.5	32	34	27	48.5	32	50	32	38	62	38.5	47	44.5	64	43	16.5	37	36	57	49.5	50	19	31.5	36.5	17	50	45.5	55.5	23	24.5	33	21	23.5	34	15	37	69	53	26.5	40	40.5	37	48.5	14	49.5	41.5	57.5	59.5	31	20.5	49	39	45	53.5	40	35	54	38.5	25	58	13.5	47.5	42	47	51	21.5	32	28	44	32	47.5	
36	13	41.5	37.5	21	64.5	12.5	21.5	47	69	35.5	40	59	8.5	30.5	43	39	74	20.5	30	74	30.5	80.5	51	83	25.5	68	51	17	35.5	36.5	32.5	33.5	63.5	23	34	51	47.5	25.5	44.5	40	66.5	35	27.5	37	59	66	67	25.5	35.5	24.5	33	69	48	7.5	49.5	15	32.5	60.5	22.5	9	64.5	46	86.5	54	6.5	40.5	33.5	29.5	56	46.5	59.5	36.5	90.5	85.5	49.5	40.5	70	61.5	0	49	35.5	45.5	44.5	15	39.5	11.5	49.5	53.5	14.5	33	18.5	19	10.5	31.5	70	34.5	35.5	68.5	67	21.5	52.5	40	35	64.5	36.5	26	8	58.5	78	68.5	50.5	42	37.5	56.5	34.5	17.5	33.5	45	61.5	31	34.5	78	67.5	22	75	4	32	40.5	49	22.5	32.5	26.5	73	21.5	66.5	17.5	25	36.5	18.5	58	79	79.5	64.5	35.5	50	39.5	43.5	67.5	33.5	24	
65	44	37.5	66.5	32	35.5	48.5	62.5	38	40	31.5	41	10	44.5	59.5	42	68	35	46.5	59	45	26.5	43.5	32	54	66.5	27	2	64	68.5	65.5	18.5	49.5	34.5	64	25	38	18.5	61.5	44.5	9	27.5	46	68.5	52	10	37	38	51.5	49.5	65.5	74	40	1	48.5	39.5	56	28.5	31.5	28.5	50	35.5	37	57.5	25	42.5	48.5	39.5	70.5	27	32.5	30.5	22.5	49.5	56.5	33.5	36.5	41	27.5	49	0	49.5	16.5	44.5	64	49.5	37.5	20.5	24.5	55.5	54	34.5	62	51.5	60.5	29	30.5	41.5	39.5	38	47.5	36.5	31	26	29.5	67.5	57	57	29.5	37	39.5	38.5	41	51.5	32.5	30.5	58.5	70.5	44	32.5	32	54.5	49	26.5	53	46	45	73	26.5	38	58.5	56.5	52.5	44	27.5	37.5	53.5	56	12.5	59.5	31	50	50.5	35.5	68.5	39	49.5	29.5	38.5	19.5	45	
19.5	30.5	32	21	37.5	59	31	37	31.5	69.5	38	28.5	39.5	35	14	11.5	22.5	44.5	19	13.5	54.5	43	53	37.5	65.5	23	36.5	47.5	18.5	23	20	49	20	80	30.5	44.5	27.5	56	18	19	56.5	37	23.5	31	11.5	39.5	52.5	71.5	14	0	24	30.5	69.5	50.5	39	24	38.5	41	53	39	40.5	59	32.5	67	70.5	33	13	30	29	52.5	37	54	47	59	68	18	33	68.5	32	35.5	49.5	0	58	19	20.5	14	28	54	60	34	15.5	35	16.5	38	15	38.5	39	28	85	71.5	18	21	38.5	43.5	39	22	17.5	27.5	45	46.5	55	23	10.5	16	27	39	41	25	23.5	62	37.5	5	70.5	36	21.5	63.5	35.5	31.5	43	17.5	21	7	13	75.5	38	57	26	10.5	53	30	30.5	69.5	64	69	23	28.5	14	40	66	50	24.5	
73.5	40.5	34	75	28.5	27	45	59	34.5	31.5	28	37.5	26.5	41	68	50.5	76.5	36.5	43	57.5	36.5	23	43	28.5	45.5	63	30.5	18.5	62.5	73	74	15	46	26	60.5	21.5	38.5	2	58	47	7.5	21	42.5	65	54.5	26.5	28.5	29.5	48	58	62	70.5	31.5	15.5	45	42	52.5	25	23	25	46.5	27	33.5	49	16.5	39	53	36	67	18.5	29	22	19	53	48	42	33	32.5	34	45.5	16.5	58	0	47	60.5	52	34	4	16	52	50.5	31	64.5	48	69	32.5	27	38	31	29.5	44	45	27.5	22.5	19	74	53.5	53.5	13	40.5	31	43	49.5	50	39	27	55	71	42.5	24	28.5	57	40.5	22	49.5	37.5	41.5	69.5	23	46.5	55	55	49	35.5	24	29	50	64.5	9	56	35.5	41.5	42	27	73	37.5	52	26	30	16	41.5	
34.5	39.5	27	36	27.5	54	44	52	26.5	64.5	33	23.5	34.5	40	29	11.5	37.5	39.5	38	28.5	49.5	32	48	32.5	60.5	38	31.5	42.5	33.5	38	35	34	25	65	45.5	35.5	22.5	49	33	0	41.5	32	23.5	46	21.5	34.5	47.5	66.5	33	19	39	45.5	64.5	45.5	44	19	51.5	34	48	22	45.5	54	27.5	62	55.5	38	18	11	44	47.5	32	49	38	54	63	13	28	63.5	27	44.5	44.5	19	47	0	35.5	19	33	49	55	49	25.5	30	31.5	47	30	33.5	34	9	70	66.5	37	16	33.5	36.5	34	37	32.5	42.5	40	41.5	50	18	10.5	21	22	34	54	40	18.5	57	32.5	24	65.5	31	36.5	58.5	40.5	46.5	38	12.5	36	26	32	70.5	23	52	41	25.5	38	45	25.5	64.5	59	64	38	23.5	19	35	61	35	34.5	
21	28	48.5	22.5	36	75.5	27.5	36.5	48	84	50.5	45	56	23.5	15.5	28	24	61	35.5	25	71	45.5	69.5	54	82	24.5	53	64	2	24.5	21.5	47.5	36.5	78.5	32	49	44	62.5	24.5	35.5	55	53.5	40	32.5	28	56	69	82	34.5	20.5	25.5	32	84	63	22.5	40.5	30	47.5	69.5	37.5	24	75.5	49	83.5	69	21.5	29.5	46.5	30.5	69	53.5	70.5	51.5	75.5	84.5	34.5	49.5	85	48.5	15	64	20.5	60.5	35.5	0	30.5	26.5	64.5	68.5	29.5	32	33.5	4	25.5	16.5	55	49.5	44.5	83.5	82	36.5	37.5	55	50	55.5	23.5	29	7	61.5	63	71.5	39.5	27	32.5	43.5	49.5	32.5	26.5	40	76.5	46	25.5	87	52.5	33	80	19	33	55.5	34	27.5	27.5	33.5	88	36.5	73.5	32.5	10	51.5	31.5	47	86	80.5	79.5	24.5	45	30.5	56.5	82.5	48.5	39	
29.5	34.5	32	31	27.5	59	39	47	31.5	69.5	38	28.5	39.5	35	24	11.5	32.5	44.5	33	23.5	54.5	37	53	37.5	65.5	33	36.5	47.5	28.5	33	30	39	6	70	40.5	40.5	27.5	54	28	19	46.5	37	23.5	41	16.5	39.5	52.5	71.5	28	14	34	40.5	69.5	50.5	39	24	46.5	39	53	29	40.5	59	32.5	67	60.5	33	1	30	39	52.5	37	54	43	59	68	18	33	68.5	32	39.5	49.5	14	52	19	30.5	0	28	54	60	44	20.5	21	26.5	42	25	38.5	39	28	75	71.5	32	21	38.5	41.5	39	32	27.5	37.5	45	46.5	55	23	10.5	2	27	39	49	35	23.5	62	37.5	19	70.5	36	31.5	63.5	35.5	41.5	43	17.5	31	21	27	75.5	28	57	36	20.5	43	40	30.5	69.5	64	69	33	28.5	0	40	66	40	29.5	
47.5	6.5	30	41	9.5	53	11	25	35.5	57.5	24	28.5	47.5	7	38	35.5	44.5	62.5	9	23.5	62.5	19	69	39.5	71.5	29	60.5	39.5	28.5	39	42	21	22	52	26.5	22.5	39.5	36	24	33	28.5	55	23.5	31	25.5	47.5	54.5	55.5	14	28	28	36.5	57.5	36.5	11	38	18.5	21	49	11	12.5	53	34.5	75	42.5	5	29	22	33	44.5	35	48	25	83	74	44	29	58.5	50	11.5	37.5	28	34	33	26.5	28	0	38	42	18	21.5	7	30.5	14	37	58.5	23	24	57	55.5	10	41	28.5	23.5	53	40	19.5	19.5	47	70.5	57	39	36.5	26	45	23	21	37	33.5	50	19.5	23	66.5	56	15.5	63.5	7.5	35.5	29	39.5	21	21	15	61.5	10	55	16	36.5	25	22	46.5	67.5	68	53	39	38.5	28	32	56	22	12.5	
69.5	44.5	38	71	32.5	31	49	63	38.5	35.5	32	41.5	30.5	45	64	46.5	72.5	34.5	47	61.5	40.5	27	43	32.5	49.5	67	26.5	22.5	66.5	73	70	19	50	30	64.5	25.5	42.5	2	62	49	11.5	17	46.5	69	56.5	30.5	32.5	33.5	52	54	66	74.5	35.5	19.5	49	44	56.5	29	27	29	50.5	31	37.5	53	20.5	43	53	40	71	22.5	33	26	23	49	52	38	37	36.5	32	49.5	20.5	54	4	49	64.5	54	38	0	20	56	54.5	35	66.5	52	65	28.5	31	42	35	33.5	48	41	31.5	26.5	15	72	57.5	57.5	9	36.5	35	43	45.5	54	37	31	59	75	46.5	28	32.5	59	44.5	18	53.5	41.5	45.5	73.5	27	42.5	59	59	53	39.5	28	33	54	60.5	13	60	35.5	45.5	46	31	73	41.5	54	30	34	20	45.5	
75.5	48.5	42	77	36.5	25	53	67	42.5	29.5	36	45.5	34.5	49	70	52.5	78.5	30.5	51	65.5	34.5	31	39	36.5	43.5	71	27.5	26.5	70.5	79	76	23	54	24	68.5	29.5	46.5	18	66	55	15.5	33	50.5	73	62.5	34.5	26.5	27.5	56	60	70	78.5	29.5	23.5	53	50	60.5	33	7	33	54.5	25	41.5	47	14.5	47	59	44	75	21.5	37	6	27	45	46	44	41	30.5	38	53.5	24.5	60	16	55	68.5	60	42	20	0	60	58.5	39	72.5	56	71	29.5	35	46	29	27.5	52	47	35.5	30.5	35	78	61.5	61.5	29	32.5	29	49	51.5	58	43	35	63	79	50.5	22	36.5	65	38.5	32	57.5	35.5	49.5	77.5	31	48.5	63	63	57	33.5	32	27	58	66.5	17	64	41.5	39.5	40	25	79	45.5	60	34	28	24	49.5	
29.5	19.5	48	31	27.5	71	19	23	53.5	75.5	42	46.5	65.5	15	20	41.5	32.5	74.5	27	36.5	80.5	37	83	57.5	89.5	11	66.5	57.5	31.5	33	30	39	40	70	24.5	40.5	57.5	54	32	49	46.5	67	41.5	29	41.5	65.5	72.5	73.5	32	34	10	34.5	75.5	54.5	7	54	16.5	39	67	29	10.5	71	52.5	93	60.5	13	43	40	31	62.5	53	66	43	89	92	48	47	76.5	62	14.5	55.5	34	52	49	29.5	44	18	56	60	0	39.5	25	31.5	4	19	68.5	41	42	75	73.5	28	51	46.5	41.5	69	32	32.5	22.5	65	76.5	75	53	40.5	44	57	41	19	35	51.5	68	37.5	39	84.5	66	28.5	81.5	10.5	33.5	47	47.5	29	39	33	79.5	28	73	24	25.5	43	4	60.5	85.5	86	71	33	56.5	44	50	74	40	30.5	
31	28	38.5	32.5	26	65.5	32.5	46.5	38	74	40.5	35	46	28.5	25.5	18	34	51	30.5	25	61	35.5	59.5	44	72	34.5	43	54	30	34.5	31.5	37.5	26.5	68.5	42	39	34	52.5	29.5	25.5	45	43.5	30	42.5	4	46	59	72	29.5	15.5	35.5	42	74	53	32.5	30.5	40	37.5	59.5	27.5	34	65.5	39	73.5	59	26.5	19.5	36.5	40.5	59	43.5	60.5	41.5	65.5	74.5	24.5	39.5	75	38.5	33	54	15.5	50.5	25.5	32	20.5	21.5	54.5	58.5	39.5	0	23.5	28	35.5	26.5	45	39.5	34.5	73.5	72	31.5	27.5	45	40	45.5	33.5	29	39	51.5	53	61.5	29.5	17	22.5	33.5	39.5	42.5	36.5	30	66.5	36	20.5	77	42.5	33	70	29	43	45.5	24	32.5	22.5	28.5	78	26.5	63.5	37.5	22	41.5	41.5	37	76	70.5	69.5	34.5	35	20.5	46.5	72.5	38.5	9	
50.5	13.5	27	48	6.5	50	18	32	32.5	54.5	21	25.5	44.5	14	45	32.5	51.5	59.5	16	30.5	59.5	16	66	36.5	68.5	36	57.5	36.5	35.5	46	49	18	15	49	33.5	19.5	36.5	33	31	30	25.5	52	20.5	38	27.5	44.5	51.5	52.5	21	35	35	43.5	54.5	33.5	18	35	25.5	18	46	8	19.5	50	31.5	72	39.5	12	22	19	40	41.5	32	45	22	80	71	39	26	55.5	47	18.5	34.5	35	31	30	33.5	21	7	35	39	25	23.5	0	37.5	21	44	55.5	20	21	54	52.5	17	38	25.5	20.5	50	47	26.5	26.5	44	67.5	54	36	31.5	19	42	20	28	44	30.5	47	16.5	30	63.5	53	22.5	60.5	14.5	42.5	26	36.5	28	28	22	58.5	7	52	23	41.5	22	29	43.5	64.5	65	50	46	35.5	21	29	53	19	14.5	
17	32	44.5	18.5	40	71.5	31.5	34.5	44	82	50.5	41	52	27.5	11.5	24	20	57	35.5	21	67	49.5	65.5	50	78	20.5	49	60	2	20.5	17.5	51.5	32.5	82.5	28	53	40	66.5	20.5	31.5	59	49.5	36	28.5	24	52	65	84	30.5	16.5	21.5	28	82	63	26.5	36.5	34	51.5	65.5	41.5	28	71.5	45	79.5	73	25.5	25.5	42.5	26.5	65	49.5	66.5	55.5	71.5	80.5	30.5	45.5	81	44.5	19	62	16.5	64.5	31.5	4	26.5	30.5	66.5	72.5	31.5	28	37.5	0	29.5	12.5	51	51.5	40.5	87.5	84	34.5	33.5	51	54	51.5	19.5	25	11	57.5	59	67.5	35.5	23	28.5	39.5	51.5	36.5	22.5	36	74.5	50	21.5	83	48.5	29	76	23	29	55.5	30	23.5	23.5	29.5	88	40.5	69.5	28.5	6	55.5	27.5	43	82	76.5	81.5	20.5	41	26.5	52.5	78.5	52.5	37	
33.5	15.5	44	35	23.5	67	15	19	49.5	71.5	38	42.5	61.5	11	24	45.5	36.5	76.5	23	32.5	76.5	33	83	53.5	85.5	15	70.5	53.5	27.5	33	34	35	36	66	20.5	36.5	53.5	50	28	47	42.5	69	37.5	25	39.5	61.5	68.5	69.5	28	38	14	30.5	71.5	50.5	3	52	12.5	35	63	25	6.5	67	48.5	89	56.5	9	43	36	27	58.5	49	62	39	93	88	52	43	72.5	64	10.5	51.5	38	48	47	25.5	42	14	52	56	4	35.5	21	29.5	0	23	72.5	37	38	71	69.5	24	55	42.5	37.5	67	34	28.5	18.5	61	80.5	71	53	44.5	40	59	37	15	31	47.5	64	33.5	37	80.5	70	24.5	77.5	6.5	29.5	43	51.5	25	35	29	75.5	24	69	20	29.5	39	8	60.5	81.5	82	67	33	52.5	42	46	70	36	26.5	
10.5	36.5	43	12	46.5	70	32	28	42.5	80.5	49	39.5	50.5	34	1	22.5	13.5	55.5	34	19.5	65.5	54	64	48.5	76.5	8	47.5	58.5	14.5	14	11	58	31	89	21.5	55.5	38.5	67	19	30	65.5	48	34.5	22	22.5	50.5	63.5	82.5	29	15	9	21.5	80.5	61.5	26	35	29.5	52	64	48	29.5	70	43.5	78	79.5	32	24	41	20	63.5	48	65	58	70	79	29	44	79.5	43	31.5	60.5	15	69	30	16.5	25	37	65	71	19	26.5	44	12.5	23	0	49.5	50	39	94	82.5	33	32	49.5	54.5	50	13	23.5	23.5	56	57.5	66	34	21.5	27	38	50	32	16	34.5	73	48.5	20	81.5	47	27.5	74.5	29.5	22.5	54	28.5	22	22	28	86.5	47	68	27	6.5	62	15	41.5	80.5	75	80	14	39.5	25	51	77	59	35.5	
54	65	36.5	55.5	53	28.5	65.5	71.5	31	39	42.5	38	19	65.5	48.5	31	57	14	57.5	48	24	47.5	22.5	27	35	57.5	2	27	53	57.5	54.5	39.5	44.5	45.5	65	44	27	30.5	52.5	33.5	32	11.5	43	65.5	41	19	22	41	52.5	38.5	58.5	65	39	30	69.5	28.5	73	45.5	22.5	49.5	71	28.5	32	36.5	36	63.5	37.5	44.5	63.5	14	31.5	23.5	41.5	28.5	37.5	22.5	37.5	38	16.5	70	29	38.5	32.5	33.5	55	38.5	58.5	28.5	29.5	68.5	45	55.5	51	72.5	49.5	0	43.5	42.5	50.5	41	56.5	25.5	38	43	13.5	56.5	52	62	19.5	16	24.5	27.5	30	40.5	21.5	43.5	75.5	59.5	33	31.5	47	43.5	40	10.5	56	33	66	66	37.5	27	55.5	45.5	51.5	45	48.5	26.5	60.5	45	33.5	64.5	20	39	33.5	38.5	57.5	28	38.5	34.5	35.5	40.5	54	
54.5	29.5	7	56	17.5	46	34	48	28.5	50.5	1	26.5	40.5	30	49	31.5	57.5	49.5	32	46.5	55.5	4	58	32.5	64.5	52	41.5	32.5	51.5	58	55	14	35	45	49.5	15.5	32.5	29	47	34	21.5	42	31.5	54	41.5	40.5	47.5	48.5	37	39	51	59.5	50.5	29.5	34	15	41.5	2	42	14	35.5	46	27.5	68	35.5	28	38	25	56	37.5	28	41	18	64	67	21	6	51.5	37	34.5	30.5	39	27	34	49.5	39	23	31	35	41	39.5	20	51.5	37	50	43.5	0	27	50	48.5	33	18	21.5	16.5	44	57	42.5	42.5	40	51.5	50	16	30.5	39	32	0	44	60	31.5	43	17.5	44	59.5	41	38.5	56.5	30.5	58.5	22	27.5	44	44	38	54.5	13	48	39	45.5	18	45	35.5	60.5	61	46	58	31.5	39	25	49	15	30.5	
43.5	30.5	34	45	18.5	57	35	49	35.5	61.5	28	32.5	43.5	31	38	20.5	46.5	48.5	33	37.5	58.5	23	57	41.5	69.5	47	40.5	43.5	42.5	47	44	25	34	56	50.5	26.5	31.5	40	42	9	32.5	41	32.5	55	30.5	43.5	56.5	59.5	38	28	48	54.5	61.5	40.5	35	28	42.5	25	53	13	36.5	57	36.5	71	46.5	29	27	2	53	48.5	39	52	29	63	72	22	33	62.5	36	35.5	41.5	28	38	9	44.5	28	24	42	46	42	34.5	21	40.5	38	39	42.5	27	0	61	59.5	34	25	32.5	27.5	43	46	41.5	43.5	49	50.5	59	27	19.5	30	31	27	45	49	27.5	54	23.5	33	70.5	40	39.5	67.5	31.5	55.5	33	21.5	45	35	39	65.5	14	59	40	34.5	29	46	34.5	71.5	68	57	47	32.5	28	36	60	26	31.5	
100.5	63.5	57	98	51.5	30	68	82	57.5	19.5	51	60.5	49.5	64	95	77.5	101.5	44.5	66	80.5	34.5	46	36	51.5	23.5	86	52.5	41.5	85.5	96	99	38	69	9	83.5	44.5	61.5	33	81	70	30.5	52	65.5	88	77.5	49.5	36.5	17.5	71	85	85	93.5	19.5	38.5	68	65	75.5	48	36	48	69.5	30	56.5	18	14.5	62	76	59	90	36.5	52	35	42	26	17	69	56	20.5	57	68.5	39.5	85	31	70	83.5	75	57	35	29	75	73.5	54	87.5	71	94	50.5	50	61	0	17.5	67	68	50.5	45.5	50	97	76.5	76.5	44	42.5	34	66	76.5	73	62	50	78	94	65.5	27	51.5	80	18.5	53	72.5	25.5	64.5	92.5	46	71.5	78	78	72	13.5	47	32	73	91.5	32	79	58.5	19.5	25	20	96	60.5	75	49	23	39	64.5	
87	62	55.5	88.5	50	28.5	66.5	80.5	56	2	49.5	59	48	62.5	81.5	64	90	37	64.5	79	33	44.5	30.5	50	32	84.5	39	40	84	90.5	87.5	36.5	67.5	12.5	82	43	60	31.5	79.5	66.5	29	44.5	64	86.5	74	48	35	0	69.5	71.5	83.5	92	2	37	66.5	61.5	74	46.5	34.5	46.5	68	28.5	55	35.5	13	60.5	70.5	57.5	88.5	35	50.5	33.5	40.5	31.5	34.5	55.5	54.5	3	49.5	67	38	71.5	29.5	66.5	82	71.5	55.5	33.5	27.5	73.5	72	52.5	84	69.5	82.5	41	48.5	59.5	17.5	0	65.5	58.5	49	44	46.5	89.5	75	75	42.5	29	32.5	60.5	63	71.5	54.5	48.5	76.5	92.5	64	25.5	50	76.5	27	43.5	71	8	63	91	44.5	60	76.5	76.5	70.5	22	45.5	30.5	71.5	78	30.5	77.5	53	28	28.5	18.5	90.5	59	71.5	47.5	21.5	37.5	63	
37.5	16.5	40	39	19.5	63	21	35	45.5	67.5	34	38.5	57.5	17	32	29.5	40.5	62.5	1	31.5	72.5	29	71	49.5	81.5	39	54.5	49.5	36.5	41	38	31	32	62	36.5	32.5	45.5	46	34	37	38.5	55	33.5	41	29.5	57.5	64.5	65.5	4	18	38	46.5	67.5	46.5	21	42	28.5	31	59	21	22.5	63	44.5	85	52.5	15	31	32	43	54.5	45	58	35	77	84	36	39	68.5	50	21.5	47.5	18	44	37	36.5	32	10	48	52	28	31.5	17	34.5	24	33	56.5	33	34	67	65.5	0	39	38.5	33.5	57	40	29.5	29.5	57	64.5	67	41	28.5	34	45	33	31	43	41.5	60	29.5	13	76.5	54	25.5	73.5	17.5	45.5	39	35.5	31	11	5	71.5	20	65	26	28.5	35	32	48.5	77.5	78	63	41	46.5	32	42	66	32	22.5	
36.5	47.5	11	38	35.5	46	48	54	18.5	56.5	17	20.5	26.5	48	31	13.5	39.5	31.5	40	30.5	41.5	22	40	24.5	52.5	40	23.5	34.5	35.5	40	37	32	27	63	47.5	31.5	14.5	43	35	16	39.5	24	25.5	48	23.5	26.5	39.5	58.5	35	21	41	47.5	56.5	37.5	52	3	55.5	20	40	32	53.5	46	19.5	54	53.5	46	20	27	46	39.5	24	41	34	46	55	3	12	55.5	19	52.5	36.5	21	45	16	37.5	21	41	41	47	51	27.5	38	33.5	55	32	25.5	18	25	68	58.5	39	0	25.5	30.5	26	39	34.5	44.5	32	33.5	42	2	12.5	23	14	18	58	42	15.5	49	29.5	26	57.5	23	38.5	50.5	48.5	48.5	30	9.5	38	28	34	62.5	31	44	43	27.5	36	47	17.5	56.5	51	56	40	15.5	21	27	53	33	36.5	
54	35	28.5	55.5	23	46.5	39.5	53.5	7	51	22.5	32	39	35.5	48.5	31	57	44	37.5	48	54	17.5	52.5	33	65	57.5	36	33	53	57.5	54.5	14.5	40.5	45.5	55	6	11	29.5	52.5	33.5	22	36.5	37	59.5	41	39	48	49	42.5	38.5	56.5	65	51	30	39.5	28.5	47	19.5	42.5	19.5	41	46.5	6	66.5	36	33.5	37.5	30.5	61.5	38	28.5	41.5	18.5	58.5	67.5	22.5	27.5	52	31.5	40	31	38.5	27.5	33.5	55	38.5	28.5	31.5	35.5	46.5	45	25.5	51	42.5	49.5	38	21.5	32.5	50.5	49	38.5	25.5	0	5	38.5	56.5	48	48	40.5	46	50.5	27.5	30	40.5	26.5	21.5	49.5	59.5	33	43.5	23	43.5	60	35.5	44	57	36	64	22.5	27	49.5	45.5	43.5	55	18.5	48.5	44.5	45	18.5	50.5	30	61	61.5	46.5	57.5	10	38.5	25.5	49.5	15.5	36	
59	30	23.5	60.5	18	41.5	34.5	48.5	12	46	17.5	27	36	30.5	53.5	36	62	49	32.5	47	51	12.5	57.5	28	60	52.5	41	28	52	62.5	59.5	9.5	35.5	40.5	50	1	16	24.5	47.5	36.5	17	41.5	32	54.5	44	36	43	44	37.5	43.5	51.5	60	46	25	34.5	31.5	42	14.5	37.5	14.5	36	41.5	11	63.5	31	28.5	42.5	25.5	56.5	33	23.5	36.5	13.5	63.5	62.5	27.5	22.5	47	36.5	35	26	43.5	22.5	36.5	50	41.5	23.5	26.5	30.5	41.5	40	20.5	54	37.5	54.5	43	16.5	27.5	45.5	44	33.5	30.5	5	0	41.5	61.5	43	43	35.5	51	45.5	32.5	35	39.5	31.5	16.5	44.5	60.5	32	38.5	18	46.5	55	40.5	39	52	31	59	17.5	32	44.5	44.5	38.5	50	13.5	43.5	39.5	50	13.5	45.5	35	56	56.5	41.5	62.5	15	41.5	20.5	44.5	10.5	31	
54.5	59.5	37	56	47.5	34	64	72	31.5	44.5	43	38.5	19.5	60	49	31.5	57.5	19.5	58	48.5	29.5	42	28	27.5	40.5	58	11.5	27.5	53.5	58	55	34	45	45	65.5	40.5	27.5	17	53	34	26.5	2	43.5	66	41.5	19.5	27.5	46.5	53	39	59	65.5	44.5	30.5	64	29	71.5	44	28	44	65.5	34	32.5	42	35.5	58	38	45	64	27.5	32	29	38	34	43	23	38	43.5	17	64.5	29.5	39	19	34	55.5	39	53	15	35	69	45.5	50	51.5	67	50	13.5	44	43	50	46.5	57	26	38.5	41.5	0	57	52.5	62.5	6	21.5	30	28	30.5	41	22	44	74	60	33.5	37	47.5	44	45.5	3	56.5	38.5	60.5	66.5	38	27.5	56	46	52	50.5	43	32	61	45.5	28	65	20.5	44.5	39	44	58	28.5	39	35	41	35	54.5	
7.5	41.5	50	1	49.5	77	39	15	49.5	87.5	56	46.5	57.5	37	12	29.5	10.5	62.5	41	26.5	72.5	59	71	55.5	83.5	21	54.5	65.5	21.5	1	2	61	38	92	23.5	62.5	45.5	74	26	37	68.5	55	41.5	9	29.5	57.5	70.5	89.5	36	22	22	18.5	87.5	68.5	31	42	31.5	59	71	51	27.5	77	50.5	85	82.5	35	31	48	7	70.5	55	72	65	77	86	36	51	86.5	50	36.5	67.5	22	74	37	23.5	32	40	72	78	32	33.5	47	19.5	34	13	56.5	57	46	97	89.5	40	39	56.5	61.5	57	0	30.5	30.5	63	64.5	73	41	28.5	34	45	57	19	3	41.5	80	55.5	27	88.5	54	34.5	81.5	32.5	19.5	61	35.5	29	29	35	93.5	50	75	34	13.5	65	28	48.5	87.5	82	87	1	46.5	32	58	84	62	42.5	
28	13	45.5	29.5	29	72.5	25.5	39.5	45	77	43.5	42	53	21.5	22.5	25	31	58	28.5	4	68	38.5	66.5	51	79	31.5	50	59	27	31.5	28.5	40.5	33.5	71.5	39	42	41	55.5	26.5	32.5	48	50.5	37	39.5	25	53	66	75	31.5	17.5	32.5	39	77	56	25.5	37.5	33	40.5	66.5	30.5	27	72.5	46	80.5	62	19.5	26.5	41.5	37.5	64	50.5	67.5	44.5	72.5	81.5	31.5	46.5	78	45.5	26	57	17.5	53.5	32.5	29	27.5	19.5	57.5	61.5	32.5	29	26.5	25	28.5	23.5	52	42.5	41.5	76.5	75	29.5	34.5	48	43	52.5	30.5	0	34	58.5	60	68.5	36.5	24	29.5	40.5	42.5	35.5	33.5	37	69.5	39	22.5	84	49.5	4	77	22	40	48.5	31	29.5	24.5	30.5	81	29.5	70.5	30.5	19	44.5	36.5	44	83	77.5	72.5	31.5	42	27.5	51.5	75.5	41.5	32	
28	21	49.5	29.5	29	72.5	20.5	29.5	55	77	43.5	48	63	16.5	22.5	35	31	68	28.5	32	78	38.5	76.5	59	89	31.5	60	59	9	31.5	28.5	40.5	41.5	71.5	31	42	51	55.5	31.5	42.5	48	60.5	43	35.5	35	63	74	75	33.5	27.5	32.5	39	77	56	15.5	47.5	23	40.5	68.5	30.5	17	72.5	54	90.5	62	14.5	36.5	41.5	37.5	64	54.5	67.5	44.5	82.5	91.5	41.5	48.5	78	55.5	8	57	27.5	53.5	42.5	7	37.5	19.5	57.5	61.5	22.5	39	26.5	11	18.5	23.5	62	42.5	43.5	76.5	75	29.5	44.5	48	43	62.5	30.5	34	0	66.5	70	76.5	46.5	34	39.5	50.5	42.5	25.5	33.5	47	69.5	39	32.5	86	59.5	30	83	12	40	48.5	41	30.5	34.5	34.5	81	29.5	74.5	25.5	17	44.5	26.5	54	87	87.5	72.5	31.5	52	37.5	51.5	75.5	41.5	32	
60.5	53.5	43	62	41.5	40	58	72	37.5	44.5	41	44.5	25.5	54	55	37.5	63.5	25.5	56	54.5	35.5	36	34	33.5	46.5	64	17.5	31.5	59.5	64	61	28	51	39	71.5	34.5	33.5	11	59	40	20.5	8	49.5	72	47.5	25.5	33.5	42.5	59	45	65	71.5	44.5	28.5	58	35	65.5	38	34	38	59.5	40	38.5	48	29.5	52	44	49	70	31.5	38	35	32	40	49	29	44	45.5	23	58.5	29.5	45	13	40	61.5	45	47	9	29	65	51.5	44	57.5	61	56	19.5	40	49	44	42.5	57	32	40.5	35.5	6	63	58.5	66.5	0	27.5	36	34	36.5	47	28	40	68	66	39.5	37	41.5	50	51.5	9	62.5	44.5	54.5	72.5	36	33.5	62	52	58	48.5	37	38	63	51.5	22	69	26.5	50.5	45	40	64	34.5	45	39	43	29	54.5	
62	73	44.5	63.5	65	21.5	73.5	79.5	39	27	50.5	46	27	77.5	56.5	39	65	12	65.5	56	8	55.5	10.5	35	23	65.5	14	35	61	65.5	62.5	51.5	52.5	37.5	73	52	35	38.5	60.5	41.5	44	19.5	51	73.5	49	27	20	29	60.5	46.5	66.5	73	27	38	81.5	36.5	81	53.5	25.5	61.5	83	21.5	40	24.5	28	75.5	45.5	52.5	71.5	30	39.5	26.5	49.5	16.5	25.5	30.5	45.5	26	24.5	78	37	46.5	40.5	41.5	63	46.5	70.5	36.5	32.5	76.5	53	67.5	59	80.5	57.5	16	51.5	50.5	42.5	29	64.5	33.5	46	51	21.5	64.5	60	70	27.5	0	17.5	35.5	38	48.5	29.5	51.5	83.5	67.5	41	24.5	55	51.5	28	18.5	64	21	78	74	45.5	35	63.5	53.5	59.5	33	60.5	19.5	68.5	53	45.5	72.5	28	27	21.5	26.5	65.5	36	46.5	42.5	23.5	52.5	62	
70.5	63.5	53	72	51.5	4	68	82	47.5	34.5	51	54.5	35.5	64	65	47.5	73.5	20.5	66	64.5	25.5	46	24	43.5	36.5	74	22.5	41.5	69.5	74	71	38	61	29	81.5	44.5	43.5	33	69	50	30.5	28	59.5	82	57.5	35.5	28.5	32.5	69	55	75	81.5	34.5	38.5	68	45	75.5	48	34	48	69.5	4	48.5	38	19.5	62	54	59	80	36.5	48	35	42	30	39	39	54	35.5	33	68.5	39.5	55	31	50	71.5	55	57	35	29	75	61.5	54	67.5	71	66	24.5	50	59	34	32.5	67	42	50.5	45.5	30	73	68.5	76.5	36	17.5	0	44	46.5	57	38	50	78	76	49.5	7	51.5	60	41.5	27	72.5	34.5	64.5	82.5	46	43.5	72	62	68	38.5	47	2	73	61.5	32	79	36.5	40.5	35	30	74	44.5	55	49	33	39	64.5	
38.5	45.5	9	40	33.5	48	50	56	20.5	58.5	15	22.5	28.5	46	33	15.5	41.5	33.5	42	32.5	43.5	20	42	26.5	54.5	42	25.5	36.5	37.5	42	39	30	29	61	49.5	31.5	16.5	45	37	18	37.5	26	27.5	50	25.5	28.5	41.5	60.5	37	23	43	49.5	58.5	39.5	50	1	57.5	18	42	30	51.5	48	21.5	56	51.5	44	22	29	48	41.5	26	43	34	48	57	5	10	57.5	21	50.5	38.5	23	43	18	39.5	23	39	43	49	53	29.5	36	35.5	53	34	27.5	16	27	66	60.5	41	2	27.5	32.5	28	41	36.5	46.5	34	35.5	44	0	14.5	25	16	16	60	44	17.5	51	31.5	28	59.5	25	40.5	52.5	46.5	50.5	32	11.5	40	30	36	64.5	29	46	45	29.5	34	49	19.5	58.5	53	58	42	17.5	23	29	55	31	38.5	
26	37	23.5	27.5	27	50.5	37.5	43.5	23	61	29.5	20	31	41.5	20.5	1	29	36	29.5	20	46	34.5	44.5	29	57	29.5	28	39	25	29.5	26.5	42.5	16.5	71.5	37	36	19	47.5	24.5	10.5	50	28.5	13	37.5	13	31	44	63	24.5	10.5	30.5	37	61	42	47.5	15.5	45	32.5	44.5	32.5	49	50.5	24	58.5	64	41.5	9.5	21.5	35.5	44	28.5	45.5	38.5	50.5	59.5	9.5	24.5	60	23.5	42	41	10.5	49.5	10.5	27	10.5	36.5	45.5	51.5	40.5	17	31.5	23	44.5	21.5	30	30.5	19.5	76.5	63	28.5	12.5	30	35	30.5	28.5	24	34	36.5	38	46.5	14.5	0	12.5	18.5	30.5	47.5	31.5	15	53.5	29	15.5	62	27.5	28	55	44	38	34.5	9	27.5	17.5	23.5	67	31.5	48.5	32.5	17	46.5	36.5	22	61	55.5	60.5	29.5	20	10.5	31.5	57.5	41.5	26	
31.5	32.5	34	33	25.5	61	37	49	33.5	71.5	40	30.5	41.5	33	26	13.5	34.5	46.5	35	25.5	56.5	35	55	39.5	67.5	35	38.5	49.5	30.5	35	32	37	4	68	42.5	38.5	29.5	52	30	21	44.5	39	25.5	43	18.5	41.5	54.5	71.5	30	16	36	42.5	71.5	52.5	37	26	44.5	37	55	27	38.5	61	34.5	69	58.5	31	3	32	41	54.5	39	56	41	61	70	20	35	70.5	34	37.5	51.5	16	50	21	32.5	2	26	54	58	44	22.5	19	28.5	40	27	40.5	39	30	73	71.5	34	23	40.5	39.5	41	34	29.5	39.5	47	48.5	57	25	12.5	0	29	39	47	37	25.5	64	35.5	21	72.5	38	33.5	65.5	33.5	43.5	45	19.5	33	23	29	77.5	26	59	38	22.5	41	42	32.5	71.5	66	69	35	30.5	2	42	68	38	31.5	
42.5	51.5	25	44	39.5	42	54	60	19.5	52.5	31	26.5	22.5	52	37	19.5	45.5	27.5	46	36.5	37.5	34	36	20.5	48.5	46	19.5	30.5	41.5	46	43	24	33	57	53.5	32.5	15.5	39	41	22	33.5	20	31.5	54	29.5	22.5	35.5	54.5	41	27	47	53.5	52.5	33.5	56	17	61.5	34	36	36	57.5	42	20.5	50	47.5	50	26	33	52	35.5	10	37	20	42	51	11	26	51.5	15	56.5	32.5	27	39	22	43.5	27	45	37	43	57	33.5	42	39.5	59	38	21.5	32	31	62	54.5	45	14	26.5	31.5	22	45	40.5	50.5	28	29.5	38	16	18.5	29	0	32	64	48	21.5	45	35.5	32	53.5	19	44.5	46.5	52.5	54.5	16	15.5	44	34	40	58.5	35	40	49	33.5	30	53	13.5	52.5	47	52	46	16.5	27	13	49	23	42.5	
54.5	29.5	7	56	17.5	46	34	48	28.5	50.5	1	26.5	40.5	30	49	31.5	57.5	49.5	32	46.5	55.5	4	58	32.5	64.5	52	41.5	32.5	51.5	58	55	14	35	45	49.5	15.5	32.5	29	47	34	21.5	42	31.5	54	41.5	40.5	47.5	48.5	37	39	51	59.5	50.5	29.5	34	15	41.5	2	42	14	35.5	46	27.5	68	35.5	28	38	25	56	37.5	28	41	18	64	67	21	6	51.5	37	34.5	30.5	39	27	34	49.5	39	23	31	35	41	39.5	20	51.5	37	50	43.5	0	27	50	48.5	33	18	21.5	16.5	44	57	42.5	42.5	40	51.5	50	16	30.5	39	32	0	44	60	31.5	43	17.5	44	59.5	41	38.5	56.5	30.5	58.5	22	27.5	44	44	38	54.5	13	48	39	45.5	18	45	35.5	60.5	61	46	58	31.5	39	25	49	15	30.5	
26.5	22.5	51	20	30.5	74	22	4	56.5	78.5	45	49.5	68.5	18	31	48.5	29.5	81.5	30	39.5	83.5	40	90	60.5	92.5	30	73.5	60.5	34.5	18	21	42	43	73	22.5	43.5	60.5	57	35	54	49.5	74	44.5	10	46.5	68.5	75.5	76.5	35	41	29	27.5	78.5	57.5	12	59	14.5	42	70	32	8.5	74	55.5	96	63.5	16	50	43	12	65.5	56	69	46	96	95	55	50	79.5	69	17.5	58.5	41	55	54	32.5	49	21	59	63	19	42.5	28	36.5	15	32	75.5	44	45	78	76.5	31	58	49.5	44.5	74	19	35.5	25.5	68	83.5	78	60	47.5	47	64	44	0	16	54.5	71	40.5	44	87.5	73	31.5	84.5	13.5	26.5	50	54.5	32	42	36	82.5	31	76	27	32.5	46	23	67.5	88.5	89	74	18	59.5	49	53	77	43	33.5	
10.5	38.5	53	4	46.5	80	38	12	52.5	90.5	59	49.5	60.5	34	15	32.5	13.5	65.5	44	29.5	75.5	56	74	58.5	86.5	24	57.5	68.5	24.5	2	5	58	41	89	26.5	59.5	48.5	73	29	40	65.5	58	44.5	6	32.5	60.5	73.5	92.5	39	25	25	21.5	90.5	71.5	28	45	30.5	58	74	48	24.5	80	53.5	88	79.5	32	34	51	4	73.5	58	75	62	80	89	39	54	89.5	53	33.5	70.5	25	71	40	26.5	35	37	75	79	35	36.5	44	22.5	31	16	59.5	60	49	94	92.5	43	42	59.5	60.5	60	3	33.5	33.5	66	67.5	76	44	31.5	37	48	60	16	0	44.5	83	56.5	30	91.5	57	37.5	84.5	29.5	22.5	64	38.5	32	32	38	96.5	47	78	37	16.5	62	31	51.5	90.5	85	90	2	49.5	35	61	87	59	45.5	
39	40	26.5	40.5	28	53.5	44.5	56.5	26	64	32.5	5	34	40.5	33.5	16	42	39	42.5	33	49	27.5	47.5	32	60	42.5	31	42	38	42.5	39.5	29.5	29.5	60.5	50	31	22	44.5	37.5	18.5	37	31.5	28	50.5	26	34	47	64	37.5	23.5	43.5	50	64	45	44.5	18.5	52	29.5	47.5	24.5	46	53.5	27	61.5	51	38.5	22.5	29.5	48.5	47	31.5	48.5	33.5	53.5	62.5	12.5	27.5	63	26.5	45	44	23.5	42.5	18.5	40	23.5	33.5	46.5	50.5	51.5	30	30.5	36	47.5	34.5	33	31.5	27.5	65.5	64	41.5	15.5	33	32	33.5	41.5	37	47	39.5	41	49.5	17.5	15	25.5	21.5	31.5	54.5	44.5	0	56.5	14	28.5	65	30.5	41	58	41	51	37.5	6	40.5	30.5	36.5	70	23.5	51.5	45.5	30	33.5	49.5	25	64	58.5	61.5	42.5	23	23.5	34.5	60.5	30.5	39	
77.5	56.5	50	79	44.5	3	61	75	50.5	27.5	44	53.5	42.5	57	72	54.5	80.5	27.5	59	71.5	32.5	39	31	44.5	41.5	79	29.5	34.5	76.5	81	78	31	62	22	76.5	37.5	50.5	26	74	57	23.5	35	58.5	81	64.5	42.5	29.5	25.5	64	62	78	86.5	27.5	31.5	61	52	68.5	41	29	41	62.5	3	49.5	45	12.5	55	61	52	83	29.5	45	28	35	37	44	46	49	28.5	40	61.5	32.5	62	24	57	76.5	62	50	28	22	68	66.5	47	74.5	64	73	31.5	43	54	27	25.5	60	49	43.5	38.5	37	80	69.5	69.5	37	24.5	7	51	53.5	64	45	43	71	83	56.5	0	44.5	67	36.5	34	65.5	33.5	57.5	85.5	39	50.5	71	69	65	31.5	40	5	66	68.5	25	72	43.5	37.5	38	23	81	51.5	62	42	26	32	57.5	
53	26	24.5	54.5	14	47.5	30.5	44.5	30	52	18.5	9	42	26.5	47.5	30	56	53	28.5	43	57	13.5	61.5	34	66	48.5	45	34	48	56.5	53.5	15.5	31.5	46.5	46	17	34	30.5	43.5	32.5	23	45.5	28	50.5	40	42	49	50	33.5	37.5	47.5	56	52	31	30.5	32.5	38	15.5	43.5	10.5	32	47.5	29	69.5	37	24.5	36.5	21.5	52.5	39	29.5	42.5	19.5	67.5	68.5	26.5	23.5	53	40.5	31	32	37.5	28.5	32.5	46	37.5	19.5	32.5	36.5	37.5	36	16.5	50	33.5	48.5	47	17.5	23.5	51.5	50	29.5	29.5	23	18	47.5	55.5	39	39	41.5	55	51.5	31.5	29	35.5	35.5	17.5	40.5	56.5	14	44.5	0	42.5	61	44.5	35	58	27	55	23.5	20	40.5	40.5	34.5	56	9.5	49.5	35.5	44	19.5	41.5	39	62	62.5	47.5	56.5	33	37.5	26.5	50.5	16.5	27	
24.5	29.5	37	26	32.5	64	34	42	36.5	74.5	43	33.5	44.5	30	19	16.5	27.5	49.5	14	18.5	59.5	42	58	42.5	70.5	28	41.5	52.5	23.5	28	25	44	25	75	35.5	45.5	32.5	59	23	24	51.5	42	28.5	36	16.5	44.5	57.5	76.5	9	5	29	35.5	74.5	55.5	34	29	41.5	44	58	34	35.5	64	37.5	72	65.5	28	18	35	34	57.5	42	59	48	64	73	23	38	73.5	37	34.5	54.5	5	57	24	25.5	19	23	59	65	39	20.5	30	21.5	37	20	43.5	44	33	80	76.5	13	26	43.5	46.5	44	27	22.5	32.5	50	51.5	60	28	15.5	21	32	44	44	30	28.5	67	42.5	0	75.5	41	26.5	68.5	30.5	36.5	48	22.5	26	2	8	80.5	33	62	31	15.5	48	35	35.5	74.5	69	74	28	33.5	19	45	71	45	29.5	
86	73	66.5	87.5	61	39.5	77.5	91.5	63	29	60.5	70	51	73.5	80.5	63	89	36	75.5	80	36	55.5	29.5	59	5	89.5	38	51	85	89.5	86.5	47.5	76.5	18.5	93	54	59	42.5	84.5	65.5	40	43.5	75	97.5	73	51	44	27	80.5	70.5	90.5	97	29	48	77.5	60.5	85	57.5	45.5	57.5	79	39.5	64	28.5	24	71.5	69.5	68.5	95.5	46	61.5	44.5	51.5	20.5	29.5	54.5	65.5	30	48.5	78	49	70.5	40.5	65.5	87	70.5	66.5	44.5	38.5	84.5	77	63.5	83	80.5	81.5	40	59.5	70.5	18.5	27	76.5	57.5	60	55	45.5	88.5	84	86	51.5	28	41.5	59.5	62	72.5	53.5	59.5	87.5	91.5	65	36.5	61	75.5	0	42.5	82	35	74	98	55.5	59	87.5	77.5	81.5	5	56.5	41.5	82.5	77	41.5	88.5	52	1	30.5	29.5	89.5	60	70.5	58.5	32.5	48.5	74	
51.5	62.5	34	53	50.5	31	63	69	28.5	41.5	40	35.5	16.5	63	46	28.5	54.5	16.5	55	45.5	26.5	45	25	24.5	37.5	55	8.5	24.5	50.5	55	52	37	42	48	62.5	41.5	24.5	20	50	31	29.5	1	40.5	63	38.5	16.5	24.5	43.5	50	36	56	62.5	41.5	27.5	67	26	70.5	43	25	47	68.5	31	29.5	39	38.5	61	35	42	61	24.5	29	26	39	31	40	20	35	40.5	14	67.5	26.5	36	22	31	52.5	36	56	18	32	66	42.5	53	48.5	70	47	10.5	41	40	53	43.5	54	23	35.5	40.5	3	54	49.5	59.5	9	18.5	27	25	27.5	38	19	41	73	57	30.5	34	44.5	41	42.5	0	53.5	35.5	63.5	63.5	35	24.5	53	43	49	47.5	46	29	58	42.5	31	62	17.5	41.5	36	41	55	25.5	36	32	38	38	51.5	
32	9	45.5	33.5	25	68.5	21.5	35.5	49	73	39.5	44	57	17.5	26.5	29	35	62	24.5	8	72	34.5	70.5	55	83	35.5	54	55	31	35.5	32.5	36.5	37.5	67.5	37	38	45	51.5	30.5	36.5	44	54.5	39	41.5	29	57	70	71	29.5	21.5	36.5	43	73	52	21.5	41.5	29	36.5	64.5	26.5	23	68.5	50	84.5	58	15.5	30.5	37.5	41.5	60	50.5	63.5	40.5	76.5	85.5	35.5	44.5	74	49.5	22	53	21.5	49.5	36.5	33	31.5	15.5	53.5	57.5	28.5	33	22.5	29	24.5	27.5	56	38.5	39.5	72.5	71	25.5	38.5	44	39	56.5	34.5	4	30	62.5	64	72.5	40.5	28	33.5	44.5	38.5	31.5	37.5	41	65.5	35	26.5	82	53.5	0	79	18	44	44.5	35	31.5	28.5	30.5	77	25.5	70.5	26.5	23	40.5	32.5	48	83	81.5	68.5	35.5	46	31.5	47.5	71.5	37.5	28	
79	70	61.5	80.5	58	36.5	74.5	88.5	56	6	57.5	63	44	70.5	73.5	56	82	29	72.5	73	29	52.5	22.5	52	30	82.5	31	48	78	82.5	79.5	44.5	69.5	20.5	90	51	52	39.5	77.5	58.5	37	36.5	68	90.5	66	44	37	8	77.5	63.5	83.5	90	6	45	74.5	53.5	82	54.5	42.5	54.5	76	36.5	57	31.5	21	68.5	62.5	65.5	88.5	43	56.5	41.5	48.5	23.5	32.5	47.5	62.5	5	41.5	75	46	63.5	37.5	58.5	80	63.5	63.5	41.5	35.5	81.5	70	60.5	76	77.5	74.5	33	56.5	67.5	25.5	8	73.5	50.5	57	52	38.5	81.5	77	83	44.5	21	34.5	52.5	55	65.5	46.5	56.5	84.5	84.5	58	33.5	58	68.5	35	35.5	79	0	71	91	52.5	52	80.5	70.5	76.5	30	53.5	36.5	79.5	70	38.5	85.5	45	34	28.5	26.5	82.5	53	63.5	55.5	29.5	45.5	71	
40	9	37.5	33.5	17	60.5	8.5	17.5	43	65	31.5	36	55	4.5	30.5	43	37	70	16.5	26	70	26.5	76.5	47	79	21.5	68	47	21	31.5	34.5	28.5	29.5	59.5	19	30	47	43.5	21.5	40.5	36	62.5	31	23.5	33	55	62	63	21.5	35.5	20.5	29	65	44	3.5	45.5	11	28.5	56.5	18.5	5	60.5	42	82.5	50	2.5	36.5	29.5	25.5	52	42.5	55.5	32.5	90.5	81.5	51.5	36.5	66	57.5	4	45	35.5	41.5	40.5	19	35.5	7.5	45.5	49.5	10.5	29	14.5	23	6.5	29.5	66	30.5	31.5	64.5	63	17.5	48.5	36	31	60.5	32.5	22	12	54.5	78	64.5	46.5	44	33.5	52.5	30.5	13.5	29.5	41	57.5	27	30.5	74	63.5	18	71	0	28	36.5	47	18.5	28.5	22.5	69	17.5	62.5	13.5	29	32.5	14.5	54	75	75.5	60.5	31.5	46	35.5	39.5	63.5	29.5	20	
12	37	59.5	18.5	45	86.5	36.5	30.5	59	93	59.5	56	67	32.5	21.5	39	9	72	44.5	36	82	54.5	80.5	65	93	30.5	64	75	31	20.5	17.5	56.5	47.5	87.5	33	58	55	71.5	35.5	46.5	64	64.5	51	28.5	39	67	80	91	45.5	31.5	31.5	1	93	72	26.5	51.5	29	56.5	80.5	46.5	23	86.5	60	94.5	78	30.5	40.5	57.5	26.5	80	64.5	81.5	60.5	86.5	95.5	45.5	60.5	94	59.5	32	73	31.5	69.5	46.5	33	41.5	35.5	73.5	77.5	33.5	43	42.5	29	29.5	22.5	66	58.5	55.5	92.5	91	45.5	48.5	64	59	66.5	19.5	40	40	72.5	74	82.5	50.5	38	43.5	54.5	58.5	26.5	22.5	51	85.5	55	36.5	98	63.5	44	91	28	0	64.5	45	38.5	38.5	44.5	97	45.5	84.5	41.5	23	60.5	37.5	58	97	91.5	88.5	20.5	56	41.5	67.5	91.5	57.5	48	
58.5	35.5	29	60	23.5	42	40	54	29.5	46.5	23	32.5	36.5	36	53	35.5	61.5	43.5	38	52.5	51.5	18	52	28.5	60.5	58	35.5	28.5	57.5	62	59	8	41	41	55.5	16.5	31.5	25	53	38	17.5	36	37.5	60	45.5	36.5	43.5	44.5	43	43	57	65.5	46.5	25.5	40	33	47.5	20	38	20	41.5	42	28.5	64	31.5	34	42	31	62	33.5	6	37	4	58	63	27	28	47.5	31	40.5	26.5	43	23	38	55.5	43	29	27	31	47	45.5	26	55.5	43	54	37.5	22	33	46	44.5	39	30	22.5	17.5	38	61	48.5	48.5	36	45.5	46	32	34.5	45	16	22	50	64	37.5	39	23.5	48	55.5	35	44.5	52.5	36.5	64.5	0	31.5	50	50	44	50.5	19	44	45	49.5	14	51	29.5	56.5	57	42	62	32.5	43	3	45	7	36.5	
33	44	20.5	34.5	34	47.5	44.5	50.5	20	58	26.5	11	28	46.5	27.5	10	36	33	36.5	27	43	31.5	41.5	26	54	36.5	25	36	32	36.5	33.5	35.5	23.5	66.5	44	33	16	44.5	31.5	12.5	43	25.5	22	44.5	20	28	41	60	31.5	17.5	37.5	44	58	39	50.5	12.5	52	29.5	41.5	30.5	52	47.5	21	55.5	57	44.5	16.5	23.5	42.5	41	25.5	42.5	35.5	47.5	56.5	6.5	21.5	57	20.5	49	38	17.5	46.5	12.5	34	17.5	39.5	42.5	48.5	47.5	24	36.5	30	51.5	28.5	27	27.5	21.5	71.5	60	35.5	9.5	27	32	27.5	35.5	31	41	33.5	35	43.5	11.5	9	19.5	15.5	27.5	54.5	38.5	6	50.5	20	22.5	59	24.5	35	52	47	45	31.5	0	34.5	24.5	30.5	64	29.5	45.5	39.5	24	39.5	43.5	19	58	52.5	57.5	36.5	17	17.5	28.5	54.5	36.5	33	
26.5	22.5	49	28	30.5	74	10	36	48.5	78.5	45	45.5	56.5	14	21	28.5	29.5	61.5	30	25.5	71.5	40	70	54.5	82.5	30	53.5	60.5	25.5	30	27	42	37	73	37.5	43.5	44.5	57	3	36	49.5	54	40.5	38	28.5	56.5	69.5	76.5	35	21	31	37.5	78.5	57.5	22	41	29.5	42	70	32	23.5	74	49.5	84	63.5	16	30	43	36	65.5	54	69	46	76	85	35	50	79.5	49	22.5	58.5	21	55	36	27.5	31	21	59	63	29	32.5	28	23.5	25	22	55.5	44	45	78	76.5	31	38	49.5	44.5	56	29	29.5	30.5	62	63.5	72	40	27.5	33	44	44	32	32	40.5	71	40.5	26	87.5	53	31.5	80.5	18.5	38.5	50	34.5	0	28	34	82.5	31	74	5	17.5	46	33	47.5	86.5	81	74	30	45.5	31	53	77	43	33.5	
26.5	27.5	39	28	30.5	66	32	44	38.5	76.5	45	35.5	46.5	28	21	18.5	29.5	51.5	12	20.5	61.5	40	60	44.5	72.5	30	43.5	54.5	25.5	30	27	42	27	73	37.5	43.5	34.5	57	25	26	49.5	44	30.5	38	18.5	46.5	59.5	76.5	7	7	31	37.5	76.5	57.5	32	31	39.5	42	60	32	33.5	66	39.5	74	63.5	26	20	37	36	59.5	44	61	46	66	75	25	40	75.5	39	32.5	56.5	7	55	26	27.5	21	21	59	63	39	22.5	28	23.5	35	22	45.5	44	35	78	76.5	11	28	45.5	44.5	46	29	24.5	34.5	52	53.5	62	30	17.5	23	34	44	42	32	30.5	69	40.5	2	77.5	43	28.5	70.5	28.5	38.5	50	24.5	28	0	6	82.5	31	64	33	17.5	46	37	37.5	76.5	71	74	30	35.5	21	47	73	43	31.5	
32.5	21.5	45	34	24.5	68	26	40	44.5	72.5	39	41.5	52.5	22	27	24.5	35.5	57.5	6	26.5	67.5	34	66	50.5	78.5	36	49.5	54.5	31.5	36	33	36	33	67	41.5	37.5	40.5	51	31	32	43.5	50	36.5	44	24.5	52.5	65.5	70.5	1	13	37	43.5	72.5	51.5	26	37	33.5	36	64	26	27.5	68	45.5	80	57.5	20	26	37	42	59.5	50	63	40	72	81	31	44	73.5	45	26.5	52.5	13	49	32	33.5	27	15	53	57	33	28.5	22	29.5	29	28	51.5	38	39	72	70.5	5	34	43.5	38.5	52	35	30.5	34.5	58	59.5	68	36	23.5	29	40	38	36	38	36.5	65	34.5	8	81.5	49	30.5	76.5	22.5	44.5	44	30.5	34	6	0	76.5	25	70	31	23.5	40	37	43.5	82.5	77	68	36	41.5	27	47	71	37	27.5	
91	68	61.5	92.5	56	34.5	72.5	86.5	62	24	55.5	65	54	68.5	85.5	68	94	41	70.5	85	39	50.5	34.5	56	10	90.5	43	46	90	94.5	91.5	42.5	73.5	13.5	88	49	64	37.5	85.5	70.5	35	48.5	70	92.5	78	54	41	22	75.5	75.5	89.5	98	24	43	72.5	65.5	80	52.5	40.5	52.5	74	34.5	61	31.5	19	66.5	74.5	63.5	94.5	41	56.5	39.5	46.5	25.5	30.5	59.5	60.5	25	53.5	73	44	75.5	35.5	70.5	88	75.5	61.5	39.5	33.5	79.5	78	58.5	88	75.5	86.5	45	54.5	65.5	13.5	22	71.5	62.5	55	50	50.5	93.5	81	81	48.5	33	38.5	64.5	67	77.5	58.5	54.5	82.5	96.5	70	31.5	56	80.5	5	47.5	77	30	69	97	50.5	64	82.5	82.5	76.5	0	51.5	36.5	77.5	82	36.5	83.5	57	6	29.5	24.5	94.5	65	75.5	53.5	27.5	43.5	69	
57.5	16.5	20	51	4.5	43	21	35	25.5	47.5	14	18.5	37.5	17	48	30.5	54.5	52.5	19	33.5	52.5	9	59	29.5	61.5	39	50.5	29.5	38.5	49	52	11	22	42	36.5	12.5	29.5	26	34	23	18.5	45	18.5	41	30.5	37.5	44.5	45.5	24	38	38	46.5	47.5	26.5	21	28	28.5	11	39	1	22.5	43	24.5	65	32.5	15	29	12	43	34.5	25	38	15	73	64	34	19	48.5	40	21.5	27.5	38	24	23	36.5	28	10	28	32	28	26.5	7	40.5	24	47	48.5	13	14	47	45.5	20	31	18.5	13.5	43	50	29.5	29.5	37	60.5	47	29	31.5	26	35	13	31	47	23.5	40	9.5	33	56.5	46	25.5	53.5	17.5	45.5	19	29.5	31	31	25	51.5	0	45	26	46.5	15	32	36.5	57.5	58	43	49	28.5	28	22	46	12	17.5	
72.5	61.5	55	74	49.5	2	66	80	49.5	32.5	49	56.5	37.5	62	67	49.5	75.5	22.5	64	66.5	27.5	44	26	45.5	38.5	76	24.5	39.5	71.5	76	73	36	63	27	81.5	42.5	45.5	31	71	52	28.5	30	61.5	84	59.5	37.5	30.5	30.5	69	57	77	83.5	32.5	36.5	66	47	73.5	46	34	46	67.5	2	50.5	40	17.5	60	56	57	82	34.5	50	33	40	32	41	41	54	33.5	35	66.5	37.5	57	29	52	73.5	57	55	33	27	73	63.5	52	69.5	69	68	26.5	48	59	32	30.5	65	44	48.5	43.5	32	75	70.5	74.5	38	19.5	2	46	48.5	59	40	48	76	78	51.5	5	49.5	62	41.5	29	70.5	36.5	62.5	84.5	44	45.5	74	64	70	36.5	45	0	71	63.5	30	77	38.5	42.5	37	28	76	46.5	57	47	31	37	62.5	
31.5	17.5	46	33	25.5	69	5	31	51.5	73.5	40	44.5	61.5	9	26	33.5	34.5	66.5	25	30.5	76.5	35	75	55.5	87.5	35	58.5	55.5	30.5	35	32	37	38	68	32.5	38.5	49.5	52	8	41	44.5	59	39.5	37	33.5	61.5	70.5	71.5	30	26	34	42.5	73.5	52.5	17	46	24.5	37	65	27	18.5	69	50.5	89	58.5	11	35	38	39	60.5	51	64	41	81	90	40	45	74.5	54	17.5	53.5	26	50	41	32.5	36	16	54	58	24	37.5	23	28.5	20	27	60.5	39	40	73	71.5	26	43	44.5	39.5	61	34	30.5	25.5	63	68.5	73	45	32.5	38	49	39	27	37	45.5	66	35.5	31	82.5	58	26.5	79.5	13.5	41.5	45	39.5	5	33	31	77.5	26	71	0	22.5	41	28	52.5	83.5	84	69	35	50.5	36	48	72	38	28.5	
11	32	38.5	12.5	44	65.5	27.5	28.5	38	76	44.5	35	46	31.5	5.5	18	14	51	29.5	15	61	49.5	59.5	44	72	14.5	43	54	8	14.5	11.5	57.5	26.5	86.5	22	51	34	62.5	14.5	25.5	65	43.5	30	22.5	18	46	59	78	24.5	10.5	15.5	22	76	57	32.5	30.5	30	47.5	59.5	47.5	34	65.5	39	73.5	79	31.5	19.5	36.5	20.5	59	43.5	60.5	53.5	65.5	74.5	24.5	39.5	75	38.5	25	56	10.5	64.5	25.5	10	20.5	36.5	60.5	66.5	25.5	22	41.5	6	29.5	6.5	45	45.5	34.5	91.5	78	28.5	27.5	45	50	45.5	13.5	19	17	51.5	53	61.5	29.5	17	22.5	33.5	45.5	32.5	16.5	30	68.5	44	15.5	77	42.5	23	70	29	23	49.5	24	17.5	17.5	23.5	82	46.5	63.5	22.5	0	61.5	21.5	37	76	70.5	75.5	14.5	35	20.5	46.5	72.5	56.5	31	
72.5	31.5	25	66	19.5	28	36	50	25.5	32.5	19	28.5	22.5	32	63	45.5	69.5	37.5	34	48.5	37.5	14	44	19.5	46.5	54	35.5	14.5	53.5	64	67	6	37	27	51.5	12.5	29.5	11	49	38	3.5	30	33.5	56	45.5	22.5	29.5	30.5	39	53	53	61.5	32.5	11.5	36	33	43.5	16	24	16	37.5	28	24.5	50	17.5	30	44	27	58	19.5	20	23	10	58	49	39	24	33.5	25	36.5	12.5	53	9	38	51.5	43	25	13	17	43	41.5	22	55.5	39	62	33.5	18	29	32	30.5	35	36	18.5	13.5	28	65	44.5	44.5	22	45.5	32	34	46.5	41	30	18	46	62	33.5	25	19.5	48	41.5	31	40.5	38.5	32.5	60.5	14	39.5	46	46	40	36.5	15	30	41	61.5	0	47	26.5	42.5	43	28	64	28.5	43	17	31	7	32.5	
25.5	23.5	52	27	31.5	75	23	27	57.5	79.5	46	50.5	65.5	19	16	37.5	28.5	70.5	31	34.5	80.5	41	79	61.5	91.5	7	62.5	61.5	29.5	29	26	43	44	74	28.5	44.5	53.5	58	34	45	50.5	63	45.5	33	37.5	65.5	76.5	77.5	36	30	6	36.5	79.5	58.5	11	50	20.5	43	71	33	14.5	75	56.5	93	64.5	17	39	44	35	66.5	57	70	47	85	94	44	51	80.5	58	18.5	59.5	30	56	45	31.5	40	22	60	64	4	41.5	29	27.5	8	15	64.5	45	46	79	77.5	32	47	50.5	45.5	65	28	36.5	26.5	69	72.5	79	49	36.5	42	53	45	23	31	49.5	72	41.5	35	88.5	62	32.5	85.5	14.5	37.5	51	43.5	33	37	37	83.5	32	77	28	21.5	47	0	56.5	89.5	90	75	29	54.5	40	54	78	44	34.5	
46	53	28.5	47.5	41	40.5	57.5	63.5	23	51	34.5	30	21	53.5	40.5	23	49	26	49.5	40	36	35.5	34.5	7	47	49.5	18	29	45	49.5	46.5	27.5	36.5	53.5	57	34	19	37.5	44.5	25.5	30	18.5	35	57.5	33	21	34	53	44.5	30.5	50.5	57	51	32	57.5	20.5	65	37.5	34.5	37.5	59	40.5	24	48.5	44	51.5	29.5	36.5	55.5	34	23.5	35.5	31.5	40.5	49.5	14.5	29.5	50	13.5	58	31	30.5	35.5	25.5	47	30.5	46.5	35.5	41.5	60.5	37	43.5	43	60.5	41.5	20	35.5	34.5	58.5	53	48.5	17.5	30	35	20.5	48.5	44	54	26.5	28	36.5	19.5	22	32.5	13.5	35.5	67.5	51.5	25	43.5	39	35.5	52	17.5	48	45	54	58	29.5	19	47.5	37.5	43.5	57	36.5	38.5	52.5	37	26.5	56.5	0	51	45.5	50.5	49.5	20	30.5	26.5	47.5	28.5	46	
85	74	67.5	86.5	62	40.5	78.5	92.5	62	30	61.5	69	50	74.5	79.5	62	88	35	76.5	79	35	56.5	28.5	58	4	88.5	37	52	84	88.5	85.5	48.5	75.5	19.5	94	55	58	43.5	83.5	64.5	41	42.5	74	96.5	72	50	43	28	81.5	69.5	89.5	96	30	49	78.5	59.5	86	58.5	46.5	58.5	80	40.5	63	27.5	25	72.5	68.5	69.5	94.5	47	62.5	45.5	52.5	19.5	28.5	53.5	66.5	31	47.5	79	50	69.5	41.5	64.5	86	69.5	67.5	45.5	39.5	85.5	76	64.5	82	81.5	80.5	39	60.5	71.5	19.5	28	77.5	56.5	61	56	44.5	87.5	83	87	50.5	27	40.5	58.5	61	71.5	52.5	60.5	88.5	90.5	64	37.5	62	74.5	1	41.5	83	34	75	97	56.5	58	86.5	76.5	82.5	6	57.5	42.5	83.5	76	42.5	89.5	51	0	29.5	30.5	88.5	59	69.5	59.5	33.5	49.5	75	
79.5	74.5	62	81	62.5	39	79	93	56.5	30.5	62	63.5	44.5	75	74	56.5	82.5	29.5	77	73.5	29.5	57	23	52.5	25.5	83	31.5	52.5	78.5	83	80	49	70	16	90.5	55.5	52.5	44	78	59	41.5	37	68.5	91	66.5	44.5	37.5	28.5	78	64	84	90.5	30.5	49.5	79	54	86.5	59	43	59	80.5	39	57.5	27	25.5	73	63	70	89	47.5	57	44	53	19	28	48	63	31.5	42	79.5	50.5	64	42	59	80.5	64	68	46	40	86	70.5	65	76.5	82	75	33.5	61	68	25	28.5	78	51	61.5	56.5	39	82	77.5	87.5	45	21.5	35	53	55.5	66	47	61	89	85	58.5	38	62.5	69	30.5	36	81.5	28.5	75.5	91.5	57	52.5	81	71	77	29.5	58	37	84	70.5	43	90	45.5	29.5	0	31	83	53.5	64	60	34	50	75.5	
84.5	59.5	53	86	47.5	26	64	78	53.5	20.5	47	56.5	45.5	60	79	61.5	87.5	34.5	62	76.5	30.5	42	16	47.5	34.5	82	36.5	37.5	81.5	88	85	34	65	15	79.5	40.5	57.5	29	77	64	26.5	42	61.5	84	71.5	45.5	32.5	18.5	67	69	81	89.5	20.5	34.5	64	59	71.5	44	32	44	65.5	26	52.5	38	10.5	58	68	55	86	32.5	48	31	38	34	37	53	52	21.5	47	64.5	35.5	69	27	64	79.5	69	53	31	25	71	69.5	50	81.5	67	80	38.5	46	57	20	18.5	63	56	46.5	41.5	44	87	72.5	72.5	40	26.5	30	58	60.5	69	52	46	74	90	61.5	23	47.5	74	29.5	41	68.5	26.5	60.5	88.5	42	57.5	74	74	68	24.5	43	28	69	75.5	28	75	50.5	30.5	31	0	88	56.5	69	45	3	35	60.5	
8.5	40.5	51	2	48.5	78	40	14	50.5	88.5	57	47.5	58.5	36	13	30.5	11.5	63.5	42	27.5	73.5	58	72	56.5	84.5	22	55.5	66.5	22.5	0	3	60	39	91	24.5	61.5	46.5	75	27	38	67.5	56	42.5	8	30.5	58.5	71.5	90.5	37	23	23	19.5	88.5	69.5	30	43	32.5	60	72	50	26.5	78	51.5	86	81.5	34	32	49	6	71.5	56	73	64	78	87	37	52	87.5	51	35.5	68.5	23	73	38	24.5	33	39	73	79	33	34.5	46	20.5	33	14	57.5	58	47	96	90.5	41	40	57.5	62.5	58	1	31.5	31.5	64	65.5	74	42	29.5	35	46	58	18	2	42.5	81	56.5	28	89.5	55	35.5	82.5	31.5	20.5	62	36.5	30	30	36	94.5	49	76	35	14.5	64	29	49.5	88.5	83	88	0	47.5	33	59	85	61	43.5	
44	45	26.5	45.5	33	48.5	49.5	61.5	3	59	32.5	28	29	45.5	38.5	21	47	34	47.5	38	44	27.5	42.5	27	55	47.5	26	37	43	47.5	44.5	24.5	34.5	55.5	55	16	1	39.5	42.5	23.5	32	26.5	33	55.5	31	29	42	59	42.5	28.5	48.5	55	59	40	49.5	18.5	57	29.5	42.5	29.5	51	48.5	4	56.5	46	43.5	27.5	34.5	53.5	42	26.5	43.5	28.5	48.5	57.5	12.5	27.5	58	21.5	50	39	28.5	37.5	23.5	45	28.5	38.5	41.5	45.5	56.5	35	35.5	41	52.5	39.5	28	31.5	32.5	60.5	59	46.5	15.5	10	15	28.5	46.5	42	52	34.5	36	44.5	17.5	20	30.5	16.5	31.5	59.5	49.5	23	51.5	33	33.5	60	25.5	46	53	46	56	32.5	17	45.5	35.5	41.5	65	28.5	46.5	50.5	35	28.5	54.5	20	59	53.5	56.5	47.5	0	28.5	29.5	55.5	25.5	44	
29.5	34.5	32	31	27.5	59	39	47	31.5	69.5	38	28.5	39.5	35	24	11.5	32.5	44.5	33	23.5	54.5	37	53	37.5	65.5	33	36.5	47.5	28.5	33	30	39	6	70	40.5	40.5	27.5	54	28	19	46.5	37	23.5	41	16.5	39.5	52.5	71.5	28	14	34	40.5	69.5	50.5	39	24	46.5	39	53	29	40.5	59	32.5	67	60.5	33	1	30	39	52.5	37	54	43	59	68	18	33	68.5	32	39.5	49.5	14	52	19	30.5	0	28	54	60	44	20.5	21	26.5	42	25	38.5	39	28	75	71.5	32	21	38.5	41.5	39	32	27.5	37.5	45	46.5	55	23	10.5	2	27	39	49	35	23.5	62	37.5	19	70.5	36	31.5	63.5	35.5	41.5	43	17.5	31	21	27	75.5	28	57	36	20.5	43	40	30.5	69.5	64	69	33	28.5	0	40	66	40	29.5	
55.5	38.5	32	57	26.5	45	43	57	32.5	49.5	26	35.5	35.5	39	50	32.5	58.5	40.5	41	49.5	50.5	21	49	31.5	61.5	59	32.5	31.5	54.5	59	56	11	44	44	58.5	19.5	28.5	28	54	35	20.5	33	40.5	63	42.5	35.5	46.5	47.5	46	40	60	66.5	49.5	28.5	43	30	50.5	23	41	23	44.5	45	31.5	63	34.5	37	39	34	65	36.5	3	40	7	55	64	24	31	50.5	28	43.5	29.5	40	26	35	56.5	40	32	30	34	50	46.5	29	52.5	46	51	34.5	25	36	49	47.5	42	27	25.5	20.5	35	58	51.5	51.5	39	42.5	49	29	31.5	42	13	25	53	61	34.5	42	26.5	45	58.5	32	47.5	55.5	39.5	67.5	3	28.5	53	47	47	53.5	22	47	48	46.5	17	54	26.5	59.5	60	45	59	29.5	40	0	48	10	39.5	
81.5	62.5	56	83	50.5	29	67	81	56.5	23.5	50	59.5	46.5	63	76	58.5	84.5	31.5	65	75.5	31.5	45	13	50.5	37.5	85	33.5	40.5	80.5	85	82	37	68	18	82.5	43.5	54.5	32	80	61	29.5	39	64.5	87	68.5	46.5	35.5	21.5	70	66	84	92.5	23.5	37.5	67	56	74.5	47	35	47	68.5	29	55.5	39	13.5	61	65	58	89	35.5	51	34	41	31	40	50	55	24.5	44	67.5	38.5	66	30	61	82.5	66	56	34	28	74	72.5	53	78.5	70	77	35.5	49	60	23	21.5	66	53	49.5	44.5	41	84	75.5	75.5	43	23.5	33	55	57.5	68	49	49	77	87	60.5	26	50.5	71	32.5	38	71.5	29.5	63.5	91.5	45	54.5	77	73	71	27.5	46	31	72	72.5	31	78	47.5	33.5	34	3	85	55.5	66	48	0	38	63.5	
65.5	28.5	22	63	16.5	35	33	47	22.5	39.5	16	25.5	29.5	29	60	42.5	66.5	44.5	31	45.5	44.5	11	51	21.5	53.5	51	42.5	21.5	50.5	61	64	1	34	34	48.5	9.5	26.5	18	46	35	10.5	37	30.5	53	42.5	29.5	36.5	37.5	36	50	50	58.5	39.5	18.5	33	30	40.5	13	31	13	34.5	35	21.5	57	24.5	27	41	24	55	26.5	13	30	3	65	56	34	21	40.5	32	33.5	19.5	50	16	35	48.5	40	22	20	24	40	38.5	19	52.5	36	59	40.5	15	26	39	37.5	32	33	15.5	10.5	35	62	41.5	41.5	29	52.5	39	31	41.5	38	23	15	43	59	30.5	32	16.5	45	48.5	38	37.5	45.5	29.5	57.5	7	36.5	43	43	37	43.5	12	37	38	56.5	7	44	28.5	49.5	50	35	61	25.5	40	10	38	0	29.5	
40	19	37.5	41.5	17	60.5	23.5	37.5	43	65	31.5	36	55	19.5	34.5	27	43	60	21.5	34	70	26.5	68.5	47	79	41.5	52	47	39	43.5	40.5	28.5	29.5	59.5	39	30	43	43.5	36.5	34.5	36	52.5	31	43.5	13	55	62	63	26.5	24.5	40.5	49	65	44	23.5	39.5	31	28.5	56.5	18.5	25	60.5	42	82.5	50	17.5	28.5	29.5	45.5	52	42.5	55.5	32.5	74.5	81.5	33.5	36.5	66	47.5	24	45	24.5	41.5	34.5	39	29.5	12.5	45.5	49.5	30.5	9	14.5	37	26.5	35.5	54	30.5	31.5	64.5	63	22.5	36.5	36	31	54.5	42.5	32	32	54.5	62	64.5	38.5	26	31.5	42.5	30.5	33.5	45.5	39	57.5	27	29.5	74	51.5	28	71	20	48	36.5	33	33.5	31.5	27.5	69	17.5	62.5	28.5	31	32.5	34.5	46	75	75.5	60.5	43.5	44	29.5	39.5	63.5	29.5	0	
