Number of items: 150
Horizon: 3
Time limit: 1000
Load limit: 9000
Initial item inventory level
47
58
30
68
122
198
124
32
178
40
168
154
99
108
28
58
44
23
78
66
13
68
100
44
44
86
84
59
19
39
18
132
27
132
23
74
124
47
184
53
22
130
96
17
51
68
100
112
43
98
104
110
48
114
41
128
166
70
53
61
80
188
98
40
22
68
30
110
62
122
72
42
148
80
40
81
78
170
55
170
34
26
196
41
71
172
36
66
134
84
58
47
140
41
42
75
36
118
10
118
190
80
96
190
86
90
15
130
170
48
164
54
16
55
30
136
138
34
94
108
38
142
106
76
176
15
192
78
52
72
87
47
186
57
50
168
196
142
142
83
78
186
17
132
90
174
148
30
10
19
Maximum inventory capacity per item
94
116
45
136
183
297
186
64
267
60
252
231
198
162
56
116
66
46
117
99
26
136
150
66
88
129
168
118
38
78
36
198
54
198
46
148
186
94
276
106
44
195
144
34
102
136
150
168
86
147
156
165
96
171
82
192
249
140
106
122
160
282
196
80
33
102
60
165
124
183
144
63
222
160
80
162
117
255
110
255
68
52
294
82
142
258
72
132
201
126
87
94
210
82
63
150
72
177
20
177
285
120
192
285
129
135
30
195
255
96
246
81
32
110
45
204
207
51
141
162
57
213
159
152
264
30
288
117
78
108
174
94
279
114
75
252
294
213
213
166
156
279
34
198
180
261
222
60
20
38
Reserve storage replenishment rate per item and per period
282	0	0	
348	0	0	
90	0	0	
408	0	0	
366	0	0	
594	0	0	
372	0	0	
192	0	0	
534	0	0	
120	0	0	
504	0	0	
462	0	0	
594	0	0	
324	0	0	
168	0	0	
348	0	0	
132	0	0	
138	0	0	
234	0	0	
198	0	0	
78	0	0	
408	0	0	
300	0	0	
132	0	0	
264	0	0	
258	0	0	
504	0	0	
354	0	0	
114	0	0	
234	0	0	
108	0	0	
396	0	0	
162	0	0	
396	0	0	
138	0	0	
444	0	0	
372	0	0	
282	0	0	
552	0	0	
318	0	0	
132	0	0	
390	0	0	
288	0	0	
102	0	0	
306	0	0	
408	0	0	
300	0	0	
336	0	0	
258	0	0	
294	0	0	
312	0	0	
330	0	0	
288	0	0	
342	0	0	
246	0	0	
384	0	0	
498	0	0	
420	0	0	
318	0	0	
366	0	0	
480	0	0	
564	0	0	
588	0	0	
240	0	0	
66	0	0	
204	0	0	
180	0	0	
330	0	0	
372	0	0	
366	0	0	
432	0	0	
126	0	0	
444	0	0	
480	0	0	
240	0	0	
486	0	0	
234	0	0	
510	0	0	
330	0	0	
510	0	0	
204	0	0	
156	0	0	
588	0	0	
246	0	0	
426	0	0	
516	0	0	
216	0	0	
396	0	0	
402	0	0	
252	0	0	
174	0	0	
282	0	0	
420	0	0	
246	0	0	
126	0	0	
450	0	0	
216	0	0	
354	0	0	
60	0	0	
354	0	0	
570	0	0	
240	0	0	
576	0	0	
570	0	0	
258	0	0	
270	0	0	
90	0	0	
390	0	0	
510	0	0	
288	0	0	
492	0	0	
162	0	0	
96	0	0	
330	0	0	
90	0	0	
408	0	0	
414	0	0	
102	0	0	
282	0	0	
324	0	0	
114	0	0	
426	0	0	
318	0	0	
456	0	0	
528	0	0	
90	0	0	
576	0	0	
234	0	0	
156	0	0	
216	0	0	
522	0	0	
282	0	0	
558	0	0	
342	0	0	
150	0	0	
504	0	0	
588	0	0	
426	0	0	
426	0	0	
498	0	0	
468	0	0	
558	0	0	
102	0	0	
396	0	0	
540	0	0	
522	0	0	
444	0	0	
180	0	0	
60	0	0	
114	0	0	
Forward storage demand rate per item and per period
47	39	51	
58	52	81	
15	17	24	
68	56	64	
61	87	67	
99	119	139	
62	90	33	
32	22	15	
89	134	56	
20	27	28	
84	111	80	
77	92	113	
99	42	113	
54	67	42	
28	32	19	
58	56	76	
22	11	30	
23	19	13	
39	16	63	
33	54	37	
13	9	15	
68	72	79	
50	72	23	
22	20	26	
44	19	19	
43	54	52	
84	119	31	
59	89	16	
19	26	18	
39	51	61	
18	16	16	
66	36	74	
27	23	30	
66	85	77	
23	8	19	
74	104	19	
62	52	70	
47	27	53	
92	110	26	
53	84	73	
22	19	19	
65	68	92	
48	58	36	
17	9	23	
51	17	69	
68	74	70	
50	37	44	
56	71	52	
43	57	63	
49	55	56	
52	84	82	
55	88	56	
48	32	66	
57	29	50	
41	32	43	
64	108	63	
83	68	123	
70	78	76	
53	55	78	
61	83	51	
80	101	120	
94	45	69	
98	110	146	
40	38	18	
11	10	12	
34	35	14	
30	22	19	
55	52	38	
62	35	32	
61	24	19	
72	43	80	
21	14	27	
74	16	72	
80	54	73	
40	44	54	
81	15	42	
39	42	33	
85	42	94	
55	52	77	
85	45	75	
34	36	50	
26	18	21	
98	129	74	
41	54	46	
71	87	68	
86	28	25	
36	54	50	
66	99	79	
67	67	45	
42	6	52	
29	24	32	
47	6	58	
70	51	85	
41	48	46	
21	37	17	
75	70	105	
36	8	22	
59	36	62	
10	4	15	
59	65	54	
95	126	92	
40	76	34	
96	98	115	
95	63	125	
43	13	42	
45	10	22	
15	16	26	
65	30	61	
85	63	87	
48	59	34	
82	117	96	
27	26	36	
16	8	16	
55	48	69	
15	2	8	
68	48	73	
69	30	69	
17	21	15	
47	40	69	
54	92	29	
19	11	26	
71	68	69	
53	44	55	
76	91	69	
88	136	66	
15	17	15	
96	117	41	
39	17	41	
26	36	16	
36	52	6	
87	125	145	
47	18	49	
93	90	40	
57	3	57	
25	12	17	
84	9	13	
98	75	140	
71	122	49	
71	81	28	
83	29	80	
78	83	92	
93	104	148	
17	3	13	
66	100	60	
90	121	83	
87	28	159	
74	43	86	
30	25	18	
10	4	8	
19	22	25	
Distance matrix
0	6	41.5	54.5	51.5	81.5	68	62.5	99.5	72.5	88.5	36.5	63.5	72.5	66.5	40.5	96.5	91	16	28	91.5	80	81	75	38.5	54	42	38.5	53.5	35	47	58	2	54	38.5	26.5	61	81.5	37	85.5	48.5	54.5	84	24.5	76	10	52.5	84	51	50	54.5	40	87.5	28	46.5	92.5	45	53.5	39	26.5	42.5	41.5	42.5	3.5	26	71.5	87	31.5	57.5	45.5	14	16.5	21.5	59	16	85	32	37.5	51	34.5	24.5	32.5	77.5	29.5	36.5	67.5	21.5	65.5	30.5	59	75	32	30	73.5	11.5	35	71.5	74.5	45.5	73.5	67	34.5	22	37.5	26.5	60	21.5	102.5	14.5	65.5	87	63	33	63	50	38	71.5	61.5	13	30	10	34	66	46	24.5	49.5	61.5	89.5	99	81	22.5	48.5	58	52	19.5	53.5	50	64.5	30.5	66.5	41.5	29.5	47	70	75.5	29	62.5	64.5	50.5	74.5	44.5	
6	0	47.5	60.5	57.5	87.5	66	56.5	99.5	78.5	90.5	42.5	65.5	78.5	72.5	46.5	92.5	93	22	34	97.5	74	87	81	44.5	60	48	44.5	59.5	29	53	64	4	60	44.5	32.5	67	87.5	37	91.5	54.5	60.5	90	30.5	78	16	58.5	90	57	56	60.5	34	93.5	34	52.5	98.5	51	59.5	45	32.5	48.5	47.5	36.5	9.5	20	77.5	93	37.5	63.5	51.5	8	22.5	27.5	65	22	91	38	43.5	57	34.5	30.5	38.5	83.5	35.5	42.5	73.5	27.5	71.5	28.5	65	81	38	36	79.5	17.5	41	77.5	80.5	51.5	79.5	73	34.5	28	43.5	32.5	66	27.5	96.5	20.5	71.5	93	61	31	69	56	44	77.5	67.5	19	36	4	40	72	52	30.5	55.5	67.5	95.5	95	87	28.5	54.5	64	58	25.5	59.5	56	70.5	36.5	72.5	47.5	35.5	47	76	73.5	35	68.5	70.5	56.5	80.5	50.5	
41.5	47.5	0	29	22	52	30.5	21	64	69	55	33	30	51	57	33	57	57.5	47.5	35.5	62	38.5	67.5	71.5	35	34.5	38.5	35	30	28.5	43.5	54.5	43.5	24.5	35	37	47.5	78	26.5	68	45	29	64.5	31	42.5	41.5	49	74.5	47.5	38.5	51	23.5	76	29.5	43	71	41.5	50	35.5	33	1	0	21	40	37.5	68	61.5	32	54	38	49.5	43	38	39.5	37.5	73.5	28.5	4	37.5	29	17	9	56	12	27	64	42	58	33	55.5	63.5	28.5	33.5	60	48	28.5	52	71	38	50	41.5	29	41.5	34	37	56.5	42	61	49	62	61.5	25.5	30.5	59.5	46.5	25.5	42	42	44.5	26.5	51.5	29.5	52.5	22.5	39	46	32	74	59.5	67.5	39	45	50.5	48.5	36	30	46.5	49	33	63	0	34	16.5	48.5	38	30.5	41	49	33	69	39	
54.5	60.5	29	0	19	39	17.5	8	51	58	42	18	17	38	44	30	44	44.5	54.5	42.5	49	25.5	54.5	64.5	16	21.5	31.5	16	1	35.5	36.5	47.5	56.5	16.5	28	44	34.5	69	33.5	55	32	0	51.5	44	29.5	54.5	38	61.5	34.5	25.5	44	30.5	63	42.5	36	58	34.5	43	28.5	44	28	29	28	53	44.5	59	48.5	39	43	9	56.5	54	49	26.5	50.5	60.5	26.5	33	24.5	36	34	38	43	39	34	53	49	45	40	48.5	50.5	26.5	40.5	47	59	35.5	39	64	9	37	28.5	36	48.5	17	44	45.5	49	48	56	55	48.5	12.5	37.5	52.5	35.5	32.5	29	29	57.5	34.5	60.5	36.5	39.5	24.5	46	39	19	61	46.5	54.5	48	32	37.5	41.5	49	1	39.5	36	40	54	29	41	23.5	35.5	25	41.5	28	36	4	56	10	
51.5	57.5	22	19	0	42	20.5	11	54	61	45	33	20	41	47	11	47	47.5	47.5	35.5	52	28.5	57.5	71.5	35	24.5	36.5	35	20	28.5	41.5	54.5	53.5	14.5	35	37	37.5	72	26.5	58	35	19	54.5	39	32.5	51.5	41	64.5	37.5	28.5	51	23.5	66	35.5	43	61	41.5	50	35.5	37	21	22	21	50	37.5	62	51.5	32	46	28	49.5	47	42	29.5	47.5	63.5	28.5	26	27.5	29	31	31	46	34	27	56	42	48	33	55.5	53.5	28.5	33.5	50	52	28.5	42	71	28	40	31.5	29	41.5	34	37	48.5	42	51	49	58	51.5	15.5	30.5	55.5	38.5	25.5	32	32	50.5	31.5	53.5	29.5	42.5	17.5	39	46	22	64	49.5	57.5	41	35	40.5	48.5	44	20	46.5	39	33	57	22	34	16.5	38.5	28	34.5	31	39	23	59	29	
81.5	87.5	52	39	42	0	25.5	31	24	31	15	53	30	21	27	53	17	17.5	77.5	65.5	22	13.5	27.5	41.5	55	39.5	51.5	55	40	58.5	46.5	29.5	83.5	39.5	45	67	32.5	42	56.5	28	45	39	24.5	69	17.5	81.5	41	34.5	42.5	43.5	31	53.5	36	65.5	43	31	46.5	30	50.5	67	51	52	51	80	67.5	32	21.5	62	36	48	79.5	77	72	34.5	77.5	33.5	53.5	56	42.5	59	61	61	4	64	57	14	72	28	63	30.5	23.5	53.5	63.5	8	82	58.5	22	41	48	20	26.5	59	71.5	54	67	33.5	72	21	79	16	21.5	30.5	60.5	30.5	43.5	55.5	22	32	80.5	61.5	83.5	59.5	27.5	47.5	69	36	32	34	19.5	27.5	71	45	35.5	33.5	74	40	41.5	29	63	15	52	64	46.5	23.5	18	64.5	31	29	43	29	49	
68	66	30.5	17.5	20.5	25.5	0	9.5	37.5	44.5	28.5	35.5	8.5	24.5	30.5	31.5	30.5	31	56	44	35.5	12	41	57	33.5	18	30	33.5	18.5	37	21	44	70	18	31.5	45.5	21	55.5	35	41.5	23.5	17.5	38	47.5	16	62	24.5	48	17	22	42.5	32	49.5	44	30.5	44.5	23	41.5	33	45.5	29.5	30.5	29.5	66.5	46	45.5	35	40.5	29.5	26.5	58	55.5	50.5	9	56	47	40	34.5	21	37.5	47.5	39.5	29.5	42.5	35.5	39.5	50.5	31.5	41.5	43	37	40	42	33.5	60.5	37	25.5	62.5	26.5	23.5	15	37.5	50	34.5	45.5	32	50.5	34.5	57.5	41.5	35	9	39	39	18	34	15.5	15.5	59	42	62	38	26	26	47.5	37.5	10.5	47.5	33	41	49.5	23.5	24	40	52.5	18.5	32	22.5	41.5	40.5	30.5	42.5	25	22	11.5	43	14.5	22.5	21.5	42.5	27.5	
62.5	56.5	21	8	11	31	9.5	0	43	50	34	26	9	30	36	22	36	36.5	46.5	34.5	41	17.5	46.5	62.5	24	13.5	25.5	24	9	27.5	30.5	49.5	60.5	8.5	34	36	26.5	61	25.5	47	24	8	43.5	38	21.5	52.5	30	53.5	26.5	17.5	48	22.5	55	34.5	36	50	32.5	49	28.5	36	20	21	20	59	36.5	51	40.5	31	35	17	48.5	46	41	18.5	46.5	52.5	30.5	25	16.5	28	38	30	35	33	26	45	41	37	32	48.5	42.5	30.5	32.5	39	51	27.5	31	68	17	29	20.5	28	40.5	25	36	37.5	41	40	48	47	40.5	4.5	29.5	44.5	27.5	24.5	21	21	49.5	32.5	52.5	28.5	31.5	16.5	38	43	11	53	38.5	46.5	40	24	29.5	45.5	43	9	37.5	28	32	46	21	33	15.5	27.5	17	33.5	20	28	12	48	18	
99.5	99.5	64	51	54	24	37.5	43	0	33	17	69	42	33	39	65	9	14.5	89.5	77.5	14	25.5	24.5	30.5	67	51.5	63.5	67	52	70.5	58.5	47.5	101.5	51.5	63	79	44.5	18	68.5	20	57	51	21.5	81	29.5	95.5	53	21.5	54.5	55.5	49	65.5	12	77.5	59	7	60.5	48	66.5	79	63	64	63	98	79.5	34	18.5	74	48	60	91.5	89	84	46.5	89.5	20.5	71.5	68	54.5	71	79	73	28	76	69	38	84	40	75	46.5	30.5	71.5	75.5	32	94	70.5	34	25	60	32	38.5	71	83.5	68	79	45.5	84	3	91	40	18.5	42.5	72.5	42.5	55.5	67.5	34	44	92.5	75.5	95.5	71.5	39.5	59.5	81	54	44	10	6.5	24.5	83	57	47.5	51.5	86	52	55.5	41	75	39	64	76	58.5	35.5	30	76.5	43	41	55	31	61	
72.5	78.5	69	58	61	31	44.5	50	33	0	16	44	49	40	34	58	26	26.5	78.5	70.5	31	32.5	28.5	22.5	46	56.5	44.5	46	59	77.5	39.5	20.5	74.5	58.5	36	86	43.5	29	75.5	33	46	58	31.5	62	36.5	72.5	40	31.5	43.5	52.5	22	72.5	35	60.5	34	40	37.5	21	41.5	64	70	69	70	71	86.5	1	30.5	79	35	53	86.5	74	69	51.5	68.5	32.5	44.5	65	53.5	78	52	60	35	57	74	25	79	33	82	21.5	27.5	44.5	72.5	31	79	67.5	39	22	53	39	45.5	78	74.5	45	84	32.5	89	30	82	23	30.5	49.5	79.5	25.5	42.5	70.5	41	49	75.5	52.5	82.5	76.5	38.5	66.5	82	27	51	37	28.5	28.5	70	46	40.5	24.5	67	59	32.5	42	82	24	69	83	65.5	42.5	37	61.5	50	42	58	2	52	
88.5	90.5	55	42	45	15	28.5	34	17	16	0	60	33	24	30	56	10	10.5	80.5	68.5	15	16.5	20.5	36.5	58	42.5	54.5	58	43	61.5	49.5	36.5	90.5	42.5	52	70	35.5	35	59.5	21	48	42	17.5	72	20.5	86.5	44	27.5	45.5	46.5	38	56.5	29	68.5	50	24	51.5	37	57.5	70	54	55	54	87	70.5	17	14.5	65	39	51	82.5	80	75	37.5	80.5	26.5	60.5	59	45.5	62	68	64	19	67	60	29	75	31	66	37.5	21.5	60.5	66.5	23	85	61.5	25	38	51	23	29.5	62	74.5	59	70	36.5	75	14	82	31	14.5	33.5	63.5	33.5	46.5	58.5	25	35	83.5	66.5	86.5	62.5	30.5	50.5	72	43	35	27	12.5	20.5	74	48	38.5	40.5	77	43	46.5	32	66	30	55	67	49.5	26.5	21	67.5	34	32	46	14	52	
36.5	42.5	33	18	33	53	35.5	26	69	44	60	0	35	44	38	22	62	62.5	42.5	34.5	63	43.5	52.5	46.5	2	25.5	13.5	2	17	53.5	18.5	29.5	38.5	30.5	10	58	32.5	53	51.5	57	20	18	55.5	26	47.5	36.5	24	55.5	22.5	21.5	26	48.5	59	24.5	18	64	16.5	25	10.5	28	34	33	46	35	62.5	43	58.5	43	29	9	50.5	38	33	30.5	32.5	56.5	8.5	29	22.5	54	16	24	49	21	38	39	43	37	58	30.5	46.5	8.5	36.5	45	43	31.5	43	46	9	45	38.5	54	38.5	1	48	31.5	53	66	46	37	58.5	30.5	55.5	34.5	21.5	34.5	43	33	39.5	16.5	46.5	40.5	37.5	32.5	46	21	33	61	64.5	52.5	34	20	29.5	23.5	31	17	21.5	36	52	38	33	51	41.5	41.5	43	25.5	34	36	14	46	8	
63.5	65.5	30	17	20	30	8.5	9	42	49	33	35	0	29	35	31	35	35.5	55.5	43.5	40	16.5	45.5	61.5	33	17.5	29.5	33	18	36.5	29.5	46.5	65.5	17.5	25	45	25.5	60	34.5	46	15	17	42.5	47	20.5	61.5	29	52.5	25.5	21.5	43	31.5	54	43.5	35	49	31.5	42	32.5	45	29	30	29	62	45.5	50	39.5	40	34	26	57.5	55	50	17.5	55.5	51.5	35.5	34	20.5	37	43	39	34	42	35	44	50	36	41	47.5	41.5	35.5	41.5	38	60	36.5	30	63	26	28	19.5	37	49.5	34	45	36.5	50	39	57	46	39.5	8.5	38.5	43.5	26.5	33.5	20	20	58.5	41.5	61.5	37.5	30.5	25.5	47	38	2	52	37.5	45.5	49	15	28.5	40.5	52	18	36.5	27	41	45	30	42	24.5	26.5	16	42.5	19	27	21	47	27	
72.5	78.5	51	38	41	21	24.5	30	33	40	24	44	29	0	6	52	26	26.5	76.5	64.5	31	12.5	36.5	42.5	46	38.5	44.5	46	39	57.5	39.5	25.5	74.5	38.5	36	66	31.5	49	55.5	37	44	38	33.5	62	16.5	72.5	40	43.5	41.5	42.5	18	52.5	45	60.5	34	40	37.5	19	41.5	64	50	51	50	71	66.5	39	30.5	61	35	47	78.5	74	69	33.5	68.5	42.5	44.5	55	41.5	58	52	60	25	57	56	35	71	7	62	26.5	32.5	44.5	62.5	29	79	57.5	1	42	47	1	25.5	58	70.5	45	66	32.5	71	30	78	33	30.5	29.5	59.5	30.5	42.5	54.5	21	31	75.5	52.5	82.5	58.5	26.5	46.5	68	27	31	43	28.5	36.5	70	44	34.5	24.5	67	39	32.5	28	62	34	51	63	45.5	22.5	17	61.5	30	28	42	38	48	
66.5	72.5	57	44	47	27	30.5	36	39	34	30	38	35	6	0	52	32	32.5	72.5	64.5	37	18.5	42.5	36.5	40	44.5	38.5	40	45	63.5	33.5	19.5	68.5	44.5	30	72	37.5	43	61.5	43	40	44	39.5	56	22.5	66.5	34	45.5	37.5	46.5	12	58.5	49	54.5	28	46	31.5	13	35.5	58	56	57	56	65	72.5	33	36.5	67	29	47	80.5	68	63	39.5	62.5	46.5	38.5	59	47.5	64	46	54	31	51	62	29	73	1	68	20.5	36.5	38.5	66.5	35	73	61.5	5	36	47	7	31.5	64	68.5	39	72	26.5	77	36	76	27	36.5	35.5	65.5	24.5	36.5	60.5	27	37	69.5	46.5	76.5	64.5	32.5	52.5	74	21	37	49	34.5	42.5	64	40	34.5	18.5	61	45	26.5	34	68	28	57	69	51.5	28.5	23	55.5	36	34	48	36	46	
40.5	46.5	33	30	11	53	31.5	22	65	58	56	22	31	52	52	0	58	58.5	46.5	38.5	63	39.5	66.5	60.5	24	35.5	27.5	24	31	39.5	32.5	43.5	42.5	25.5	24	48	46.5	67	37.5	69	34	30	65.5	30	43.5	40.5	38	69.5	36.5	35.5	40	34.5	73	28.5	32	72	30.5	39	24.5	32	32	33	32	39	48.5	57	62.5	43	43	31	54.5	42	37	40.5	36.5	70.5	17.5	33	36.5	40	20	28	57	25	38	53	47	51	44	44.5	60.5	17.5	40.5	59	47	35.5	53	60	31	51	42.5	40	42.5	23	48	45.5	53	62	50	51	62.5	26.5	41.5	48.5	35.5	36.5	43	43	43.5	20.5	50.5	40.5	51.5	28.5	50	35	33	75	60.5	66.5	38	34	43.5	37.5	35	31	35.5	50	44	52	33	45	27.5	49.5	39	29.5	42	50	34	60	30	
96.5	92.5	57	44	47	17	30.5	36	9	26	10	62	35	26	32	58	0	7.5	82.5	70.5	5	18.5	17.5	28.5	60	44.5	56.5	60	45	63.5	51.5	40.5	96.5	44.5	60	72	37.5	27	61.5	11	50	44	14.5	74	22.5	88.5	46	19.5	47.5	48.5	44	58.5	21	70.5	52	16	53.5	45	59.5	72	56	57	56	95	72.5	27	11.5	67	41	53	84.5	82	77	39.5	82.5	18.5	66.5	61	47.5	64	74	66	21	69	62	31	77	33	68	39.5	23.5	66.5	68.5	25	87	63.5	27	34	53	25	31.5	64	76.5	61	72	38.5	77	6	84	33	11.5	35.5	65.5	35.5	48.5	60.5	27	37	85.5	68.5	88.5	64.5	32.5	52.5	74	49	37	19	4.5	17.5	76	50	40.5	46.5	79	45	48.5	34	68	32	57	69	51.5	28.5	23	69.5	36	34	48	24	54	
91	93	57.5	44.5	47.5	17.5	31	36.5	14.5	26.5	10.5	62.5	35.5	26.5	32.5	58.5	7.5	0	83	71	12.5	19	10	34	60.5	45	57	60.5	45.5	64	52	39	93	45	54.5	72.5	38	32.5	62	18.5	50.5	44.5	7	74.5	23	89	46.5	25	48	49	40.5	59	26.5	71	52.5	21.5	54	39.5	60	72.5	56.5	57.5	56.5	89.5	73	27.5	4	67.5	41.5	53.5	85	82.5	77.5	40	83	24	63	61.5	48	64.5	70.5	66.5	21.5	69.5	62.5	31.5	77.5	33.5	68.5	40	24	63	69	25.5	87.5	64	27.5	35.5	53.5	25.5	32	64.5	77	61.5	72.5	39	77.5	11.5	84.5	33.5	4	36	66	36	49	61	27.5	37.5	86	69	89	65	33	53	74.5	45.5	37.5	24.5	10	10	76.5	50.5	41	43	79.5	45.5	49	34.5	68.5	32.5	57.5	69.5	52	29	23.5	70	36.5	34.5	48.5	24.5	54.5	
16	22	47.5	54.5	47.5	77.5	56	46.5	89.5	78.5	80.5	42.5	55.5	76.5	72.5	46.5	82.5	83	0	34	87.5	64	87	81	44.5	60	48	44.5	55.5	19	53	64	18	50	44.5	27.5	67	87.5	27	91.5	54.5	54.5	90	30.5	68	6	58.5	90	57	56	60.5	24	93.5	34	52.5	96.5	51	59.5	45	32.5	46.5	47.5	26.5	14.5	28	77.5	87	37.5	63.5	51.5	30	22.5	27.5	65	22	91	38	43.5	57	24.5	30.5	38.5	81.5	35.5	42.5	73.5	27.5	71.5	23.5	65	81	38	36	79.5	22.5	41	77.5	80.5	51.5	75.5	67	24.5	28	43.5	32.5	66	32.5	86.5	25.5	71.5	87	51	17	69	56	44	67.5	67.5	3	36	26	40	72	48	30.5	55.5	57.5	95.5	85	87	28.5	54.5	64	58	25.5	55.5	56	70.5	28.5	72.5	47.5	29.5	37	74	63.5	35	66.5	70.5	56.5	80.5	50.5	
28	34	35.5	42.5	35.5	65.5	44	34.5	77.5	70.5	68.5	34.5	43.5	64.5	64.5	38.5	70.5	71	34	0	75.5	52	79	73	36.5	48	40	36.5	43.5	27	45	56	30	38	36.5	35.5	59	79.5	25	81.5	46.5	42.5	78	22.5	56	28	50.5	82	49	48	52.5	22	85.5	26	44.5	84.5	43	51.5	37	24.5	34.5	35.5	19.5	26.5	36	69.5	75	30.5	55.5	43.5	42	29.5	24.5	53	24	83	30	35.5	49	27.5	22.5	30.5	69.5	27.5	30.5	65.5	34.5	63.5	31.5	57	73	30	2	71.5	34.5	33	65.5	72.5	43.5	63.5	55	27.5	30	35.5	35.5	58	40.5	74.5	37.5	63.5	75	39	29	61	48	34	55.5	55.5	31	28	38	6	64	36	37.5	47.5	45.5	87.5	73	79	25.5	46.5	56	50	22.5	43.5	48	62.5	31.5	64.5	35.5	32.5	25	62	51.5	27	54.5	62.5	46.5	72.5	42.5	
91.5	97.5	62	49	52	22	35.5	41	14	31	15	63	40	31	37	63	5	12.5	87.5	75.5	0	23.5	22.5	31.5	65	49.5	61.5	65	50	68.5	56.5	39.5	93.5	49.5	55	77	42.5	32	66.5	6	55	49	19.5	79	27.5	91.5	51	24.5	52.5	53.5	41	63.5	26	75.5	53	21	56.5	40	60.5	77	61	62	61	90	77.5	32	16.5	72	46	58	89.5	87	82	44.5	87.5	23.5	63.5	66	52.5	69	71	71	26	74	67	36	82	38	73	40.5	28.5	63.5	73.5	30	92	68.5	32	31	58	30	36.5	69	81.5	64	77	43.5	82	11	89	38	16.5	40.5	70.5	40.5	53.5	65.5	32	42	90.5	71.5	93.5	69.5	37.5	57.5	79	46	42	24	9.5	22.5	81	55	45.5	43.5	84	50	51.5	39	73	37	62	74	56.5	33.5	28	74.5	41	39	53	29	59	
80	74	38.5	25.5	28.5	13.5	12	17.5	25.5	32.5	16.5	43.5	16.5	12.5	18.5	39.5	18.5	19	64	52	23.5	0	29	45	41.5	26	38	41.5	26.5	45	33	32	78	26	41.5	53.5	19	43.5	43	29.5	31.5	25.5	26	55.5	4	70	27.5	36	29	30	30.5	40	37.5	52	33.5	32.5	35	31.5	41	53.5	37.5	38.5	37.5	76.5	54	33.5	23	48.5	22.5	34.5	66	63.5	58.5	21	64	35	48	42.5	29	45.5	55.5	47.5	17.5	50.5	43.5	27.5	58.5	19.5	49.5	31	25	48	50	21.5	68.5	45	13.5	50.5	34.5	11.5	13	45.5	58	42.5	53.5	20	58.5	22.5	65.5	29.5	23	17	47	27	30	42	8.5	18.5	67	50	70	46	14	34	55.5	30.5	18.5	35.5	21	29	57.5	31.5	22	28	60.5	26.5	30	15.5	49.5	28.5	38.5	50.5	33	10	4.5	51	17.5	15.5	29.5	30.5	35.5	
81	87	67.5	54.5	57.5	27.5	41	46.5	24.5	28.5	20.5	52.5	45.5	36.5	42.5	66.5	17.5	10	87	79	22.5	29	0	26	54.5	55	53	54.5	55.5	74	48	29	83	55	44.5	82.5	48	32.5	72	28.5	54.5	54.5	3	70.5	33	81	48.5	35	52	59	30.5	69	36.5	69	42.5	31.5	46	29.5	50	72.5	66.5	67.5	66.5	79.5	83	27.5	6	77.5	43.5	61.5	95	82.5	77.5	50	77	34	53	71.5	58	74.5	60.5	68.5	31.5	65.5	72.5	33.5	87.5	41.5	78.5	30	34	53	79	35.5	87.5	74	37.5	25.5	61.5	35.5	42	74.5	83	53.5	82.5	41	87.5	21.5	90.5	31.5	6	46	76	34	51	71	37.5	47.5	84	61	91	75	43	63	84.5	35.5	47.5	34.5	20	0	78.5	54.5	49	33	75.5	55.5	41	44.5	78.5	32.5	67.5	79.5	62	39	33.5	70	46.5	44.5	58.5	30.5	60.5	
75	81	71.5	64.5	71.5	41.5	57	62.5	30.5	22.5	36.5	46.5	61.5	42.5	36.5	60.5	28.5	34	81	73	31.5	45	26	0	48.5	59	47	48.5	63.5	90	42	23	77	69	38.5	96.5	46	16.5	88	25.5	48.5	64.5	29	64.5	49	75	42.5	9	46	55	24.5	85	22.5	63	36.5	27.5	40	23.5	44	66.5	72.5	71.5	82.5	73.5	99	21.5	32	81.5	37.5	55.5	89	76.5	71.5	54	71	10	47	67.5	56	90.5	54.5	62.5	37.5	59.5	76.5	27.5	81.5	35.5	94.5	24	30	47	75	33.5	81.5	70	41.5	9.5	55.5	43.5	52	90.5	77	47.5	86.5	35	91.5	27.5	84.5	25.5	32	62	92	28	45	73	51.5	51.5	78	55	85	79	41	71	84.5	29.5	61.5	24.5	24	26	72.5	48.5	43	27	69.5	63.5	35	44.5	90.5	26.5	71.5	89.5	78	45	49.5	64	52.5	44.5	60.5	24.5	54.5	
38.5	44.5	35	16	35	55	33.5	24	67	46	58	2	33	46	40	24	60	60.5	44.5	36.5	65	41.5	54.5	48.5	0	27.5	15.5	0	15	51.5	20.5	31.5	40.5	32.5	12	60	34.5	55	49.5	59	22	16	57.5	28	45.5	38.5	26	57.5	24.5	23.5	28	46.5	61	26.5	20	66	18.5	27	12.5	30	36	35	44	37	60.5	45	60.5	45	31	7	52.5	40	35	32.5	34.5	58.5	10.5	31	24.5	52	18	26	51	23	40	41	45	39	56	32.5	48.5	10.5	38.5	47	45	33.5	45	48	7	47	40.5	52	40.5	1	50	33.5	55	64	48	39	60.5	28.5	53.5	36.5	23.5	36.5	45	35	41.5	18.5	48.5	42.5	39.5	34.5	48	23	35	63	62.5	54.5	36	22	31.5	25.5	33	15	23.5	38	54	40	35	53	39.5	43.5	41	27.5	36	38	12	48	6	
54	60	34.5	21.5	24.5	39.5	18	13.5	51.5	56.5	42.5	25.5	17.5	38.5	44.5	35.5	44.5	45	60	48	49.5	26	55	59	27.5	0	12	27.5	22.5	41	31	42	56	22	22.5	49.5	35	65.5	39	55.5	32.5	21.5	52	43.5	30	54	36.5	62	35	4	38.5	36	63.5	42	30.5	58.5	29	37.5	15	45.5	33.5	34.5	33.5	52.5	50	55.5	49	44.5	41.5	30.5	62	55.5	50.5	27	50	61	26	38.5	3	41.5	33.5	41.5	43.5	38.5	39.5	51.5	54.5	45.5	45.5	43	51	26	46	47.5	60.5	41	39.5	58.5	30.5	37.5	29	41.5	54	26.5	49.5	44	54.5	48.5	61.5	49.5	49	9	43	47	34	38	29.5	29.5	57	34	64	42	40	30	51.5	33.5	19.5	61.5	47	55	51.5	32.5	38	36	48.5	22.5	34	36.5	45.5	50.5	34.5	46.5	29	36	25.5	43	28.5	36.5	25.5	56.5	31.5	
42	48	38.5	31.5	36.5	51.5	30	25.5	63.5	44.5	54.5	13.5	29.5	44.5	38.5	27.5	56.5	57	48	40	61.5	38	53	47	15.5	12	0	15.5	30.5	53	19	30	44	34	10.5	61.5	33	53.5	51	57.5	20.5	31.5	56	31.5	42	42	24.5	56	23	8	26.5	48	59.5	30	18.5	64.5	17	25.5	3	33.5	39.5	38.5	45.5	40.5	62	43.5	59	48.5	29.5	22.5	56	43.5	38.5	31	38	57	14	34.5	9	53.5	21.5	29.5	49.5	26.5	43.5	39.5	48.5	37.5	57.5	31	47	14	42	45.5	48.5	37	43.5	46.5	22.5	45.5	39	53.5	44	14.5	53.5	32	58.5	60.5	51.5	37.5	59	21	55	35	22	40	41.5	33.5	45	22	52	46	38	38	51.5	21.5	31.5	61.5	59	53	39.5	20.5	30	24	36.5	30.5	22	36.5	57.5	38.5	38.5	56.5	41	42	37.5	31	34.5	36.5	27.5	46.5	21.5	
38.5	44.5	35	16	35	55	33.5	24	67	46	58	2	33	46	40	24	60	60.5	44.5	36.5	65	41.5	54.5	48.5	0	27.5	15.5	0	15	51.5	20.5	31.5	40.5	32.5	12	60	34.5	55	49.5	59	22	16	57.5	28	45.5	38.5	26	57.5	24.5	23.5	28	46.5	61	26.5	20	66	18.5	27	12.5	30	36	35	44	37	60.5	45	60.5	45	31	7	52.5	40	35	32.5	34.5	58.5	10.5	31	24.5	52	18	26	51	23	40	41	45	39	56	32.5	48.5	10.5	38.5	47	45	33.5	45	48	7	47	40.5	52	40.5	1	50	33.5	55	64	48	39	60.5	28.5	53.5	36.5	23.5	36.5	45	35	41.5	18.5	48.5	42.5	39.5	34.5	48	23	35	63	62.5	54.5	36	22	31.5	25.5	33	15	23.5	38	54	40	35	53	39.5	43.5	41	27.5	36	38	12	48	6	
53.5	59.5	30	1	20	40	18.5	9	52	59	43	17	18	39	45	31	45	45.5	55.5	43.5	50	26.5	55.5	63.5	15	22.5	30.5	15	0	36.5	35.5	46.5	55.5	17.5	27	45	35.5	70	34.5	56	33	1	52.5	43	30.5	53.5	39	62.5	35.5	26.5	43	31.5	64	41.5	35	59	33.5	42	27.5	45	29	30	29	52	45.5	60	49.5	40	44	8	57.5	55	50	27.5	49.5	61.5	25.5	34	25.5	37	33	39	44	38	35	54	50	46	41	47.5	51.5	25.5	41.5	48	60	36.5	40	63	8	38	29.5	37	49.5	16	45	46.5	50	49	57	54	49.5	13.5	38.5	51.5	36.5	33.5	30	30	56.5	33.5	61.5	37.5	40.5	25.5	47	38	20	62	47.5	55.5	49	33	38.5	40.5	48	0	38.5	37	41	55	30	42	24.5	36.5	26	42.5	29	37	3	57	9	
35	29	28.5	35.5	28.5	58.5	37	27.5	70.5	77.5	61.5	53.5	36.5	57.5	63.5	39.5	63.5	64	19	27	68.5	45	74	90	51.5	41	53	51.5	36.5	0	58	77	33	31	61.5	8.5	54	88.5	8	74.5	51.5	35.5	71	35.5	49	25	57.5	81	54	45	75.5	5	82.5	37	63.5	77.5	60	76.5	56	33.5	27.5	28.5	7.5	31.5	9	78.5	68	18.5	62.5	44.5	21	23.5	28.5	46	29	80	53	32.5	44	5.5	45.5	37.5	62.5	40.5	23.5	72.5	18.5	64.5	4.5	76	70	53	25	66.5	23.5	30	58.5	95.5	44.5	56.5	48	5.5	23	52.5	13.5	65	13.5	67.5	20.5	74.5	68	32	2	72	55	27	48.5	48.5	22	45	25	21	59	29	15.5	70.5	38.5	80.5	66	74	27.5	51.5	57	73	30.5	36.5	65	55.5	9.5	73.5	28.5	10.5	18	55	44.5	36	47.5	55.5	39.5	75.5	45.5	
47	53	43.5	36.5	41.5	46.5	21	30.5	58.5	39.5	49.5	18.5	29.5	39.5	33.5	32.5	51.5	52	53	45	56.5	33	48	42	20.5	31	19	20.5	35.5	58	0	25	49	39	10.5	66.5	28	48.5	56	52.5	20.5	36.5	51	36.5	37	47	19.5	51	4	27	21.5	53	54.5	35	13.5	59.5	2	20.5	16	38.5	44.5	43.5	50.5	45.5	67	38.5	54	53.5	24.5	27.5	61	48.5	43.5	12	43	52	19	39.5	28	58.5	26.5	34.5	44.5	31.5	48.5	34.5	53.5	32.5	62.5	26	42	19	47	40.5	53.5	42	38.5	41.5	27.5	40.5	34	58.5	49	19.5	58.5	27	63.5	55.5	56.5	32.5	54	30	60	30	3	45	36.5	28.5	50	27	57	51	33	43	56.5	16.5	31.5	56.5	54	48	44.5	20.5	25	19	41.5	35.5	17	31.5	62.5	33.5	43.5	61.5	46	37	32.5	36	29.5	31.5	32.5	41.5	26.5	
58	64	54.5	47.5	54.5	29.5	44	49.5	47.5	20.5	36.5	29.5	46.5	25.5	19.5	43.5	40.5	39	64	56	39.5	32	29	23	31.5	42	30	31.5	46.5	77	25	0	60	52	21.5	79.5	29	29.5	75	33.5	31.5	47.5	32	47.5	34	58	25.5	32	29	38	7.5	72	35.5	46	19.5	40.5	23	6.5	27	49.5	55.5	54.5	69.5	56.5	84	19.5	35	64.5	20.5	38.5	72	59.5	54.5	37	54	33	30	50.5	39	77.5	37.5	45.5	25.5	42.5	59.5	15.5	64.5	18.5	81.5	1	23	30	58	21.5	64.5	53	24.5	22.5	38.5	26.5	35	77.5	60	30.5	69.5	18	74.5	44.5	67.5	13.5	35	49	79	5	28	56	34.5	34.5	61	38	68	62	24	54	67.5	12.5	44.5	37.5	43	29	55.5	31.5	26	10	52.5	46.5	18	27.5	73.5	14.5	54.5	72.5	65	28	36.5	47	35.5	27.5	43.5	22.5	37.5	
2	4	43.5	56.5	53.5	83.5	70	60.5	101.5	74.5	90.5	38.5	65.5	74.5	68.5	42.5	96.5	93	18	30	93.5	78	83	77	40.5	56	44	40.5	55.5	33	49	60	0	56	40.5	28.5	63	83.5	39	87.5	50.5	56.5	86	26.5	78	12	54.5	86	53	52	56.5	38	89.5	30	48.5	94.5	47	55.5	41	28.5	44.5	43.5	40.5	5.5	24	73.5	89	33.5	59.5	47.5	12	18.5	23.5	61	18	87	34	39.5	53	36.5	26.5	34.5	79.5	31.5	38.5	69.5	23.5	67.5	32.5	61	77	34	32	75.5	13.5	37	73.5	76.5	47.5	75.5	69	36.5	24	39.5	28.5	62	23.5	100.5	16.5	67.5	89	65	35	65	52	40	73.5	63.5	15	32	8	36	68	48	26.5	51.5	63.5	91.5	99	83	24.5	50.5	60	54	21.5	55.5	52	66.5	32.5	68.5	43.5	31.5	49	72	77.5	31	64.5	66.5	52.5	76.5	46.5	
54	60	24.5	16.5	14.5	39.5	18	8.5	51.5	58.5	42.5	30.5	17.5	38.5	44.5	25.5	44.5	45	50	38	49.5	26	55	69	32.5	22	34	32.5	17.5	31	39	52	56	0	32.5	39.5	35	69.5	29	55.5	32.5	16.5	52	41.5	30	54	38.5	62	35	26	48.5	26	63.5	38	40.5	58.5	39	47.5	33	39.5	23.5	24.5	23.5	52.5	40	59.5	49	34.5	43.5	25.5	52	49.5	44.5	27	50	61	22	28.5	25	31.5	33.5	33.5	43.5	36.5	29.5	53.5	44.5	45.5	35.5	53	51	22	36	47.5	54.5	31	39.5	68.5	25.5	37.5	29	31.5	44	31.5	39.5	46	44.5	48.5	51.5	55.5	49	13	33	53	36	28	29.5	29.5	53	34	56	32	40	20	41.5	43.5	19.5	61.5	47	55	43.5	32.5	38	46	46.5	17.5	44	36.5	35.5	54.5	24.5	36.5	19	36	25.5	37	28.5	36.5	20.5	56.5	26.5	
38.5	44.5	35	28	35	45	31.5	34	63	36	52	10	25	36	30	24	60	54.5	44.5	36.5	55	41.5	44.5	38.5	12	22.5	10.5	12	27	61.5	10.5	21.5	40.5	32.5	0	60	24.5	45	55.5	49	10	28	47.5	28	39.5	38.5	16	47.5	14.5	18.5	18	56.5	51	26.5	10	56	8.5	17	7.5	30	36	35	54	37	64.5	35	50.5	45	21	19	52.5	40	35	22.5	34.5	48.5	10.5	31	19.5	58	18	26	41	23	40	31	45	29	64	22.5	38.5	10.5	38.5	37	45	33.5	35	38	19	37	30.5	58	40.5	11	50	23.5	55	64	48	29	50.5	31.5	61.5	26.5	13.5	36.5	35	25	41.5	18.5	48.5	42.5	29.5	34.5	48	13	23	53	62.5	44.5	36	10	21.5	15.5	33	27	13.5	28	54	30	35	53	45.5	33.5	39	27.5	26	28	24	38	18	
26.5	32.5	37	44	37	67	45.5	36	79	86	70	58	45	66	72	48	72	72.5	27.5	35.5	77	53.5	82.5	96.5	60	49.5	61.5	60	45	8.5	66.5	79.5	28.5	39.5	60	0	62.5	97	16.5	83	60	44	79.5	44	57.5	31.5	66	89.5	62.5	53.5	76	13.5	91	45.5	68	86	66.5	75	60.5	42	36	37	16	23	12.5	87	76.5	27	71	53	24.5	32	37	54.5	37.5	88.5	53.5	41	52.5	14	46	46	71	49	32	81	27	73	4	80.5	78.5	53.5	33.5	75	15	38.5	67	96	53	65	56.5	14	31.5	59	22	73.5	5	76	12	83	76.5	40.5	10.5	80.5	63.5	35.5	57	57	30.5	51.5	28.5	29.5	67.5	37.5	24	71	47	89	74.5	82.5	36	60	65.5	73.5	39	45	71.5	64	18	82	37	19	26.5	63.5	53	44.5	56	64	48	84	54	
61	67	47.5	34.5	37.5	32.5	21	26.5	44.5	43.5	35.5	32.5	25.5	31.5	37.5	46.5	37.5	38	67	59	42.5	19	48	46	34.5	35	33	34.5	35.5	54	28	29	63	35	24.5	62.5	0	52.5	52	48.5	34.5	34.5	45	50.5	23	61	28.5	55	32	39	25.5	49	56.5	49	22.5	51.5	26	24.5	30	52.5	46.5	47.5	46.5	59.5	63	42.5	42	57.5	28.5	41.5	75	62.5	57.5	30	57	54	33	51.5	38	54.5	40.5	48.5	36.5	45.5	52.5	38.5	67.5	36.5	58.5	30	44	33	59	40.5	67.5	54	32.5	45.5	41.5	30.5	6	54.5	63	33.5	62.5	31	67.5	41.5	70.5	36.5	42	26	56	34	31	51	22.5	27.5	64	41	71	55	33	43	64.5	20.5	27.5	54.5	40	48	58.5	34.5	3	23	55.5	35.5	11	29.5	58.5	37.5	47.5	59.5	42	29	18.5	50	26.5	29.5	38.5	45.5	40.5	
81.5	87.5	78	69	72	42	55.5	61	18	29	35	53	60	49	43	67	27	32.5	87.5	79.5	32	43.5	32.5	16.5	55	65.5	53.5	55	70	88.5	48.5	29.5	83.5	69.5	45	97	52.5	0	86.5	32	55	69	35.5	71	47.5	81.5	49	25.5	52.5	61.5	31	83.5	6	69.5	43	11	46.5	30	50.5	73	79	78	81	80	97.5	28	36.5	88	44	62	95.5	83	78	60.5	77.5	26.5	53.5	74	62.5	89	61	69	44	66	83	34	88	42	93	30.5	36.5	53.5	81.5	40	88	76.5	48	7	62	50	56.5	89	83.5	54	93	41.5	98	21	91	32	36.5	60.5	90.5	34.5	51.5	79.5	52	58	84.5	61.5	91.5	85.5	47.5	77.5	91	36	62	8	24.5	32.5	79	55	49.5	33.5	76	70	41.5	51	93	33	78	94	76.5	51.5	48	70.5	59	51	67	31	61	
37	37	26.5	33.5	26.5	56.5	35	25.5	68.5	75.5	59.5	51.5	34.5	55.5	61.5	37.5	61.5	62	27	25	66.5	43	72	88	49.5	39	51	49.5	34.5	8	56	75	39	29	55.5	16.5	52	86.5	0	72.5	49.5	33.5	69	33.5	47	33	55.5	79	52	43	71.5	3	80.5	35	61.5	75.5	58	70.5	54	31.5	25.5	26.5	5.5	35.5	17	76.5	66	16.5	60.5	42.5	29	26.5	26.5	44	21	78	49	30.5	42	8.5	41.5	35.5	60.5	38.5	21.5	70.5	21.5	62.5	12.5	74	68	49	23	64.5	31.5	28	56.5	91.5	42.5	54.5	46	8.5	15	50.5	16.5	63	21.5	65.5	28.5	72.5	66	30	10	70	53	25	46.5	46.5	30	43	33	19	57	27	18.5	66.5	36.5	78.5	64	72	25.5	49.5	55	69	28.5	34.5	63	53.5	12.5	71.5	26.5	13.5	16	53	42.5	34	45.5	53.5	37.5	73.5	43.5	
85.5	91.5	68	55	58	28	41.5	47	20	33	21	57	46	37	43	69	11	18.5	91.5	81.5	6	29.5	28.5	25.5	59	55.5	57.5	59	56	74.5	52.5	33.5	87.5	55.5	49	83	48.5	32	72.5	0	59	55	25.5	75	33.5	85.5	53	30.5	56.5	59.5	35	69.5	32	73.5	47	27	50.5	34	54.5	77	67	68	67	84	83.5	32	22.5	78	48	64	95.5	87	82	50.5	81.5	29.5	57.5	72	58.5	75	65	73	32	70	73	38	88	44	79	34.5	34.5	57.5	79.5	36	92	74.5	38	25	64	36	42.5	75	87.5	58	83	45.5	88	17	95	36	22.5	46.5	76.5	38.5	55.5	71.5	38	48	88.5	65.5	95.5	75.5	43.5	63.5	85	40	48	30	15.5	28.5	83	59	51.5	37.5	80	56	45.5	45	79	37	68	80	62.5	39.5	34	74.5	47	45	59	35	65	
48.5	54.5	45	32	35	45	23.5	24	57	46	48	20	15	44	40	34	50	50.5	54.5	46.5	55	31.5	54.5	48.5	22	32.5	20.5	22	33	51.5	20.5	31.5	50.5	32.5	10	60	34.5	55	49.5	59	0	32	57.5	38	35.5	48.5	26	57.5	24.5	28.5	28	46.5	61	36.5	20	64	18.5	27	17.5	40	44	45	44	47	60.5	45	54.5	55	31	29	62.5	50	45	32.5	44.5	58.5	20.5	41	29.5	52	28	36	49	33	50	41	55	39	56	32.5	48.5	20.5	48.5	47	55	43.5	45	48	29	43	34.5	52	50.5	21	60	33.5	65	54	58	39	54.5	23.5	53.5	36.5	23.5	46.5	35	35	51.5	28.5	58.5	52.5	39.5	40.5	58	23	13	63	52.5	54.5	46	0	31.5	25.5	43	33	23.5	38	56	40	45	57	39.5	41.5	31	37.5	34	38	34	48	28	
54.5	60.5	29	0	19	39	17.5	8	51	58	42	18	17	38	44	30	44	44.5	54.5	42.5	49	25.5	54.5	64.5	16	21.5	31.5	16	1	35.5	36.5	47.5	56.5	16.5	28	44	34.5	69	33.5	55	32	0	51.5	44	29.5	54.5	38	61.5	34.5	25.5	44	30.5	63	42.5	36	58	34.5	43	28.5	44	28	29	28	53	44.5	59	48.5	39	43	9	56.5	54	49	26.5	50.5	60.5	26.5	33	24.5	36	34	38	43	39	34	53	49	45	40	48.5	50.5	26.5	40.5	47	59	35.5	39	64	9	37	28.5	36	48.5	17	44	45.5	49	48	56	55	48.5	12.5	37.5	52.5	35.5	32.5	29	29	57.5	34.5	60.5	36.5	39.5	24.5	46	39	19	61	46.5	54.5	48	32	37.5	41.5	49	1	39.5	36	40	54	29	41	23.5	35.5	25	41.5	28	36	4	56	10	
84	90	64.5	51.5	54.5	24.5	38	43.5	21.5	31.5	17.5	55.5	42.5	33.5	39.5	65.5	14.5	7	90	78	19.5	26	3	29	57.5	52	56	57.5	52.5	71	51	32	86	52	47.5	79.5	45	35.5	69	25.5	57.5	51.5	0	73.5	30	84	51.5	32	55	56	33.5	66	33.5	72	45.5	28.5	49	32.5	53	75.5	63.5	64.5	63.5	82.5	80	30.5	3	74.5	46.5	60.5	92	85.5	80.5	47	80	31	56	68.5	55	71.5	63.5	71.5	28.5	68.5	69.5	36.5	84.5	40.5	75.5	33	31	56	76	32.5	90.5	71	34.5	28.5	60.5	32.5	39	71.5	84	56.5	79.5	44	84.5	18.5	91.5	34.5	3	43	73	37	54	68	34.5	44.5	87	64	94	72	40	60	81.5	38.5	44.5	31.5	17	3	81.5	57.5	48	36	78.5	52.5	44	41.5	75.5	35.5	64.5	76.5	59	36	30.5	73	43.5	41.5	55.5	31.5	61.5	
24.5	30.5	31	44	39	69	47.5	38	81	62	72	26	47	62	56	30	74	74.5	30.5	22.5	79	55.5	70.5	64.5	28	43.5	31.5	28	43	35.5	36.5	47.5	26.5	41.5	28	44	50.5	71	33.5	75	38	44	73.5	0	59.5	24.5	42	73.5	40.5	39.5	44	30.5	77	17.5	36	82	34.5	43	28.5	2	32	31	28	23	44.5	61	76.5	31	47	35	38.5	26	21	48.5	20.5	74.5	21.5	27	40.5	36	14	22	67	19	12	57	31	55	40	48.5	64.5	21.5	24.5	63	31	24.5	61	64	35	63	56.5	36	26.5	27	36	49.5	41	78	34	55	76.5	42.5	37.5	52.5	39.5	27.5	59	51	27.5	19.5	34.5	28.5	55.5	35.5	34	39	49	79	76.5	70.5	22	38	47.5	41.5	19	43	39.5	54	40	56	31	39	28.5	59.5	55	18.5	52	54	40	64	34	
76	78	42.5	29.5	32.5	17.5	16	21.5	29.5	36.5	20.5	47.5	20.5	16.5	22.5	43.5	22.5	23	68	56	27.5	4	33	49	45.5	30	42	45.5	30.5	49	37	34	78	30	39.5	57.5	23	47.5	47	33.5	35.5	29.5	30	59.5	0	74	31.5	40	33	34	30.5	44	41.5	56	37.5	36.5	39	29.5	45	57.5	41.5	42.5	41.5	74.5	58	37.5	27	52.5	26.5	38.5	70	67.5	62.5	25	68	39	48	46.5	33	49.5	55.5	51.5	21.5	54.5	47.5	31.5	62.5	23.5	53.5	35	29	48	54	25.5	72.5	49	17.5	50.5	38.5	15.5	17	49.5	62	46.5	57.5	16	62.5	26.5	69.5	33.5	27	21	51	31	34	46	12.5	22.5	71	54	74	50	10	38	59.5	30.5	22.5	39.5	25	33	61.5	35.5	26	24	64.5	30.5	34	19.5	53.5	32.5	42.5	54.5	37	6	8.5	55	21.5	19.5	33.5	34.5	39.5	
10	16	41.5	54.5	51.5	81.5	62	52.5	95.5	72.5	86.5	36.5	61.5	72.5	66.5	40.5	88.5	89	6	28	91.5	70	81	75	38.5	54	42	38.5	53.5	25	47	58	12	54	38.5	31.5	61	81.5	33	85.5	48.5	54.5	84	24.5	74	0	52.5	84	51	50	54.5	30	87.5	28	46.5	92.5	45	53.5	39	26.5	42.5	41.5	32.5	8.5	34	71.5	87	31.5	57.5	45.5	24	16.5	21.5	59	16	85	32	37.5	51	30.5	24.5	32.5	77.5	29.5	36.5	67.5	21.5	65.5	29.5	59	75	32	30	73.5	16.5	35	71.5	74.5	45.5	73.5	67	30.5	22	37.5	26.5	60	26.5	92.5	19.5	65.5	87	57	23	63	50	38	71.5	61.5	3	30	20	34	66	46	24.5	49.5	61.5	89.5	91	81	22.5	48.5	58	52	19.5	53.5	50	64.5	30.5	66.5	41.5	29.5	43	70	69.5	29	62.5	64.5	50.5	74.5	44.5	
52.5	58.5	49	38	41	41	24.5	30	53	40	44	24	29	40	34	38	46	46.5	58.5	50.5	51	27.5	48.5	42.5	26	36.5	24.5	26	39	57.5	19.5	25.5	54.5	38.5	16	66	28.5	49	55.5	53	26	38	51.5	42	31.5	52.5	0	51.5	23.5	32.5	22	52.5	55	40.5	6	60	17.5	21	21.5	44	50	49	50	51	66.5	39	50.5	59	25	33	66.5	54	49	31.5	48.5	52.5	24.5	45	33.5	58	32	40	45	37	54	35	59	33	62	26.5	42.5	24.5	52.5	41	59	47.5	39	42	33	39	30.5	58	54.5	25	64	27.5	69	50	62	33	50.5	29.5	59.5	30.5	22.5	50.5	31	9	55.5	32.5	62.5	56.5	33.5	46.5	62	17	31	57	48.5	48.5	50	26	25.5	19.5	47	39	17.5	32	62	34	49	63	45.5	37.5	27	41.5	10	32	38	42	32	
84	90	74.5	61.5	64.5	34.5	48	53.5	21.5	31.5	27.5	55.5	52.5	43.5	45.5	69.5	19.5	25	90	82	24.5	36	35	9	57.5	62	56	57.5	62.5	81	51	32	86	62	47.5	89.5	55	25.5	79	30.5	57.5	61.5	32	73.5	40	84	51.5	0	55	64	33.5	76	31.5	72	45.5	28.5	49	32.5	53	75.5	73.5	74.5	73.5	82.5	90	30.5	29	84.5	46.5	64.5	98	85.5	80.5	57	80	1	56	76.5	65	81.5	63.5	71.5	38.5	68.5	79.5	36.5	90.5	44.5	85.5	33	39	56	84	42.5	90.5	79	44.5	18.5	64.5	42.5	49	81.5	86	56.5	89.5	44	94.5	18.5	93.5	34.5	29	53	83	37	54	78	44.5	54.5	87	64	94	82	50	70	91.5	38.5	54.5	31.5	15	35	81.5	57.5	52	36	78.5	62.5	44	51.5	85.5	35.5	74.5	86.5	69	46	40.5	73	53.5	51.5	65.5	33.5	63.5	
51	57	47.5	34.5	37.5	42.5	17	26.5	54.5	43.5	45.5	22.5	25.5	41.5	37.5	36.5	47.5	48	57	49	52.5	29	52	46	24.5	35	23	24.5	35.5	54	4	29	53	35	14.5	62.5	32	52.5	52	56.5	24.5	34.5	55	40.5	33	51	23.5	55	0	31	25.5	49	58.5	39	17.5	61.5	6	24.5	20	42.5	46.5	47.5	46.5	49.5	63	42.5	52	57.5	28.5	31.5	65	52.5	47.5	8	47	56	23	43.5	32	54.5	30.5	38.5	46.5	35.5	52.5	38.5	57.5	36.5	58.5	30	46	23	51	44.5	57.5	46	42.5	45.5	31.5	40.5	32	54.5	53	23.5	62.5	31	67.5	51.5	60.5	36.5	52	26	56	34	1	49	32.5	32.5	54	31	61	55	37	43	60.5	20.5	27.5	60.5	50	52	48.5	24.5	29	23	45.5	35.5	21	35.5	58.5	37.5	47.5	59.5	42	39	28.5	40	31.5	35.5	36.5	45.5	30.5	
50	56	38.5	25.5	28.5	43.5	22	17.5	55.5	52.5	46.5	21.5	21.5	42.5	46.5	35.5	48.5	49	56	48	53.5	30	59	55	23.5	4	8	23.5	26.5	45	27	38	52	26	18.5	53.5	39	61.5	43	59.5	28.5	25.5	56	39.5	34	50	32.5	64	31	0	34.5	40	67.5	38	26.5	62.5	25	33.5	11	41.5	37.5	38.5	37.5	48.5	54	51.5	53	48.5	37.5	30.5	64	51.5	46.5	31	46	65	22	42.5	1	45.5	29.5	37.5	47.5	34.5	43.5	47.5	56.5	45.5	49.5	39	55	22	50	51.5	56.5	45	43.5	54.5	30.5	41.5	33	45.5	52	22.5	53.5	40	58.5	52.5	59.5	45.5	53	13	47	43	30	42	33.5	33.5	53	30	60	46	44	34	55.5	29.5	23.5	65.5	51	59	47.5	28.5	38	32	44.5	26.5	30	40.5	49.5	46.5	38.5	50.5	33	40	29.5	39	32.5	40.5	29.5	54.5	29.5	
54.5	60.5	51	44	51	31	42.5	48	49	22	38	26	43	18	12	40	44	40.5	60.5	52.5	41	30.5	30.5	24.5	28	38.5	26.5	28	43	75.5	21.5	7.5	56.5	48.5	18	76	25.5	31	71.5	35	28	44	33.5	44	30.5	54.5	22	33.5	25.5	34.5	0	70.5	37	42.5	16	42	19.5	1	23.5	46	52	51	68	53	80.5	21	36.5	61	17	35	68.5	56	51	33.5	50.5	34.5	26.5	47	35.5	74	34	42	27	39	56	17	61	11	80	8.5	24.5	26.5	54.5	23	61	49.5	17	24	35	19	31.5	74	56.5	27	66	14.5	71	48	64	15	36.5	47.5	77.5	12.5	24.5	52.5	31	31	57.5	34.5	64.5	58.5	20.5	50.5	64	9	41	39	46.5	30.5	52	28	22.5	6.5	49	43	14.5	24	70	16	51	69	61.5	24.5	35	43.5	32	24	40	24	34	
40	34	23.5	30.5	23.5	53.5	32	22.5	65.5	72.5	56.5	48.5	31.5	52.5	58.5	34.5	58.5	59	24	22	63.5	40	69	85	46.5	36	48	46.5	31.5	5	53	72	38	26	56.5	13.5	49	83.5	3	69.5	46.5	30.5	66	30.5	44	30	52.5	76	49	40	70.5	0	77.5	32	58.5	72.5	55	71.5	51	28.5	22.5	23.5	2.5	36.5	14	73.5	63	13.5	57.5	39.5	26	23.5	23.5	41	24	75	48	27.5	39	5.5	40.5	32.5	57.5	35.5	18.5	67.5	18.5	59.5	9.5	71	65	48	20	61.5	28.5	25	53.5	90.5	39.5	51.5	43	5.5	18	47.5	13.5	60	18.5	62.5	25.5	69.5	63	27	7	67	50	22	43.5	43.5	27	40	30	16	54	24	15.5	65.5	33.5	75.5	61	69	22.5	46.5	52	68	25.5	31.5	60	50.5	9.5	68.5	23.5	10.5	13	50	39.5	31	42.5	50.5	34.5	70.5	40.5	
87.5	93.5	76	63	66	36	49.5	55	12	35	29	59	54	45	49	73	21	26.5	93.5	85.5	26	37.5	36.5	22.5	61	63.5	59.5	61	64	82.5	54.5	35.5	89.5	63.5	51	91	56.5	6	80.5	32	61	63	33.5	77	41.5	87.5	55	31.5	58.5	67.5	37	77.5	0	75.5	49	5	52.5	36	56.5	79	75	76	75	86	91.5	34	30.5	86	50	68	101.5	89	84	58.5	83.5	32.5	59.5	80	66.5	83	67	75	40	72	81	40	94	48	87	36.5	42.5	59.5	87.5	44	94	82.5	46	13	68	44	50.5	83	89.5	60	91	47.5	96	15	97	38	30.5	54.5	84.5	40.5	57.5	79.5	46	56	90.5	67.5	97.5	83.5	51.5	71.5	93	42	56	2	18.5	36.5	85	61	55.5	39.5	82	64	47.5	53	87	39	76	88	70.5	47.5	42	76.5	55	53	67	37	67	
28	34	29.5	42.5	35.5	65.5	44	34.5	77.5	60.5	68.5	24.5	43.5	60.5	54.5	28.5	70.5	71	34	26	75.5	52	69	63	26.5	42	30	26.5	41.5	37	35	46	30	38	26.5	45.5	49	69.5	35	73.5	36.5	42.5	72	17.5	56	28	40.5	72	39	38	42.5	32	75.5	0	34.5	80.5	33	41.5	27	19.5	30.5	29.5	29.5	26.5	46	59.5	75	34.5	45.5	33.5	42	29.5	24.5	47	24	73	20	25.5	39	37.5	12.5	20.5	65.5	17.5	29.5	55.5	34.5	53.5	41.5	47	63	20	28	61.5	34.5	7	59.5	62.5	33.5	61.5	55	37.5	30	25.5	39.5	48	44.5	74.5	37.5	53.5	75	39	39	51	38	10	55.5	49.5	31	18	38	32	54	34	37.5	37.5	45.5	77.5	73	69	25.5	36.5	46	40	22.5	41.5	38	52.5	41.5	54.5	29.5	42.5	19	58	51.5	1	50.5	52.5	38.5	62.5	32.5	
46.5	52.5	43	36	43	43	30.5	36	59	34	50	18	35	34	28	32	52	52.5	52.5	44.5	53	33.5	42.5	36.5	20	30.5	18.5	20	35	63.5	13.5	19.5	48.5	40.5	10	68	22.5	43	61.5	47	20	36	45.5	36	37.5	46.5	6	45.5	17.5	26.5	16	58.5	49	34.5	0	54	11.5	15	15.5	38	44	43	56	45	72.5	33	48.5	53	19	27	60.5	48	43	25.5	42.5	46.5	18.5	39	27.5	64	26	34	39	31	48	29	53	27	68	20.5	36.5	18.5	46.5	35	53	41.5	33	36	27	35	28.5	64	48.5	19	58	21.5	63	56	56	27	48.5	35.5	65.5	24.5	16.5	44.5	33	15	49.5	26.5	56.5	50.5	27.5	42.5	56	11	33	51	54.5	42.5	44	20	19.5	13.5	41	35	11.5	26	62	28	43	61	51.5	31.5	33	35.5	16	26	32	36	26	
92.5	98.5	71	58	61	31	44.5	50	7	40	24	64	49	40	46	72	16	21.5	96.5	84.5	21	32.5	31.5	27.5	66	58.5	64.5	66	59	77.5	59.5	40.5	94.5	58.5	56	86	51.5	11	75.5	27	64	58	28.5	82	36.5	92.5	60	28.5	61.5	62.5	42	72.5	5	80.5	54	0	57.5	41	61.5	84	70	71	70	91	86.5	39	25.5	81	55	67	98.5	94	89	53.5	88.5	27.5	64.5	75	61.5	78	72	80	35	77	76	45	91	47	82	41.5	37.5	64.5	82.5	39	99	77.5	41	18	67	39	45.5	78	90.5	65	86	52.5	91	10	98	43	25.5	49.5	79.5	45.5	62.5	74.5	41	51	95.5	72.5	102.5	78.5	46.5	66.5	88	47	51	3	13.5	31.5	90	64	54.5	44.5	87	59	52.5	48	82	44	71	83	65.5	42.5	37	81.5	50	48	62	38	68	
45	51	41.5	34.5	41.5	46.5	23	32.5	60.5	37.5	51.5	16.5	31.5	37.5	31.5	30.5	53.5	54	51	43	56.5	35	46	40	18.5	29	17	18.5	33.5	60	2	23	47	39	8.5	66.5	26	46.5	58	50.5	18.5	34.5	49	34.5	39	45	17.5	49	6	25	19.5	55	52.5	33	11.5	57.5	0	18.5	14	36.5	42.5	41.5	52.5	43.5	69	36.5	52	51.5	22.5	25.5	59	46.5	41.5	14	41	50	17	37.5	26	60.5	24.5	32.5	42.5	29.5	46.5	32.5	51.5	30.5	64.5	24	40	17	45	38.5	51.5	40	36.5	39.5	25.5	38.5	32	60.5	47	17.5	56.5	25	61.5	57.5	54.5	30.5	52	32	62	28	5	43	36.5	26.5	48	25	55	49	31	41	54.5	14.5	31.5	54.5	56	46	42.5	18.5	23	17	39.5	33.5	15	29.5	60.5	31.5	41.5	59.5	48	35	34.5	34	27.5	29.5	30.5	39.5	24.5	
53.5	59.5	50	43	50	30	41.5	49	48	21	37	25	42	19	13	39	45	39.5	59.5	51.5	40	31.5	29.5	23.5	27	37.5	25.5	27	42	76.5	20.5	6.5	55.5	47.5	17	75	24.5	30	70.5	34	27	43	32.5	43	29.5	53.5	21	32.5	24.5	33.5	1	71.5	36	41.5	15	41	18.5	0	22.5	45	51	50	69	52	79.5	20	35.5	60	16	34	67.5	55	50	32.5	49.5	33.5	25.5	46	34.5	73	33	41	26	38	55	16	60	12	79	7.5	23.5	25.5	53.5	22	60	48.5	18	23	34	20	30.5	73	55.5	26	65	13.5	70	49	63	14	35.5	46.5	76.5	11.5	23.5	51.5	30	30	56.5	33.5	63.5	57.5	19.5	49.5	63	8	40	38	47.5	29.5	51	27	21.5	5.5	48	42	13.5	23	69	15	50	68	60.5	23.5	34	42.5	31	23	39	23	33	
39	45	35.5	28.5	35.5	50.5	33	28.5	66.5	41.5	57.5	10.5	32.5	41.5	35.5	24.5	59.5	60	45	37	60.5	41	50	44	12.5	15	3	12.5	27.5	56	16	27	41	33	7.5	60.5	30	50.5	54	54.5	17.5	28.5	53	28.5	45	39	21.5	53	20	11	23.5	51	56.5	27	15.5	61.5	14	22.5	0	30.5	36.5	35.5	48.5	37.5	65	40.5	56	45.5	26.5	19.5	53	40.5	35.5	28	35	54	11	31.5	12	56.5	18.5	26.5	46.5	23.5	40.5	36.5	45.5	34.5	60.5	28	44	11	39	42.5	45.5	34	40.5	43.5	19.5	42.5	36	56.5	41	11.5	50.5	29	55.5	63.5	48.5	34.5	56	24	58	32	19	37	40.5	30.5	42	19	49	43	35	35	48.5	18.5	30.5	58.5	62	50	36.5	17.5	27	21	33.5	27.5	19	33.5	54.5	35.5	35.5	53.5	44	39	40.5	28	31.5	33.5	24.5	43.5	18.5	
26.5	32.5	33	44	37	67	45.5	36	79	64	70	28	45	64	58	32	72	72.5	32.5	24.5	77	53.5	72.5	66.5	30	45.5	33.5	30	45	33.5	38.5	49.5	28.5	39.5	30	42	52.5	73	31.5	77	40	44	75.5	2	57.5	26.5	44	75.5	42.5	41.5	46	28.5	79	19.5	38	84	36.5	45	30.5	0	34	33	26	25	42.5	63	76.5	33	49	37	40.5	28	23	50.5	22.5	76.5	23.5	29	42.5	34	16	24	69	21	10	59	33	57	38	50.5	66.5	23.5	26.5	65	33	26.5	63	66	37	65	56.5	34	28.5	29	38	51.5	43	76	36	57	76.5	40.5	35.5	54.5	41.5	29.5	57	53	29.5	21.5	36.5	30.5	57.5	37.5	36	41	47	81	74.5	72.5	24	40	49.5	43.5	21	45	41.5	56	38	58	33	39	26.5	61.5	53	20.5	54	56	42	66	36	
42.5	48.5	1	28	21	51	29.5	20	63	70	54	34	29	50	56	32	56	56.5	46.5	34.5	61	37.5	66.5	72.5	36	33.5	39.5	36	29	27.5	44.5	55.5	44.5	23.5	36	36	46.5	79	25.5	67	44	28	63.5	32	41.5	42.5	50	73.5	46.5	37.5	52	22.5	75	30.5	44	70	42.5	51	36.5	34	0	1	20	41	36.5	69	60.5	31	55	37	48.5	44	39	38.5	38.5	72.5	29.5	5	36.5	28	18	10	55	13	26	65	41	57	32	56.5	62.5	29.5	32.5	59	49	27.5	51	72	37	49	40.5	28	40.5	35	36	57.5	41	60	48	63	60.5	24.5	29.5	60.5	47.5	24.5	41	41	45.5	27.5	52.5	28.5	51.5	21.5	38	47	31	73	58.5	66.5	40	44	49.5	49.5	37	29	47.5	48	32	64	1	33	15.5	47.5	37	31.5	40	48	32	68	38	
41.5	47.5	0	29	22	52	30.5	21	64	69	55	33	30	51	57	33	57	57.5	47.5	35.5	62	38.5	67.5	71.5	35	34.5	38.5	35	30	28.5	43.5	54.5	43.5	24.5	35	37	47.5	78	26.5	68	45	29	64.5	31	42.5	41.5	49	74.5	47.5	38.5	51	23.5	76	29.5	43	71	41.5	50	35.5	33	1	0	21	40	37.5	68	61.5	32	54	38	49.5	43	38	39.5	37.5	73.5	28.5	4	37.5	29	17	9	56	12	27	64	42	58	33	55.5	63.5	28.5	33.5	60	48	28.5	52	71	38	50	41.5	29	41.5	34	37	56.5	42	61	49	62	61.5	25.5	30.5	59.5	46.5	25.5	42	42	44.5	26.5	51.5	29.5	52.5	22.5	39	46	32	74	59.5	67.5	39	45	50.5	48.5	36	30	46.5	49	33	63	0	34	16.5	48.5	38	30.5	41	49	33	69	39	
42.5	36.5	21	28	21	51	29.5	20	63	70	54	46	29	50	56	32	56	56.5	26.5	19.5	61	37.5	66.5	82.5	44	33.5	45.5	44	29	7.5	50.5	69.5	40.5	23.5	54	16	46.5	81	5.5	67	44	28	63.5	28	41.5	32.5	50	73.5	46.5	37.5	68	2.5	75	29.5	56	70	52.5	69	48.5	26	20	21	0	39	16.5	71	60.5	11	55	37	28.5	26	21	38.5	26.5	72.5	45.5	25	36.5	8	38	30	55	33	16	65	21	57	12	68.5	62.5	45.5	17.5	59	31	22.5	51	88	37	49	40.5	8	20.5	45	16	57.5	21	60	28	67	60.5	24.5	9.5	64.5	47.5	19.5	41	41	29.5	37.5	32.5	13.5	51.5	21.5	18	63	31	73	58.5	66.5	20	44	49.5	65.5	23	29	57.5	48	12	66	21	13	10.5	47.5	37	28.5	40	48	32	68	38	
3.5	9.5	40	53	50	80	66.5	59	98	71	87	35	62	71	65	39	95	89.5	14.5	26.5	90	76.5	79.5	73.5	37	52.5	40.5	37	52	31.5	45.5	56.5	5.5	52.5	37	23	59.5	80	35.5	84	47	53	82.5	23	74.5	8.5	51	82.5	49.5	48.5	53	36.5	86	26.5	45	91	43.5	52	37.5	25	41	40	39	0	29.5	70	85.5	30	56	44	17.5	15	20	57.5	14.5	83.5	30.5	36	49.5	33	23	31	76	28	35	66	20	64	27	57.5	73.5	30.5	28.5	72	8	33.5	70	73	44	72	65.5	33	20.5	36	25	58.5	18	99	11	64	85.5	61.5	31.5	61.5	48.5	36.5	70	60	11.5	28.5	13.5	32.5	64.5	44.5	23	48	60	88	97.5	79.5	21	47	56.5	50.5	18	52	48.5	63	29	65	40	28	45.5	68.5	74	27.5	61	63	49	73	43	
26	20	37.5	44.5	37.5	67.5	46	36.5	79.5	86.5	70.5	62.5	45.5	66.5	72.5	48.5	72.5	73	28	36	77.5	54	83	99	60.5	50	62	60.5	45.5	9	67	84	24	40	64.5	12.5	63	97.5	17	83.5	60.5	44.5	80	44.5	58	34	66.5	90	63	54	80.5	14	91.5	46	72.5	86.5	69	79.5	65	42.5	36.5	37.5	16.5	29.5	0	87.5	77	27.5	71.5	53.5	12	32.5	37.5	55	38	89	58	41.5	53	14.5	50.5	46.5	71.5	49.5	32.5	81.5	27.5	73.5	8.5	85	79	58	34	75.5	27.5	39	67.5	100.5	53.5	65.5	57	14.5	32	61.5	22.5	74	17.5	76.5	24.5	83.5	77	41	11	81	64	36	57.5	57.5	31	54	16	30	68	38	24.5	75.5	47.5	89.5	75	83	36.5	60.5	66	78	39.5	45.5	74	64.5	18.5	82.5	37.5	19.5	27	64	53.5	45	56.5	64.5	48.5	84.5	54.5	
71.5	77.5	68	59	62	32	45.5	51	34	1	17	43	50	39	33	57	27	27.5	77.5	69.5	32	33.5	27.5	21.5	45	55.5	43.5	45	60	78.5	38.5	19.5	73.5	59.5	35	87	42.5	28	76.5	32	45	59	30.5	61	37.5	71.5	39	30.5	42.5	51.5	21	73.5	34	59.5	33	39	36.5	20	40.5	63	69	68	71	70	87.5	0	31.5	78	34	52	85.5	73	68	50.5	67.5	31.5	43.5	64	52.5	79	51	59	34	56	73	24	78	32	83	20.5	26.5	43.5	71.5	30	78	66.5	38	21	52	40	46.5	79	73.5	44	83	31.5	88	31	81	22	31.5	50.5	80.5	24.5	41.5	69.5	42	48	74.5	51.5	81.5	75.5	37.5	67.5	81	26	52	36	29.5	27.5	69	45	39.5	23.5	66	60	31.5	41	83	23	68	84	66.5	41.5	38	60.5	49	41	57	3	51	
87	93	61.5	48.5	51.5	21.5	35	40.5	18.5	30.5	14.5	58.5	39.5	30.5	36.5	62.5	11.5	4	87	75	16.5	23	6	32	60.5	49	59	60.5	49.5	68	54	35	89	49	50.5	76.5	42	36.5	66	22.5	54.5	48.5	3	76.5	27	87	50.5	29	52	53	36.5	63	30.5	75	48.5	25.5	52	35.5	56	76.5	60.5	61.5	60.5	85.5	77	31.5	0	71.5	45.5	57.5	89	86.5	81.5	44	83	28	59	65.5	52	68.5	66.5	70.5	25.5	71.5	66.5	35.5	81.5	37.5	72.5	36	28	59	73	29.5	91.5	68	31.5	31.5	57.5	29.5	36	68.5	81	59.5	76.5	43	81.5	15.5	88.5	37.5	0	40	70	40	53	65	31.5	41.5	90	67	93	69	37	57	78.5	41.5	41.5	28.5	14	6	80.5	54.5	45	39	81.5	49.5	47	38.5	72.5	36.5	61.5	73.5	56	33	27.5	74	40.5	38.5	52.5	28.5	58.5	
31.5	37.5	32	39	32	62	40.5	31	74	79	65	43	40	61	67	43	67	67.5	37.5	30.5	72	48.5	77.5	81.5	45	44.5	48.5	45	40	18.5	53.5	64.5	33.5	34.5	45	27	57.5	88	16.5	78	55	39	74.5	31	52.5	31.5	59	84.5	57.5	48.5	61	13.5	86	34.5	53	81	51.5	60	45.5	33	31	32	11	30	27.5	78	71.5	0	64	48	39.5	33	10	49.5	27.5	83.5	38.5	36	47.5	19	31	39	66	36	27	74	32	68	23	65.5	73.5	38.5	28.5	70	38	33.5	62	81	48	60	51.5	19	31.5	44	27	66.5	32	71	39	72	71.5	35.5	20.5	69.5	56.5	30.5	52	52	34.5	36.5	41.5	24.5	62.5	32.5	29	56	42	84	69.5	77.5	9	55	60.5	58.5	12	40	56.5	59	23	73	32	24	21.5	58.5	48	35.5	51	59	43	79	49	
57.5	63.5	54	43	46	36	29.5	35	48	35	39	29	34	35	29	43	41	41.5	63.5	55.5	46	22.5	43.5	37.5	31	41.5	29.5	31	44	62.5	24.5	20.5	59.5	43.5	21	71	28.5	44	60.5	48	31	43	46.5	47	26.5	57.5	25	46.5	28.5	37.5	17	57.5	50	45.5	19	55	22.5	16	26.5	49	55	54	55	56	71.5	34	45.5	64	0	38	71.5	59	54	36.5	53.5	47.5	29.5	50	38.5	63	37	45	40	42	59	30	64	28	67	21.5	37.5	29.5	57.5	36	64	52.5	34	37	38	34	30.5	63	59.5	30	69	22.5	74	45	67	28	45.5	34.5	64.5	25.5	27.5	55.5	14	34	60.5	37.5	67.5	61.5	28.5	51.5	67	8	36	52	43.5	43.5	55	31	25.5	14.5	52	44	17.5	7	67	29	54	68	50.5	32.5	18	46.5	35	7	43	37	37	
45.5	51.5	38	9	28	48	26.5	17	60	53	51	9	26	47	47	31	53	53.5	51.5	43.5	58	34.5	61.5	55.5	7	30.5	22.5	7	8	44.5	27.5	38.5	47.5	25.5	19	53	41.5	62	42.5	64	29	9	60.5	35	38.5	45.5	33	64.5	31.5	30.5	35	39.5	68	33.5	27	67	25.5	34	19.5	37	37	38	37	44	53.5	52	57.5	48	38	0	59.5	47	42	35.5	41.5	65.5	17.5	38	31.5	45	25	33	52	30	43	48	52	46	49	39.5	55.5	17.5	45.5	54	52	40.5	48	55	0	46	37.5	45	47.5	8	53	40.5	58	57	55	46	57.5	21.5	46.5	43.5	30.5	41.5	38	38	48.5	25.5	55.5	45.5	46.5	33.5	55	30	28	70	55.5	61.5	43	29	38.5	32.5	40	8	30.5	45	49	47	38	50	32.5	44.5	34	34.5	37	45	5	55	1	
14	8	49.5	56.5	49.5	79.5	58	48.5	91.5	86.5	82.5	50.5	57.5	78.5	80.5	54.5	84.5	85	30	42	89.5	66	95	89	52.5	62	56	52.5	57.5	21	61	72	12	52	52.5	24.5	75	95.5	29	95.5	62.5	56.5	92	38.5	70	24	66.5	98	65	64	68.5	26	101.5	42	60.5	98.5	59	67.5	53	40.5	48.5	49.5	28.5	17.5	12	85.5	89	39.5	71.5	59.5	0	30.5	35.5	67	30	99	46	51.5	65	26.5	38.5	46.5	83.5	43.5	44.5	81.5	35.5	79.5	20.5	73	89	46	44	87.5	25.5	49	79.5	88.5	59.5	77.5	69	26.5	36	51.5	34.5	74	29.5	88.5	28.5	79.5	89	53	23	77	64	48	69.5	69.5	27	44	4	42	80	50	36.5	63.5	59.5	101.5	87	95	36.5	62.5	72	66	33.5	57.5	64	76.5	30.5	80.5	49.5	31.5	39	76	65.5	43	68.5	76.5	60.5	88.5	58.5	
16.5	22.5	43	54	47	77	55.5	46	89	74	80	38	55	74	68	42	82	82.5	22.5	29.5	87	63.5	82.5	76.5	40	55.5	43.5	40	55	23.5	48.5	59.5	18.5	49.5	40	32	62.5	83	26.5	87	50	54	85.5	26	67.5	16.5	54	85.5	52.5	51.5	56	23.5	89	29.5	48	94	46.5	55	40.5	28	44	43	26	15	32.5	73	86.5	33	59	47	30.5	0	23	60.5	17.5	86.5	33.5	39	52.5	18	26	34	79	31	38	69	5	67	28	60.5	76.5	33.5	31.5	75	23	36.5	73	76	47	75	66.5	18	23.5	39	10	61.5	33	86	26	67	86.5	50.5	25.5	64.5	51.5	39.5	67	63	19.5	31.5	26.5	35.5	67.5	47.5	8	51	57	91	84.5	82.5	24	50	59.5	53.5	21	55	51.5	66	14	68	43	13	36.5	71.5	63	30.5	64	66	52	76	46	
21.5	27.5	38	49	42	72	50.5	41	84	69	75	33	50	69	63	37	77	77.5	27.5	24.5	82	58.5	77.5	71.5	35	50.5	38.5	35	50	28.5	43.5	54.5	23.5	44.5	35	37	57.5	78	26.5	82	45	49	80.5	21	62.5	21.5	49	80.5	47.5	46.5	51	23.5	84	24.5	43	89	41.5	50	35.5	23	39	38	21	20	37.5	68	81.5	10	54	42	35.5	23	0	55.5	17.5	81.5	28.5	34	47.5	29	21	29	74	26	33	64	28	62	33	55.5	71.5	28.5	26.5	70	28	31.5	68	71	42	70	61.5	29	23.5	34	33	56.5	38	81	31	62	81.5	45.5	30.5	59.5	46.5	34.5	62	58	24.5	26.5	31.5	30.5	62.5	42.5	31	46	52	86	79.5	77.5	1	45	54.5	48.5	2	50	46.5	61	33	63	38	34	31.5	66.5	58	25.5	59	61	47	71	41	
59	65	39.5	26.5	29.5	34.5	9	18.5	46.5	51.5	37.5	30.5	17.5	33.5	39.5	40.5	39.5	40	65	53	44.5	21	50	54	32.5	27	31	32.5	27.5	46	12	37	61	27	22.5	54.5	30	60.5	44	50.5	32.5	26.5	47	48.5	25	59	31.5	57	8	31	33.5	41	58.5	47	25.5	53.5	14	32.5	28	50.5	38.5	39.5	38.5	57.5	55	50.5	44	49.5	36.5	35.5	67	60.5	55.5	0	55	56	31	43.5	30	46.5	38.5	46.5	38.5	43.5	44.5	46.5	59.5	40.5	50.5	38	46	31	51	42.5	65.5	46	34.5	53.5	35.5	32.5	24	46.5	59	31.5	54.5	39	59.5	43.5	66.5	44.5	44	18	48	42	9	43	24.5	24.5	62	39	69	47	35	35	56.5	28.5	19.5	56.5	42	50	56.5	32.5	33	31	53.5	27.5	29	31.5	50.5	45.5	39.5	51.5	34	31	20.5	48	23.5	31.5	30.5	51.5	36.5	
16	22	37.5	50.5	47.5	77.5	56	46.5	89.5	68.5	80.5	32.5	55.5	68.5	62.5	36.5	82.5	83	22	24	87.5	64	77	71	34.5	50	38	34.5	49.5	29	43	54	18	50	34.5	37.5	57	77.5	21	81.5	44.5	50.5	80	20.5	68	16	48.5	80	47	46	50.5	24	83.5	24	42.5	88.5	41	49.5	35	22.5	38.5	37.5	26.5	14.5	38	67.5	83	27.5	53.5	41.5	30	17.5	17.5	55	0	81	28	33.5	47	29.5	20.5	28.5	73.5	25.5	32.5	63.5	22.5	61.5	33.5	55	71	28	26	69.5	22.5	31	67.5	70.5	41.5	69.5	63	29.5	6	33.5	27.5	56	32.5	86.5	25.5	61.5	83	51	31	59	46	34	67.5	57.5	19	26	26	30	62	42	25.5	45.5	57.5	85.5	85	77	18.5	44.5	54	48	15.5	49.5	46	60.5	31.5	62.5	37.5	30.5	37	66	63.5	25	58.5	60.5	46.5	70.5	40.5	
85	91	73.5	60.5	63.5	33.5	47	52.5	20.5	32.5	26.5	56.5	51.5	42.5	46.5	70.5	18.5	24	91	83	23.5	35	34	10	58.5	61	57	58.5	61.5	80	52	33	87	61	48.5	88.5	54	26.5	78	29.5	58.5	60.5	31	74.5	39	85	52.5	1	56	65	34.5	75	32.5	73	46.5	27.5	50	33.5	54	76.5	72.5	73.5	72.5	83.5	89	31.5	28	83.5	47.5	65.5	99	86.5	81.5	56	81	0	57	77.5	64	80.5	64.5	72.5	37.5	69.5	78.5	37.5	91.5	45.5	84.5	34	40	57	85	41.5	91.5	80	43.5	19.5	65.5	41.5	48	80.5	87	57.5	88.5	45	93.5	17.5	94.5	35.5	28	52	82	38	55	77	43.5	53.5	88	65	95	81	49	69	90.5	39.5	53.5	30.5	14	34	82.5	58.5	53	37	79.5	61.5	45	50.5	84.5	36.5	73.5	85.5	68	45	39.5	74	52.5	50.5	64.5	34.5	64.5	
32	38	28.5	26.5	28.5	53.5	40	30.5	71.5	44.5	60.5	8.5	35.5	44.5	38.5	17.5	66.5	63	38	30	63.5	48	53	47	10.5	26	14	10.5	25.5	53	19	30	34	22	10.5	53.5	33	53.5	49	57.5	20.5	26.5	56	21.5	48	32	24.5	56	23	22	26.5	48	59.5	20	18.5	64.5	17	25.5	11	23.5	29.5	28.5	45.5	30.5	58	43.5	59	38.5	29.5	17.5	46	33.5	28.5	31	28	57	0	24.5	23	51.5	11.5	19.5	49.5	16.5	33.5	39.5	38.5	37.5	57.5	31	47	0	32	45.5	38.5	27	43.5	46.5	17.5	45.5	39	51.5	34	9.5	43.5	32	48.5	70.5	41.5	37.5	59	35	55	35	22	30	43.5	33.5	35	12	42	36	38	28	41.5	21.5	33.5	61.5	69	53	29.5	20.5	30	24	26.5	25.5	22	36.5	47.5	38.5	28.5	46.5	39	42	47.5	21	34.5	36.5	22.5	46.5	16.5	
37.5	43.5	4	33	26	56	34.5	25	68	65	59	29	34	55	59	33	61	61.5	43.5	35.5	66	42.5	71.5	67.5	31	38.5	34.5	31	34	32.5	39.5	50.5	39.5	28.5	31	41	51.5	74	30.5	72	41	33	68.5	27	46.5	37.5	45	76.5	43.5	42.5	47	27.5	80	25.5	39	75	37.5	46	31.5	29	5	4	25	36	41.5	64	65.5	36	50	38	51.5	39	34	43.5	33.5	77.5	24.5	0	41.5	33	13	5	60	8	31	60	44	58	37	51.5	67.5	24.5	37.5	64	44	32.5	56	67	38	54	45.5	33	39.5	30	41	52.5	46	65	47	58	65.5	29.5	34.5	55.5	42.5	29.5	46	46	40.5	22.5	47.5	33.5	56.5	26.5	43	42	36	78	63.5	71.5	35	41	50.5	44.5	32	34	42.5	53	37	59	4	38	20.5	52.5	42	26.5	45	53	37	67	37	
51	57	37.5	24.5	27.5	42.5	21	16.5	54.5	53.5	45.5	22.5	20.5	41.5	47.5	36.5	47.5	48	57	49	52.5	29	58	56	24.5	3	9	24.5	25.5	44	28	39	53	25	19.5	52.5	38	62.5	42	58.5	29.5	24.5	55	40.5	33	51	33.5	65	32	1	35.5	39	66.5	39	27.5	61.5	26	34.5	12	42.5	36.5	37.5	36.5	49.5	53	52.5	52	47.5	38.5	31.5	65	52.5	47.5	30	47	64	23	41.5	0	44.5	30.5	38.5	46.5	35.5	42.5	48.5	57.5	46.5	48.5	40	54	23	49	50.5	57.5	44	42.5	55.5	31.5	40.5	32	44.5	53	23.5	52.5	41	57.5	51.5	60.5	46.5	52	12	46	44	31	41	32.5	32.5	54	31	61	45	43	33	54.5	30.5	22.5	64.5	50	58	48.5	29.5	39	33	45.5	25.5	31	39.5	48.5	47.5	37.5	49.5	32	39	28.5	40	31.5	39.5	28.5	55.5	30.5	
34.5	34.5	29	36	29	59	37.5	28	71	78	62	54	37	58	64	40	64	64.5	24.5	27.5	69	45.5	74.5	90.5	52	41.5	53.5	52	37	5.5	58.5	77.5	36.5	31.5	58	14	54.5	89	8.5	75	52	36	71.5	36	49.5	30.5	58	81.5	54.5	45.5	74	5.5	83	37.5	64	78	60.5	73	56.5	34	28	29	8	33	14.5	79	68.5	19	63	45	26.5	18	29	46.5	29.5	80.5	51.5	33	44.5	0	44	38	63	41	24	73	13	65	10	76.5	70.5	51.5	25.5	67	29	30.5	59	94	45	57	48.5	0	23.5	53	8	65.5	19	68	26	75	68.5	32.5	7.5	72.5	55.5	27.5	49	49	27.5	45.5	30.5	21.5	59.5	29.5	10	69	39	81	66.5	74.5	28	52	57.5	71.5	31	37	65.5	56	4	74	29	5	18.5	55.5	45	36.5	48	56	40	76	46	
24.5	30.5	17	34	31	61	47.5	38	79	52	68	16	43	52	46	20	74	70.5	30.5	22.5	71	55.5	60.5	54.5	18	33.5	21.5	18	33	45.5	26.5	37.5	26.5	33.5	18	46	40.5	61	41.5	65	28	34	63.5	14	55.5	24.5	32	63.5	30.5	29.5	34	40.5	67	12.5	26	72	24.5	33	18.5	16	18	17	38	23	50.5	51	66.5	31	37	25	38.5	26	21	38.5	20.5	64.5	11.5	13	30.5	44	0	8	57	5	26	47	31	45	50	38.5	54.5	11.5	24.5	53	31	19.5	51	54	25	53	46.5	44	26.5	17	36	39.5	41	78	34	45	66.5	42.5	47.5	42.5	29.5	22.5	51	41	27.5	9.5	34.5	28.5	45.5	25.5	34	29	41	69	76.5	60.5	22	28	37.5	31.5	19	33	29.5	44	40	46	17	39	31.5	49.5	55	13.5	42	44	30	54	24	
32.5	38.5	9	38	31	61	39.5	30	73	60	64	24	39	60	54	28	66	66.5	38.5	30.5	71	47.5	68.5	62.5	26	41.5	29.5	26	39	37.5	34.5	45.5	34.5	33.5	26	46	48.5	69	35.5	73	36	38	71.5	22	51.5	32.5	40	71.5	38.5	37.5	42	32.5	75	20.5	34	80	32.5	41	26.5	24	10	9	30	31	46.5	59	70.5	39	45	33	46.5	34	29	46.5	28.5	72.5	19.5	5	38.5	38	8	0	65	3	34	55	39	53	42	46.5	62.5	19.5	32.5	61	39	27.5	59	62	33	59	50.5	38	34.5	25	44	47.5	49	70	42	53	70.5	34.5	39.5	50.5	37.5	30.5	51	49	35.5	17.5	42.5	36.5	53.5	31.5	42	37	41	77	68.5	68.5	30	36	45.5	39.5	27	39	37.5	52	42	54	9	43	25.5	57.5	47	21.5	50	52	38	62	32	
77.5	83.5	56	43	46	4	29.5	35	28	35	19	49	34	25	31	57	21	21.5	81.5	69.5	26	17.5	31.5	37.5	51	43.5	49.5	51	44	62.5	44.5	25.5	79.5	43.5	41	71	36.5	44	60.5	32	49	43	28.5	67	21.5	77.5	45	38.5	46.5	47.5	27	57.5	40	65.5	39	35	42.5	26	46.5	69	55	56	55	76	71.5	34	25.5	66	40	52	83.5	79	74	38.5	73.5	37.5	49.5	60	46.5	63	57	65	0	62	61	10	76	32	67	26.5	27.5	49.5	67.5	4	84	62.5	26	37	52	24	30.5	63	75.5	50	71	37.5	76	25	83	12	25.5	34.5	64.5	30.5	47.5	59.5	26	36	80.5	57.5	87.5	63.5	31.5	51.5	73	32	36	38	23.5	31.5	75	49	39.5	29.5	72	44	37.5	33	67	11	56	68	50.5	27.5	22	66.5	35	33	47	33	53	
29.5	35.5	12	39	34	64	42.5	33	76	57	67	21	42	57	51	25	69	69.5	35.5	27.5	74	50.5	65.5	59.5	23	38.5	26.5	23	38	40.5	31.5	42.5	31.5	36.5	23	49	45.5	66	38.5	70	33	39	68.5	19	54.5	29.5	37	68.5	35.5	34.5	39	35.5	72	17.5	31	77	29.5	38	23.5	21	13	12	33	28	49.5	56	71.5	36	42	30	43.5	31	26	43.5	25.5	69.5	16.5	8	35.5	41	5	3	62	0	31	52	36	50	45	43.5	59.5	16.5	29.5	58	36	24.5	56	59	30	58	51.5	41	31.5	22	41	44.5	46	73	39	50	71.5	37.5	42.5	47.5	34.5	27.5	54	46	32.5	14.5	39.5	33.5	50.5	30.5	39	34	44	74	71.5	65.5	27	33	42.5	36.5	24	38	34.5	49	45	51	12	44	28.5	54.5	50	18.5	47	49	35	59	29	
36.5	42.5	27	34	27	57	35.5	26	69	74	60	38	35	56	62	38	62	62.5	42.5	30.5	67	43.5	72.5	76.5	40	39.5	43.5	40	35	23.5	48.5	59.5	38.5	29.5	40	32	52.5	83	21.5	73	50	34	69.5	12	47.5	36.5	54	79.5	52.5	43.5	56	18.5	81	29.5	48	76	46.5	55	40.5	10	26	27	16	35	32.5	73	66.5	27	59	43	44.5	38	33	44.5	32.5	78.5	33.5	31	42.5	24	26	34	61	31	0	69	37	63	28	60.5	68.5	33.5	28.5	65	43	28.5	57	76	43	55	46.5	24	36.5	39	32	61.5	37	66	44	67	66.5	30.5	25.5	64.5	51.5	25.5	47	47	39.5	31.5	46.5	24.5	57.5	27.5	34	51	37	79	64.5	72.5	34	50	55.5	53.5	31	35	51.5	54	28	68	27	29	16.5	53.5	43	30.5	46	54	38	74	44	
67.5	73.5	64	53	56	14	39.5	45	38	25	29	39	44	35	29	53	31	31.5	73.5	65.5	36	27.5	33.5	27.5	41	51.5	39.5	41	54	72.5	34.5	15.5	69.5	53.5	31	81	38.5	34	70.5	38	41	53	36.5	57	31.5	67.5	35	36.5	38.5	47.5	17	67.5	40	55.5	29	45	32.5	16	36.5	59	65	64	65	66	81.5	24	35.5	74	30	48	81.5	69	64	46.5	63.5	37.5	39.5	60	48.5	73	47	55	10	52	69	0	74	28	77	16.5	27.5	39.5	67.5	6	74	62.5	34	27	48	34	40.5	73	69.5	40	79	27.5	84	35	77	2	35.5	44.5	74.5	20.5	37.5	65.5	36	44	70.5	47.5	77.5	71.5	33.5	61.5	77	22	46	42	33.5	33.5	65	41	35.5	19.5	62	54	27.5	37	77	1	64	78	60.5	37.5	32	56.5	45	37	53	27	47	
21.5	27.5	42	49	42	72	50.5	41	84	79	75	43	50	71	73	47	77	77.5	27.5	34.5	82	58.5	87.5	81.5	45	54.5	48.5	45	50	18.5	53.5	64.5	23.5	44.5	45	27	67.5	88	21.5	88	55	49	84.5	31	62.5	21.5	59	90.5	57.5	56.5	61	18.5	94	34.5	53	91	51.5	60	45.5	33	41	42	21	20	27.5	78	81.5	32	64	52	35.5	5	28	59.5	22.5	91.5	38.5	44	57.5	13	31	39	76	36	37	74	0	72	23	65.5	81.5	38.5	36.5	80	28	41.5	72	81	52	70	61.5	13	28.5	44	5	66.5	32	81	31	72	81.5	45.5	20.5	69.5	56.5	40.5	62	62	24.5	36.5	31.5	34.5	72.5	42.5	3	56	52	94	79.5	87.5	29	55	64.5	58.5	26	50	56.5	69	9	73	42	8	31.5	68.5	58	35.5	61	69	53	81	51	
65.5	71.5	58	45	48	28	31.5	37	40	33	31	37	36	7	1	51	33	33.5	71.5	63.5	38	19.5	41.5	35.5	39	45.5	37.5	39	46	64.5	32.5	18.5	67.5	45.5	29	73	36.5	42	62.5	44	39	45	40.5	55	23.5	65.5	33	44.5	36.5	45.5	11	59.5	48	53.5	27	47	30.5	12	34.5	57	57	58	57	64	73.5	32	37.5	68	28	46	79.5	67	62	40.5	61.5	45.5	37.5	58	46.5	65	45	53	32	50	63	28	72	0	69	19.5	35.5	37.5	65.5	34	72	60.5	6	35	46	8	32.5	65	67.5	38	73	25.5	78	37	75	26	37.5	36.5	66.5	23.5	35.5	61.5	28	38	68.5	45.5	75.5	65.5	31.5	53.5	75	20	38	50	35.5	41.5	63	39	33.5	17.5	60	46	25.5	35	69	27	58	70	52.5	29.5	24	54.5	37	35	49	35	45	
30.5	28.5	33	40	33	63	41.5	32	75	82	66	58	41	62	68	44	68	68.5	23.5	31.5	73	49.5	78.5	94.5	56	45.5	57.5	56	41	4.5	62.5	81.5	32.5	35.5	64	4	58.5	93	12.5	79	56	40	75.5	40	53.5	29.5	62	85.5	58.5	49.5	80	9.5	87	41.5	68	82	64.5	79	60.5	38	32	33	12	27	8.5	83	72.5	23	67	49	20.5	28	33	50.5	33.5	84.5	57.5	37	48.5	10	50	42	67	45	28	77	23	69	0	80.5	74.5	57.5	29.5	71	19	34.5	63	100	49	61	52.5	10	27.5	57	18	69.5	9	72	16	79	72.5	36.5	6.5	76.5	59.5	31.5	53	53	26.5	49.5	24.5	25.5	63.5	33.5	20	75	43	85	70.5	78.5	32	56	61.5	77.5	35	41	69.5	60	14	78	33	15	22.5	59.5	49	40.5	52	60	44	80	50	
59	65	55.5	48.5	55.5	30.5	43	48.5	46.5	21.5	37.5	30.5	47.5	26.5	20.5	44.5	39.5	40	65	57	40.5	31	30	24	32.5	43	31	32.5	47.5	76	26	1	61	53	22.5	80.5	30	30.5	74	34.5	32.5	48.5	33	48.5	35	59	26.5	33	30	39	8.5	71	36.5	47	20.5	41.5	24	7.5	28	50.5	56.5	55.5	68.5	57.5	85	20.5	36	65.5	21.5	39.5	73	60.5	55.5	38	55	34	31	51.5	40	76.5	38.5	46.5	26.5	43.5	60.5	16.5	65.5	19.5	80.5	0	24	31	59	22.5	65.5	54	25.5	23.5	39.5	27.5	36	76.5	61	31.5	70.5	19	75.5	43.5	68.5	14.5	36	48	78	4	29	57	35.5	35.5	62	39	69	63	25	55	68.5	13.5	45.5	38.5	42	30	56.5	32.5	27	11	53.5	47.5	19	28.5	74.5	15.5	55.5	73.5	64	29	35.5	48	36.5	28.5	44.5	23.5	38.5	
75	81	63.5	50.5	53.5	23.5	37	42.5	30.5	27.5	21.5	46.5	41.5	32.5	36.5	60.5	23.5	24	81	73	28.5	25	34	30	48.5	51	47	48.5	51.5	70	42	23	77	51	38.5	78.5	44	36.5	68	34.5	48.5	50.5	31	64.5	29	75	42.5	39	46	55	24.5	65	42.5	63	36.5	37.5	40	23.5	44	66.5	62.5	63.5	62.5	73.5	79	26.5	28	73.5	37.5	55.5	89	76.5	71.5	46	71	40	47	67.5	54	70.5	54.5	62.5	27.5	59.5	68.5	27.5	81.5	35.5	74.5	24	0	47	75	31.5	81.5	70	33.5	29.5	55.5	31.5	38	70.5	77	47.5	78.5	35	83.5	27.5	84.5	25.5	28	42	72	28	45	67	33.5	43.5	78	55	85	71	39	59	80.5	29.5	43.5	40.5	26	34	72.5	48.5	43	27	69.5	51.5	35	40.5	74.5	26.5	63.5	75.5	58	35	29.5	64	42.5	40.5	54.5	29.5	54.5	
32	38	28.5	26.5	28.5	53.5	40	30.5	71.5	44.5	60.5	8.5	35.5	44.5	38.5	17.5	66.5	63	38	30	63.5	48	53	47	10.5	26	14	10.5	25.5	53	19	30	34	22	10.5	53.5	33	53.5	49	57.5	20.5	26.5	56	21.5	48	32	24.5	56	23	22	26.5	48	59.5	20	18.5	64.5	17	25.5	11	23.5	29.5	28.5	45.5	30.5	58	43.5	59	38.5	29.5	17.5	46	33.5	28.5	31	28	57	0	24.5	23	51.5	11.5	19.5	49.5	16.5	33.5	39.5	38.5	37.5	57.5	31	47	0	32	45.5	38.5	27	43.5	46.5	17.5	45.5	39	51.5	34	9.5	43.5	32	48.5	70.5	41.5	37.5	59	35	55	35	22	30	43.5	33.5	35	12	42	36	38	28	41.5	21.5	33.5	61.5	69	53	29.5	20.5	30	24	26.5	25.5	22	36.5	47.5	38.5	28.5	46.5	39	42	47.5	21	34.5	36.5	22.5	46.5	16.5	
30	36	33.5	40.5	33.5	63.5	42	32.5	75.5	72.5	66.5	36.5	41.5	62.5	66.5	40.5	68.5	69	36	2	73.5	50	79	75	38.5	46	42	38.5	41.5	25	47	58	32	36	38.5	33.5	59	81.5	23	79.5	48.5	40.5	76	24.5	54	30	52.5	84	51	50	54.5	20	87.5	28	46.5	82.5	45	53.5	39	26.5	32.5	33.5	17.5	28.5	34	71.5	73	28.5	57.5	45.5	44	31.5	26.5	51	26	85	32	37.5	49	25.5	24.5	32.5	67.5	29.5	28.5	67.5	36.5	65.5	29.5	59	75	32	0	71.5	36.5	35	63.5	74.5	45.5	61.5	53	25.5	32	37.5	33.5	60	38.5	72.5	39.5	65.5	73	37	27	63	50	32	53.5	53.5	33	30	40	4	64	34	35.5	49.5	43.5	85.5	71	79	27.5	48.5	58	52	24.5	41.5	50	60.5	29.5	66.5	33.5	30.5	23	60	49.5	29	52.5	60.5	44.5	74.5	44.5	
73.5	79.5	60	47	50	8	33.5	39	32	31	23	45	38	29	35	59	25	25.5	79.5	71.5	30	21.5	35.5	33.5	47	47.5	45.5	47	48	66.5	40.5	21.5	75.5	47.5	37	75	40.5	40	64.5	36	47	47	32.5	63	25.5	73.5	41	42.5	44.5	51.5	23	61.5	44	61.5	35	39	38.5	22	42.5	65	59	60	59	72	75.5	30	29.5	70	36	54	87.5	75	70	42.5	69.5	41.5	45.5	64	50.5	67	53	61	4	58	65	6	80	34	71	22.5	31.5	45.5	71.5	0	80	66.5	30	33	54	28	34.5	67	75.5	46	75	33.5	80	29	83	8	29.5	38.5	68.5	26.5	43.5	63.5	30	40	76.5	53.5	83.5	67.5	35.5	55.5	77	28	40	42	27.5	35.5	71	47	41.5	25.5	68	48	33.5	37	71	7	60	72	54.5	31.5	26	62.5	39	37	51	33	53	
11.5	17.5	48	59	52	82	60.5	51	94	79	85	43	60	79	73	47	87	87.5	22.5	34.5	92	68.5	87.5	81.5	45	60.5	48.5	45	60	23.5	53.5	64.5	13.5	54.5	45	15	67.5	88	31.5	92	55	59	90.5	31	72.5	16.5	59	90.5	57.5	56.5	61	28.5	94	34.5	53	99	51.5	60	45.5	33	49	48	31	8	27.5	78	91.5	38	64	52	25.5	23	28	65.5	22.5	91.5	38.5	44	57.5	29	31	39	84	36	43	74	28	72	19	65.5	81.5	38.5	36.5	80	0	41.5	78	81	52	80	71.5	29	28.5	44	33	66.5	10	91	3	72	91.5	55.5	25.5	69.5	56.5	44.5	72	68	19.5	36.5	21.5	40.5	72.5	52.5	31	56	62	96	89.5	87.5	29	55	64.5	58.5	26	60	56.5	71	33	73	48	34	41.5	76.5	68	35.5	69	71	57	81	51	
35	41	28.5	35.5	28.5	58.5	37	27.5	70.5	67.5	61.5	31.5	36.5	57.5	61.5	35.5	63.5	64	41	33	68.5	45	74	70	33.5	41	37	33.5	36.5	30	42	53	37	31	33.5	38.5	54	76.5	28	74.5	43.5	35.5	71	24.5	49	35	47.5	79	46	45	49.5	25	82.5	7	41.5	77.5	40	48.5	34	26.5	27.5	28.5	22.5	33.5	39	66.5	68	33.5	52.5	40.5	49	36.5	31.5	46	31	80	27	32.5	44	30.5	19.5	27.5	62.5	24.5	28.5	62.5	41.5	60.5	34.5	54	70	27	35	66.5	41.5	0	58.5	69.5	40.5	56.5	48	30.5	37	32.5	38.5	55	43.5	67.5	44.5	60.5	68	32	32	58	45	3	48.5	48.5	38	25	45	31	59	29	40.5	44.5	38.5	80.5	66	74	32.5	43.5	53	47	29.5	36.5	45	55.5	34.5	61.5	28.5	35.5	12	55	44.5	6	47.5	55.5	39.5	69.5	39.5	
71.5	77.5	52	39	42	22	25.5	31	34	39	25	43	30	1	5	53	27	27.5	77.5	65.5	32	13.5	37.5	41.5	45	39.5	43.5	45	40	58.5	38.5	24.5	73.5	39.5	35	67	32.5	48	56.5	38	45	39	34.5	61	17.5	71.5	39	44.5	42.5	43.5	17	53.5	46	59.5	33	41	36.5	18	40.5	63	51	52	51	70	67.5	38	31.5	62	34	48	79.5	73	68	34.5	67.5	43.5	43.5	56	42.5	59	51	59	26	56	57	34	72	6	63	25.5	33.5	43.5	63.5	30	78	58.5	0	41	48	2	26.5	59	71.5	44	67	31.5	72	31	79	32	31.5	30.5	60.5	29.5	41.5	55.5	22	32	74.5	51.5	81.5	59.5	27.5	47.5	69	26	32	44	29.5	37.5	69	45	35.5	23.5	66	40	31.5	29	63	33	52	64	46.5	23.5	18	60.5	31	29	43	39	49	
74.5	80.5	71	64	71	41	62.5	68	25	22	38	46	63	42	36	60	34	35.5	80.5	72.5	31	50.5	25.5	9.5	48	58.5	46.5	48	63	95.5	41.5	22.5	76.5	68.5	38	96	45.5	7	91.5	25	48	64	28.5	64	50.5	74.5	42	18.5	45.5	54.5	24	90.5	13	62.5	36	18	39.5	23	43.5	66	72	71	88	73	100.5	21	31.5	81	37	55	88.5	76	71	53.5	70.5	19.5	46.5	67	55.5	94	54	62	37	59	76	27	81	35	100	23.5	29.5	46.5	74.5	33	81	69.5	41	0	55	43	51.5	94	76.5	47	86	34.5	91	28	84	25	31.5	67.5	97.5	27.5	44.5	72.5	51	51	77.5	54.5	84.5	78.5	40.5	70.5	84	29	61	15	31.5	25.5	72	48	42.5	26.5	69	63	34.5	44	90	26	71	89	81.5	44.5	55	63.5	52	44	60	24	54	
45.5	51.5	38	9	28	48	26.5	17	60	53	51	9	26	47	47	31	53	53.5	51.5	43.5	58	34.5	61.5	55.5	7	30.5	22.5	7	8	44.5	27.5	38.5	47.5	25.5	19	53	41.5	62	42.5	64	29	9	60.5	35	38.5	45.5	33	64.5	31.5	30.5	35	39.5	68	33.5	27	67	25.5	34	19.5	37	37	38	37	44	53.5	52	57.5	48	38	0	59.5	47	42	35.5	41.5	65.5	17.5	38	31.5	45	25	33	52	30	43	48	52	46	49	39.5	55.5	17.5	45.5	54	52	40.5	48	55	0	46	37.5	45	47.5	8	53	40.5	58	57	55	46	57.5	21.5	46.5	43.5	30.5	41.5	38	38	48.5	25.5	55.5	45.5	46.5	33.5	55	30	28	70	55.5	61.5	43	29	38.5	32.5	40	8	30.5	45	49	47	38	50	32.5	44.5	34	34.5	37	45	5	55	1	
73.5	79.5	50	37	40	20	23.5	29	32	39	23	45	28	1	7	51	25	25.5	75.5	63.5	30	11.5	35.5	43.5	47	37.5	45.5	47	38	56.5	40.5	26.5	75.5	37.5	37	65	30.5	50	54.5	36	43	37	32.5	63	15.5	73.5	39	42.5	40.5	41.5	19	51.5	44	61.5	35	39	38.5	20	42.5	65	49	50	49	72	65.5	40	29.5	60	34	46	77.5	75	70	32.5	69.5	41.5	45.5	54	40.5	57	53	59	24	58	55	34	70	8	61	27.5	31.5	45.5	61.5	28	80	56.5	2	43	46	0	24.5	57	69.5	46	65	31.5	70	29	77	34	29.5	28.5	58.5	31.5	41.5	53.5	20	30	76.5	53.5	81.5	57.5	25.5	45.5	67	28	30	42	27.5	35.5	69	43	33.5	25.5	68	38	33.5	27	61	35	50	62	44.5	21.5	16	62.5	29	27	41	37	47	
67	73	41.5	28.5	31.5	26.5	15	20.5	38.5	45.5	29.5	38.5	19.5	25.5	31.5	42.5	31.5	32	67	55	36.5	13	42	52	40.5	29	39	40.5	29.5	48	34	35	69	29	30.5	56.5	6	56.5	46	42.5	34.5	28.5	39	56.5	17	67	30.5	49	32	33	31.5	43	50.5	55	28.5	45.5	32	30.5	36	56.5	40.5	41.5	40.5	65.5	57	46.5	36	51.5	30.5	37.5	69	66.5	61.5	24	63	48	39	45.5	32	48.5	46.5	50.5	30.5	51.5	46.5	40.5	61.5	32.5	52.5	36	38	39	53	34.5	71.5	48	26.5	51.5	37.5	24.5	0	48.5	61	39.5	56.5	33	61.5	35.5	68.5	42.5	36	20	50	40	33	45	16.5	21.5	70	47	73	49	27	37	58.5	26.5	21.5	48.5	34	42	60.5	34.5	9	29	61.5	29.5	17	23.5	52.5	41.5	41.5	53.5	36	23	12.5	54	20.5	23.5	32.5	43.5	38.5	
34.5	34.5	29	36	29	59	37.5	28	71	78	62	54	37	58	64	40	64	64.5	24.5	27.5	69	45.5	74.5	90.5	52	41.5	53.5	52	37	5.5	58.5	77.5	36.5	31.5	58	14	54.5	89	8.5	75	52	36	71.5	36	49.5	30.5	58	81.5	54.5	45.5	74	5.5	83	37.5	64	78	60.5	73	56.5	34	28	29	8	33	14.5	79	68.5	19	63	45	26.5	18	29	46.5	29.5	80.5	51.5	33	44.5	0	44	38	63	41	24	73	13	65	10	76.5	70.5	51.5	25.5	67	29	30.5	59	94	45	57	48.5	0	23.5	53	8	65.5	19	68	26	75	68.5	32.5	7.5	72.5	55.5	27.5	49	49	27.5	45.5	30.5	21.5	59.5	29.5	10	69	39	81	66.5	74.5	28	52	57.5	71.5	31	37	65.5	56	4	74	29	5	18.5	55.5	45	36.5	48	56	40	76	46	
22	28	41.5	48.5	41.5	71.5	50	40.5	83.5	74.5	74.5	38.5	49.5	70.5	68.5	42.5	76.5	77	28	30	81.5	58	83	77	40.5	54	44	40.5	49.5	23	49	60	24	44	40.5	31.5	63	83.5	15	87.5	50.5	48.5	84	26.5	62	22	54.5	86	53	52	56.5	18	89.5	30	48.5	90.5	47	55.5	41	28.5	40.5	41.5	20.5	20.5	32	73.5	81	31.5	59.5	47.5	36	23.5	23.5	59	6	87	34	39.5	53	23.5	26.5	34.5	75.5	31.5	36.5	69.5	28.5	67.5	27.5	61	77	34	32	75.5	28.5	37	71.5	76.5	47.5	69.5	61	23.5	0	39.5	31.5	62	36.5	80.5	31.5	67.5	81	45	25	65	52	40	61.5	61.5	25	32	32	34	68	42	31.5	51.5	51.5	91.5	79	83	24.5	50.5	60	54	21.5	49.5	52	66.5	27.5	68.5	41.5	28.5	31	68	57.5	31	60.5	66.5	52.5	76.5	46.5	
37.5	43.5	34	17	34	54	34.5	25	68	45	59	1	34	45	39	23	61	61.5	43.5	35.5	64	42.5	53.5	47.5	1	26.5	14.5	1	16	52.5	19.5	30.5	39.5	31.5	11	59	33.5	54	50.5	58	21	17	56.5	27	46.5	37.5	25	56.5	23.5	22.5	27	47.5	60	25.5	19	65	17.5	26	11.5	29	35	34	45	36	61.5	44	59.5	44	30	8	51.5	39	34	31.5	33.5	57.5	9.5	30	23.5	53	17	25	50	22	39	40	44	38	57	31.5	47.5	9.5	37.5	46	44	32.5	44	47	8	46	39.5	53	39.5	0	49	32.5	54	65	47	38	59.5	29.5	54.5	35.5	22.5	35.5	44	34	40.5	17.5	47.5	41.5	38.5	33.5	47	22	34	62	63.5	53.5	35	21	30.5	24.5	32	16	22.5	37	53	39	34	52	40.5	42.5	42	26.5	35	37	13	47	7	
26.5	32.5	37	44	37	67	45.5	36	79	84	70	48	45	66	72	48	72	72.5	32.5	35.5	77	53.5	82.5	86.5	50	49.5	53.5	50	45	13.5	58.5	69.5	28.5	39.5	50	22	62.5	93	16.5	83	60	44	79.5	36	57.5	26.5	64	89.5	62.5	53.5	66	13.5	91	39.5	58	86	56.5	65	50.5	38	36	37	16	25	22.5	83	76.5	27	69	53	34.5	10	33	54.5	27.5	88.5	43.5	41	52.5	8	36	44	71	41	32	79	5	73	18	70.5	78.5	43.5	33.5	75	33	38.5	67	86	53	65	56.5	8	31.5	49	0	71.5	27	76	34	77	76.5	40.5	15.5	74.5	61.5	35.5	57	57	29.5	41.5	36.5	29.5	67.5	37.5	2	61	47	89	74.5	82.5	34	60	65.5	63.5	31	45	61.5	64	4	78	37	3	26.5	63.5	53	40.5	56	64	48	84	54	
60	66	56.5	45.5	48.5	33.5	32	37.5	45.5	32.5	36.5	31.5	36.5	32.5	26.5	45.5	38.5	39	66	58	43.5	20	41	35	33.5	44	32	33.5	46.5	65	27	18	62	46	23.5	73.5	31	41.5	63	45.5	33.5	45.5	44	49.5	16	60	27.5	44	31	40	14.5	60	47.5	48	21.5	52.5	25	13.5	29	51.5	57.5	56.5	57.5	58.5	74	31.5	43	66.5	22.5	40.5	74	61.5	56.5	39	56	45	32	52.5	41	65.5	39.5	47.5	37.5	44.5	61.5	27.5	66.5	25.5	69.5	19	35	32	60	33.5	66.5	55	31.5	34.5	40.5	31.5	33	65.5	62	32.5	71.5	0	76.5	42.5	69.5	25.5	43	37	67	23	30	58	28.5	36.5	63	40	70	64	6	54	69.5	14.5	38.5	49.5	41	41	57.5	33.5	28	8	54.5	46.5	20	29.5	69.5	26.5	56.5	70.5	53	10	24.5	49	37.5	29.5	45.5	34.5	39.5	
21.5	27.5	42	49	42	72	50.5	41	84	89	75	53	50	71	77	53	77	77.5	32.5	40.5	82	58.5	87.5	91.5	55	54.5	58.5	55	50	13.5	63.5	74.5	23.5	44.5	55	5	67.5	98	21.5	88	65	49	84.5	41	62.5	26.5	69	94.5	67.5	58.5	71	18.5	96	44.5	63	91	61.5	70	55.5	43	41	42	21	18	17.5	88	81.5	32	74	58	29.5	33	38	59.5	32.5	93.5	48.5	46	57.5	19	41	49	76	46	37	84	32	78	9	75.5	83.5	48.5	38.5	80	10	43.5	72	91	58	70	61.5	19	36.5	54	27	76.5	0	81	7	82	81.5	45.5	15.5	79.5	66.5	40.5	62	62	29.5	46.5	31.5	34.5	72.5	42.5	29	66	52	94	79.5	87.5	39	65	70.5	68.5	36	50	66.5	69	23	83	42	24	31.5	68.5	58	45.5	61	69	53	89	59	
102.5	96.5	61	48	51	21	34.5	40	3	30	14	66	39	30	36	62	6	11.5	86.5	74.5	11	22.5	21.5	27.5	64	48.5	60.5	64	49	67.5	55.5	44.5	100.5	48.5	64	76	41.5	21	65.5	17	54	48	18.5	78	26.5	92.5	50	18.5	51.5	52.5	48	62.5	15	74.5	56	10	57.5	49	63.5	76	60	61	60	99	76.5	31	15.5	71	45	57	88.5	86	81	43.5	86.5	17.5	70.5	65	51.5	68	78	70	25	73	66	35	81	37	72	43.5	27.5	70.5	72.5	29	91	67.5	31	28	57	29	35.5	68	80.5	65	76	42.5	81	0	88	37	15.5	39.5	69.5	39.5	52.5	64.5	31	41	89.5	72.5	92.5	68.5	36.5	56.5	78	53	41	13	3.5	21.5	80	54	44.5	50.5	83	49	52.5	38	72	36	61	73	55.5	32.5	27	73.5	40	38	52	28	58	
14.5	20.5	49	56	49	79	57.5	48	91	82	82	46	57	78	76	50	84	84.5	25.5	37.5	89	65.5	90.5	84.5	48	61.5	51.5	48	57	20.5	56.5	67.5	16.5	51.5	48	12	70.5	91	28.5	95	58	56	91.5	34	69.5	19.5	62	93.5	60.5	59.5	64	25.5	97	37.5	56	98	54.5	63	48.5	36	48	49	28	11	24.5	81	88.5	39	67	55	28.5	26	31	66.5	25.5	94.5	41.5	47	60.5	26	34	42	83	39	44	77	31	75	16	68.5	84.5	41.5	39.5	83	3	44.5	79	84	55	77	68.5	26	31.5	47	34	69.5	7	88	0	75	88.5	52.5	22.5	72.5	59.5	47.5	69	69	22.5	39.5	24.5	41.5	75.5	49.5	34	59	59	99	86.5	90.5	32	58	67.5	61.5	29	57	59.5	74	30	76	49	31	38.5	75.5	65	38.5	68	74	60	84	54	
65.5	71.5	62	55	58	16	41.5	47	40	23	31	37	46	33	27	51	33	33.5	71.5	63.5	38	29.5	31.5	25.5	39	49.5	37.5	39	54	74.5	32.5	13.5	67.5	55.5	29	83	36.5	32	72.5	36	39	55	34.5	55	33.5	65.5	33	34.5	36.5	45.5	15	69.5	38	53.5	27	43	30.5	14	34.5	57	63	62	67	64	83.5	22	37.5	72	28	46	79.5	67	62	44.5	61.5	35.5	37.5	58	46.5	75	45	53	12	50	67	2	72	26	79	14.5	25.5	37.5	65.5	8	72	60.5	32	25	46	34	42.5	75	67.5	38	77	25.5	82	37	75	0	37.5	46.5	76.5	18.5	35.5	63.5	38	42	68.5	45.5	75.5	69.5	31.5	61.5	75	20	48	40	35.5	31.5	63	39	33.5	17.5	60	54	25.5	35	79	1	62	80	62.5	35.5	34	54.5	43	35	51	25	45	
87	93	61.5	48.5	51.5	21.5	35	40.5	18.5	30.5	14.5	58.5	39.5	30.5	36.5	62.5	11.5	4	87	75	16.5	23	6	32	60.5	49	59	60.5	49.5	68	54	35	89	49	50.5	76.5	42	36.5	66	22.5	54.5	48.5	3	76.5	27	87	50.5	29	52	53	36.5	63	30.5	75	48.5	25.5	52	35.5	56	76.5	60.5	61.5	60.5	85.5	77	31.5	0	71.5	45.5	57.5	89	86.5	81.5	44	83	28	59	65.5	52	68.5	66.5	70.5	25.5	71.5	66.5	35.5	81.5	37.5	72.5	36	28	59	73	29.5	91.5	68	31.5	31.5	57.5	29.5	36	68.5	81	59.5	76.5	43	81.5	15.5	88.5	37.5	0	40	70	40	53	65	31.5	41.5	90	67	93	69	37	57	78.5	41.5	41.5	28.5	14	6	80.5	54.5	45	39	81.5	49.5	47	38.5	72.5	36.5	61.5	73.5	56	33	27.5	74	40.5	38.5	52.5	28.5	58.5	
63	61	25.5	12.5	15.5	30.5	9	4.5	42.5	49.5	33.5	30.5	8.5	29.5	35.5	26.5	35.5	36	51	39	40.5	17	46	62	28.5	9	21	28.5	13.5	32	30	49	65	13	31.5	40.5	26	60.5	30	46.5	23.5	12.5	43	42.5	21	57	29.5	53	26	13	47.5	27	54.5	39	35.5	49.5	32	46.5	24	40.5	24.5	25.5	24.5	61.5	41	50.5	40	35.5	34.5	21.5	53	50.5	45.5	18	51	52	35	29.5	12	32.5	42.5	34.5	34.5	37.5	30.5	44.5	45.5	36.5	36.5	48	42	35	37	38.5	55.5	32	30.5	67.5	21.5	28.5	20	32.5	45	29.5	40.5	37	45.5	39.5	52.5	46.5	40	0	34	44	27	29	20.5	20.5	54	37	57	33	31	21	42.5	42.5	10.5	52.5	38	46	44.5	23.5	29	45	47.5	13.5	37	27.5	36.5	45.5	25.5	37.5	20	27	16.5	38	19.5	27.5	16.5	47.5	22.5	
33	31	30.5	37.5	30.5	60.5	39	29.5	72.5	79.5	63.5	55.5	38.5	59.5	65.5	41.5	65.5	66	17	29	70.5	47	76	92	53.5	43	55	53.5	38.5	2	60	79	35	33	61.5	10.5	56	90.5	10	76.5	53.5	37.5	73	37.5	51	23	59.5	83	56	47	77.5	7	84.5	39	65.5	79.5	62	76.5	58	35.5	29.5	30.5	9.5	31.5	11	80.5	70	20.5	64.5	46.5	23	25.5	30.5	48	31	82	55	34.5	46	7.5	47.5	39.5	64.5	42.5	25.5	74.5	20.5	66.5	6.5	78	72	55	27	68.5	25.5	32	60.5	97.5	46.5	58.5	50	7.5	25	54.5	15.5	67	15.5	69.5	22.5	76.5	70	34	0	74	57	29	50.5	50.5	20	47	27	23	61	31	17.5	72.5	40.5	82.5	68	76	29.5	53.5	59	75	32.5	38.5	67	57.5	11.5	75.5	30.5	12.5	20	57	46.5	38	49.5	57.5	41.5	77.5	47.5	
63	69	59.5	52.5	55.5	30.5	39	44.5	42.5	25.5	33.5	34.5	43.5	30.5	24.5	48.5	35.5	36	69	61	40.5	27	34	28	36.5	47	35	36.5	51.5	72	30	5	65	53	26.5	80.5	34	34.5	70	38.5	36.5	52.5	37	52.5	31	63	30.5	37	34	43	12.5	67	40.5	51	24.5	45.5	28	11.5	32	54.5	60.5	59.5	64.5	61.5	81	24.5	40	69.5	25.5	43.5	77	64.5	59.5	42	59	38	35	55.5	44	72.5	42.5	50.5	30.5	47.5	64.5	20.5	69.5	23.5	76.5	4	28	35	63	26.5	69.5	58	29.5	27.5	43.5	31.5	40	72.5	65	35.5	74.5	23	79.5	39.5	72.5	18.5	40	44	74	0	33	61	35.5	39.5	66	43	73	67	29	59	72.5	17.5	45.5	42.5	38	34	60.5	36.5	31	15	57.5	51.5	23	32.5	76.5	19.5	59.5	77.5	60	33	31.5	52	40.5	32.5	48.5	27.5	42.5	
50	56	46.5	35.5	38.5	43.5	18	27.5	55.5	42.5	46.5	21.5	26.5	42.5	36.5	35.5	48.5	49	56	48	53.5	30	51	45	23.5	34	22	23.5	36.5	55	3	28	52	36	13.5	63.5	31	51.5	53	55.5	23.5	35.5	54	39.5	34	50	22.5	54	1	30	24.5	50	57.5	38	16.5	62.5	5	23.5	19	41.5	47.5	46.5	47.5	48.5	64	41.5	53	56.5	27.5	30.5	64	51.5	46.5	9	46	55	22	42.5	31	55.5	29.5	37.5	47.5	34.5	51.5	37.5	56.5	35.5	59.5	29	45	22	50	43.5	56.5	45	41.5	44.5	30.5	41.5	33	55.5	52	22.5	61.5	30	66.5	52.5	59.5	35.5	53	27	57	33	0	48	33.5	31.5	53	30	60	54	36	44	59.5	19.5	28.5	59.5	51	51	47.5	23.5	28	22	44.5	36.5	20	34.5	59.5	36.5	46.5	60.5	43	40	29.5	39	32.5	34.5	35.5	44.5	29.5	
38	44	25.5	32.5	25.5	55.5	34	24.5	67.5	70.5	58.5	34.5	33.5	54.5	60.5	36.5	60.5	61	44	34	65.5	42	71	73	36.5	38	40	36.5	33.5	27	45	56	40	28	36.5	35.5	51	79.5	25	71.5	46.5	32.5	68	27.5	46	38	50.5	78	49	42	52.5	22	79.5	10	44.5	74.5	43	51.5	37	29.5	24.5	25.5	19.5	36.5	36	69.5	65	30.5	55.5	41.5	48	39.5	34.5	43	34	77	30	29.5	41	27.5	22.5	30.5	59.5	27.5	25.5	65.5	40.5	61.5	31.5	57	67	30	32	63.5	44.5	3	55.5	72.5	41.5	53.5	45	27.5	40	35.5	35.5	58	40.5	64.5	47.5	63.5	65	29	29	61	48	0	45.5	45.5	41	28	48	28	56	26	37.5	47.5	35.5	77.5	63	71	35.5	46.5	54	50	32.5	33.5	48	52.5	31.5	64.5	25.5	32.5	9	52	41.5	9	44.5	52.5	36.5	72.5	42.5	
71.5	77.5	42	29	32	22	15.5	21	34	41	25	43	20	21	27	43	27	27.5	67.5	55.5	32	8.5	37.5	51.5	45	29.5	41.5	45	30	48.5	36.5	34.5	73.5	29.5	35	57	22.5	52	46.5	38	35	29	34.5	59	12.5	71.5	31	44.5	32.5	33.5	31	43.5	46	55.5	33	41	36.5	30	40.5	57	41	42	41	70	57.5	42	31.5	52	14	38	69.5	67	62	24.5	67.5	43.5	43.5	46	32.5	49	51	51	26	54	47	36	62	28	53	35.5	33.5	43.5	53.5	30	72	48.5	22	51	38	20	16.5	49	61.5	44	57	28.5	62	31	69	38	31.5	20.5	50.5	35.5	33.5	45.5	0	22	70.5	51.5	73.5	49.5	22.5	37.5	59	22	22	44	29.5	37.5	61	35	25.5	28.5	64	30	31.5	7	53	37	42	54	36.5	18.5	4	54.5	21	7	33	39	39	
61.5	67.5	42	29	32	32	15.5	21	44	49	35	33	20	31	37	43	37	37.5	67.5	55.5	42	18.5	47.5	51.5	35	29.5	33.5	35	30	48.5	28.5	34.5	63.5	29.5	25	57	27.5	58	46.5	48	35	29	44.5	51	22.5	61.5	9	54.5	32.5	33.5	31	43.5	56	49.5	15	51	26.5	30	30.5	53	41	42	41	60	57.5	48	41.5	52	34	38	69.5	63	58	24.5	57.5	53.5	33.5	46	32.5	49	41	49	36	46	47	44	62	38	53	35.5	43.5	33.5	53.5	40	68	48.5	32	51	38	30	21.5	49	61.5	34	57	36.5	62	41	69	42	41.5	20.5	50.5	39.5	31.5	45.5	22	0	64.5	41.5	71.5	49.5	32.5	37.5	59	26	22	54	39.5	47.5	59	35	30.5	28.5	56	30	26.5	29	53	43	42	54	36.5	28.5	18	50.5	1	29	33	49	39	
13	19	44.5	57.5	50.5	80.5	59	49.5	92.5	75.5	83.5	39.5	58.5	75.5	69.5	43.5	85.5	86	3	31	90.5	67	84	78	41.5	57	45	41.5	56.5	22	50	61	15	53	41.5	30.5	64	84.5	30	88.5	51.5	57.5	87	27.5	71	3	55.5	87	54	53	57.5	27	90.5	31	49.5	95.5	48	56.5	42	29.5	45.5	44.5	29.5	11.5	31	74.5	90	34.5	60.5	48.5	27	19.5	24.5	62	19	88	35	40.5	54	27.5	27.5	35.5	80.5	32.5	39.5	70.5	24.5	68.5	26.5	62	78	35	33	76.5	19.5	38	74.5	77.5	48.5	76.5	70	27.5	25	40.5	29.5	63	29.5	89.5	22.5	68.5	90	54	20	66	53	41	70.5	64.5	0	33	23	37	69	49	27.5	52.5	60.5	92.5	88	84	25.5	51.5	61	55	22.5	56.5	53	67.5	31.5	69.5	44.5	32.5	40	73	66.5	32	65.5	67.5	53.5	77.5	47.5	
30	36	26.5	34.5	31.5	61.5	42	32.5	75.5	52.5	66.5	16.5	41.5	52.5	46.5	20.5	68.5	69	36	28	71.5	50	61	55	18.5	34	22	18.5	33.5	45	27	38	32	34	18.5	51.5	41	61.5	43	65.5	28.5	34.5	64	19.5	54	30	32.5	64	31	30	34.5	40	67.5	18	26.5	72.5	25	33.5	19	21.5	27.5	26.5	37.5	28.5	54	51.5	67	36.5	37.5	25.5	44	31.5	26.5	39	26	65	12	22.5	31	45.5	9.5	17.5	57.5	14.5	31.5	47.5	36.5	45.5	49.5	39	55	12	30	53.5	36.5	25	51.5	54.5	25.5	53.5	47	45.5	32	17.5	41.5	40	46.5	72.5	39.5	45.5	67	37	47	43	30	28	51.5	41.5	33	0	40	34	46	16	39.5	29.5	41.5	69.5	71	61	27.5	28.5	38	32	24.5	33.5	30	44.5	45.5	46.5	26.5	44.5	33	50	49.5	19	42.5	44.5	30.5	54.5	24.5	
10	4	51.5	60.5	53.5	83.5	62	52.5	95.5	82.5	86.5	46.5	61.5	82.5	76.5	50.5	88.5	89	26	38	93.5	70	91	85	48.5	64	52	48.5	61.5	25	57	68	8	56	48.5	28.5	71	91.5	33	95.5	58.5	60.5	94	34.5	74	20	62.5	94	61	60	64.5	30	97.5	38	56.5	102.5	55	63.5	49	36.5	52.5	51.5	32.5	13.5	16	81.5	93	41.5	67.5	55.5	4	26.5	31.5	69	26	95	42	47.5	61	30.5	34.5	42.5	87.5	39.5	46.5	77.5	31.5	75.5	24.5	69	85	42	40	83.5	21.5	45	81.5	84.5	55.5	81.5	73	30.5	32	47.5	36.5	70	31.5	92.5	24.5	75.5	93	57	27	73	60	48	73.5	71.5	23	40	0	44	76	54	34.5	59.5	63.5	99.5	91	91	32.5	58.5	68	62	29.5	61.5	60	74.5	34.5	76.5	51.5	35.5	43	80	69.5	39	72.5	74.5	60.5	84.5	54.5	
34	40	29.5	36.5	29.5	59.5	38	28.5	71.5	76.5	62.5	40.5	37.5	58.5	64.5	40.5	64.5	65	40	6	69.5	46	75	79	42.5	42	46	42.5	37.5	21	51	62	36	32	42.5	29.5	55	85.5	19	75.5	52.5	36.5	72	28.5	50	34	56.5	82	55	46	58.5	16	83.5	32	50.5	78.5	49	57.5	43	30.5	28.5	29.5	13.5	32.5	30	75.5	69	24.5	61.5	45.5	42	35.5	30.5	47	30	81	36	33.5	45	21.5	28.5	36.5	63.5	33.5	24.5	71.5	34.5	65.5	25.5	63	71	36	4	67.5	40.5	31	59.5	78.5	45.5	57.5	49	21.5	34	41.5	29.5	64	34.5	68.5	41.5	69.5	69	33	23	67	54	28	49.5	49.5	37	34	44	0	60	30	31.5	53.5	39.5	81.5	67	75	31.5	52.5	58	56	28.5	37.5	54	56.5	25.5	70.5	29.5	26.5	19	56	45.5	33	48.5	56.5	40.5	76.5	46.5	
66	72	52.5	39.5	42.5	27.5	26	31.5	39.5	38.5	30.5	37.5	30.5	26.5	32.5	51.5	32.5	33	72	64	37.5	14	43	41	39.5	40	38	39.5	40.5	59	33	24	68	40	29.5	67.5	33	47.5	57	43.5	39.5	39.5	40	55.5	10	66	33.5	50	37	44	20.5	54	51.5	54	27.5	46.5	31	19.5	35	57.5	51.5	52.5	51.5	64.5	68	37.5	37	62.5	28.5	46.5	80	67.5	62.5	35	62	49	38	56.5	43	59.5	45.5	53.5	31.5	50.5	57.5	33.5	72.5	31.5	63.5	25	39	38	64	35.5	72.5	59	27.5	40.5	46.5	25.5	27	59.5	68	38.5	67.5	6	72.5	36.5	75.5	31.5	37	31	61	29	36	56	22.5	32.5	69	46	76	60	0	48	69.5	20.5	32.5	49.5	35	43	63.5	39.5	34	14	60.5	40.5	26	29.5	63.5	32.5	52.5	64.5	47	4	18.5	55	31.5	29.5	43.5	40.5	45.5	
46	52	22.5	24.5	17.5	47.5	26	16.5	59.5	66.5	50.5	32.5	25.5	46.5	52.5	28.5	52.5	53	48	36	57.5	34	63	71	34.5	30	38	34.5	25.5	29	43	54	48	20	34.5	37.5	43	77.5	27	63.5	40.5	24.5	60	35.5	38	46	46.5	70	43	34	50.5	24	71.5	34	42.5	66.5	41	49.5	35	37.5	21.5	22.5	21.5	44.5	38	67.5	57	32.5	51.5	33.5	50	47.5	42.5	35	42	69	28	26.5	33	29.5	25.5	31.5	51.5	30.5	27.5	61.5	42.5	53.5	33.5	55	59	28	34	55.5	52.5	29	47.5	70.5	33.5	45.5	37	29.5	42	33.5	37.5	54	42.5	56.5	49.5	61.5	57	21	31	59	44	26	37.5	37.5	49	16	54	30	48	0	39.5	45.5	27.5	69.5	55	63	41.5	40.5	46	48	40.5	25.5	46	44.5	33.5	62.5	22.5	34.5	17	44	33.5	35	36.5	44.5	28.5	64.5	34.5	
24.5	30.5	39	46	39	69	47.5	38	81	82	72	46	47	68	74	50	74	74.5	30.5	37.5	79	55.5	84.5	84.5	48	51.5	51.5	48	47	15.5	56.5	67.5	26.5	41.5	48	24	64.5	91	18.5	85	58	46	81.5	34	59.5	24.5	62	91.5	60.5	55.5	64	15.5	93	37.5	56	88	54.5	63	48.5	36	38	39	18	23	24.5	81	78.5	29	67	55	36.5	8	31	56.5	25.5	90.5	41.5	43	54.5	10	34	42	73	39	34	77	3	75	20	68.5	80.5	41.5	35.5	77	31	40.5	69	84	55	67	58.5	10	31.5	47	2	69.5	29	78	34	75	78.5	42.5	17.5	72.5	59.5	37.5	59	59	27.5	39.5	34.5	31.5	69.5	39.5	0	59	49	91	76.5	84.5	32	58	67.5	61.5	29	47	59.5	66	6	76	39	5	28.5	65.5	55	38.5	58	66	50	84	54	
49.5	55.5	46	39	46	36	37.5	43	54	27	43	21	38	27	21	35	49	45.5	55.5	47.5	46	30.5	35.5	29.5	23	33.5	21.5	23	38	70.5	16.5	12.5	51.5	43.5	13	71	20.5	36	66.5	40	23	39	38.5	39	30.5	49.5	17	38.5	20.5	29.5	9	65.5	42	37.5	11	47	14.5	8	18.5	41	47	46	63	48	75.5	26	41.5	56	8	30	63.5	51	46	28.5	45.5	39.5	21.5	42	30.5	69	29	37	32	34	51	22	56	20	75	13.5	29.5	21.5	49.5	28	56	44.5	26	29	30	28	26.5	69	51.5	22	61	14.5	66	53	59	20	41.5	42.5	72.5	17.5	19.5	47.5	22	26	52.5	29.5	59.5	53.5	20.5	45.5	59	0	36	44	51.5	35.5	47	23	17.5	6.5	44	38	9.5	15	65	21	46	64	56.5	24.5	26	38.5	27	15	35	29	29	
61.5	67.5	32	19	22	32	10.5	11	44	51	35	33	2	31	37	33	37	37.5	57.5	45.5	42	18.5	47.5	61.5	35	19.5	31.5	35	20	38.5	31.5	44.5	63.5	19.5	23	47	27.5	62	36.5	48	13	19	44.5	49	22.5	61.5	31	54.5	27.5	23.5	41	33.5	56	45.5	33	51	31.5	40	30.5	47	31	32	31	60	47.5	52	41.5	42	36	28	59.5	57	52	19.5	57.5	53.5	33.5	36	22.5	39	41	41	36	44	37	46	52	38	43	45.5	43.5	33.5	43.5	40	62	38.5	32	61	28	30	21.5	39	51.5	34	47	38.5	52	41	59	48	41.5	10.5	40.5	45.5	28.5	35.5	22	22	60.5	41.5	63.5	39.5	32.5	27.5	49	36	0	54	39.5	47.5	51	13	30.5	38.5	54	20	36.5	29	43	47	32	44	26.5	28.5	18	44.5	21	29	23	49	29	
89.5	95.5	74	61	64	34	47.5	53	10	37	27	61	52	43	49	75	19	24.5	95.5	87.5	24	35.5	34.5	24.5	63	61.5	61.5	63	62	80.5	56.5	37.5	91.5	61.5	53	89	54.5	8	78.5	30	63	61	31.5	79	39.5	89.5	57	31.5	60.5	65.5	39	75.5	2	77.5	51	3	54.5	38	58.5	81	73	74	73	88	89.5	36	28.5	84	52	70	101.5	91	86	56.5	85.5	30.5	61.5	78	64.5	81	69	77	38	74	79	42	94	50	85	38.5	40.5	61.5	85.5	42	96	80.5	44	15	70	42	48.5	81	91.5	62	89	49.5	94	13	99	40	28.5	52.5	82.5	42.5	59.5	77.5	44	54	92.5	69.5	99.5	81.5	49.5	69.5	91	44	54	0	16.5	34.5	87	63	57.5	41.5	84	62	49.5	51	85	41	74	86	68.5	45.5	40	78.5	53	51	65	39	69	
99	95	59.5	46.5	49.5	19.5	33	38.5	6.5	28.5	12.5	64.5	37.5	28.5	34.5	60.5	4.5	10	85	73	9.5	21	20	24	62.5	47	59	62.5	47.5	66	54	43	99	47	62.5	74.5	40	24.5	64	15.5	52.5	46.5	17	76.5	25	91	48.5	15	50	51	46.5	61	18.5	73	54.5	13.5	56	47.5	62	74.5	58.5	59.5	58.5	97.5	75	29.5	14	69.5	43.5	55.5	87	84.5	79.5	42	85	14	69	63.5	50	66.5	76.5	68.5	23.5	71.5	64.5	33.5	79.5	35.5	70.5	42	26	69	71	27.5	89.5	66	29.5	31.5	55.5	27.5	34	66.5	79	63.5	74.5	41	79.5	3.5	86.5	35.5	14	38	68	38	51	63	29.5	39.5	88	71	91	67	35	55	76.5	51.5	39.5	16.5	0	20	78.5	52.5	43	49	81.5	47.5	51	36.5	70.5	34.5	59.5	71.5	54	31	25.5	72	38.5	36.5	50.5	26.5	56.5	
81	87	67.5	54.5	57.5	27.5	41	46.5	24.5	28.5	20.5	52.5	45.5	36.5	42.5	66.5	17.5	10	87	79	22.5	29	0	26	54.5	55	53	54.5	55.5	74	48	29	83	55	44.5	82.5	48	32.5	72	28.5	54.5	54.5	3	70.5	33	81	48.5	35	52	59	30.5	69	36.5	69	42.5	31.5	46	29.5	50	72.5	66.5	67.5	66.5	79.5	83	27.5	6	77.5	43.5	61.5	95	82.5	77.5	50	77	34	53	71.5	58	74.5	60.5	68.5	31.5	65.5	72.5	33.5	87.5	41.5	78.5	30	34	53	79	35.5	87.5	74	37.5	25.5	61.5	35.5	42	74.5	83	53.5	82.5	41	87.5	21.5	90.5	31.5	6	46	76	34	51	71	37.5	47.5	84	61	91	75	43	63	84.5	35.5	47.5	34.5	20	0	78.5	54.5	49	33	75.5	55.5	41	44.5	78.5	32.5	67.5	79.5	62	39	33.5	70	46.5	44.5	58.5	30.5	60.5	
22.5	28.5	39	48	41	71	49.5	40	83	70	74	34	49	70	64	38	76	76.5	28.5	25.5	81	57.5	78.5	72.5	36	51.5	39.5	36	49	27.5	44.5	55.5	24.5	43.5	36	36	58.5	79	25.5	83	46	48	81.5	22	61.5	22.5	50	81.5	48.5	47.5	52	22.5	85	25.5	44	90	42.5	51	36.5	24	40	39	20	21	36.5	69	80.5	9	55	43	36.5	24	1	56.5	18.5	82.5	29.5	35	48.5	28	22	30	75	27	34	65	29	63	32	56.5	72.5	29.5	27.5	71	29	32.5	69	72	43	69	60.5	28	24.5	35	34	57.5	39	80	32	63	80.5	44.5	29.5	60.5	47.5	35.5	61	59	25.5	27.5	32.5	31.5	63.5	41.5	32	47	51	87	78.5	78.5	0	46	55.5	49.5	3	49	47.5	62	32	64	39	33	30.5	67.5	57	26.5	60	62	48	72	42	
48.5	54.5	45	32	35	45	23.5	24	57	46	48	20	15	44	40	34	50	50.5	54.5	46.5	55	31.5	54.5	48.5	22	32.5	20.5	22	33	51.5	20.5	31.5	50.5	32.5	10	60	34.5	55	49.5	59	0	32	57.5	38	35.5	48.5	26	57.5	24.5	28.5	28	46.5	61	36.5	20	64	18.5	27	17.5	40	44	45	44	47	60.5	45	54.5	55	31	29	62.5	50	45	32.5	44.5	58.5	20.5	41	29.5	52	28	36	49	33	50	41	55	39	56	32.5	48.5	20.5	48.5	47	55	43.5	45	48	29	43	34.5	52	50.5	21	60	33.5	65	54	58	39	54.5	23.5	53.5	36.5	23.5	46.5	35	35	51.5	28.5	58.5	52.5	39.5	40.5	58	23	13	63	52.5	54.5	46	0	31.5	25.5	43	33	23.5	38	56	40	45	57	39.5	41.5	31	37.5	34	38	34	48	28	
58	64	50.5	37.5	40.5	35.5	24	29.5	47.5	40.5	38.5	29.5	28.5	34.5	34.5	43.5	40.5	41	64	56	45.5	22	49	43	31.5	38	30	31.5	38.5	57	25	26	60	38	21.5	65.5	3	49.5	55	51.5	31.5	37.5	48	47.5	26	58	25.5	52	29	38	22.5	52	55.5	46	19.5	54.5	23	21.5	27	49.5	49.5	50.5	49.5	56.5	66	39.5	45	60.5	25.5	38.5	72	59.5	54.5	33	54	53	30	50.5	39	57.5	37.5	45.5	39.5	42.5	55.5	35.5	64.5	33.5	61.5	27	43	30	58	41.5	64.5	53	35.5	42.5	38.5	33.5	9	57.5	60	30.5	65.5	28	70.5	44.5	67.5	33.5	45	29	59	31	28	54	25.5	30.5	61	38	68	58	34	46	67.5	17.5	30.5	57.5	43	49	55.5	31.5	0	20	52.5	38.5	8	32.5	61.5	34.5	50.5	62.5	45	32	21.5	47	29.5	32.5	41.5	42.5	37.5	
52	58	48.5	41.5	48.5	33.5	40	45.5	51.5	24.5	40.5	23.5	40.5	24.5	18.5	37.5	46.5	43	58	50	43.5	28	33	27	25.5	36	24	25.5	40.5	73	19	10	54	46	15.5	73.5	23	33.5	69	37.5	25.5	41.5	36	41.5	24	52	19.5	36	23	32	6.5	68	39.5	40	13.5	44.5	17	5.5	21	43.5	49.5	48.5	65.5	50.5	78	23.5	39	58.5	14.5	32.5	66	53.5	48.5	31	48	37	24	44.5	33	71.5	31.5	39.5	29.5	36.5	53.5	19.5	58.5	17.5	77.5	11	27	24	52	25.5	58.5	47	23.5	26.5	32.5	25.5	29	71.5	54	24.5	63.5	8	68.5	50.5	61.5	17.5	39	45	75	15	22	50	28.5	28.5	55	32	62	56	14	48	61.5	6.5	38.5	41.5	49	33	49.5	25.5	20	0	46.5	40.5	12	21.5	67.5	18.5	48.5	66.5	59	18	32.5	41	29.5	21.5	37.5	26.5	31.5	
19.5	25.5	36	49	44	74	52.5	43	86	67	77	31	52	67	61	35	79	79.5	25.5	22.5	84	60.5	75.5	69.5	33	48.5	36.5	33	48	30.5	41.5	52.5	21.5	46.5	33	39	55.5	76	28.5	80	43	49	78.5	19	64.5	19.5	47	78.5	45.5	44.5	49	25.5	82	22.5	41	87	39.5	48	33.5	21	37	36	23	18	39.5	66	81.5	12	52	40	33.5	21	2	53.5	15.5	79.5	26.5	32	45.5	31	19	27	72	24	31	62	26	60	35	53.5	69.5	26.5	24.5	68	26	29.5	66	69	40	68	61.5	31	21.5	32	31	54.5	36	83	29	60	81.5	47.5	32.5	57.5	44.5	32.5	64	56	22.5	24.5	29.5	28.5	60.5	40.5	29	44	54	84	81.5	75.5	3	43	52.5	46.5	0	48	44.5	59	35	61	36	34	33.5	64.5	60	23.5	57	59	45	69	39	
53.5	59.5	30	1	20	40	18.5	9	52	59	43	17	18	39	45	31	45	45.5	55.5	43.5	50	26.5	55.5	63.5	15	22.5	30.5	15	0	36.5	35.5	46.5	55.5	17.5	27	45	35.5	70	34.5	56	33	1	52.5	43	30.5	53.5	39	62.5	35.5	26.5	43	31.5	64	41.5	35	59	33.5	42	27.5	45	29	30	29	52	45.5	60	49.5	40	44	8	57.5	55	50	27.5	49.5	61.5	25.5	34	25.5	37	33	39	44	38	35	54	50	46	41	47.5	51.5	25.5	41.5	48	60	36.5	40	63	8	38	29.5	37	49.5	16	45	46.5	50	49	57	54	49.5	13.5	38.5	51.5	36.5	33.5	30	30	56.5	33.5	61.5	37.5	40.5	25.5	47	38	20	62	47.5	55.5	49	33	38.5	40.5	48	0	38.5	37	41	55	30	42	24.5	36.5	26	42.5	29	37	3	57	9	
50	56	46.5	39.5	46.5	41.5	32	37.5	55.5	32.5	46.5	21.5	36.5	32.5	26.5	35.5	48.5	49	56	48	51.5	30	41	35	23.5	34	22	23.5	38.5	65	17	18	52	44	13.5	71.5	11	41.5	63	45.5	23.5	39.5	44	39.5	34	50	17.5	44	21	30	14.5	60	47.5	38	11.5	52.5	15	13.5	19	41.5	47.5	46.5	57.5	48.5	74	31.5	47	56.5	17.5	30.5	64	51.5	46.5	29	46	45	22	42.5	31	65.5	29.5	37.5	37.5	34.5	51.5	27.5	56.5	25.5	69.5	19	35	22	50	33.5	56.5	45	31.5	34.5	30.5	33.5	17	65.5	52	22.5	61.5	20	66.5	52.5	59.5	25.5	47	37	67	23	20	48	31.5	26.5	53	30	60	54	26	46	59.5	9.5	36.5	49.5	51	41	47.5	23.5	8	12	44.5	38.5	0	24.5	65.5	26.5	46.5	64.5	53	30	29.5	39	27.5	24.5	35.5	34.5	29.5	
64.5	70.5	49	36	39	29	22.5	28	41	42	32	36	27	28	34	50	34	34.5	70.5	62.5	39	15.5	44.5	44.5	38	36.5	36.5	38	37	55.5	31.5	27.5	66.5	36.5	28	64	29.5	51	53.5	45	38	36	41.5	54	19.5	64.5	32	51.5	35.5	40.5	24	50.5	53	52.5	26	48	29.5	23	33.5	56	48	49	48	63	64.5	41	38.5	59	7	45	76.5	66	61	31.5	60.5	50.5	36.5	53	39.5	56	44	52	33	49	54	37	69	35	60	28.5	40.5	36.5	60.5	37	71	55.5	29	44	45	27	23.5	56	66.5	37	64	29.5	69	38	74	35	38.5	27.5	57.5	32.5	34.5	52.5	7	29	67.5	44.5	74.5	56.5	29.5	44.5	66	15	29	51	36.5	44.5	62	38	32.5	21.5	59	37	24.5	0	60	36	49	61	43.5	25.5	11	53.5	28	0	40	44	44	
30.5	36.5	33	40	33	63	41.5	32	75	82	66	52	41	62	68	44	68	68.5	28.5	31.5	73	49.5	78.5	90.5	54	45.5	57.5	54	41	9.5	62.5	73.5	32.5	35.5	54	18	58.5	93	12.5	79	56	40	75.5	40	53.5	30.5	62	85.5	58.5	49.5	70	9.5	87	41.5	62	82	60.5	69	54.5	38	32	33	12	29	18.5	83	72.5	23	67	49	30.5	14	33	50.5	31.5	84.5	47.5	37	48.5	4	40	42	67	45	28	77	9	69	14	74.5	74.5	47.5	29.5	71	33	34.5	63	90	49	61	52.5	4	27.5	53	4	69.5	23	72	30	79	72.5	36.5	11.5	76.5	59.5	31.5	53	53	31.5	45.5	34.5	25.5	63.5	33.5	6	65	43	85	70.5	78.5	32	56	61.5	67.5	35	41	65.5	60	0	78	33	1	22.5	59.5	49	40.5	52	60	44	80	50	
66.5	72.5	63	54	57	15	40.5	46	39	24	30	38	45	34	28	52	32	32.5	72.5	64.5	37	28.5	32.5	26.5	40	50.5	38.5	40	55	73.5	33.5	14.5	68.5	54.5	30	82	37.5	33	71.5	37	40	54	35.5	56	32.5	66.5	34	35.5	37.5	46.5	16	68.5	39	54.5	28	44	31.5	15	35.5	58	64	63	66	65	82.5	23	36.5	73	29	47	80.5	68	63	45.5	62.5	36.5	38.5	59	47.5	74	46	54	11	51	68	1	73	27	78	15.5	26.5	38.5	66.5	7	73	61.5	33	26	47	35	41.5	74	68.5	39	78	26.5	83	36	76	1	36.5	45.5	75.5	19.5	36.5	64.5	37	43	69.5	46.5	76.5	70.5	32.5	62.5	76	21	47	41	34.5	32.5	64	40	34.5	18.5	61	55	26.5	36	78	0	63	79	61.5	36.5	33	55.5	44	36	52	26	46	
41.5	47.5	0	29	22	52	30.5	21	64	69	55	33	30	51	57	33	57	57.5	47.5	35.5	62	38.5	67.5	71.5	35	34.5	38.5	35	30	28.5	43.5	54.5	43.5	24.5	35	37	47.5	78	26.5	68	45	29	64.5	31	42.5	41.5	49	74.5	47.5	38.5	51	23.5	76	29.5	43	71	41.5	50	35.5	33	1	0	21	40	37.5	68	61.5	32	54	38	49.5	43	38	39.5	37.5	73.5	28.5	4	37.5	29	17	9	56	12	27	64	42	58	33	55.5	63.5	28.5	33.5	60	48	28.5	52	71	38	50	41.5	29	41.5	34	37	56.5	42	61	49	62	61.5	25.5	30.5	59.5	46.5	25.5	42	42	44.5	26.5	51.5	29.5	52.5	22.5	39	46	32	74	59.5	67.5	39	45	50.5	48.5	36	30	46.5	49	33	63	0	34	16.5	48.5	38	30.5	41	49	33	69	39	
29.5	35.5	34	41	34	64	42.5	33	76	83	67	51	42	63	69	45	69	69.5	29.5	32.5	74	50.5	79.5	89.5	53	46.5	56.5	53	42	10.5	61.5	72.5	31.5	36.5	53	19	59.5	94	13.5	80	57	41	76.5	39	54.5	29.5	63	86.5	59.5	50.5	69	10.5	88	42.5	61	83	59.5	68	53.5	39	33	34	13	28	19.5	84	73.5	24	68	50	31.5	13	34	51.5	30.5	85.5	46.5	38	49.5	5	39	43	68	44	29	78	8	70	15	73.5	75.5	46.5	30.5	72	34	35.5	64	89	50	62	53.5	5	28.5	52	3	70.5	24	73	31	80	73.5	37.5	12.5	77.5	60.5	32.5	54	54	32.5	44.5	35.5	26.5	64.5	34.5	5	64	44	86	71.5	79.5	33	57	62.5	66.5	34	42	64.5	61	1	79	34	0	23.5	60.5	50	41.5	53	61	45	81	51	
47	47	16.5	23.5	16.5	46.5	25	15.5	58.5	65.5	49.5	41.5	24.5	45.5	51.5	27.5	51.5	52	37	25	56.5	33	62	78	39.5	29	41	39.5	24.5	18	46	65	49	19	45.5	26.5	42	76.5	16	62.5	39.5	23.5	59	28.5	37	43	45.5	69	42	33	61.5	13	70.5	19	51.5	65.5	48	60.5	44	26.5	15.5	16.5	10.5	45.5	27	66.5	56	21.5	50.5	32.5	39	36.5	31.5	34	37	68	39	20.5	32	18.5	31.5	25.5	50.5	28.5	16.5	60.5	31.5	52.5	22.5	64	58	39	23	54.5	41.5	12	46.5	81.5	32.5	44.5	36	18.5	31	40.5	26.5	53	31.5	55.5	38.5	62.5	56	20	20	60	43	9	36.5	36.5	40	33	43	19	47	17	28.5	56.5	26.5	68.5	54	62	30.5	39.5	45	59	33.5	24.5	53	43.5	22.5	61.5	16.5	23.5	0	43	32.5	18	35.5	43.5	27.5	63.5	33.5	
70	76	48.5	35.5	38.5	23.5	22	27.5	35.5	42.5	26.5	41.5	26.5	22.5	28.5	49.5	28.5	29	74	62	33.5	10	39	45	43.5	36	42	43.5	36.5	55	37	28	72	36	33.5	63.5	29	51.5	53	39.5	41.5	35.5	36	59.5	6	70	37.5	46	39	40	24.5	50	47.5	58	31.5	42.5	35	23.5	39	61.5	47.5	48.5	47.5	68.5	64	41.5	33	58.5	32.5	44.5	76	71.5	66.5	31	66	45	42	52.5	39	55.5	49.5	57.5	27.5	54.5	53.5	37.5	68.5	29.5	59.5	29	35	42	60	31.5	76.5	55	23.5	44.5	44.5	21.5	23	55.5	68	42.5	63.5	10	68.5	32.5	75.5	35.5	33	27	57	33	40	52	18.5	28.5	73	50	80	56	4	44	65.5	24.5	28.5	45.5	31	39	67.5	41.5	32	18	64.5	36.5	30	25.5	59.5	36.5	48.5	60.5	43	0	14.5	59	27.5	25.5	39.5	40.5	45.5	
75.5	73.5	38	25	28	18	11.5	17	30	37	21	43	16	17	23	39	23	23.5	63.5	51.5	28	4.5	33.5	49.5	41	25.5	37.5	41	26	44.5	32.5	36.5	77.5	25.5	39	53	18.5	48	42.5	34	31	25	30.5	55	8.5	69.5	27	40.5	28.5	29.5	35	39.5	42	51.5	33	37	34.5	34	40.5	53	37	38	37	74	53.5	38	27.5	48	18	34	65.5	63	58	20.5	63.5	39.5	47.5	42	28.5	45	55	47	22	50	43	32	58	24	49	35.5	29.5	47.5	49.5	26	68	44.5	18	55	34	16	12.5	45	57.5	42	53	24.5	58	27	65	34	27.5	16.5	46.5	31.5	29.5	41.5	4	18	66.5	49.5	69.5	45.5	18.5	33.5	55	26	18	40	25.5	33.5	57	31	21.5	32.5	60	26	29.5	11	49	33	38	50	32.5	14.5	0	50.5	17	11	29	35	35	
29	35	30.5	41.5	34.5	64.5	43	33.5	76.5	61.5	67.5	25.5	42.5	61.5	55.5	29.5	69.5	70	35	27	74.5	51	70	64	27.5	43	31	27.5	42.5	36	36	47	31	37	27.5	44.5	50	70.5	34	74.5	37.5	41.5	73	18.5	55	29	41.5	73	40	39	43.5	31	76.5	1	35.5	81.5	34	42.5	28	20.5	31.5	30.5	28.5	27.5	45	60.5	74	35.5	46.5	34.5	43	30.5	25.5	48	25	74	21	26.5	40	36.5	13.5	21.5	66.5	18.5	30.5	56.5	35.5	54.5	40.5	48	64	21	29	62.5	35.5	6	60.5	63.5	34.5	62.5	54	36.5	31	26.5	40.5	49	45.5	73.5	38.5	54.5	74	38	38	52	39	9	54.5	50.5	32	19	39	33	55	35	38.5	38.5	44.5	78.5	72	70	26.5	37.5	47	41	23.5	42.5	39	53.5	40.5	55.5	30.5	41.5	18	59	50.5	0	51.5	53.5	39.5	63.5	33.5	
62.5	68.5	41	28	31	31	14.5	20	43	50	34	34	19	30	36	42	36	36.5	66.5	54.5	41	17.5	46.5	52.5	36	28.5	34.5	36	29	47.5	29.5	35.5	64.5	28.5	26	56	26.5	59	45.5	47	34	28	43.5	52	21.5	62.5	10	53.5	31.5	32.5	32	42.5	55	50.5	16	50	27.5	31	31.5	54	40	41	40	61	56.5	49	40.5	51	35	37	68.5	64	59	23.5	58.5	52.5	34.5	45	31.5	48	42	50	35	47	46	45	61	37	52	36.5	42.5	34.5	52.5	39	69	47.5	31	52	37	29	20.5	48	60.5	35	56	37.5	61	40	68	43	40.5	19.5	49.5	40.5	32.5	44.5	21	1	65.5	42.5	72.5	48.5	31.5	36.5	58	27	21	53	38.5	46.5	60	34	29.5	29.5	57	29	27.5	28	52	44	41	53	35.5	27.5	17	51.5	0	28	32	48	38	
64.5	70.5	49	36	39	29	22.5	28	41	42	32	36	27	28	34	50	34	34.5	70.5	62.5	39	15.5	44.5	44.5	38	36.5	36.5	38	37	55.5	31.5	27.5	66.5	36.5	28	64	29.5	51	53.5	45	38	36	41.5	54	19.5	64.5	32	51.5	35.5	40.5	24	50.5	53	52.5	26	48	29.5	23	33.5	56	48	49	48	63	64.5	41	38.5	59	7	45	76.5	66	61	31.5	60.5	50.5	36.5	53	39.5	56	44	52	33	49	54	37	69	35	60	28.5	40.5	36.5	60.5	37	71	55.5	29	44	45	27	23.5	56	66.5	37	64	29.5	69	38	74	35	38.5	27.5	57.5	32.5	34.5	52.5	7	29	67.5	44.5	74.5	56.5	29.5	44.5	66	15	29	51	36.5	44.5	62	38	32.5	21.5	59	37	24.5	0	60	36	49	61	43.5	25.5	11	53.5	28	0	40	44	44	
50.5	56.5	33	4	23	43	21.5	12	55	58	46	14	21	42	48	34	48	48.5	56.5	46.5	53	29.5	58.5	60.5	12	25.5	27.5	12	3	39.5	32.5	43.5	52.5	20.5	24	48	38.5	67	37.5	59	34	4	55.5	40	33.5	50.5	38	65.5	36.5	29.5	40	34.5	67	38.5	32	62	30.5	39	24.5	42	32	33	32	49	48.5	57	52.5	43	43	5	60.5	52	47	30.5	46.5	64.5	22.5	37	28.5	40	30	38	47	35	38	53	53	49	44	44.5	54.5	22.5	44.5	51	57	39.5	43	60	5	41	32.5	40	52.5	13	48	45.5	53	52	60	51	52.5	16.5	41.5	48.5	35.5	36.5	33	33	53.5	30.5	60.5	40.5	43.5	28.5	50	35	23	65	50.5	58.5	48	34	41.5	37.5	45	3	35.5	40	44	52	33	45	27.5	39.5	29	39.5	32	40	0	60	6	
74.5	80.5	69	56	59	29	42.5	48	31	2	14	46	47	38	36	60	24	24.5	80.5	72.5	29	30.5	30.5	24.5	48	56.5	46.5	48	57	75.5	41.5	22.5	76.5	56.5	38	84	45.5	31	73.5	35	48	56	31.5	64	34.5	74.5	42	33.5	45.5	54.5	24	70.5	37	62.5	36	38	39.5	23	43.5	66	68	69	68	73	84.5	3	28.5	79	37	55	88.5	76	71	51.5	70.5	34.5	46.5	67	55.5	76	54	62	33	59	74	27	81	35	80	23.5	29.5	46.5	74.5	33	81	69.5	39	24	55	37	43.5	76	76.5	47	84	34.5	89	28	84	25	28.5	47.5	77.5	27.5	44.5	72.5	39	49	77.5	54.5	84.5	76.5	40.5	64.5	84	29	49	39	26.5	30.5	72	48	42.5	26.5	69	57	34.5	44	80	26	69	81	63.5	40.5	35	63.5	48	44	60	0	54	
44.5	50.5	39	10	29	49	27.5	18	61	52	52	8	27	48	46	30	54	54.5	50.5	42.5	59	35.5	60.5	54.5	6	31.5	21.5	6	9	45.5	26.5	37.5	46.5	26.5	18	54	40.5	61	43.5	65	28	10	61.5	34	39.5	44.5	32	63.5	30.5	29.5	34	40.5	67	32.5	26	68	24.5	33	18.5	36	38	39	38	43	54.5	51	58.5	49	37	1	58.5	46	41	36.5	40.5	64.5	16.5	37	30.5	46	24	32	53	29	44	47	51	45	50	38.5	54.5	16.5	44.5	53	51	39.5	49	54	1	47	38.5	46	46.5	7	54	39.5	59	58	54	45	58.5	22.5	47.5	42.5	29.5	42.5	39	39	47.5	24.5	54.5	46.5	45.5	34.5	54	29	29	69	56.5	60.5	42	28	37.5	31.5	39	9	29.5	44	50	46	39	51	33.5	45.5	35	33.5	38	44	6	54	0	
