Number of items: 150
Horizon: 6
Time limit: 1000
Load limit: 9000
Initial item inventory level
81
21
30
270
60
150
196
140
22
123
77
246
240
48
10
105
136
12
180
156
117
22
285
92
122
80
79
26
44
87
18
180
93
23
75
25
20
164
45
273
75
69
13
76
33
35
168
160
240
24
33
22
91
52
198
146
37
72
33
97
171
70
84
132
27
172
102
189
234
117
30
195
51
108
188
78
261
64
30
258
66
28
146
58
249
86
53
150
28
77
156
183
36
246
83
39
32
160
120
116
188
231
83
144
11
89
213
62
178
105
111
77
30
130
159
32
207
261
26
51
255
164
234
86
37
78
90
30
24
114
216
26
168
69
84
170
291
50
264
96
81
117
237
22
129
136
160
264
66
148
Maximum inventory capacity per item
108
42
60
360
120
225
294
210
44
164
154
328
320
72
20
140
204
24
270
208
156
33
380
184
183
160
158
52
66
116
36
240
186
46
100
50
40
246
60
364
100
92
26
152
44
70
252
240
320
48
44
44
182
78
297
219
74
96
44
194
228
140
126
198
54
258
153
252
312
156
60
260
102
144
282
156
348
96
45
344
99
42
219
116
332
172
106
225
56
154
234
244
48
328
166
52
48
240
180
174
282
308
166
216
22
178
284
93
267
140
148
154
60
195
212
64
276
348
39
102
340
246
312
172
74
156
120
40
48
152
288
39
252
92
112
255
388
100
352
128
108
156
316
33
172
204
240
352
88
222
Reserve storage replenishment rate per item and per period
162	0	0	162	0	0	
126	0	0	126	0	0	
180	0	0	180	0	0	
540	0	0	540	0	0	
360	0	0	360	0	0	
450	0	0	450	0	0	
588	0	0	588	0	0	
420	0	0	420	0	0	
132	0	0	132	0	0	
246	0	0	246	0	0	
462	0	0	462	0	0	
492	0	0	492	0	0	
480	0	0	480	0	0	
144	0	0	144	0	0	
60	0	0	60	0	0	
210	0	0	210	0	0	
408	0	0	408	0	0	
72	0	0	72	0	0	
540	0	0	540	0	0	
312	0	0	312	0	0	
234	0	0	234	0	0	
66	0	0	66	0	0	
570	0	0	570	0	0	
552	0	0	552	0	0	
366	0	0	366	0	0	
480	0	0	480	0	0	
474	0	0	474	0	0	
156	0	0	156	0	0	
132	0	0	132	0	0	
174	0	0	174	0	0	
108	0	0	108	0	0	
360	0	0	360	0	0	
558	0	0	558	0	0	
138	0	0	138	0	0	
150	0	0	150	0	0	
150	0	0	150	0	0	
120	0	0	120	0	0	
492	0	0	492	0	0	
90	0	0	90	0	0	
546	0	0	546	0	0	
150	0	0	150	0	0	
138	0	0	138	0	0	
78	0	0	78	0	0	
456	0	0	456	0	0	
66	0	0	66	0	0	
210	0	0	210	0	0	
504	0	0	504	0	0	
480	0	0	480	0	0	
480	0	0	480	0	0	
144	0	0	144	0	0	
66	0	0	66	0	0	
132	0	0	132	0	0	
546	0	0	546	0	0	
156	0	0	156	0	0	
594	0	0	594	0	0	
438	0	0	438	0	0	
222	0	0	222	0	0	
144	0	0	144	0	0	
66	0	0	66	0	0	
582	0	0	582	0	0	
342	0	0	342	0	0	
420	0	0	420	0	0	
252	0	0	252	0	0	
396	0	0	396	0	0	
162	0	0	162	0	0	
516	0	0	516	0	0	
306	0	0	306	0	0	
378	0	0	378	0	0	
468	0	0	468	0	0	
234	0	0	234	0	0	
180	0	0	180	0	0	
390	0	0	390	0	0	
306	0	0	306	0	0	
216	0	0	216	0	0	
564	0	0	564	0	0	
468	0	0	468	0	0	
522	0	0	522	0	0	
192	0	0	192	0	0	
90	0	0	90	0	0	
516	0	0	516	0	0	
198	0	0	198	0	0	
84	0	0	84	0	0	
438	0	0	438	0	0	
348	0	0	348	0	0	
498	0	0	498	0	0	
516	0	0	516	0	0	
318	0	0	318	0	0	
450	0	0	450	0	0	
168	0	0	168	0	0	
462	0	0	462	0	0	
468	0	0	468	0	0	
366	0	0	366	0	0	
72	0	0	72	0	0	
492	0	0	492	0	0	
498	0	0	498	0	0	
78	0	0	78	0	0	
96	0	0	96	0	0	
480	0	0	480	0	0	
360	0	0	360	0	0	
348	0	0	348	0	0	
564	0	0	564	0	0	
462	0	0	462	0	0	
498	0	0	498	0	0	
432	0	0	432	0	0	
66	0	0	66	0	0	
534	0	0	534	0	0	
426	0	0	426	0	0	
186	0	0	186	0	0	
534	0	0	534	0	0	
210	0	0	210	0	0	
222	0	0	222	0	0	
462	0	0	462	0	0	
180	0	0	180	0	0	
390	0	0	390	0	0	
318	0	0	318	0	0	
192	0	0	192	0	0	
414	0	0	414	0	0	
522	0	0	522	0	0	
78	0	0	78	0	0	
306	0	0	306	0	0	
510	0	0	510	0	0	
492	0	0	492	0	0	
468	0	0	468	0	0	
516	0	0	516	0	0	
222	0	0	222	0	0	
468	0	0	468	0	0	
180	0	0	180	0	0	
60	0	0	60	0	0	
144	0	0	144	0	0	
228	0	0	228	0	0	
432	0	0	432	0	0	
78	0	0	78	0	0	
504	0	0	504	0	0	
138	0	0	138	0	0	
168	0	0	168	0	0	
510	0	0	510	0	0	
582	0	0	582	0	0	
300	0	0	300	0	0	
528	0	0	528	0	0	
192	0	0	192	0	0	
162	0	0	162	0	0	
234	0	0	234	0	0	
474	0	0	474	0	0	
66	0	0	66	0	0	
258	0	0	258	0	0	
408	0	0	408	0	0	
480	0	0	480	0	0	
528	0	0	528	0	0	
132	0	0	132	0	0	
444	0	0	444	0	0	
Forward storage demand rate per item and per period
27	23	12	19	22	27	
21	13	22	18	30	24	
30	52	54	19	44	4	
90	111	143	47	38	91	
60	35	91	32	83	29	
75	56	106	67	131	17	
98	73	166	133	106	119	
70	71	59	75	96	109	
22	26	32	21	25	28	
41	77	32	45	48	39	
77	130	77	98	47	63	
82	86	36	86	48	72	
80	78	40	75	127	19	
24	36	8	16	19	15	
10	2	12	9	2	6	
35	23	34	44	31	43	
68	31	41	102	53	113	
12	17	19	13	3	4	
90	120	87	117	73	78	
52	64	90	67	51	22	
39	17	5	37	48	55	
11	13	7	3	12	16	
95	51	97	30	163	148	
92	76	161	65	90	62	
61	16	68	97	41	46	
80	56	50	149	121	66	
79	51	79	116	6	31	
26	13	22	33	39	24	
22	29	34	13	17	19	
29	28	35	51	37	19	
18	22	26	22	9	13	
60	63	37	80	56	44	
93	92	155	145	97	83	
23	24	25	37	38	25	
25	10	25	21	35	28	
25	18	41	28	23	43	
20	30	13	16	23	7	
82	61	134	52	9	83	
15	16	4	15	11	20	
91	63	79	92	145	54	
25	5	23	11	15	17	
23	3	12	21	8	23	
13	10	11	15	19	18	
76	51	40	109	69	89	
11	9	11	18	2	4	
35	10	13	24	33	54	
84	93	118	99	56	124	
80	30	20	129	92	140	
80	80	129	93	69	104	
24	20	16	13	19	37	
11	6	9	16	9	20	
22	35	14	22	22	25	
91	65	4	106	126	77	
26	12	9	35	24	43	
99	24	129	145	92	76	
73	30	27	71	56	82	
37	44	51	24	40	25	
24	32	22	36	3	10	
11	1	14	10	6	11	
97	51	57	115	120	83	
57	27	94	58	35	23	
70	59	79	29	18	94	
42	37	69	70	22	51	
66	88	84	79	52	85	
27	45	47	24	39	11	
86	49	107	49	121	108	
51	35	68	43	72	10	
63	54	69	81	26	95	
78	101	66	132	83	136	
39	59	45	68	43	59	
30	12	6	7	37	32	
65	79	119	86	44	37	
51	84	42	65	41	21	
36	58	21	46	39	22	
94	71	42	17	105	60	
78	24	146	107	49	70	
87	7	42	79	58	89	
32	44	16	43	0	7	
15	17	20	6	17	21	
86	35	88	82	56	41	
33	31	47	21	54	58	
14	6	15	16	10	10	
73	16	47	105	95	72	
58	25	94	15	46	72	
83	76	72	108	33	91	
86	102	62	73	69	104	
53	46	67	88	52	64	
75	111	64	76	82	46	
28	37	34	25	10	32	
77	57	83	55	89	120	
78	141	53	52	69	85	
61	24	38	68	73	29	
12	12	10	16	14	13	
82	113	72	109	105	62	
83	131	152	18	87	105	
13	5	7	6	16	10	
16	12	24	11	9	3	
80	87	70	32	98	28	
60	90	60	94	41	82	
58	81	87	37	19	71	
94	60	109	72	108	130	
77	101	81	102	39	130	
83	93	75	121	57	120	
72	25	21	50	31	63	
11	15	12	9	10	11	
89	93	97	61	84	86	
71	105	82	60	44	126	
31	42	10	46	46	28	
89	115	56	65	44	82	
35	61	32	11	31	45	
37	33	29	35	26	35	
77	129	125	98	77	49	
30	33	16	26	34	51	
65	26	77	70	60	75	
53	92	46	90	54	82	
32	41	31	11	23	24	
69	79	19	69	50	133	
87	80	106	112	25	113	
13	12	18	23	5	15	
51	80	50	47	28	45	
85	52	68	124	22	51	
82	63	80	94	110	97	
78	73	139	45	58	27	
86	104	82	83	60	45	
37	18	8	38	37	36	
78	64	63	104	28	72	
30	44	30	35	33	31	
10	8	3	18	5	11	
24	21	16	16	36	19	
38	51	65	19	31	32	
72	89	67	54	50	70	
13	18	6	24	7	10	
84	55	142	50	61	117	
23	26	27	11	38	13	
28	24	30	35	29	11	
85	62	93	61	62	118	
97	18	71	110	87	41	
50	3	60	27	24	28	
88	100	68	41	82	86	
32	18	43	49	33	26	
27	29	12	28	32	33	
39	58	23	19	46	52	
79	64	89	78	58	112	
11	16	13	4	2	9	
43	6	24	47	22	60	
68	91	101	112	36	82	
80	44	82	127	92	9	
88	111	88	70	57	67	
22	23	12	20	22	0	
74	89	17	54	88	99	
Distance matrix
0	36	72	57.5	69.5	50	82	83.5	49	77	14.5	67.5	78.5	35.5	58	62	43.5	49	95.5	24	56	41	68	79.5	85.5	96.5	77	14.5	66.5	22	25	68.5	21	67	59.5	74	48.5	45.5	75	80	60.5	45	47.5	69	65	20	83.5	46	74	37	45	17	62	53	14	1	32	65	47	70.5	50	69	33	52	4.5	54.5	51.5	5	90	43	63.5	30	48	82.5	92	63	82.5	44	40.5	76.5	11	56	80	48.5	58.5	41	72	22.5	27	47.5	48	79.5	70.5	37.5	64.5	83.5	22.5	72.5	59.5	64.5	23.5	26.5	85	6	41.5	86.5	62	73	61.5	75	26	28.5	67	71.5	79.5	65.5	18	18	29.5	38	59	73	90.5	74.5	72	13.5	64.5	34	53	31	13.5	65.5	74	42.5	82	16	45.5	2	44	24	31	60	81	23	35.5	99.5	42.5	36	93.5	33	71.5	
36	0	62	51.5	59.5	14	72	79.5	25	67	45.5	61.5	50.5	31.5	36	52	39.5	25	63.5	12	48	33	64	75.5	63.5	62.5	67	25.5	52.5	14	31	60.5	27	57	29.5	70	44.5	33.5	69	74	56.5	29	41.5	65	61	36	79.5	42	70	1	19	33	58	31	30	37	28	61	43	66.5	46	35	3	48	35.5	50.5	47.5	41	54	7	59.5	26	44	78.5	72	59	66.5	40	36.5	52.5	27	52	64	44.5	54.5	37	52	41.5	37	43.5	44	59.5	66.5	26.5	60.5	75.5	33.5	66.5	39.5	44.5	24.5	37.5	79	42	22.5	72.5	58	61	57.5	59	22	24.5	47	47.5	69.5	43.5	24	46	34.5	2	25	69	58.5	70.5	68	34.5	44.5	30	41	5	44.5	61.5	40	38.5	52	22	33.5	38	30	40	33	24	63	41	31.5	69.5	21.5	32	65.5	31	67.5	
72	62	0	40.5	28.5	48	36	45.5	49	31	81.5	30.5	19.5	42.5	40	36	30.5	49	27.5	56	42	57	4	41.5	27.5	26.5	31	61.5	31.5	54	67	29.5	63	31	38.5	34	45.5	52.5	33	38	27.5	53	50.5	31	7	72	45.5	28	36	61	53	69	34	45	66	73	44	7	49	32.5	42	29	65	44	71.5	41.5	46.5	77	18	55	25.5	52	30	44.5	36	9	30.5	46	37.5	21.5	63	16	28	25.5	35.5	53	26	75.5	71	44.5	30	23.5	32.5	60.5	26.5	39.5	69.5	30.5	38.5	33.5	60.5	71.5	43	78	56.5	36.5	24	1	23.5	3	48	55.5	31	26.5	33.5	32.5	60	80	68.5	60	39	35	22.5	36.5	34	70.5	33.5	56	45	63	80.5	32.5	24	49.5	10	58	52.5	74	54	74	67	38	27	75	52.5	33.5	55.5	38	29.5	65	33.5	
57.5	51.5	40.5	0	38	37.5	50.5	56	38.5	45.5	67	40	29	28	29.5	30.5	14	38.5	42	41.5	31.5	46.5	40.5	52	42	41	45.5	47	31	39.5	52.5	39	48.5	35.5	28	46.5	31	42	47.5	52.5	33	42.5	40	41.5	37.5	57.5	56	18.5	46.5	50.5	42.5	54.5	34.5	34.5	51.5	58.5	29.5	37.5	34.5	43	27.5	18.5	50.5	29.5	57	3	34	62.5	32.5	44.5	36	37.5	20.5	55	50.5	35.5	45	31.5	23	31	48.5	28.5	42.5	21	31	38.5	30.5	65	60.5	30	20.5	38	43	50	37	54	55	45	28	7	46	59	57.5	63.5	46	51	34.5	39.5	34	37.5	33.5	41	25.5	26	48	8	45.5	69.5	58	49.5	28.5	45.5	37	47	44.5	56	7	41.5	34.5	48.5	66	38	18.5	35	30.5	43.5	42	59.5	43.5	63.5	56.5	27.5	41.5	64.5	38	48	45	23.5	44	54.5	44	
69.5	59.5	28.5	38	0	45.5	38.5	48	46.5	33.5	79	2	9	40	37.5	33.5	28	46.5	30	53.5	39.5	54.5	32.5	44	30	29	33.5	59	29	51.5	64.5	1	60.5	28.5	36	36.5	43	50	35.5	40.5	9	50.5	48	33.5	29.5	69.5	48	25.5	38.5	58.5	50.5	66.5	31.5	42.5	63.5	70.5	41.5	29.5	46.5	35	39.5	26.5	62.5	41.5	69	39	44	74.5	20.5	52.5	28	49.5	27.5	47	38.5	27.5	33	43.5	35	7	60.5	20.5	30.5	23	33	50.5	23.5	73	68.5	42	27.5	26	35	58	29	42	67	33	36	31	58	69	45.5	75.5	54	39	26.5	27.5	26	25.5	45.5	53	28.5	24	36	30	57.5	77.5	66	57.5	36.5	37.5	25	39	36.5	68	31	53.5	42.5	60.5	78	4	21.5	47	18.5	55.5	50	71.5	51.5	71.5	64.5	35.5	29.5	72.5	50	36	53	35.5	32	62.5	36	
50	14	48	37.5	45.5	0	58	71.5	11	53	35.5	47.5	36.5	39.5	22	38	51.5	11	49.5	26	34	19	52	75.5	49.5	48.5	53	35.5	38.5	28	25	46.5	29	43	15.5	56	36.5	19.5	55	60	54.5	15	27.5	61	55	30	71.5	54	76	13	5	33	48	17	36	49	38	55	33	74.5	40	21	17	38	45.5	40.5	33.5	45	40	7	61.5	30	52	72.5	58	57	52.5	36	44.5	38.5	39	64	50	56.5	46.5	29	38	27.5	23	37.5	52	45.5	54.5	12.5	70.5	61.5	27.5	52.5	25.5	30.5	26.5	23.5	65	44	8.5	58.5	68	47	63.5	45	34	26.5	33	33.5	55.5	29.5	32	32	20.5	12	11	57	44.5	60.5	68	36.5	30.5	26	27	19	36.5	49.5	26	32.5	38	34	19.5	48	16	26	19	10	49	27	29.5	55.5	7.5	44	51.5	17	73.5	
82	72	36	50.5	38.5	58	0	35.5	59	31	91.5	40.5	29.5	52.5	50	46	40.5	59	17.5	66	52	67	40	31.5	22.5	16.5	31	71.5	41.5	64	77	39.5	73	41	48.5	34	55.5	62.5	33	2	37.5	63	60.5	31	37	82	35.5	38	26	71	63	79	44	55	76	83	54	37	59	22.5	52	39	75	54	81.5	51.5	56.5	87	18	65	30.5	62	40	34.5	26	35	25.5	56	47.5	31.5	73	28	28	35.5	45.5	63	36	85.5	81	54.5	40	28.5	37.5	70.5	21.5	29.5	79.5	35.5	48.5	43.5	70.5	81.5	33	88	66.5	26.5	24	35	28.5	33	58	65.5	41	36.5	28.5	42.5	70	90	78.5	70	49	35	17.5	31.5	10	80.5	43.5	66	55	73	90.5	42.5	34	59.5	26	68	62.5	84	64	84	77	48	27	85	62.5	23.5	65.5	48	19.5	75	23.5	
83.5	79.5	45.5	56	48	71.5	35.5	0	72.5	40.5	93	46	43	54	63.5	55.5	42	72.5	26	67.5	59.5	74.5	41.5	4	36	25	40.5	73	55	65.5	78.5	47	74.5	50.5	62	37.5	57	74	38.5	33.5	39	76.5	66	32.5	38.5	83.5	0	39.5	17.5	80.5	76.5	80.5	45.5	68.5	77.5	84.5	55.5	38.5	60.5	19	53.5	52.5	76.5	55.5	83	53	60	88.5	31.5	78.5	32	63.5	41.5	1	29.5	36.5	39	57.5	49	45	74.5	29.5	41.5	37	47	64.5	49.5	99	90.5	56	41.5	42	39	84	23	32	81	41	62	57	72	85	28.5	89.5	80	35	25.5	46.5	30	46.5	59.5	67	54.5	50	38	56	71.5	101.5	92	81.5	62.5	36.5	31	33	25.5	82	57	67.5	66.5	74.5	92	44	47.5	61	39.5	69.5	74	85.5	77.5	97.5	90.5	61.5	40.5	98.5	64	16	79	49.5	28	86.5	20	
49	25	49	38.5	46.5	11	59	72.5	0	54	46.5	48.5	37.5	34.5	23	39	42.5	0	50.5	33	35	8	53	76.5	50.5	49.5	54	38.5	39.5	31	36	47.5	40	44	16.5	57	37.5	20.5	56	61	55.5	4	28.5	62	56	41	72.5	45	73	24	16	44	49	18	43	50	31	56	34	69.5	41	22	28	39	48.5	41.5	34.5	54	41	18	62.5	19	47	73.5	59	58	53.5	37	39.5	39.5	40	55	51	47.5	47.5	30	39	38.5	34	38.5	47	46.5	55.5	23.5	63.5	62.5	38.5	53.5	26.5	31.5	37.5	34.5	66	55	19.5	59.5	61	48	60.5	46	23	32.5	34	34.5	56.5	30.5	37	43	31.5	23	12	58	45.5	61.5	69	47.5	31.5	15	28	30	47.5	50.5	27	33.5	39	35	20.5	51	5	37	30	11	50	38	30.5	56.5	18.5	35	52.5	28	70.5	
77	67	31	45.5	33.5	53	31	40.5	54	0	86.5	35.5	24.5	47.5	45	41	35.5	54	22.5	61	47	62	35	36.5	22.5	21.5	0	66.5	36.5	59	72	34.5	68	36	43.5	3	50.5	57.5	2	33	32.5	58	55.5	8	32	77	40.5	33	31	66	58	74	39	50	71	78	49	32	54	27.5	47	34	70	49	76.5	46.5	51.5	82	13	60	25.5	57	35	39.5	31	30	25.5	51	42.5	26.5	68	23	3	30.5	40.5	58	31	80.5	76	49.5	35	23.5	32.5	65.5	21.5	34.5	74.5	30.5	43.5	38.5	65.5	76.5	38	83	61.5	31.5	15	30	23.5	28	53	60.5	36	31.5	28.5	37.5	65	85	73.5	65	44	4	17.5	31.5	29	75.5	38.5	61	50	68	85.5	37.5	29	54.5	21	63	57.5	79	59	79	72	43	4	80	57.5	28.5	60.5	43	24.5	70	28.5	
14.5	45.5	81.5	67	79	35.5	91.5	93	46.5	86.5	0	77	72	45	57.5	71.5	53	46.5	85	33.5	65.5	50.5	77.5	89	85	84	86.5	24	74	31.5	34.5	78	30.5	76.5	51	83.5	58	55	84.5	89.5	70	50.5	57	78.5	74.5	29.5	93	55.5	83.5	46.5	30.5	26.5	71.5	52.5	23.5	15.5	41.5	74.5	56.5	80	59.5	56.5	42.5	61.5	10	64	61	19.5	75.5	42.5	73	39.5	57.5	92	93.5	72.5	88	53.5	50	74	20.5	65.5	85.5	58	68	50.5	73.5	8	36.5	57	57.5	81	80	43	74	93	32	82	61	66	33	36	94.5	20.5	39	94	71.5	82.5	71	80.5	35.5	38	68.5	69	89	65	27.5	32.5	15	47.5	46.5	82.5	80	84	81.5	23	66	43.5	62.5	40.5	1	75	61.5	52	73.5	25.5	55	16.5	51.5	26.5	24.5	45.5	84.5	27.5	45	91	28	45.5	87	42.5	81	
67.5	61.5	30.5	40	2	47.5	40.5	46	48.5	35.5	77	0	11	38	39.5	35.5	26	48.5	32	51.5	41.5	56.5	30.5	42	32	31	35.5	57	31	49.5	62.5	1	58.5	30.5	38	36.5	41	52	37.5	42.5	7	52.5	50	31.5	27.5	67.5	46	23.5	36.5	60.5	52.5	64.5	29.5	44.5	61.5	68.5	39.5	27.5	44.5	33	37.5	28.5	60.5	39.5	67	37	44	72.5	22.5	54.5	26	47.5	25.5	45	40.5	25.5	35	41.5	33	9	58.5	18.5	32.5	21	31	48.5	25.5	75	70.5	40	25.5	28	33	60	27	44	65	35	38	33	56	69	47.5	73.5	56	41	24.5	29.5	24	27.5	43.5	51	30.5	26	38	32	55.5	79.5	68	59.5	38.5	35.5	27	37	34.5	66	33	51.5	44.5	58.5	76	2	23.5	45	20.5	53.5	52	69.5	53.5	73.5	66.5	37.5	31.5	74.5	48	38	55	33.5	34	64.5	34	
78.5	50.5	19.5	29	9	36.5	29.5	43	37.5	24.5	72	11	0	49	28.5	24.5	37	37.5	21	62.5	30.5	45.5	23.5	47	21	20	24.5	68	20	60.5	61.5	10	65.5	19.5	27	27.5	38	41	26.5	31.5	18	41.5	39	32.5	26.5	66.5	43	34.5	47.5	49.5	41.5	69.5	24.5	33.5	72.5	79.5	50.5	26.5	39.5	44	36.5	17.5	53.5	34.5	78	32	35	81.5	11.5	43.5	33	56.5	36.5	44	29.5	28.5	24	42.5	44	2	69.5	29.5	21.5	32	28	45.5	14.5	64	59.5	39	36.5	17	26	49	38	33	64	24	27	22	63	60	36.5	80.5	45	30	35.5	18.5	35	16.5	54.5	58	19.5	15	27	21	66.5	68.5	57	48.5	27.5	28.5	16	32	39.5	73	22	52.5	33.5	55.5	73	13	12.5	44	9.5	64.5	41	80.5	42.5	62.5	55.5	26.5	20.5	63.5	51	27	44	44.5	23	53.5	45	
35.5	31.5	42.5	28	40	39.5	52.5	54	34.5	47.5	45	38	49	0	28.5	32.5	14	34.5	64	19.5	26.5	26.5	38.5	50	56	63	47.5	25	37	17.5	30.5	39	26.5	37.5	24	44.5	19	26	45.5	50.5	31	30.5	12	39.5	35.5	35.5	54	16.5	44.5	32.5	44.5	32.5	32.5	28.5	29.5	36.5	7.5	35.5	17.5	41	20.5	35.5	28.5	22.5	35	25	22	40.5	54.5	38.5	34	15.5	18.5	53	62.5	33.5	53	14.5	11	47	26.5	26.5	50.5	19	29	16.5	42.5	53	42.5	18	18.5	50	41	38	35	54	33	43	30	35	24	37	55.5	41.5	42	57	32.5	43.5	32	45.5	11.5	19	37.5	42	50	36	23.5	53.5	60	33.5	30.5	43.5	59	45	42.5	34	35	19.5	23.5	26.5	44	36	40.5	7	52.5	21.5	26	37.5	29.5	59.5	56.5	29.5	51.5	58.5	16	70	47	6.5	64	38.5	42	
58	36	40	29.5	37.5	22	50	63.5	23	45	57.5	39.5	28.5	28.5	0	30	31.5	23	41.5	42	26	31	44	67.5	41.5	40.5	45	47.5	30.5	40	47	38.5	49	35	12.5	48	28.5	26.5	47	52	46.5	27	24.5	53	47	52	63.5	34	62	35	27	55	40	19	52	59	30	47	11	58.5	32	13	39	30	57.5	32.5	25.5	63	32	29	51.5	38	36	64.5	50	49	44.5	14	28.5	30.5	49	44	42	36.5	38.5	31	30	49.5	45	29.5	36	37.5	46.5	34.5	52.5	53.5	49.5	44.5	17.5	22.5	46.5	45.5	57	64	30.5	50.5	50	39	49.5	37	34	41.5	25	25.5	47.5	21.5	46	54	42.5	34	13	49	36.5	52.5	60	56.5	22.5	38	5	41	58.5	41.5	18	29.5	30	44	26.5	60	28	48	41	12	41	49	36.5	47.5	29.5	22	43.5	39	59.5	
62	52	36	30.5	33.5	38	46	55.5	39	41	71.5	35.5	24.5	32.5	30	0	20.5	39	37.5	46	32	47	40	51.5	37.5	36.5	41	51.5	26.5	44	57	34.5	53	31	28.5	44	35.5	42.5	43	48	32.5	43	40.5	41	37	62	55.5	16	46	51	43	59	34	35	56	63	34	37	39	42.5	32	19	55	34	61.5	31.5	36.5	67	28	45	35.5	42	14	54.5	46	35	40.5	36	27.5	26.5	53	28	38	20.5	30.5	43	26	65.5	61	34.5	14	33.5	42.5	50.5	36.5	49.5	59.5	40.5	28.5	23.5	50.5	61.5	53	68	46.5	46.5	34	35	33.5	33	38	45.5	5	21.5	43.5	22.5	50	70	58.5	50	29	45	32.5	46.5	44	60.5	23.5	46	35	53	70.5	37.5	12	39.5	26	48	42.5	64	44	64	57	28	37	65	42.5	43.5	45.5	28	39.5	55	43.5	
43.5	39.5	30.5	14	28	51.5	40.5	42	42.5	35.5	53	26	37	14	31.5	20.5	0	42.5	54	27.5	19.5	34.5	26.5	38	44	55	35.5	33	25	25.5	38.5	27	34.5	25.5	38	32.5	17	34	33.5	38.5	19	38.5	26	27.5	23.5	43.5	42	4.5	32.5	40.5	56.5	40.5	20.5	36.5	37.5	44.5	15.5	23.5	20.5	29	13.5	32.5	36.5	15.5	43	11	20	48.5	46.5	46.5	22	23.5	6.5	41	50.5	21.5	41	17.5	9	35	34.5	14.5	38.5	7	17	24.5	30.5	61	50.5	16	6.5	38	29	46	23	42	41	31	28	21	32	45	43.5	49.5	50	45	20.5	31.5	20	33.5	19.5	27	25.5	30	38	22	31.5	61.5	68	41.5	42.5	31.5	49	33	30.5	42	21	27.5	26.5	34.5	52	24	32.5	21	40.5	29.5	34	45.5	37.5	67.5	64.5	41.5	39.5	66.5	24	58	59	9.5	52	46.5	30	
49	25	49	38.5	46.5	11	59	72.5	0	54	46.5	48.5	37.5	34.5	23	39	42.5	0	50.5	33	35	8	53	76.5	50.5	49.5	54	38.5	39.5	31	36	47.5	40	44	16.5	57	37.5	20.5	56	61	55.5	4	28.5	62	56	41	72.5	45	73	24	16	44	49	18	43	50	31	56	34	69.5	41	22	28	39	48.5	41.5	34.5	54	41	18	62.5	19	47	73.5	59	58	53.5	37	39.5	39.5	40	55	51	47.5	47.5	30	39	38.5	34	38.5	47	46.5	55.5	23.5	63.5	62.5	38.5	53.5	26.5	31.5	37.5	34.5	66	55	19.5	59.5	61	48	60.5	46	23	32.5	34	34.5	56.5	30.5	37	43	31.5	23	12	58	45.5	61.5	69	47.5	31.5	15	28	30	47.5	50.5	27	33.5	39	35	20.5	51	5	37	30	11	50	38	30.5	56.5	18.5	35	52.5	28	70.5	
95.5	63.5	27.5	42	30	49.5	17.5	26	50.5	22.5	85	32	21	64	41.5	37.5	54	50.5	0	75.5	43.5	58.5	31.5	30	14	1	22.5	85	33	77.5	74.5	31	78.5	32.5	40	25.5	51	54	24.5	19.5	39	54.5	52	30.5	34.5	79.5	26	51.5	30.5	62.5	54.5	82.5	37.5	46.5	85.5	96.5	67.5	34.5	52.5	25	49.5	30.5	66.5	47.5	95	45	48	94.5	9.5	56.5	36	69.5	51.5	27	12.5	36.5	17	55.5	59	23	86.5	41.5	19.5	49	41	58.5	27.5	77	72.5	52	51.5	20	29	62	35	12	77	27	40	35	76	73	19.5	93.5	58	9	37.5	26.5	38	24.5	71.5	71	32.5	28	20	34	81.5	81.5	70	61.5	40.5	26.5	9	25	27.5	86	35	65.5	46.5	68.5	86	34	25.5	57	17.5	81.5	54	97.5	55.5	75.5	68.5	39.5	18.5	76.5	64	10	57	61.5	2	66.5	24	
24	12	56	41.5	53.5	26	66	67.5	33	61	33.5	51.5	62.5	19.5	42	46	27.5	33	75.5	0	40	25	52	63.5	69.5	74.5	61	13.5	50.5	2	19	52.5	15	51	41.5	58	32.5	29.5	59	64	44.5	29	31.5	53	49	24	67.5	30	58	13	31	21	46	37	18	25	16	49	31	54.5	34	47	9	36	23.5	38.5	35.5	29	66	19	47.5	14	32	66.5	76	47	66.5	28	24.5	60.5	15	40	64	32.5	42.5	25	56	41.5	31	31.5	32	63.5	54.5	26.5	48.5	67.5	21.5	56.5	43.5	48.5	12.5	25.5	69	30	30.5	70.5	46	57	45.5	59	10	12.5	51	55.5	63.5	49.5	12	42	46.5	14	37	57	70.5	58.5	56	22.5	48.5	18	37	7	32.5	49.5	52	26.5	64	10	29.5	26	28	48	45	36	65	47	19.5	81.5	33.5	20	77.5	27	55.5	
56	48	42	31.5	39.5	34	52	59.5	35	47	65.5	41.5	30.5	26.5	26	32	19.5	35	43.5	40	0	43	44	55.5	43.5	42.5	47	45.5	32.5	38	51	40.5	47	37	24.5	50	29.5	38.5	49	54	36.5	39	36.5	45	41	56	59.5	22	50	47	39	53	38	31	50	57	28	41	33	46.5	6	13	49	4	55.5	30.5	32.5	61	34	41	39.5	36	24	58.5	52	39	46.5	30	21.5	32.5	47	32	44	24.5	34.5	37	32	61.5	57	28.5	24	39.5	46.5	46.5	40.5	55.5	53.5	46.5	24.5	24.5	44.5	57.5	59	62	42.5	52.5	38	41	37.5	39	32	39.5	27	27.5	49.5	23.5	44	66	54.5	46	25	49	38.5	50.5	48	54.5	24.5	40	31	47	64.5	41.5	20	33.5	32	42	38.5	58	40	60	53	24	43	61	36.5	49.5	41.5	22	45.5	51	47.5	
41	33	57	46.5	54.5	19	67	74.5	8	62	50.5	56.5	45.5	26.5	31	47	34.5	8	58.5	25	43	0	59	70.5	58.5	57.5	62	30.5	47.5	23	36	55.5	32	52	24.5	65	39.5	28.5	64	69	51.5	4	36.5	60	56	41	74.5	37	65	32	24	38	53	26	35	42	23	56	38	61.5	41	30	34	43	40.5	45.5	42.5	46	49	26	54.5	11	39	73.5	67	54	61.5	35	31.5	47.5	32	47	59	39.5	49.5	32	47	46.5	42	38.5	39	54.5	61.5	31.5	55.5	70.5	38.5	61.5	34.5	39.5	29.5	42.5	74	47	27.5	67.5	53	56	52.5	54	15	24.5	42	42.5	64.5	38.5	29	51	39.5	31	20	64	53.5	65.5	63	39.5	39.5	7	36	32	49.5	56.5	35	33.5	47	27	28.5	43	3	45	38	19	58	46	26.5	64.5	26.5	27	60.5	36	62.5	
68	64	4	40.5	32.5	52	40	41.5	53	35	77.5	30.5	23.5	38.5	44	40	26.5	53	31.5	52	44	59	0	37.5	31.5	30.5	35	57.5	35.5	50	63	31.5	59	35	42.5	32	41.5	56.5	33	38	23.5	57	50.5	27	3	68	41.5	24	32	65	57	65	30	49	62	69	40	3	45	28.5	38	33	61	40	67.5	37.5	44.5	73	22	59	21.5	48	26	40.5	40	5	34.5	42	33.5	25.5	59	12	32	21.5	31.5	49	30	79.5	75	40.5	26	27.5	28.5	64.5	22.5	41.5	65.5	30.5	42.5	37.5	56.5	69.5	43	74	60.5	40.5	20	5	19.5	7	44	51.5	35	30.5	37.5	36.5	56	84	72.5	64	43	31	26.5	32.5	30	66.5	37.5	52	49	59	76.5	28.5	28	45.5	14	54	56.5	70	58	78	71	42	31	79	48.5	37.5	59.5	34	33.5	69	29.5	
79.5	75.5	41.5	52	44	75.5	31.5	4	76.5	36.5	89	42	47	50	67.5	51.5	38	76.5	30	63.5	55.5	70.5	37.5	0	40	29	36.5	69	51	61.5	74.5	43	70.5	46.5	66	33.5	53	70	34.5	29.5	35	74.5	62	28.5	34.5	79.5	4	35.5	13.5	76.5	80.5	76.5	41.5	72.5	73.5	80.5	51.5	34.5	56.5	15	49.5	56.5	72.5	51.5	79	49	56	84.5	35.5	82.5	28	59.5	37.5	3	31.5	32.5	37	53.5	45	49	70.5	25.5	39.5	33	43	60.5	51.5	97	86.5	52	37.5	44	35	82	19	28	77	37	64	59	68	81	24.5	85.5	84	31	21.5	42.5	26	44.5	55.5	63	56.5	54	34	60	67.5	97.5	96	77.5	66.5	32.5	35	29	21.5	78	59	63.5	62.5	70.5	88	40	51.5	57	43.5	65.5	70	81.5	73.5	101.5	94.5	65.5	40.5	102.5	60	20	83	45.5	32	82.5	16	
85.5	63.5	27.5	42	30	49.5	22.5	36	50.5	22.5	85	32	21	56	41.5	37.5	44	50.5	14	69.5	43.5	58.5	31.5	40	0	13	22.5	75	33	67.5	74.5	31	76.5	32.5	40	25.5	51	54	24.5	24.5	39	54.5	52	30.5	34.5	79.5	36	41.5	34.5	62.5	54.5	82.5	37.5	46.5	79.5	86.5	57.5	34.5	52.5	31	49.5	30.5	66.5	47.5	85	45	48	90.5	9.5	56.5	34	65.5	43.5	37	22.5	36.5	3	55.5	51	23	76.5	31.5	19.5	39	41	58.5	27.5	77	72.5	52	43.5	20	29	62	21	26	77	27	40	35	74	73	29.5	91.5	58	23	27.5	26.5	32	24.5	61.5	69	32.5	28	6	34	73.5	81.5	70	61.5	40.5	26.5	5	11	32.5	84	35	65.5	46.5	68.5	86	34	25.5	57	17.5	71.5	54	87.5	55.5	75.5	68.5	39.5	18.5	76.5	64	20	57	51.5	16	66.5	32	
96.5	62.5	26.5	41	29	48.5	16.5	25	49.5	21.5	84	31	20	63	40.5	36.5	55	49.5	1	74.5	42.5	57.5	30.5	29	13	0	21.5	84	32	76.5	73.5	30	77.5	31.5	39	24.5	50	53	23.5	18.5	38	53.5	51	29.5	33.5	78.5	25	52.5	29.5	61.5	53.5	81.5	36.5	45.5	84.5	97.5	66.5	33.5	51.5	26	48.5	29.5	65.5	46.5	94	44	47	93.5	8.5	55.5	35	68.5	50.5	26	11.5	35.5	16	54.5	58	22	87.5	42.5	18.5	50	40	57.5	26.5	76	71.5	51	50.5	19	28	61	34	13	76	26	39	34	75	72	18.5	92.5	57	10	36.5	25.5	37	23.5	72.5	70	31.5	27	19	33	80.5	80.5	69	60.5	39.5	25.5	8	24	26.5	85	34	64.5	45.5	67.5	85	33	24.5	56	16.5	82.5	53	96.5	54.5	74.5	67.5	38.5	17.5	75.5	63	9	56	62.5	3	65.5	25	
77	67	31	45.5	33.5	53	31	40.5	54	0	86.5	35.5	24.5	47.5	45	41	35.5	54	22.5	61	47	62	35	36.5	22.5	21.5	0	66.5	36.5	59	72	34.5	68	36	43.5	3	50.5	57.5	2	33	32.5	58	55.5	8	32	77	40.5	33	31	66	58	74	39	50	71	78	49	32	54	27.5	47	34	70	49	76.5	46.5	51.5	82	13	60	25.5	57	35	39.5	31	30	25.5	51	42.5	26.5	68	23	3	30.5	40.5	58	31	80.5	76	49.5	35	23.5	32.5	65.5	21.5	34.5	74.5	30.5	43.5	38.5	65.5	76.5	38	83	61.5	31.5	15	30	23.5	28	53	60.5	36	31.5	28.5	37.5	65	85	73.5	65	44	4	17.5	31.5	29	75.5	38.5	61	50	68	85.5	37.5	29	54.5	21	63	57.5	79	59	79	72	43	4	80	57.5	28.5	60.5	43	24.5	70	28.5	
14.5	25.5	61.5	47	59	35.5	71.5	73	38.5	66.5	24	57	68	25	47.5	51.5	33	38.5	85	13.5	45.5	30.5	57.5	69	75	84	66.5	0	56	11.5	14.5	58	10.5	56.5	49	63.5	38	35	64.5	69.5	50	34.5	37	58.5	54.5	14.5	73	35.5	63.5	26.5	30.5	11.5	51.5	42.5	8.5	15.5	21.5	54.5	36.5	60	39.5	56.5	22.5	41.5	14	44	41	19.5	75.5	32.5	53	19.5	37.5	72	81.5	52.5	72	33.5	30	66	5.5	45.5	69.5	38	48	30.5	61.5	32	21.5	37	37.5	69	60	27	54	73	8	62	49	54	13	12	74.5	20.5	31	76	51.5	62.5	51	64.5	15.5	18	56.5	61	69	55	7.5	32.5	39	27.5	46.5	62.5	80	64	61.5	13	54	23.5	42.5	20.5	23	55	61.5	32	71.5	5.5	35	16.5	33.5	38.5	35.5	45.5	70.5	37.5	25	89	28	25.5	83	22.5	61	
66.5	52.5	31.5	31	29	38.5	41.5	55	39.5	36.5	74	31	20	37	30.5	26.5	25	39.5	33	50.5	32.5	47.5	35.5	51	33	32	36.5	56	0	48.5	61.5	30	57.5	26.5	29	39.5	40	43	38.5	43.5	32	43.5	41	40.5	36.5	66.5	55	22.5	45.5	51.5	43.5	63.5	31.5	35.5	60.5	67.5	38.5	36.5	41.5	42	36.5	19.5	55.5	36.5	66	34	37	71.5	23.5	45.5	35	46.5	24.5	54	41.5	34.5	36	40.5	32	22	57.5	27.5	33.5	18	8	47.5	21.5	66	61.5	39	24.5	29	38	51	36	45	64	36	29	24	55	62	48.5	72.5	47	42	33.5	30.5	33	28.5	42.5	50	21.5	5	39	23	54.5	70.5	59	50.5	29.5	40.5	28	44	43.5	65	24	50.5	35.5	57.5	75	33	14.5	44	21.5	52.5	43	68.5	44.5	64.5	57.5	28.5	32.5	65.5	47	39	46	32.5	35	55.5	43	
22	14	54	39.5	51.5	28	64	65.5	31	59	31.5	49.5	60.5	17.5	40	44	25.5	31	77.5	2	38	23	50	61.5	67.5	76.5	59	11.5	48.5	0	17	50.5	13	49	41.5	56	30.5	27.5	57	62	42.5	27	29.5	51	47	22	65.5	28	56	15	33	19	44	35	16	23	14	47	29	52.5	32	49	11	34	21.5	36.5	33.5	27	68	21	45.5	12	30	64.5	74	45	64.5	26	22.5	58.5	13	38	62	30.5	40.5	23	54	39.5	29	29.5	30	61.5	52.5	24.5	46.5	65.5	19.5	54.5	41.5	46.5	10.5	23.5	67	28	28.5	68.5	44	55	43.5	57	8	10.5	49	53.5	61.5	47.5	10	40	46.5	16	39	55	72.5	56.5	54	20.5	46.5	16	35	9	30.5	47.5	54	24.5	64	8	27.5	24	26	46	43	38	63	45	17.5	81.5	35.5	18	75.5	25	53.5	
25	31	67	52.5	64.5	25	77	78.5	36	72	34.5	62.5	61.5	30.5	47	57	38.5	36	74.5	19	51	36	63	74.5	74.5	73.5	72	14.5	61.5	17	0	63.5	4	62	40.5	69	43.5	40.5	70	75	55.5	40	42.5	64	60	25	78.5	41	69	32	20	22	57	42	19	26	27	60	42	65.5	45	46	28	47	24.5	49.5	46.5	30	65	32	58.5	25	43	77.5	83	58	77.5	39	35.5	63.5	16	51	75	43.5	53.5	36	63	42.5	32	42.5	43	70.5	65.5	32.5	59.5	78.5	22.5	67.5	50.5	55.5	18.5	26.5	80	31	28.5	81.5	57	68	56.5	70	21	23.5	58	58.5	74.5	54.5	7	43	35.5	33	36	68	69.5	69.5	67	23.5	55.5	29	48	26	33.5	60.5	51	37.5	63	9	40.5	27	39	41	34	35	74	42	30.5	80.5	22.5	31	76.5	8	66.5	
68.5	60.5	29.5	39	1	46.5	39.5	47	47.5	34.5	78	1	10	39	38.5	34.5	27	47.5	31	52.5	40.5	55.5	31.5	43	31	30	34.5	58	30	50.5	63.5	0	59.5	29.5	37	37.5	42	51	36.5	41.5	8	51.5	49	32.5	28.5	68.5	47	24.5	37.5	59.5	51.5	65.5	30.5	43.5	62.5	69.5	40.5	28.5	45.5	34	38.5	27.5	61.5	40.5	68	38	45	73.5	21.5	53.5	27	48.5	26.5	46	39.5	26.5	34	42.5	34	8	59.5	19.5	31.5	22	32	49.5	24.5	74	69.5	41	26.5	27	34	59	28	43	66	34	37	32	57	70	46.5	74.5	55	40	25.5	28.5	25	26.5	44.5	52	29.5	25	37	31	56.5	78.5	67	58.5	37.5	36.5	26	38	35.5	67	32	52.5	43.5	59.5	77	3	22.5	46	19.5	54.5	51	70.5	52.5	72.5	65.5	36.5	30.5	73.5	49	37	54	34.5	33	63.5	35	
21	27	63	48.5	60.5	29	73	74.5	40	68	30.5	58.5	65.5	26.5	49	53	34.5	40	78.5	15	47	32	59	70.5	76.5	77.5	68	10.5	57.5	13	4	59.5	0	58	44.5	65	39.5	36.5	66	71	51.5	36	38.5	60	56	21	74.5	37	65	28	24	18	53	44	15	22	23	56	38	61.5	41	50	24	43	20.5	45.5	42.5	26	69	34	54.5	21	39	73.5	83	54	73.5	35	31.5	67.5	12	47	71	39.5	49.5	32	63	38.5	28	38.5	39	70.5	61.5	28.5	55.5	74.5	18.5	63.5	50.5	55.5	14.5	22.5	76	27	32.5	77.5	53	64	52.5	66	17	19.5	58	62.5	70.5	56.5	3	39	39.5	29	40	64	73.5	65.5	63	19.5	55.5	25	44	22	29.5	56.5	55	33.5	67	5	36.5	23	35	45	38	39	72	44	26.5	84.5	26.5	27	80.5	12	62.5	
67	57	31	35.5	28.5	43	41	50.5	44	36	76.5	30.5	19.5	37.5	35	31	25.5	44	32.5	51	37	52	35	46.5	32.5	31.5	36	56.5	26.5	49	62	29.5	58	0	33.5	39	40.5	47.5	38	43	27.5	48	45.5	36	32	67	50.5	23	41	56	48	64	5	40	61	68	39	32	44	37.5	37	24	60	39	66.5	36.5	41.5	72	23	50	30.5	47	25	49.5	41	30	35.5	41	32.5	21.5	58	23	33	20.5	30.5	48	5	70.5	66	39.5	25	28.5	37.5	55.5	31.5	44.5	64.5	35.5	33.5	28.5	55.5	66.5	48	73	51.5	41.5	29	30	28.5	28	43	50.5	26	21.5	38.5	27.5	55	75	63.5	55	34	40	27.5	41.5	39	65.5	28.5	51	40	58	75.5	32.5	19	44.5	21	53	47.5	69	49	69	62	33	32	70	47.5	38.5	50.5	33	34.5	60	38.5	
59.5	29.5	38.5	28	36	15.5	48.5	62	16.5	43.5	51	38	27	24	12.5	28.5	38	16.5	40	41.5	24.5	24.5	42.5	66	40	39	43.5	49	29	41.5	40.5	37	44.5	33.5	0	46.5	27	20	45.5	50.5	45	20.5	12	51.5	45.5	45.5	62	40.5	66.5	28.5	20.5	48.5	38.5	12.5	51.5	60.5	31.5	45.5	23.5	65	30.5	11.5	32.5	28.5	59	31	24	60.5	30.5	22.5	52	35.5	42.5	63	48.5	47.5	43	26.5	35	29	50.5	50.5	40.5	43	37	24.5	28.5	43	38.5	28	42.5	36	45	28	59	52	43	43	16	21	42	39	55.5	59.5	24	49	56.5	37.5	54	35.5	35.5	37	23.5	24	46	20	47.5	47.5	36	27.5	6.5	47.5	35	51	58.5	52	21	31.5	17.5	34.5	52	40	16.5	17	28.5	45.5	20	61.5	21.5	41.5	34.5	5.5	39.5	42.5	30	46	23	30.5	42	32.5	64	
74	70	34	46.5	36.5	56	34	37.5	57	3	83.5	36.5	27.5	44.5	48	44	32.5	57	25.5	58	50	65	32	33.5	25.5	24.5	3	63.5	39.5	56	69	37.5	65	39	46.5	0	47.5	60.5	1	34	29.5	61	56.5	5	29	74	37.5	30	28	69	61	71	36	53	68	75	46	29	51	24.5	44	37	67	46	73.5	43.5	50.5	79	16	63	22.5	54	32	36.5	34	27	28.5	48	39.5	29.5	65	20	6	27.5	37.5	55	34	83.5	79	46.5	32	26.5	29.5	68.5	18.5	37.5	71.5	31.5	46.5	41.5	62.5	75.5	39	80	64.5	34.5	12	33	20.5	31	50	57.5	39	34.5	31.5	40.5	62	88	76.5	68	47	1	20.5	28.5	26	72.5	41.5	58	53	65	82.5	34.5	32	51.5	24	60	60.5	76	62	82	75	46	7	83	54.5	31.5	63.5	40	27.5	73	25.5	
48.5	44.5	45.5	31	43	36.5	55.5	57	37.5	50.5	58	41	38	19	28.5	35.5	17	37.5	51	32.5	29.5	39.5	41.5	53	51	50	50.5	38	40	30.5	43.5	42	39.5	40.5	27	47.5	0	39	48.5	53.5	34	41.5	31	42.5	38.5	48.5	57	19.5	47.5	45.5	41.5	45.5	35.5	33.5	42.5	49.5	20.5	38.5	25.5	44	23.5	22.5	41.5	25.5	48	28	3	53.5	41.5	43.5	37	28.5	21.5	56	59.5	36.5	54	22.5	8	40	39.5	29.5	51.5	22	32	29.5	39.5	64	55.5	1	21.5	47	44	49	38	57	46	46	11	32	37	50	58.5	54.5	45	60	35.5	46.5	35	46.5	24.5	32	34.5	35	53	31	36.5	66.5	57	46.5	27.5	46.5	46	48	45.5	47	32	32.5	31.5	39.5	57	39	27.5	26	39.5	34.5	39	50.5	42.5	62.5	55.5	26.5	50.5	63.5	29	57	44	14.5	53	51.5	45	
45.5	33.5	52.5	42	50	19.5	62.5	74	20.5	57.5	55	52	41	26	26.5	42.5	34	20.5	54	29.5	38.5	28.5	56.5	70	54	53	57.5	35	43	27.5	40.5	51	36.5	47.5	20	60.5	39	0	59.5	64.5	51	24.5	32	59.5	55.5	45.5	74	36.5	64.5	32.5	24.5	42.5	52.5	21.5	39.5	46.5	22.5	55.5	37.5	61	40.5	25.5	36.5	42.5	45	45	38	50.5	44.5	26.5	54	25.5	38.5	73	62.5	53.5	57	34.5	31	43	36.5	46.5	54.5	39	49	31.5	42.5	47	42.5	38	38.5	50	59	32	55	66	43	57	30	35	34	43	69.5	51.5	28	63	52.5	51.5	52	49.5	21.5	29	37.5	38	60	34	33.5	51.5	40	31.5	15.5	61.5	49	65	62.5	44	35	29.5	31.5	36.5	54	54	30.5	33	42.5	31.5	0	47.5	25.5	45.5	38.5	14.5	53.5	46.5	10	60	27	26.5	56	36.5	62	
75	69	33	47.5	35.5	55	33	38.5	56	2	84.5	37.5	26.5	45.5	47	43	33.5	56	24.5	59	49	64	33	34.5	24.5	23.5	2	64.5	38.5	57	70	36.5	66	38	45.5	1	48.5	59.5	0	35	30.5	60	57.5	6	30	75	38.5	31	29	68	60	72	37	52	69	76	47	30	52	25.5	45	36	68	47	74.5	44.5	51.5	80	15	62	23.5	55	33	37.5	33	28	27.5	49	40.5	28.5	66	21	5	28.5	38.5	56	33	82.5	78	47.5	33	25.5	30.5	67.5	19.5	36.5	72.5	32.5	45.5	40.5	63.5	76.5	40	81	63.5	33.5	13	32	21.5	30	51	58.5	38	33.5	30.5	39.5	63	87	75.5	67	46	2	19.5	29.5	27	73.5	40.5	59	52	66	83.5	35.5	31	52.5	23	61	59.5	77	61	81	74	45	6	82	55.5	30.5	62.5	41	26.5	72	26.5	
80	74	38	52.5	40.5	60	2	33.5	61	33	89.5	42.5	31.5	50.5	52	48	38.5	61	19.5	64	54	69	38	29.5	24.5	18.5	33	69.5	43.5	62	75	41.5	71	43	50.5	34	53.5	64.5	35	0	35.5	65	62.5	29	35	80	33.5	36	24	73	65	77	42	57	74	81	52	35	57	20.5	50	41	73	52	79.5	49.5	56.5	85	20	67	28.5	60	38	32.5	28	33	27.5	54	45.5	33.5	71	26	30	33.5	43.5	61	38	87.5	83	52.5	38	30.5	35.5	72.5	19.5	31.5	77.5	37.5	50.5	45.5	68.5	81.5	35	86	68.5	28.5	22	37	26.5	35	56	63.5	43	38.5	30.5	44.5	68	92	80.5	72	51	33	19.5	29.5	8	78.5	45.5	64	57	71	88.5	40.5	36	57.5	28	66	64.5	82	66	86	79	50	29	87	60.5	25.5	67.5	46	21.5	77	21.5	
60.5	56.5	27.5	33	9	54.5	37.5	39	55.5	32.5	70	7	18	31	46.5	32.5	19	55.5	39	44.5	36.5	51.5	23.5	35	39	38	32.5	50	32	42.5	55.5	8	51.5	27.5	45	29.5	34	51	30.5	35.5	0	55.5	43	24.5	20.5	60.5	39	16.5	29.5	57.5	59.5	57.5	22.5	51.5	54.5	61.5	32.5	20.5	37.5	26	30.5	35.5	53.5	32.5	60	30	37	65.5	29.5	61.5	19	40.5	18.5	38	47.5	18.5	38	34.5	26	16	51.5	11.5	35.5	14	24	41.5	32.5	78	67.5	33	18.5	35	26	63	20	39	58	28	45	40	49	62	40.5	66.5	63	42	17.5	28.5	17	30.5	36.5	44	37.5	33	35	39	48.5	78.5	75	58.5	45.5	28.5	34	30	27.5	59	40	44.5	43.5	51.5	69	5	30.5	38	27.5	46.5	51	62.5	54.5	80.5	73.5	44.5	36.5	81.5	41	45	62	26.5	41	63.5	27	
45	29	53	42.5	50.5	15	63	76.5	4	58	50.5	52.5	41.5	30.5	27	43	38.5	4	54.5	29	39	4	57	74.5	54.5	53.5	58	34.5	43.5	27	40	51.5	36	48	20.5	61	41.5	24.5	60	65	55.5	0	32.5	64	60	45	76.5	41	69	28	20	42	53	22	39	46	27	60	38	65.5	45	26	32	43	44.5	45.5	38.5	50	45	22	58.5	15	43	77.5	63	58	57.5	39	35.5	43.5	36	51	55	43.5	51.5	34	43	42.5	38	42.5	43	50.5	59.5	27.5	59.5	66.5	42.5	57.5	30.5	35.5	33.5	38.5	70	51	23.5	63.5	57	52	56.5	50	19	28.5	38	38.5	60.5	34.5	33	47	35.5	27	16	62	49.5	65.5	67	43.5	35.5	11	32	34	51.5	54.5	31	37.5	43	31	24.5	47	1	41	34	15	54	42	30.5	60.5	22.5	31	56.5	32	66.5	
47.5	41.5	50.5	40	48	27.5	60.5	66	28.5	55.5	57	50	39	12	24.5	40.5	26	28.5	52	31.5	36.5	36.5	50.5	62	52	51	55.5	37	41	29.5	42.5	49	38.5	45.5	12	56.5	31	32	57.5	62.5	43	32.5	0	51.5	47.5	47.5	66	28.5	56.5	40.5	32.5	44.5	44.5	24.5	41.5	48.5	19.5	47.5	29.5	53	32.5	23.5	40.5	34.5	47	37	34	52.5	42.5	34.5	46	27.5	30.5	65	60.5	45.5	55	26.5	23	41	38.5	38.5	52.5	31	41	28.5	40.5	55	50.5	30	30.5	48	53	40	47	64	45	55	28	33	36	49	67.5	53.5	36	61	44.5	49.5	44	47.5	23.5	31	35.5	36	58	32	35.5	59.5	48	39.5	18.5	55.5	47	57	54.5	46	33	31.5	29.5	38.5	56	48	28.5	5	40.5	33.5	32	49.5	33.5	53.5	46.5	17.5	51.5	54.5	28	58	35	18.5	54	44.5	54	
69	65	31	41.5	33.5	61	31	32.5	62	8	78.5	31.5	32.5	39.5	53	41	27.5	62	30.5	53	45	60	27	28.5	30.5	29.5	8	58.5	40.5	51	64	32.5	60	36	51.5	5	42.5	59.5	6	29	24.5	64	51.5	0	24	69	32.5	25	23	66	66	66	31	58	63	70	41	24	46	19.5	39	42	62	41	68.5	38.5	45.5	74	21	68	17.5	49	27	31.5	39	22	31.5	43	34.5	34.5	60	15	11	22.5	32.5	50	39	86.5	76	41.5	27	31.5	24.5	71.5	13.5	32.5	66.5	26.5	51.5	46.5	57.5	70.5	34	75	69.5	35.5	7	32	15.5	34	45	52.5	44	39.5	28.5	45.5	57	87	81.5	67	52	4	25.5	23.5	21	67.5	46.5	53	52	60	77.5	29.5	37	46.5	29	55	59.5	71	63	87	80	51	12	88	49.5	36.5	68.5	35	32.5	72	20.5	
65	61	7	37.5	29.5	55	37	38.5	56	32	74.5	27.5	26.5	35.5	47	37	23.5	56	34.5	49	41	56	3	34.5	34.5	33.5	32	54.5	36.5	47	60	28.5	56	32	45.5	29	38.5	55.5	30	35	20.5	60	47.5	24	0	65	38.5	21	29	62	60	62	27	52	59	66	37	0	42	25.5	35	36	58	37	64.5	34.5	41.5	70	25	62	18.5	45	23	37.5	43	2	37.5	39	30.5	28.5	56	9	35	18.5	28.5	46	33	82.5	72	37.5	23	30.5	25.5	67.5	19.5	38.5	62.5	27.5	45.5	40.5	53.5	66.5	40	71	63.5	41.5	17	8	16.5	10	41	48.5	38	33.5	34.5	39.5	53	83	75.5	63	46	28	29.5	29.5	27	63.5	40.5	49	48	56	73.5	25.5	31	42.5	17	51	55.5	67	59	81	74	45	34	82	45.5	40.5	62.5	31	36.5	68	26.5	
20	36	72	57.5	69.5	30	82	83.5	41	77	29.5	67.5	66.5	35.5	52	62	43.5	41	79.5	24	56	41	68	79.5	79.5	78.5	77	14.5	66.5	22	25	68.5	21	67	45.5	74	48.5	45.5	75	80	60.5	45	47.5	69	65	0	83.5	46	74	37	25	3	62	47	6	21	32	65	47	70.5	50	51	33	52	19.5	54.5	51.5	25	70	37	63.5	30	48	82.5	88	63	82.5	44	40.5	68.5	9	56	80	48.5	58.5	41	68	37.5	7	47.5	48	75.5	70.5	37.5	64.5	83.5	22.5	72.5	55.5	60.5	23.5	26.5	85	26	33.5	86.5	62	73	61.5	75	26	28.5	63	63.5	79.5	59.5	18	38	30.5	38	41	73	74.5	74.5	72	18.5	60.5	34	53	31	28.5	65.5	56	42.5	68	16	45.5	22	44	36	29	40	79	37	35.5	85.5	22.5	36	81.5	33	71.5	
83.5	79.5	45.5	56	48	71.5	35.5	0	72.5	40.5	93	46	43	54	63.5	55.5	42	72.5	26	67.5	59.5	74.5	41.5	4	36	25	40.5	73	55	65.5	78.5	47	74.5	50.5	62	37.5	57	74	38.5	33.5	39	76.5	66	32.5	38.5	83.5	0	39.5	17.5	80.5	76.5	80.5	45.5	68.5	77.5	84.5	55.5	38.5	60.5	19	53.5	52.5	76.5	55.5	83	53	60	88.5	31.5	78.5	32	63.5	41.5	1	29.5	36.5	39	57.5	49	45	74.5	29.5	41.5	37	47	64.5	49.5	99	90.5	56	41.5	42	39	84	23	32	81	41	62	57	72	85	28.5	89.5	80	35	25.5	46.5	30	46.5	59.5	67	54.5	50	38	56	71.5	101.5	92	81.5	62.5	36.5	31	33	25.5	82	57	67.5	66.5	74.5	92	44	47.5	61	39.5	69.5	74	85.5	77.5	97.5	90.5	61.5	40.5	98.5	64	16	79	49.5	28	86.5	20	
46	42	28	18.5	25.5	54	38	39.5	45	33	55.5	23.5	34.5	16.5	34	16	4.5	45	51.5	30	22	37	24	35.5	41.5	52.5	33	35.5	22.5	28	41	24.5	37	23	40.5	30	19.5	36.5	31	36	16.5	41	28.5	25	21	46	39.5	0	30	43	59	43	18	39	40	47	18	21	23	26.5	16	35	39	18	45.5	15.5	22.5	51	44	49	19.5	26	2	38.5	48	19	38.5	20	11.5	32.5	37	12	36	4.5	14.5	27	28	63.5	53	18.5	2	35.5	26.5	48.5	20.5	39.5	43.5	28.5	30.5	25.5	34.5	47.5	41	52	52.5	42.5	18	29	17.5	31	22	29.5	21	27.5	35.5	26.5	34	64	70.5	44	45	29	46.5	30.5	28	44.5	25.5	30	29	37	54.5	21.5	28	23.5	38	32	36.5	48	40	70	67	44	37	69	26.5	55.5	61.5	12	49.5	49	27.5	
74	70	36	46.5	38.5	76	26	17.5	73	31	83.5	36.5	47.5	44.5	62	46	32.5	73	30.5	58	50	65	32	13.5	34.5	29.5	31	63.5	45.5	56	69	37.5	65	41	66.5	28	47.5	64.5	29	24	29.5	69	56.5	23	29	74	17.5	30	0	71	81	71	36	67	68	75	46	29	51	9.5	44	57	67	46	73.5	43.5	50.5	79	36	77	22.5	54	32	16.5	18	27	31.5	48	39.5	45.5	65	20	34	27.5	37.5	55	46	91.5	81	46.5	32	38.5	29.5	76.5	13.5	22.5	71.5	31.5	58.5	53.5	62.5	75.5	11	80	80.5	25.5	16	37	20.5	39	50	57.5	51	50.5	28.5	54.5	62	92	96.5	72	67	27	35.5	23.5	16	72.5	53.5	58	57	65	82.5	34.5	52	51.5	44	60	64.5	76	68	98	95	66	35	97	54.5	31.5	83.5	40	32.5	77	10.5	
37	1	61	50.5	58.5	13	71	80.5	24	66	46.5	60.5	49.5	32.5	35	51	40.5	24	62.5	13	47	32	65	76.5	62.5	61.5	66	26.5	51.5	15	32	59.5	28	56	28.5	69	45.5	32.5	68	73	57.5	28	40.5	66	62	37	80.5	43	71	0	18	34	59	30	31	38	29	62	44	67.5	47	34	4	49	36.5	51.5	46.5	42	53	6	60.5	27	45	79.5	71	60	65.5	41	37.5	51.5	28	53	63	45.5	55.5	38	51	40.5	36	44.5	45	58.5	67.5	25.5	61.5	74.5	34.5	65.5	38.5	43.5	25.5	36.5	78	43	21.5	71.5	59	60	58.5	58	23	25.5	46	46.5	68.5	42.5	25	45	33.5	1	24	70	57.5	71.5	69	35.5	43.5	31	40	6	45.5	62.5	39	39.5	51	23	32.5	39	29	39	32	23	62	40	32.5	68.5	20.5	33	64.5	30	68.5	
45	19	53	42.5	50.5	5	63	76.5	16	58	30.5	52.5	41.5	44.5	27	43	56.5	16	54.5	31	39	24	57	80.5	54.5	53.5	58	30.5	43.5	33	20	51.5	24	48	20.5	61	41.5	24.5	60	65	59.5	20	32.5	66	60	25	76.5	59	81	18	0	28	53	22	31	44	43	60	38	79.5	45	26	22	43	40.5	45.5	38.5	40	45	12	66.5	35	57	77.5	63	62	57.5	41	49.5	43.5	34	69	55	61.5	51.5	34	43	22.5	18	42.5	57	50.5	59.5	12.5	75.5	66.5	22.5	57.5	30.5	35.5	26.5	18.5	70	39	8.5	63.5	73	52	68.5	50	39	31.5	38	38.5	60.5	34.5	27	27	15.5	17	16	62	49.5	65.5	73	31.5	35.5	31	32	24	31.5	54.5	31	37.5	43	29	24.5	43	21	21	14	15	54	22	34.5	60.5	2.5	49	56.5	12	78.5	
17	33	69	54.5	66.5	33	79	80.5	44	74	26.5	64.5	69.5	32.5	55	59	40.5	44	82.5	21	53	38	65	76.5	82.5	81.5	74	11.5	63.5	19	22	65.5	18	64	48.5	71	45.5	42.5	72	77	57.5	42	44.5	66	62	3	80.5	43	71	34	28	0	59	50	3	18	29	62	44	67.5	47	54	30	49	16.5	51.5	48.5	22	73	40	60.5	27	45	79.5	89	60	79.5	41	37.5	71.5	6	53	77	45.5	55.5	38	69	34.5	10	44.5	45	76.5	67.5	34.5	61.5	80.5	19.5	69.5	56.5	61.5	20.5	23.5	82	23	36.5	83.5	59	70	58.5	72	23	25.5	64	66.5	76.5	62.5	15	35	33.5	35	44	70	77.5	71.5	69	15.5	61.5	31	50	28	25.5	62.5	59	39.5	71	13	42.5	19	41	39	32	43	78	40	32.5	88.5	25.5	33	84.5	30	68.5	
62	58	34	34.5	31.5	48	44	45.5	49	39	71.5	29.5	24.5	32.5	40	34	20.5	49	37.5	46	38	53	30	41.5	37.5	36.5	39	51.5	31.5	44	57	30.5	53	5	38.5	36	35.5	52.5	37	42	22.5	53	44.5	31	27	62	45.5	18	36	59	53	59	0	45	56	63	34	27	39	32.5	32	29	55	34	61.5	31.5	38.5	67	28	55	25.5	42	20	44.5	46	25	40.5	36	27.5	26.5	53	18	38	15.5	25.5	43	10	75.5	69	34.5	20	33.5	32.5	60.5	26.5	45.5	59.5	34.5	38.5	33.5	50.5	63.5	47	68	56.5	46.5	24	35	23.5	33	38	45.5	31	26.5	41.5	32.5	50	80	68.5	60	39	35	32.5	36.5	34	60.5	33.5	46	45	53	70.5	27.5	24	39.5	26	48	52.5	64	54	74	67	38	37	75	42.5	43.5	55.5	28	39.5	65	33.5	
53	31	45	34.5	42.5	17	55	68.5	18	50	52.5	44.5	33.5	28.5	19	35	36.5	18	46.5	37	31	26	49	72.5	46.5	45.5	50	42.5	35.5	35	42	43.5	44	40	12.5	53	33.5	21.5	52	57	51.5	22	24.5	58	52	47	68.5	39	67	30	22	50	45	0	47	54	21	52	30	63.5	37	18	34	35	52.5	37.5	30.5	58	37	24	56.5	33	41	69.5	55	54	49.5	33	33.5	35.5	44	49	47	41.5	43.5	12	35	44.5	40	34.5	41	42.5	51.5	29.5	57.5	58.5	44.5	49.5	22.5	27.5	41.5	40.5	62	59	25.5	55.5	55	44	54.5	42	29	36.5	30	30.5	52.5	26.5	41	49	37.5	29	6	54	41.5	57.5	65	51.5	27.5	33	24	36	53.5	46.5	23	29.5	35	39	21.5	55	23	43	36	7	46	44	31.5	52.5	24.5	29	48.5	34	64.5	
14	30	66	51.5	63.5	36	76	77.5	43	71	23.5	61.5	72.5	29.5	52	56	37.5	43	85.5	18	50	35	62	73.5	79.5	84.5	71	8.5	60.5	16	19	62.5	15	61	51.5	68	42.5	39.5	69	74	54.5	39	41.5	63	59	6	77.5	40	68	31	31	3	56	47	0	15	26	59	41	64.5	44	57	27	46	13.5	48.5	45.5	19	76	37	57.5	24	42	76.5	86	57	76.5	38	34.5	70.5	3	50	74	42.5	52.5	35	66	31.5	13	41.5	42	73.5	64.5	31.5	58.5	77.5	16.5	66.5	53.5	58.5	17.5	20.5	79	20	35.5	80.5	56	67	55.5	69	20	22.5	61	65.5	73.5	59.5	12	32	36.5	32	47	67	80.5	68.5	66	12.5	58.5	28	47	25	22.5	59.5	62	36.5	74	10	39.5	16	38	38	35	46	75	37	29.5	91.5	28.5	30	87.5	27	65.5	
1	37	73	58.5	70.5	49	83	84.5	50	78	15.5	68.5	79.5	36.5	59	63	44.5	50	96.5	25	57	42	69	80.5	86.5	97.5	78	15.5	67.5	23	26	69.5	22	68	60.5	75	49.5	46.5	76	81	61.5	46	48.5	70	66	21	84.5	47	75	38	44	18	63	54	15	0	33	66	48	71.5	51	70	34	53	5.5	55.5	52.5	4	89	44	64.5	31	49	83.5	93	64	83.5	45	41.5	77.5	12	57	81	49.5	59.5	42	73	23.5	28	48.5	49	80.5	71.5	38.5	65.5	84.5	23.5	73.5	60.5	65.5	24.5	27.5	86	5	42.5	87.5	63	74	62.5	76	27	29.5	68	72.5	80.5	66.5	19	17	30.5	39	60	74	91.5	75.5	73	14.5	65.5	35	54	32	14.5	66.5	75	43.5	83	17	46.5	1	45	23	32	59	82	22	36.5	100.5	41.5	37	94.5	34	72.5	
32	28	44	29.5	41.5	38	54	55.5	31	49	41.5	39.5	50.5	7.5	30	34	15.5	31	67.5	16	28	23	40	51.5	57.5	66.5	49	21.5	38.5	14	27	40.5	23	39	31.5	46	20.5	22.5	47	52	32.5	27	19.5	41	37	32	55.5	18	46	29	43	29	34	21	26	33	0	37	19	42.5	22	39	25	24	31.5	26.5	23.5	37	58	35	35.5	12	20	54.5	64	35	54.5	16	12.5	48.5	23	28	52	20.5	30.5	9	44	49.5	39	19.5	20	51.5	42.5	34.5	36.5	55.5	29.5	44.5	31.5	36.5	20.5	33.5	57	38	38.5	58.5	34	45	33.5	47	8	15.5	39	43.5	51.5	37.5	20	50	56.5	30	27	45	62.5	46.5	44	30.5	36.5	16	25	23	40.5	37.5	44	14.5	54	18	22.5	34	26	56	53	28	53	55	12.5	71.5	45.5	8	65.5	35	43.5	
65	61	7	37.5	29.5	55	37	38.5	56	32	74.5	27.5	26.5	35.5	47	37	23.5	56	34.5	49	41	56	3	34.5	34.5	33.5	32	54.5	36.5	47	60	28.5	56	32	45.5	29	38.5	55.5	30	35	20.5	60	47.5	24	0	65	38.5	21	29	62	60	62	27	52	59	66	37	0	42	25.5	35	36	58	37	64.5	34.5	41.5	70	25	62	18.5	45	23	37.5	43	2	37.5	39	30.5	28.5	56	9	35	18.5	28.5	46	33	82.5	72	37.5	23	30.5	25.5	67.5	19.5	38.5	62.5	27.5	45.5	40.5	53.5	66.5	40	71	63.5	41.5	17	8	16.5	10	41	48.5	38	33.5	34.5	39.5	53	83	75.5	63	46	28	29.5	29.5	27	63.5	40.5	49	48	56	73.5	25.5	31	42.5	17	51	55.5	67	59	81	74	45	34	82	45.5	40.5	62.5	31	36.5	68	26.5	
47	43	49	34.5	46.5	33	59	60.5	34	54	56.5	44.5	39.5	17.5	11	39	20.5	34	52.5	31	33	38	45	56.5	52.5	51.5	54	36.5	41.5	29	42	45.5	38	44	23.5	51	25.5	37.5	52	57	37.5	38	29.5	46	42	47	60.5	23	51	44	38	44	39	30	41	48	19	42	0	47.5	27	24	40	29	46.5	31.5	28.5	52	43	40	40.5	27	25	59.5	61	40	55.5	3	17.5	41.5	38	33	53	25.5	35.5	28	41	60.5	54	24.5	25	48.5	47.5	45.5	41.5	60.5	44.5	49.5	28.5	33.5	35.5	48.5	62	53	41.5	61.5	39	50	38.5	48	23	30.5	36	36.5	56.5	32.5	35	65	53.5	45	24	50	47.5	51.5	49	45.5	33.5	31	6	38	55.5	42.5	29	24.5	41	33	37.5	49	39	59	52	23	52	60	27.5	58.5	40.5	11	54.5	50	48.5	
70.5	66.5	32.5	43	35	74.5	22.5	19	69.5	27.5	80	33	44	41	58.5	42.5	29	69.5	25	54.5	46.5	61.5	28.5	15	31	26	27.5	60	42	52.5	65.5	34	61.5	37.5	65	24.5	44	61	25.5	20.5	26	65.5	53	19.5	25.5	70.5	19	26.5	9.5	67.5	79.5	67.5	32.5	63.5	64.5	71.5	42.5	25.5	47.5	0	40.5	55.5	63.5	42.5	70	40	47	75.5	34.5	73.5	19	50.5	28.5	18	27.5	23.5	28	44.5	36	42	61.5	16.5	30.5	24	34	51.5	42.5	88	77.5	43	28.5	35	26	73	10	13	68	28	55	50	59	72	20.5	76.5	77	16	12.5	33.5	17	35.5	46.5	54	47.5	47	25	51	58.5	88.5	95	68.5	65.5	23.5	34	20	12.5	69	50	54.5	53.5	61.5	79	31	50.5	48	42.5	56.5	61	72.5	64.5	94.5	91.5	64.5	31.5	93.5	51	35	82	36.5	23	73.5	1	
50	46	42	27.5	39.5	40	52	53.5	41	47	59.5	37.5	36.5	20.5	32	32	13.5	41	49.5	34	6	41	38	49.5	49.5	48.5	47	39.5	36.5	32	45	38.5	41	37	30.5	44	23.5	40.5	45	50	30.5	45	32.5	39	35	50	53.5	16	44	47	45	47	32	37	44	51	22	35	27	40.5	0	19	43	2	49.5	24.5	26.5	55	40	47	33.5	30	18	52.5	58	33	52.5	24	15.5	38.5	41	26	50	18.5	28.5	31	38	67.5	57	22.5	18	45.5	40.5	52.5	34.5	53.5	47.5	42.5	30.5	30.5	38.5	51.5	55	56	48.5	56.5	32	43	31.5	45	26	33.5	33	33.5	49.5	29.5	38	68	60.5	48	31	43	44.5	44.5	42	48.5	30.5	34	33	41	58.5	35.5	26	27.5	38	36	40.5	52	44	66	59	30	49	67	30.5	55.5	47.5	16	51.5	53	41.5	
69	35	29	18.5	26.5	21	39	52.5	22	34	56.5	28.5	17.5	35.5	13	19	32.5	22	30.5	47	13	30	33	56.5	30.5	29.5	34	56.5	19.5	49	46	27.5	50	24	11.5	37	22.5	25.5	36	41	35.5	26	23.5	42	36	51	52.5	35	57	34	26	54	29	18	57	70	39	36	24	55.5	19	0	38	17	66.5	21.5	19.5	66	21	28	42.5	41	33	53.5	39	38	33.5	27	30.5	19.5	60	45	31	37.5	27.5	30	19	48.5	44	23.5	33	26.5	35.5	33.5	51.5	42.5	48.5	33.5	11.5	11.5	47.5	44.5	46	65	29.5	39.5	49	28	44.5	26	45	42.5	14	14.5	36.5	10.5	53	53	41.5	33	12	38	25.5	41.5	49	57.5	11.5	37	18	40	57.5	30.5	7	28.5	19	55	25.5	69	27	47	40	11	30	48	35.5	36.5	28.5	35	32.5	38	54.5	
33	3	65	50.5	62.5	17	75	76.5	28	70	42.5	60.5	53.5	28.5	39	55	36.5	28	66.5	9	49	34	61	72.5	66.5	65.5	70	22.5	55.5	11	28	61.5	24	60	32.5	67	41.5	36.5	68	73	53.5	32	40.5	62	58	33	76.5	39	67	4	22	30	55	34	27	34	25	58	40	63.5	43	38	0	45	32.5	47.5	44.5	38	57	10	56.5	23	41	75.5	75	56	69.5	37	33.5	55.5	24	49	67	41.5	51.5	34	55	44.5	40	40.5	41	62.5	63.5	29.5	57.5	76.5	30.5	65.5	42.5	47.5	21.5	34.5	78	39	25.5	75.5	55	64	54.5	62	19	21.5	50	50.5	72.5	46.5	21	49	37.5	5	28	66	61.5	67.5	65	31.5	47.5	27	44	2	41.5	58.5	43	35.5	55	19	36.5	35	33	43	36	27	66	44	28.5	72.5	24.5	29	68.5	34	64.5	
52	48	44	29.5	41.5	38	54	55.5	39	49	61.5	39.5	34.5	22.5	30	34	15.5	39	47.5	36	4	43	40	51.5	47.5	46.5	49	41.5	36.5	34	47	40.5	43	39	28.5	46	25.5	42.5	47	52	32.5	43	34.5	41	37	52	55.5	18	46	49	43	49	34	35	46	53	24	37	29	42.5	2	17	45	0	51.5	26.5	28.5	57	38	45	35.5	32	20	54.5	56	35	50.5	26	17.5	36.5	43	28	48	20.5	30.5	33	36	65.5	59	24.5	20	43.5	42.5	50.5	36.5	55.5	49.5	44.5	28.5	28.5	40.5	53.5	57	58	46.5	56.5	34	45	33.5	43	28	35.5	31	31.5	51.5	27.5	40	70	58.5	50	29	45	42.5	46.5	44	50.5	28.5	36	35	43	60.5	37.5	24	29.5	36	38	42.5	54	44	64	57	28	47	65	32.5	53.5	45.5	18	49.5	55	43.5	
4.5	35.5	71.5	57	69	45.5	81.5	83	48.5	76.5	10	67	78	35	57.5	61.5	43	48.5	95	23.5	55.5	40.5	67.5	79	85	94	76.5	14	66	21.5	24.5	68	20.5	66.5	59	73.5	48	45	74.5	79.5	60	44.5	47	68.5	64.5	19.5	83	45.5	73.5	36.5	40.5	16.5	61.5	52.5	13.5	5.5	31.5	64.5	46.5	70	49.5	66.5	32.5	51.5	0	54	51	9.5	85.5	42.5	63	29.5	47.5	82	91.5	62.5	82	43.5	40	76	10.5	55.5	79.5	48	58	40.5	71.5	18	26.5	47	47.5	79	70	37	64	83	22	72	59	64	23	26	84.5	10.5	41	86	61.5	72.5	61	74.5	25.5	28	66.5	71	79	65	17.5	22.5	25	37.5	56.5	72.5	90	74	71.5	13	64	33.5	52.5	30.5	9	65	71.5	42	81.5	15.5	45	6.5	43.5	28.5	30.5	55.5	80.5	27.5	35	99	38	35.5	93	32.5	71	
54.5	50.5	41.5	3	39	40.5	51.5	53	41.5	46.5	64	37	32	25	32.5	31.5	11	41.5	45	38.5	30.5	45.5	37.5	49	45	44	46.5	44	34	36.5	49.5	38	45.5	36.5	31	43.5	28	45	44.5	49.5	30	45.5	37	38.5	34.5	54.5	53	15.5	43.5	51.5	45.5	51.5	31.5	37.5	48.5	55.5	26.5	34.5	31.5	40	24.5	21.5	47.5	26.5	54	0	31	59.5	35.5	47.5	33	34.5	17.5	52	53.5	32.5	48	28.5	20	34	45.5	25.5	45.5	18	28	35.5	33.5	68	61.5	27	17.5	41	40	53	34	53	52	42	31	10	43	56	54.5	60.5	49	54	31.5	42.5	31	40.5	30.5	38	28.5	29	49	11	42.5	72.5	61	52.5	31.5	42.5	40	44	41.5	53	10	38.5	37.5	45.5	63	35	21.5	32	33.5	40.5	45	56.5	46.5	66.5	59.5	30.5	44.5	67.5	35	51	48	20.5	47	57.5	41	
51.5	47.5	46.5	34	44	33.5	56.5	60	34.5	51.5	61	44	35	22	25.5	36.5	20	34.5	48	35.5	32.5	42.5	44.5	56	48	47	51.5	41	37	33.5	46.5	45	42.5	41.5	24	50.5	3	38	51.5	56.5	37	38.5	34	45.5	41.5	51.5	60	22.5	50.5	46.5	38.5	48.5	38.5	30.5	45.5	52.5	23.5	41.5	28.5	47	26.5	19.5	44.5	28.5	51	31	0	56.5	38.5	40.5	40	31.5	24.5	59	56.5	39.5	51	25.5	11	37	42.5	32.5	48.5	25	35	32.5	36.5	61	56.5	4	24.5	44	47	46	41	60	49	49	8	29	40	53	61.5	57.5	42	57	38.5	45.5	38	43.5	27.5	35	31.5	32	54	28	39.5	65.5	54	45.5	24.5	49.5	43	51	48.5	50	29	35.5	30.5	42.5	60	42	24.5	29	36.5	37.5	38	53.5	39.5	59.5	52.5	23.5	47.5	60.5	32	54	41	17.5	50	50.5	48	
5	41	77	62.5	74.5	45	87	88.5	54	82	19.5	72.5	81.5	40.5	63	67	48.5	54	94.5	29	61	46	73	84.5	90.5	93.5	82	19.5	71.5	27	30	73.5	26	72	60.5	79	53.5	50.5	80	85	65.5	50	52.5	74	70	25	88.5	51	79	42	40	22	67	58	19	4	37	70	52	75.5	55	66	38	57	9.5	59.5	56.5	0	85	48	68.5	35	53	87.5	97	68	87.5	49	45.5	81.5	16	61	85	53.5	63.5	46	77	27.5	32	52.5	53	84.5	75.5	42.5	69.5	88.5	27.5	77.5	64.5	69.5	28.5	31.5	90	1	46.5	91.5	67	78	66.5	80	31	33.5	72	76.5	84.5	70.5	23	13	30.5	43	56	78	89.5	79.5	77	18.5	69.5	39	58	36	18.5	70.5	71	47.5	83	21	50.5	3	49	19	34	55	86	18	40.5	100.5	37.5	41	96.5	38	76.5	
90	54	18	32.5	20.5	40	18	31.5	41	13	75.5	22.5	11.5	54.5	32	28	46.5	41	9.5	66	34	49	22	35.5	9.5	8.5	13	75.5	23.5	68	65	21.5	69	23	30.5	16	41.5	44.5	15	20	29.5	45	42.5	21	25	70	31.5	44	36	53	45	73	28	37	76	89	58	25	43	34.5	40	21	57	38	85.5	35.5	38.5	85	0	47	26.5	60	42	32.5	18	27	12.5	46	49.5	13.5	79	34	10	41.5	31.5	49	18	67.5	63	42.5	42	10.5	19.5	52.5	30.5	21.5	67.5	17.5	30.5	25.5	66.5	63.5	25	84	48.5	18.5	28	17	28.5	15	64	61.5	23	18.5	15.5	24.5	72	72	60.5	52	31	17	4.5	20.5	28	76.5	25.5	56	37	59	76.5	24.5	16	47.5	8	74	44.5	88	46	66	59	30	9	67	54.5	15.5	47.5	54	11.5	57	33.5	
43	7	55	44.5	52.5	7	65	78.5	18	60	42.5	54.5	43.5	38.5	29	45	46.5	18	56.5	19	41	26	59	82.5	56.5	55.5	60	32.5	45.5	21	32	53.5	34	50	22.5	63	43.5	26.5	62	67	61.5	22	34.5	68	62	37	78.5	49	77	6	12	40	55	24	37	44	35	62	40	73.5	47	28	10	45	42.5	47.5	40.5	48	47	0	66.5	33	51	79.5	65	64	59.5	43	43.5	45.5	34	59	57	51.5	53.5	36	45	34.5	30	44.5	51	52.5	61.5	19.5	67.5	68.5	34.5	59.5	32.5	37.5	31.5	30.5	72	49	15.5	65.5	65	54	64.5	52	29	31.5	40	40.5	62.5	36.5	31	39	27.5	5	18	64	51.5	67.5	75	41.5	37.5	33	34	12	43.5	56.5	33	39.5	45	29	26.5	45	23	33	26	17	56	34	36.5	62.5	14.5	39	58.5	24	74.5	
63.5	59.5	25.5	36	28	61.5	30.5	32	62.5	25.5	73	26	33	34	51.5	35.5	22	62.5	36	47.5	39.5	54.5	21.5	28	34	35	25.5	53	35	45.5	58.5	27	54.5	30.5	52	22.5	37	54	23.5	28.5	19	58.5	46	17.5	18.5	63.5	32	19.5	22.5	60.5	66.5	60.5	25.5	56.5	57.5	64.5	35.5	18.5	40.5	19	33.5	42.5	56.5	35.5	63	33	40	68.5	26.5	66.5	0	43.5	21.5	31	40.5	16.5	31	37.5	29	35	54.5	9.5	28.5	17	27	44.5	35.5	81	70.5	36	21.5	16	7	66	13	32	61	9	48	43	52	65	33.5	69.5	70	35	10.5	26.5	2	28.5	39.5	47	40.5	40	28	44	51.5	81.5	82	61.5	52.5	21.5	31	23	20.5	62	43	47.5	46.5	54.5	72	24	37.5	41	29.5	49.5	54	65.5	57.5	87.5	80.5	51.5	29.5	86.5	44	42	69	29.5	38	66.5	20	
30	26	52	37.5	49.5	30	62	63.5	19	57	39.5	47.5	56.5	15.5	38	42	23.5	19	69.5	14	36	11	48	59.5	65.5	68.5	57	19.5	46.5	12	25	48.5	21	47	35.5	54	28.5	25.5	55	60	40.5	15	27.5	49	45	30	63.5	26	54	27	35	27	42	33	24	31	12	45	27	50.5	30	41	23	32	29.5	34.5	31.5	35	60	33	43.5	0	28	62.5	72	43	62.5	24	20.5	56.5	21	36	60	28.5	38.5	21	52	47.5	37	27.5	28	59.5	50.5	32.5	44.5	63.5	27.5	52.5	39.5	44.5	18.5	31.5	65	36	36.5	66.5	42	53	41.5	55	4	13.5	47	51.5	59.5	45.5	18	48	50.5	28	31	53	64.5	54.5	52	28.5	44.5	4	33	21	38.5	45.5	46	22.5	58	16	25.5	32	14	54	49	30	61	53	15.5	75.5	37.5	16	71.5	33	51.5	
48	44	30	20.5	27.5	52	40	41.5	47	35	57.5	25.5	36.5	18.5	36	14	6.5	47	51.5	32	24	39	26	37.5	43.5	50.5	35	37.5	24.5	30	43	26.5	39	25	42.5	32	21.5	38.5	33	38	18.5	43	30.5	27	23	48	41.5	2	32	45	57	45	20	41	42	49	20	23	25	28.5	18	33	41	20	47.5	17.5	24.5	53	42	51	21.5	28	0	40.5	50	21	40.5	22	13.5	34.5	39	14	38	6.5	16.5	29	30	65.5	55	20.5	0	37.5	28.5	50.5	22.5	41.5	45.5	30.5	32.5	27.5	36.5	49.5	43	54	54.5	44.5	20	31	19.5	33	24	31.5	19	29.5	37.5	28.5	36	66	72.5	46	43	31	46.5	32.5	30	46.5	27.5	32	31	39	56.5	23.5	26	25.5	40	34	38.5	50	42	72	69	42	39	71	28.5	57.5	59.5	14	51.5	51	29.5	
82.5	78.5	44.5	55	47	72.5	34.5	1	73.5	39.5	92	45	44	53	64.5	54.5	41	73.5	27	66.5	58.5	73.5	40.5	3	37	26	39.5	72	54	64.5	77.5	46	73.5	49.5	63	36.5	56	73	37.5	32.5	38	77.5	65	31.5	37.5	82.5	1	38.5	16.5	79.5	77.5	79.5	44.5	69.5	76.5	83.5	54.5	37.5	59.5	18	52.5	53.5	75.5	54.5	82	52	59	87.5	32.5	79.5	31	62.5	40.5	0	30.5	35.5	40	56.5	48	46	73.5	28.5	42.5	36	46	63.5	50.5	100	89.5	55	40.5	43	38	85	22	31	80	40	63	58	71	84	27.5	88.5	81	34	24.5	45.5	29	47.5	58.5	66	55.5	51	37	57	70.5	100.5	93	80.5	63.5	35.5	32	32	24.5	81	58	66.5	65.5	73.5	91	43	48.5	60	40.5	68.5	73	84.5	76.5	98.5	91.5	62.5	41.5	99.5	63	17	80	48.5	29	85.5	19	
92	72	36	50.5	38.5	58	26	29.5	59	31	93.5	40.5	29.5	62.5	50	46	50.5	59	12.5	76	52	67	40	31.5	22.5	11.5	31	81.5	41.5	74	83	39.5	83	41	48.5	34	59.5	62.5	33	28	47.5	63	60.5	39	43	88	29.5	48	18	71	63	89	46	55	86	93	64	43	61	27.5	58	39	75	56	91.5	53.5	56.5	97	18	65	40.5	72	50	30.5	0	45	25.5	64	57.5	31.5	83	38	28	45.5	49.5	67	36	85.5	81	60.5	50	28.5	37.5	70.5	31.5	24.5	85.5	35.5	48.5	43.5	80.5	81.5	7	98	66.5	21.5	34	35	38.5	33	68	75.5	41	36.5	28.5	42.5	80	90	78.5	70	49	35	17.5	33.5	34	90.5	43.5	74	55	77	94.5	42.5	34	65.5	26	78	62.5	94	64	84	77	48	27	85	72.5	13.5	65.5	58	14.5	75	28.5	
63	59	9	35.5	27.5	57	35	36.5	58	30	72.5	25.5	28.5	33.5	49	35	21.5	58	36.5	47	39	54	5	32.5	36.5	35.5	30	52.5	34.5	45	58	26.5	54	30	47.5	27	36.5	53.5	28	33	18.5	58	45.5	22	2	63	36.5	19	27	60	62	60	25	54	57	64	35	2	40	23.5	33	38	56	35	62.5	32.5	39.5	68	27	64	16.5	43	21	35.5	45	0	35.5	37	28.5	30.5	54	7	33	16.5	26.5	44	35	80.5	70	35.5	21	32.5	23.5	65.5	17.5	36.5	60.5	25.5	47.5	42.5	51.5	64.5	38	69	65.5	39.5	15	10	14.5	12	39	46.5	40	35.5	32.5	41.5	51	81	77.5	61	48	26	31.5	27.5	25	61.5	42.5	47	46	54	71.5	23.5	33	40.5	19	49	53.5	65	57	83	76	47	34	84	43.5	42.5	64.5	29	38.5	66	24.5	
82.5	66.5	30.5	45	33	52.5	25.5	39	53.5	25.5	88	35	24	53	44.5	40.5	41	53.5	17	66.5	46.5	61.5	34.5	37	3	16	25.5	72	36	64.5	77.5	34	73.5	35.5	43	28.5	54	57	27.5	27.5	38	57.5	55	31.5	37.5	82.5	39	38.5	31.5	65.5	57.5	79.5	40.5	49.5	76.5	83.5	54.5	37.5	55.5	28	52.5	33.5	69.5	50.5	82	48	51	87.5	12.5	59.5	31	62.5	40.5	40	25.5	35.5	0	56.5	48	26	73.5	28.5	22.5	36	44	61.5	30.5	80	75.5	55	40.5	23	32	65	18	29	80	30	43	38	71	76	32.5	88.5	61	26	24.5	29.5	29	27.5	58.5	66	35.5	31	3	37	70.5	84.5	73	64.5	43.5	29.5	8	8	29.5	81	38	66.5	49.5	71.5	89	37	28.5	60	20.5	68.5	57	84.5	58.5	78.5	71.5	42.5	21.5	79.5	63	23	60	48.5	19	69.5	29	
44	40	46	31.5	43.5	36	56	57.5	37	51	53.5	41.5	42.5	14.5	14	36	17.5	37	55.5	28	30	35	42	53.5	55.5	54.5	51	33.5	40.5	26	39	42.5	35	41	26.5	48	22.5	34.5	49	54	34.5	39	26.5	43	39	44	57.5	20	48	41	41	41	36	33	38	45	16	39	3	44.5	24	27	37	26	43.5	28.5	25.5	49	46	43	37.5	24	22	56.5	64	37	56.5	0	14.5	44.5	35	30	54	22.5	32.5	25	44	61.5	51	21.5	22	51.5	44.5	46.5	38.5	57.5	41.5	46.5	31.5	36.5	32.5	45.5	59	50	44.5	60.5	36	47	35.5	49	20	27.5	39	39.5	53.5	35.5	32	62	56.5	42	27	47	50.5	48.5	46	42.5	36.5	28	9	35	52.5	39.5	32	21.5	44	30	34.5	46	38	62	55	26	55	63	24.5	61.5	43.5	8	57.5	47	45.5	
40.5	36.5	37.5	23	35	44.5	47.5	49	39.5	42.5	50	33	44	11	28.5	27.5	9	39.5	59	24.5	21.5	31.5	33.5	45	51	58	42.5	30	32	22.5	35.5	34	31.5	32.5	35	39.5	8	31	40.5	45.5	26	35.5	23	34.5	30.5	40.5	49	11.5	39.5	37.5	49.5	37.5	27.5	33.5	34.5	41.5	12.5	30.5	17.5	36	15.5	30.5	33.5	17.5	40	20	11	45.5	49.5	43.5	29	20.5	13.5	48	57.5	28.5	48	14.5	0	42	31.5	21.5	45.5	14	24	21.5	37.5	58	47.5	7	13.5	45	36	43	30	49	38	38	19	30	29	42	50.5	46.5	47	52	27.5	38.5	27	40.5	16.5	24	32.5	37	45	31	28.5	58.5	65	38.5	35.5	38.5	54	40	37.5	39	30	24.5	23.5	31.5	49	31	35.5	18	47.5	26.5	31	42.5	34.5	64.5	61.5	34.5	46.5	63.5	21	65	52	6.5	59	43.5	37	
76.5	52.5	21.5	31	7	38.5	31.5	45	39.5	26.5	74	9	2	47	30.5	26.5	35	39.5	23	60.5	32.5	47.5	25.5	49	23	22	26.5	66	22	58.5	63.5	8	67.5	21.5	29	29.5	40	43	28.5	33.5	16	43.5	41	34.5	28.5	68.5	45	32.5	45.5	51.5	43.5	71.5	26.5	35.5	70.5	77.5	48.5	28.5	41.5	42	38.5	19.5	55.5	36.5	76	34	37	81.5	13.5	45.5	35	56.5	34.5	46	31.5	30.5	26	44.5	42	0	67.5	27.5	23.5	30	30	47.5	16.5	66	61.5	41	34.5	19	28	51	36	35	66	26	29	24	65	62	38.5	82.5	47	32	33.5	20.5	33	18.5	52.5	60	21.5	17	29	23	64.5	70.5	59	50.5	29.5	30.5	18	34	41.5	75	24	54.5	35.5	57.5	75	11	14.5	46	11.5	62.5	43	78.5	44.5	64.5	57.5	28.5	22.5	65.5	53	29	46	42.5	25	55.5	43	
11	27	63	48.5	60.5	39	73	74.5	40	68	20.5	58.5	69.5	26.5	49	53	34.5	40	86.5	15	47	32	59	70.5	76.5	87.5	68	5.5	57.5	13	16	59.5	12	58	50.5	65	39.5	36.5	66	71	51.5	36	38.5	60	56	9	74.5	37	65	28	34	6	53	44	3	12	23	56	38	61.5	41	60	24	43	10.5	45.5	42.5	16	79	34	54.5	21	39	73.5	83	54	73.5	35	31.5	67.5	0	47	71	39.5	49.5	32	63	28.5	16	38.5	39	70.5	61.5	28.5	55.5	74.5	13.5	63.5	50.5	55.5	14.5	17.5	76	17	32.5	77.5	53	64	52.5	66	17	19.5	58	62.5	70.5	56.5	9	29	35.5	29	50	64	81.5	65.5	63	9.5	55.5	25	44	22	19.5	56.5	65	33.5	73	7	36.5	13	35	35	32	49	72	34	26.5	90.5	31.5	27	84.5	24	62.5	
56	52	16	28.5	20.5	64	28	29.5	55	23	65.5	18.5	29.5	26.5	44	28	14.5	55	41.5	40	32	47	12	25.5	31.5	42.5	23	45.5	27.5	38	51	19.5	47	23	50.5	20	29.5	46.5	21	26	11.5	51	38.5	15	9	56	29.5	12	20	53	69	53	18	49	50	57	28	9	33	16.5	26	45	49	28	55.5	25.5	32.5	61	34	59	9.5	36	14	28.5	38	7	28.5	30	21.5	27.5	47	0	26	9.5	19.5	37	28	73.5	63	28.5	14	25.5	16.5	58.5	10.5	29.5	53.5	18.5	40.5	35.5	44.5	57.5	31	62	62.5	32.5	8	17	7.5	19	32	39.5	33	32.5	25.5	36.5	44	74	80.5	54	55	19	36.5	20.5	18	54.5	35.5	40	39	47	64.5	16.5	40	33.5	26	42	46.5	58	50	80	77	54	27	79	36.5	45.5	71.5	22	39.5	59	17.5	
80	64	28	42.5	30.5	50	28	41.5	51	3	85.5	32.5	21.5	50.5	42	38	38.5	51	19.5	64	44	59	32	39.5	19.5	18.5	3	69.5	33.5	62	75	31.5	71	33	40.5	6	51.5	54.5	5	30	35.5	55	52.5	11	35	80	41.5	36	34	63	55	77	38	47	74	81	52	35	53	30.5	50	31	67	48	79.5	45.5	48.5	85	10	57	28.5	60	38	42.5	28	33	22.5	54	45.5	23.5	71	26	0	33.5	41.5	59	28	77.5	73	52.5	38	20.5	29.5	62.5	24.5	31.5	77.5	27.5	40.5	35.5	68.5	73.5	35	86	58.5	28.5	18	27	26.5	25	56	63.5	33	28.5	25.5	34.5	68	82	70.5	62	41	7	14.5	30.5	32	78.5	35.5	64	47	69	86.5	34.5	26	57.5	18	66	54.5	82	56	76	69	40	1	77	60.5	25.5	57.5	46	21.5	67	31.5	
48.5	44.5	25.5	21	23	56.5	35.5	37	47.5	30.5	58	21	32	19	36.5	20.5	7	47.5	49	32.5	24.5	39.5	21.5	33	39	50	30.5	38	18	30.5	43.5	22	39.5	20.5	43	27.5	22	39	28.5	33.5	14	43.5	31	22.5	18.5	48.5	37	4.5	27.5	45.5	61.5	45.5	15.5	41.5	42.5	49.5	20.5	18.5	25.5	24	18.5	37.5	41.5	20.5	48	18	25	53.5	41.5	51.5	17	28.5	6.5	36	45.5	16.5	36	22.5	14	30	39.5	9.5	33.5	0	10	29.5	25.5	66	55.5	21	6.5	33	24	51	18	37	46	26	33	28	37	50	38.5	54.5	55	40	15.5	26.5	15	28.5	24.5	32	25.5	23	33	29	36.5	66.5	73	46.5	47.5	26.5	44	28	25.5	47	28	32.5	31.5	39.5	57	19	32.5	26	35.5	34.5	39	50.5	42.5	72.5	69.5	46.5	34.5	71.5	29	53	64	14.5	47	51.5	25	
58.5	54.5	35.5	31	33	46.5	45.5	47	47.5	40.5	68	31	28	29	38.5	30.5	17	47.5	41	42.5	34.5	49.5	31.5	43	41	40	40.5	48	8	40.5	53.5	32	49.5	30.5	37	37.5	32	49	38.5	43.5	24	51.5	41	32.5	28.5	58.5	47	14.5	37.5	55.5	51.5	55.5	25.5	43.5	52.5	59.5	30.5	28.5	35.5	34	28.5	27.5	51.5	30.5	58	28	35	63.5	31.5	53.5	27	38.5	16.5	46	49.5	26.5	44	32.5	24	30	49.5	19.5	41.5	10	0	39.5	29.5	74	65.5	31	16.5	37	34	59	28	47	56	36	37	32	47	60	48.5	64.5	55	50	25.5	36.5	25	36.5	34.5	42	29.5	13	43	31	46.5	76.5	67	56.5	37.5	36.5	36	38	35.5	57	32	42.5	41.5	49.5	67	29	22.5	36	29.5	44.5	49	60.5	52.5	72.5	65.5	36.5	40.5	73.5	39	47	54	24.5	43	61.5	35	
41	37	53	38.5	50.5	29	63	64.5	30	58	50.5	48.5	45.5	16.5	31	43	24.5	30	58.5	25	37	32	49	60.5	58.5	57.5	58	30.5	47.5	23	36	49.5	32	48	24.5	55	29.5	31.5	56	61	41.5	34	28.5	50	46	41	64.5	27	55	38	34	38	43	12	35	42	9	46	28	51.5	31	30	34	33	40.5	35.5	32.5	46	49	36	44.5	21	29	63.5	67	44	61.5	25	21.5	47.5	32	37	59	29.5	39.5	0	47	56.5	48	28.5	29	54.5	51.5	41.5	45.5	64.5	38.5	53.5	34.5	39.5	29.5	42.5	66	47	37.5	67.5	43	54	42.5	54	17	24.5	42	42.5	60.5	38.5	29	59	49.5	39	18	54	53.5	55.5	53	39.5	39.5	25	34	32	49.5	46.5	35	23.5	47	27	31.5	43	35	55	48	19	58	56	21.5	64.5	36.5	17	60.5	44	52.5	
72	52	26	30.5	23.5	38	36	49.5	39	31	73.5	25.5	14.5	42.5	30	26	30.5	39	27.5	56	32	47	30	51.5	27.5	26.5	31	61.5	21.5	54	63	24.5	63	5	28.5	34	39.5	42.5	33	38	32.5	43	40.5	39	33	68	49.5	28	46	51	43	69	10	35	66	73	44	33	41	42.5	38	19	55	36	71.5	33.5	36.5	77	18	45	35.5	52	30	50.5	36	35	30.5	44	37.5	16.5	63	28	28	25.5	29.5	47	0	65.5	61	40.5	30	23.5	32.5	50.5	36.5	39.5	65.5	30.5	28.5	23.5	60.5	61.5	43	78	46.5	36.5	34	25	33.5	23	48	55.5	21	16.5	33.5	22.5	60	70	58.5	50	29	35	22.5	38.5	44	70.5	23.5	54	35	57	74.5	27.5	14	45.5	16	58	42.5	74	44	64	57	28	27	65	52.5	33.5	45.5	38	29.5	55	43.5	
22.5	41.5	75.5	65	73	27.5	85.5	99	38.5	80.5	8	75	64	53	49.5	65.5	61	38.5	77	41.5	61.5	46.5	79.5	97	77	76	80.5	32	66	39.5	42.5	74	38.5	70.5	43	83.5	64	47	82.5	87.5	78	42.5	55	86.5	82.5	37.5	99	63.5	91.5	40.5	22.5	34.5	75.5	44.5	31.5	23.5	49.5	82.5	60.5	88	67.5	48.5	44.5	65.5	18	68	61	27.5	67.5	34.5	81	47.5	65.5	100	85.5	80.5	80	61.5	58	66	28.5	73.5	77.5	66	74	56.5	65.5	0	30.5	65	65.5	73	82	35	82	89	40	80	53	58	41	36	92.5	28.5	31	86	79.5	74.5	79	72.5	43.5	46	60.5	61	83	57	35.5	24.5	7	39.5	38.5	84.5	72	88	89.5	31	58	51.5	54.5	46.5	9	77	53.5	60	65.5	33.5	47	24.5	43.5	18.5	16.5	37.5	76.5	19.5	53	83	20	53.5	79	34.5	89	
27	37	71	60.5	68.5	23	81	90.5	34	76	36.5	70.5	59.5	42.5	45	61	50.5	34	72.5	31	57	42	75	86.5	72.5	71.5	76	21.5	61.5	29	32	69.5	28	66	38.5	79	55.5	42.5	78	83	67.5	38	50.5	76	72	7	90.5	53	81	36	18	10	69	40	13	28	39	72	54	77.5	57	44	40	59	26.5	61.5	56.5	32	63	30	70.5	37	55	89.5	81	70	75.5	51	47.5	61.5	16	63	73	55.5	65.5	48	61	30.5	0	54.5	55	68.5	77.5	30.5	71.5	84.5	29.5	75.5	48.5	53.5	30.5	31.5	88	33	26.5	81.5	69	70	68.5	68	33	35.5	56	56.5	78.5	52.5	25	35	23.5	35	34	80	67.5	81.5	79	25.5	53.5	41	50	38	35.5	72.5	49	49.5	61	23	42.5	29	39	29	22	33	72	30	42.5	78.5	15.5	43	74.5	30	78.5	
47.5	43.5	44.5	30	42	37.5	54.5	56	38.5	49.5	57	40	39	18	29.5	34.5	16	38.5	52	31.5	28.5	38.5	40.5	52	52	51	49.5	37	39	29.5	42.5	41	38.5	39.5	28	46.5	1	38	47.5	52.5	33	42.5	30	41.5	37.5	47.5	56	18.5	46.5	44.5	42.5	44.5	34.5	34.5	41.5	48.5	19.5	37.5	24.5	43	22.5	23.5	40.5	24.5	47	27	4	52.5	42.5	44.5	36	27.5	20.5	55	60.5	35.5	55	21.5	7	41	38.5	28.5	52.5	21	31	28.5	40.5	65	54.5	0	20.5	48	43	50	37	56	45	45	12	33	36	49	57.5	53.5	46	59	34.5	45.5	34	47.5	23.5	31	35.5	36	52	32	35.5	65.5	58	45.5	28.5	45.5	47	47	44.5	46	33	31.5	30.5	38.5	56	38	28.5	25	40.5	33.5	38	49.5	41.5	63.5	56.5	27.5	51.5	64.5	28	58	45	13.5	54	50.5	44	
48	44	30	20.5	27.5	52	40	41.5	47	35	57.5	25.5	36.5	18.5	36	14	6.5	47	51.5	32	24	39	26	37.5	43.5	50.5	35	37.5	24.5	30	43	26.5	39	25	42.5	32	21.5	38.5	33	38	18.5	43	30.5	27	23	48	41.5	2	32	45	57	45	20	41	42	49	20	23	25	28.5	18	33	41	20	47.5	17.5	24.5	53	42	51	21.5	28	0	40.5	50	21	40.5	22	13.5	34.5	39	14	38	6.5	16.5	29	30	65.5	55	20.5	0	37.5	28.5	50.5	22.5	41.5	45.5	30.5	32.5	27.5	36.5	49.5	43	54	54.5	44.5	20	31	19.5	33	24	31.5	19	29.5	37.5	28.5	36	66	72.5	46	43	31	46.5	32.5	30	46.5	27.5	32	31	39	56.5	23.5	26	25.5	40	34	38.5	50	42	72	69	42	39	71	28.5	57.5	59.5	14	51.5	51	29.5	
79.5	59.5	23.5	38	26	45.5	28.5	42	46.5	23.5	81	28	17	50	37.5	33.5	38	46.5	20	63.5	39.5	54.5	27.5	44	20	19	23.5	69	29	61.5	70.5	27	70.5	28.5	36	26.5	47	50	25.5	30.5	35	50.5	48	31.5	30.5	75.5	42	35.5	38.5	58.5	50.5	76.5	33.5	42.5	73.5	80.5	51.5	30.5	48.5	35	45.5	26.5	62.5	43.5	79	41	44	84.5	10.5	52.5	16	59.5	37.5	43	28.5	32.5	23	51.5	45	19	70.5	25.5	20.5	33	37	54.5	23.5	73	68.5	48	37.5	0	9	58	29	32	73	7	36	31	68	69	35.5	85.5	54	29	26.5	22.5	18	20.5	55.5	63	28.5	24	26	30	67.5	77.5	66	57.5	36.5	27.5	15	31	36.5	78	31	61.5	42.5	64.5	82	30	21.5	53	13.5	65.5	50	81.5	51.5	71.5	64.5	35.5	19.5	72.5	60	26	53	45.5	22	62.5	36	
70.5	66.5	32.5	43	35	54.5	37.5	39	55.5	32.5	80	33	26	41	46.5	42.5	29	55.5	29	54.5	46.5	61.5	28.5	35	29	28	32.5	60	38	52.5	65.5	34	61.5	37.5	45	29.5	44	59	30.5	35.5	26	59.5	53	24.5	25.5	70.5	39	26.5	29.5	67.5	59.5	67.5	32.5	51.5	64.5	71.5	42.5	25.5	47.5	26	40.5	35.5	63.5	42.5	70	40	47	75.5	19.5	61.5	7	50.5	28.5	38	37.5	23.5	32	44.5	36	28	61.5	16.5	29.5	24	34	51.5	32.5	82	77.5	43	28.5	9	0	67	20	39	68	2	45	40	59	72	40.5	76.5	63	38	17.5	31.5	9	29.5	46.5	54	37.5	33	35	39	58.5	86.5	75	66.5	45.5	28.5	24	30	27.5	69	40	54.5	51.5	61.5	79	31	30.5	48	22.5	56.5	59	72.5	60.5	80.5	73.5	44.5	28.5	81.5	51	35	62	36.5	31	71.5	27	
37.5	26.5	60.5	50	58	12.5	70.5	84	23.5	65.5	43	60	49	38	34.5	50.5	46	23.5	62	26.5	46.5	31.5	64.5	82	62	61	65.5	27	51	24.5	32.5	59	28.5	55.5	28	68.5	49	32	67.5	72.5	63	27.5	40	71.5	67.5	37.5	84	48.5	76.5	25.5	12.5	34.5	60.5	29.5	31.5	38.5	34.5	67.5	45.5	73	52.5	33.5	29.5	50.5	37	53	46	42.5	52.5	19.5	66	32.5	50.5	85	70.5	65.5	65	46.5	43	51	28.5	58.5	62.5	51	59	41.5	50.5	35	30.5	50	50.5	58	67	0	67	74	35	65	38	43	14	31	77.5	43.5	4	71	64.5	59.5	64	57.5	28.5	31	45.5	46	68	42	25.5	39.5	28	24.5	23.5	69.5	57	73	74.5	36	43	36.5	39.5	31.5	44	62	38.5	45	50.5	23.5	32	39.5	28.5	33.5	26.5	22.5	61.5	34.5	38	68	15	38.5	64	24.5	74	
64.5	60.5	26.5	37	29	70.5	21.5	23	63.5	21.5	74	27	38	35	52.5	36.5	23	63.5	35	48.5	40.5	55.5	22.5	19	21	34	21.5	54	36	46.5	59.5	28	55.5	31.5	59	18.5	38	55	19.5	19.5	20	59.5	47	13.5	19.5	64.5	23	20.5	13.5	61.5	75.5	61.5	26.5	57.5	58.5	65.5	36.5	19.5	41.5	10	34.5	51.5	57.5	36.5	64	34	41	69.5	30.5	67.5	13	44.5	22.5	22	31.5	17.5	18	38.5	30	36	55.5	10.5	24.5	18	28	45.5	36.5	82	71.5	37	22.5	29	20	67	0	23	62	22	49	44	53	66	24.5	70.5	71	26	6.5	27.5	11	29.5	40.5	48	41.5	41	15	45	52.5	82.5	89	62.5	61.5	17.5	26	10	11.5	63	44	48.5	47.5	55.5	73	25	46.5	42	36.5	50.5	55	66.5	58.5	88.5	85.5	60.5	25.5	87.5	45	39	78	30.5	33	67.5	11	
83.5	75.5	39.5	54	42	61.5	29.5	32	62.5	34.5	93	44	33	54	53.5	49.5	42	62.5	12	67.5	55.5	70.5	41.5	28	26	13	34.5	73	45	65.5	78.5	43	74.5	44.5	52	37.5	57	66	36.5	31.5	39	66.5	64	32.5	38.5	83.5	32	39.5	22.5	74.5	66.5	80.5	45.5	58.5	77.5	84.5	55.5	38.5	60.5	13	53.5	42.5	76.5	55.5	83	53	60	88.5	21.5	68.5	32	63.5	41.5	31	24.5	36.5	29	57.5	49	35	74.5	29.5	31.5	37	47	64.5	39.5	89	84.5	56	41.5	32	39	74	23	0	81	39	52	47	72	85	31.5	89.5	70	3	25.5	38.5	30	36.5	59.5	67	44.5	40	32	46	71.5	93.5	82	73.5	52.5	36.5	21	33	25.5	82	47	67.5	58.5	74.5	92	44	37.5	61	29.5	69.5	66	85.5	67.5	87.5	80.5	51.5	30.5	88.5	64	22	69	49.5	10	78.5	12	
22.5	33.5	69.5	55	67	27.5	79.5	81	38.5	74.5	32	65	64	33	49.5	59.5	41	38.5	77	21.5	53.5	38.5	65.5	77	77	76	74.5	8	64	19.5	22.5	66	18.5	64.5	43	71.5	46	43	72.5	77.5	58	42.5	45	66.5	62.5	22.5	81	43.5	71.5	34.5	22.5	19.5	59.5	44.5	16.5	23.5	29.5	62.5	44.5	68	47.5	48.5	30.5	49.5	22	52	49	27.5	67.5	34.5	61	27.5	45.5	80	85.5	60.5	80	41.5	38	66	13.5	53.5	77.5	46	56	38.5	65.5	40	29.5	45	45.5	73	68	35	62	81	0	70	53	58	21	4	82.5	28.5	31	84	59.5	70.5	59	72.5	23.5	26	60.5	61	77	57	15.5	40.5	33	35.5	38.5	70.5	72	72	69.5	21	58	31.5	50.5	28.5	31	63	53.5	40	65.5	13.5	43	24.5	41.5	38.5	31.5	37.5	76.5	39.5	33	83	20	33.5	79	30.5	69	
72.5	66.5	30.5	45	33	52.5	35.5	41	53.5	30.5	82	35	24	43	44.5	40.5	31	53.5	27	56.5	46.5	61.5	30.5	37	27	26	30.5	62	36	54.5	67.5	34	63.5	35.5	43	31.5	46	57	32.5	37.5	28	57.5	55	26.5	27.5	72.5	41	28.5	31.5	65.5	57.5	69.5	34.5	49.5	66.5	73.5	44.5	27.5	49.5	28	42.5	33.5	65.5	44.5	72	42	49	77.5	17.5	59.5	9	52.5	30.5	40	35.5	25.5	30	46.5	38	26	63.5	18.5	27.5	26	36	53.5	30.5	80	75.5	45	30.5	7	2	65	22	39	70	0	43	38	61	74	42.5	78.5	61	36	19.5	29.5	11	27.5	48.5	56	35.5	31	33	37	60.5	84.5	73	64.5	43.5	30.5	22	32	29.5	71	38	56.5	49.5	63.5	81	33	28.5	50	20.5	58.5	57	74.5	58.5	78.5	71.5	42.5	26.5	79.5	53	33	60	38.5	29	69.5	29	
59.5	39.5	38.5	28	36	25.5	48.5	62	26.5	43.5	61	38	27	30	17.5	28.5	28	26.5	40	43.5	24.5	34.5	42.5	64	40	39	43.5	49	29	41.5	50.5	37	50.5	33.5	16	46.5	11	30	45.5	50.5	45	30.5	28	51.5	45.5	55.5	62	30.5	58.5	38.5	30.5	56.5	38.5	22.5	53.5	60.5	31.5	45.5	28.5	55	30.5	11.5	42.5	28.5	59	31	8	64.5	30.5	32.5	48	39.5	32.5	63	48.5	47.5	43	31.5	19	29	50.5	40.5	40.5	33	37	34.5	28.5	53	48.5	12	32.5	36	45	38	49	52	53	43	0	21	48	49	55.5	65.5	34	49	46.5	37.5	46	35.5	35.5	43	23.5	24	46	20	47.5	57.5	46	37.5	16.5	47.5	35	51	56.5	58	21	41.5	22.5	44.5	62	40	16.5	33	28.5	45.5	30	61.5	31.5	51.5	44.5	15.5	39.5	52.5	40	46	33	25.5	42	42.5	56	
64.5	44.5	33.5	7	31	30.5	43.5	57	31.5	38.5	66	33	22	35	22.5	23.5	21	31.5	35	48.5	24.5	39.5	37.5	59	35	34	38.5	54	24	46.5	55.5	32	55.5	28.5	21	41.5	32	35	40.5	45.5	40	35.5	33	46.5	40.5	60.5	57	25.5	53.5	43.5	35.5	61.5	33.5	27.5	58.5	65.5	36.5	40.5	33.5	50	30.5	11.5	47.5	28.5	64	10	29	69.5	25.5	37.5	43	44.5	27.5	58	43.5	42.5	38	36.5	30	24	55.5	35.5	35.5	28	32	39.5	23.5	58	53.5	33	27.5	31	40	43	44	47	58	38	21	0	53	54	50.5	70.5	39	44	41.5	32.5	41	30.5	40.5	48	18.5	19	41	1	52.5	62.5	51	42.5	21.5	42.5	30	46	51.5	63	0	46.5	27.5	49.5	67	35	11.5	38	23.5	50.5	35	66.5	36.5	56.5	49.5	20.5	34.5	57.5	45	41	38	30.5	37	47.5	51	
23.5	24.5	60.5	46	58	26.5	70.5	72	37.5	65.5	33	56	63	24	46.5	50.5	32	37.5	76	12.5	44.5	29.5	56.5	68	74	75	65.5	13	55	10.5	18.5	57	14.5	55.5	42	62.5	37	34	63.5	68.5	49	33.5	36	57.5	53.5	23.5	72	34.5	62.5	25.5	26.5	20.5	50.5	41.5	17.5	24.5	20.5	53.5	35.5	59	38.5	47.5	21.5	40.5	23	43	40	28.5	66.5	31.5	52	18.5	36.5	71	80.5	51.5	71	32.5	29	65	14.5	44.5	68.5	37	47	29.5	60.5	41	30.5	36	36.5	68	59	14	53	72	21	61	48	53	0	25	73.5	29.5	18	75	50.5	61.5	50	63.5	14.5	17	55.5	60	68	54	11.5	41.5	42	26.5	37.5	61.5	71	63	60.5	22	53	22.5	41.5	19.5	32	54	52.5	31	64.5	9.5	34	25.5	32.5	47.5	40.5	36.5	69.5	46.5	24	82	29	24.5	78	26.5	60	
26.5	37.5	71.5	59	69	23.5	81.5	85	34.5	76.5	36	69	60	37	45.5	61.5	45	34.5	73	25.5	57.5	42.5	69.5	81	73	72	76.5	12	62	23.5	26.5	70	22.5	66.5	39	75.5	50	43	76.5	81.5	62	38.5	49	70.5	66.5	26.5	85	47.5	75.5	36.5	18.5	23.5	63.5	40.5	20.5	27.5	33.5	66.5	48.5	72	51.5	44.5	34.5	53.5	26	56	53	31.5	63.5	30.5	65	31.5	49.5	84	81.5	64.5	76	45.5	42	62	17.5	57.5	73.5	50	60	42.5	61.5	36	31.5	49	49.5	69	72	31	66	85	4	74	49	54	25	0	86.5	32.5	27	82	63.5	70.5	63	68.5	27.5	30	56.5	57	79	53	19.5	40.5	29	35.5	34.5	74.5	68	76	73.5	25	54	35.5	50.5	32.5	35	67	49.5	44	61.5	17.5	43	28.5	39.5	34.5	27.5	33.5	72.5	35.5	37	79	16	37.5	75	30.5	73	
85	79	43	57.5	45.5	65	33	28.5	66	38	94.5	47.5	36.5	55.5	57	53	43.5	66	19.5	69	59	74	43	24.5	29.5	18.5	38	74.5	48.5	67	80	46.5	76	48	55.5	39	58.5	69.5	40	35	40.5	70	67.5	34	40	85	28.5	41	11	78	70	82	47	62	79	86	57	40	62	20.5	55	46	78	57	84.5	54.5	61.5	90	25	72	33.5	65	43	27.5	7	38	32.5	59	50.5	38.5	76	31	35	38.5	48.5	66	43	92.5	88	57.5	43	35.5	40.5	77.5	24.5	31.5	82.5	42.5	55.5	50.5	73.5	86.5	0	91	73.5	28.5	27	42	31.5	40	61	68.5	48	43.5	35.5	49.5	73	97	85.5	77	56	38	24.5	34.5	27	83.5	50.5	69	62	76	93.5	45.5	41	62.5	33	71	69.5	87	71	91	84	55	34	92	65.5	20.5	72.5	51	21.5	82	21.5	
6	42	78	63.5	75.5	44	88	89.5	55	83	20.5	73.5	80.5	41.5	64	68	49.5	55	93.5	30	62	47	74	85.5	91.5	92.5	83	20.5	72.5	28	31	74.5	27	73	59.5	80	54.5	51.5	81	86	66.5	51	53.5	75	71	26	89.5	52	80	43	39	23	68	59	20	5	38	71	53	76.5	56	65	39	58	10.5	60.5	57.5	1	84	49	69.5	36	54	88.5	98	69	88.5	50	46.5	82.5	17	62	86	54.5	64.5	47	78	28.5	33	53.5	54	85.5	76.5	43.5	70.5	89.5	28.5	78.5	65.5	70.5	29.5	32.5	91	0	47.5	92.5	68	79	67.5	81	32	34.5	73	77.5	85.5	71.5	24	12	29.5	44	55	79	88.5	80.5	78	19.5	70.5	40	59	37	19.5	71.5	70	48.5	82	22	51.5	4	50	18	33	54	87	17	41.5	99.5	36.5	42	95.5	39	77.5	
41.5	22.5	56.5	46	54	8.5	66.5	80	19.5	61.5	39	56	45	42	30.5	46.5	50	19.5	58	30.5	42.5	27.5	60.5	84	58	57	61.5	31	47	28.5	28.5	55	32.5	51.5	24	64.5	45	28	63.5	68.5	63	23.5	36	69.5	63.5	33.5	80	52.5	80.5	21.5	8.5	36.5	56.5	25.5	35.5	42.5	38.5	63.5	41.5	77	48.5	29.5	25.5	46.5	41	49	42	46.5	48.5	15.5	70	36.5	54.5	81	66.5	65.5	61	44.5	47	47	32.5	62.5	58.5	55	55	37.5	46.5	31	26.5	46	54.5	54	63	4	71	70	31	61	34	39	18	27	73.5	47.5	0	67	68.5	55.5	68	53.5	32.5	35	41.5	42	64	38	29.5	35.5	24	20.5	19.5	65.5	53	69	76.5	40	39	34.5	35.5	27.5	40	58	34.5	41	46.5	27.5	28	43.5	24.5	29.5	22.5	18.5	57.5	30.5	38	64	11	42.5	60	20.5	78	
86.5	72.5	36.5	51	39	58.5	26.5	35	59.5	31.5	94	41	30	57	50.5	46.5	45	59.5	9	70.5	52.5	67.5	40.5	31	23	10	31.5	76	42	68.5	81.5	40	77.5	41.5	49	34.5	60	63	33.5	28.5	42	63.5	61	35.5	41.5	86.5	35	42.5	25.5	71.5	63.5	83.5	46.5	55.5	80.5	87.5	58.5	41.5	61.5	16	56.5	39.5	75.5	56.5	86	54	57	91.5	18.5	65.5	35	66.5	44.5	34	21.5	39.5	26	60.5	52	32	77.5	32.5	28.5	40	50	67.5	36.5	86	81.5	59	44.5	29	38	71	26	3	84	36	49	44	75	82	28.5	92.5	67	0	28.5	35.5	33	33.5	62.5	70	41.5	37	29	43	74.5	90.5	79	70.5	49.5	35.5	18	34	28.5	85	44	70.5	55.5	77.5	95	43	34.5	64	26.5	72.5	63	88.5	64.5	84.5	77.5	48.5	27.5	85.5	67	19	66	52.5	7	75.5	15	
62	58	24	34.5	26.5	68	24	25.5	61	15	71.5	24.5	35.5	32.5	50	34	20.5	61	37.5	46	38	53	20	21.5	27.5	36.5	15	51.5	33.5	44	57	25.5	53	29	56.5	12	35.5	52.5	13	22	17.5	57	44.5	7	17	62	25.5	18	16	59	73	59	24	55	56	63	34	17	39	12.5	32	49	55	34	61.5	31.5	38.5	67	28	65	10.5	42	20	24.5	34	15	24.5	36	27.5	33.5	53	8	18	15.5	25.5	43	34	79.5	69	34.5	20	26.5	17.5	64.5	6.5	25.5	59.5	19.5	46.5	41.5	50.5	63.5	27	68	68.5	28.5	0	25	8.5	27	38	45.5	39	38.5	21.5	42.5	50	80	86.5	60	59	11	32.5	16.5	14	60.5	41.5	46	45	53	70.5	22.5	44	39.5	34	48	52.5	64	56	86	83	58	19	85	42.5	41.5	75.5	28	35.5	65	13.5	
73	61	1	39.5	27.5	47	35	46.5	48	30	82.5	29.5	18.5	43.5	39	35	31.5	48	26.5	57	41	56	5	42.5	26.5	25.5	30	62.5	30.5	55	68	28.5	64	30	37.5	33	46.5	51.5	32	37	28.5	52	49.5	32	8	73	46.5	29	37	60	52	70	35	44	67	74	45	8	50	33.5	43	28	64	45	72.5	42.5	45.5	78	17	54	26.5	53	31	45.5	35	10	29.5	47	38.5	20.5	64	17	27	26.5	36.5	54	25	74.5	70	45.5	31	22.5	31.5	59.5	27.5	38.5	70.5	29.5	37.5	32.5	61.5	70.5	42	79	55.5	35.5	25	0	24.5	2	49	56.5	30	25.5	32.5	31.5	61	79	67.5	59	38	34	21.5	37.5	35	71.5	32.5	57	44	64	81.5	31.5	23	50.5	9	59	51.5	75	53	73	66	37	26	74	53.5	32.5	54.5	39	28.5	64	34.5	
61.5	57.5	23.5	34	26	63.5	28.5	30	60.5	23.5	71	24	35	32	49.5	33.5	20	60.5	38	45.5	37.5	52.5	19.5	26	32	37	23.5	51	33	43.5	56.5	25	52.5	28.5	54	20.5	35	52	21.5	26.5	17	56.5	44	15.5	16.5	61.5	30	17.5	20.5	58.5	68.5	58.5	23.5	54.5	55.5	62.5	33.5	16.5	38.5	17	31.5	44.5	54.5	33.5	61	31	38	66.5	28.5	64.5	2	41.5	19.5	29	38.5	14.5	29	35.5	27	33	52.5	7.5	26.5	15	25	42.5	33.5	79	68.5	34	19.5	18	9	64	11	30	59	11	46	41	50	63	31.5	67.5	68	33	8.5	24.5	0	26.5	37.5	45	38.5	38	26	42	49.5	79.5	84	59.5	54.5	19.5	33	21	18.5	60	41	45.5	44.5	52.5	70	22	39.5	39	31.5	47.5	52	63.5	55.5	85.5	82.5	53.5	27.5	84.5	42	44	71	27.5	40	64.5	18	
75	59	3	37.5	25.5	45	33	46.5	46	28	80.5	27.5	16.5	45.5	37	33	33.5	46	24.5	59	39	54	7	44.5	24.5	23.5	28	64.5	28.5	57	70	26.5	66	28	35.5	31	46.5	49.5	30	35	30.5	50	47.5	34	10	75	46.5	31	39	58	50	72	33	42	69	76	47	10	48	35.5	45	26	62	43	74.5	40.5	43.5	80	15	52	28.5	55	33	47.5	33	12	27.5	49	40.5	18.5	66	19	25	28.5	36.5	54	23	72.5	68	47.5	33	20.5	29.5	57.5	29.5	36.5	72.5	27.5	35.5	30.5	63.5	68.5	40	81	53.5	33.5	27	2	26.5	0	51	58.5	28	23.5	30.5	29.5	63	77	65.5	57	36	32	19.5	35.5	37	73.5	30.5	59	42	64	81.5	29.5	21	52.5	7	61	49.5	77	51	71	64	35	24	72	55.5	30.5	52.5	41	26.5	62	36.5	
26	22	48	33.5	45.5	34	58	59.5	23	53	35.5	43.5	54.5	11.5	34	38	19.5	23	71.5	10	32	15	44	55.5	61.5	72.5	53	15.5	42.5	8	21	44.5	17	43	35.5	50	24.5	21.5	51	56	36.5	19	23.5	45	41	26	59.5	22	50	23	39	23	38	29	20	27	8	41	23	46.5	26	45	19	28	25.5	30.5	27.5	31	64	29	39.5	4	24	58.5	68	39	58.5	20	16.5	52.5	17	32	56	24.5	34.5	17	48	43.5	33	23.5	24	55.5	46.5	28.5	40.5	59.5	23.5	48.5	35.5	40.5	14.5	27.5	61	32	32.5	62.5	38	49	37.5	51	0	9.5	43	47.5	55.5	41.5	14	44	50.5	24	35	49	66.5	50.5	48	24.5	40.5	8	29	17	34.5	41.5	50	18.5	58	12	21.5	28	18	50	47	34	57	49	11.5	75.5	41.5	12	69.5	29	47.5	
28.5	24.5	55.5	41	53	26.5	65.5	67	32.5	60.5	38	51	58	19	41.5	45.5	27	32.5	71	12.5	39.5	24.5	51.5	63	69	70	60.5	18	50	10.5	23.5	52	19.5	50.5	37	57.5	32	29	58.5	63.5	44	28.5	31	52.5	48.5	28.5	67	29.5	57.5	25.5	31.5	25.5	45.5	36.5	22.5	29.5	15.5	48.5	30.5	54	33.5	42.5	21.5	35.5	28	38	35	33.5	61.5	31.5	47	13.5	31.5	66	75.5	46.5	66	27.5	24	60	19.5	39.5	63.5	32	42	24.5	55.5	46	35.5	31	31.5	63	54	31	48	67	26	56	43	48	17	30	68.5	34.5	35	70	45.5	56.5	45	58.5	9.5	0	50.5	55	63	49	16.5	46.5	47	26.5	32.5	56.5	66	58	55.5	27	48	17.5	36.5	19.5	37	49	47.5	26	59.5	14.5	29	30.5	27.5	52.5	45.5	31.5	64.5	51.5	19	77	34	19.5	73	31.5	55	
67	47	31	25.5	28.5	33	41	54.5	34	36	68.5	30.5	19.5	37.5	25	5	25.5	34	32.5	51	27	42	35	56.5	32.5	31.5	36	56.5	21.5	49	58	29.5	58	26	23.5	39	34.5	37.5	38	43	37.5	38	35.5	44	38	63	54.5	21	51	46	38	64	31	30	61	68	39	38	36	47.5	33	14	50	31	66.5	28.5	31.5	72	23	40	40.5	47	19	55.5	41	40	35.5	39	32.5	21.5	58	33	33	25.5	29.5	42	21	60.5	56	35.5	19	28.5	37.5	45.5	41.5	44.5	60.5	35.5	23.5	18.5	55.5	56.5	48	73	41.5	41.5	39	30	38.5	28	43	50.5	0	16.5	38.5	17.5	55	65	53.5	45	24	40	27.5	43.5	49	65.5	18.5	49	30	52	69.5	32.5	7	40.5	21	53	37.5	69	39	59	52	23	32	60	47.5	38.5	40.5	33	34.5	50	48.5	
71.5	47.5	26.5	26	24	33.5	36.5	50	34.5	31.5	69	26	15	42	25.5	21.5	30	34.5	28	55.5	27.5	42.5	30.5	54	28	27	31.5	61	5	53.5	58.5	25	62.5	21.5	24	34.5	35	38	33.5	38.5	33	38.5	36	39.5	33.5	63.5	50	27.5	50.5	46.5	38.5	66.5	26.5	30.5	65.5	72.5	43.5	33.5	36.5	47	33.5	14.5	50.5	31.5	71	29	32	76.5	18.5	40.5	40	51.5	29.5	51	36.5	35.5	31	39.5	37	17	62.5	32.5	28.5	23	13	42.5	16.5	61	56.5	36	29.5	24	33	46	41	40	61	31	24	19	60	57	43.5	77.5	42	37	38.5	25.5	38	23.5	47.5	55	16.5	0	34	18	59.5	65.5	54	45.5	24.5	35.5	23	39	46.5	70	19	49.5	30.5	52.5	70	28	9.5	41	16.5	57.5	38	73.5	39.5	59.5	52.5	23.5	27.5	60.5	48	34	41	37.5	30	50.5	48	
79.5	69.5	33.5	48	36	55.5	28.5	38	56.5	28.5	89	38	27	50	47.5	43.5	38	56.5	20	63.5	49.5	64.5	37.5	34	6	19	28.5	69	39	61.5	74.5	37	70.5	38.5	46	31.5	53	60	30.5	30.5	35	60.5	58	28.5	34.5	79.5	38	35.5	28.5	68.5	60.5	76.5	41.5	52.5	73.5	80.5	51.5	34.5	56.5	25	49.5	36.5	72.5	51.5	79	49	54	84.5	15.5	62.5	28	59.5	37.5	37	28.5	32.5	3	53.5	45	29	70.5	25.5	25.5	33	43	60.5	33.5	83	78.5	52	37.5	26	35	68	15	32	77	33	46	41	68	79	35.5	85.5	64	29	21.5	32.5	26	30.5	55.5	63	38.5	34	0	40	67.5	87.5	76	67.5	46.5	32.5	11	5	26.5	78	41	63.5	52.5	70.5	88	40	31.5	57	23.5	65.5	60	81.5	61.5	81.5	74.5	45.5	24.5	82.5	60	26	63	45.5	22	72.5	26	
65.5	43.5	32.5	8	30	29.5	42.5	56	30.5	37.5	65	32	21	36	21.5	22.5	22	30.5	34	49.5	23.5	38.5	36.5	60	34	33	37.5	55	23	47.5	54.5	31	56.5	27.5	20	40.5	31	34	39.5	44.5	39	34.5	32	45.5	39.5	59.5	56	26.5	54.5	42.5	34.5	62.5	32.5	26.5	59.5	66.5	37.5	39.5	32.5	51	29.5	10.5	46.5	27.5	65	11	28	70.5	24.5	36.5	44	45.5	28.5	57	42.5	41.5	37	35.5	31	23	56.5	36.5	34.5	29	31	38.5	22.5	57	52.5	32	28.5	30	39	42	45	46	57	37	20	1	54	53	49.5	71.5	38	43	42.5	31.5	42	29.5	41.5	49	17.5	18	40	0	53.5	61.5	50	41.5	20.5	41.5	29	45	52.5	64	1	45.5	26.5	48.5	66	34	10.5	37	22.5	51.5	34	67.5	35.5	55.5	48.5	19.5	33.5	56.5	44	40	37	31.5	36	46.5	52	
18	24	60	45.5	57.5	32	70	71.5	37	65	27.5	55.5	66.5	23.5	46	50	31.5	37	81.5	12	44	29	56	67.5	73.5	80.5	65	7.5	54.5	10	7	56.5	3	55	47.5	62	36.5	33.5	63	68	48.5	33	35.5	57	53	18	71.5	34	62	25	27	15	50	41	12	19	20	53	35	58.5	38	53	21	40	17.5	42.5	39.5	23	72	31	51.5	18	36	70.5	80	51	70.5	32	28.5	64.5	9	44	68	36.5	46.5	29	60	35.5	25	35.5	36	67.5	58.5	25.5	52.5	71.5	15.5	60.5	47.5	52.5	11.5	19.5	73	24	29.5	74.5	50	61	49.5	63	14	16.5	55	59.5	67.5	53.5	0	36	42.5	26	43	61	76.5	62.5	60	16.5	52.5	22	41	19	26.5	53.5	58	30.5	70	2	33.5	20	32	42	39	42	69	41	23.5	87.5	29.5	24	81.5	15	59.5	
18	46	80	69.5	77.5	32	90	101.5	43	85	32.5	79.5	68.5	53.5	54	70	61.5	43	81.5	42	66	51	84	97.5	81.5	80.5	85	32.5	70.5	40	43	78.5	39	75	47.5	88	66.5	51.5	87	92	78.5	47	59.5	87	83	38	101.5	64	92	45	27	35	80	49	32	17	50	83	65	88.5	68	53	49	70	22.5	72.5	65.5	13	72	39	81.5	48	66	100.5	90	81	84.5	62	58.5	70.5	29	74	82	66.5	76.5	59	70	24.5	35	65.5	66	77.5	86.5	39.5	82.5	93.5	40.5	84.5	57.5	62.5	41.5	40.5	97	12	35.5	90.5	80	79	79.5	77	44	46.5	65	65.5	87.5	61.5	36	0	17.5	44	43	89	76.5	92.5	90	31.5	62.5	52	59	49	31.5	81.5	58	60.5	70	34	51.5	16	48	6	21	42	81	5	53.5	87.5	24.5	54	83.5	39	89.5	
29.5	34.5	68.5	58	66	20.5	78.5	92	31.5	73.5	15	68	57	60	42.5	58.5	68	31.5	70	46.5	54.5	39.5	72.5	96	70	69	73.5	39	59	46.5	35.5	67	39.5	63.5	36	76.5	57	40	75.5	80.5	75	35.5	48	81.5	75.5	30.5	92	70.5	96.5	33.5	15.5	33.5	68.5	37.5	36.5	30.5	56.5	75.5	53.5	95	60.5	41.5	37.5	58.5	25	61	54	30.5	60.5	27.5	82	50.5	72.5	93	78.5	77.5	73	56.5	65	59	35.5	80.5	70.5	73	67	49.5	58.5	7	23.5	58	72.5	66	75	28	89	82	33	73	46	51	42	29	85.5	29.5	24	79	86.5	67.5	84	65.5	50.5	47	53.5	54	76	50	42.5	17.5	0	32.5	31.5	77.5	65	81	88.5	32	51	46.5	47.5	39.5	16	70	46.5	53	58.5	40.5	40	31.5	36.5	11.5	9.5	30.5	69.5	12.5	50	76	13	60.5	72	27.5	94	
38	2	60	49.5	57.5	12	70	81.5	23	65	47.5	59.5	48.5	33.5	34	50	41.5	23	61.5	14	46	31	64	77.5	61.5	60.5	65	27.5	50.5	16	33	58.5	29	55	27.5	68	46.5	31.5	67	72	58.5	27	39.5	67	63	38	81.5	44	72	1	17	35	60	29	32	39	30	63	45	68.5	48	33	5	50	37.5	52.5	45.5	43	52	5	61.5	28	46	80.5	70	61	64.5	42	38.5	50.5	29	54	62	46.5	56.5	39	50	39.5	35	45.5	46	57.5	66.5	24.5	62.5	73.5	35.5	64.5	37.5	42.5	26.5	35.5	77	44	20.5	70.5	60	59	59.5	57	24	26.5	45	45.5	67.5	41.5	26	44	32.5	0	23	69	56.5	72.5	70	36.5	42.5	32	39	7	46.5	61.5	38	40.5	50	24	31.5	40	28	38	31	22	61	39	33.5	67.5	19.5	34	63.5	29	69.5	
59	25	39	28.5	36.5	11	49	62.5	12	44	46.5	38.5	27.5	30.5	13	29	42.5	12	40.5	37	25	20	43	66.5	40.5	39.5	44	46.5	29.5	39	36	37.5	40	34	6.5	47	27.5	15.5	46	51	45.5	16	18.5	52	46	41	62.5	45	67	24	16	44	39	6	47	60	27	46	24	65.5	31	12	28	29	56.5	31.5	24.5	56	31	18	52.5	31	43	63.5	49	48	43.5	27	35.5	29.5	50	55	41	47.5	37.5	18	29	38.5	34	28.5	43	36.5	45.5	23.5	61.5	52.5	38.5	43.5	16.5	21.5	37.5	34.5	56	55	19.5	49.5	59	38	54.5	36	35	32.5	24	24.5	46.5	20.5	43	43	31.5	23	0	48	35.5	51.5	59	47.5	21.5	27	18	30	47.5	40.5	17	23.5	29	45	15.5	59	17	37	30	1	40	38	25.5	46.5	18.5	35	42.5	28	64.5	
73	69	35	45.5	37.5	57	35	36.5	58	4	82.5	35.5	28.5	43.5	49	45	31.5	58	26.5	57	49	64	31	32.5	26.5	25.5	4	62.5	40.5	55	68	36.5	64	40	47.5	1	46.5	61.5	2	33	28.5	62	55.5	4	28	73	36.5	29	27	70	62	70	35	54	67	74	45	28	50	23.5	43	38	66	45	72.5	42.5	49.5	78	17	64	21.5	53	31	35.5	35	26	29.5	47	38.5	30.5	64	19	7	26.5	36.5	54	35	84.5	80	45.5	31	27.5	28.5	69.5	17.5	36.5	70.5	30.5	47.5	42.5	61.5	74.5	38	79	65.5	35.5	11	34	19.5	32	49	56.5	40	35.5	32.5	41.5	61	89	77.5	69	48	0	21.5	27.5	25	71.5	42.5	57	54	64	81.5	33.5	33	50.5	25	59	61.5	75	63	83	76	47	8	84	53.5	32.5	64.5	39	28.5	74	24.5	
90.5	58.5	22.5	37	25	44.5	17.5	31	45.5	17.5	80	27	16	59	36.5	32.5	49	45.5	9	70.5	38.5	53.5	26.5	35	5	8	17.5	80	28	72.5	69.5	26	73.5	27.5	35	20.5	46	49	19.5	19.5	34	49.5	47	25.5	29.5	74.5	31	46.5	35.5	57.5	49.5	77.5	32.5	41.5	80.5	91.5	62.5	29.5	47.5	34	44.5	25.5	61.5	42.5	90	40	43	89.5	4.5	51.5	31	64.5	46.5	32	17.5	31.5	8	50.5	54	18	81.5	36.5	14.5	44	36	53.5	22.5	72	67.5	47	46.5	15	24	57	26	21	72	22	35	30	71	68	24.5	88.5	53	18	32.5	21.5	33	19.5	66.5	66	27.5	23	11	29	76.5	76.5	65	56.5	35.5	21.5	0	16	27.5	81	30	60.5	41.5	63.5	81	29	20.5	52	12.5	76.5	49	92.5	50.5	70.5	63.5	34.5	13.5	71.5	59	15	52	56.5	11	61.5	33	
74.5	70.5	36.5	47	39	60.5	31.5	33	61.5	31.5	84	37	32	45	52.5	46.5	33	61.5	25	58.5	50.5	65.5	32.5	29	11	24	31.5	64	44	56.5	69.5	38	65.5	41.5	51	28.5	48	65	29.5	29.5	30	65.5	57	23.5	29.5	74.5	33	30.5	23.5	71.5	65.5	71.5	36.5	57.5	68.5	75.5	46.5	29.5	51.5	20	44.5	41.5	67.5	46.5	74	44	51	79.5	20.5	67.5	23	54.5	32.5	32	33.5	27.5	8	48.5	40	34	65.5	20.5	30.5	28	38	55.5	38.5	88	81.5	47	32.5	31	30	73	10	33	72	32	51	46	63	76	34.5	80.5	69	34	16.5	37.5	21	35.5	50.5	58	43.5	39	5	45	62.5	92.5	81	72.5	51.5	27.5	16	0	21.5	73	46	58.5	57.5	65.5	83	35	36.5	52	28.5	60.5	65	76.5	66.5	86.5	79.5	50.5	29.5	87.5	55	31	68	40.5	27	77.5	21	
72	68	34	44.5	36.5	68	10	25.5	69	29	81.5	34.5	39.5	42.5	60	44	30.5	69	27.5	56	48	63	30	21.5	32.5	26.5	29	61.5	43.5	54	67	35.5	63	39	58.5	26	45.5	62.5	27	8	27.5	67	54.5	21	27	72	25.5	28	16	69	73	69	34	65	66	73	44	27	49	12.5	42	49	65	44	71.5	41.5	48.5	77	28	75	20.5	52	30	24.5	34	25	29.5	46	37.5	41.5	63	18	32	25.5	35.5	53	44	89.5	79	44.5	30	36.5	27.5	74.5	11.5	25.5	69.5	29.5	56.5	51.5	60.5	73.5	27	78	76.5	28.5	14	35	18.5	37	48	55.5	49	46.5	26.5	52.5	60	90	88.5	70	59	25	27.5	21.5	0	70.5	51.5	56	55	63	80.5	32.5	44	49.5	36	58	62.5	74	66	94	87	58	33	95	52.5	33.5	75.5	38	29.5	75	13.5	
13.5	34.5	70.5	56	68	36.5	80.5	82	47.5	75.5	23	66	73	34	56.5	60.5	42	47.5	86	22.5	54.5	39.5	66.5	78	84	85	75.5	13	65	20.5	23.5	67	19.5	65.5	52	72.5	47	44	73.5	78.5	59	43.5	46	67.5	63.5	18.5	82	44.5	72.5	35.5	31.5	15.5	60.5	51.5	12.5	14.5	30.5	63.5	45.5	69	48.5	57.5	31.5	50.5	13	53	50	18.5	76.5	41.5	62	28.5	46.5	81	90.5	61.5	81	42.5	39	75	9.5	54.5	78.5	47	57	39.5	70.5	31	25.5	46	46.5	78	69	36	63	82	21	71	58	63	22	25	83.5	19.5	40	85	60.5	71.5	60	73.5	24.5	27	65.5	70	78	64	16.5	31.5	32	36.5	47.5	71.5	81	73	70.5	0	63	32.5	51.5	29.5	22	64	62.5	41	74.5	14.5	44	15.5	42.5	37.5	30.5	46.5	79.5	36.5	34	92	29	34.5	88	31.5	70	
64.5	44.5	33.5	7	31	30.5	43.5	57	31.5	38.5	66	33	22	35	22.5	23.5	21	31.5	35	48.5	24.5	39.5	37.5	59	35	34	38.5	54	24	46.5	55.5	32	55.5	28.5	21	41.5	32	35	40.5	45.5	40	35.5	33	46.5	40.5	60.5	57	25.5	53.5	43.5	35.5	61.5	33.5	27.5	58.5	65.5	36.5	40.5	33.5	50	30.5	11.5	47.5	28.5	64	10	29	69.5	25.5	37.5	43	44.5	27.5	58	43.5	42.5	38	36.5	30	24	55.5	35.5	35.5	28	32	39.5	23.5	58	53.5	33	27.5	31	40	43	44	47	58	38	21	0	53	54	50.5	70.5	39	44	41.5	32.5	41	30.5	40.5	48	18.5	19	41	1	52.5	62.5	51	42.5	21.5	42.5	30	46	51.5	63	0	46.5	27.5	49.5	67	35	11.5	38	23.5	50.5	35	66.5	36.5	56.5	49.5	20.5	34.5	57.5	45	41	38	30.5	37	47.5	51	
34	30	56	41.5	53.5	26	66	67.5	15	61	43.5	51.5	52.5	19.5	38	46	27.5	15	65.5	18	40	7	52	63.5	65.5	64.5	61	23.5	50.5	16	29	52.5	25	51	31.5	58	32.5	29.5	59	64	44.5	11	31.5	53	49	34	67.5	30	58	31	31	31	46	33	28	35	16	49	31	54.5	34	37	27	36	33.5	38.5	35.5	39	56	33	47.5	4	32	66.5	74	47	66.5	28	24.5	54.5	25	40	64	32.5	42.5	25	54	51.5	41	31.5	32	61.5	54.5	36.5	48.5	67.5	31.5	56.5	41.5	46.5	22.5	35.5	69	40	34.5	70.5	46	57	45.5	59	8	17.5	49	49.5	63.5	45.5	22	52	46.5	32	27	57	60.5	58.5	56	32.5	46.5	0	37	25	42.5	49.5	42	26.5	54	20	29.5	36	10	52	45	26	65	53	19.5	71.5	33.5	20	67.5	37	55.5	
53	41	45	34.5	42.5	27	55	66.5	28	50	62.5	44.5	33.5	23.5	5	35	26.5	28	46.5	37	31	36	49	62.5	46.5	45.5	50	42.5	35.5	35	48	43.5	44	40	17.5	53	31.5	31.5	52	57	43.5	32	29.5	52	48	53	66.5	29	57	40	32	50	45	24	47	54	25	48	6	53.5	33	18	44	35	52.5	37.5	30.5	58	37	34	46.5	33	31	65.5	55	46	49.5	9	23.5	35.5	44	39	47	31.5	41.5	34	35	54.5	50	30.5	31	42.5	51.5	39.5	47.5	58.5	50.5	49.5	22.5	27.5	41.5	50.5	62	59	35.5	55.5	45	44	44.5	42	29	36.5	30	30.5	52.5	26.5	41	59	47.5	39	18	54	41.5	57.5	55	51.5	27.5	37	0	44	61.5	46.5	23	30.5	35	39	31.5	55	33	53	46	17	46	54	33.5	52.5	34.5	17	48.5	44	54.5	
31	5	63	48.5	60.5	19	73	74.5	30	68	40.5	58.5	55.5	26.5	41	53	34.5	30	68.5	7	47	32	59	70.5	68.5	67.5	68	20.5	57.5	9	26	59.5	22	58	34.5	65	39.5	36.5	66	71	51.5	34	38.5	60	56	31	74.5	37	65	6	24	28	53	36	25	32	23	56	38	61.5	41	40	2	43	30.5	45.5	42.5	36	59	12	54.5	21	39	73.5	77	54	71.5	35	31.5	57.5	22	47	69	39.5	49.5	32	57	46.5	38	38.5	39	64.5	61.5	31.5	55.5	74.5	28.5	63.5	44.5	49.5	19.5	32.5	76	37	27.5	77.5	53	64	52.5	64	17	19.5	52	52.5	70.5	48.5	19	49	39.5	7	30	64	63.5	65.5	63	29.5	49.5	25	44	0	39.5	56.5	45	33.5	57	17	36.5	33	35	45	38	29	68	46	26.5	74.5	26.5	27	70.5	34	62.5	
13.5	44.5	80.5	66	78	36.5	90.5	92	47.5	85.5	1	76	73	44	58.5	70.5	52	47.5	86	32.5	64.5	49.5	76.5	88	86	85	85.5	23	75	30.5	33.5	77	29.5	75.5	52	82.5	57	54	83.5	88.5	69	51.5	56	77.5	73.5	28.5	92	54.5	82.5	45.5	31.5	25.5	70.5	53.5	22.5	14.5	40.5	73.5	55.5	79	58.5	57.5	41.5	60.5	9	63	60	18.5	76.5	43.5	72	38.5	56.5	91	94.5	71.5	89	52.5	49	75	19.5	64.5	86.5	57	67	49.5	74.5	9	35.5	56	56.5	82	79	44	73	92	31	81	62	67	32	35	93.5	19.5	40	95	70.5	81.5	70	81.5	34.5	37	69.5	70	88	66	26.5	31.5	16	46.5	47.5	81.5	81	83	80.5	22	67	42.5	61.5	39.5	0	74	62.5	51	74.5	24.5	54	15.5	52.5	27.5	25.5	46.5	85.5	28.5	44	92	29	44.5	88	41.5	80	
65.5	61.5	32.5	38	4	49.5	42.5	44	50.5	37.5	75	2	13	36	41.5	37.5	24	50.5	34	49.5	41.5	56.5	28.5	40	34	33	37.5	55	33	47.5	60.5	3	56.5	32.5	40	34.5	39	54	35.5	40.5	5	54.5	48	29.5	25.5	65.5	44	21.5	34.5	62.5	54.5	62.5	27.5	46.5	59.5	66.5	37.5	25.5	42.5	31	35.5	30.5	58.5	37.5	65	35	42	70.5	24.5	56.5	24	45.5	23.5	43	42.5	23.5	37	39.5	31	11	56.5	16.5	34.5	19	29	46.5	27.5	77	72.5	38	23.5	30	31	62	25	44	63	33	40	35	54	67	45.5	71.5	58	43	22.5	31.5	22	29.5	41.5	49	32.5	28	40	34	53.5	81.5	70	61.5	40.5	33.5	29	35	32.5	64	35	49.5	46.5	56.5	74	0	25.5	43	22.5	51.5	54	67.5	55.5	75.5	68.5	39.5	33.5	76.5	46	40	57	31.5	36	66.5	32	
74	40	24	18.5	21.5	26	34	47.5	27	29	61.5	23.5	12.5	40.5	18	12	32.5	27	25.5	52	20	35	28	51.5	25.5	24.5	29	61.5	14.5	54	51	22.5	55	19	16.5	32	27.5	30.5	31	36	30.5	31	28.5	37	31	56	47.5	28	52	39	31	59	24	23	62	75	44	31	29	50.5	26	7	43	24	71.5	21.5	24.5	71	16	33	37.5	46	26	48.5	34	33	28.5	32	35.5	14.5	65	40	26	32.5	22.5	35	14	53.5	49	28.5	26	21.5	30.5	38.5	46.5	37.5	53.5	28.5	16.5	11.5	52.5	49.5	41	70	34.5	34.5	44	23	39.5	21	50	47.5	7	9.5	31.5	10.5	58	58	46.5	38	17	33	20.5	36.5	44	62.5	11.5	42	23	45	62.5	25.5	0	33.5	14	60	30.5	74	32	52	45	16	25	53	40.5	31.5	33.5	40	27.5	43	49.5	
42.5	38.5	49.5	35	47	32.5	59.5	61	33.5	54.5	52	45	44	7	29.5	39.5	21	33.5	57	26.5	33.5	33.5	45.5	57	57	56	54.5	32	44	24.5	37.5	46	33.5	44.5	17	51.5	26	33	52.5	57.5	38	37.5	5	46.5	42.5	42.5	61	23.5	51.5	39.5	37.5	39.5	39.5	29.5	36.5	43.5	14.5	42.5	24.5	48	27.5	28.5	35.5	29.5	42	32	29	47.5	47.5	39.5	41	22.5	25.5	60	65.5	40.5	60	21.5	18	46	33.5	33.5	57.5	26	36	23.5	45.5	60	49.5	25	25.5	53	48	45	42	61	40	50	33	38	31	44	62.5	48.5	41	64	39.5	50.5	39	52.5	18.5	26	40.5	41	57	37	30.5	60.5	53	40.5	23.5	50.5	52	52	49.5	41	38	26.5	30.5	33.5	51	43	33.5	0	45.5	28.5	33	44.5	36.5	58.5	51.5	22.5	56.5	59.5	23	63	40	13.5	59	45.5	49	
82	52	10	30.5	18.5	38	26	39.5	39	21	73.5	20.5	9.5	52.5	30	26	40.5	39	17.5	64	32	47	14	43.5	17.5	16.5	21	71.5	21.5	64	63	19.5	67	21	28.5	24	39.5	42.5	23	28	27.5	43	40.5	29	17	68	39.5	38	44	51	43	71	26	35	74	83	54	17	41	42.5	38	19	55	36	81.5	33.5	36.5	83	8	45	29.5	58	40	40.5	26	19	20.5	44	47.5	11.5	73	26	18	35.5	29.5	47	16	65.5	61	40.5	40	13.5	22.5	50.5	36.5	29.5	65.5	20.5	28.5	23.5	64.5	61.5	33	82	46.5	26.5	34	9	31.5	7	58	59.5	21	16.5	23.5	22.5	70	70	58.5	50	29	25	12.5	28.5	36	74.5	23.5	54	35	57	74.5	22.5	14	45.5	0	68	42.5	84	44	64	57	28	17	65	52.5	23.5	45.5	48	19.5	55	41.5	
16	22	58	43.5	55.5	34	68	69.5	35	63	25.5	53.5	64.5	21.5	44	48	29.5	35	81.5	10	42	27	54	65.5	71.5	82.5	63	5.5	52.5	8	9	54.5	5	53	45.5	60	34.5	31.5	61	66	46.5	31	33.5	55	51	16	69.5	32	60	23	29	13	48	39	10	17	18	51	33	56.5	36	55	19	38	15.5	40.5	37.5	21	74	29	49.5	16	34	68.5	78	49	68.5	30	26.5	62.5	7	42	66	34.5	44.5	27	58	33.5	23	33.5	34	65.5	56.5	23.5	50.5	69.5	13.5	58.5	45.5	50.5	9.5	17.5	71	22	27.5	72.5	48	59	47.5	61	12	14.5	53	57.5	65.5	51.5	2	34	40.5	24	45	59	76.5	60.5	58	14.5	50.5	20	39	17	24.5	51.5	60	28.5	68	0	31.5	18	30	40	37	44	67	39	21.5	85.5	31.5	22	79.5	17	57.5	
45.5	33.5	52.5	42	50	19.5	62.5	74	20.5	57.5	55	52	41	26	26.5	42.5	34	20.5	54	29.5	38.5	28.5	56.5	70	54	53	57.5	35	43	27.5	40.5	51	36.5	47.5	20	60.5	39	0	59.5	64.5	51	24.5	32	59.5	55.5	45.5	74	36.5	64.5	32.5	24.5	42.5	52.5	21.5	39.5	46.5	22.5	55.5	37.5	61	40.5	25.5	36.5	42.5	45	45	38	50.5	44.5	26.5	54	25.5	38.5	73	62.5	53.5	57	34.5	31	43	36.5	46.5	54.5	39	49	31.5	42.5	47	42.5	38	38.5	50	59	32	55	66	43	57	30	35	34	43	69.5	51.5	28	63	52.5	51.5	52	49.5	21.5	29	37.5	38	60	34	33.5	51.5	40	31.5	15.5	61.5	49	65	62.5	44	35	29.5	31.5	36.5	54	54	30.5	33	42.5	31.5	0	47.5	25.5	45.5	38.5	14.5	53.5	46.5	10	60	27	26.5	56	36.5	62	
2	38	74	59.5	71.5	48	84	85.5	51	79	16.5	69.5	80.5	37.5	60	64	45.5	51	97.5	26	58	43	70	81.5	87.5	96.5	79	16.5	68.5	24	27	70.5	23	69	61.5	76	50.5	47.5	77	82	62.5	47	49.5	71	67	22	85.5	48	76	39	43	19	64	55	16	1	34	67	49	72.5	52	69	35	54	6.5	56.5	53.5	3	88	45	65.5	32	50	84.5	94	65	84.5	46	42.5	78.5	13	58	82	50.5	60.5	43	74	24.5	29	49.5	50	81.5	72.5	39.5	66.5	85.5	24.5	74.5	61.5	66.5	25.5	28.5	87	4	43.5	88.5	64	75	63.5	77	28	30.5	69	73.5	81.5	67.5	20	16	31.5	40	59	75	92.5	76.5	74	15.5	66.5	36	55	33	15.5	67.5	74	44.5	84	18	47.5	0	46	22	33	58	83	21	37.5	101.5	40.5	38	95.5	35	73.5	
44	30	54	43.5	51.5	16	64	77.5	5	59	51.5	53.5	42.5	29.5	28	44	37.5	5	55.5	28	40	3	58	73.5	55.5	54.5	59	33.5	44.5	26	39	52.5	35	49	21.5	62	42.5	25.5	61	66	54.5	1	33.5	63	59	44	77.5	40	68	29	21	41	54	23	38	45	26	59	39	64.5	44	27	33	44	43.5	46.5	39.5	49	46	23	57.5	14	42	76.5	64	57	58.5	38	34.5	44.5	35	50	56	42.5	52.5	35	44	43.5	39	41.5	42	51.5	60.5	28.5	58.5	67.5	41.5	58.5	31.5	36.5	32.5	39.5	71	50	24.5	64.5	56	53	55.5	51	18	27.5	39	39.5	61.5	35.5	32	48	36.5	28	17	63	50.5	66.5	66	42.5	36.5	10	33	35	52.5	55.5	32	36.5	44	30	25.5	46	0	42	35	16	55	43	29.5	61.5	23.5	30	57.5	33	65.5	
24	40	74	63.5	71.5	26	84	97.5	37	79	26.5	73.5	62.5	59.5	48	64	67.5	37	75.5	48	60	45	78	101.5	75.5	74.5	79	38.5	64.5	46	41	72.5	45	69	41.5	82	62.5	45.5	81	86	80.5	41	53.5	87	81	36	97.5	70	98	39	21	39	74	43	38	23	56	81	59	94.5	66	47	43	64	28.5	66.5	59.5	19	66	33	87.5	54	72	98.5	84	83	78.5	62	64.5	64.5	35	80	76	72.5	72.5	55	64	18.5	29	63.5	72	71.5	80.5	33.5	88.5	87.5	38.5	78.5	51.5	56.5	47.5	34.5	91	18	29.5	84.5	86	73	85.5	71	50	52.5	59	59.5	81.5	55.5	42	6	11.5	38	37	83	70.5	86.5	94	37.5	56.5	52	53	45	27.5	75.5	52	58.5	64	40	45.5	22	42	0	15	36	75	1	55.5	81.5	18.5	60	77.5	33	95.5	
31	33	67	56.5	64.5	19	77	90.5	30	72	24.5	66.5	55.5	56.5	41	57	64.5	30	68.5	45	53	38	71	94.5	68.5	67.5	72	35.5	57.5	43	34	65.5	38	62	34.5	75	55.5	38.5	74	79	73.5	34	46.5	80	74	29	90.5	67	95	32	14	32	67	36	35	32	53	74	52	91.5	59	40	36	57	30.5	59.5	52.5	34	59	26	80.5	49	69	91.5	77	76	71.5	55	61.5	57.5	32	77	69	69.5	65.5	48	57	16.5	22	56.5	69	64.5	73.5	26.5	85.5	80.5	31.5	71.5	44.5	49.5	40.5	27.5	84	33	22.5	77.5	83	66	82.5	64	47	45.5	52	52.5	74.5	48.5	39	21	9.5	31	30	76	63.5	79.5	87	30.5	49.5	45	46	38	25.5	68.5	45	51.5	57	37	38.5	33	35	15	0	29	68	16	48.5	74.5	11.5	57	70.5	26	92.5	
60	24	38	27.5	35.5	10	48	61.5	11	43	45.5	37.5	26.5	29.5	12	28	41.5	11	39.5	36	24	19	42	65.5	39.5	38.5	43	45.5	28.5	38	35	36.5	39	33	5.5	46	26.5	14.5	45	50	44.5	15	17.5	51	45	40	61.5	44	66	23	15	43	38	7	46	59	28	45	23	64.5	30	11	27	28	55.5	30.5	23.5	55	30	17	51.5	30	42	62.5	48	47	42.5	26	34.5	28.5	49	54	40	46.5	36.5	19	28	37.5	33	27.5	42	35.5	44.5	22.5	60.5	51.5	37.5	42.5	15.5	20.5	36.5	33.5	55	54	18.5	48.5	58	37	53.5	35	34	31.5	23	23.5	45.5	19.5	42	42	30.5	22	1	47	34.5	50.5	58	46.5	20.5	26	17	29	46.5	39.5	16	22.5	28	44	14.5	58	16	36	29	0	39	37	24.5	45.5	17.5	34	41.5	27	63.5	
81	63	27	41.5	29.5	49	27	40.5	50	4	84.5	31.5	20.5	51.5	41	37	39.5	50	18.5	65	43	58	31	40.5	18.5	17.5	4	70.5	32.5	63	74	30.5	72	32	39.5	7	50.5	53.5	6	29	36.5	54	51.5	12	34	79	40.5	37	35	62	54	78	37	46	75	82	53	34	52	31.5	49	30	66	47	80.5	44.5	47.5	86	9	56	29.5	61	39	41.5	27	34	21.5	55	46.5	22.5	72	27	1	34.5	40.5	58	27	76.5	72	51.5	39	19.5	28.5	61.5	25.5	30.5	76.5	26.5	39.5	34.5	69.5	72.5	34	87	57.5	27.5	19	26	27.5	24	57	64.5	32	27.5	24.5	33.5	69	81	69.5	61	40	8	13.5	29.5	33	79.5	34.5	65	46	68	85.5	33.5	25	56.5	17	67	53.5	83	55	75	68	39	0	76	61.5	24.5	56.5	47	20.5	66	32.5	
23	41	75	64.5	72.5	27	85	98.5	38	80	27.5	74.5	63.5	58.5	49	65	66.5	38	76.5	47	61	46	79	102.5	76.5	75.5	80	37.5	65.5	45	42	73.5	44	70	42.5	83	63.5	46.5	82	87	81.5	42	54.5	88	82	37	98.5	69	97	40	22	40	75	44	37	22	55	82	60	93.5	67	48	44	65	27.5	67.5	60.5	18	67	34	86.5	53	71	99.5	85	84	79.5	63	63.5	65.5	34	79	77	71.5	73.5	56	65	19.5	30	64.5	71	72.5	81.5	34.5	87.5	88.5	39.5	79.5	52.5	57.5	46.5	35.5	92	17	30.5	85.5	85	74	84.5	72	49	51.5	60	60.5	82.5	56.5	41	5	12.5	39	38	84	71.5	87.5	95	36.5	57.5	53	54	46	28.5	76.5	53	59.5	65	39	46.5	21	43	1	16	37	76	0	56.5	82.5	19.5	59	78.5	34	94.5	
35.5	31.5	52.5	38	50	29.5	62.5	64	30.5	57.5	45	48	51	16	36.5	42.5	24	30.5	64	19.5	36.5	26.5	48.5	60	64	63	57.5	25	47	17.5	30.5	49	26.5	47.5	30	54.5	29	10	55.5	60.5	41	30.5	28	49.5	45.5	35.5	64	26.5	54.5	32.5	34.5	32.5	42.5	31.5	29.5	36.5	12.5	45.5	27.5	51	30.5	35.5	28.5	32.5	35	35	32	40.5	54.5	36.5	44	15.5	28.5	63	72.5	43.5	63	24.5	21	53	26.5	36.5	60.5	29	39	21.5	52.5	53	42.5	28	28.5	60	51	38	45	64	33	53	40	45	24	37	65.5	41.5	38	67	42.5	53.5	42	55.5	11.5	19	47.5	48	60	44	23.5	53.5	50	33.5	25.5	53.5	59	55	52.5	34	45	19.5	33.5	26.5	44	46	40.5	23	52.5	21.5	10	37.5	29.5	55.5	48.5	24.5	61.5	56.5	0	70	37	16.5	66	38.5	52	
99.5	69.5	33.5	48	36	55.5	23.5	16	56.5	28.5	91	38	27	70	47.5	43.5	58	56.5	10	81.5	49.5	64.5	37.5	20	20	9	28.5	89	39	81.5	80.5	37	84.5	38.5	46	31.5	57	60	30.5	25.5	45	60.5	58	36.5	40.5	85.5	16	55.5	31.5	68.5	60.5	88.5	43.5	52.5	91.5	100.5	71.5	40.5	58.5	35	55.5	36.5	72.5	53.5	99	51	54	100.5	15.5	62.5	42	75.5	57.5	17	13.5	42.5	23	61.5	65	29	90.5	45.5	25.5	53	47	64.5	33.5	83	78.5	58	57.5	26	35	68	39	22	83	33	46	41	82	79	20.5	99.5	64	19	41.5	32.5	44	30.5	75.5	77	38.5	34	26	40	87.5	87.5	76	67.5	46.5	32.5	15	31	33.5	92	41	71.5	52.5	74.5	92	40	31.5	63	23.5	85.5	60	101.5	61.5	81.5	74.5	45.5	24.5	82.5	70	0	63	65.5	12	72.5	34	
42.5	21.5	55.5	45	53	7.5	65.5	79	18.5	60.5	28	55	44	47	29.5	45.5	59	18.5	57	33.5	41.5	26.5	59.5	83	57	56	60.5	28	46	35.5	22.5	54	26.5	50.5	23	63.5	44	27	62.5	67.5	62	22.5	35	68.5	62.5	22.5	79	61.5	83.5	20.5	2.5	25.5	55.5	24.5	28.5	41.5	45.5	62.5	40.5	82	47.5	28.5	24.5	45.5	38	48	41	37.5	47.5	14.5	69	37.5	59.5	80	65.5	64.5	60	43.5	52	46	31.5	71.5	57.5	64	54	36.5	45.5	20	15.5	45	59.5	53	62	15	78	69	20	60	33	38	29	16	72.5	36.5	11	66	75.5	54.5	71	52.5	41.5	34	40.5	41	63	37	29.5	24.5	13	19.5	18.5	64.5	52	68	75.5	29	38	33.5	34.5	26.5	29	57	33.5	40	45.5	31.5	27	40.5	23.5	18.5	11.5	17.5	56.5	19.5	37	63	0	51.5	59	14.5	81	
36	32	38	23.5	35.5	44	48	49.5	35	43	45.5	33.5	44.5	6.5	22	28	9.5	35	61.5	20	22	27	34	45.5	51.5	62.5	43	25.5	32.5	18	31	34.5	27	33	30.5	40	14.5	26.5	41	46	26.5	31	18.5	35	31	36	49.5	12	40	33	49	33	28	29	30	37	8	31	11	36.5	16	35	29	18	35.5	20.5	17.5	41	54	39	29.5	16	14	48.5	58	29	48.5	8	6.5	42.5	27	22	46	14.5	24.5	17	38	53.5	43	13.5	14	45.5	36.5	38.5	30.5	49.5	33.5	38.5	25.5	30.5	24.5	37.5	51	42	42.5	52.5	28	39	27.5	41	12	19.5	33	37.5	45.5	31.5	24	54	60.5	34	35	39	56.5	40.5	38	34.5	30.5	20	17	27	44.5	31.5	40	13.5	48	22	26.5	38	30	60	57	34	47	59	16.5	65.5	51.5	0	59.5	39	37.5	
93.5	65.5	29.5	44	32	51.5	19.5	28	52.5	24.5	87	34	23	64	43.5	39.5	52	52.5	2	77.5	45.5	60.5	33.5	32	16	3	24.5	83	35	75.5	76.5	33	80.5	34.5	42	27.5	53	56	26.5	21.5	41	56.5	54	32.5	36.5	81.5	28	49.5	32.5	64.5	56.5	84.5	39.5	48.5	87.5	94.5	65.5	36.5	54.5	23	51.5	32.5	68.5	49.5	93	47	50	96.5	11.5	58.5	38	71.5	51.5	29	14.5	38.5	19	57.5	59	25	84.5	39.5	21.5	47	43	60.5	29.5	79	74.5	54	51.5	22	31	64	33	10	79	29	42	37	78	75	21.5	95.5	60	7	35.5	28.5	40	26.5	69.5	73	34.5	30	22	36	81.5	83.5	72	63.5	42.5	28.5	11	27	29.5	88	37	67.5	48.5	70.5	88	36	27.5	59	19.5	79.5	56	95.5	57.5	77.5	70.5	41.5	20.5	78.5	66	12	59	59.5	0	68.5	22	
33	31	65	54.5	62.5	17	75	86.5	28	70	42.5	64.5	53.5	38.5	39	55	46.5	28	66.5	27	51	36	69	82.5	66.5	65.5	70	22.5	55.5	25	8	63.5	12	60	32.5	73	51.5	36.5	72	77	63.5	32	44.5	72	68	33	86.5	49	77	30	12	30	65	34	27	34	35	68	50	73.5	53	38	34	55	32.5	57.5	50.5	38	57	24	66.5	33	51	85.5	75	66	69.5	47	43.5	55.5	24	59	67	51.5	61.5	44	55	34.5	30	50.5	51	62.5	71.5	24.5	67.5	78.5	30.5	69.5	42.5	47.5	26.5	30.5	82	39	20.5	75.5	65	64	64.5	62	29	31.5	50	50.5	72.5	46.5	15	39	27.5	29	28	74	61.5	77.5	75	31.5	47.5	37	44	34	41.5	66.5	43	45.5	55	17	36.5	35	33	33	26	27	66	34	38.5	72.5	14.5	39	68.5	0	74.5	
71.5	67.5	33.5	44	36	73.5	23.5	20	70.5	28.5	81	34	45	42	59.5	43.5	30	70.5	24	55.5	47.5	62.5	29.5	16	32	25	28.5	61	43	53.5	66.5	35	62.5	38.5	64	25.5	45	62	26.5	21.5	27	66.5	54	20.5	26.5	71.5	20	27.5	10.5	68.5	78.5	68.5	33.5	64.5	65.5	72.5	43.5	26.5	48.5	1	41.5	54.5	64.5	43.5	71	41	48	76.5	33.5	74.5	20	51.5	29.5	19	28.5	24.5	29	45.5	37	43	62.5	17.5	31.5	25	35	52.5	43.5	89	78.5	44	29.5	36	27	74	11	12	69	29	56	51	60	73	21.5	77.5	78	15	13.5	34.5	18	36.5	47.5	55	48.5	48	26	52	59.5	89.5	94	69.5	64.5	24.5	33	21	13.5	70	51	55.5	54.5	62.5	80	32	49.5	49	41.5	57.5	62	73.5	65.5	95.5	92.5	63.5	32.5	94.5	52	34	81	37.5	22	74.5	0	
