Number of items: 150
Horizon: 3
Time limit: 1000
Load limit: 9000
Initial item inventory level
72
20
39
78
68
49
122
55
17
14
86
95
84
23
186
148
68
112
43
92
81
28
90
188
24
26
176
166
90
11
184
120
48
66
57
84
72
20
62
188
144
99
70
28
82
29
158
48
170
53
95
75
110
162
182
36
60
90
162
42
36
92
20
36
38
146
45
46
17
95
41
93
190
112
61
83
156
108
62
42
59
38
118
44
196
36
95
18
30
88
22
140
96
168
168
62
196
26
44
108
188
144
56
17
88
74
24
35
58
12
67
86
40
95
32
146
102
54
46
74
46
36
63
186
172
90
124
114
66
158
94
64
24
12
92
61
41
24
66
20
60
104
89
40
91
99
92
64
138
15
Maximum inventory capacity per item
144
40
78
117
102
98
183
110
34
28
129
190
126
46
279
222
102
168
86
138
162
56
135
282
36
39
264
249
135
22
276
180
96
99
114
126
144
30
93
282
216
198
105
56
123
58
237
72
255
106
190
150
165
243
273
54
120
135
243
63
54
184
40
54
57
219
90
92
34
190
82
186
285
168
122
166
234
162
93
63
118
57
177
88
294
72
190
36
45
176
44
210
144
252
252
93
294
39
66
162
282
216
112
34
176
111
36
70
87
24
134
172
60
190
64
219
153
81
92
111
69
54
126
279
258
135
186
171
132
237
188
128
48
24
184
122
82
36
132
40
120
156
178
80
182
198
184
96
207
30
Reserve storage replenishment rate per item and per period
432	0	0	
120	0	0	
234	0	0	
234	0	0	
204	0	0	
294	0	0	
366	0	0	
330	0	0	
102	0	0	
84	0	0	
258	0	0	
570	0	0	
252	0	0	
138	0	0	
558	0	0	
444	0	0	
204	0	0	
336	0	0	
258	0	0	
276	0	0	
486	0	0	
168	0	0	
270	0	0	
564	0	0	
72	0	0	
78	0	0	
528	0	0	
498	0	0	
270	0	0	
66	0	0	
552	0	0	
360	0	0	
288	0	0	
198	0	0	
342	0	0	
252	0	0	
432	0	0	
60	0	0	
186	0	0	
564	0	0	
432	0	0	
594	0	0	
210	0	0	
168	0	0	
246	0	0	
174	0	0	
474	0	0	
144	0	0	
510	0	0	
318	0	0	
570	0	0	
450	0	0	
330	0	0	
486	0	0	
546	0	0	
108	0	0	
360	0	0	
270	0	0	
486	0	0	
126	0	0	
108	0	0	
552	0	0	
120	0	0	
108	0	0	
114	0	0	
438	0	0	
270	0	0	
276	0	0	
102	0	0	
570	0	0	
246	0	0	
558	0	0	
570	0	0	
336	0	0	
366	0	0	
498	0	0	
468	0	0	
324	0	0	
186	0	0	
126	0	0	
354	0	0	
114	0	0	
354	0	0	
264	0	0	
588	0	0	
216	0	0	
570	0	0	
108	0	0	
90	0	0	
528	0	0	
132	0	0	
420	0	0	
288	0	0	
504	0	0	
504	0	0	
186	0	0	
588	0	0	
78	0	0	
132	0	0	
324	0	0	
564	0	0	
432	0	0	
336	0	0	
102	0	0	
528	0	0	
222	0	0	
72	0	0	
210	0	0	
174	0	0	
72	0	0	
402	0	0	
516	0	0	
120	0	0	
570	0	0	
192	0	0	
438	0	0	
306	0	0	
162	0	0	
276	0	0	
222	0	0	
138	0	0	
108	0	0	
378	0	0	
558	0	0	
516	0	0	
270	0	0	
372	0	0	
342	0	0	
396	0	0	
474	0	0	
564	0	0	
384	0	0	
144	0	0	
72	0	0	
552	0	0	
366	0	0	
246	0	0	
72	0	0	
396	0	0	
120	0	0	
360	0	0	
312	0	0	
534	0	0	
240	0	0	
546	0	0	
594	0	0	
552	0	0	
192	0	0	
414	0	0	
90	0	0	
Forward storage demand rate per item and per period
72	20	133	
20	10	25	
39	5	52	
39	67	33	
34	22	28	
49	30	64	
61	38	61	
55	43	91	
17	17	17	
14	16	11	
43	72	43	
95	106	58	
42	51	38	
23	5	19	
93	37	56	
74	51	108	
34	30	24	
56	48	68	
43	35	44	
46	32	55	
81	106	56	
28	33	23	
45	21	12	
94	75	15	
12	15	8	
13	7	6	
88	129	35	
83	107	100	
45	12	46	
11	16	6	
92	119	140	
60	75	53	
48	64	20	
33	26	31	
57	54	48	
42	55	53	
72	135	65	
10	17	10	
31	21	18	
94	74	35	
72	112	79	
99	73	133	
35	35	44	
28	29	40	
41	23	24	
29	42	21	
79	97	116	
24	10	28	
85	3	108	
53	84	71	
95	51	58	
75	96	109	
55	58	57	
81	143	80	
91	148	91	
18	24	6	
60	74	28	
45	24	11	
81	90	86	
21	19	31	
18	21	28	
92	109	144	
20	12	9	
18	22	19	
19	34	5	
73	48	87	
45	49	41	
46	50	42	
17	30	24	
95	107	109	
41	45	48	
93	80	92	
95	57	127	
56	84	78	
61	38	74	
83	83	80	
78	84	112	
54	57	67	
31	31	33	
21	23	8	
59	31	98	
19	24	17	
59	65	27	
44	52	57	
98	130	140	
36	34	46	
95	89	9	
18	16	18	
15	5	17	
88	89	46	
22	6	30	
70	13	30	
48	65	39	
84	35	84	
84	113	107	
31	5	28	
98	154	72	
13	11	17	
22	19	6	
54	79	44	
94	85	110	
72	83	36	
56	68	87	
17	16	9	
88	87	75	
37	45	19	
12	17	11	
35	13	56	
29	45	43	
12	14	18	
67	80	75	
86	116	92	
20	31	10	
95	99	126	
32	48	30	
73	93	45	
51	71	61	
27	43	41	
46	49	24	
37	17	15	
23	11	37	
18	16	26	
63	104	88	
93	178	29	
86	80	73	
45	38	44	
62	104	91	
57	82	24	
66	103	50	
79	122	38	
94	101	36	
64	60	78	
24	12	16	
12	16	12	
92	76	33	
61	46	54	
41	23	72	
12	8	9	
66	51	80	
20	34	8	
60	40	23	
52	52	96	
89	137	53	
40	53	21	
91	53	70	
99	97	104	
92	156	129	
32	15	33	
69	68	90	
15	21	3	
Distance matrix
0	62	68	9.5	73.5	51	71	32	65	47.5	65.5	71.5	17	54.5	98.5	28.5	23.5	64	38	45.5	22.5	35.5	58.5	62.5	18.5	47	31.5	41	19.5	82.5	28.5	9.5	95	76.5	76.5	43.5	30	33	41.5	80.5	17	77.5	98	64	30	75.5	20.5	19	92	29.5	55.5	15.5	45	100.5	70	30	50.5	23.5	31	2	25	96.5	30	35.5	64	58	38.5	48	71.5	66.5	62	33	32.5	26	19	43.5	57.5	78	68	61	38	50.5	65	46	87	76	28	78.5	84	37	68	77.5	81.5	25.5	52.5	81	22	49	82	29.5	26.5	45	72	17.5	82.5	16	44.5	18.5	17	71	56.5	97.5	64.5	82.5	49.5	40	52	11.5	92.5	23.5	29.5	69	68.5	60.5	59	57	67	62.5	83.5	24.5	54.5	34	50.5	29	17.5	40.5	73	67.5	88.5	49	74	72	62.5	53	42	45	46.5	58.5	78	38	56.5	
62	0	20	56.5	15.5	53	33	54	53	64.5	22.5	13.5	49	41.5	40.5	85.5	70.5	16	50	42.5	69.5	82.5	25.5	49.5	75.5	19	38.5	43	66.5	35.5	85.5	56.5	37	18.5	18.5	60.5	62	65	28.5	37.5	49	19.5	40	36	88	32.5	67.5	71	34	86.5	62.5	52.5	27	42.5	48	62	57.5	40.5	63	64	77	38.5	82	62.5	54	30	35.5	30	13.5	51.5	34	65	79.5	68	81	20.5	34.5	16	20	53	40	47.5	37	18	29	18	50	20.5	26	79	30	19.5	23.5	52.5	49.5	23	54	51	24	86.5	63.5	37	10	54.5	35.5	58	71.5	75.5	49	43	53.5	35.5	11.5	24.5	36.5	52	14	58.5	34.5	50.5	46.5	11	45.5	17.5	31	49	19	29.5	30.5	61.5	61.5	84	37.5	71	64.5	47.5	45	34.5	30.5	61	16	10	55.5	65	34	27	23.5	35.5	20	40	61.5	
68	20	0	62.5	31.5	51	31	60	37	54.5	28.5	29.5	55	47.5	38.5	73.5	76.5	4	56	48.5	75.5	66.5	31.5	39.5	81.5	25	44.5	49	72.5	19.5	73.5	62.5	37	34.5	34.5	58.5	68	69	34.5	21.5	55	35.5	34	38	72	26.5	73.5	77	30	72.5	46.5	58.5	33	36.5	32	68	51.5	46.5	69	70	77	40.5	72	66.5	38	36	41.5	36	29.5	35.5	40	69	69.5	74	83	26.5	40.5	34	0	41	46	51.5	37	24	45	34	56	36.5	42	65	34	35.5	35.5	58.5	49.5	39	60	53	40	72.5	69.5	43	30	60.5	19.5	64	57.5	81.5	55	31	45.5	29.5	22.5	34.5	42.5	58	20	64.5	34.5	56.5	52.5	27	33.5	23.5	37	45	1	35.5	23.5	67.5	47.5	68	43.5	73	70.5	53.5	29	34.5	38.5	53	32	30	39.5	49	40	33	29.5	41.5	36	46	45.5	
9.5	56.5	62.5	0	68	45.5	65.5	26.5	55.5	42	60	66	11.5	49	93	33	14	58.5	32.5	40	13	26	53	57	23	41.5	26	35.5	10	73	33	0	89.5	71	71	38	24.5	27.5	36	75	11.5	72	92.5	58.5	35.5	70	11	18.5	86.5	34	50	10	39.5	95	60.5	24.5	45	18	25.5	11.5	24.5	91	29.5	30	56.5	52.5	33	42.5	66	59	56.5	27.5	23	20.5	28.5	38	52	72.5	62.5	55.5	32.5	45	59.5	40.5	81.5	70.5	22.5	73	78.5	31.5	62.5	72	76	20	47	75.5	16.5	43.5	76.5	34	21	39.5	66.5	12	73	10.5	39	23	11.5	65.5	51	88	59	77	44	34.5	46.5	2	87	18	24	63.5	63	55	53.5	51.5	61.5	57	78	19	49	31.5	45	23.5	8	35	67.5	62	83	43.5	68.5	66.5	53	47.5	36.5	39.5	41	53	72.5	32.5	49	
73.5	15.5	31.5	68	0	64.5	44.5	65.5	56.5	74	34	20	60.5	53	33	93	82	27.5	61.5	54	81	86	37	59	87	30.5	50	54.5	78	39	93	68	31.5	3	25	72	73.5	76.5	40	41	60.5	16	28.5	47.5	91.5	44	79	82.5	29.5	92	66	64	38.5	31	51.5	73.5	69	52	74.5	75.5	88.5	35	91.5	74	57.5	41.5	47	41.5	2	55	45.5	76.5	89	79.5	92.5	32	46	31.5	31.5	60.5	51.5	59	48.5	29.5	25.5	14.5	61.5	5	22.5	84.5	41.5	4	30	64	61	19.5	65.5	62.5	25.5	92	75	48.5	25.5	66	39	69.5	77	87	60.5	50.5	65	24	23	31	48	63.5	25.5	70	19	62	58	12.5	53	29	42.5	60.5	30.5	41	38	73	67	87.5	49	82.5	76	59	48.5	46	15	72.5	17.5	25.5	59	68.5	45.5	38.5	35	47	16.5	51.5	65	
51	53	51	45.5	64.5	0	38	37	14	21.5	48.5	62.5	38	29.5	55.5	40.5	45.5	55	31	28.5	46.5	33.5	45.5	21.5	50.5	38	27.5	10	49.5	31.5	40.5	45.5	54	67.5	57.5	25.5	39	36	32.5	33.5	38	68.5	51	35	39	38.5	48.5	50	47	39.5	13.5	41.5	36	53.5	19	39	18.5	29.5	38	53	44	57.5	39	33.5	15	41	29.5	39	62.5	17.5	37	36	36.5	43	50	34.5	36.5	51	51	18	13	23.5	34	37	62	67	39	65.5	65	32	41	66.5	52.5	41.5	21.5	68	43	2	57	39.5	42.5	34	57	43.5	31.5	47	24.5	50.5	38	28	17.5	46.5	55.5	51.5	34.5	29	43	47.5	51.5	39.5	35.5	60	25.5	51.5	40	22	52	41.5	40.5	44.5	14.5	35	33.5	40	51.5	28.5	26	36.5	55.5	20	65	57	11.5	16	33	36	37.5	35.5	69	13	12.5	
71	33	31	65.5	44.5	38	0	57	24	41.5	28.5	42.5	58	34.5	35.5	60.5	65.5	35	51	43.5	66.5	53.5	30.5	26.5	70.5	28	47.5	48	69.5	11.5	60.5	65.5	34	47.5	37.5	45.5	59	56	37.5	13.5	58	48.5	31	25	59	18.5	68.5	70	27	59.5	33.5	61.5	36	33.5	19	59	38.5	49.5	58	73	64	37.5	59	53.5	25	31	44.5	39	42.5	22.5	27	56	56.5	63	70	29.5	31.5	31	31	28	49	38.5	24	27	42	47	59	45.5	45	52	3	46.5	32.5	61.5	36.5	48	63	40	37	59.5	62.5	44	37	63.5	11.5	67	44.5	70.5	58	18	32.5	26.5	35.5	31.5	39.5	49	19	67.5	31.5	59.5	55.5	40	20.5	31.5	30	32	32	26.5	20.5	64.5	34.5	55	38.5	60	71.5	48.5	16	21.5	35.5	40	45	37	26.5	36	43	36	32.5	30.5	49	49	32.5	
32	54	60	26.5	65.5	37	57	0	33	25.5	57.5	63.5	19	46.5	74.5	39.5	40.5	56	30	37.5	39.5	32.5	50.5	40.5	45.5	39	23.5	33	36.5	50.5	39.5	26.5	73	68.5	68.5	29.5	32	35	33.5	52.5	19	69.5	70	54	38	57.5	37.5	41	66	38.5	27.5	22.5	37	72.5	38	32	32.5	15.5	33	34	43	76.5	38	32.5	34	50	30.5	40	63.5	36.5	54	35	35.5	38	49	35.5	49.5	70	60	37	30	42.5	53	38	79	68	4	70.5	76	31	60	69.5	71.5	22.5	40.5	73	24	39	74	38.5	33.5	37	64	24.5	50.5	28	23.5	45.5	19	47	36.5	65.5	56.5	70.5	41.5	32	44	28.5	70.5	20.5	21.5	61	44.5	52.5	51	41	59	54.5	59.5	31.5	28.5	34	42.5	39	34.5	32.5	45	55.5	74.5	29	66	64	30.5	25	34	37	38.5	50.5	70	30	26.5	
65	53	37	55.5	56.5	14	24	33	0	17.5	34.5	48.5	48	15.5	41.5	36.5	41.5	41	27	19.5	42.5	29.5	31.5	7.5	46.5	38	33.5	24	45.5	17.5	36.5	55.5	40	53.5	43.5	21.5	35	32	28.5	19.5	48	62.5	37	21	35	24.5	44.5	46	33	35.5	9.5	49.5	30	39.5	5	35	14.5	41.5	34	63	40	43.5	35	29.5	1	27	26.5	27	58.5	3.5	23	32	32.5	39	46	36.5	22.5	37	37	4	27	14.5	20	39	48	59	37	51.5	51	28	27	52.5	38.5	39.5	12.5	54	43	16	43	35.5	38.5	20	43	47.5	17.5	49	20.5	46.5	48	14	8.5	32.5	45.5	37.5	20.5	25	43	53.5	37.5	41.5	35.5	56	11.5	39.5	26	8	38	27.5	26.5	40.5	10.5	31	19.5	36	47.5	24.5	12	22.5	41.5	16	51	43	2.5	12	23	30	33.5	21.5	57	27	8.5	
47.5	64.5	54.5	42	74	21.5	41.5	25.5	17.5	0	52	66	34.5	33	59	29	34	58.5	24.5	32	35	22	49	25	39	49.5	34	31.5	38	35	29	42	57.5	71	61	4	27.5	24.5	44	37	34.5	80	54.5	38.5	27.5	42	37	38.5	50.5	28	12	38	47.5	57	22.5	27.5	17	24	26.5	49.5	32.5	61	27.5	22	18.5	44.5	39	44.5	74	21	40.5	24.5	25	31.5	38.5	46	40	54.5	54.5	21.5	34.5	27	37.5	48.5	65.5	76.5	29.5	69	68.5	20.5	44.5	70	56	32	25	71.5	35.5	23.5	60.5	28	31	37.5	60.5	40	35	41.5	13	39	34.5	31.5	21	50	63	55	38	22.5	54.5	44	55	34	18	71.5	29	57	43.5	25.5	55.5	45	44	33	13	23.5	37	28.5	40	27	29.5	40	59	13.5	68.5	60.5	15	9.5	40.5	47.5	49	39	74.5	34.5	11	
65.5	22.5	28.5	60	34	48.5	28.5	57.5	34.5	52	0	32	52.5	45	41	71	74	24.5	53.5	46	73	64	29	37	79	22.5	42	46.5	70	17	71	60	39.5	37	37	56	65.5	66.5	32	15	52.5	38	36.5	35.5	69.5	10	71	74.5	32.5	70	44	56	30.5	39	29.5	65.5	49	44	66.5	67.5	74.5	43	69.5	64	35.5	33.5	39	33.5	32	33	37.5	66.5	67	71.5	80.5	24	38	36.5	28.5	38.5	43.5	49	34.5	21.5	47.5	36.5	53.5	39	44.5	62.5	31.5	38	38	56	47	41.5	57.5	50.5	42.5	70	67	40.5	32.5	58	17	61.5	55	79	52.5	28.5	43	32	25	37	40	55.5	17.5	62	37	54	50	29.5	31	5	34.5	42.5	27.5	33	26	65	45	65.5	41	70.5	68	51	26.5	32	41	50.5	34.5	32.5	37	46.5	37.5	30.5	27	39	38.5	43.5	43	
71.5	13.5	29.5	66	20	62.5	42.5	63.5	48.5	66	32	0	58.5	51	35	85	80	25.5	59.5	52	79	78	35	51	85	28.5	48	52.5	76	31	85	66	33.5	23	5	70	71.5	74.5	38	33	58.5	24	30.5	45.5	83.5	38	77	80.5	26.5	84	58	62	36.5	33	43.5	71.5	63	50	72.5	73.5	86.5	37	83.5	72	49.5	39.5	45	39.5	18	47	43.5	74.5	81	77.5	90.5	30	44	29.5	29.5	52.5	49.5	57	46.5	27.5	33.5	22.5	59.5	25	30.5	76.5	39.5	24	10	62	59	27.5	63.5	60.5	28.5	84	73	46.5	23.5	64	31	67.5	69	85	58.5	42.5	57	26	21	11	46	61.5	23.5	68	31	60	56	15.5	45	27	40.5	56.5	28.5	39	30	71	59	79.5	47	80.5	74	57	40.5	44	35	64.5	20.5	23.5	51	60.5	43.5	36.5	33	45	24.5	49.5	57	
17	49	55	11.5	60.5	38	58	19	48	34.5	52.5	58.5	0	41.5	85.5	40.5	25.5	51	25	32.5	24.5	37.5	45.5	49.5	30.5	34	18.5	28	21.5	65.5	40.5	11.5	82	63.5	63.5	30.5	13	16	28.5	67.5	0	64.5	85	51	43	62.5	22.5	26	79	41.5	42.5	7.5	32	87.5	53	13	37.5	10.5	14	19	32	83.5	37	22.5	49	45	25.5	35	58.5	51.5	49	16	34.5	23	36	30.5	44.5	65	55	48	25	37.5	52	33	74	63	15	65.5	71	34	55	64.5	68.5	12.5	39.5	68	5	36	69	41.5	18.5	32	59	9.5	65.5	13	31.5	30.5	0	58	43.5	80.5	51.5	69.5	36.5	27	39	13.5	79.5	10.5	16.5	56	55.5	47.5	46	44	54	49.5	70.5	16.5	41.5	39	37.5	26	19.5	27.5	60	54.5	75.5	36	61	59	45.5	40	29	32	33.5	45.5	65	25	41.5	
54.5	41.5	47.5	49	53	29.5	34.5	46.5	15.5	33	45	51	41.5	0	52	52	57	43.5	42.5	35	58	45	38	8	62	26.5	31	35.5	59	28	52	49	50.5	56	54	37	50.5	47.5	13	30	41.5	57	47.5	31.5	50.5	35	60	61.5	43.5	51	25	45	24.5	50	15.5	50.5	30	33	49.5	56.5	55.5	54	50.5	45	16.5	37.5	28	27.5	51	12	33.5	47.5	48	54.5	61.5	23	33	47.5	47.5	19.5	32.5	30	30.5	25.5	58.5	55.5	42.5	58	61.5	43.5	37.5	57	49	45	28	60.5	46.5	31.5	53.5	51	54	29.5	51.5	47	28	50.5	36	62	41.5	24.5	24	43	44	48	5	40.5	31.5	51	48	43	39	48.5	22	40	36.5	23.5	46.5	38	37	54	26	46.5	4	51.5	57	40	22.5	33	52	31.5	53.5	51.5	18	27.5	26.5	24.5	26	32	57.5	32.5	24	
98.5	40.5	38.5	93	33	55.5	35.5	74.5	41.5	59	41	35	85.5	52	0	78	83	42.5	68.5	61	84	71	48	44	88	55.5	75	65.5	87	24	78	93	11.5	30	30	63	76.5	73.5	65	26	85.5	21	8.5	42.5	76.5	31	86	87.5	14.5	77	51	89	61.5	2	36.5	76.5	56	77	75.5	100.5	81.5	2	76.5	71	42.5	48.5	68	58.5	35	40	44.5	73.5	74	80.5	87.5	57	49	28.5	38.5	45.5	68.5	56	41.5	54.5	19.5	30.5	78.5	28	22.5	69.5	38.5	29	25	81	54	25.5	84.5	57.5	24.5	77	80	61.5	34.5	89	24	90.5	62	88	85.5	35.5	50	9	42	24	57	66.5	50.5	95	14	83	77	37.5	38	46	47.5	49.5	39.5	44	23	82	52	72.5	56	77.5	89	66	33.5	39	18	57.5	32.5	34.5	44	53.5	64.5	61.5	60	48	28.5	68.5	50	
28.5	85.5	73.5	33	93	40.5	60.5	39.5	36.5	29	71	85	40.5	52	78	0	23	77.5	43.5	51	24	11	68	44	10	70.5	55	50.5	27	54	0	33	76.5	90	80	33	31.5	28.5	65	56	40.5	99	73.5	57.5	6.5	61	26	22.5	69.5	1	31	39	66.5	76	41.5	31.5	36	47	30.5	30.5	16.5	80	11.5	31	37.5	63.5	58	63.5	95	40	59.5	28.5	14	25.5	17.5	67	59	73.5	73.5	40.5	53.5	46	56.5	69.5	84.5	95.5	43.5	88	87.5	14.5	63.5	89	75	41	44	90.5	39.5	42.5	79.5	1	30	56.5	79.5	39	54	35.5	22	10	40.5	50.5	40	69	82	74	57	41.5	75.5	35	74	43	47	92.5	48	76	62.5	44.5	74.5	64	63	32	32	7.5	56	22.5	29	46	48.5	59	78	32.5	87.5	79.5	34	28.5	59.5	66.5	70	58	93.5	53.5	30	
23.5	70.5	76.5	14	82	45.5	65.5	40.5	41.5	34	74	80	25.5	57	83	23	0	72.5	46.5	54	1	12	67	49	33	55.5	40	49.5	4	59	23	14	81.5	85	85	38	36.5	33.5	50	61	25.5	86	78.5	62.5	21.5	66	3	32.5	74.5	22	36	24	53.5	81	46.5	36.5	41	32	35.5	25.5	26.5	85	21.5	36	42.5	66.5	47	56.5	80	45	64.5	33.5	9	30.5	32.5	52	64	78.5	76.5	45.5	46.5	51	61.5	54.5	89.5	84.5	36.5	87	92.5	19.5	68.5	86	80	34	49	89.5	30.5	47.5	84.5	22	35	53.5	80.5	26	59	24.5	27	33	25.5	55.5	45	74	73	79	58	46.5	60.5	12	79	32	38	77.5	53	69	67.5	49.5	75.5	69	68	33	37	17.5	59	27.5	6	49	53.5	64	83	37.5	82.5	80.5	39	33.5	50.5	53.5	55	63	86.5	46.5	35	
64	16	4	58.5	27.5	55	35	56	41	58.5	24.5	25.5	51	43.5	42.5	77.5	72.5	0	52	44.5	71.5	70.5	27.5	43.5	77.5	21	40.5	45	68.5	23.5	77.5	58.5	41	30.5	30.5	62.5	64	67	30.5	25.5	51	31.5	38	38	76	30.5	69.5	73	34	76.5	50.5	54.5	29	40.5	36	64	55.5	42.5	65	66	79	44.5	76	64.5	42	32	37.5	32	25.5	39.5	36	67	73.5	70	83	22.5	36.5	32	4	45	42	49.5	39	20	41	30	52	32.5	38	69	32	31.5	35.5	54.5	51.5	35	56	53	36	76.5	65.5	39	26	56.5	23.5	60	61.5	77.5	51	35	49.5	33.5	18.5	36.5	38.5	54	16	60.5	38.5	52.5	48.5	23	37.5	19.5	33	49	3	31.5	27.5	63.5	51.5	72	39.5	73	66.5	49.5	33	36.5	42.5	57	28	26	43.5	53	36	29	25.5	37.5	32	42	49.5	
38	50	56	32.5	61.5	31	51	30	27	24.5	53.5	59.5	25	42.5	68.5	43.5	46.5	52	0	33.5	45.5	36.5	46.5	34.5	51.5	35	19.5	29	42.5	44.5	43.5	32.5	67	64.5	64.5	28.5	38	39	29.5	46.5	25	65.5	64	48	42	51.5	43.5	47	60	42.5	21.5	28.5	33	66.5	32	38	26.5	16.5	39	40	47	70.5	42	36.5	28	46	26.5	36	59.5	30.5	50	39	39.5	44	53	31.5	45.5	64	56	31	26	36.5	47	34	75	64	26	66.5	72	35	54	65.5	65.5	28.5	34.5	69	30	33	70	42.5	39.5	33	60	30.5	44.5	34	27.5	51.5	25	41	30.5	59.5	52.5	64.5	37.5	2	40	34.5	64.5	26.5	22.5	57	38.5	48.5	47	35	55	50.5	53.5	37.5	22.5	38	38.5	43	40.5	28.5	39	49.5	68.5	11	62	60	24.5	15	30	33	34.5	46.5	66	26	20.5	
45.5	42.5	48.5	40	54	28.5	43.5	37.5	19.5	32	46	52	32.5	35	61	51	54	44.5	33.5	0	53	44	39	27	59	27.5	22	26.5	50	37	51	40	59.5	57	57	36	45.5	46.5	22	39	32.5	58	56.5	40.5	49.5	44	51	54.5	52.5	50	24	36	25.5	59	24.5	45.5	29	24	46.5	47.5	54.5	63	49.5	44	20.5	38.5	7	28.5	52	23	42.5	46.5	47	51.5	60.5	24	38	56.5	48.5	23.5	23.5	5	39.5	26.5	67.5	56.5	33.5	59	64.5	42.5	46.5	58	58	36	7	61.5	37.5	30.5	62.5	50	47	25.5	52.5	38	37	41.5	35	59	32.5	33.5	11	52	45	57	30	35.5	32.5	42	57	34	30	49.5	31	41	39.5	27.5	47.5	43	46	45	25	45.5	31	50.5	48	31	31.5	42	61	30.5	54.5	52.5	17	26.5	22.5	25.5	27	39	58.5	23.5	23	
22.5	69.5	75.5	13	81	46.5	66.5	39.5	42.5	35	73	79	24.5	58	84	24	1	71.5	45.5	53	0	13	66	50	34	54.5	39	48.5	3	60	24	13	82.5	84	84	39	37.5	34.5	49	62	24.5	85	79.5	63.5	22.5	67	2	31.5	75.5	23	37	23	52.5	82	47.5	37.5	42	31	36.5	24.5	27.5	86	22.5	37	43.5	65.5	46	55.5	79	46	65.5	34.5	10	31.5	33.5	51	65	79.5	75.5	46.5	45.5	52	62.5	53.5	90.5	83.5	35.5	86	91.5	20.5	69.5	85	81	33	50	88.5	29.5	48.5	85.5	23	34	52.5	79.5	25	60	23.5	28	34	24.5	56.5	46	75	72	80	57	47.5	59.5	11	80	31	37	76.5	54	68	66.5	50.5	74.5	70	69	32	38	18.5	58	28.5	5	48	54.5	65	84	38.5	81.5	79.5	40	34.5	49.5	52.5	54	64	85.5	45.5	36	
35.5	82.5	66.5	26	86	33.5	53.5	32.5	29.5	22	64	78	37.5	45	71	11	12	70.5	36.5	44	13	0	61	37	21	67.5	48	43.5	16	47	11	26	69.5	83	73	26	24.5	21.5	58	49	37.5	92	66.5	50.5	9.5	54	15	20.5	62.5	10	24	34	59.5	69	34.5	24.5	29	44	23.5	37.5	14.5	73	9.5	24	30.5	56.5	51	56.5	88	33	52.5	21.5	3	18.5	20.5	64	52	66.5	66.5	33.5	46.5	39	49.5	66.5	77.5	88.5	36.5	81	80.5	7.5	56.5	82	68	34	37	83.5	32.5	35.5	72.5	10	23	49.5	72.5	32	47	28.5	15	21	37.5	43.5	33	62	75	67	50	34.5	72.5	24	67	36	40	85.5	41	69	55.5	37.5	67.5	57	56	25	25	5.5	49	15.5	18	39	41.5	52	71	25.5	80.5	72.5	27	21.5	52.5	59.5	63	51	86.5	46.5	23	
58.5	25.5	31.5	53	37	45.5	30.5	50.5	31.5	49	29	35	45.5	38	48	68	67	27.5	46.5	39	66	61	0	34	72	15.5	35	39.5	63	24	68	53	46.5	40	40	53	58.5	61.5	25	26	45.5	41	43.5	32.5	66.5	31	64	67.5	39.5	67	41	49	23.5	46	26.5	58.5	46	37	59.5	60.5	71.5	50	66.5	59	32.5	26.5	32	26.5	35	30	30.5	61.5	64	64.5	77.5	17	31	41.5	31.5	35.5	36.5	44	31.5	14.5	50.5	39.5	46.5	42	47.5	59.5	31.5	41	45	49	44	44.5	50.5	47.5	45.5	67	60	33.5	35.5	51	24	54.5	52	72	45.5	25.5	40	39	28	44	33	48.5	15.5	55	44	47	43	32.5	28	24	27.5	39.5	30.5	4	33	58	42	62.5	34	67.5	61	44	23.5	9	48	47.5	37.5	35.5	34	43.5	30.5	23.5	20	32	41.5	36.5	40	
62.5	49.5	39.5	57	59	21.5	26.5	40.5	7.5	25	37	51	49.5	8	44	44	49	43.5	34.5	27	50	37	34	0	54	34.5	39	31.5	53	20	44	57	42.5	56	46	29	42.5	39.5	21	22	49.5	65	39.5	23.5	42.5	27	52	53.5	35.5	43	17	53	32.5	42	7.5	42.5	22	41	41.5	64.5	47.5	46	42.5	37	8.5	29.5	34	29.5	59	4	25.5	39.5	40	46.5	53.5	31	25	39.5	39.5	11.5	34.5	22	22.5	33.5	50.5	61.5	44.5	54	53.5	35.5	29.5	55	41	47	20	56.5	50.5	23.5	45.5	43	46	27.5	45.5	55	20	56.5	28	54	49.5	16.5	16	35	48	40	13	32.5	39.5	59	40	49	43	56.5	14	42	28.5	15.5	40.5	30	29	48	18	38.5	12	43.5	55	32	14.5	25	44	23.5	53.5	45.5	10	19.5	30.5	32.5	34	24	59.5	34.5	16	
18.5	75.5	81.5	23	87	50.5	70.5	45.5	46.5	39	79	85	30.5	62	88	10	33	77.5	51.5	59	34	21	72	54	0	60.5	45	54.5	33	64	10	23	86.5	90	90	43	41.5	38.5	55	66	30.5	91	83.5	67.5	16.5	71	34	32.5	79.5	11	41	29	58.5	86	51.5	41.5	46	37	40.5	20.5	26.5	90	21.5	41	47.5	71.5	52	61.5	85	50	69.5	38.5	24	35.5	27.5	57	69	83.5	81.5	50.5	51.5	56	66.5	59.5	94.5	89.5	41.5	92	97.5	24.5	73.5	91	85	39	54	94.5	35.5	52.5	89.5	11	40	58.5	85.5	31	64	29.5	32	0	30.5	60.5	50	79	78	84	63	51.5	65.5	25	84	37	43	82.5	58	74	72.5	54.5	80.5	74	73	38	42	17.5	64	32.5	31	54	58.5	69	88	42.5	87.5	85.5	44	38.5	55.5	58.5	60	68	91.5	51.5	40	
47	19	25	41.5	30.5	38	28	39	38	49.5	22.5	28.5	34	26.5	55.5	70.5	55.5	21	35	27.5	54.5	67.5	15.5	34.5	60.5	0	23.5	28	51.5	35.5	70.5	41.5	52	33.5	33.5	45.5	47	50	13.5	37.5	34	34.5	55	17	73	32.5	52.5	56	49	71.5	47.5	37.5	12	57.5	33	47	42.5	25.5	48	49	62	53.5	67	47.5	39	11	20.5	15	28.5	36.5	15	50	64.5	53	66	5.5	19.5	35	25	38	25	32.5	18	1	44	33	35	35.5	41	64	25	34.5	38.5	37.5	34.5	38	39	36	39	71.5	48.5	22	29	39.5	35.5	43	56.5	60.5	34	24	38.5	50.5	21.5	39.5	21.5	37	9	43.5	49.5	35.5	31.5	26	30.5	17.5	12	34	24	19.5	40.5	46.5	46.5	69	22.5	56	49.5	32.5	26	24.5	45.5	46	31	29	40.5	50	19	12	8.5	20.5	35	25	46.5	
31.5	38.5	44.5	26	50	27.5	47.5	23.5	33.5	34	42	48	18.5	31	75	55	40	40.5	19.5	22	39	48	35	39	45	23.5	0	17.5	36	51	55	26	71.5	53	53	30	31.5	34.5	18	53	18.5	54	70.5	40.5	53.5	52	37	40.5	66.5	54	24	22	21.5	73	38.5	31.5	19	10	32.5	33.5	46.5	73	51.5	32	34.5	34.5	15	24.5	48	37	38.5	34.5	49	37.5	50.5	20	34	54.5	44.5	37.5	14.5	27	41.5	22.5	63.5	52.5	19.5	55	60.5	46.5	44.5	54	58	22	29	57.5	23.5	25.5	58.5	54	33	21.5	48.5	24	51	27.5	39	45	18.5	47.5	33	66	41	59	26	21.5	28.5	28	69	20	16	45.5	45	37	35.5	33.5	43.5	39	60	31	23	49.5	27	40.5	34	9	45.5	44	65	30.5	50.5	48.5	31	30.5	18.5	21.5	23	35	54.5	14.5	25	
41	43	49	35.5	54.5	10	48	33	24	31.5	46.5	52.5	28	35.5	65.5	50.5	49.5	45	29	26.5	48.5	43.5	39.5	31.5	54.5	28	17.5	0	45.5	41.5	50.5	35.5	64	57.5	57.5	35.5	41	44	22.5	43.5	28	58.5	61	45	49	48.5	46.5	50	57	49.5	23.5	31.5	26	63.5	29	41	28.5	19.5	42	43	54	67.5	49	41.5	25	39	19.5	29	52.5	27.5	43	44	46.5	47	60	24.5	38.5	59	49	28	3	31.5	44	27	68	57	29	59.5	65	42	49	58.5	62.5	31.5	31.5	62	33	8	63	49.5	42.5	26	53	33.5	41.5	37	34.5	54.5	28	38	27.5	56.5	45.5	61.5	30.5	31	33	37.5	61.5	29.5	25.5	50	35.5	41.5	40	32	48	43.5	50.5	40.5	24.5	45	31.5	50	43.5	26.5	36	46.5	65.5	30	55	53	21.5	26	23	26	27.5	39.5	59	3	22.5	
19.5	66.5	72.5	10	78	49.5	69.5	36.5	45.5	38	70	76	21.5	59	87	27	4	68.5	42.5	50	3	16	63	53	33	51.5	36	45.5	0	63	27	10	85.5	81	81	42	34.5	37.5	46	65	21.5	82	82.5	66.5	25.5	70	1	28.5	78.5	26	40	20	49.5	85	50.5	34.5	45	28	35.5	21.5	30.5	89	25.5	40	46.5	62.5	43	52.5	76	49	66.5	37.5	13	30.5	36.5	48	62	82.5	72.5	49.5	42.5	55	65.5	50.5	91.5	80.5	32.5	83	88.5	23.5	72.5	82	84	30	53	85.5	26.5	51.5	86.5	26	31	49.5	76.5	22	63	20.5	31	33	21.5	59.5	49	78	69	83	54	44.5	56.5	8	83	28	34	73.5	57	65	63.5	53.5	71.5	67	72	29	41	21.5	55	31.5	2	45	57.5	68	87	41.5	78.5	76.5	43	37.5	46.5	49.5	51	63	82.5	42.5	39	
82.5	35.5	19.5	73	39	31.5	11.5	50.5	17.5	35	17	31	65.5	28	24	54	59	23.5	44.5	37	60	47	24	20	64	35.5	51	41.5	63	0	54	73	22.5	36	26	39	52.5	49.5	41	2	65.5	45	19.5	18.5	52.5	7	62	63.5	15.5	53	27	67	37.5	22	12.5	52.5	32	59	51.5	80.5	57.5	26	52.5	47	18.5	24.5	44	34.5	41	16	20.5	49.5	50	56.5	63.5	39	25	19.5	19.5	21.5	44.5	32	17.5	36.5	30.5	41.5	54.5	34	33.5	45.5	14.5	35	21	57	30	36.5	60.5	33.5	25.5	53	56	37.5	25.5	65	0	66.5	38	64	65.5	11.5	26	15	28	20	33	42.5	30.5	71	20	59	53	38.5	14	22	23.5	25.5	20.5	20	9	58	28	48.5	32	53.5	65	42	9.5	15	24	33.5	33.5	25.5	20	29.5	40.5	37.5	36	24	39.5	44.5	26	
28.5	85.5	73.5	33	93	40.5	60.5	39.5	36.5	29	71	85	40.5	52	78	0	23	77.5	43.5	51	24	11	68	44	10	70.5	55	50.5	27	54	0	33	76.5	90	80	33	31.5	28.5	65	56	40.5	99	73.5	57.5	6.5	61	26	22.5	69.5	1	31	39	66.5	76	41.5	31.5	36	47	30.5	30.5	16.5	80	11.5	31	37.5	63.5	58	63.5	95	40	59.5	28.5	14	25.5	17.5	67	59	73.5	73.5	40.5	53.5	46	56.5	69.5	84.5	95.5	43.5	88	87.5	14.5	63.5	89	75	41	44	90.5	39.5	42.5	79.5	1	30	56.5	79.5	39	54	35.5	22	10	40.5	50.5	40	69	82	74	57	41.5	75.5	35	74	43	47	92.5	48	76	62.5	44.5	74.5	64	63	32	32	7.5	56	22.5	29	46	48.5	59	78	32.5	87.5	79.5	34	28.5	59.5	66.5	70	58	93.5	53.5	30	
9.5	56.5	62.5	0	68	45.5	65.5	26.5	55.5	42	60	66	11.5	49	93	33	14	58.5	32.5	40	13	26	53	57	23	41.5	26	35.5	10	73	33	0	89.5	71	71	38	24.5	27.5	36	75	11.5	72	92.5	58.5	35.5	70	11	18.5	86.5	34	50	10	39.5	95	60.5	24.5	45	18	25.5	11.5	24.5	91	29.5	30	56.5	52.5	33	42.5	66	59	56.5	27.5	23	20.5	28.5	38	52	72.5	62.5	55.5	32.5	45	59.5	40.5	81.5	70.5	22.5	73	78.5	31.5	62.5	72	76	20	47	75.5	16.5	43.5	76.5	34	21	39.5	66.5	12	73	10.5	39	23	11.5	65.5	51	88	59	77	44	34.5	46.5	2	87	18	24	63.5	63	55	53.5	51.5	61.5	57	78	19	49	31.5	45	23.5	8	35	67.5	62	83	43.5	68.5	66.5	53	47.5	36.5	39.5	41	53	72.5	32.5	49	
95	37	37	89.5	31.5	54	34	73	40	57.5	39.5	33.5	82	50.5	11.5	76.5	81.5	41	67	59.5	82.5	69.5	46.5	42.5	86.5	52	71.5	64	85.5	22.5	76.5	89.5	0	28.5	28.5	61.5	75	72	61.5	24.5	82	32.5	3	41	75	29.5	84.5	86	13	75.5	49.5	85.5	60	9.5	35	75	54.5	73.5	74	97	80	13.5	75	69.5	41	47	66.5	57	31.5	38.5	43	72	72.5	79	86	53.5	47.5	27	37	44	67	54.5	40	51	8	19	77	26.5	11	68	37	27.5	23.5	79.5	52.5	14	83	56	23	75.5	78.5	60	33	87.5	22.5	89	60.5	86.5	82	34	48.5	7.5	40.5	22.5	55.5	65	47	91.5	12.5	81.5	75.5	34	36.5	44.5	46	48	38	42.5	21.5	80.5	50.5	71	54.5	76	87.5	64.5	32	37.5	16.5	56	31	33	42.5	52	63	60	56.5	46.5	17	67	48.5	
76.5	18.5	34.5	71	3	67.5	47.5	68.5	53.5	71	37	23	63.5	56	30	90	85	30.5	64.5	57	84	83	40	56	90	33.5	53	57.5	81	36	90	71	28.5	0	28	75	76.5	79.5	43	38	63.5	19	25.5	50.5	88.5	43	82	85.5	26.5	89	63	67	41.5	28	48.5	76.5	68	55	77.5	78.5	91.5	32	88.5	77	54.5	44.5	50	44.5	5	52	48.5	79.5	86	82.5	95.5	35	49	34.5	34.5	57.5	54.5	62	51.5	32.5	28.5	17.5	64.5	2	25.5	81.5	44.5	1	33	67	64	22.5	68.5	65.5	28.5	89	78	51.5	28.5	69	36	72.5	74	90	63.5	47.5	62	21	26	34	51	66.5	28.5	73	16	65	61	15.5	50	32	45.5	61.5	33.5	44	35	76	64	84.5	52	85.5	79	62	45.5	49	12	69.5	20.5	28.5	56	65.5	48.5	41.5	38	50	19.5	54.5	62	
76.5	18.5	34.5	71	25	57.5	37.5	68.5	43.5	61	37	5	63.5	54	30	80	85	30.5	64.5	57	84	73	40	46	90	33.5	53	57.5	81	26	80	71	28.5	28	0	65	76.5	75.5	43	28	63.5	29	25.5	44.5	78.5	33	82	85.5	21.5	79	53	67	41.5	28	38.5	76.5	58	55	77.5	78.5	83.5	32	78.5	73	44.5	44.5	50	44.5	23	42	46.5	75.5	76	82.5	89.5	35	49	30.5	34.5	47.5	54.5	58	43.5	32.5	36.5	27.5	64.5	30	35.5	71.5	40.5	29	5	67	56	32.5	68.5	59.5	31.5	79	78	51.5	28.5	69	26	72.5	64	90	63.5	37.5	52	21	26	6	51	66.5	28.5	73	26	65	61	20.5	40	32	45.5	51.5	33.5	44	25	76	54	74.5	52	79.5	79	62	35.5	41	30	59.5	25.5	28.5	46	55.5	48.5	41.5	38	50	29.5	54.5	52	
43.5	60.5	58.5	38	72	25.5	45.5	29.5	21.5	4	56	70	30.5	37	63	33	38	62.5	28.5	36	39	26	53	29	43	45.5	30	35.5	42	39	33	38	61.5	75	65	0	31.5	28.5	40	41	30.5	76	58.5	42.5	31.5	46	41	42.5	54.5	32	16	34	43.5	61	26.5	31.5	21	20	30.5	45.5	36.5	65	31.5	26	22.5	48.5	37	46.5	70	25	44.5	28.5	29	35.5	42.5	42	44	58.5	58.5	25.5	36.5	31	41.5	44.5	69.5	74.5	31.5	73	72.5	24.5	48.5	74	60	34	29	75.5	35.5	27.5	64.5	32	35	41.5	64.5	36	39	39.5	17	43	30.5	35.5	25	54	63	59	42	26.5	50.5	40	59	32	14	67.5	33	59	47.5	29.5	59.5	49	48	37	17	27.5	41	32.5	44	31	33.5	44	63	17.5	72.5	64.5	19	13.5	40.5	43.5	45	43	76.5	36.5	15	
30	62	68	24.5	73.5	39	59	32	35	27.5	65.5	71.5	13	50.5	76.5	31.5	36.5	64	38	45.5	37.5	24.5	58.5	42.5	41.5	47	31.5	41	34.5	52.5	31.5	24.5	75	76.5	76.5	31.5	0	3	41.5	54.5	13	77.5	72	56	30	59.5	35.5	39	68	30.5	29.5	20.5	45	74.5	40	0	34.5	23.5	1	32	35	78.5	30	29.5	36	58	38.5	48	71.5	38.5	58	3	27.5	34	41	43.5	57.5	72	68	39	38	44.5	55	46	83	76	28	78.5	84	23	62	77.5	73.5	25.5	42.5	81	8	41	78	30.5	31.5	45	72	22.5	52.5	26	20.5	41.5	13	49	38.5	67.5	64.5	72.5	49.5	40	52	26.5	72.5	23.5	29.5	69	46.5	60.5	59	43	67	62.5	61.5	29.5	30.5	26	50.5	31	32.5	40.5	47	57.5	76.5	31	74	72	32.5	27	42	45	46.5	56.5	78	38	28.5	
33	65	69	27.5	76.5	36	56	35	32	24.5	66.5	74.5	16	47.5	73.5	28.5	33.5	67	39	46.5	34.5	21.5	61.5	39.5	38.5	50	34.5	44	37.5	49.5	28.5	27.5	72	79.5	75.5	28.5	3	0	44.5	51.5	16	80.5	69	53	27	56.5	36.5	38	65	27.5	26.5	23.5	48	71.5	37	3	31.5	26.5	2	35	32	75.5	27	26.5	33	59	41.5	51	74.5	35.5	55	0	24.5	31	38	46.5	54.5	69	69	36	41	41.5	52	49	80	79	31	81.5	83	20	59	80.5	70.5	28.5	39.5	84	11	38	75	27.5	30.5	48	75	25.5	49.5	29	17.5	38.5	16	46	35.5	64.5	67.5	69.5	52.5	37	55	29.5	69.5	26.5	32.5	72	43.5	63.5	58	40	70	59.5	58.5	32.5	27.5	23	51.5	28	35.5	41.5	44	54.5	73.5	28	77	75	29.5	24	45	48	49.5	53.5	81	41	25.5	
41.5	28.5	34.5	36	40	32.5	37.5	33.5	28.5	44	32	38	28.5	13	65	65	50	30.5	29.5	22	49	58	25	21	55	13.5	18	22.5	46	41	65	36	61.5	43	43	40	41.5	44.5	0	43	28.5	44	60.5	30.5	63.5	42	47	50.5	56.5	64	38	32	11.5	63	28.5	41.5	37	20	42.5	43.5	56.5	63	61.5	42	29.5	24.5	15	14.5	38	25	28.5	44.5	59	47.5	60.5	10	24	44.5	34.5	32.5	19.5	27	31.5	12.5	53.5	42.5	29.5	45	50.5	56.5	34.5	44	48	32	29	47.5	33.5	30.5	48.5	64	43	16.5	38.5	34	41	37.5	49	55	28.5	37.5	33	56	31	49	8	31.5	18.5	38	59	30	26	35.5	35	27	25.5	28.5	33.5	29	50	41	39	59.5	9	50.5	44	27	35.5	34	55	40.5	40.5	38.5	31	40.5	13.5	11.5	13	25	44.5	19.5	37	
80.5	37.5	21.5	75	41	33.5	13.5	52.5	19.5	37	15	33	67.5	30	26	56	61	25.5	46.5	39	62	49	26	22	66	37.5	53	43.5	65	2	56	75	24.5	38	28	41	54.5	51.5	43	0	67.5	47	21.5	20.5	54.5	5	64	65.5	17.5	55	29	69	39.5	24	14.5	54.5	34	59	53.5	82.5	59.5	28	54.5	49	20.5	26.5	46	36.5	43	18	22.5	51.5	52	58.5	65.5	39	27	21.5	21.5	23.5	46.5	34	19.5	36.5	32.5	43.5	56.5	36	35.5	47.5	16.5	37	23	59	32	38.5	62.5	35.5	27.5	55	58	39.5	27.5	67	2	68.5	40	66	67.5	13.5	28	17	30	22	35	44.5	32.5	73	22	61	55	40.5	16	20	25.5	27.5	22.5	22	11	60	30	50.5	34	55.5	67	44	11.5	17	26	35.5	35.5	27.5	22	31.5	42.5	39.5	38	26	41.5	46.5	28	
17	49	55	11.5	60.5	38	58	19	48	34.5	52.5	58.5	0	41.5	85.5	40.5	25.5	51	25	32.5	24.5	37.5	45.5	49.5	30.5	34	18.5	28	21.5	65.5	40.5	11.5	82	63.5	63.5	30.5	13	16	28.5	67.5	0	64.5	85	51	43	62.5	22.5	26	79	41.5	42.5	7.5	32	87.5	53	13	37.5	10.5	14	19	32	83.5	37	22.5	49	45	25.5	35	58.5	51.5	49	16	34.5	23	36	30.5	44.5	65	55	48	25	37.5	52	33	74	63	15	65.5	71	34	55	64.5	68.5	12.5	39.5	68	5	36	69	41.5	18.5	32	59	9.5	65.5	13	31.5	30.5	0	58	43.5	80.5	51.5	69.5	36.5	27	39	13.5	79.5	10.5	16.5	56	55.5	47.5	46	44	54	49.5	70.5	16.5	41.5	39	37.5	26	19.5	27.5	60	54.5	75.5	36	61	59	45.5	40	29	32	33.5	45.5	65	25	41.5	
77.5	19.5	35.5	72	16	68.5	48.5	69.5	62.5	80	38	24	64.5	57	21	99	86	31.5	65.5	58	85	92	41	65	91	34.5	54	58.5	82	45	99	72	32.5	19	29	76	77.5	80.5	44	47	64.5	0	29.5	51.5	97.5	48	83	86.5	35.5	98	72	68	42.5	23	57.5	77.5	73	56	78.5	79.5	92.5	19	97.5	78	63.5	45.5	51	45.5	14	61	49.5	80.5	95	83.5	96.5	36	50	35.5	35.5	66.5	55.5	63	52.5	33.5	24.5	13.5	65.5	21	21.5	90.5	45.5	20	34	68	65	18.5	69.5	66.5	29.5	98	79	52.5	29.5	70	45	73.5	83	91	64.5	56.5	69	30	27	35	52	67.5	29.5	74	35	66	62	16.5	59	33	46.5	64.5	34.5	45	44	77	73	93.5	53	86.5	80	63	54.5	50	31	76.5	21.5	29.5	65	74.5	49.5	42.5	39	51	15.5	55.5	71	
98	40	34	92.5	28.5	51	31	70	37	54.5	36.5	30.5	85	47.5	8.5	73.5	78.5	38	64	56.5	79.5	66.5	43.5	39.5	83.5	55	70.5	61	82.5	19.5	73.5	92.5	3	25.5	25.5	58.5	72	69	60.5	21.5	85	29.5	0	38	72	26.5	81.5	83	10	72.5	46.5	86.5	57	6.5	32	72	51.5	76.5	71	100	77	10.5	72	66.5	38	44	63.5	54	30.5	35.5	40	69	69.5	76	83	56.5	44.5	24	34	41	64	51.5	37	54	11	22	74	23.5	14	65	34	24.5	20.5	76.5	49.5	17	80	53	20	72.5	75.5	57	30	84.5	19.5	86	57.5	83.5	85	31	45.5	4.5	37.5	19.5	52.5	62	50	90.5	9.5	78.5	72.5	33	33.5	41.5	43	45	35	39.5	18.5	77.5	47.5	68	51.5	73	84.5	61.5	29	34.5	13.5	53	28	30	39.5	49	60	57	55.5	43.5	20	64	45.5	
64	36	38	58.5	47.5	35	25	54	21	38.5	35.5	45.5	51	31.5	42.5	57.5	62.5	38	48	40.5	63.5	50.5	32.5	23.5	67.5	17	40.5	45	66.5	18.5	57.5	58.5	41	50.5	44.5	42.5	56	53	30.5	20.5	51	51.5	38	0	56	25.5	65.5	67	34	56.5	30.5	54.5	29	40.5	16	56	35.5	42.5	55	66	61	44.5	56	50.5	22	6	37.5	32	45.5	19.5	2	53	53.5	60	67	22.5	28.5	38	38	25	42	35.5	1	18	49	50	52	52.5	52	49	28	51.5	39.5	54.5	33.5	55	56	37	44	56.5	59.5	39	44	56.5	18.5	60	41.5	67.5	51	7	29.5	33.5	38.5	38.5	36.5	46	26	60.5	38.5	52.5	48.5	43	17.5	34.5	5	29	39	28.5	27.5	61.5	31.5	52	35.5	57	66.5	45.5	9	23.5	42.5	37	48	44	23.5	33	36	29	25.5	27.5	52	42	29.5	
30	88	72	35.5	91.5	39	59	38	35	27.5	69.5	83.5	43	50.5	76.5	6.5	21.5	76	42	49.5	22.5	9.5	66.5	42.5	16.5	73	53.5	49	25.5	52.5	6.5	35.5	75	88.5	78.5	31.5	30	27	63.5	54.5	43	97.5	72	56	0	59.5	24.5	21	68	5.5	29.5	39.5	65	74.5	40	30	34.5	51.5	29	28	15	78.5	10	29.5	36	62	56.5	62	93.5	38.5	58	27	12.5	24	11	71.5	57.5	72	72	39	52	44.5	55	74	83	94	42	86.5	86	13	62	87.5	73.5	39.5	42.5	89	38	41	78	5.5	28.5	55	78	37.5	52.5	34	20.5	16.5	43	49	38.5	67.5	80.5	72.5	55.5	40	78	33.5	72.5	41.5	45.5	91	46.5	74.5	61	43	73	62.5	61.5	30.5	30.5	6	54.5	21	27.5	44.5	47	57.5	76.5	31	86	78	32.5	27	58	65	68.5	56.5	92	52	28.5	
75.5	32.5	26.5	70	44	38.5	18.5	57.5	24.5	42	10	38	62.5	35	31	61	66	30.5	51.5	44	67	54	31	27	71	32.5	52	48.5	70	7	61	70	29.5	43	33	46	59.5	56.5	42	5	62.5	48	26.5	25.5	59.5	0	69	70.5	22.5	60	34	66	40.5	29	19.5	59.5	39	54	58.5	77.5	64.5	33	59.5	54	25.5	31.5	49	41.5	42	23	27.5	56.5	57	63.5	70.5	34	32	26.5	26.5	28.5	51.5	39	24.5	31.5	37.5	46.5	61.5	41	40.5	52.5	21.5	42	28	64	37	43.5	67.5	40.5	32.5	60	63	44.5	32.5	68	7	71.5	45	71	62.5	18.5	33	22	35	27	40	49.5	27.5	72	27	64	60	39.5	21	15	30.5	32.5	27.5	27	16	65	35	55.5	39	60.5	72	49	16.5	22	31	40.5	40.5	32.5	27	36.5	47.5	40.5	37	31	46.5	51.5	33	
20.5	67.5	73.5	11	79	48.5	68.5	37.5	44.5	37	71	77	22.5	60	86	26	3	69.5	43.5	51	2	15	64	52	34	52.5	37	46.5	1	62	26	11	84.5	82	82	41	35.5	36.5	47	64	22.5	83	81.5	65.5	24.5	69	0	29.5	77.5	25	39	21	50.5	84	49.5	35.5	44	29	36.5	22.5	29.5	88	24.5	39	45.5	63.5	44	53.5	77	48	67.5	36.5	12	31.5	35.5	49	63	81.5	73.5	48.5	43.5	54	64.5	51.5	92.5	81.5	33.5	84	89.5	22.5	71.5	83	83	31	52	86.5	27.5	50.5	87.5	25	32	50.5	77.5	23	62	21.5	30	34	22.5	58.5	48	77	70	82	55	45.5	57.5	9	82	29	35	74.5	56	66	64.5	52.5	72.5	68	71	30	40	20.5	56	30.5	3	46	56.5	67	86	40.5	79.5	77.5	42	36.5	47.5	50.5	52	64	83.5	43.5	38	
19	71	77	18.5	82.5	50	70	41	46	38.5	74.5	80.5	26	61.5	87.5	22.5	32.5	73	47	54.5	31.5	20.5	67.5	53.5	32.5	56	40.5	50	28.5	63.5	22.5	18.5	86	85.5	85.5	42.5	39	38	50.5	65.5	26	86.5	83	67	21	70.5	29.5	0	79	21.5	40.5	24.5	54	85.5	51	39	45.5	32.5	40	21	6	89.5	11	40.5	47	67	47.5	57	80.5	49.5	69	38	23.5	35	32	52.5	66.5	83	77	50	47	55.5	66	55	94	85	37	87.5	93	24	73	86.5	84.5	34.5	53.5	90	31	52	89	21.5	35.5	54	81	26.5	63.5	25	31.5	32.5	26	60	49.5	78.5	73.5	83.5	58.5	49	61	20.5	83.5	32.5	38.5	78	57.5	69.5	68	54	76	71.5	72.5	33.5	41.5	15	59.5	32	26.5	49.5	58	68.5	87.5	42	83	81	43.5	38	51	54	55.5	67.5	87	47	39.5	
92	34	30	86.5	29.5	47	27	66	33	50.5	32.5	26.5	79	43.5	14.5	69.5	74.5	34	60	52.5	75.5	62.5	39.5	35.5	79.5	49	66.5	57	78.5	15.5	69.5	86.5	13	26.5	21.5	54.5	68	65	56.5	17.5	79	35.5	10	34	68	22.5	77.5	79	0	68.5	42.5	82.5	53	12.5	28	68	47.5	70.5	67	94	73	16.5	68	62.5	34	40	59.5	50	31.5	31.5	36	65	65.5	72	79	50.5	40.5	20	30	37	60	47.5	33	48	21	32	70	24.5	24	61	30	25.5	16.5	72.5	45.5	27	76	49	10	68.5	71.5	53	26	80.5	15.5	82	53.5	79.5	79	27	41.5	5.5	33.5	15.5	48.5	58	44	86.5	10.5	74.5	68.5	23	29.5	37.5	39	41	31	35.5	14.5	73.5	43.5	64	47.5	69	80.5	57.5	25	30.5	14.5	49	18	26	35.5	45	56	53	51.5	39.5	30	60	41.5	
29.5	86.5	72.5	34	92	39.5	59.5	38.5	35.5	28	70	84	41.5	51	77	1	22	76.5	42.5	50	23	10	67	43	11	71.5	54	49.5	26	53	1	34	75.5	89	79	32	30.5	27.5	64	55	41.5	98	72.5	56.5	5.5	60	25	21.5	68.5	0	30	40	65.5	75	40.5	30.5	35	48	29.5	31.5	15.5	79	10.5	30	36.5	62.5	57	62.5	94	39	58.5	27.5	13	24.5	16.5	68	58	72.5	72.5	39.5	52.5	45	55.5	70.5	83.5	94.5	42.5	87	86.5	13.5	62.5	88	74	40	43	89.5	38.5	41.5	78.5	0	29	55.5	78.5	38	53	34.5	21	11	41.5	49.5	39	68	81	73	56	40.5	76.5	34	73	42	46	91.5	47	75	61.5	43.5	73.5	63	62	31	31	6.5	55	21.5	28	45	47.5	58	77	31.5	86.5	78.5	33	27.5	58.5	65.5	69	57	92.5	52.5	29	
55.5	62.5	46.5	50	66	13.5	33.5	27.5	9.5	12	44	58	42.5	25	51	31	36	50.5	21.5	24	37	24	41	17	41	47.5	24	23.5	40	27	31	50	49.5	63	53	16	29.5	26.5	38	29	42.5	72	46.5	30.5	29.5	34	39	40.5	42.5	30	0	44	39.5	49	14.5	29.5	5	34	28.5	57.5	34.5	53	29.5	24	10.5	36.5	31	36.5	68	13	32.5	26.5	27	33.5	40.5	44	32	46.5	46.5	13.5	26.5	19	29.5	46.5	57.5	68.5	31.5	61	60.5	22.5	36.5	62	48	34	17	63.5	37.5	15.5	52.5	30	33	29.5	52.5	42	27	43.5	15	41	42.5	23.5	13	42	55	47	30	19.5	52.5	48	47	36	30	65.5	21	49	35.5	17.5	47.5	37	36	35	1	25.5	29	30.5	42	15	21.5	32	51	10.5	60.5	52.5	7	6.5	32.5	39.5	43	31	66.5	26.5	1	
15.5	52.5	58.5	10	64	41.5	61.5	22.5	49.5	38	56	62	7.5	45	89	39	24	54.5	28.5	36	23	34	49	53	29	37.5	22	31.5	20	67	39	10	85.5	67	67	34	20.5	23.5	32	69	7.5	68	86.5	54.5	39.5	66	21	24.5	82.5	40	44	0	35.5	89	54.5	20.5	41	14	21.5	17.5	30.5	87	35.5	26	50.5	48.5	29	38.5	62	53	52.5	23.5	33	21.5	34.5	34	48	68.5	58.5	51.5	28.5	41	55.5	36.5	77.5	66.5	18.5	69	74.5	32.5	58.5	68	72	16	43	71.5	12.5	39.5	72.5	40	11	35.5	62.5	2	67	11.5	35	29	7.5	61.5	47	82	55	73	40	30.5	42.5	12	83	14	20	59.5	59	51	49.5	47.5	57.5	53	74	9	45	35.5	41	24.5	18	31	61.5	58	79	39.5	64.5	62.5	47	41.5	32.5	35.5	37	49	68.5	28.5	43	
45	27	33	39.5	38.5	36	36	37	30	47.5	30.5	36.5	32	24.5	61.5	66.5	53.5	29	33	25.5	52.5	59.5	23.5	32.5	58.5	12	21.5	26	49.5	37.5	66.5	39.5	60	41.5	41.5	43.5	45	48	11.5	39.5	32	42.5	57	29	65	40.5	50.5	54	53	65.5	39.5	35.5	0	59.5	25	45	40.5	23.5	46	47	60	61.5	65	45.5	31	23	18.5	3	36.5	28.5	27	48	62.5	51	64	8.5	22.5	43	33	34	23	30.5	30	11	52	41	33	43.5	49	58	33	42.5	46.5	35.5	32.5	46	37	34	47	65.5	46.5	20	37	37.5	37.5	41	50.5	58.5	32	34	36.5	52.5	29.5	47.5	19.5	35	17	41.5	57.5	33.5	29.5	34	31.5	25.5	24	32	32	27.5	46.5	44.5	40.5	61	20.5	54	47.5	30.5	32	32.5	53.5	44	39	37	32.5	42	17	0	11.5	23.5	43	23	38.5	
100.5	42.5	36.5	95	31	53.5	33.5	72.5	39.5	57	39	33	87.5	50	2	76	81	40.5	66.5	59	82	69	46	42	86	57.5	73	63.5	85	22	76	95	9.5	28	28	61	74.5	71.5	63	24	87.5	23	6.5	40.5	74.5	29	84	85.5	12.5	75	49	89	59.5	0	34.5	74.5	54	79	73.5	102.5	79.5	4	74.5	69	40.5	46.5	66	56.5	33	38	42.5	71.5	72	78.5	85.5	59	47	26.5	36.5	43.5	66.5	54	39.5	56.5	17.5	28.5	76.5	26	20.5	67.5	36.5	27	23	79	52	23.5	82.5	55.5	22.5	75	78	59.5	32.5	87	22	88.5	60	86	87.5	33.5	48	7	40	22	55	64.5	52.5	93	12	81	75	35.5	36	44	45.5	47.5	37.5	42	21	80	50	70.5	54	75.5	87	64	31.5	37	16	55.5	30.5	32.5	42	51.5	62.5	59.5	58	46	26.5	66.5	48	
70	48	32	60.5	51.5	19	19	38	5	22.5	29.5	43.5	53	15.5	36.5	41.5	46.5	36	32	24.5	47.5	34.5	26.5	7.5	51.5	33	38.5	29	50.5	12.5	41.5	60.5	35	48.5	38.5	26.5	40	37	28.5	14.5	53	57.5	32	16	40	19.5	49.5	51	28	40.5	14.5	54.5	25	34.5	0	40	19.5	46.5	39	68	45	38.5	40	34.5	6	22	31.5	22	53.5	3.5	18	37	37.5	44	51	31.5	17.5	32	32	9	32	19.5	15	34	43	54	42	46.5	46	33	22	47.5	33.5	44.5	17.5	49	48	21	38	40.5	43.5	25	38	52.5	12.5	54	25.5	51.5	53	9	13.5	27.5	40.5	32.5	20.5	30	38	58.5	32.5	46.5	40.5	51	6.5	34.5	21	13	33	22.5	21.5	45.5	15.5	36	19.5	41	52.5	29.5	7	17.5	36.5	21	46	38	7.5	17	28	25	28.5	16.5	52	32	13.5	
30	62	68	24.5	73.5	39	59	32	35	27.5	65.5	71.5	13	50.5	76.5	31.5	36.5	64	38	45.5	37.5	24.5	58.5	42.5	41.5	47	31.5	41	34.5	52.5	31.5	24.5	75	76.5	76.5	31.5	0	3	41.5	54.5	13	77.5	72	56	30	59.5	35.5	39	68	30.5	29.5	20.5	45	74.5	40	0	34.5	23.5	1	32	35	78.5	30	29.5	36	58	38.5	48	71.5	38.5	58	3	27.5	34	41	43.5	57.5	72	68	39	38	44.5	55	46	83	76	28	78.5	84	23	62	77.5	73.5	25.5	42.5	81	8	41	78	30.5	31.5	45	72	22.5	52.5	26	20.5	41.5	13	49	38.5	67.5	64.5	72.5	49.5	40	52	26.5	72.5	23.5	29.5	69	46.5	60.5	59	43	67	62.5	61.5	29.5	30.5	26	50.5	31	32.5	40.5	47	57.5	76.5	31	74	72	32.5	27	42	45	46.5	56.5	78	38	28.5	
50.5	57.5	51.5	45	69	18.5	38.5	32.5	14.5	17	49	63	37.5	30	56	36	41	55.5	26.5	29	42	29	46	22	46	42.5	19	28.5	45	32	36	45	54.5	68	58	21	34.5	31.5	37	34	37.5	73	51.5	35.5	34.5	39	44	45.5	47.5	35	5	41	40.5	54	19.5	34.5	0	29	33.5	52.5	39.5	58	34.5	29	15.5	41.5	34	41.5	67	18	37.5	31.5	32	38.5	45.5	39	37	51.5	51.5	18.5	31.5	24	34.5	41.5	62.5	71.5	36.5	66	65.5	27.5	41.5	67	53	39	22	68.5	42.5	20.5	57.5	35	38	34.5	57.5	43	32	46.5	20	46	37.5	28.5	18	47	60	52	35	24.5	47.5	47	52	39	35	64.5	26	54	40.5	22.5	52.5	42	41	40	4	30.5	34	35.5	47	10	26.5	37	56	15.5	65.5	57.5	12	11.5	37.5	40.5	42	36	71.5	31.5	6	
23.5	40.5	46.5	18	52	29.5	49.5	15.5	41.5	24	44	50	10.5	33	77	47	32	42.5	16.5	24	31	44	37	41	37	25.5	10	19.5	28	59	47	18	73.5	55	55	20	23.5	26.5	20	59	10.5	56	76.5	42.5	51.5	54	29	32.5	70.5	48	34	14	23.5	79	46.5	23.5	29	0	24.5	25.5	38.5	75	43.5	24	42.5	36.5	17	26.5	50	45	40.5	26.5	41	29.5	42.5	22	36	56.5	46.5	39.5	16.5	29	43.5	24.5	65.5	54.5	11.5	57	62.5	40.5	46.5	56	60	14	31	59.5	15.5	27.5	60.5	48	25	23.5	50.5	16	59	19.5	33	37	10.5	49.5	35	74	43	61	28	18.5	30.5	20	71	12	6	47.5	47	39	37.5	35.5	45.5	41	62	23	33	47.5	29	32.5	26	19	51.5	46	67	27.5	52.5	50.5	39	31.5	20.5	23.5	25	37	56.5	16.5	35	
31	63	69	25.5	74.5	38	58	33	34	26.5	66.5	72.5	14	49.5	75.5	30.5	35.5	65	39	46.5	36.5	23.5	59.5	41.5	40.5	48	32.5	42	35.5	51.5	30.5	25.5	74	77.5	77.5	30.5	1	2	42.5	53.5	14	78.5	71	55	29	58.5	36.5	40	67	29.5	28.5	21.5	46	73.5	39	1	33.5	24.5	0	33	34	77.5	29	28.5	35	59	39.5	49	72.5	37.5	57	2	26.5	33	40	44.5	56.5	71	69	38	39	43.5	54	47	82	77	29	79.5	85	22	61	78.5	72.5	26.5	41.5	82	9	40	77	29.5	32.5	46	73	23.5	51.5	27	19.5	40.5	14	48	37.5	66.5	65.5	71.5	50.5	39	53	27.5	71.5	24.5	30.5	70	45.5	61.5	60	42	68	61.5	60.5	30.5	29.5	25	51.5	30	33.5	41.5	46	56.5	75.5	30	75	73	31.5	26	43	46	47.5	55.5	79	39	27.5	
2	64	70	11.5	75.5	53	73	34	63	49.5	67.5	73.5	19	56.5	100.5	30.5	25.5	66	40	47.5	24.5	37.5	60.5	64.5	20.5	49	33.5	43	21.5	80.5	30.5	11.5	97	78.5	78.5	45.5	32	35	43.5	82.5	19	79.5	100	66	28	77.5	22.5	21	94	31.5	57.5	17.5	47	102.5	68	32	52.5	25.5	33	0	27	98.5	32	37.5	64	60	40.5	50	73.5	66.5	64	35	34.5	28	17	45.5	59.5	80	70	63	40	52.5	67	48	89	78	30	80.5	86	39	70	79.5	83.5	27.5	54.5	83	24	51	84	31.5	28.5	47	74	19.5	80.5	18	46.5	20.5	19	73	58.5	95.5	66.5	84.5	51.5	42	54	13.5	94.5	25.5	31.5	71	70.5	62.5	61	59	69	64.5	85.5	26.5	56.5	34	52.5	31	19.5	42.5	75	69.5	90.5	51	76	74	60.5	55	44	47	48.5	60.5	80	40	56.5	
25	77	77	24.5	88.5	44	64	43	40	32.5	74.5	86.5	32	55.5	81.5	16.5	26.5	79	47	54.5	27.5	14.5	71.5	47.5	26.5	62	46.5	54	30.5	57.5	16.5	24.5	80	91.5	83.5	36.5	35	32	56.5	59.5	32	92.5	77	61	15	64.5	29.5	6	73	15.5	34.5	30.5	60	79.5	45	35	39.5	38.5	34	27	0	83.5	5	34.5	41	67	53.5	63	86.5	43.5	63	32	17.5	29	26	58.5	62.5	77	77	44	53	49.5	60	61	88	91	43	91.5	91	18	67	92.5	78.5	40.5	47.5	94	37	46	83	15.5	33.5	60	83	32.5	57.5	31	25.5	26.5	32	54	43.5	72.5	79.5	77.5	60.5	45	67	26.5	77.5	38.5	44.5	84	51.5	75.5	66	48	78	67.5	66.5	35.5	35.5	9	59.5	26	32.5	49.5	52	62.5	81.5	36	89	83	37.5	32	57	60	61.5	61.5	93	53	33.5	
96.5	38.5	40.5	91	35	57.5	37.5	76.5	43.5	61	43	37	83.5	54	2	80	85	44.5	70.5	63	86	73	50	46	90	53.5	73	67.5	89	26	80	91	13.5	32	32	65	78.5	75.5	63	28	83.5	19	10.5	44.5	78.5	33	88	89.5	16.5	79	53	87	61.5	4	38.5	78.5	58	75	77.5	98.5	83.5	0	78.5	73	44.5	50.5	70	60.5	33	42	46.5	75.5	76	82.5	89.5	55	51	30.5	40.5	47.5	70.5	58	43.5	52.5	21.5	32.5	80.5	30	24.5	71.5	40.5	31	27	83	56	27.5	86.5	59.5	26.5	79	82	63.5	36.5	89	26	92.5	64	90	83.5	37.5	52	11	44	26	59	68.5	48.5	93	16	85	79	35.5	40	48	49.5	51.5	41.5	46	25	84	54	74.5	58	79.5	91	68	35.5	41	20	59.5	34.5	36.5	46	55.5	66.5	61.5	58	50	30.5	70.5	52	
30	82	72	29.5	91.5	39	59	38	35	27.5	69.5	83.5	37	50.5	76.5	11.5	21.5	76	42	49.5	22.5	9.5	66.5	42.5	21.5	67	51.5	49	25.5	52.5	11.5	29.5	75	88.5	78.5	31.5	30	27	61.5	54.5	37	97.5	72	56	10	59.5	24.5	11	68	10.5	29.5	35.5	65	74.5	40	30	34.5	43.5	29	32	5	78.5	0	29.5	36	62	56.5	62	91.5	38.5	58	27	12.5	24	21	63.5	57.5	72	72	39	52	44.5	55	66	83	94	42	86.5	86	13	62	87.5	73.5	39.5	42.5	89	38	41	78	10.5	28.5	55	78	37.5	52.5	34	20.5	21.5	37	49	38.5	67.5	80.5	72.5	55.5	40	72	31.5	72.5	41.5	45.5	89	46.5	74.5	61	43	73	62.5	61.5	30.5	30.5	4	54.5	21	27.5	44.5	47	57.5	76.5	31	86	78	32.5	27	58	65	66.5	56.5	92	52	28.5	
35.5	62.5	66.5	30	74	33.5	53.5	32.5	29.5	22	64	72	22.5	45	71	31	36	64.5	36.5	44	37	24	59	37	41	47.5	32	41.5	40	47	31	30	69.5	77	73	26	29.5	26.5	42	49	22.5	78	66.5	50.5	29.5	54	39	40.5	62.5	30	24	26	45.5	69	34.5	29.5	29	24	28.5	37.5	34.5	73	29.5	0	30.5	56.5	39	48.5	72	33	52.5	26.5	27	33.5	40.5	44	52	66.5	66.5	33.5	38.5	39	49.5	46.5	77.5	76.5	28.5	79	80.5	22.5	56.5	78	68	10	37	81.5	27.5	35.5	72.5	30	33	45.5	72.5	28	47	31.5	9	41	22.5	43.5	33	62	65	67	50	34.5	52.5	32	67	12	30	69.5	41	61	55.5	37.5	67.5	57	56	35	25	25.5	49	30.5	38	39	41.5	52	71	25.5	74.5	72.5	27	21.5	42.5	45.5	47	51	78.5	38.5	23	
64	54	38	56.5	57.5	15	25	34	1	18.5	35.5	49.5	49	16.5	42.5	37.5	42.5	42	28	20.5	43.5	30.5	32.5	8.5	47.5	39	34.5	25	46.5	18.5	37.5	56.5	41	54.5	44.5	22.5	36	33	29.5	20.5	49	63.5	38	22	36	25.5	45.5	47	34	36.5	10.5	50.5	31	40.5	6	36	15.5	42.5	35	64	41	44.5	36	30.5	0	28	27.5	28	59.5	4.5	24	33	33.5	40	47	37.5	23.5	38	38	3	28	15.5	21	40	49	60	38	52.5	52	29	28	53.5	39.5	40.5	13.5	55	44	17	44	36.5	39.5	19	44	48.5	18.5	50	21.5	47.5	49	15	9.5	33.5	46.5	38.5	21.5	26	44	54.5	38.5	42.5	36.5	57	12.5	40.5	27	7	39	28.5	27.5	41.5	11.5	32	20.5	37	48.5	25.5	13	23.5	42.5	17	52	44	3.5	13	22	31	34.5	22.5	58	28	9.5	
58	30	36	52.5	41.5	41	31	50	27	44.5	33.5	39.5	45	37.5	48.5	63.5	66.5	32	46	38.5	65.5	56.5	26.5	29.5	71.5	11	34.5	39	62.5	24.5	63.5	52.5	47	44.5	44.5	48.5	58	59	24.5	26.5	45	45.5	44	6	62	31.5	63.5	67	40	62.5	36.5	48.5	23	46.5	22	58	41.5	36.5	59	60	67	50.5	62	56.5	28	0	31.5	26	39.5	25.5	4	59	59.5	64	73	16.5	30.5	44	36	31	36	41.5	7	12	55	44	46	46.5	52	55	34	45.5	45.5	48.5	39.5	49	50	43	50	62.5	59.5	33	40	50.5	24.5	54	47.5	71.5	45	13	35.5	39.5	32.5	44.5	32.5	48	20	54.5	44.5	46.5	42.5	37	23.5	28.5	1	35	35	30.5	33.5	57.5	37.5	58	33.5	63	60.5	43.5	15	29.5	48.5	43	42	40	29.5	39	30	23	19.5	31.5	46	36	35.5	
38.5	35.5	41.5	33	47	29.5	44.5	30.5	26.5	39	39	45	25.5	28	68	58	47	37.5	26.5	7	46	51	32	34	52	20.5	15	19.5	43	44	58	33	66.5	50	50	37	38.5	41.5	15	46	25.5	51	63.5	37.5	56.5	49	44	47.5	59.5	57	31	29	18.5	66	31.5	38.5	34	17	39.5	40.5	53.5	70	56.5	39	27.5	31.5	0	21.5	45	30	35.5	41.5	54	44.5	57.5	17	31	51.5	41.5	30.5	16.5	12	38.5	19.5	60.5	49.5	26.5	52	57.5	49.5	41.5	51	55	29	14	54.5	30.5	27.5	55.5	57	40	18.5	45.5	31	44	34.5	42	52	25.5	40.5	18	59	38	56	23	28.5	25.5	35	64	27	23	42.5	38	34	32.5	30.5	40.5	36	53	38	32	52.5	24	47.5	41	24	38.5	41	62	37.5	47.5	45.5	24	33.5	15.5	18.5	20	32	51.5	16.5	30	
48	30	36	42.5	41.5	39	39	40	27	44.5	33.5	39.5	35	27.5	58.5	63.5	56.5	32	36	28.5	55.5	56.5	26.5	29.5	61.5	15	24.5	29	52.5	34.5	63.5	42.5	57	44.5	44.5	46.5	48	51	14.5	36.5	35	45.5	54	32	62	41.5	53.5	57	50	62.5	36.5	38.5	3	56.5	22	48	41.5	26.5	49	50	63	60.5	62	48.5	28	26	21.5	0	39.5	25.5	30	51	59.5	54	67	11.5	25.5	46	36	31	26	33.5	33	14	55	44	36	46.5	52	55	36	45.5	49.5	38.5	35.5	49	40	37	50	62.5	49.5	23	40	40.5	34.5	44	47.5	61.5	35	31	35.5	49.5	32.5	50.5	22.5	38	20	44.5	54.5	36.5	32.5	37	28.5	28.5	27	35	35	30.5	43.5	47.5	37.5	58	23.5	57	50.5	33.5	29	35.5	56.5	43	42	40	29.5	39	20	3	14.5	26.5	46	26	35.5	
71.5	13.5	29.5	66	2	62.5	42.5	63.5	58.5	74	32	18	58.5	51	35	95	80	25.5	59.5	52	79	88	35	59	85	28.5	48	52.5	76	41	95	66	31.5	5	23	70	71.5	74.5	38	43	58.5	14	30.5	45.5	93.5	42	77	80.5	31.5	94	68	62	36.5	33	53.5	71.5	67	50	72.5	73.5	86.5	33	91.5	72	59.5	39.5	45	39.5	0	57	43.5	74.5	89	77.5	90.5	30	44	29.5	29.5	62.5	49.5	57	46.5	27.5	23.5	12.5	59.5	7	20.5	86.5	39.5	6	28	62	59	17.5	63.5	60.5	23.5	94	73	46.5	23.5	64	41	67.5	79	85	58.5	52.5	63	26	21	29	46	61.5	23.5	68	21	60	56	10.5	55	27	40.5	58.5	28.5	39	40	71	69	89.5	47	80.5	74	57	50.5	44	17	70.5	15.5	23.5	61	70.5	43.5	36.5	33	45	14.5	49.5	67	
66.5	51.5	35.5	59	55	17.5	22.5	36.5	3.5	21	33	47	51.5	12	40	40	45	39.5	30.5	23	46	33	30	4	50	36.5	37	27.5	49	16	40	59	38.5	52	42	25	38.5	35.5	25	18	51.5	61	35.5	19.5	38.5	23	48	49.5	31.5	39	13	53	28.5	38	3.5	38.5	18	45	37.5	66.5	43.5	42	38.5	33	4.5	25.5	30	25.5	57	0	21.5	35.5	36	42.5	49.5	35	21	35.5	35.5	7.5	30.5	18	18.5	37.5	46.5	57.5	40.5	50	49.5	31.5	25.5	51	37	43	16	52.5	46.5	19.5	41.5	39	42	23.5	41.5	51	16	52.5	24	50	51.5	12.5	12	31	44	36	17	28.5	41.5	57	36	45	39	54.5	10	38	24.5	11.5	36.5	26	25	44	14	34.5	16	39.5	51	28	10.5	21	40	19.5	49.5	41.5	6	15.5	26.5	28.5	32	20	55.5	30.5	12	
62	34	40	56.5	45.5	37	27	54	23	40.5	37.5	43.5	49	33.5	44.5	59.5	64.5	36	50	42.5	65.5	52.5	30.5	25.5	69.5	15	38.5	43	66.5	20.5	59.5	56.5	43	48.5	46.5	44.5	58	55	28.5	22.5	49	49.5	40	2	58	27.5	67.5	69	36	58.5	32.5	52.5	27	42.5	18	58	37.5	40.5	57	64	63	46.5	58	52.5	24	4	35.5	30	43.5	21.5	0	55	55.5	62	69	20.5	30.5	40	40	27	40	37.5	3	16	51	48	50	50.5	54	51	30	49.5	41.5	52.5	35.5	53	54	39	46	58.5	61.5	37	44	54.5	20.5	58	43.5	69.5	49	9	31.5	35.5	36.5	40.5	36.5	48	24	58.5	40.5	50.5	46.5	41	19.5	32.5	3	31	39	30.5	29.5	61.5	33.5	54	37.5	59	64.5	47.5	11	25.5	44.5	39	46	44	25.5	35	34	27	23.5	29.5	50	40	31.5	
33	65	69	27.5	76.5	36	56	35	32	24.5	66.5	74.5	16	47.5	73.5	28.5	33.5	67	39	46.5	34.5	21.5	61.5	39.5	38.5	50	34.5	44	37.5	49.5	28.5	27.5	72	79.5	75.5	28.5	3	0	44.5	51.5	16	80.5	69	53	27	56.5	36.5	38	65	27.5	26.5	23.5	48	71.5	37	3	31.5	26.5	2	35	32	75.5	27	26.5	33	59	41.5	51	74.5	35.5	55	0	24.5	31	38	46.5	54.5	69	69	36	41	41.5	52	49	80	79	31	81.5	83	20	59	80.5	70.5	28.5	39.5	84	11	38	75	27.5	30.5	48	75	25.5	49.5	29	17.5	38.5	16	46	35.5	64.5	67.5	69.5	52.5	37	55	29.5	69.5	26.5	32.5	72	43.5	63.5	58	40	70	59.5	58.5	32.5	27.5	23	51.5	28	35.5	41.5	44	54.5	73.5	28	77	75	29.5	24	45	48	49.5	53.5	81	41	25.5	
32.5	79.5	69.5	23	89	36.5	56.5	35.5	32.5	25	67	81	34.5	48	74	14	9	73.5	39.5	47	10	3	64	40	24	64.5	49	46.5	13	50	14	23	72.5	86	76	29	27.5	24.5	59	52	34.5	95	69.5	53.5	12.5	57	12	23.5	65.5	13	27	33	62.5	72	37.5	27.5	32	41	26.5	34.5	17.5	76	12.5	27	33.5	59.5	54	59.5	89	36	55.5	24.5	0	21.5	23.5	61	55	69.5	69.5	36.5	49.5	42	52.5	63.5	80.5	91.5	39.5	84	83.5	10.5	59.5	85	71	37	40	86.5	35.5	38.5	75.5	13	26	52.5	75.5	35	50	31.5	18	24	34.5	46.5	36	65	78	70	53	37.5	69.5	21	70	39	43	86.5	44	72	58.5	40.5	70.5	60	59	28	28	8.5	52	18.5	15	42	44.5	55	74	28.5	83.5	75.5	30	24.5	55.5	62.5	64	54	89.5	49.5	26	
26	68	74	20.5	79.5	43	63	38	39	31.5	71.5	77.5	23	54.5	80.5	25.5	30.5	70	44	51.5	31.5	18.5	64.5	46.5	35.5	53	37.5	47	30.5	56.5	25.5	20.5	79	82.5	82.5	35.5	34	31	47.5	58.5	23	83.5	76	60	24	63.5	31.5	35	72	24.5	33.5	21.5	51	78.5	44	34	38.5	29.5	33	28	29	82.5	24	33.5	40	64	44.5	54	77.5	42.5	62	31	21.5	0	35	49.5	61.5	76	74	43	44	48.5	59	52	87	82	34	84.5	90	11	66	83.5	77.5	31.5	46.5	87	28	45	82	24.5	32.5	51	78	23.5	56.5	10	24.5	35.5	23	53	42.5	71.5	70.5	76.5	55.5	44	58	22.5	76.5	29.5	35.5	75	50.5	66.5	65	47	73	66.5	65.5	30.5	34.5	20	56.5	3	28.5	46.5	51	61.5	80.5	35	80	78	36.5	31	48	51	52.5	60.5	84	44	32.5	
19	81	83	28.5	92.5	50	70	49	46	38.5	80.5	90.5	36	61.5	87.5	17.5	32.5	83	53	60.5	33.5	20.5	77.5	53.5	27.5	66	50.5	60	36.5	63.5	17.5	28.5	86	95.5	89.5	42.5	41	38	60.5	65.5	36	96.5	83	67	11	70.5	35.5	32	79	16.5	40.5	34.5	64	85.5	51	41	45.5	42.5	40	17	26	89.5	21	40.5	47	73	57.5	67	90.5	49.5	69	38	23.5	35	0	62.5	68.5	83	83	50	57	55.5	66	65	94	95	47	97.5	97	24	73	96.5	84.5	44.5	53.5	100	41	52	89	16.5	39.5	64	89	36.5	63.5	35	31.5	27.5	36	60	49.5	78.5	83.5	83.5	66.5	51	71	30.5	83.5	42.5	48.5	88	57.5	79.5	72	54	84	73.5	72.5	41.5	41.5	17	65.5	32	36.5	55.5	58	68.5	87.5	42	93	89	43.5	38	61	64	65.5	67.5	97	57	39.5	
43.5	20.5	26.5	38	32	34.5	29.5	35.5	36.5	46	24	30	30.5	23	57	67	52	22.5	31.5	24	51	64	17	31	57	5.5	20	24.5	48	39	67	38	53.5	35	35	42	43.5	46.5	10	39	30.5	36	56.5	22.5	71.5	34	49	52.5	50.5	68	44	34	8.5	59	31.5	43.5	39	22	44.5	45.5	58.5	55	63.5	44	37.5	16.5	17	11.5	30	35	20.5	46.5	61	49.5	62.5	0	14	36.5	26.5	34.5	21.5	29	23.5	4.5	45.5	34.5	31.5	37	42.5	60.5	26.5	36	40	34	31	39.5	35.5	32.5	40.5	68	45	18.5	30.5	36	39	39.5	53	57	30.5	29.5	35	54	23	41	18	33.5	10.5	40	51	32	28	27.5	25	19	17.5	30.5	25.5	21	42	43	43	67.5	19	52.5	46	29	31.5	26	47	42.5	32.5	30.5	39	46.5	15.5	8.5	3	15	36.5	21.5	45	
57.5	34.5	40.5	52	46	36.5	31.5	49.5	22.5	40	38	44	44.5	33	49	59	64	36.5	45.5	38	65	52	31	25	69	19.5	34	38.5	62	25	59	52	47.5	49	49	44	57.5	54.5	24	27	44.5	50	44.5	28.5	57.5	32	63	66.5	40.5	58	32	48	22.5	47	17.5	57.5	37	36	56.5	59.5	62.5	51	57.5	52	23.5	30.5	31	25.5	44	21	30.5	54.5	55	61.5	68.5	14	0	44.5	40.5	26.5	35.5	37	27.5	18.5	55.5	48.5	45.5	51	56.5	50.5	34.5	50	46	48	35	53.5	49.5	38.5	50.5	58	59	32.5	44.5	50	25	53.5	43	69	44.5	21.5	31	40	37	45	32	47.5	24.5	54	45	46	42	41.5	11	33	31.5	30.5	39.5	35	34	57	33	53.5	33	58.5	60	43	19.5	30	49	38.5	46.5	44.5	25	34.5	29.5	22.5	11	1	50.5	35.5	31	
78	16	34	72.5	31.5	51	31	70	37	54.5	36.5	29.5	65	47.5	28.5	73.5	78.5	32	64	56.5	79.5	66.5	41.5	39.5	83.5	35	54.5	59	82.5	19.5	73.5	72.5	27	34.5	30.5	58.5	72	69	44.5	21.5	65	35.5	24	38	72	26.5	81.5	83	20	72.5	46.5	68.5	43	26.5	32	72	51.5	56.5	71	80	77	30.5	72	66.5	38	44	51.5	46	29.5	35.5	40	69	69.5	76	83	36.5	44.5	0	34	41	56	51.5	37	34	35	34	66	36.5	38	65	34	35.5	25.5	68.5	49.5	39	70	53	30	72.5	75.5	53	6	70.5	19.5	74	57.5	83.5	65	31	45.5	19.5	27.5	24.5	52.5	62	30	74.5	24.5	66.5	62.5	27	33.5	33.5	43	45	35	39.5	18.5	77.5	47.5	68	51.5	73	80.5	61.5	29	34.5	28.5	53	32	6	39.5	49	50	43	39.5	43.5	36	56	45.5	
68	20	0	62.5	31.5	51	31	60	37	54.5	28.5	29.5	55	47.5	38.5	73.5	76.5	4	56	48.5	75.5	66.5	31.5	39.5	81.5	25	44.5	49	72.5	19.5	73.5	62.5	37	34.5	34.5	58.5	68	69	34.5	21.5	55	35.5	34	38	72	26.5	73.5	77	30	72.5	46.5	58.5	33	36.5	32	68	51.5	46.5	69	70	77	40.5	72	66.5	38	36	41.5	36	29.5	35.5	40	69	69.5	74	83	26.5	40.5	34	0	41	46	51.5	37	24	45	34	56	36.5	42	65	34	35.5	35.5	58.5	49.5	39	60	53	40	72.5	69.5	43	30	60.5	19.5	64	57.5	81.5	55	31	45.5	29.5	22.5	34.5	42.5	58	20	64.5	34.5	56.5	52.5	27	33.5	23.5	37	45	1	35.5	23.5	67.5	47.5	68	43.5	73	70.5	53.5	29	34.5	38.5	53	32	30	39.5	49	40	33	29.5	41.5	36	46	45.5	
61	53	41	55.5	60.5	18	28	37	4	21.5	38.5	52.5	48	19.5	45.5	40.5	45.5	45	31	23.5	46.5	33.5	35.5	11.5	50.5	38	37.5	28	49.5	21.5	40.5	55.5	44	57.5	47.5	25.5	39	36	32.5	23.5	48	66.5	41	25	39	28.5	48.5	50	37	39.5	13.5	51.5	34	43.5	9	39	18.5	39.5	38	63	44	47.5	39	33.5	3	31	30.5	31	62.5	7.5	27	36	36.5	43	50	34.5	26.5	41	41	0	31	18.5	24	37	52	63	41	55.5	55	32	31	56.5	42.5	43.5	16.5	58	47	20	47	39.5	42.5	16	47	51.5	21.5	53	24.5	50.5	48	18	12.5	36.5	49.5	41.5	24.5	29	43	57.5	41.5	45.5	39.5	60	15.5	43.5	30	4	42	31.5	30.5	44.5	14.5	35	23.5	40	51.5	28.5	16	26.5	45.5	20	55	47	6.5	16	19	34	37.5	25.5	61	31	12.5	
38	40	46	32.5	51.5	13	49	30	27	34.5	43.5	49.5	25	32.5	68.5	53.5	46.5	42	26	23.5	45.5	46.5	36.5	34.5	51.5	25	14.5	3	42.5	44.5	53.5	32.5	67	54.5	54.5	36.5	38	41	19.5	46.5	25	55.5	64	42	52	51.5	43.5	47	60	52.5	26.5	28.5	23	66.5	32	38	31.5	16.5	39	40	53	70.5	52	38.5	28	36	16.5	26	49.5	30.5	40	41	49.5	44	57	21.5	35.5	56	46	31	0	28.5	43	24	65	54	26	56.5	62	45	46	55.5	59.5	28.5	30.5	59	30	11	60	52.5	39.5	23	50	30.5	44.5	34	37.5	51.5	25	41	30.5	59.5	42.5	60.5	27.5	28	30	34.5	64.5	26.5	22.5	47	38.5	38.5	37	35	45	40.5	53.5	37.5	27.5	48	28.5	47	40.5	23.5	39	45.5	66.5	33	52	50	24.5	29	20	23	24.5	36.5	56	0	25.5	
50.5	47.5	51.5	45	59	23.5	38.5	42.5	14.5	27	49	57	37.5	30	56	46	51	49.5	36.5	5	52	39	44	22	56	32.5	27	31.5	55	32	46	45	54.5	62	58	31	44.5	41.5	27	34	37.5	63	51.5	35.5	44.5	39	54	55.5	47.5	45	19	41	30.5	54	19.5	44.5	24	29	43.5	52.5	49.5	58	44.5	39	15.5	41.5	12	33.5	57	18	37.5	41.5	42	48.5	55.5	29	37	51.5	51.5	18.5	28.5	0	34.5	31.5	62.5	61.5	38.5	64	65.5	37.5	41.5	63	53	41	2	66.5	42.5	25.5	57.5	45	48	30.5	57.5	43	32	46.5	30	56	37.5	28.5	6	47	50	52	35	34.5	37.5	47	52	39	35	54.5	26	46	40.5	22.5	52.5	42	41	50	20	40.5	34	45.5	53	34	26.5	37	56	25.5	59.5	57.5	12	21.5	27.5	30.5	32	36	63.5	28.5	18	
65	37	37	59.5	48.5	34	24	53	20	37.5	34.5	46.5	52	30.5	41.5	56.5	61.5	39	47	39.5	62.5	49.5	31.5	22.5	66.5	18	41.5	44	65.5	17.5	56.5	59.5	40	51.5	43.5	41.5	55	52	31.5	19.5	52	52.5	37	1	55	24.5	64.5	66	33	55.5	29.5	55.5	30	39.5	15	55	34.5	43.5	54	67	60	43.5	55	49.5	21	7	38.5	33	46.5	18.5	3	52	52.5	59	66	23.5	27.5	37	37	24	43	34.5	0	19	48	51	53	51.5	51	48	27	52.5	38.5	55.5	32.5	54	57	36	43	55.5	58.5	40	43	57.5	17.5	61	40.5	66.5	52	6	28.5	32.5	39.5	37.5	35.5	45	27	61.5	37.5	53.5	49.5	44	16.5	35.5	6	28	38	27.5	26.5	60.5	30.5	51	34.5	56	67.5	44.5	8	22.5	41.5	36	49	43	22.5	32	37	30	26.5	26.5	53	43	28.5	
46	18	24	40.5	29.5	37	27	38	39	48.5	21.5	27.5	33	25.5	54.5	69.5	54.5	20	34	26.5	53.5	66.5	14.5	33.5	59.5	1	22.5	27	50.5	36.5	69.5	40.5	51	32.5	32.5	44.5	46	49	12.5	36.5	33	33.5	54	18	74	31.5	51.5	55	48	70.5	46.5	36.5	11	56.5	34	46	41.5	24.5	47	48	61	52.5	66	46.5	40	12	19.5	14	27.5	37.5	16	49	63.5	52	65	4.5	18.5	34	24	37	24	31.5	19	0	43	32	34	34.5	40	63	24	33.5	37.5	36.5	33.5	37	38	35	38	70.5	47.5	21	28	38.5	36.5	42	55.5	59.5	33	25	37.5	51.5	20.5	38.5	20.5	36	8	42.5	48.5	34.5	30.5	25	29.5	16.5	13	33	23	18.5	39.5	45.5	45.5	70	21.5	55	48.5	31.5	27	23.5	44.5	45	30	28	41.5	49	18	11	7.5	19.5	34	24	47.5	
87	29	45	81.5	25.5	62	42	79	48	65.5	47.5	33.5	74	58.5	19.5	84.5	89.5	41	75	67.5	90.5	77.5	50.5	50.5	94.5	44	63.5	68	91.5	30.5	84.5	81.5	8	28.5	36.5	69.5	83	80	53.5	32.5	74	24.5	11	49	83	37.5	92.5	94	21	83.5	57.5	77.5	52	17.5	43	83	62.5	65.5	82	89	88	21.5	83	77.5	49	55	60.5	55	23.5	46.5	51	80	80.5	87	94	45.5	55.5	35	45	52	65	62.5	48	43	0	11	75	30.5	3	76	45	29.5	31.5	77.5	60.5	6	79	64	31	83.5	86.5	62	39	79.5	30.5	83	68.5	94.5	74	42	56.5	15.5	36.5	30.5	61.5	73	39	83.5	20.5	75.5	71.5	26	44.5	42.5	54	56	44	50.5	29.5	86.5	58.5	79	62.5	84	89.5	72.5	40	45.5	24.5	64	31	39	50.5	60	59	52	48.5	54.5	9	65	56.5	
76	18	34	70.5	14.5	67	47	68	59	76.5	36.5	22.5	63	55.5	30.5	95.5	84.5	30	64	56.5	83.5	88.5	39.5	61.5	89.5	33	52.5	57	80.5	41.5	95.5	70.5	19	17.5	27.5	74.5	76	79	42.5	43.5	63	13.5	22	50	94	46.5	81.5	85	32	94.5	68.5	66.5	41	28.5	54	76	71.5	54.5	77	78	91	32.5	94	76.5	60	44	49.5	44	12.5	57.5	48	79	91.5	82	95	34.5	48.5	34	34	63	54	61.5	51	32	11	0	64	19.5	8	87	44	18.5	32.5	66.5	63.5	5	68	65	28	94.5	77.5	51	28	68.5	41.5	72	79.5	89.5	63	53	67.5	26.5	25.5	33.5	50.5	66	28	72.5	31.5	64.5	60.5	15	55.5	31.5	45	63	33	43.5	40.5	75.5	69.5	90	51.5	85	78.5	61.5	51	48.5	29.5	75	20	28	61.5	71	48	41	37.5	49.5	2	54	67.5	
28	50	56	22.5	61.5	39	59	4	37	29.5	53.5	59.5	15	42.5	78.5	43.5	36.5	52	26	33.5	35.5	36.5	46.5	44.5	41.5	35	19.5	29	32.5	54.5	43.5	22.5	77	64.5	64.5	31.5	28	31	29.5	56.5	15	65.5	74	52	42	61.5	33.5	37	70	42.5	31.5	18.5	33	76.5	42	28	36.5	11.5	29	30	43	80.5	42	28.5	38	46	26.5	36	59.5	40.5	50	31	39.5	34	47	31.5	45.5	66	56	41	26	38.5	53	34	75	64	0	66.5	72	35	56	65.5	69.5	18.5	40.5	69	20	37	70	42.5	29.5	33	60	20.5	54.5	24	27.5	41.5	15	51	40.5	69.5	52.5	70.5	37.5	28	40	24.5	74.5	16.5	17.5	57	48.5	48.5	47	45	55	50.5	63.5	27.5	32.5	38	38.5	37	30.5	28.5	49	55.5	76.5	33	62	60	34.5	29	30	33	34.5	46.5	66	26	30.5	
78.5	20.5	36.5	73	5	65.5	45.5	70.5	51.5	69	39	25	65.5	58	28	88	87	32.5	66.5	59	86	81	42	54	92	35.5	55	59.5	83	34	88	73	26.5	2	30	73	78.5	81.5	45	36	65.5	21	23.5	52.5	86.5	41	84	87.5	24.5	87	61	69	43.5	26	46.5	78.5	66	57	79.5	80.5	91.5	30	86.5	79	52.5	46.5	52	46.5	7	50	50.5	81.5	84	84.5	97.5	37	51	36.5	36.5	55.5	56.5	64	51.5	34.5	30.5	19.5	66.5	0	27.5	79.5	46.5	1	35	69	64	24.5	70.5	67.5	30.5	87	80	53.5	30.5	71	34	74.5	72	92	65.5	45.5	60	19	28	34	53	68.5	30.5	75	14	67	63	17.5	48	34	47.5	59.5	35.5	46	33	78	62	82.5	54	87.5	81	64	43.5	49	10	67.5	22.5	30.5	54	63.5	50.5	43.5	40	52	21.5	56.5	60	
84	26	42	78.5	22.5	65	45	76	51	68.5	44.5	30.5	71	61.5	22.5	87.5	92.5	38	72	64.5	91.5	80.5	47.5	53.5	97.5	41	60.5	65	88.5	33.5	87.5	78.5	11	25.5	35.5	72.5	84	83	50.5	35.5	71	21.5	14	52	86	40.5	89.5	93	24	86.5	60.5	74.5	49	20.5	46	84	65.5	62.5	85	86	91	24.5	86	80.5	52	52	57.5	52	20.5	49.5	54	83	83.5	90	97	42.5	56.5	38	42	55	62	65.5	51	40	3	8	72	27.5	0	79	48	26.5	34.5	74.5	63.5	3	76	67	34	86.5	85.5	59	36	76.5	33.5	80	71.5	97.5	71	45	59.5	18.5	33.5	33.5	58.5	74	36	80.5	23.5	72.5	68.5	23	47.5	39.5	53	59	41	51.5	32.5	83.5	61.5	82	59.5	87	86.5	69.5	43	48.5	27.5	67	28	36	53.5	63	56	49	45.5	57.5	6	62	59.5	
37	79	65	31.5	84.5	32	52	31	28	20.5	62.5	76.5	34	43.5	69.5	14.5	19.5	69	35	42.5	20.5	7.5	59.5	35.5	24.5	64	46.5	42	23.5	45.5	14.5	31.5	68	81.5	71.5	24.5	23	20	56.5	47.5	34	90.5	65	49	13	52.5	22.5	24	61	13.5	22.5	32.5	58	67.5	33	23	27.5	40.5	22	39	18	71.5	13	22.5	29	55	49.5	55	86.5	31.5	51	20	10.5	11	24	60.5	50.5	65	65	32	45	37.5	48	63	76	87	35	79.5	79	0	55	80.5	66.5	32.5	35.5	82	31	34	71	13.5	21.5	48	71	30.5	45.5	21	13.5	24.5	34	42	31.5	60.5	73.5	65.5	48.5	33	69	31.5	65.5	34.5	38.5	84	39.5	67.5	54	36	66	55.5	54.5	23.5	23.5	9	47.5	8	25.5	37.5	40	50.5	69.5	24	79	71	25.5	20	51	58	61.5	49.5	85	45	21.5	
68	30	34	62.5	41.5	41	3	60	27	44.5	31.5	39.5	55	37.5	38.5	63.5	68.5	32	54	46.5	69.5	56.5	31.5	29.5	73.5	25	44.5	49	72.5	14.5	63.5	62.5	37	44.5	40.5	48.5	62	59	34.5	16.5	55	45.5	34	28	62	21.5	71.5	73	30	62.5	36.5	58.5	33	36.5	22	62	41.5	46.5	61	70	67	40.5	62	56.5	28	34	41.5	36	39.5	25.5	30	59	59.5	66	73	26.5	34.5	34	34	31	46	41.5	27	24	45	44	56	46.5	48	55	0	45.5	35.5	58.5	39.5	49	60	43	40	62.5	65.5	43	40	60.5	14.5	64	47.5	73.5	55	21	35.5	29.5	32.5	34.5	42.5	52	16	64.5	34.5	56.5	52.5	37	23.5	28.5	33	35	35	29.5	23.5	67.5	37.5	58	41.5	63	70.5	51.5	19	24.5	38.5	43	42	40	29.5	39	40	33	29.5	33.5	46	46	35.5	
77.5	19.5	35.5	72	4	66.5	46.5	69.5	52.5	70	38	24	64.5	57	29	89	86	31.5	65.5	58	85	82	41	55	91	34.5	54	58.5	82	35	89	72	27.5	1	29	74	77.5	80.5	44	37	64.5	20	24.5	51.5	87.5	42	83	86.5	25.5	88	62	68	42.5	27	47.5	77.5	67	56	78.5	79.5	92.5	31	87.5	78	53.5	45.5	51	45.5	6	51	49.5	80.5	85	83.5	96.5	36	50	35.5	35.5	56.5	55.5	63	52.5	33.5	29.5	18.5	65.5	1	26.5	80.5	45.5	0	34	68	65	23.5	69.5	66.5	29.5	88	79	52.5	29.5	70	35	73.5	73	91	64.5	46.5	61	20	27	35	52	67.5	29.5	74	15	66	62	16.5	49	33	46.5	60.5	34.5	45	34	77	63	83.5	53	86.5	80	63	44.5	50	11	68.5	21.5	29.5	55	64.5	49.5	42.5	39	51	20.5	55.5	61	
81.5	23.5	35.5	76	30	52.5	32.5	71.5	38.5	56	38	10	68.5	49	25	75	80	35.5	65.5	58	81	68	45	41	85	38.5	58	62.5	84	21	75	76	23.5	33	5	60	73.5	70.5	48	23	68.5	34	20.5	39.5	73.5	28	83	84.5	16.5	74	48	72	46.5	23	33.5	73.5	53	60	72.5	83.5	78.5	27	73.5	68	39.5	45.5	55	49.5	28	37	41.5	70.5	71	77.5	84.5	40	46	25.5	35.5	42.5	59.5	53	38.5	37.5	31.5	32.5	69.5	35	34.5	66.5	35.5	34	0	72	51	37.5	73.5	54.5	26.5	74	77	56.5	31.5	74	21	77.5	59	85	68.5	32.5	47	16	31	1	54	63.5	33.5	78	21	70	66	25.5	35	37	44.5	46.5	36.5	41	20	79	49	69.5	53	74.5	84	63	30.5	36	25	54.5	30.5	31.5	41	50.5	53.5	46.5	43	45	34.5	59.5	47	
25.5	52.5	58.5	20	64	41.5	61.5	22.5	39.5	32	56	62	12.5	45	81	41	34	54.5	28.5	36	33	34	49	47	39	37.5	22	31.5	30	57	41	20	79.5	67	67	34	25.5	28.5	32	59	12.5	68	76.5	54.5	39.5	64	31	34.5	72.5	40	34	16	35.5	79	44.5	25.5	39	14	26.5	27.5	40.5	83	39.5	10	40.5	48.5	29	38.5	62	43	52.5	28.5	37	31.5	44.5	34	48	68.5	58.5	43.5	28.5	41	55.5	36.5	77.5	66.5	18.5	69	74.5	32.5	58.5	68	72	0	43	71.5	17.5	39.5	72.5	40	27	35.5	62.5	18	57	21.5	19	39	12.5	53.5	43	72	55	73	40	30.5	42.5	22	77	2	20	59.5	51	51	49.5	47.5	57.5	53	66	25	35	35.5	41	34.5	28	31	51.5	58	79	35.5	64.5	62.5	37	31.5	32.5	35.5	37	49	68.5	28.5	33	
52.5	49.5	49.5	47	61	21.5	36.5	40.5	12.5	25	47	59	39.5	28	54	44	49	51.5	34.5	7	50	37	44	20	54	34.5	29	31.5	53	30	44	47	52.5	64	56	29	42.5	39.5	29	32	39.5	65	49.5	33.5	42.5	37	52	53.5	45.5	43	17	43	32.5	52	17.5	42.5	22	31	41.5	54.5	47.5	56	42.5	37	13.5	39.5	14	35.5	59	16	35.5	39.5	40	46.5	53.5	31	35	49.5	49.5	16.5	30.5	2	32.5	33.5	60.5	63.5	40.5	64	63.5	35.5	39.5	65	51	43	0	66.5	44.5	23.5	55.5	43	46	32.5	55.5	45	30	48.5	28	54	39.5	26.5	4	45	52	50	33	32.5	39.5	49	50	41	37	56.5	24	48	38.5	20.5	50.5	40	39	48	18	38.5	32	43.5	55	32	24.5	35	54	23.5	61.5	55.5	10	19.5	29.5	32.5	34	34	65.5	30.5	16	
81	23	39	75.5	19.5	68	48	73	54	71.5	41.5	27.5	68	60.5	25.5	90.5	89.5	35	69	61.5	88.5	83.5	44.5	56.5	94.5	38	57.5	62	85.5	36.5	90.5	75.5	14	22.5	32.5	75.5	81	84	47.5	38.5	68	18.5	17	55	89	43.5	86.5	90	27	89.5	63.5	71.5	46	23.5	49	81	68.5	59.5	82	83	94	27.5	89	81.5	55	49	54.5	49	17.5	52.5	53	84	86.5	87	100	39.5	53.5	39	39	58	59	66.5	54	37	6	5	69	24.5	3	82	49	23.5	37.5	71.5	66.5	0	73	70	33	89.5	82.5	56	33	73.5	36.5	77	74.5	94.5	68	48	62.5	21.5	30.5	36.5	55.5	71	33	77.5	26.5	69.5	65.5	20	50.5	36.5	50	62	38	48.5	35.5	80.5	64.5	85	56.5	90	83.5	66.5	46	51.5	30.5	70	25	33	56.5	66	53	46	42.5	54.5	3	59	62.5	
22	54	60	16.5	65.5	43	63	24	43	35.5	57.5	63.5	5	46.5	84.5	39.5	30.5	56	30	37.5	29.5	32.5	50.5	50.5	35.5	39	23.5	33	26.5	60.5	39.5	16.5	83	68.5	68.5	35.5	8	11	33.5	62.5	5	69.5	80	56	38	67.5	27.5	31	76	38.5	37.5	12.5	37	82.5	48	8	42.5	15.5	9	24	37	86.5	38	27.5	44	50	30.5	40	63.5	46.5	54	11	35.5	28	41	35.5	49.5	70	60	47	30	42.5	57	38	79	68	20	70.5	76	31	60	69.5	73.5	17.5	44.5	73	0	41	74	38.5	23.5	37	64	14.5	60.5	18	28.5	35.5	5	57	46.5	75.5	56.5	74.5	41.5	32	44	18.5	80.5	15.5	21.5	61	54.5	52.5	51	49	59	54.5	69.5	21.5	38.5	34	42.5	31	24.5	32.5	55	59.5	80.5	39	66	64	40.5	35	34	37	38.5	50.5	70	30	36.5	
49	51	53	43.5	62.5	2	40	39	16	23.5	50.5	60.5	36	31.5	57.5	42.5	47.5	53	33	30.5	48.5	35.5	47.5	23.5	52.5	36	25.5	8	51.5	33.5	42.5	43.5	56	65.5	59.5	27.5	41	38	30.5	35.5	36	66.5	53	37	41	40.5	50.5	52	49	41.5	15.5	39.5	34	55.5	21	41	20.5	27.5	40	51	46	59.5	41	35.5	17	43	27.5	37	60.5	19.5	39	38	38.5	45	52	32.5	38.5	53	53	20	11	25.5	36	35	64	65	37	67.5	67	34	43	66.5	54.5	39.5	23.5	70	41	0	59	41.5	44.5	34	59	41.5	33.5	45	26.5	52.5	36	30	19.5	48.5	53.5	53.5	36.5	31	41	45.5	53.5	37.5	33.5	58	27.5	49.5	42	24	54	43.5	42.5	46.5	16.5	37	35.5	42	51.5	30.5	28	38.5	57.5	22	63	59	13.5	18	31	34	35.5	37.5	67	11	14.5	
82	24	40	76.5	25.5	57	37	74	43	60.5	42.5	28.5	69	53.5	24.5	79.5	84.5	36	70	62.5	85.5	72.5	45.5	45.5	89.5	39	58.5	63	86.5	25.5	79.5	76.5	23	28.5	31.5	64.5	78	75	48.5	27.5	69	29.5	20	44	78	32.5	87.5	89	10	78.5	52.5	72.5	47	22.5	38	78	57.5	60.5	77	84	83	26.5	78	72.5	44	50	55.5	50	23.5	41.5	46	75	75.5	82	89	40.5	50.5	30	40	47	60	57.5	43	38	31	28	70	30.5	34	71	40	29.5	26.5	72.5	55.5	33	74	59	0	78.5	81.5	57	34	74.5	25.5	78	63.5	89.5	69	37	51.5	15.5	31.5	25.5	56.5	68	34	78.5	20.5	70.5	66.5	13	39.5	37.5	49	51	39	45.5	24.5	81.5	53.5	74	57.5	79	84.5	67.5	35	40.5	24.5	59	8	34	45.5	55	54	47	43.5	49.5	30	60	51.5	
29.5	86.5	72.5	34	92	39.5	59.5	38.5	35.5	28	70	84	41.5	51	77	1	22	76.5	42.5	50	23	10	67	43	11	71.5	54	49.5	26	53	1	34	75.5	89	79	32	30.5	27.5	64	55	41.5	98	72.5	56.5	5.5	60	25	21.5	68.5	0	30	40	65.5	75	40.5	30.5	35	48	29.5	31.5	15.5	79	10.5	30	36.5	62.5	57	62.5	94	39	58.5	27.5	13	24.5	16.5	68	58	72.5	72.5	39.5	52.5	45	55.5	70.5	83.5	94.5	42.5	87	86.5	13.5	62.5	88	74	40	43	89.5	38.5	41.5	78.5	0	29	55.5	78.5	38	53	34.5	21	11	41.5	49.5	39	68	81	73	56	40.5	76.5	34	73	42	46	91.5	47	75	61.5	43.5	73.5	63	62	31	31	6.5	55	21.5	28	45	47.5	58	77	31.5	86.5	78.5	33	27.5	58.5	65.5	69	57	92.5	52.5	29	
26.5	63.5	69.5	21	75	42.5	62.5	33.5	38.5	31	67	73	18.5	54	80	30	35	65.5	39.5	47	34	23	60	46	40	48.5	33	42.5	31	56	30	21	78.5	78	78	35	31.5	30.5	43	58	18.5	79	75.5	59.5	28.5	63	32	35.5	71.5	29	33	11	46.5	78	43.5	31.5	38	25	32.5	28.5	33.5	82	28.5	33	39.5	59.5	40	49.5	73	42	61.5	30.5	26	32.5	39.5	45	59	75.5	69.5	42.5	39.5	48	58.5	47.5	86.5	77.5	29.5	80	85.5	21.5	65.5	79	77	27	46	82.5	23.5	44.5	81.5	29	0	46.5	73.5	9	56	22.5	24	40	18.5	52.5	42	71	66	76	51	41.5	53.5	23	76	25	31	70.5	50	62	60.5	46.5	68.5	64	65	2	34	24.5	52	29.5	29	42	50.5	61	80	34.5	75.5	73.5	36	30.5	43.5	46.5	48	60	79.5	39.5	32	
45	37	43	39.5	48.5	34	44	37	20	37.5	40.5	46.5	32	29.5	61.5	56.5	53.5	39	33	25.5	52.5	49.5	33.5	27.5	58.5	22	21.5	26	49.5	37.5	56.5	39.5	60	51.5	51.5	41.5	45	48	16.5	39.5	32	52.5	57	39	55	44.5	50.5	54	53	55.5	29.5	35.5	20	59.5	25	45	34.5	23.5	46	47	60	63.5	55	45.5	19	33	18.5	23	46.5	23.5	37	48	52.5	51	64	18.5	32.5	53	43	16	23	30.5	40	21	62	51	33	53.5	59	48	43	52.5	56.5	35.5	32.5	56	37	34	57	55.5	46.5	0	47	37.5	37.5	41	40.5	58.5	32	34	28.5	52.5	39.5	57.5	24.5	35	27	41.5	57.5	33.5	29.5	44	31.5	35.5	34	12	42	37.5	46.5	44.5	30.5	51	25.5	54	47.5	30.5	32	42.5	61.5	36	49	47	22.5	32	3	20	21.5	33.5	53	23	28.5	
72	10	30	66.5	25.5	57	37	64	43	60.5	32.5	23.5	59	51.5	34.5	79.5	80.5	26	60	52.5	79.5	72.5	35.5	45.5	85.5	29	48.5	53	76.5	25.5	79.5	66.5	33	28.5	28.5	64.5	72	75	38.5	27.5	59	29.5	30	44	78	32.5	77.5	81	26	78.5	52.5	62.5	37	32.5	38	72	57.5	50.5	73	74	83	36.5	78	72.5	44	40	45.5	40	23.5	41.5	44	75	75.5	78	89	30.5	44.5	6	30	47	50	57.5	43	28	39	28	60	30.5	36	71	40	29.5	31.5	62.5	55.5	33	64	59	34	78.5	73.5	47	0	64.5	25.5	68	63.5	85.5	59	37	51.5	25.5	21.5	30.5	46.5	62	24	68.5	30.5	60.5	56.5	21	39.5	27.5	41	51	29	39.5	24.5	71.5	53.5	74	47.5	79	74.5	57.5	35	40.5	34.5	59	26	0	45.5	55	44	37	33.5	45.5	30	50	51.5	
17.5	54.5	60.5	12	66	43.5	63.5	24.5	47.5	40	58	64	9.5	47	89	39	26	56.5	30.5	38	25	32	51	55	31	39.5	24	33.5	22	65	39	12	87.5	69	69	36	22.5	25.5	34	67	9.5	70	84.5	56.5	37.5	68	23	26.5	80.5	38	42	2	37.5	87	52.5	22.5	43	16	23.5	19.5	32.5	89	37.5	28	48.5	50.5	31	40.5	64	51	54.5	25.5	35	23.5	36.5	36	50	70.5	60.5	51.5	30.5	43	57.5	38.5	79.5	68.5	20.5	71	76.5	30.5	60.5	70	74	18	45	73.5	14.5	41.5	74.5	38	9	37.5	64.5	0	65	13.5	33	31	9.5	61.5	49	80	57	75	42	32.5	44.5	14	85	16	22	61.5	59	53	51.5	49.5	59.5	55	74	7	43	33.5	43	26.5	20	33	59.5	60	81	41.5	66.5	64.5	45	39.5	34.5	37.5	39	51	70.5	30.5	41	
82.5	35.5	19.5	73	39	31.5	11.5	50.5	17.5	35	17	31	65.5	28	24	54	59	23.5	44.5	37	60	47	24	20	64	35.5	51	41.5	63	0	54	73	22.5	36	26	39	52.5	49.5	41	2	65.5	45	19.5	18.5	52.5	7	62	63.5	15.5	53	27	67	37.5	22	12.5	52.5	32	59	51.5	80.5	57.5	26	52.5	47	18.5	24.5	44	34.5	41	16	20.5	49.5	50	56.5	63.5	39	25	19.5	19.5	21.5	44.5	32	17.5	36.5	30.5	41.5	54.5	34	33.5	45.5	14.5	35	21	57	30	36.5	60.5	33.5	25.5	53	56	37.5	25.5	65	0	66.5	38	64	65.5	11.5	26	15	28	20	33	42.5	30.5	71	20	59	53	38.5	14	22	23.5	25.5	20.5	20	9	58	28	48.5	32	53.5	65	42	9.5	15	24	33.5	33.5	25.5	20	29.5	40.5	37.5	36	24	39.5	44.5	26	
16	58	64	10.5	69.5	47	67	28	49	41.5	61.5	67.5	13	50.5	90.5	35.5	24.5	60	34	41.5	23.5	28.5	54.5	56.5	29.5	43	27.5	37	20.5	66.5	35.5	10.5	89	72.5	72.5	39.5	26	29	37.5	68.5	13	73.5	86	60	34	71.5	21.5	25	82	34.5	43.5	11.5	41	88.5	54	26	46.5	19.5	27	18	31	92.5	34	31.5	50	54	34.5	44	67.5	52.5	58	29	31.5	10	35	39.5	53.5	74	64	53	34	46.5	61	42	83	72	24	74.5	80	21	64	73.5	77.5	21.5	48.5	77	18	45	78	34.5	22.5	41	68	13.5	66.5	0	34.5	29.5	13	63	52.5	81.5	60.5	78.5	45.5	36	48	12.5	86.5	19.5	25.5	65	60.5	56.5	55	53	63	58.5	75.5	20.5	44.5	30	46.5	13	18.5	36.5	61	63.5	84.5	45	70	68	46.5	41	38	41	42.5	54.5	74	34	42.5	
44.5	71.5	57.5	39	77	24.5	44.5	23.5	20.5	13	55	69	31.5	36	62	22	27	61.5	27.5	35	28	15	52	28	32	56.5	39	34.5	31	38	22	39	60.5	74	64	17	20.5	17.5	49	40	31.5	83	57.5	41.5	20.5	45	30	31.5	53.5	21	15	35	50.5	60	25.5	20.5	20	33	19.5	46.5	25.5	64	20.5	9	21.5	47.5	42	47.5	79	24	43.5	17.5	18	24.5	31.5	53	43	57.5	57.5	24.5	37.5	30	40.5	55.5	68.5	79.5	27.5	72	71.5	13.5	47.5	73	59	19	28	74.5	28.5	26.5	63.5	21	24	40.5	63.5	33	38	34.5	0	32	31.5	34.5	24	53	66	58	41	25.5	61.5	39	58	21	31	76.5	32	60	46.5	28.5	58.5	48	47	26	16	16.5	40	21.5	33	30	32.5	43	62	16.5	71.5	63.5	18	12.5	43.5	50.5	54	42	77.5	37.5	14	
18.5	75.5	81.5	23	87	50.5	70.5	45.5	46.5	39	79	85	30.5	62	88	10	33	77.5	51.5	59	34	21	72	54	0	60.5	45	54.5	33	64	10	23	86.5	90	90	43	41.5	38.5	55	66	30.5	91	83.5	67.5	16.5	71	34	32.5	79.5	11	41	29	58.5	86	51.5	41.5	46	37	40.5	20.5	26.5	90	21.5	41	47.5	71.5	52	61.5	85	50	69.5	38.5	24	35.5	27.5	57	69	83.5	81.5	50.5	51.5	56	66.5	59.5	94.5	89.5	41.5	92	97.5	24.5	73.5	91	85	39	54	94.5	35.5	52.5	89.5	11	40	58.5	85.5	31	64	29.5	32	0	30.5	60.5	50	79	78	84	63	51.5	65.5	25	84	37	43	82.5	58	74	72.5	54.5	80.5	74	73	38	42	17.5	64	32.5	31	54	58.5	69	88	42.5	87.5	85.5	44	38.5	55.5	58.5	60	68	91.5	51.5	40	
17	49	55	11.5	60.5	38	58	19	48	34.5	52.5	58.5	0	41.5	85.5	40.5	25.5	51	25	32.5	24.5	37.5	45.5	49.5	30.5	34	18.5	28	21.5	65.5	40.5	11.5	82	63.5	63.5	30.5	13	16	28.5	67.5	0	64.5	85	51	43	62.5	22.5	26	79	41.5	42.5	7.5	32	87.5	53	13	37.5	10.5	14	19	32	83.5	37	22.5	49	45	25.5	35	58.5	51.5	49	16	34.5	23	36	30.5	44.5	65	55	48	25	37.5	52	33	74	63	15	65.5	71	34	55	64.5	68.5	12.5	39.5	68	5	36	69	41.5	18.5	32	59	9.5	65.5	13	31.5	30.5	0	58	43.5	80.5	51.5	69.5	36.5	27	39	13.5	79.5	10.5	16.5	56	55.5	47.5	46	44	54	49.5	70.5	16.5	41.5	39	37.5	26	19.5	27.5	60	54.5	75.5	36	61	59	45.5	40	29	32	33.5	45.5	65	25	41.5	
71	43	31	65.5	50.5	28	18	47	14	31.5	28.5	42.5	58	24.5	35.5	50.5	55.5	35	41	33.5	56.5	43.5	25.5	16.5	60.5	24	47.5	38	59.5	11.5	50.5	65.5	34	47.5	37.5	35.5	49	46	37.5	13.5	58	56.5	31	7	49	18.5	58.5	60	27	49.5	23.5	61.5	34	33.5	9	49	28.5	49.5	48	73	54	37.5	49	43.5	15	13	40.5	31	52.5	12.5	9	46	46.5	53	60	29.5	21.5	31	31	18	41	28.5	6	25	42	53	51	45.5	45	42	21	46.5	32.5	53.5	26.5	48	57	30	37	49.5	52.5	34	37	61.5	11.5	63	34.5	60.5	58	0	22.5	26.5	39.5	31.5	29.5	39	33	67.5	31.5	55.5	49.5	50	10.5	33.5	12	22	32	21.5	20.5	54.5	24.5	45	28.5	50	61.5	38.5	2	16.5	35.5	30	45	37	16.5	26	37	34	32.5	20.5	51	41	22.5	
56.5	53.5	45.5	51	65	17.5	32.5	36.5	8.5	21	43	57	43.5	24	50	40	45	49.5	30.5	11	46	33	40	16	50	38.5	33	27.5	49	26	40	51	48.5	62	52	25	38.5	35.5	33	28	43.5	69	45.5	29.5	38.5	33	48	49.5	41.5	39	13	47	36.5	48	13.5	38.5	18	35	37.5	58.5	43.5	52	38.5	33	9.5	35.5	18	35.5	63	12	31.5	35.5	36	42.5	49.5	35	31	45.5	45.5	12.5	30.5	6	28.5	37.5	56.5	67.5	40.5	60	59.5	31.5	35.5	61	47	43	4	62.5	46.5	19.5	51.5	39	42	28.5	51.5	49	26	52.5	24	50	43.5	22.5	0	41	54	46	29	28.5	43.5	53	46	45	39	60.5	20	48	34.5	16.5	46.5	36	35	44	14	34.5	28	39.5	51	28	20.5	31	50	19.5	59.5	51.5	6	15.5	31.5	36.5	38	30	65.5	30.5	12	
97.5	35.5	29.5	88	24	46.5	26.5	65.5	32.5	50	32	26	80.5	43	9	69	74	33.5	59.5	52	75	62	39	35	79	50.5	66	56.5	78	15	69	88	7.5	21	21	54	67.5	64.5	56	17	80.5	30	4.5	33.5	67.5	22	77	78.5	5.5	68	42	82	52.5	7	27.5	67.5	47	74	66.5	95.5	72.5	11	67.5	62	33.5	39.5	59	49.5	26	31	35.5	64.5	65	71.5	78.5	54	40	19.5	29.5	36.5	59.5	47	32.5	51.5	15.5	26.5	69.5	19	18.5	60.5	29.5	20	16	72	45	21.5	75.5	48.5	15.5	68	71	52.5	25.5	80	15	81.5	53	79	80.5	26.5	41	0	33	15	48	57.5	45.5	86	5	74	68	28.5	29	37	38.5	40.5	30.5	35	14	73	43	63.5	47	68.5	80	57	24.5	30	9	48.5	23.5	25.5	35	44.5	55.5	52.5	51	39	24.5	59.5	41	
64.5	11.5	22.5	59	23	55.5	35.5	56.5	45.5	63	25	21	51.5	44	42	82	73	18.5	52.5	45	72	75	28	48	78	21.5	41	45.5	69	28	82	59	40.5	26	26	63	64.5	67.5	31	30	51.5	27	37.5	38.5	80.5	35	70	73.5	33.5	81	55	55	29.5	40	40.5	64.5	60	43	65.5	66.5	79.5	44	80.5	65	46.5	32.5	38	32.5	21	44	36.5	67.5	78	70.5	83.5	23	37	27.5	22.5	49.5	42.5	50	39.5	20.5	36.5	25.5	52.5	28	33.5	73.5	32.5	27	31	55	52	30.5	56.5	53.5	31.5	81	66	39.5	21.5	57	28	60.5	66	78	51.5	39.5	54	33	0	32	39	54.5	16.5	61	38	53	49	18.5	42	20	33.5	51.5	21.5	32	19	64	56	76.5	40	73.5	67	50	37.5	37	38	61.5	23.5	21.5	48	57.5	36.5	29.5	26	38	27.5	42.5	54	
82.5	24.5	34.5	77	31	51.5	31.5	70.5	37.5	55	37	11	69.5	48	24	74	79	36.5	64.5	57	80	67	44	40	84	39.5	59	61.5	83	20	74	77	22.5	34	6	59	72.5	69.5	49	22	69.5	35	19.5	38.5	72.5	27	82	83.5	15.5	73	47	73	47.5	22	32.5	72.5	52	61	71.5	84.5	77.5	26	72.5	67	38.5	44.5	56	50.5	29	36	40.5	69.5	70	76.5	83.5	41	45	24.5	34.5	41.5	60.5	52	37.5	38.5	30.5	33.5	70.5	34	33.5	65.5	34.5	35	1	73	50	36.5	74.5	53.5	25.5	73	76	57.5	30.5	75	20	78.5	58	84	69.5	31.5	46	15	32	0	53	62.5	34.5	79	20	71	67	26.5	34	38	43.5	45.5	35.5	40	19	78	48	68.5	52	73.5	85	62	29.5	35	24	53.5	31.5	30.5	40	49.5	54.5	47.5	44	44	35.5	60.5	46	
49.5	36.5	42.5	44	48	34.5	39.5	41.5	20.5	38	40	46	36.5	5	57	57	58	38.5	37.5	30	57	50	33	13	63	21.5	26	30.5	54	33	57	44	55.5	51	51	42	49.5	52.5	8	35	36.5	52	52.5	36.5	55.5	40	55	58.5	48.5	56	30	40	19.5	55	20.5	49.5	35	28	50.5	51.5	60.5	59	55.5	50	21.5	32.5	23	22.5	46	17	36.5	52.5	53	55.5	66.5	18	32	52.5	42.5	24.5	27.5	35	35.5	20.5	61.5	50.5	37.5	53	58.5	48.5	42.5	52	54	40	33	55.5	41.5	36.5	56.5	56	51	24.5	46.5	42	33	45.5	41	63	36.5	29.5	29	48	39	53	0	39.5	26.5	46	53	38	34	43.5	27	35	33.5	28.5	41.5	37	42	49	31	51.5	1	56.5	52	35	27.5	38	57	36.5	48.5	46.5	23	32.5	21.5	19.5	21	33	52.5	27.5	29	
40	52	58	34.5	63.5	29	49	32	25	22.5	55.5	61.5	27	40.5	66.5	41.5	46.5	54	2	35.5	47.5	34.5	48.5	32.5	51.5	37	21.5	31	44.5	42.5	41.5	34.5	65	66.5	66.5	26.5	40	37	31.5	44.5	27	67.5	62	46	40	49.5	45.5	49	58	40.5	19.5	30.5	35	64.5	30	40	24.5	18.5	39	42	45	68.5	40	34.5	26	48	28.5	38	61.5	28.5	48	37	37.5	44	51	33.5	47.5	62	58	29	28	34.5	45	36	73	66	28	68.5	74	33	52	67.5	63.5	30.5	32.5	71	32	31	68	40.5	41.5	35	62	32.5	42.5	36	25.5	51.5	27	39	28.5	57.5	54.5	62.5	39.5	0	42	36.5	62.5	28.5	24.5	59	36.5	50.5	49	33	57	52.5	51.5	39.5	20.5	36	40.5	41	42.5	30.5	37	47.5	66.5	9	64	62	22.5	13	32	35	36.5	46.5	68	28	18.5	
52	14	20	46.5	25.5	43	19	44	43	54.5	17.5	23.5	39	31.5	50.5	75.5	60.5	16	40	32.5	59.5	72.5	15.5	39.5	65.5	9	28.5	33	56.5	30.5	75.5	46.5	47	28.5	28.5	50.5	52	55	18.5	32.5	39	29.5	50	26	78	27.5	57.5	61	44	76.5	52.5	42.5	17	52.5	38	52	47.5	30.5	53	54	67	48.5	72	52.5	44	20	25.5	20	23.5	41.5	24	55	69.5	58	71	10.5	24.5	30	20	43	30	37.5	27	8	39	28	40	30.5	36	69	16	29.5	33.5	42.5	39.5	33	44	41	34	76.5	53.5	27	24	44.5	30.5	48	61.5	65.5	39	33	43.5	45.5	16.5	34.5	26.5	42	0	48.5	44.5	40.5	36.5	21	35.5	12.5	21	39	19	19.5	35.5	51.5	51.5	74	27.5	61	54.5	37.5	35	24.5	40.5	51	26	24	45.5	55	24	17	13.5	25.5	30	30	51.5	
11.5	58.5	64.5	2	70	47.5	67.5	28.5	53.5	44	62	68	13.5	51	95	35	12	60.5	34.5	42	11	24	55	59	25	43.5	28	37.5	8	71	35	2	91.5	73	73	40	26.5	29.5	38	73	13.5	74	90.5	60.5	33.5	72	9	20.5	86.5	34	48	12	41.5	93	58.5	26.5	47	20	27.5	13.5	26.5	93	31.5	32	54.5	54.5	35	44.5	68	57	58.5	29.5	21	22.5	30.5	40	54	74.5	64.5	57.5	34.5	47	61.5	42.5	83.5	72.5	24.5	75	80.5	31.5	64.5	74	78	22	49	77.5	18.5	45.5	78.5	34	23	41.5	68.5	14	71	12.5	39	25	13.5	67.5	53	86	61	79	46	36.5	48.5	0	89	20	26	65.5	65	57	55.5	53.5	63.5	59	80	21	49	29.5	47	25.5	6	37	65.5	64	85	45.5	70.5	68.5	51	45.5	38.5	41.5	43	55	74.5	34.5	47	
92.5	34.5	34.5	87	19	51.5	31.5	70.5	37.5	55	37	31	79.5	48	14	74	79	38.5	64.5	57	80	67	44	40	84	49.5	69	61.5	83	20	74	87	12.5	16	26	59	72.5	69.5	59	22	79.5	35	9.5	38.5	72.5	27	82	83.5	10.5	73	47	83	57.5	12	32.5	72.5	52	71	71.5	94.5	77.5	16	72.5	67	38.5	44.5	64	54.5	21	36	40.5	69.5	70	76.5	83.5	51	45	24.5	34.5	41.5	64.5	52	37.5	48.5	20.5	31.5	74.5	14	23.5	65.5	34.5	15	21	77	50	26.5	80.5	53.5	20.5	73	76	57.5	30.5	85	20	86.5	58	84	79.5	31.5	46	5	38	20	53	62.5	44.5	89	0	79	73	31.5	34	42	43.5	45.5	35.5	40	19	78	48	68.5	52	73.5	85	62	29.5	35	4	53.5	28.5	30.5	40	49.5	60.5	57.5	54	44	29.5	64.5	46	
23.5	50.5	56.5	18	62	39.5	59.5	20.5	41.5	34	54	60	10.5	43	83	43	32	52.5	26.5	34	31	36	47	49	37	35.5	20	29.5	28	59	43	18	81.5	65	65	32	23.5	26.5	30	61	10.5	66	78.5	52.5	41.5	64	29	32.5	74.5	42	36	14	33.5	81	46.5	23.5	39	12	24.5	25.5	38.5	85	41.5	12	42.5	46.5	27	36.5	60	45	50.5	26.5	39	29.5	42.5	32	46	66.5	56.5	45.5	26.5	39	53.5	34.5	75.5	64.5	16.5	67	72.5	34.5	56.5	66	70	2	41	69.5	15.5	37.5	70.5	42	25	33.5	60.5	16	59	19.5	21	37	10.5	55.5	45	74	53	71	38	28.5	40.5	20	79	0	18	57.5	53	49	47.5	45.5	55.5	51	68	23	37	37.5	39	32.5	26	29	53.5	56	77	37.5	62.5	60.5	39	33.5	30.5	33.5	35	47	66.5	26.5	35	
29.5	46.5	52.5	24	58	35.5	55.5	21.5	35.5	18	50	56	16.5	39	77	47	38	48.5	22.5	30	37	40	43	43	43	31.5	16	25.5	34	53	47	24	75.5	61	61	14	29.5	32.5	26	55	16.5	62	72.5	48.5	45.5	60	35	38.5	68.5	46	30	20	29.5	75	40.5	29.5	35	6	30.5	31.5	44.5	79	45.5	30	36.5	42.5	23	32.5	56	39	46.5	32.5	43	35.5	48.5	28	42	62.5	52.5	39.5	22.5	35	49.5	30.5	71.5	60.5	17.5	63	68.5	38.5	52.5	62	66	20	37	65.5	21.5	33.5	66.5	46	31	29.5	56.5	22	53	25.5	31	43	16.5	49.5	39	68	49	67	34	24.5	36.5	26	73	18	0	53.5	47	45	43.5	41.5	51.5	47	62	29	31	41.5	35	38.5	32	25	47.5	52	73	31.5	58.5	56.5	33	27.5	26.5	29.5	31	43	62.5	22.5	29	
69	11	27	63.5	12.5	60	40	61	56	71.5	29.5	15.5	56	48.5	37.5	92.5	77.5	23	57	49.5	76.5	85.5	32.5	56.5	82.5	26	45.5	50	73.5	38.5	92.5	63.5	34	15.5	20.5	67.5	69	72	35.5	40.5	56	16.5	33	43	91	39.5	74.5	78	23	91.5	65.5	59.5	34	35.5	51	69	64.5	47.5	70	71	84	35.5	89	69.5	57	37	42.5	37	10.5	54.5	41	72	86.5	75	88	27.5	41.5	27	27	60	47	54.5	44	25	26	15	57	17.5	23	84	37	16.5	25.5	59.5	56.5	20	61	58	13	91.5	70.5	44	21	61.5	38.5	65	76.5	82.5	56	50	60.5	28.5	18.5	26.5	43.5	59	21	65.5	31.5	57.5	53.5	0	52.5	24.5	38	56	26	36.5	37.5	68.5	66.5	87	44.5	78	71.5	54.5	48	41.5	27.5	68	5	21	58.5	68	41	34	30.5	42.5	17	47	64.5	
68.5	45.5	33.5	63	53	25.5	20.5	44.5	11.5	29	31	45	55.5	22	38	48	53	37.5	38.5	31	54	41	28	14	58	30.5	45	35.5	57	14	48	63	36.5	50	40	33	46.5	43.5	35	16	55.5	59	33.5	17.5	46.5	21	56	57.5	29.5	47	21	59	31.5	36	6.5	46.5	26	47	45.5	70.5	51.5	40	46.5	41	12.5	23.5	38	28.5	55	10	19.5	43.5	44	50.5	57.5	25	11	33.5	33.5	15.5	38.5	26	16.5	29.5	44.5	55.5	48.5	48	47.5	39.5	23.5	49	35	51	24	50.5	54.5	27.5	39.5	47	50	31.5	39.5	59	14	60.5	32	58	55.5	10.5	20	29	42	34	27	36.5	35.5	65	34	53	47	52.5	0	36	22.5	19.5	34.5	24	23	52	22	42.5	26	47.5	59	36	8.5	19	38	27.5	47.5	39.5	14	23.5	34.5	31.5	22	10	53.5	38.5	20	
60.5	17.5	23.5	55	29	51.5	31.5	52.5	39.5	57	5	27	47.5	40	46	76	69	19.5	48.5	41	68	69	24	42	74	17.5	37	41.5	65	22	76	55	44.5	32	32	59	60.5	63.5	27	20	47.5	33	41.5	34.5	74.5	15	66	69.5	37.5	75	49	51	25.5	44	34.5	60.5	54	39	61.5	62.5	75.5	48	74.5	61	40.5	28.5	34	28.5	27	38	32.5	63.5	72	66.5	79.5	19	33	33.5	23.5	43.5	38.5	46	35.5	16.5	42.5	31.5	48.5	34	39.5	67.5	28.5	33	37	51	48	36.5	52.5	49.5	37.5	75	62	35.5	27.5	53	22	56.5	60	74	47.5	33.5	48	37	20	38	35	50.5	12.5	57	42	49	45	24.5	36	0	29.5	47.5	22.5	28	31	60	50	70.5	36	69.5	63	46	31.5	33	44	55.5	29.5	27.5	42	51.5	32.5	25.5	22	34	33.5	38.5	48	
59	31	37	53.5	42.5	40	30	51	26	43.5	34.5	40.5	46	36.5	47.5	62.5	67.5	33	47	39.5	66.5	55.5	27.5	28.5	72.5	12	35.5	40	63.5	23.5	62.5	53.5	46	45.5	45.5	47.5	59	58	25.5	25.5	46	46.5	43	5	61	30.5	64.5	68	39	61.5	35.5	49.5	24	45.5	21	59	40.5	37.5	60	61	66	49.5	61	55.5	27	1	32.5	27	40.5	24.5	3	58	58.5	65	72	17.5	31.5	43	37	30	37	40.5	6	13	54	45	47	47.5	53	54	33	46.5	44.5	49.5	38.5	50	51	42	49	61.5	60.5	34	41	51.5	23.5	55	46.5	72.5	46	12	34.5	38.5	33.5	43.5	33.5	49	21	55.5	43.5	47.5	43.5	38	22.5	29.5	0	34	36	31.5	32.5	58.5	36.5	57	34.5	62	61.5	44.5	14	28.5	47.5	42	43	41	28.5	38	31	24	20.5	32.5	47	37	34.5	
57	49	45	51.5	60.5	22	32	41	8	25.5	42.5	56.5	44	23.5	49.5	44.5	49.5	49	35	27.5	50.5	37.5	39.5	15.5	54.5	34	33.5	32	53.5	25.5	44.5	51.5	48	61.5	51.5	29.5	43	40	28.5	27.5	44	64.5	45	29	43	32.5	52.5	54	41	43.5	17.5	47.5	32	47.5	13	43	22.5	35.5	42	59	48	51.5	43	37.5	7	35	30.5	35	58.5	11.5	31	40	40.5	47	54	30.5	30.5	45	45	4	35	22.5	28	33	56	63	45	59.5	59	36	35	60.5	46.5	47.5	20.5	62	49	24	51	43.5	46.5	12	51	49.5	25.5	53	28.5	54.5	44	22	16.5	40.5	51.5	45.5	28.5	33	39	53.5	45.5	45.5	41.5	56	19.5	47.5	34	0	46	35.5	34.5	48.5	18.5	39	27.5	44	55.5	32.5	20	30.5	49.5	24	59	51	10.5	20	15	32	33.5	29.5	65	35	16.5	
67	19	1	61.5	30.5	52	32	59	38	55.5	27.5	28.5	54	46.5	39.5	74.5	75.5	3	55	47.5	74.5	67.5	30.5	40.5	80.5	24	43.5	48	71.5	20.5	74.5	61.5	38	33.5	33.5	59.5	67	70	33.5	22.5	54	34.5	35	39	73	27.5	72.5	76	31	73.5	47.5	57.5	32	37.5	33	67	52.5	45.5	68	69	78	41.5	73	67.5	39	35	40.5	35	28.5	36.5	39	70	70.5	73	84	25.5	39.5	35	1	42	45	52.5	38	23	44	33	55	35.5	41	66	35	34.5	36.5	57.5	50.5	38	59	54	39	73.5	68.5	42	29	59.5	20.5	63	58.5	80.5	54	32	46.5	30.5	21.5	35.5	41.5	57	19	63.5	35.5	55.5	51.5	26	34.5	22.5	36	46	0	34.5	24.5	66.5	48.5	69	42.5	74	69.5	52.5	30	35.5	39.5	54	31	29	40.5	50	39	32	28.5	40.5	35	45	46.5	
62.5	29.5	35.5	57	41	41.5	26.5	54.5	27.5	45	33	39	49.5	38	44	64	69	31.5	50.5	43	70	57	4	30	74	19.5	39	43.5	67	20	64	57	42.5	44	44	49	62.5	59.5	29	22	49.5	45	39.5	28.5	62.5	27	68	71.5	35.5	63	37	53	27.5	42	22.5	62.5	42	41	61.5	64.5	67.5	46	62.5	57	28.5	30.5	36	30.5	39	26	30.5	59.5	60	66.5	73.5	21	35	39.5	35.5	31.5	40.5	42	27.5	18.5	50.5	43.5	50.5	46	51.5	55.5	29.5	45	41	53	40	48.5	54.5	43.5	45.5	63	64	37.5	39.5	55	20	58.5	48	74	49.5	21.5	36	35	32	40	37	52.5	19.5	59	40	51	47	36.5	24	28	31.5	35.5	34.5	0	29	62	38	58.5	38	63.5	65	48	19.5	5	44	43.5	41.5	39.5	30	39.5	34.5	27.5	24	34	45.5	40.5	36	
83.5	30.5	23.5	78	38	40.5	20.5	59.5	26.5	44	26	30	70.5	37	23	63	68	27.5	53.5	46	69	56	33	29	73	40.5	60	50.5	72	9	63	78	21.5	35	25	48	61.5	58.5	50	11	70.5	44	18.5	27.5	61.5	16	71	72.5	14.5	62	36	74	46.5	21	21.5	61.5	41	62	60.5	85.5	66.5	25	61.5	56	27.5	33.5	53	43.5	40	25	29.5	58.5	59	65.5	72.5	42	34	18.5	23.5	30.5	53.5	41	26.5	39.5	29.5	40.5	63.5	33	32.5	54.5	23.5	34	20	66	39	35.5	69.5	42.5	24.5	62	65	46.5	24.5	74	9	75.5	47	73	70.5	20.5	35	14	19	19	42	51.5	35.5	80	19	68	62	37.5	23	31	32.5	34.5	24.5	29	0	67	37	57.5	41	62.5	74	51	18.5	24	23	42.5	32.5	24.5	29	38.5	49.5	46.5	45	33	38.5	53.5	35	
24.5	61.5	67.5	19	73	44.5	64.5	31.5	40.5	33	65	71	16.5	54	82	32	33	63.5	37.5	45	32	25	58	48	38	46.5	31	40.5	29	58	32	19	80.5	76	76	37	29.5	32.5	41	60	16.5	77	77.5	61.5	30.5	65	30	33.5	73.5	31	35	9	44.5	80	45.5	29.5	40	23	30.5	26.5	35.5	84	30.5	35	41.5	57.5	38	47.5	71	44	61.5	32.5	28	30.5	41.5	43	57	77.5	67.5	44.5	37.5	50	60.5	45.5	86.5	75.5	27.5	78	83.5	23.5	67.5	77	79	25	48	80.5	21.5	46.5	81.5	31	2	44.5	71.5	7	58	20.5	26	38	16.5	54.5	44	73	64	78	49	39.5	51.5	21	78	23	29	68.5	52	60	58.5	48.5	66.5	62	67	0	36	26.5	50	31.5	27	40	52.5	63	82	36.5	73.5	71.5	38	32.5	41.5	44.5	46	58	77.5	37.5	34	
54.5	61.5	47.5	49	67	14.5	34.5	28.5	10.5	13	45	59	41.5	26	52	32	37	51.5	22.5	25	38	25	42	18	42	46.5	23	24.5	41	28	32	49	50.5	64	54	17	30.5	27.5	39	30	41.5	73	47.5	31.5	30.5	35	40	41.5	43.5	31	1	45	40.5	50	15.5	30.5	4	33	29.5	56.5	35.5	54	30.5	25	11.5	37.5	32	37.5	69	14	33.5	27.5	28	34.5	41.5	43	33	47.5	47.5	14.5	27.5	20	30.5	45.5	58.5	69.5	32.5	62	61.5	23.5	37.5	63	49	35	18	64.5	38.5	16.5	53.5	31	34	30.5	53.5	43	28	44.5	16	42	41.5	24.5	14	43	56	48	31	20.5	51.5	49	48	37	31	66.5	22	50	36.5	18.5	48.5	38	37	36	0	26.5	30	31.5	43	14	22.5	33	52	11.5	61.5	53.5	8	7.5	33.5	40.5	44	32	67.5	27.5	2	
34	84	68	31.5	87.5	35	55	34	31	23.5	65.5	79.5	39	46.5	72.5	7.5	17.5	72	38	45.5	18.5	5.5	62.5	38.5	17.5	69	49.5	45	21.5	48.5	7.5	31.5	71	84.5	74.5	27.5	26	23	59.5	50.5	39	93.5	68	52	6	55.5	20.5	15	64	6.5	25.5	35.5	61	70.5	36	26	30.5	47.5	25	34	9	74.5	4	25.5	32	58	52.5	58	89.5	34.5	54	23	8.5	20	17	67.5	53.5	68	68	35	48	40.5	51	70	79	90	38	82.5	82	9	58	83.5	69.5	35.5	38.5	85	34	37	74	6.5	24.5	51	74	33.5	48.5	30	16.5	17.5	39	45	34.5	63.5	76.5	68.5	51.5	36	74	29.5	68.5	37.5	41.5	87	42.5	70.5	57	39	69	58.5	57.5	26.5	26.5	0	50.5	17	23.5	40.5	43	53.5	72.5	27	82	74	28.5	23	54	61	64.5	52.5	88	48	24.5	
50.5	37.5	43.5	45	49	33.5	38.5	42.5	19.5	37	41	47	37.5	4	56	56	59	39.5	38.5	31	58	49	34	12	64	22.5	27	31.5	55	32	56	45	54.5	52	52	41	50.5	51.5	9	34	37.5	53	51.5	35.5	54.5	39	56	59.5	47.5	55	29	41	20.5	54	19.5	50.5	34	29	51.5	52.5	59.5	58	54.5	49	20.5	33.5	24	23.5	47	16	37.5	51.5	52	56.5	65.5	19	33	51.5	43.5	23.5	28.5	34	34.5	21.5	62.5	51.5	38.5	54	59.5	47.5	41.5	53	53	41	32	56.5	42.5	35.5	57.5	55	52	25.5	47.5	43	32	46.5	40	64	37.5	28.5	28	47	40	52	1	40.5	27.5	47	52	39	35	44.5	26	36	34.5	27.5	42.5	38	41	50	30	50.5	0	55.5	53	36	26.5	37	56	35.5	49.5	47.5	22	31.5	22.5	20.5	22	34	53.5	28.5	28	
29	71	73	23.5	82.5	40	60	39	36	28.5	70.5	80.5	26	51.5	77.5	22.5	27.5	73	43	50.5	28.5	15.5	67.5	43.5	32.5	56	40.5	50	31.5	53.5	22.5	23.5	76	85.5	79.5	32.5	31	28	50.5	55.5	26	86.5	73	57	21	60.5	30.5	32	69	21.5	30.5	24.5	54	75.5	41	31	35.5	32.5	30	31	26	79.5	21	30.5	37	63	47.5	57	80.5	39.5	59	28	18.5	3	32	52.5	58.5	73	73	40	47	45.5	56	55	84	85	37	87.5	87	8	63	86.5	74.5	34.5	43.5	90	31	42	79	21.5	29.5	54	79	26.5	53.5	13	21.5	32.5	26	50	39.5	68.5	73.5	73.5	56.5	41	61	25.5	73.5	32.5	38.5	78	47.5	69.5	62	44	74	63.5	62.5	31.5	31.5	17	55.5	0	31.5	45.5	48	58.5	77.5	32	83	79	33.5	28	51	54	55.5	57.5	87	47	29.5	
17.5	64.5	70.5	8	76	51.5	71.5	34.5	47.5	40	68	74	19.5	57	89	29	6	66.5	40.5	48	5	18	61	55	31	49.5	34	43.5	2	65	29	8	87.5	79	79	44	32.5	35.5	44	67	19.5	80	84.5	66.5	27.5	72	3	26.5	80.5	28	42	18	47.5	87	52.5	32.5	47	26	33.5	19.5	32.5	91	27.5	38	48.5	60.5	41	50.5	74	51	64.5	35.5	15	28.5	36.5	46	60	80.5	70.5	51.5	40.5	53	67.5	48.5	89.5	78.5	30.5	81	86.5	25.5	70.5	80	84	28	55	83.5	24.5	51.5	84.5	28	29	47.5	74.5	20	65	18.5	33	31	19.5	61.5	51	80	67	85	52	42.5	54.5	6	85	26	32	71.5	59	63	61.5	55.5	69.5	65	74	27	43	23.5	53	31.5	0	43	59.5	70	89	43.5	76.5	74.5	45	39.5	44.5	47.5	49	61	80.5	40.5	41	
40.5	47.5	53.5	35	59	28.5	48.5	32.5	24.5	27	51	57	27.5	40	66	46	49	49.5	28.5	31	48	39	44	32	54	32.5	9	26.5	45	42	46	35	64.5	62	62	31	40.5	41.5	27	44	27.5	63	61.5	45.5	44.5	49	46	49.5	57.5	45	15	31	30.5	64	29.5	40.5	10	19	41.5	42.5	49.5	68	44.5	39	25.5	43.5	24	33.5	57	28	47.5	41.5	42	46.5	55.5	29	43	61.5	53.5	28.5	23.5	34	44.5	31.5	72.5	61.5	28.5	64	69.5	37.5	51.5	63	63	31	32	66.5	32.5	30.5	67.5	45	42	30.5	57.5	33	42	36.5	30	54	27.5	38.5	28	57	50	62	35	30.5	37.5	37	62	29	25	54.5	36	46	44.5	32.5	52.5	48	51	40	14	40.5	36	45.5	43	0	36.5	47	66	25.5	59.5	57.5	22	21.5	27.5	30.5	32	44	63.5	23.5	16	
73	45	29	67.5	48.5	26	16	45	12	29.5	26.5	40.5	60	22.5	33.5	48.5	53.5	33	39	31.5	54.5	41.5	23.5	14.5	58.5	26	45.5	36	57.5	9.5	48.5	67.5	32	45.5	35.5	33.5	47	44	35.5	11.5	60	54.5	29	9	47	16.5	56.5	58	25	47.5	21.5	61.5	32	31.5	7	47	26.5	51.5	46	75	52	35.5	47	41.5	13	15	38.5	29	50.5	10.5	11	44	44.5	51	58	31.5	19.5	29	29	16	39	26.5	8	27	40	51	49	43.5	43	40	19	44.5	30.5	51.5	24.5	46	55	28	35	47.5	50.5	32	35	59.5	9.5	61	32.5	58.5	60	2	20.5	24.5	37.5	29.5	27.5	37	35	65.5	29.5	53.5	47.5	48	8.5	31.5	14	20	30	19.5	18.5	52.5	22.5	43	26.5	48	59.5	36.5	0	14.5	33.5	28	43	35	14.5	24	35	32	30.5	18.5	49	39	20.5	
67.5	34.5	34.5	62	46	36.5	21.5	55.5	22.5	40	32	44	54.5	33	39	59	64	36.5	49.5	42	65	52	9	25	69	24.5	44	46.5	68	15	59	62	37.5	49	41	44	57.5	54.5	34	17	54.5	50	34.5	23.5	57.5	22	67	68.5	30.5	58	32	58	32.5	37	17.5	57.5	37	46	56.5	69.5	62.5	41	57.5	52	23.5	29.5	41	35.5	44	21	25.5	54.5	55	61.5	68.5	26	30	34.5	34.5	26.5	45.5	37	22.5	23.5	45.5	48.5	55.5	49	48.5	50.5	24.5	50	36	58	35	51.5	59.5	38.5	40.5	58	61	42.5	40.5	60	15	63.5	43	69	54.5	16.5	31	30	37	35	38	47.5	24.5	64	35	56	52	41.5	19	33	28.5	30.5	35.5	5	24	63	33	53.5	37	58.5	70	47	14.5	0	39	38.5	46.5	40.5	25	34.5	39.5	32.5	29	29	50.5	45.5	31	
88.5	30.5	38.5	83	15	55.5	35.5	74.5	41.5	59	41	35	75.5	52	18	78	83	42.5	68.5	61	84	71	48	44	88	45.5	65	65.5	87	24	78	83	16.5	12	30	63	76.5	73.5	55	26	75.5	31	13.5	42.5	76.5	31	86	87.5	14.5	77	51	79	53.5	16	36.5	76.5	56	67	75.5	90.5	81.5	20	76.5	71	42.5	48.5	62	56.5	17	40	44.5	73.5	74	80.5	87.5	47	49	28.5	38.5	45.5	66.5	56	41.5	44.5	24.5	29.5	76.5	10	27.5	69.5	38.5	11	25	79	54	30.5	80.5	57.5	24.5	77	80	61.5	34.5	81	24	84.5	62	88	75.5	35.5	50	9	38	24	57	66.5	40.5	85	4	77	73	27.5	38	44	47.5	49.5	39.5	44	23	82	52	72.5	56	77.5	89	66	33.5	39	0	57.5	32.5	34.5	44	53.5	60.5	53.5	50	48	31.5	66.5	50	
49	61	53	43.5	72.5	20	40	29	16	13.5	50.5	64.5	36	31.5	57.5	32.5	37.5	57	11	30.5	38.5	25.5	47.5	23.5	42.5	46	30.5	30	41.5	33.5	32.5	43.5	56	69.5	59.5	17.5	31	28	40.5	35.5	36	76.5	53	37	31	40.5	40.5	42	49	31.5	10.5	39.5	44	55.5	21	31	15.5	27.5	30	51	36	59.5	31	25.5	17	43	37.5	43	70.5	19.5	39	28	28.5	35	42	42.5	38.5	53	53	20	33	25.5	36	45	64	75	33	67.5	67	24	43	68.5	54.5	35.5	23.5	70	39	22	59	31.5	34.5	36	59	41.5	33.5	45	16.5	42.5	36	30	19.5	48.5	61.5	53.5	36.5	9	51	45.5	53.5	37.5	31.5	68	27.5	55.5	42	24	54	43.5	42.5	36.5	11.5	27	35.5	32	43.5	25.5	28	38.5	57.5	0	67	59	13.5	4	39	44	45.5	37.5	73	33	9.5	
74	16	32	68.5	17.5	65	45	66	51	68.5	34.5	20.5	61	53.5	32.5	87.5	82.5	28	62	54.5	81.5	80.5	37.5	53.5	87.5	31	50.5	55	78.5	33.5	87.5	68.5	31	20.5	25.5	72.5	74	77	40.5	35.5	61	21.5	28	48	86	40.5	79.5	83	18	86.5	60.5	64.5	39	30.5	46	74	65.5	52.5	75	76	89	34.5	86	74.5	52	42	47.5	42	15.5	49.5	46	77	83.5	80	93	32.5	46.5	32	32	55	52	59.5	49	30	31	20	62	22.5	28	79	42	21.5	30.5	64.5	61.5	25	66	63	8	86.5	75.5	49	26	66.5	33.5	70	71.5	87.5	61	45	59.5	23.5	23.5	31.5	48.5	64	26	70.5	28.5	62.5	58.5	5	47.5	29.5	43	59	31	41.5	32.5	73.5	61.5	82	49.5	83	76.5	59.5	43	46.5	32.5	67	0	26	53.5	63	46	39	35.5	47.5	22	52	59.5	
72	10	30	66.5	25.5	57	37	64	43	60.5	32.5	23.5	59	51.5	34.5	79.5	80.5	26	60	52.5	79.5	72.5	35.5	45.5	85.5	29	48.5	53	76.5	25.5	79.5	66.5	33	28.5	28.5	64.5	72	75	38.5	27.5	59	29.5	30	44	78	32.5	77.5	81	26	78.5	52.5	62.5	37	32.5	38	72	57.5	50.5	73	74	83	36.5	78	72.5	44	40	45.5	40	23.5	41.5	44	75	75.5	78	89	30.5	44.5	6	30	47	50	57.5	43	28	39	28	60	30.5	36	71	40	29.5	31.5	62.5	55.5	33	64	59	34	78.5	73.5	47	0	64.5	25.5	68	63.5	85.5	59	37	51.5	25.5	21.5	30.5	46.5	62	24	68.5	30.5	60.5	56.5	21	39.5	27.5	41	51	29	39.5	24.5	71.5	53.5	74	47.5	79	74.5	57.5	35	40.5	34.5	59	26	0	45.5	55	44	37	33.5	45.5	30	50	51.5	
62.5	55.5	39.5	53	59	11.5	26.5	30.5	2.5	15	37	51	45.5	18	44	34	39	43.5	24.5	17	40	27	34	10	44	40.5	31	21.5	43	20	34	53	42.5	56	46	19	32.5	29.5	31	22	45.5	65	39.5	23.5	32.5	27	42	43.5	35.5	33	7	47	32.5	42	7.5	32.5	12	39	31.5	60.5	37.5	46	32.5	27	3.5	29.5	24	29.5	61	6	25.5	29.5	30	36.5	43.5	39	25	39.5	39.5	6.5	24.5	12	22.5	41.5	50.5	61.5	34.5	54	53.5	25.5	29.5	55	41	37	10	56.5	40.5	13.5	45.5	33	36	22.5	45.5	45	20	46.5	18	44	45.5	16.5	6	35	48	40	23	22.5	45.5	51	40	39	33	58.5	14	42	28.5	10.5	40.5	30	29	38	8	28.5	22	33.5	45	22	14.5	25	44	13.5	53.5	45.5	0	9.5	25.5	32.5	36	24	59.5	24.5	6	
53	65	49	47.5	68.5	16	36	25	12	9.5	46.5	60.5	40	27.5	53.5	28.5	33.5	53	15	26.5	34.5	21.5	43.5	19.5	38.5	50	30.5	26	37.5	29.5	28.5	47.5	52	65.5	55.5	13.5	27	24	40.5	31.5	40	74.5	49	33	27	36.5	36.5	38	45	27.5	6.5	41.5	42	51.5	17	27	11.5	31.5	26	55	32	55.5	27	21.5	13	39	33.5	39	70.5	15.5	35	24	24.5	31	38	46.5	34.5	49	49	16	29	21.5	32	49	60	71	29	63.5	63	20	39	64.5	50.5	31.5	19.5	66	35	18	55	27.5	30.5	32	55	39.5	29.5	41	12.5	38.5	40	26	15.5	44.5	57.5	49.5	32.5	13	55	45.5	49.5	33.5	27.5	68	23.5	51.5	38	20	50	39.5	38.5	32.5	7.5	23	31.5	28	39.5	21.5	24	34.5	53.5	4	63	55	9.5	0	35	42	45.5	33.5	69	29	5.5	
42	34	40	36.5	45.5	33	43	34	23	40.5	37.5	43.5	29	26.5	64.5	59.5	50.5	36	30	22.5	49.5	52.5	30.5	30.5	55.5	19	18.5	23	46.5	40.5	59.5	36.5	63	48.5	48.5	40.5	42	45	13.5	42.5	29	49.5	60	36	58	47.5	47.5	51	56	58.5	32.5	32.5	17	62.5	28	42	37.5	20.5	43	44	57	66.5	58	42.5	22	30	15.5	20	43.5	26.5	34	45	55.5	48	61	15.5	29.5	50	40	19	20	27.5	37	18	59	48	30	50.5	56	51	40	49.5	53.5	32.5	29.5	53	34	31	54	58.5	43.5	3	44	34.5	40.5	38	43.5	55.5	29	37	31.5	55.5	36.5	54.5	21.5	32	24	38.5	60.5	30.5	26.5	41	34.5	32.5	31	15	39	34.5	49.5	41.5	33.5	54	22.5	51	44.5	27.5	35	39.5	60.5	39	46	44	25.5	35	0	17	18.5	30.5	50	20	31.5	
45	27	33	39.5	38.5	36	36	37	30	47.5	30.5	36.5	32	24.5	61.5	66.5	53.5	29	33	25.5	52.5	59.5	23.5	32.5	58.5	12	21.5	26	49.5	37.5	66.5	39.5	60	41.5	41.5	43.5	45	48	11.5	39.5	32	42.5	57	29	65	40.5	50.5	54	53	65.5	39.5	35.5	0	59.5	25	45	40.5	23.5	46	47	60	61.5	65	45.5	31	23	18.5	3	36.5	28.5	27	48	62.5	51	64	8.5	22.5	43	33	34	23	30.5	30	11	52	41	33	43.5	49	58	33	42.5	46.5	35.5	32.5	46	37	34	47	65.5	46.5	20	37	37.5	37.5	41	50.5	58.5	32	34	36.5	52.5	29.5	47.5	19.5	35	17	41.5	57.5	33.5	29.5	34	31.5	25.5	24	32	32	27.5	46.5	44.5	40.5	61	20.5	54	47.5	30.5	32	32.5	53.5	44	39	37	32.5	42	17	0	11.5	23.5	43	23	38.5	
46.5	23.5	29.5	41	35	37.5	32.5	38.5	33.5	49	27	33	33.5	26	60	70	55	25.5	34.5	27	54	63	20	34	60	8.5	23	27.5	51	36	70	41	56.5	38	38	45	46.5	49.5	13	38	33.5	39	55.5	25.5	68.5	37	52	55.5	51.5	69	43	37	11.5	58	28.5	46.5	42	25	47.5	48.5	61.5	58	66.5	47	34.5	19.5	20	14.5	33	32	23.5	49.5	64	52.5	65.5	3	11	39.5	29.5	37.5	24.5	32	26.5	7.5	48.5	37.5	34.5	40	45.5	61.5	29.5	39	43	37	34	42.5	38.5	35.5	43.5	69	48	21.5	33.5	39	36	42.5	54	60	33.5	32.5	38	51	26	44	21	36.5	13.5	43	54	35	31	30.5	22	22	20.5	33.5	28.5	24	45	46	44	64.5	22	55.5	49	32	30.5	29	50	45.5	35.5	33.5	36	45.5	18.5	11.5	0	12	39.5	24.5	42	
58.5	35.5	41.5	53	47	35.5	30.5	50.5	21.5	39	39	45	45.5	32	48	58	63	37.5	46.5	39	64	51	32	24	68	20.5	35	39.5	63	24	58	53	46.5	50	50	43	56.5	53.5	25	26	45.5	51	43.5	27.5	56.5	31	64	67.5	39.5	57	31	49	23.5	46	16.5	56.5	36	37	55.5	60.5	61.5	50	56.5	51	22.5	31.5	32	26.5	45	20	29.5	53.5	54	60.5	67.5	15	1	43.5	41.5	25.5	36.5	36	26.5	19.5	54.5	49.5	46.5	52	57.5	49.5	33.5	51	45	49	34	54.5	50.5	37.5	49.5	57	60	33.5	45.5	51	24	54.5	42	68	45.5	20.5	30	39	38	44	33	46.5	25.5	55	44	47	43	42.5	10	34	32.5	29.5	40.5	34	33	58	32	52.5	34	57.5	61	44	18.5	29	48	37.5	47.5	45.5	24	33.5	30.5	23.5	12	0	51.5	36.5	30	
78	20	36	72.5	16.5	69	49	70	57	74.5	38.5	24.5	65	57.5	28.5	93.5	86.5	32	66	58.5	85.5	86.5	41.5	59.5	91.5	35	54.5	59	82.5	39.5	93.5	72.5	17	19.5	29.5	76.5	78	81	44.5	41.5	65	15.5	20	52	92	46.5	83.5	87	30	92.5	66.5	68.5	43	26.5	52	78	71.5	56.5	79	80	93	30.5	92	78.5	58	46	51.5	46	14.5	55.5	50	81	89.5	84	97	36.5	50.5	36	36	61	56	63.5	53	34	9	2	66	21.5	6	85	46	20.5	34.5	68.5	65.5	3	70	67	30	92.5	79.5	53	30	70.5	39.5	74	77.5	91.5	65	51	65.5	24.5	27.5	35.5	52.5	68	30	74.5	29.5	66.5	62.5	17	53.5	33.5	47	65	35	45.5	38.5	77.5	67.5	88	53.5	87	80.5	63.5	49	50.5	31.5	73	22	30	59.5	69	50	43	39.5	51.5	0	56	65.5	
38	40	46	32.5	51.5	13	49	30	27	34.5	43.5	49.5	25	32.5	68.5	53.5	46.5	42	26	23.5	45.5	46.5	36.5	34.5	51.5	25	14.5	3	42.5	44.5	53.5	32.5	67	54.5	54.5	36.5	38	41	19.5	46.5	25	55.5	64	42	52	51.5	43.5	47	60	52.5	26.5	28.5	23	66.5	32	38	31.5	16.5	39	40	53	70.5	52	38.5	28	36	16.5	26	49.5	30.5	40	41	49.5	44	57	21.5	35.5	56	46	31	0	28.5	43	24	65	54	26	56.5	62	45	46	55.5	59.5	28.5	30.5	59	30	11	60	52.5	39.5	23	50	30.5	44.5	34	37.5	51.5	25	41	30.5	59.5	42.5	60.5	27.5	28	30	34.5	64.5	26.5	22.5	47	38.5	38.5	37	35	45	40.5	53.5	37.5	27.5	48	28.5	47	40.5	23.5	39	45.5	66.5	33	52	50	24.5	29	20	23	24.5	36.5	56	0	25.5	
56.5	61.5	45.5	49	65	12.5	32.5	26.5	8.5	11	43	57	41.5	24	50	30	35	49.5	20.5	23	36	23	40	16	40	46.5	25	22.5	39	26	30	49	48.5	62	52	15	28.5	25.5	37	28	41.5	71	45.5	29.5	28.5	33	38	39.5	41.5	29	1	43	38.5	48	13.5	28.5	6	35	27.5	56.5	33.5	52	28.5	23	9.5	35.5	30	35.5	67	12	31.5	25.5	26	32.5	39.5	45	31	45.5	45.5	12.5	25.5	18	28.5	47.5	56.5	67.5	30.5	60	59.5	21.5	35.5	61	47	33	16	62.5	36.5	14.5	51.5	29	32	28.5	51.5	41	26	42.5	14	40	41.5	22.5	12	41	54	46	29	18.5	51.5	47	46	35	29	64.5	20	48	34.5	16.5	46.5	36	35	34	2	24.5	28	29.5	41	16	20.5	31	50	9.5	59.5	51.5	6	5.5	31.5	38.5	42	30	65.5	25.5	0	
