Number of items: 25
Horizon: 3
Time limit: 500
Load limit: 1500
Initial item inventory level
72
20
39
78
68
49
122
55
17
14
86
95
84
23
186
148
68
112
43
92
81
28
90
188
24
Maximum inventory capacity per item
144
40
78
117
102
98
183
110
34
28
129
190
126
46
279
222
102
168
86
138
162
56
135
282
36
Reserve storage replenishment rate per item and per period
432	0	0	
120	0	0	
234	0	0	
234	0	0	
204	0	0	
294	0	0	
366	0	0	
330	0	0	
102	0	0	
84	0	0	
258	0	0	
570	0	0	
252	0	0	
138	0	0	
558	0	0	
444	0	0	
204	0	0	
336	0	0	
258	0	0	
276	0	0	
486	0	0	
168	0	0	
270	0	0	
564	0	0	
72	0	0	
Forward storage demand rate per item and per period
72	20	133	
20	10	25	
39	5	52	
39	67	33	
34	22	28	
49	30	64	
61	38	61	
55	43	91	
17	17	17	
14	16	11	
43	72	43	
95	106	58	
42	51	38	
23	5	19	
93	37	56	
74	51	108	
34	30	24	
56	48	68	
43	35	44	
46	32	55	
81	106	56	
28	33	23	
45	21	12	
94	75	15	
12	15	8	
Distance matrix
0	62	68	9.5	73.5	51	71	32	65	47.5	65.5	71.5	17	54.5	98.5	28.5	23.5	64	38	45.5	22.5	35.5	58.5	62.5	18.5	47	
62	0	20	56.5	15.5	53	33	54	53	64.5	22.5	13.5	49	41.5	40.5	85.5	70.5	16	50	42.5	69.5	82.5	25.5	49.5	75.5	19	
68	20	0	62.5	31.5	51	31	60	37	54.5	28.5	29.5	55	47.5	38.5	73.5	76.5	4	56	48.5	75.5	66.5	31.5	39.5	81.5	25	
9.5	56.5	62.5	0	68	45.5	65.5	26.5	55.5	42	60	66	11.5	49	93	33	14	58.5	32.5	40	13	26	53	57	23	41.5	
73.5	15.5	31.5	68	0	64.5	44.5	65.5	56.5	74	34	20	60.5	53	33	93	82	27.5	61.5	54	81	86	37	59	87	30.5	
51	53	51	45.5	64.5	0	38	37	14	21.5	48.5	62.5	38	29.5	55.5	40.5	45.5	55	31	28.5	46.5	33.5	45.5	21.5	50.5	38	
71	33	31	65.5	44.5	38	0	57	24	41.5	28.5	42.5	58	34.5	35.5	60.5	65.5	35	51	43.5	66.5	53.5	30.5	26.5	70.5	28	
32	54	60	26.5	65.5	37	57	0	33	25.5	57.5	63.5	19	46.5	74.5	39.5	40.5	56	30	37.5	39.5	32.5	50.5	40.5	45.5	39	
65	53	37	55.5	56.5	14	24	33	0	17.5	34.5	48.5	48	15.5	41.5	36.5	41.5	41	27	19.5	42.5	29.5	31.5	7.5	46.5	38	
47.5	64.5	54.5	42	74	21.5	41.5	25.5	17.5	0	52	66	34.5	33	59	29	34	58.5	24.5	32	35	22	49	25	39	49.5	
65.5	22.5	28.5	60	34	48.5	28.5	57.5	34.5	52	0	32	52.5	45	41	71	74	24.5	53.5	46	73	64	29	37	79	22.5	
71.5	13.5	29.5	66	20	62.5	42.5	63.5	48.5	66	32	0	58.5	51	35	85	80	25.5	59.5	52	79	78	35	51	85	28.5	
17	49	55	11.5	60.5	38	58	19	48	34.5	52.5	58.5	0	41.5	85.5	40.5	25.5	51	25	32.5	24.5	37.5	45.5	49.5	30.5	34	
54.5	41.5	47.5	49	53	29.5	34.5	46.5	15.5	33	45	51	41.5	0	52	52	57	43.5	42.5	35	58	45	38	8	62	26.5	
98.5	40.5	38.5	93	33	55.5	35.5	74.5	41.5	59	41	35	85.5	52	0	78	83	42.5	68.5	61	84	71	48	44	88	55.5	
28.5	85.5	73.5	33	93	40.5	60.5	39.5	36.5	29	71	85	40.5	52	78	0	23	77.5	43.5	51	24	11	68	44	10	70.5	
23.5	70.5	76.5	14	82	45.5	65.5	40.5	41.5	34	74	80	25.5	57	83	23	0	72.5	46.5	54	1	12	67	49	33	55.5	
64	16	4	58.5	27.5	55	35	56	41	58.5	24.5	25.5	51	43.5	42.5	77.5	72.5	0	52	44.5	71.5	70.5	27.5	43.5	77.5	21	
38	50	56	32.5	61.5	31	51	30	27	24.5	53.5	59.5	25	42.5	68.5	43.5	46.5	52	0	33.5	45.5	36.5	46.5	34.5	51.5	35	
45.5	42.5	48.5	40	54	28.5	43.5	37.5	19.5	32	46	52	32.5	35	61	51	54	44.5	33.5	0	53	44	39	27	59	27.5	
22.5	69.5	75.5	13	81	46.5	66.5	39.5	42.5	35	73	79	24.5	58	84	24	1	71.5	45.5	53	0	13	66	50	34	54.5	
35.5	82.5	66.5	26	86	33.5	53.5	32.5	29.5	22	64	78	37.5	45	71	11	12	70.5	36.5	44	13	0	61	37	21	67.5	
58.5	25.5	31.5	53	37	45.5	30.5	50.5	31.5	49	29	35	45.5	38	48	68	67	27.5	46.5	39	66	61	0	34	72	15.5	
62.5	49.5	39.5	57	59	21.5	26.5	40.5	7.5	25	37	51	49.5	8	44	44	49	43.5	34.5	27	50	37	34	0	54	34.5	
18.5	75.5	81.5	23	87	50.5	70.5	45.5	46.5	39	79	85	30.5	62	88	10	33	77.5	51.5	59	34	21	72	54	0	60.5	
47	19	25	41.5	30.5	38	28	39	38	49.5	22.5	28.5	34	26.5	55.5	70.5	55.5	21	35	27.5	54.5	67.5	15.5	34.5	60.5	0	
