Number of items: 25
Horizon: 3
Time limit: 500
Load limit: 1500
Initial item inventory level
64
42
66
190
108
188
31
36
90
54
53
13
52
26
71
34
33
100
192
61
96
78
28
42
69
Maximum inventory capacity per item
96
84
99
285
162
282
62
72
135
108
106
26
78
39
142
68
66
150
288
122
192
156
56
63
138
Reserve storage replenishment rate per item and per period
192	0	0	
252	0	0	
198	0	0	
570	0	0	
324	0	0	
564	0	0	
186	0	0	
216	0	0	
270	0	0	
324	0	0	
318	0	0	
78	0	0	
156	0	0	
78	0	0	
426	0	0	
204	0	0	
198	0	0	
300	0	0	
576	0	0	
366	0	0	
576	0	0	
468	0	0	
168	0	0	
126	0	0	
414	0	0	
Forward storage demand rate per item and per period
32	35	20	
42	44	54	
33	58	41	
95	93	170	
54	10	49	
94	54	179	
31	11	18	
36	34	34	
45	69	41	
54	84	45	
53	63	47	
13	11	20	
26	42	23	
13	17	12	
71	63	102	
34	20	18	
33	28	4	
50	66	71	
96	93	115	
61	22	27	
96	118	94	
78	141	74	
28	41	19	
21	14	20	
69	49	33	
Distance matrix
0	56.5	67.5	39.5	21.5	15.5	59.5	74	41.5	77.5	29	73.5	17	91	91.5	64	54	5.5	34	53	60.5	53.5	31	89.5	92	28.5	
56.5	0	29	51	63	67	49	25.5	33	31	75.5	25	73.5	42.5	43	44.5	20.5	57	74.5	55.5	42	55	37.5	41	43.5	30	
67.5	29	0	48	66	72	28	38.5	44	10	58.5	46	70.5	31.5	36	23.5	31.5	68	53.5	34.5	27	34	48.5	48	40.5	41	
39.5	51	48	0	44	50	26	66.5	36	38	36.5	68	48.5	59.5	64	26.5	48.5	40	31.5	17.5	35	22	25.5	76	68.5	23	
21.5	63	66	44	0	32	44	80.5	48	56	24.5	80	36.5	77.5	82	44.5	60.5	22	19.5	35.5	53	40	37.5	94	86.5	35	
15.5	67	72	50	32	0	50	84.5	52	62	25.5	84	32.5	83.5	88	50.5	64.5	10	20.5	41.5	59	46	41.5	100	92.5	39	
59.5	49	28	26	44	50	0	46.5	18	18	36.5	68	48.5	39.5	44	6.5	36.5	60	31.5	12.5	15	12	34.5	56	48.5	33	
74	25.5	38.5	66.5	80.5	84.5	46.5	0	50.5	28.5	77	27.5	89	25	29.5	42	38	74.5	72	53	45.5	52.5	55	41.5	34	47.5	
41.5	33	44	36	48	52	18	50.5	0	36	54.5	50	58.5	57.5	62	24.5	30.5	42	49.5	30.5	33	30	22.5	66	66.5	15	
77.5	31	10	38	56	62	18	28.5	36	0	48.5	54	60.5	21.5	26	13.5	23.5	72	43.5	24.5	17	24	46.5	38	30.5	49	
29	75.5	58.5	36.5	24.5	25.5	36.5	77	54.5	48.5	0	92.5	24	70	74.5	37	67	29.5	5	28	45.5	32.5	50	86.5	79	47.5	
73.5	25	46	68	80	84	68	27.5	50	54	92.5	0	90.5	34.5	30	67.5	37.5	74	97.5	76.5	59	72	54.5	16	25.5	47	
17	73.5	70.5	48.5	36.5	32.5	48.5	89	58.5	60.5	24	90.5	0	82	86.5	49	71	22.5	19	40	57.5	44.5	48	98.5	91	45.5	
91	42.5	31.5	59.5	77.5	83.5	39.5	25	57.5	21.5	70	34.5	82	0	12.5	35	45	91.5	65	46	38.5	45.5	68	24.5	17	64.5	
91.5	43	36	64	82	88	44	29.5	62	26	74.5	30	86.5	12.5	0	39.5	49.5	92	69.5	50.5	43	50	72.5	24	16.5	65	
64	44.5	23.5	26.5	44.5	50.5	6.5	42	24.5	13.5	37	67.5	49	35	39.5	0	32	60.5	32	13	10.5	12.5	35	51.5	44	37.5	
54	20.5	31.5	48.5	60.5	64.5	36.5	38	30.5	23.5	67	37.5	71	45	49.5	32	0	54.5	62	43	35.5	42.5	35	53.5	54	27.5	
5.5	57	68	40	22	10	60	74.5	42	72	29.5	74	22.5	91.5	92	60.5	54.5	0	30.5	51.5	61	54	31.5	90	92.5	29	
34	74.5	53.5	31.5	19.5	20.5	31.5	72	49.5	43.5	5	97.5	19	65	69.5	32	62	30.5	0	23	40.5	27.5	45	81.5	74	52.5	
53	55.5	34.5	17.5	35.5	41.5	12.5	53	30.5	24.5	28	76.5	40	46	50.5	13	43	51.5	23	0	21.5	8.5	22	62.5	55	31.5	
60.5	42	27	35	53	59	15	45.5	33	17	45.5	59	57.5	38.5	43	10.5	35.5	61	40.5	21.5	0	21	41.5	55	47.5	34	
53.5	55	34	22	40	46	12	52.5	30	24	32.5	72	44.5	45.5	50	12.5	42.5	54	27.5	8.5	21	0	30.5	62	54.5	25	
31	37.5	48.5	25.5	37.5	41.5	34.5	55	22.5	46.5	50	54.5	48	68	72.5	35	35	31.5	45	22	41.5	30.5	0	70.5	73	9.5	
89.5	41	48	76	94	100	56	41.5	66	38	86.5	16	98.5	24.5	24	51.5	53.5	90	81.5	62.5	55	62	70.5	0	23.5	63	
92	43.5	40.5	68.5	86.5	92.5	48.5	34	66.5	30.5	79	25.5	91	17	16.5	44	54	92.5	74	55	47.5	54.5	73	23.5	0	65.5	
28.5	30	41	23	35	39	33	47.5	15	49	47.5	47	45.5	64.5	65	37.5	27.5	29	52.5	31.5	34	25	9.5	63	65.5	0	
