Number of items: 50
Horizon: 3
Time limit: 500
Load limit: 3000
Initial item inventory level
72
20
39
78
68
49
122
55
17
14
86
95
84
23
186
148
68
112
43
92
81
28
90
188
24
26
176
166
90
11
184
120
48
66
57
84
72
20
62
188
144
99
70
28
82
29
158
48
170
53
Maximum inventory capacity per item
144
40
78
117
102
98
183
110
34
28
129
190
126
46
279
222
102
168
86
138
162
56
135
282
36
39
264
249
135
22
276
180
96
99
114
126
144
30
93
282
216
198
105
56
123
58
237
72
255
106
Reserve storage replenishment rate per item and per period
432	0	0	
120	0	0	
234	0	0	
234	0	0	
204	0	0	
294	0	0	
366	0	0	
330	0	0	
102	0	0	
84	0	0	
258	0	0	
570	0	0	
252	0	0	
138	0	0	
558	0	0	
444	0	0	
204	0	0	
336	0	0	
258	0	0	
276	0	0	
486	0	0	
168	0	0	
270	0	0	
564	0	0	
72	0	0	
78	0	0	
528	0	0	
498	0	0	
270	0	0	
66	0	0	
552	0	0	
360	0	0	
288	0	0	
198	0	0	
342	0	0	
252	0	0	
432	0	0	
60	0	0	
186	0	0	
564	0	0	
432	0	0	
594	0	0	
210	0	0	
168	0	0	
246	0	0	
174	0	0	
474	0	0	
144	0	0	
510	0	0	
318	0	0	
Forward storage demand rate per item and per period
72	20	133	
20	10	25	
39	5	52	
39	67	33	
34	22	28	
49	30	64	
61	38	61	
55	43	91	
17	17	17	
14	16	11	
43	72	43	
95	106	58	
42	51	38	
23	5	19	
93	37	56	
74	51	108	
34	30	24	
56	48	68	
43	35	44	
46	32	55	
81	106	56	
28	33	23	
45	21	12	
94	75	15	
12	15	8	
13	7	6	
88	129	35	
83	107	100	
45	12	46	
11	16	6	
92	119	140	
60	75	53	
48	64	20	
33	26	31	
57	54	48	
42	55	53	
72	135	65	
10	17	10	
31	21	18	
94	74	35	
72	112	79	
99	73	133	
35	35	44	
28	29	40	
41	23	24	
29	42	21	
79	97	116	
24	10	28	
85	3	108	
53	84	71	
Distance matrix
0	62	68	9.5	73.5	51	71	32	65	47.5	65.5	71.5	17	54.5	98.5	28.5	23.5	64	38	45.5	22.5	35.5	58.5	62.5	18.5	47	31.5	41	19.5	82.5	28.5	9.5	95	76.5	76.5	43.5	30	33	41.5	80.5	17	77.5	98	64	30	75.5	20.5	19	92	29.5	55.5	
62	0	20	56.5	15.5	53	33	54	53	64.5	22.5	13.5	49	41.5	40.5	85.5	70.5	16	50	42.5	69.5	82.5	25.5	49.5	75.5	19	38.5	43	66.5	35.5	85.5	56.5	37	18.5	18.5	60.5	62	65	28.5	37.5	49	19.5	40	36	88	32.5	67.5	71	34	86.5	62.5	
68	20	0	62.5	31.5	51	31	60	37	54.5	28.5	29.5	55	47.5	38.5	73.5	76.5	4	56	48.5	75.5	66.5	31.5	39.5	81.5	25	44.5	49	72.5	19.5	73.5	62.5	37	34.5	34.5	58.5	68	69	34.5	21.5	55	35.5	34	38	72	26.5	73.5	77	30	72.5	46.5	
9.5	56.5	62.5	0	68	45.5	65.5	26.5	55.5	42	60	66	11.5	49	93	33	14	58.5	32.5	40	13	26	53	57	23	41.5	26	35.5	10	73	33	0	89.5	71	71	38	24.5	27.5	36	75	11.5	72	92.5	58.5	35.5	70	11	18.5	86.5	34	50	
73.5	15.5	31.5	68	0	64.5	44.5	65.5	56.5	74	34	20	60.5	53	33	93	82	27.5	61.5	54	81	86	37	59	87	30.5	50	54.5	78	39	93	68	31.5	3	25	72	73.5	76.5	40	41	60.5	16	28.5	47.5	91.5	44	79	82.5	29.5	92	66	
51	53	51	45.5	64.5	0	38	37	14	21.5	48.5	62.5	38	29.5	55.5	40.5	45.5	55	31	28.5	46.5	33.5	45.5	21.5	50.5	38	27.5	10	49.5	31.5	40.5	45.5	54	67.5	57.5	25.5	39	36	32.5	33.5	38	68.5	51	35	39	38.5	48.5	50	47	39.5	13.5	
71	33	31	65.5	44.5	38	0	57	24	41.5	28.5	42.5	58	34.5	35.5	60.5	65.5	35	51	43.5	66.5	53.5	30.5	26.5	70.5	28	47.5	48	69.5	11.5	60.5	65.5	34	47.5	37.5	45.5	59	56	37.5	13.5	58	48.5	31	25	59	18.5	68.5	70	27	59.5	33.5	
32	54	60	26.5	65.5	37	57	0	33	25.5	57.5	63.5	19	46.5	74.5	39.5	40.5	56	30	37.5	39.5	32.5	50.5	40.5	45.5	39	23.5	33	36.5	50.5	39.5	26.5	73	68.5	68.5	29.5	32	35	33.5	52.5	19	69.5	70	54	38	57.5	37.5	41	66	38.5	27.5	
65	53	37	55.5	56.5	14	24	33	0	17.5	34.5	48.5	48	15.5	41.5	36.5	41.5	41	27	19.5	42.5	29.5	31.5	7.5	46.5	38	33.5	24	45.5	17.5	36.5	55.5	40	53.5	43.5	21.5	35	32	28.5	19.5	48	62.5	37	21	35	24.5	44.5	46	33	35.5	9.5	
47.5	64.5	54.5	42	74	21.5	41.5	25.5	17.5	0	52	66	34.5	33	59	29	34	58.5	24.5	32	35	22	49	25	39	49.5	34	31.5	38	35	29	42	57.5	71	61	4	27.5	24.5	44	37	34.5	80	54.5	38.5	27.5	42	37	38.5	50.5	28	12	
65.5	22.5	28.5	60	34	48.5	28.5	57.5	34.5	52	0	32	52.5	45	41	71	74	24.5	53.5	46	73	64	29	37	79	22.5	42	46.5	70	17	71	60	39.5	37	37	56	65.5	66.5	32	15	52.5	38	36.5	35.5	69.5	10	71	74.5	32.5	70	44	
71.5	13.5	29.5	66	20	62.5	42.5	63.5	48.5	66	32	0	58.5	51	35	85	80	25.5	59.5	52	79	78	35	51	85	28.5	48	52.5	76	31	85	66	33.5	23	5	70	71.5	74.5	38	33	58.5	24	30.5	45.5	83.5	38	77	80.5	26.5	84	58	
17	49	55	11.5	60.5	38	58	19	48	34.5	52.5	58.5	0	41.5	85.5	40.5	25.5	51	25	32.5	24.5	37.5	45.5	49.5	30.5	34	18.5	28	21.5	65.5	40.5	11.5	82	63.5	63.5	30.5	13	16	28.5	67.5	0	64.5	85	51	43	62.5	22.5	26	79	41.5	42.5	
54.5	41.5	47.5	49	53	29.5	34.5	46.5	15.5	33	45	51	41.5	0	52	52	57	43.5	42.5	35	58	45	38	8	62	26.5	31	35.5	59	28	52	49	50.5	56	54	37	50.5	47.5	13	30	41.5	57	47.5	31.5	50.5	35	60	61.5	43.5	51	25	
98.5	40.5	38.5	93	33	55.5	35.5	74.5	41.5	59	41	35	85.5	52	0	78	83	42.5	68.5	61	84	71	48	44	88	55.5	75	65.5	87	24	78	93	11.5	30	30	63	76.5	73.5	65	26	85.5	21	8.5	42.5	76.5	31	86	87.5	14.5	77	51	
28.5	85.5	73.5	33	93	40.5	60.5	39.5	36.5	29	71	85	40.5	52	78	0	23	77.5	43.5	51	24	11	68	44	10	70.5	55	50.5	27	54	0	33	76.5	90	80	33	31.5	28.5	65	56	40.5	99	73.5	57.5	6.5	61	26	22.5	69.5	1	31	
23.5	70.5	76.5	14	82	45.5	65.5	40.5	41.5	34	74	80	25.5	57	83	23	0	72.5	46.5	54	1	12	67	49	33	55.5	40	49.5	4	59	23	14	81.5	85	85	38	36.5	33.5	50	61	25.5	86	78.5	62.5	21.5	66	3	32.5	74.5	22	36	
64	16	4	58.5	27.5	55	35	56	41	58.5	24.5	25.5	51	43.5	42.5	77.5	72.5	0	52	44.5	71.5	70.5	27.5	43.5	77.5	21	40.5	45	68.5	23.5	77.5	58.5	41	30.5	30.5	62.5	64	67	30.5	25.5	51	31.5	38	38	76	30.5	69.5	73	34	76.5	50.5	
38	50	56	32.5	61.5	31	51	30	27	24.5	53.5	59.5	25	42.5	68.5	43.5	46.5	52	0	33.5	45.5	36.5	46.5	34.5	51.5	35	19.5	29	42.5	44.5	43.5	32.5	67	64.5	64.5	28.5	38	39	29.5	46.5	25	65.5	64	48	42	51.5	43.5	47	60	42.5	21.5	
45.5	42.5	48.5	40	54	28.5	43.5	37.5	19.5	32	46	52	32.5	35	61	51	54	44.5	33.5	0	53	44	39	27	59	27.5	22	26.5	50	37	51	40	59.5	57	57	36	45.5	46.5	22	39	32.5	58	56.5	40.5	49.5	44	51	54.5	52.5	50	24	
22.5	69.5	75.5	13	81	46.5	66.5	39.5	42.5	35	73	79	24.5	58	84	24	1	71.5	45.5	53	0	13	66	50	34	54.5	39	48.5	3	60	24	13	82.5	84	84	39	37.5	34.5	49	62	24.5	85	79.5	63.5	22.5	67	2	31.5	75.5	23	37	
35.5	82.5	66.5	26	86	33.5	53.5	32.5	29.5	22	64	78	37.5	45	71	11	12	70.5	36.5	44	13	0	61	37	21	67.5	48	43.5	16	47	11	26	69.5	83	73	26	24.5	21.5	58	49	37.5	92	66.5	50.5	9.5	54	15	20.5	62.5	10	24	
58.5	25.5	31.5	53	37	45.5	30.5	50.5	31.5	49	29	35	45.5	38	48	68	67	27.5	46.5	39	66	61	0	34	72	15.5	35	39.5	63	24	68	53	46.5	40	40	53	58.5	61.5	25	26	45.5	41	43.5	32.5	66.5	31	64	67.5	39.5	67	41	
62.5	49.5	39.5	57	59	21.5	26.5	40.5	7.5	25	37	51	49.5	8	44	44	49	43.5	34.5	27	50	37	34	0	54	34.5	39	31.5	53	20	44	57	42.5	56	46	29	42.5	39.5	21	22	49.5	65	39.5	23.5	42.5	27	52	53.5	35.5	43	17	
18.5	75.5	81.5	23	87	50.5	70.5	45.5	46.5	39	79	85	30.5	62	88	10	33	77.5	51.5	59	34	21	72	54	0	60.5	45	54.5	33	64	10	23	86.5	90	90	43	41.5	38.5	55	66	30.5	91	83.5	67.5	16.5	71	34	32.5	79.5	11	41	
47	19	25	41.5	30.5	38	28	39	38	49.5	22.5	28.5	34	26.5	55.5	70.5	55.5	21	35	27.5	54.5	67.5	15.5	34.5	60.5	0	23.5	28	51.5	35.5	70.5	41.5	52	33.5	33.5	45.5	47	50	13.5	37.5	34	34.5	55	17	73	32.5	52.5	56	49	71.5	47.5	
31.5	38.5	44.5	26	50	27.5	47.5	23.5	33.5	34	42	48	18.5	31	75	55	40	40.5	19.5	22	39	48	35	39	45	23.5	0	17.5	36	51	55	26	71.5	53	53	30	31.5	34.5	18	53	18.5	54	70.5	40.5	53.5	52	37	40.5	66.5	54	24	
41	43	49	35.5	54.5	10	48	33	24	31.5	46.5	52.5	28	35.5	65.5	50.5	49.5	45	29	26.5	48.5	43.5	39.5	31.5	54.5	28	17.5	0	45.5	41.5	50.5	35.5	64	57.5	57.5	35.5	41	44	22.5	43.5	28	58.5	61	45	49	48.5	46.5	50	57	49.5	23.5	
19.5	66.5	72.5	10	78	49.5	69.5	36.5	45.5	38	70	76	21.5	59	87	27	4	68.5	42.5	50	3	16	63	53	33	51.5	36	45.5	0	63	27	10	85.5	81	81	42	34.5	37.5	46	65	21.5	82	82.5	66.5	25.5	70	1	28.5	78.5	26	40	
82.5	35.5	19.5	73	39	31.5	11.5	50.5	17.5	35	17	31	65.5	28	24	54	59	23.5	44.5	37	60	47	24	20	64	35.5	51	41.5	63	0	54	73	22.5	36	26	39	52.5	49.5	41	2	65.5	45	19.5	18.5	52.5	7	62	63.5	15.5	53	27	
28.5	85.5	73.5	33	93	40.5	60.5	39.5	36.5	29	71	85	40.5	52	78	0	23	77.5	43.5	51	24	11	68	44	10	70.5	55	50.5	27	54	0	33	76.5	90	80	33	31.5	28.5	65	56	40.5	99	73.5	57.5	6.5	61	26	22.5	69.5	1	31	
9.5	56.5	62.5	0	68	45.5	65.5	26.5	55.5	42	60	66	11.5	49	93	33	14	58.5	32.5	40	13	26	53	57	23	41.5	26	35.5	10	73	33	0	89.5	71	71	38	24.5	27.5	36	75	11.5	72	92.5	58.5	35.5	70	11	18.5	86.5	34	50	
95	37	37	89.5	31.5	54	34	73	40	57.5	39.5	33.5	82	50.5	11.5	76.5	81.5	41	67	59.5	82.5	69.5	46.5	42.5	86.5	52	71.5	64	85.5	22.5	76.5	89.5	0	28.5	28.5	61.5	75	72	61.5	24.5	82	32.5	3	41	75	29.5	84.5	86	13	75.5	49.5	
76.5	18.5	34.5	71	3	67.5	47.5	68.5	53.5	71	37	23	63.5	56	30	90	85	30.5	64.5	57	84	83	40	56	90	33.5	53	57.5	81	36	90	71	28.5	0	28	75	76.5	79.5	43	38	63.5	19	25.5	50.5	88.5	43	82	85.5	26.5	89	63	
76.5	18.5	34.5	71	25	57.5	37.5	68.5	43.5	61	37	5	63.5	54	30	80	85	30.5	64.5	57	84	73	40	46	90	33.5	53	57.5	81	26	80	71	28.5	28	0	65	76.5	75.5	43	28	63.5	29	25.5	44.5	78.5	33	82	85.5	21.5	79	53	
43.5	60.5	58.5	38	72	25.5	45.5	29.5	21.5	4	56	70	30.5	37	63	33	38	62.5	28.5	36	39	26	53	29	43	45.5	30	35.5	42	39	33	38	61.5	75	65	0	31.5	28.5	40	41	30.5	76	58.5	42.5	31.5	46	41	42.5	54.5	32	16	
30	62	68	24.5	73.5	39	59	32	35	27.5	65.5	71.5	13	50.5	76.5	31.5	36.5	64	38	45.5	37.5	24.5	58.5	42.5	41.5	47	31.5	41	34.5	52.5	31.5	24.5	75	76.5	76.5	31.5	0	3	41.5	54.5	13	77.5	72	56	30	59.5	35.5	39	68	30.5	29.5	
33	65	69	27.5	76.5	36	56	35	32	24.5	66.5	74.5	16	47.5	73.5	28.5	33.5	67	39	46.5	34.5	21.5	61.5	39.5	38.5	50	34.5	44	37.5	49.5	28.5	27.5	72	79.5	75.5	28.5	3	0	44.5	51.5	16	80.5	69	53	27	56.5	36.5	38	65	27.5	26.5	
41.5	28.5	34.5	36	40	32.5	37.5	33.5	28.5	44	32	38	28.5	13	65	65	50	30.5	29.5	22	49	58	25	21	55	13.5	18	22.5	46	41	65	36	61.5	43	43	40	41.5	44.5	0	43	28.5	44	60.5	30.5	63.5	42	47	50.5	56.5	64	38	
80.5	37.5	21.5	75	41	33.5	13.5	52.5	19.5	37	15	33	67.5	30	26	56	61	25.5	46.5	39	62	49	26	22	66	37.5	53	43.5	65	2	56	75	24.5	38	28	41	54.5	51.5	43	0	67.5	47	21.5	20.5	54.5	5	64	65.5	17.5	55	29	
17	49	55	11.5	60.5	38	58	19	48	34.5	52.5	58.5	0	41.5	85.5	40.5	25.5	51	25	32.5	24.5	37.5	45.5	49.5	30.5	34	18.5	28	21.5	65.5	40.5	11.5	82	63.5	63.5	30.5	13	16	28.5	67.5	0	64.5	85	51	43	62.5	22.5	26	79	41.5	42.5	
77.5	19.5	35.5	72	16	68.5	48.5	69.5	62.5	80	38	24	64.5	57	21	99	86	31.5	65.5	58	85	92	41	65	91	34.5	54	58.5	82	45	99	72	32.5	19	29	76	77.5	80.5	44	47	64.5	0	29.5	51.5	97.5	48	83	86.5	35.5	98	72	
98	40	34	92.5	28.5	51	31	70	37	54.5	36.5	30.5	85	47.5	8.5	73.5	78.5	38	64	56.5	79.5	66.5	43.5	39.5	83.5	55	70.5	61	82.5	19.5	73.5	92.5	3	25.5	25.5	58.5	72	69	60.5	21.5	85	29.5	0	38	72	26.5	81.5	83	10	72.5	46.5	
64	36	38	58.5	47.5	35	25	54	21	38.5	35.5	45.5	51	31.5	42.5	57.5	62.5	38	48	40.5	63.5	50.5	32.5	23.5	67.5	17	40.5	45	66.5	18.5	57.5	58.5	41	50.5	44.5	42.5	56	53	30.5	20.5	51	51.5	38	0	56	25.5	65.5	67	34	56.5	30.5	
30	88	72	35.5	91.5	39	59	38	35	27.5	69.5	83.5	43	50.5	76.5	6.5	21.5	76	42	49.5	22.5	9.5	66.5	42.5	16.5	73	53.5	49	25.5	52.5	6.5	35.5	75	88.5	78.5	31.5	30	27	63.5	54.5	43	97.5	72	56	0	59.5	24.5	21	68	5.5	29.5	
75.5	32.5	26.5	70	44	38.5	18.5	57.5	24.5	42	10	38	62.5	35	31	61	66	30.5	51.5	44	67	54	31	27	71	32.5	52	48.5	70	7	61	70	29.5	43	33	46	59.5	56.5	42	5	62.5	48	26.5	25.5	59.5	0	69	70.5	22.5	60	34	
20.5	67.5	73.5	11	79	48.5	68.5	37.5	44.5	37	71	77	22.5	60	86	26	3	69.5	43.5	51	2	15	64	52	34	52.5	37	46.5	1	62	26	11	84.5	82	82	41	35.5	36.5	47	64	22.5	83	81.5	65.5	24.5	69	0	29.5	77.5	25	39	
19	71	77	18.5	82.5	50	70	41	46	38.5	74.5	80.5	26	61.5	87.5	22.5	32.5	73	47	54.5	31.5	20.5	67.5	53.5	32.5	56	40.5	50	28.5	63.5	22.5	18.5	86	85.5	85.5	42.5	39	38	50.5	65.5	26	86.5	83	67	21	70.5	29.5	0	79	21.5	40.5	
92	34	30	86.5	29.5	47	27	66	33	50.5	32.5	26.5	79	43.5	14.5	69.5	74.5	34	60	52.5	75.5	62.5	39.5	35.5	79.5	49	66.5	57	78.5	15.5	69.5	86.5	13	26.5	21.5	54.5	68	65	56.5	17.5	79	35.5	10	34	68	22.5	77.5	79	0	68.5	42.5	
29.5	86.5	72.5	34	92	39.5	59.5	38.5	35.5	28	70	84	41.5	51	77	1	22	76.5	42.5	50	23	10	67	43	11	71.5	54	49.5	26	53	1	34	75.5	89	79	32	30.5	27.5	64	55	41.5	98	72.5	56.5	5.5	60	25	21.5	68.5	0	30	
55.5	62.5	46.5	50	66	13.5	33.5	27.5	9.5	12	44	58	42.5	25	51	31	36	50.5	21.5	24	37	24	41	17	41	47.5	24	23.5	40	27	31	50	49.5	63	53	16	29.5	26.5	38	29	42.5	72	46.5	30.5	29.5	34	39	40.5	42.5	30	0	
