Number of items: 50
Horizon: 12
Time limit: 500
Load limit: 3000
Initial item inventory level
25
60
116
147
102
23
148
170
134
267
196
195
54
54
48
92
51
198
74
51
49
82
183
150
54
64
57
111
166
237
75
66
28
294
213
28
195
81
60
30
138
108
57
77
22
141
176
114
111
94
Maximum inventory capacity per item
50
90
174
196
153
46
222
255
201
356
294
260
72
81
72
184
102
264
148
102
98
123
244
225
108
96
114
148
249
316
100
88
56
392
284
56
260
162
120
60
184
162
114
154
44
188
264
171
148
188
Reserve storage replenishment rate per item and per period
150	0	0	150	0	0	150	0	0	150	0	0	
180	0	0	180	0	0	180	0	0	180	0	0	
348	0	0	348	0	0	348	0	0	348	0	0	
294	0	0	294	0	0	294	0	0	294	0	0	
306	0	0	306	0	0	306	0	0	306	0	0	
138	0	0	138	0	0	138	0	0	138	0	0	
444	0	0	444	0	0	444	0	0	444	0	0	
510	0	0	510	0	0	510	0	0	510	0	0	
402	0	0	402	0	0	402	0	0	402	0	0	
534	0	0	534	0	0	534	0	0	534	0	0	
588	0	0	588	0	0	588	0	0	588	0	0	
390	0	0	390	0	0	390	0	0	390	0	0	
108	0	0	108	0	0	108	0	0	108	0	0	
162	0	0	162	0	0	162	0	0	162	0	0	
144	0	0	144	0	0	144	0	0	144	0	0	
552	0	0	552	0	0	552	0	0	552	0	0	
306	0	0	306	0	0	306	0	0	306	0	0	
396	0	0	396	0	0	396	0	0	396	0	0	
444	0	0	444	0	0	444	0	0	444	0	0	
306	0	0	306	0	0	306	0	0	306	0	0	
294	0	0	294	0	0	294	0	0	294	0	0	
246	0	0	246	0	0	246	0	0	246	0	0	
366	0	0	366	0	0	366	0	0	366	0	0	
450	0	0	450	0	0	450	0	0	450	0	0	
324	0	0	324	0	0	324	0	0	324	0	0	
192	0	0	192	0	0	192	0	0	192	0	0	
342	0	0	342	0	0	342	0	0	342	0	0	
222	0	0	222	0	0	222	0	0	222	0	0	
498	0	0	498	0	0	498	0	0	498	0	0	
474	0	0	474	0	0	474	0	0	474	0	0	
150	0	0	150	0	0	150	0	0	150	0	0	
132	0	0	132	0	0	132	0	0	132	0	0	
168	0	0	168	0	0	168	0	0	168	0	0	
588	0	0	588	0	0	588	0	0	588	0	0	
426	0	0	426	0	0	426	0	0	426	0	0	
168	0	0	168	0	0	168	0	0	168	0	0	
390	0	0	390	0	0	390	0	0	390	0	0	
486	0	0	486	0	0	486	0	0	486	0	0	
360	0	0	360	0	0	360	0	0	360	0	0	
180	0	0	180	0	0	180	0	0	180	0	0	
276	0	0	276	0	0	276	0	0	276	0	0	
324	0	0	324	0	0	324	0	0	324	0	0	
342	0	0	342	0	0	342	0	0	342	0	0	
462	0	0	462	0	0	462	0	0	462	0	0	
132	0	0	132	0	0	132	0	0	132	0	0	
282	0	0	282	0	0	282	0	0	282	0	0	
528	0	0	528	0	0	528	0	0	528	0	0	
342	0	0	342	0	0	342	0	0	342	0	0	
222	0	0	222	0	0	222	0	0	222	0	0	
564	0	0	564	0	0	564	0	0	564	0	0	
Forward storage demand rate per item and per period
25	32	28	32	12	26	26	21	24	43	41	41	
30	38	35	23	30	23	26	19	30	49	16	21	
58	37	70	75	61	88	43	28	84	55	103	43	
49	17	25	15	79	19	37	21	52	53	52	14	
51	56	69	62	24	29	89	24	46	31	88	52	
23	32	29	19	23	22	20	23	26	19	27	31	
74	99	88	111	92	40	81	50	61	63	116	81	
85	90	117	64	116	76	97	88	54	89	108	127	
67	128	110	105	80	99	37	115	95	14	100	20	
89	104	155	26	113	115	73	50	149	57	102	83	
98	15	165	176	96	142	126	147	109	154	56	173	
65	94	72	36	60	79	77	113	109	34	70	62	
18	10	20	8	34	31	13	16	20	18	13	19	
27	29	39	24	13	23	22	26	25	29	35	33	
24	38	22	23	21	41	20	15	4	37	9	26	
92	87	74	66	102	86	119	135	51	114	125	56	
51	11	76	69	85	73	36	50	40	71	41	28	
66	0	37	70	47	56	30	21	110	55	31	22	
74	94	117	83	58	61	39	119	17	71	26	36	
51	63	45	55	85	54	11	79	71	21	35	27	
49	59	69	76	46	84	26	43	53	46	42	74	
41	11	26	71	38	44	21	71	62	48	19	45	
61	52	93	82	4	73	23	51	2	56	48	82	
75	72	132	30	69	123	65	50	70	95	22	91	
54	61	56	35	35	97	48	7	90	90	66	49	
32	32	17	7	28	30	26	32	51	38	44	26	
57	38	22	47	52	63	77	58	62	92	41	39	
37	57	45	9	61	32	28	27	35	5	61	58	
83	89	80	117	41	12	68	132	113	84	80	19	
79	38	96	49	60	104	113	43	117	37	114	27	
25	37	17	35	24	33	7	26	20	24	45	35	
22	8	36	18	16	23	18	14	14	7	15	36	
28	22	22	44	12	26	17	16	26	43	35	27	
98	118	66	107	153	112	117	97	136	81	107	68	
71	129	69	73	31	45	62	82	31	113	17	106	
28	29	30	28	22	21	27	32	28	11	46	33	
65	78	26	39	61	107	25	25	78	22	21	45	
81	77	92	14	111	23	29	72	71	62	44	135	
60	107	70	89	12	33	62	80	53	65	85	61	
30	16	29	17	14	30	45	29	10	25	21	28	
46	72	72	55	36	48	46	23	42	73	22	22	
54	58	45	62	90	61	60	51	61	35	61	33	
57	31	74	22	39	86	31	69	79	62	81	57	
77	72	101	41	44	107	82	60	82	18	137	112	
22	28	22	35	21	33	24	18	22	26	41	22	
47	22	72	54	27	36	49	33	27	18	52	64	
88	26	115	131	79	119	73	61	21	38	73	106	
57	65	47	90	93	84	45	79	57	8	57	72	
37	46	38	39	40	9	27	14	43	48	31	43	
94	146	127	61	158	111	66	117	98	50	110	112	
Distance matrix
0	63	41	43.5	25	50	49.5	28	23	19	35.5	34	87	73.5	13	51	87	58.5	81	18	65.5	42	10.5	72	32.5	42.5	46	82.5	27	67.5	19	60	85	75.5	74.5	28.5	31	76	45.5	27	18	54.5	17.5	27	78	46.5	74.5	60	48.5	66.5	62	
63	0	44	51.5	72	47	17.5	69	74	78	61.5	37	30	36.5	66	44	40	26.5	44	51	28.5	45	58.5	35	64.5	40.5	51	29.5	50	30.5	62	33	42	38.5	37.5	68.5	34	39	51.5	40	79	42.5	75.5	50	39	24.5	37.5	3	46.5	29.5	25	
41	44	0	29.5	54	29	30.5	51	54	60	43.5	7	52	54.5	44	32	62	39.5	62	29	46.5	1	36.5	53	46.5	23.5	33	51.5	28	48.5	40	41	64	56.5	55.5	50.5	10	57	33.5	18	59	35.5	53.5	28	59	27.5	55.5	41	29.5	47.5	43	
43.5	51.5	29.5	0	46.5	21.5	38	43.5	48.5	52.5	36	22.5	49.5	58	46.5	35.5	59.5	47	65.5	31.5	54	30.5	39	60.5	39	31	25.5	49	30.5	54	42.5	46.5	61.5	64	63	43	19.5	64.5	26	20.5	53.5	37	54	30.5	58.5	35	63	48.5	33	55	50.5	
25	72	54	46.5	0	35	64.5	17	2	26	24.5	49	68	76.5	12	54	78	71.5	84	33	80.5	53	25.5	83	17.5	57.5	39	67.5	42	72.5	34	65	80	84.5	85.5	16.5	46	89	24.5	42	27	55.5	27.5	42	77	61.5	89.5	75	51.5	73.5	77	
50	47	29	21.5	35	0	49.5	32	37	41	24.5	34	43	51.5	47	29	53	46.5	59	38	65.5	28	45.5	58	27.5	32.5	4	42.5	33	47.5	41	40	55	59.5	60.5	31.5	31	64	14.5	23	42	30.5	42.5	33	52	46.5	74.5	50	26.5	48.5	62	
49.5	17.5	30.5	38	64.5	49.5	0	77.5	62.5	68.5	60	23.5	41.5	28	52.5	30.5	41.5	9	35.5	37.5	20	31.5	45	26.5	67	27	45.5	37	36.5	22	48.5	19.5	39.5	30	29	73	20.5	30.5	60	26.5	67.5	29	62	36.5	32.5	11	29	14.5	33	21	16.5	
28	69	51	43.5	17	32	77.5	0	19	9	21.5	58	65	73.5	29	51	75	68.5	81	44	91.5	50	36.5	80	14.5	54.5	36	64.5	45	69.5	33	62	77	81.5	82.5	8.5	59	86	21.5	55	10	52.5	19.5	45	74	70.5	102.5	72	48.5	70.5	90	
23	74	54	48.5	2	37	62.5	19	0	28	26.5	47	70	78.5	10	56	80	71.5	86	31	78.5	55	23.5	85	19.5	55.5	41	69.5	40	74.5	32	67	82	86.5	87.5	18.5	44	89	26.5	40	29	57.5	29.5	40	79	59.5	87.5	73	53.5	75.5	75	
19	78	60	52.5	26	41	68.5	9	28	0	30.5	53	74	82.5	32	60	84	77.5	90	37	84.5	59	29.5	89	23.5	61.5	45	73.5	46	78.5	38	71	86	90.5	91.5	17.5	50	95	30.5	46	1	61.5	28.5	46	83	65.5	93.5	79	57.5	79.5	81	
35.5	61.5	43.5	36	24.5	24.5	60	21.5	26.5	30.5	0	44.5	57.5	66	36.5	43.5	67.5	61	73.5	28.5	76	42.5	31	72.5	17	47	28.5	57	37.5	62	30.5	54.5	69.5	74	75	21	41.5	78.5	14	37.5	31.5	45	32	37.5	66.5	57	85	64.5	41	63	72.5	
34	37	7	22.5	49	34	23.5	58	47	53	44.5	0	59	47.5	37	25	61	32.5	55	22	39.5	8	29.5	46	51.5	16.5	30	56.5	21	41.5	33	34	59	49.5	48.5	57.5	3	50	40.5	11	52	28.5	46.5	21	52	20.5	48.5	34	22.5	40.5	36	
87	30	52	49.5	68	43	41.5	65	70	74	57.5	59	0	19.5	80	42	16	34.5	22	75	32.5	51	82.5	15	60.5	50.5	47	10.5	66	25.5	74	33	18	22.5	23.5	64.5	58	27	47.5	64	75	38.5	75.5	66	9	46.5	41.5	33	44.5	26.5	25	
73.5	36.5	54.5	58	76.5	51.5	28	73.5	78.5	82.5	66	47.5	19.5	0	76.5	50.5	29.5	37	35.5	61.5	24	55.5	69	30.5	69	51	55.5	9	60.5	34	72.5	41.5	31.5	34	33	73	44.5	34.5	56	50.5	83.5	47	84	60.5	28.5	35	33	33.5	53	35	20.5	
13	66	44	46.5	12	47	52.5	29	10	32	36.5	37	80	76.5	0	54	90	61.5	84	21	68.5	45	13.5	75	29.5	45.5	49	79.5	30	70.5	22	63	88	78.5	77.5	28.5	34	79	36.5	30	31	57.5	25.5	30	81	49.5	77.5	63	51.5	69.5	65	
51	44	32	35.5	54	29	30.5	51	56	60	43.5	25	42	50.5	54	0	52	39.5	58	39	46.5	33	46.5	53	46.5	28.5	33	41.5	38	46.5	50	39	54	56.5	55.5	50.5	22	57	33.5	28	61	29.5	61.5	38	51	27.5	55.5	41	30.5	47.5	43	
87	40	62	59.5	78	53	41.5	75	80	84	67.5	61	16	29.5	90	52	0	44.5	6	75	27.5	61	82.5	31	70.5	60.5	57	20.5	74	35.5	84	43	2	27.5	28.5	74.5	58	11	57.5	64	85	48.5	85.5	74	25	48.5	31.5	43	54.5	36.5	29	
58.5	26.5	39.5	47	71.5	46.5	9	68.5	71.5	77.5	61	32.5	34.5	37	61.5	39.5	44.5	0	44.5	46.5	29	40.5	54	35.5	64	36	50.5	34	45.5	31	57.5	28.5	46.5	39	38	68	29.5	39.5	51	35.5	76.5	38	71	45.5	41.5	20	38	23.5	42	30	25.5	
81	44	62	65.5	84	59	35.5	81	86	90	73.5	55	22	35.5	84	58	6	44.5	0	69	21.5	63	76.5	33	76.5	58.5	63	26.5	68	41.5	80	49	4	31.5	30.5	80.5	52	5	63.5	58	91	54.5	91.5	68	31	42.5	25.5	41	60.5	42.5	23	
18	51	29	31.5	33	38	37.5	44	31	37	28.5	22	75	61.5	21	39	75	46.5	69	0	53.5	30	13.5	60	35.5	30.5	34	70.5	15	55.5	17	48	73	63.5	62.5	41.5	19	64	31.5	15	36	42.5	30.5	15	66	34.5	62.5	48	36.5	54.5	50	
65.5	28.5	46.5	54	80.5	65.5	20	91.5	78.5	84.5	76	39.5	32.5	24	68.5	46.5	27.5	29	21.5	53.5	0	47.5	61	17.5	83	43	61.5	33	52.5	28	64.5	35.5	25.5	10	9	89	36.5	16.5	74	42.5	83.5	45	78	52.5	23.5	27	15	25.5	49	27	7.5	
42	45	1	30.5	53	28	31.5	50	55	59	42.5	8	51	55.5	45	33	61	40.5	63	30	47.5	0	37.5	54	45.5	24.5	32	50.5	29	49.5	41	42	63	57.5	56.5	49.5	11	58	32.5	19	60	36.5	54.5	29	60	28.5	56.5	42	30.5	48.5	44	
10.5	58.5	36.5	39	25.5	45.5	45	36.5	23.5	29.5	31	29.5	82.5	69	13.5	46.5	82.5	54	76.5	13.5	61	37.5	0	67.5	22	38	41.5	78	22.5	63	14.5	55.5	80.5	71	70	34	26.5	71.5	39	22.5	28.5	50	23	22.5	73.5	42	70	55.5	44	62	57.5	
72	35	53	60.5	83	58	26.5	80	85	89	72.5	46	15	30.5	75	53	31	35.5	33	60	17.5	54	67.5	0	75.5	49.5	62	25.5	59	34.5	71	42	33	27.5	26.5	79.5	43	28	62.5	49	90	51.5	84.5	59	6	33.5	26.5	32	55.5	33.5	10	
32.5	64.5	46.5	39	17.5	27.5	67	14.5	19.5	23.5	17	51.5	60.5	69	29.5	46.5	70.5	64	76.5	35.5	83	45.5	22	75.5	0	50	31.5	60	40.5	65	28.5	57.5	72.5	77	78	14	48.5	81.5	17	44.5	24.5	48	25	40.5	69.5	64	92	67.5	44	66	79.5	
42.5	40.5	23.5	31	57.5	32.5	27	54.5	55.5	61.5	47	16.5	50.5	51	45.5	28.5	60.5	36	58.5	30.5	43	24.5	38	49.5	50	0	36.5	50	29.5	45	41.5	37.5	62.5	53	52	54	13.5	53.5	37	19.5	60.5	32	55	29.5	55.5	24	52	37.5	6	44	39.5	
46	51	33	25.5	39	4	45.5	36	41	45	28.5	30	47	55.5	49	33	57	50.5	63	34	61.5	32	41.5	62	31.5	36.5	0	46.5	33	51.5	45	44	59	63.5	64.5	35.5	27	68	18.5	19	46	34.5	46.5	33	56	42.5	70.5	54	30.5	52.5	58	
82.5	29.5	51.5	49	67.5	42.5	37	64.5	69.5	73.5	57	56.5	10.5	9	79.5	41.5	20.5	34	26.5	70.5	33	50.5	78	25.5	60	50	46.5	0	65.5	25	73.5	32.5	22.5	27	28	64	53.5	31.5	47	59.5	74.5	38	75	65.5	19.5	44	42	32.5	44	26	29.5	
27	50	28	30.5	42	33	36.5	45	40	46	37.5	21	66	60.5	30	38	74	45.5	68	15	52.5	29	22.5	59	40.5	29.5	33	65.5	0	54.5	26	47	72	62.5	61.5	44.5	18	63	27.5	14	45	41.5	39.5	0	65	33.5	61.5	47	35.5	53.5	49	
67.5	30.5	48.5	54	72.5	47.5	22	69.5	74.5	78.5	62	41.5	25.5	34	70.5	46.5	35.5	31	41.5	55.5	28	49.5	63	34.5	65	45	51.5	25	54.5	0	66.5	37.5	37.5	38	37	69	38.5	38.5	52	44.5	79.5	43	80	54.5	34.5	29	37	27.5	49	1	24.5	
19	62	40	42.5	34	41	48.5	33	32	38	30.5	33	74	72.5	22	50	84	57.5	80	17	64.5	41	14.5	71	28.5	41.5	45	73.5	26	66.5	0	59	84	74.5	73.5	32.5	30	75	30.5	26	37	53.5	31.5	26	77	45.5	73.5	59	47.5	65.5	61	
60	33	41	46.5	65	40	19.5	62	67	71	54.5	34	33	41.5	63	39	43	28.5	49	48	35.5	42	55.5	42	57.5	37.5	44	32.5	47	37.5	59	0	45	45.5	44.5	61.5	31	46	44.5	37	72	35.5	72.5	47	42	21.5	44.5	30	41.5	36.5	32	
85	42	64	61.5	80	55	39.5	77	82	86	69.5	59	18	31.5	88	54	2	46.5	4	73	25.5	63	80.5	33	72.5	62.5	59	22.5	72	37.5	84	45	0	29.5	30.5	76.5	56	9	59.5	62	87	50.5	87.5	72	27	46.5	29.5	45	56.5	38.5	27	
75.5	38.5	56.5	64	84.5	59.5	30	81.5	86.5	90.5	74	49.5	22.5	34	78.5	56.5	27.5	39	31.5	63.5	10	57.5	71	27.5	77	53	63.5	27	62.5	38	74.5	45.5	29.5	0	1	81	46.5	26.5	64	52.5	91.5	55	88	62.5	31.5	37	25	35.5	59	37	17.5	
74.5	37.5	55.5	63	85.5	60.5	29	82.5	87.5	91.5	75	48.5	23.5	33	77.5	55.5	28.5	38	30.5	62.5	9	56.5	70	26.5	78	52	64.5	28	61.5	37	73.5	44.5	30.5	1	0	82	45.5	25.5	65	51.5	92.5	54	87	61.5	32.5	36	24	34.5	58	36	16.5	
28.5	68.5	50.5	43	16.5	31.5	73	8.5	18.5	17.5	21	57.5	64.5	73	28.5	50.5	74.5	68	80.5	41.5	89	49.5	34	79.5	14	54	35.5	64	44.5	69	32.5	61.5	76.5	81	82	0	54.5	85.5	21	50.5	18.5	52	11	44.5	73.5	70	98	71.5	48	70	85.5	
31	34	10	19.5	46	31	20.5	59	44	50	41.5	3	58	44.5	34	22	58	29.5	52	19	36.5	11	26.5	43	48.5	13.5	27	53.5	18	38.5	30	31	56	46.5	45.5	54.5	0	47	41.5	8	49	25.5	43.5	18	49	17.5	45.5	31	19.5	37.5	33	
76	39	57	64.5	89	64	30.5	86	89	95	78.5	50	27	34.5	79	57	11	39.5	5	64	16.5	58	71.5	28	81.5	53.5	68	31.5	63	38.5	75	46	9	26.5	25.5	85.5	47	0	68.5	53	94	55.5	88.5	63	34	37.5	20.5	36	59.5	37.5	18	
45.5	51.5	33.5	26	24.5	14.5	60	21.5	26.5	30.5	14	40.5	47.5	56	36.5	33.5	57.5	51	63.5	31.5	74	32.5	39	62.5	17	37	18.5	47	27.5	52	30.5	44.5	59.5	64	65	21	41.5	68.5	0	37.5	31.5	35	32	27.5	56.5	53	85	54.5	31	53	72.5	
27	40	18	20.5	42	23	26.5	55	40	46	37.5	11	64	50.5	30	28	64	35.5	58	15	42.5	19	22.5	49	44.5	19.5	19	59.5	14	44.5	26	37	62	52.5	51.5	50.5	8	53	37.5	0	45	31.5	39.5	14	55	23.5	51.5	37	25.5	43.5	39	
18	79	59	53.5	27	42	67.5	10	29	1	31.5	52	75	83.5	31	61	85	76.5	91	36	83.5	60	28.5	90	24.5	60.5	46	74.5	45	79.5	37	72	87	91.5	92.5	18.5	49	94	31.5	45	0	62.5	29.5	45	84	64.5	92.5	78	58.5	80.5	80	
54.5	42.5	35.5	37	55.5	30.5	29	52.5	57.5	61.5	45	28.5	38.5	47	57.5	29.5	48.5	38	54.5	42.5	45	36.5	50	51.5	48	32	34.5	38	41.5	43	53.5	35.5	50.5	55	54	52	25.5	55.5	35	31.5	62.5	0	63	41.5	47.5	26	54	39.5	32	44	41.5	
17.5	75.5	53.5	54	27.5	42.5	62	19.5	29.5	28.5	32	46.5	75.5	84	25.5	61.5	85.5	71	91.5	30.5	78	54.5	23	84.5	25	55	46.5	75	39.5	80	31.5	72.5	87.5	88	87	11	43.5	88.5	32	39.5	29.5	63	0	39.5	84.5	59	87	72.5	59	79	74.5	
27	50	28	30.5	42	33	36.5	45	40	46	37.5	21	66	60.5	30	38	74	45.5	68	15	52.5	29	22.5	59	40.5	29.5	33	65.5	0	54.5	26	47	72	62.5	61.5	44.5	18	63	27.5	14	45	41.5	39.5	0	65	33.5	61.5	47	35.5	53.5	49	
78	39	59	58.5	77	52	32.5	74	79	83	66.5	52	9	28.5	81	51	25	41.5	31	66	23.5	60	73.5	6	69.5	55.5	56	19.5	65	34.5	77	42	27	31.5	32.5	73.5	49	34	56.5	55	84	47.5	84.5	65	0	39.5	32.5	38	53.5	35.5	16	
46.5	24.5	27.5	35	61.5	46.5	11	70.5	59.5	65.5	57	20.5	46.5	35	49.5	27.5	48.5	20	42.5	34.5	27	28.5	42	33.5	64	24	42.5	44	33.5	29	45.5	21.5	46.5	37	36	70	17.5	37.5	53	23.5	64.5	26	59	33.5	39.5	0	36	21.5	30	28	23.5	
74.5	37.5	55.5	63	89.5	74.5	29	102.5	87.5	93.5	85	48.5	41.5	33	77.5	55.5	31.5	38	25.5	62.5	15	56.5	70	26.5	92	52	70.5	42	61.5	37	73.5	44.5	29.5	25	24	98	45.5	20.5	85	51.5	92.5	54	87	61.5	32.5	36	0	34.5	58	36	16.5	
60	3	41	48.5	75	50	14.5	72	73	79	64.5	34	33	33.5	63	41	43	23.5	41	48	25.5	42	55.5	32	67.5	37.5	54	32.5	47	27.5	59	30	45	35.5	34.5	71.5	31	36	54.5	37	78	39.5	72.5	47	38	21.5	34.5	0	43.5	26.5	22	
48.5	46.5	29.5	33	51.5	26.5	33	48.5	53.5	57.5	41	22.5	44.5	53	51.5	30.5	54.5	42	60.5	36.5	49	30.5	44	55.5	44	6	30.5	44	35.5	49	47.5	41.5	56.5	59	58	48	19.5	59.5	31	25.5	58.5	32	59	35.5	53.5	30	58	43.5	0	50	45.5	
66.5	29.5	47.5	55	73.5	48.5	21	70.5	75.5	79.5	63	40.5	26.5	35	69.5	47.5	36.5	30	42.5	54.5	27	48.5	62	33.5	66	44	52.5	26	53.5	1	65.5	36.5	38.5	37	36	70	37.5	37.5	53	43.5	80.5	44	79	53.5	35.5	28	36	26.5	50	0	23.5	
62	25	43	50.5	77	62	16.5	90	75	81	72.5	36	25	20.5	65	43	29	25.5	23	50	7.5	44	57.5	10	79.5	39.5	58	29.5	49	24.5	61	32	27	17.5	16.5	85.5	33	18	72.5	39	80	41.5	74.5	49	16	23.5	16.5	22	45.5	23.5	0	
