Number of items: 50
Horizon: 15
Time limit: 500
Load limit: 3000
Initial item inventory level
66
31
32
138
18
104
92
102
84
56
134
29
75
176
168
153
146
195
80
77
216
48
219
78
162
10
72
243
44
180
31
52
225
126
180
138
132
80
147
51
51
76
46
66
16
201
120
186
222
123
Maximum inventory capacity per item
99
62
64
184
36
156
184
136
168
112
201
58
150
264
252
204
219
260
160
154
288
64
292
104
216
20
96
324
88
240
62
78
300
189
270
184
176
120
196
102
102
152
92
99
32
268
160
248
296
164
Reserve storage replenishment rate per item and per period
198	0	0	198	0	0	198	0	0	198	0	0	198	0	0	
186	0	0	186	0	0	186	0	0	186	0	0	186	0	0	
192	0	0	192	0	0	192	0	0	192	0	0	192	0	0	
276	0	0	276	0	0	276	0	0	276	0	0	276	0	0	
108	0	0	108	0	0	108	0	0	108	0	0	108	0	0	
312	0	0	312	0	0	312	0	0	312	0	0	312	0	0	
552	0	0	552	0	0	552	0	0	552	0	0	552	0	0	
204	0	0	204	0	0	204	0	0	204	0	0	204	0	0	
504	0	0	504	0	0	504	0	0	504	0	0	504	0	0	
336	0	0	336	0	0	336	0	0	336	0	0	336	0	0	
402	0	0	402	0	0	402	0	0	402	0	0	402	0	0	
174	0	0	174	0	0	174	0	0	174	0	0	174	0	0	
450	0	0	450	0	0	450	0	0	450	0	0	450	0	0	
528	0	0	528	0	0	528	0	0	528	0	0	528	0	0	
504	0	0	504	0	0	504	0	0	504	0	0	504	0	0	
306	0	0	306	0	0	306	0	0	306	0	0	306	0	0	
438	0	0	438	0	0	438	0	0	438	0	0	438	0	0	
390	0	0	390	0	0	390	0	0	390	0	0	390	0	0	
480	0	0	480	0	0	480	0	0	480	0	0	480	0	0	
462	0	0	462	0	0	462	0	0	462	0	0	462	0	0	
432	0	0	432	0	0	432	0	0	432	0	0	432	0	0	
96	0	0	96	0	0	96	0	0	96	0	0	96	0	0	
438	0	0	438	0	0	438	0	0	438	0	0	438	0	0	
156	0	0	156	0	0	156	0	0	156	0	0	156	0	0	
324	0	0	324	0	0	324	0	0	324	0	0	324	0	0	
60	0	0	60	0	0	60	0	0	60	0	0	60	0	0	
144	0	0	144	0	0	144	0	0	144	0	0	144	0	0	
486	0	0	486	0	0	486	0	0	486	0	0	486	0	0	
264	0	0	264	0	0	264	0	0	264	0	0	264	0	0	
360	0	0	360	0	0	360	0	0	360	0	0	360	0	0	
186	0	0	186	0	0	186	0	0	186	0	0	186	0	0	
156	0	0	156	0	0	156	0	0	156	0	0	156	0	0	
450	0	0	450	0	0	450	0	0	450	0	0	450	0	0	
378	0	0	378	0	0	378	0	0	378	0	0	378	0	0	
540	0	0	540	0	0	540	0	0	540	0	0	540	0	0	
276	0	0	276	0	0	276	0	0	276	0	0	276	0	0	
264	0	0	264	0	0	264	0	0	264	0	0	264	0	0	
240	0	0	240	0	0	240	0	0	240	0	0	240	0	0	
294	0	0	294	0	0	294	0	0	294	0	0	294	0	0	
306	0	0	306	0	0	306	0	0	306	0	0	306	0	0	
306	0	0	306	0	0	306	0	0	306	0	0	306	0	0	
456	0	0	456	0	0	456	0	0	456	0	0	456	0	0	
276	0	0	276	0	0	276	0	0	276	0	0	276	0	0	
198	0	0	198	0	0	198	0	0	198	0	0	198	0	0	
96	0	0	96	0	0	96	0	0	96	0	0	96	0	0	
402	0	0	402	0	0	402	0	0	402	0	0	402	0	0	
240	0	0	240	0	0	240	0	0	240	0	0	240	0	0	
372	0	0	372	0	0	372	0	0	372	0	0	372	0	0	
444	0	0	444	0	0	444	0	0	444	0	0	444	0	0	
246	0	0	246	0	0	246	0	0	246	0	0	246	0	0	
Forward storage demand rate per item and per period
33	48	24	31	62	47	4	30	45	32	35	45	25	17	43	
31	29	42	36	27	31	10	30	26	52	48	37	32	18	34	
32	22	21	15	52	17	38	30	11	13	49	24	30	25	41	
46	51	41	30	33	78	45	74	21	86	61	71	58	54	78	
18	34	32	9	7	28	9	10	14	13	9	15	18	19	16	
52	30	42	21	49	49	22	62	59	62	77	93	54	43	77	
92	46	114	42	80	75	138	30	53	84	75	135	102	97	102	
34	47	2	22	60	45	46	46	31	23	4	41	34	22	33	
84	85	135	8	165	57	55	28	88	10	53	104	48	71	78	
56	59	27	63	80	36	49	12	48	38	95	93	29	65	46	
67	72	76	36	84	83	86	73	74	102	101	67	38	30	67	
29	21	41	7	25	15	22	52	35	31	27	45	30	27	11	
75	75	86	59	111	125	93	114	131	87	107	114	75	68	81	
88	108	82	44	146	132	81	99	141	65	116	145	76	63	112	
84	55	66	114	80	75	99	102	50	90	102	133	88	106	50	
51	62	26	5	92	52	28	40	48	77	62	30	31	52	75	
73	85	73	77	69	43	80	125	132	43	68	80	48	33	36	
65	86	64	66	102	51	65	39	95	35	47	41	87	61	91	
80	155	121	66	47	63	55	112	5	82	108	73	128	93	25	
77	94	35	38	8	81	127	104	40	124	70	55	49	59	71	
72	107	68	97	50	74	94	99	85	30	94	113	58	79	92	
16	6	14	19	20	30	16	15	22	23	24	26	17	4	14	
73	86	72	71	129	49	82	74	87	9	53	54	83	39	92	
26	25	21	33	19	48	23	18	31	26	32	25	39	23	22	
54	37	46	43	69	34	4	62	45	24	72	65	45	66	44	
10	13	7	9	7	7	9	13	3	11	9	2	5	11	10	
24	33	22	20	45	14	27	8	19	39	19	17	15	13	16	
81	106	107	81	68	56	122	82	46	138	72	145	4	54	57	
44	38	32	53	51	69	35	10	77	40	45	14	42	72	19	
60	32	9	82	18	54	73	92	58	78	47	51	11	52	80	
31	20	45	40	32	34	39	42	39	32	20	22	17	29	34	
26	26	38	28	42	26	26	32	25	9	44	36	32	17	19	
75	111	53	70	65	53	70	70	37	135	28	63	127	91	105	
63	63	54	64	22	18	65	48	85	79	37	64	12	66	49	
90	100	106	24	108	112	93	97	75	71	51	72	59	21	56	
46	46	27	54	27	45	24	45	38	28	35	34	43	72	63	
44	29	24	62	58	33	20	36	72	42	74	29	56	43	54	
40	41	58	57	44	54	33	33	44	62	57	58	44	21	44	
49	38	58	18	63	22	32	71	48	35	52	33	35	40	42	
51	53	45	71	40	24	59	34	32	33	12	48	61	64	93	
51	49	52	89	59	5	91	74	54	91	12	83	72	22	77	
76	81	61	77	139	53	62	110	35	119	68	121	63	11	89	
46	63	70	56	17	64	50	57	42	48	43	52	50	42	55	
33	28	38	25	31	60	26	24	34	19	36	28	37	28	26	
16	5	18	6	21	21	16	16	2	16	15	18	18	20	14	
67	37	80	93	71	54	67	14	52	80	111	67	77	78	112	
40	67	75	65	36	48	35	34	28	28	60	43	57	24	30	
62	22	74	70	56	36	78	74	90	83	54	79	79	70	67	
74	122	45	75	44	27	113	95	101	77	65	78	75	71	104	
41	60	35	48	32	15	65	55	17	42	46	53	63	36	67	
Distance matrix
0	20	71	88.5	50	57.5	15.5	44.5	13.5	18	75.5	23.5	82.5	95	62	85	44.5	59.5	52	61.5	28	39.5	74.5	12.5	47.5	94	54	65.5	62.5	76	72	83	74	86.5	35	86.5	31.5	34.5	57	31	57	73.5	67.5	52.5	84	39	69	11	73.5	94.5	22	
20	0	59	88.5	40	47.5	15.5	40.5	13.5	38	75.5	23.5	82.5	85	62	85	44.5	59.5	48	43.5	32	39.5	74.5	27.5	37.5	76	54	65.5	42.5	74	72	67	66	86.5	15	86.5	28.5	34.5	43	31	57	73.5	57.5	52.5	66	31	69	21	73.5	90.5	32	
71	59	0	45.5	29	21.5	61.5	34.5	59.5	61	56.5	55.5	31.5	34	37	44	34.5	34.5	27	17.5	51	39.5	49.5	66.5	31.5	25	25	18.5	16.5	23	53	16	15	37.5	44	47.5	47.5	44.5	22	48	14	30.5	11.5	26.5	15	40	50	68	54.5	39.5	57	
88.5	88.5	45.5	0	66.5	59	79	72	77	98.5	13	77	34	21.5	40.5	31.5	58	43	64.5	55	88.5	63	28	96	69	22.5	62.5	51	54	40.5	20.5	33.5	42.5	30	81.5	2	85	78	59.5	79.5	55.5	43	49	64	32.5	77.5	27.5	89.5	15	6	94.5	
50	40	29	66.5	0	17.5	40.5	15.5	38.5	42	75.5	36.5	52.5	55	58	65	40.5	55.5	18	13.5	32	35.5	70.5	47.5	12.5	46	36	39.5	12.5	44	72	37	36	58.5	25	68.5	28.5	25.5	13	29	43	51.5	27.5	22.5	36	21	69	49	73.5	60.5	38	
57.5	47.5	21.5	59	17.5	0	48	23	46	49.5	68	44	45	47.5	50.5	57.5	33	48	15.5	4	39.5	18	63	55	20	38.5	28.5	32	5	36.5	64.5	29.5	28.5	51	32.5	61	36	33	10.5	36.5	35.5	44	20	5	28.5	28.5	61.5	56.5	66	53	45.5	
15.5	15.5	61.5	79	40.5	48	0	35	2	33.5	66	14	73	85.5	52.5	75.5	35	50	42.5	48	33.5	30	65	23	38	80.5	44.5	56	47	66.5	62.5	71.5	64.5	77	30.5	77	38	25	47.5	21.5	47.5	64	58	43	70.5	29.5	59.5	16.5	64	85	27.5	
44.5	40.5	34.5	72	15.5	23	35	0	33	42.5	75	33	58	60.5	61.5	70.5	44	59	23.5	19	32.5	39	74	48	3	51.5	41.5	45	18	49.5	71.5	42.5	41.5	64	25.5	74	29	10	18.5	29.5	48.5	57	33	28	41.5	21.5	68.5	45.5	73	66	38.5	
13.5	13.5	59.5	77	38.5	46	2	33	0	31.5	64	12	71	83.5	50.5	73.5	33	48	40.5	50	31.5	28	63	21	36	82.5	42.5	54	49	64.5	60.5	71.5	62.5	75	28.5	75	40	23	45.5	19.5	45.5	62	56	41	72.5	27.5	57.5	14.5	62	83	25.5	
18	38	61	98.5	42	49.5	33.5	42.5	31.5	0	93.5	41.5	84.5	87	80	97	62.5	77.5	50	45.5	24	57.5	92.5	30.5	39.5	78	68	71.5	44.5	76	90	69	68	90.5	27	100.5	15.5	52.5	45	49	75	83.5	59.5	54.5	68	33	87	29	91.5	92.5	30	
75.5	75.5	56.5	13	75.5	68	66	75	64	93.5	0	64	33	30.5	27.5	20.5	45	30	67.5	68	93.5	50	15	83	78	35.5	49.5	46	67	41.5	7.5	46.5	49.5	27	90.5	11	98	65	72.5	66.5	42.5	34	58	63	45.5	84.5	14.5	76.5	2	19	87.5	
23.5	23.5	55.5	77	36.5	44	14	33	12	41.5	64	0	71	81.5	50.5	73.5	33	48	40.5	40	41.5	28	63	31	34	72.5	42.5	54	39	64.5	60.5	63.5	62.5	75	36.5	75	40	23	39.5	19.5	45.5	62	54	41	62.5	32.5	57.5	24.5	62	83	35.5	
82.5	82.5	31.5	34	52.5	45	73	58	71	84.5	33	71	0	22.5	34.5	32.5	52	37	50.5	41	74.5	57	32	90	55	13.5	48.5	37	40	26.5	29.5	19.5	28.5	26	67.5	36	71	68	45.5	71.5	45.5	29	35	50	18.5	63.5	26.5	83.5	31	28	80.5	
95	85	34	21.5	55	47.5	85.5	60.5	83.5	87	30.5	81.5	22.5	0	43	10	60.5	45.5	53	43.5	77	65.5	30.5	92.5	57.5	11	51	39.5	42.5	29	23	22	31	18.5	70	23.5	73.5	70.5	48	74	48	31.5	37.5	52.5	21	66	34	94	28.5	15.5	83	
62	62	37	40.5	58	50.5	52.5	61.5	50.5	80	27.5	50.5	34.5	43	0	37	31.5	16.5	54	46.5	80	36.5	26.5	69.5	60.5	34	36	32.5	45.5	14	24	21	34	38.5	73	38.5	76.5	51.5	51	53	29	25.5	40.5	49.5	22	69	21	63	25.5	46.5	74	
85	85	44	31.5	65	57.5	75.5	70.5	73.5	97	20.5	73.5	32.5	10	37	0	54.5	39.5	63	53.5	87	59.5	24.5	92.5	67.5	21	59	49.5	52.5	39	13	32	41	28.5	80	31.5	83.5	74.5	58	76	52	41.5	47.5	62.5	31	76	24	86	18.5	25.5	93	
44.5	44.5	34.5	58	40.5	33	35	44	33	62.5	45	33	52	60.5	31.5	54.5	0	29	36.5	29	62.5	19	44	52	43	51.5	23.5	35	28	45.5	41.5	42.5	41.5	56	55.5	56	59	34	33.5	35.5	26.5	43	33	32	41.5	51.5	38.5	45.5	43	64	56.5	
59.5	59.5	34.5	43	55.5	48	50	59	48	77.5	30	48	37	45.5	16.5	39.5	29	0	51.5	44	77.5	34	29	67	58	36.5	33.5	30	43	30.5	26.5	27.5	31.5	41	70.5	41	74	49	48.5	50.5	26.5	28	38	47	26.5	66.5	23.5	60.5	28	49	71.5	
52	48	27	64.5	18	15.5	42.5	23.5	40.5	50	67.5	40.5	50.5	53	54	63	36.5	51.5	0	11.5	40	31.5	66.5	55.5	20.5	44	34	37.5	10.5	42	64	35	34	56.5	33	66.5	36.5	33.5	5	37	41	49.5	25.5	20.5	34	29	61	53	65.5	58.5	46	
61.5	43.5	17.5	55	13.5	4	48	19	50	45.5	68	40	41	43.5	46.5	53.5	29	44	11.5	0	35.5	22	59	51	16	34.5	24.5	28	1	32.5	66.5	25.5	24.5	47	28.5	57	32	29	6.5	32.5	31.5	40	16	9	24.5	24.5	59.5	52.5	70	49	41.5	
28	32	51	88.5	32	39.5	33.5	32.5	31.5	24	93.5	41.5	74.5	77	80	87	62.5	77.5	40	35.5	0	57.5	92.5	29.5	29.5	68	58	61.5	34.5	66	90	59	58	80.5	17	90.5	10.5	42.5	35	41	65	73.5	49.5	44.5	58	23	87	17	91.5	82.5	6	
39.5	39.5	39.5	63	35.5	18	30	39	28	57.5	50	28	57	65.5	36.5	59.5	19	34	31.5	22	57.5	0	49	47	38	56.5	28.5	40	23	50.5	46.5	47.5	46.5	61	50.5	61	54	29	28.5	30.5	31.5	48	38	13	46.5	46.5	43.5	40.5	48	69	51.5	
74.5	74.5	49.5	28	70.5	63	65	74	63	92.5	15	63	32	30.5	26.5	24.5	44	29	66.5	59	92.5	49	0	82	73	26.5	48.5	45	58	40.5	11.5	37.5	46.5	12	85.5	26	89	64	63.5	65.5	41.5	33	53	62	36.5	81.5	13.5	75.5	13	34	86.5	
12.5	27.5	66.5	96	47.5	55	23	48	21	30.5	83	31	90	92.5	69.5	92.5	52	67	55.5	51	29.5	47	82	0	45	83.5	61.5	73	50	81.5	79.5	74.5	73.5	94	32.5	94	19	42	50.5	38.5	64.5	81	65	60	73.5	38.5	76.5	18.5	81	98	29.5	
47.5	37.5	31.5	69	12.5	20	38	3	36	39.5	78	34	55	57.5	60.5	67.5	43	58	20.5	16	29.5	38	73	45	0	48.5	38.5	42	15	46.5	74.5	39.5	38.5	61	22.5	71	26	13	15.5	26.5	45.5	54	30	25	38.5	18.5	71.5	46.5	76	63	35.5	
94	76	25	22.5	46	38.5	80.5	51.5	82.5	78	35.5	72.5	13.5	11	34	21	51.5	36.5	44	34.5	68	56.5	26.5	83.5	48.5	0	42	30.5	33.5	20	34	13	22	14.5	61	24.5	64.5	61.5	39	65	39	22.5	28.5	43.5	12	57	25	85	37.5	16.5	74	
54	54	25	62.5	36	28.5	44.5	41.5	42.5	68	49.5	42.5	48.5	51	36	59	23.5	33.5	34	24.5	58	28.5	48.5	61.5	38.5	42	0	35.5	23.5	40	46	33	32	54.5	51	60.5	54.5	43.5	29	45	31	47.5	23.5	33.5	32	47	43	55	47.5	56.5	64	
65.5	65.5	18.5	51	39.5	32	56	45	54	71.5	46	54	37	39.5	32.5	49.5	35	30	37.5	28	61.5	40	45	73	42	30.5	35.5	0	27	28.5	42.5	21.5	20.5	43	54.5	53	58	55	32.5	56.5	32.5	36	22	37	20.5	50.5	39.5	66.5	44	45	67.5	
62.5	42.5	16.5	54	12.5	5	47	18	49	44.5	67	39	40	42.5	45.5	52.5	28	43	10.5	1	34.5	23	58	50	15	33.5	23.5	27	0	31.5	65.5	24.5	23.5	46	27.5	56	31	28	5.5	31.5	30.5	39	15	10	23.5	23.5	58.5	51.5	69	48	40.5	
76	74	23	40.5	44	36.5	66.5	49.5	64.5	76	41.5	64.5	26.5	29	14	39	45.5	30.5	42	32.5	66	50.5	40.5	81.5	46.5	20	40	28.5	31.5	0	38	7	20	32.5	59	42.5	62.5	59.5	37	63	37	25.5	26.5	41.5	8	55	35	77	39.5	34.5	72	
72	72	53	20.5	72	64.5	62.5	71.5	60.5	90	7.5	60.5	29.5	23	24	13	41.5	26.5	64	66.5	90	46.5	11.5	79.5	74.5	34	46	42.5	65.5	38	0	45	46	23.5	87	18.5	96.5	61.5	69	63	39	30.5	54.5	59.5	44	81	11	73	5.5	26.5	84	
83	67	16	33.5	37	29.5	71.5	42.5	71.5	69	46.5	63.5	19.5	22	21	32	42.5	27.5	35	25.5	59	47.5	37.5	74.5	39.5	13	33	21.5	24.5	7	45	0	13	25.5	52	35.5	55.5	52.5	30	56	30	18.5	19.5	34.5	1	48	38	76	46.5	27.5	65	
74	66	15	42.5	36	28.5	64.5	41.5	62.5	68	49.5	62.5	28.5	31	34	41	41.5	31.5	34	24.5	58	46.5	46.5	73.5	38.5	22	32	20.5	23.5	20	46	13	0	34.5	51	44.5	54.5	51.5	29	55	29	27.5	18.5	33.5	12	47	43	75	47.5	36.5	64	
86.5	86.5	37.5	30	58.5	51	77	64	75	90.5	27	75	26	18.5	38.5	28.5	56	41	56.5	47	80.5	61	12	94	61	14.5	54.5	43	46	32.5	23.5	25.5	34.5	0	73.5	32	77	74	51.5	77.5	51.5	35	41	56	24.5	69.5	25.5	87.5	25	24	86.5	
35	15	44	81.5	25	32.5	30.5	25.5	28.5	27	90.5	36.5	67.5	70	73	80	55.5	70.5	33	28.5	17	50.5	85.5	32.5	22.5	61	51	54.5	27.5	59	87	52	51	73.5	0	83.5	13.5	35.5	28	34	58	66.5	42.5	37.5	51	16	84	34	88.5	75.5	23	
86.5	86.5	47.5	2	68.5	61	77	74	75	100.5	11	75	36	23.5	38.5	31.5	56	41	66.5	57	90.5	61	26	94	71	24.5	60.5	53	56	42.5	18.5	35.5	44.5	32	83.5	0	87	76	61.5	77.5	53.5	45	51	66	34.5	79.5	25.5	87.5	13	8	96.5	
31.5	28.5	47.5	85	28.5	36	38	29	40	15.5	98	40	71	73.5	76.5	83.5	59	74	36.5	32	10.5	54	89	19	26	64.5	54.5	58	31	62.5	96.5	55.5	54.5	77	13.5	87	0	39	31.5	37.5	61.5	70	46	41	54.5	19.5	89.5	27.5	100	79	16.5	
34.5	34.5	44.5	78	25.5	33	25	10	23	52.5	65	23	68	70.5	51.5	74.5	34	49	33.5	29	42.5	29	64	42	13	61.5	43.5	55	28	59.5	61.5	52.5	51.5	74	35.5	76	39	0	28.5	25.5	46.5	63	43	38	51.5	31.5	58.5	35.5	63	76	46.5	
57	43	22	59.5	13	10.5	47.5	18.5	45.5	45	72.5	39.5	45.5	48	51	58	33.5	48.5	5	6.5	35	28.5	63.5	50.5	15.5	39	29	32.5	5.5	37	69	30	29	51.5	28	61.5	31.5	28.5	0	32	36	44.5	20.5	15.5	29	24	64	52	70.5	53.5	41	
31	31	48	79.5	29	36.5	21.5	29.5	19.5	49	66.5	19.5	71.5	74	53	76	35.5	50.5	37	32.5	41	30.5	65.5	38.5	26.5	65	45	56.5	31.5	63	63	56	55	77.5	34	77.5	37.5	25.5	32	0	48	64.5	46.5	41.5	55	30	60	32	64.5	79.5	43	
57	57	14	55.5	43	35.5	47.5	48.5	45.5	75	42.5	45.5	45.5	48	29	52	26.5	26.5	41	31.5	65	31.5	41.5	64.5	45.5	39	31	32.5	30.5	37	39	30	29	51.5	58	53.5	61.5	46.5	36	48	0	40.5	25.5	40.5	29	54	36	58	40.5	53.5	69	
73.5	73.5	30.5	43	51.5	44	64	57	62	83.5	34	62	29	31.5	25.5	41.5	43	28	49.5	40	73.5	48	33	81	54	22.5	47.5	36	39	25.5	30.5	18.5	27.5	35	66.5	45	70	63	44.5	64.5	40.5	0	34	49	17.5	62.5	27.5	74.5	32	37	79.5	
67.5	57.5	11.5	49	27.5	20	58	33	56	59.5	58	54	35	37.5	40.5	47.5	33	38	25.5	16	49.5	38	53	65	30	28.5	23.5	22	15	26.5	54.5	19.5	18.5	41	42.5	51	46	43	20.5	46.5	25.5	34	0	25	18.5	38.5	51.5	66.5	56	43	55.5	
52.5	52.5	26.5	64	22.5	5	43	28	41	54.5	63	41	50	52.5	49.5	62.5	32	47	20.5	9	44.5	13	62	60	25	43.5	33.5	37	10	41.5	59.5	34.5	33.5	56	37.5	66	41	38	15.5	41.5	40.5	49	25	0	33.5	33.5	56.5	53.5	61	58	50.5	
84	66	15	32.5	36	28.5	70.5	41.5	72.5	68	45.5	62.5	18.5	21	22	31	41.5	26.5	34	24.5	58	46.5	36.5	73.5	38.5	12	32	20.5	23.5	8	44	1	12	24.5	51	34.5	54.5	51.5	29	55	29	17.5	18.5	33.5	0	47	37	75	47.5	26.5	64	
39	31	40	77.5	21	28.5	29.5	21.5	27.5	33	84.5	32.5	63.5	66	69	76	51.5	66.5	29	24.5	23	46.5	81.5	38.5	18.5	57	47	50.5	23.5	55	81	48	47	69.5	16	79.5	19.5	31.5	24	30	54	62.5	38.5	33.5	47	0	78	40	82.5	71.5	29	
69	69	50	27.5	69	61.5	59.5	68.5	57.5	87	14.5	57.5	26.5	34	21	24	38.5	23.5	61	59.5	87	43.5	13.5	76.5	71.5	25	43	39.5	58.5	35	11	38	43	25.5	84	25.5	89.5	58.5	64	60	36	27.5	51.5	56.5	37	78	0	70	12.5	33.5	81	
11	21	68	89.5	49	56.5	16.5	45.5	14.5	29	76.5	24.5	83.5	94	63	86	45.5	60.5	53	52.5	17	40.5	75.5	18.5	46.5	85	55	66.5	51.5	77	73	76	75	87.5	34	87.5	27.5	35.5	52	32	58	74.5	66.5	53.5	75	40	70	0	74.5	95.5	11	
73.5	73.5	54.5	15	73.5	66	64	73	62	91.5	2	62	31	28.5	25.5	18.5	43	28	65.5	70	91.5	48	13	81	76	37.5	47.5	44	69	39.5	5.5	46.5	47.5	25	88.5	13	100	63	70.5	64.5	40.5	32	56	61	47.5	82.5	12.5	74.5	0	21	85.5	
94.5	90.5	39.5	6	60.5	53	85	66	83	92.5	19	83	28	15.5	46.5	25.5	64	49	58.5	49	82.5	69	34	98	63	16.5	56.5	45	48	34.5	26.5	27.5	36.5	24	75.5	8	79	76	53.5	79.5	53.5	37	43	58	26.5	71.5	33.5	95.5	21	0	88.5	
22	32	57	94.5	38	45.5	27.5	38.5	25.5	30	87.5	35.5	80.5	83	74	93	56.5	71.5	46	41.5	6	51.5	86.5	29.5	35.5	74	64	67.5	40.5	72	84	65	64	86.5	23	96.5	16.5	46.5	41	43	69	79.5	55.5	50.5	64	29	81	11	85.5	88.5	0	
