Number of items: 50
Horizon: 12
Time limit: 500
Load limit: 3000
Initial item inventory level
288
129
29
85
14
34
29
93
76
198
36
10
55
66
297
51
231
25
110
174
178
114
55
66
52
36
60
78
210
19
93
61
297
83
60
42
75
42
66
74
51
45
54
258
84
186
94
225
297
285
Maximum inventory capacity per item
384
172
58
170
28
68
58
186
152
297
54
20
110
132
396
68
308
50
165
261
267
152
110
132
104
54
120
104
280
38
186
122
396
166
90
63
150
63
88
148
102
60
72
344
112
248
188
300
396
380
Reserve storage replenishment rate per item and per period
576	0	0	576	0	0	576	0	0	576	0	0	
258	0	0	258	0	0	258	0	0	258	0	0	
174	0	0	174	0	0	174	0	0	174	0	0	
510	0	0	510	0	0	510	0	0	510	0	0	
84	0	0	84	0	0	84	0	0	84	0	0	
204	0	0	204	0	0	204	0	0	204	0	0	
174	0	0	174	0	0	174	0	0	174	0	0	
558	0	0	558	0	0	558	0	0	558	0	0	
456	0	0	456	0	0	456	0	0	456	0	0	
594	0	0	594	0	0	594	0	0	594	0	0	
108	0	0	108	0	0	108	0	0	108	0	0	
60	0	0	60	0	0	60	0	0	60	0	0	
330	0	0	330	0	0	330	0	0	330	0	0	
396	0	0	396	0	0	396	0	0	396	0	0	
594	0	0	594	0	0	594	0	0	594	0	0	
102	0	0	102	0	0	102	0	0	102	0	0	
462	0	0	462	0	0	462	0	0	462	0	0	
150	0	0	150	0	0	150	0	0	150	0	0	
330	0	0	330	0	0	330	0	0	330	0	0	
522	0	0	522	0	0	522	0	0	522	0	0	
534	0	0	534	0	0	534	0	0	534	0	0	
228	0	0	228	0	0	228	0	0	228	0	0	
330	0	0	330	0	0	330	0	0	330	0	0	
396	0	0	396	0	0	396	0	0	396	0	0	
312	0	0	312	0	0	312	0	0	312	0	0	
108	0	0	108	0	0	108	0	0	108	0	0	
360	0	0	360	0	0	360	0	0	360	0	0	
156	0	0	156	0	0	156	0	0	156	0	0	
420	0	0	420	0	0	420	0	0	420	0	0	
114	0	0	114	0	0	114	0	0	114	0	0	
558	0	0	558	0	0	558	0	0	558	0	0	
366	0	0	366	0	0	366	0	0	366	0	0	
594	0	0	594	0	0	594	0	0	594	0	0	
498	0	0	498	0	0	498	0	0	498	0	0	
180	0	0	180	0	0	180	0	0	180	0	0	
126	0	0	126	0	0	126	0	0	126	0	0	
450	0	0	450	0	0	450	0	0	450	0	0	
126	0	0	126	0	0	126	0	0	126	0	0	
132	0	0	132	0	0	132	0	0	132	0	0	
444	0	0	444	0	0	444	0	0	444	0	0	
306	0	0	306	0	0	306	0	0	306	0	0	
90	0	0	90	0	0	90	0	0	90	0	0	
108	0	0	108	0	0	108	0	0	108	0	0	
516	0	0	516	0	0	516	0	0	516	0	0	
168	0	0	168	0	0	168	0	0	168	0	0	
372	0	0	372	0	0	372	0	0	372	0	0	
564	0	0	564	0	0	564	0	0	564	0	0	
450	0	0	450	0	0	450	0	0	450	0	0	
594	0	0	594	0	0	594	0	0	594	0	0	
570	0	0	570	0	0	570	0	0	570	0	0	
Forward storage demand rate per item and per period
96	82	69	157	58	125	5	135	146	128	93	106	
43	54	74	14	42	41	4	73	52	34	12	51	
29	19	32	14	24	22	23	25	29	38	16	18	
85	88	62	85	60	77	31	84	58	73	69	137	
14	14	6	25	9	6	3	15	23	8	20	5	
34	21	59	26	45	40	12	25	62	23	43	54	
29	45	28	38	18	31	29	24	24	22	35	36	
93	103	118	78	150	63	65	37	129	94	128	163	
76	63	112	59	16	107	95	124	47	66	71	66	
99	88	24	86	138	110	95	105	91	106	70	64	
18	8	27	22	13	20	18	30	3	18	33	16	
10	11	2	2	10	8	7	5	4	6	12	3	
55	37	42	64	8	45	8	51	80	63	31	59	
66	96	103	87	51	62	65	29	100	27	58	46	
99	122	25	50	37	75	155	148	132	52	103	134	
17	6	14	27	29	22	6	15	1	10	6	11	
77	97	81	102	48	41	134	147	76	81	76	104	
25	26	10	27	12	31	17	17	28	31	2	14	
55	67	12	53	41	83	58	56	82	62	96	39	
87	24	76	117	115	49	33	131	90	47	102	73	
89	133	117	97	133	82	66	64	118	94	153	156	
38	39	48	48	40	46	30	47	43	49	32	11	
55	29	49	32	6	93	53	83	76	47	81	37	
66	103	91	39	34	96	62	40	33	53	82	73	
52	70	69	57	23	55	51	35	69	57	60	60	
18	14	12	20	16	24	16	18	17	14	16	25	
60	51	34	66	57	106	56	27	94	61	64	62	
26	30	21	22	50	28	29	25	19	18	35	28	
70	78	92	49	59	30	66	45	46	56	46	113	
19	22	29	18	19	10	21	7	25	8	12	12	
93	121	87	106	56	97	45	69	80	23	21	78	
61	39	24	44	91	21	31	31	70	58	80	29	
99	162	169	140	129	92	104	30	137	77	132	101	
83	80	15	114	67	80	69	67	18	40	73	33	
30	50	30	53	36	52	22	33	25	41	9	35	
21	14	29	18	37	21	24	11	32	28	41	25	
75	56	95	66	108	73	66	51	66	83	22	71	
21	32	13	37	31	19	15	23	24	15	28	29	
22	18	16	8	19	31	16	18	26	24	32	15	
74	88	76	122	22	72	46	46	83	75	20	43	
51	35	64	34	39	53	43	32	84	59	95	56	
15	13	5	18	9	11	13	17	6	14	22	19	
18	17	9	16	13	27	7	18	14	7	20	20	
86	116	150	96	64	108	83	86	50	106	114	133	
28	31	30	18	11	15	39	45	19	34	26	2	
62	87	28	83	66	62	113	41	122	41	98	70	
94	159	110	87	59	73	76	126	126	40	93	15	
75	136	38	124	121	61	97	65	121	64	89	98	
99	89	175	94	44	127	97	63	70	166	15	150	
95	65	142	55	152	95	120	57	103	46	117	123	
Distance matrix
0	57	57	78	66	37	2	4.5	44	72.5	16.5	60	65.5	82.5	37	52.5	68	99.5	66	27	64.5	23	23	31	24	82	47.5	42.5	102.5	53.5	30.5	35	35	32.5	54.5	98	31	61.5	51.5	57.5	19.5	33.5	37.5	57.5	35	20	85	26	80	48.5	28.5	
57	0	0	25	9	24	59	56.5	21	40.5	68.5	27	47.5	30.5	54	34.5	35	46.5	43	64	46.5	50	40	78	61	29	19.5	44.5	45.5	25.5	42.5	42	32	80.5	6.5	45	78	23.5	23.5	49.5	61.5	75.5	29.5	29.5	42	57	32	33	23	30.5	80.5	
57	0	0	25	9	24	59	56.5	21	40.5	68.5	27	47.5	30.5	54	34.5	35	46.5	43	64	46.5	50	40	78	61	29	19.5	44.5	45.5	25.5	42.5	42	32	80.5	6.5	45	78	23.5	23.5	49.5	61.5	75.5	29.5	29.5	42	57	32	33	23	30.5	80.5	
78	25	25	0	34	45	80	77.5	42	29.5	85.5	42	36.5	19.5	65	49.5	34	27.5	36	75	37.5	71	61	71	78	4	40.5	59.5	24.5	46.5	63.5	63	53	69.5	27.5	24	71	40.5	44.5	44.5	82.5	68.5	50.5	44.5	63	78	37	54	22	51.5	73.5	
66	9	9	34	0	33	68	65.5	30	31.5	77.5	36	38.5	21.5	63	43.5	36	39.5	38	73	39.5	59	49	73	70	32	28.5	53.5	36.5	34.5	51.5	51	41	71.5	15.5	36	73	32.5	32.5	46.5	70.5	70.5	38.5	38.5	51	66	41	42	14	39.5	75.5	
37	24	24	45	33	0	39	36.5	11	35.5	48.5	27	32.5	45.5	34	19.5	35	66.5	33	44	31.5	30	20	58	41	49	14.5	24.5	65.5	20.5	22.5	22	12	60.5	21.5	65	58	28.5	18.5	29.5	41.5	55.5	9.5	24.5	22	37	52	13	47	15.5	60.5	
2	59	59	80	68	39	0	6.5	46	70.5	18.5	62	67.5	80.5	39	54.5	70	101.5	68	29	66.5	25	25	33	26	84	49.5	44.5	100.5	55.5	32.5	37	37	30.5	56.5	100	33	63.5	53.5	59.5	21.5	35.5	39.5	59.5	37	22	87	28	82	50.5	30.5	
4.5	56.5	56.5	77.5	65.5	36.5	6.5	0	43.5	68	12	59.5	65	78	36.5	52	67.5	99	65.5	26.5	64	22.5	22.5	30.5	23.5	81.5	47	42	98	53	30	34.5	34.5	28	54	97.5	30.5	61	51	57	19	33	37	57	34.5	19.5	84.5	25.5	79.5	48	24	
44	21	21	42	30	11	46	43.5	0	28.5	55.5	24	30.5	38.5	41	21.5	32	61.5	22	51	31.5	37	27	65	48	46	11.5	31.5	58.5	17.5	29.5	29	19	63.5	18.5	58	65	25.5	15.5	36.5	48.5	62.5	16.5	21.5	29	44	49	20	44	17.5	67.5	
72.5	40.5	40.5	29.5	31.5	35.5	70.5	68	28.5	0	56	17.5	7	10	35.5	20	9.5	33	6.5	45.5	8	49.5	49.5	41.5	48.5	25.5	25	30	30	19	42	37.5	37.5	40	38	29.5	41.5	21	21	15	53	39	35	15	37.5	52.5	42.5	46.5	17.5	24	44	
16.5	68.5	68.5	85.5	77.5	48.5	18.5	12	55.5	56	0	71.5	53	66	46.5	64	65.5	89	57.5	36.5	54	34.5	34.5	22.5	35.5	81.5	59	54	86	65	42	46.5	46.5	16	66	85.5	22.5	73	63	51	31	25	49	69	46.5	31.5	96.5	37.5	73.5	60	12	
60	27	27	42	36	27	62	59.5	24	17.5	71.5	0	24.5	22.5	53	37.5	8	45.5	24	63	25.5	53	43	59	64	38	22.5	47.5	42.5	28.5	45.5	45	35	57.5	24.5	42	59	31.5	26.5	32.5	64.5	56.5	32.5	32.5	45	60	55	36	30	33.5	61.5	
65.5	47.5	47.5	36.5	38.5	32.5	67.5	65	30.5	7	53	24.5	0	17	32.5	13	16.5	40	8.5	42.5	1	46.5	46.5	38.5	45.5	32.5	32	27	37	26	39	34.5	34.5	37	45	36.5	38.5	28	28	12	50	36	32	22	34.5	49.5	49.5	41.5	24.5	17	41	
82.5	30.5	30.5	19.5	21.5	45.5	80.5	78	38.5	10	66	22.5	17	0	45.5	30	14.5	23	16.5	55.5	18	59.5	59.5	51.5	58.5	15.5	35	40	20	29	52	47.5	47.5	50	28	19.5	51.5	21	31	25	63	49	45	25	47.5	62.5	32.5	56.5	7.5	34	54	
37	54	54	65	63	34	39	36.5	41	35.5	46.5	53	32.5	45.5	0	45.5	45	68.5	37	36	33.5	30	14	32	39	61	44.5	35.5	65.5	50.5	27.5	32	32	30.5	51.5	65	32	56.5	48.5	30.5	41.5	29.5	34.5	50.5	32	37	78	23	53	45.5	34.5	
52.5	34.5	34.5	49.5	43.5	19.5	54.5	52	21.5	20	64	37.5	13	30	45.5	0	29.5	53	21.5	55.5	12	45.5	35.5	51.5	56.5	45.5	25	40	50	31	38	37.5	27.5	50	32	49.5	51.5	39	29	25	57	49	25	35	37.5	52.5	62.5	28.5	37.5	4	54	
68	35	35	34	36	35	70	67.5	32	9.5	65.5	8	16.5	14.5	45	29.5	0	37.5	16	55	17.5	59	51	51	58	30	30.5	39.5	34.5	28.5	51.5	47	43	49.5	32.5	34	51	25.5	30.5	24.5	62.5	48.5	40.5	24.5	47	62	47	44	22	33.5	53.5	
99.5	46.5	46.5	27.5	39.5	66.5	101.5	99	61.5	33	89	45.5	40	23	68.5	53	37.5	0	39.5	78.5	41	82.5	82.5	74.5	81.5	23.5	58	63	3	52	75	70.5	70.5	73	49	7.5	74.5	44	54	48	86	72	68	48	70.5	85.5	20.5	75.5	25.5	57	77	
66	43	43	36	38	33	68	65.5	22	6.5	57.5	24	8.5	16.5	37	21.5	16	39.5	0	47	9.5	51	49	43	50	32	31.5	31.5	36.5	25.5	43.5	39	39	41.5	40.5	36	43	27.5	27.5	16.5	54.5	40.5	36.5	21.5	39	54	49	42	24	25.5	45.5	
27	64	64	75	73	44	29	26.5	51	45.5	36.5	63	42.5	55.5	36	55.5	55	78.5	47	0	43.5	30	30	22	3	71	54.5	45.5	75.5	60.5	37.5	42	42	20.5	61.5	75	22	66.5	58.5	40.5	31.5	19.5	44.5	60.5	42	7	88	33	63	55.5	24.5	
64.5	46.5	46.5	37.5	39.5	31.5	66.5	64	31.5	8	54	25.5	1	18	33.5	12	17.5	41	9.5	43.5	0	47.5	47.5	39.5	46.5	33.5	33	28	38	27	40	35.5	35.5	38	44	37.5	39.5	29	29	13	51	37	33	23	35.5	50.5	50.5	40.5	25.5	16	42	
23	50	50	71	59	30	25	22.5	37	49.5	34.5	53	46.5	59.5	30	45.5	59	82.5	51	30	47.5	0	16	36	27	75	40.5	35.5	79.5	46.5	23.5	28	28	34.5	47.5	79	36	54.5	44.5	44.5	27.5	33.5	30.5	50.5	28	23	78	19	67	41.5	38.5	
23	40	40	61	49	20	25	22.5	27	49.5	34.5	43	46.5	59.5	14	35.5	51	82.5	49	30	47.5	16	0	44	27	65	30.5	25.5	79.5	36.5	13.5	18	18	44.5	37.5	79	44	44.5	34.5	40.5	27.5	41.5	20.5	40.5	18	23	68	9	63	31.5	46.5	
31	78	78	71	73	58	33	30.5	65	41.5	22.5	59	38.5	51.5	32	51.5	51	74.5	43	22	39.5	36	44	0	25	67	66.5	41.5	71.5	60.5	43.5	44	54	6.5	75.5	71	0	62.5	62.5	36.5	24.5	10.5	56.5	56.5	44	29	84	47	59	55.5	10.5	
24	61	61	78	70	41	26	23.5	48	48.5	35.5	64	45.5	58.5	39	56.5	58	81.5	50	3	46.5	27	27	25	0	74	51.5	46.5	78.5	57.5	34.5	39	39	23.5	58.5	78	25	65.5	55.5	43.5	28.5	22.5	41.5	61.5	39	4	89	30	66	52.5	27.5	
82	29	29	4	32	49	84	81.5	46	25.5	81.5	38	32.5	15.5	61	45.5	30	23.5	32	71	33.5	75	65	67	74	0	44.5	55.5	20.5	44.5	67.5	63	57	65.5	31.5	20	67	36.5	46.5	40.5	78.5	64.5	54.5	40.5	63	78	33	58	18	49.5	69.5	
47.5	19.5	19.5	40.5	28.5	14.5	49.5	47	11.5	25	59	22.5	32	35	44.5	25	30.5	58	31.5	54.5	33	40.5	30.5	66.5	51.5	44.5	0	35	55	6	33	32.5	22.5	65	17	54.5	66.5	24	4	40	52	64	20	10	32.5	47.5	47.5	23.5	42.5	21	69	
42.5	44.5	44.5	59.5	53.5	24.5	44.5	42	31.5	30	54	47.5	27	40	35.5	40	39.5	63	31.5	45.5	28	35.5	25.5	41.5	46.5	55.5	35	0	60	41	28	27.5	22.5	40	42	59.5	41.5	49	39	25	47	39	25	45	27.5	42.5	72.5	18.5	47.5	36	44	
102.5	45.5	45.5	24.5	36.5	65.5	100.5	98	58.5	30	86	42.5	37	20	65.5	50	34.5	3	36.5	75.5	38	79.5	79.5	71.5	78.5	20.5	55	60	0	49	72	67.5	67.5	70	48	4.5	71.5	41	51	45	83	69	65	45	67.5	82.5	17.5	76.5	22.5	54	74	
53.5	25.5	25.5	46.5	34.5	20.5	55.5	53	17.5	19	65	28.5	26	29	50.5	31	28.5	52	25.5	60.5	27	46.5	36.5	60.5	57.5	44.5	6	41	49	0	39	38.5	28.5	59	23	48.5	60.5	30	2	34	58	58	26	4	38.5	53.5	53.5	29.5	36.5	27	63	
30.5	42.5	42.5	63.5	51.5	22.5	32.5	30	29.5	42	42	45.5	39	52	27.5	38	51.5	75	43.5	37.5	40	23.5	13.5	43.5	34.5	67.5	33	28	72	39	0	20.5	20.5	42	40	71.5	43.5	47	37	37	35	41	23	43	20.5	30.5	70.5	11.5	59.5	34	46	
35	42	42	63	51	22	37	34.5	29	37.5	46.5	45	34.5	47.5	32	37.5	47	70.5	39	42	35.5	28	18	44	39	63	32.5	27.5	67.5	38.5	20.5	0	20	42.5	39.5	67	44	46.5	36.5	32.5	39.5	41.5	22.5	42.5	0	35	70	9	55	33.5	46.5	
35	32	32	53	41	12	37	34.5	19	37.5	46.5	35	34.5	47.5	32	27.5	43	70.5	39	42	35.5	28	18	54	39	57	22.5	22.5	67.5	28.5	20.5	20	0	52.5	29.5	67	54	36.5	26.5	32.5	39.5	51.5	12.5	32.5	20	35	60	11	55	23.5	56.5	
32.5	80.5	80.5	69.5	71.5	60.5	30.5	28	63.5	40	16	57.5	37	50	30.5	50	49.5	73	41.5	20.5	38	34.5	44.5	6.5	23.5	65.5	65	40	70	59	42	42.5	52.5	0	78	69.5	6.5	61	61	35	23	9	55	55	42.5	27.5	82.5	51.5	57.5	54	4	
54.5	6.5	6.5	27.5	15.5	21.5	56.5	54	18.5	38	66	24.5	45	28	51.5	32	32.5	49	40.5	61.5	44	47.5	37.5	75.5	58.5	31.5	17	42	48	23	40	39.5	29.5	78	0	47.5	75.5	21	21	47	59	73	27	27	39.5	54.5	34.5	30.5	29.5	28	78	
98	45	45	24	36	65	100	97.5	58	29.5	85.5	42	36.5	19.5	65	49.5	34	7.5	36	75	37.5	79	79	71	78	20	54.5	59.5	4.5	48.5	71.5	67	67	69.5	47.5	0	71	40.5	50.5	44.5	82.5	68.5	64.5	44.5	67	82	13	74	22	53.5	73.5	
31	78	78	71	73	58	33	30.5	65	41.5	22.5	59	38.5	51.5	32	51.5	51	74.5	43	22	39.5	36	44	0	25	67	66.5	41.5	71.5	60.5	43.5	44	54	6.5	75.5	71	0	62.5	62.5	36.5	24.5	10.5	56.5	56.5	44	29	84	47	59	55.5	10.5	
61.5	23.5	23.5	40.5	32.5	28.5	63.5	61	25.5	21	73	31.5	28	21	56.5	39	25.5	44	27.5	66.5	29	54.5	44.5	62.5	65.5	36.5	24	49	41	30	47	46.5	36.5	61	21	40.5	62.5	0	28	36	66	60	34	34	46.5	61.5	51.5	37.5	28.5	35	65	
51.5	23.5	23.5	44.5	32.5	18.5	53.5	51	15.5	21	63	26.5	28	31	48.5	29	30.5	54	27.5	58.5	29	44.5	34.5	62.5	55.5	46.5	4	39	51	2	37	36.5	26.5	61	21	50.5	62.5	28	0	36	56	60	24	6	36.5	51.5	51.5	27.5	38.5	25	65	
57.5	49.5	49.5	44.5	46.5	29.5	59.5	57	36.5	15	51	32.5	12	25	30.5	25	24.5	48	16.5	40.5	13	44.5	40.5	36.5	43.5	40.5	40	25	45	34	37	32.5	32.5	35	47	44.5	36.5	36	36	0	48	34	20	30	32.5	47.5	57.5	33.5	32.5	29	39	
19.5	61.5	61.5	82.5	70.5	41.5	21.5	19	48.5	53	31	64.5	50	63	41.5	57	62.5	86	54.5	31.5	51	27.5	27.5	24.5	28.5	78.5	52	47	83	58	35	39.5	39.5	23	59	82.5	24.5	66	56	48	0	14	42	62	39.5	24.5	89.5	30.5	70.5	53	27	
33.5	75.5	75.5	68.5	70.5	55.5	35.5	33	62.5	39	25	56.5	36	49	29.5	49	48.5	72	40.5	19.5	37	33.5	41.5	10.5	22.5	64.5	64	39	69	58	41	41.5	51.5	9	73	68.5	10.5	60	60	34	14	0	54	54	41.5	26.5	81.5	44.5	56.5	53	13	
37.5	29.5	29.5	50.5	38.5	9.5	39.5	37	16.5	35	49	32.5	32	45	34.5	25	40.5	68	36.5	44.5	33	30.5	20.5	56.5	41.5	54.5	20	25	65	26	23	22.5	12.5	55	27	64.5	56.5	34	24	20	42	54	0	30	22.5	37.5	57.5	13.5	52.5	21	59	
57.5	29.5	29.5	44.5	38.5	24.5	59.5	57	21.5	15	69	32.5	22	25	50.5	35	24.5	48	21.5	60.5	23	50.5	40.5	56.5	61.5	40.5	10	45	45	4	43	42.5	32.5	55	27	44.5	56.5	34	6	30	62	54	30	0	42.5	57.5	57.5	33.5	32.5	31	59	
35	42	42	63	51	22	37	34.5	29	37.5	46.5	45	34.5	47.5	32	37.5	47	70.5	39	42	35.5	28	18	44	39	63	32.5	27.5	67.5	38.5	20.5	0	20	42.5	39.5	67	44	46.5	36.5	32.5	39.5	41.5	22.5	42.5	0	35	70	9	55	33.5	46.5	
20	57	57	78	66	37	22	19.5	44	52.5	31.5	60	49.5	62.5	37	52.5	62	85.5	54	7	50.5	23	23	29	4	78	47.5	42.5	82.5	53.5	30.5	35	35	27.5	54.5	82	29	61.5	51.5	47.5	24.5	26.5	37.5	57.5	35	0	85	26	70	48.5	31.5	
85	32	32	37	41	52	87	84.5	49	42.5	96.5	55	49.5	32.5	78	62.5	47	20.5	49	88	50.5	78	68	84	89	33	47.5	72.5	17.5	53.5	70.5	70	60	82.5	34.5	13	84	51.5	51.5	57.5	89.5	81.5	57.5	57.5	70	85	0	61	35	58.5	86.5	
26	33	33	54	42	13	28	25.5	20	46.5	37.5	36	41.5	56.5	23	28.5	44	75.5	42	33	40.5	19	9	47	30	58	23.5	18.5	76.5	29.5	11.5	9	11	51.5	30.5	74	47	37.5	27.5	33.5	30.5	44.5	13.5	33.5	9	26	61	0	56	24.5	49.5	
80	23	23	22	14	47	82	79.5	44	17.5	73.5	30	24.5	7.5	53	37.5	22	25.5	24	63	25.5	67	63	59	66	18	42.5	47.5	22.5	36.5	59.5	55	55	57.5	29.5	22	59	28.5	38.5	32.5	70.5	56.5	52.5	32.5	55	70	35	56	0	41.5	61.5	
48.5	30.5	30.5	51.5	39.5	15.5	50.5	48	17.5	24	60	33.5	17	34	45.5	4	33.5	57	25.5	55.5	16	41.5	31.5	55.5	52.5	49.5	21	36	54	27	34	33.5	23.5	54	28	53.5	55.5	35	25	29	53	53	21	31	33.5	48.5	58.5	24.5	41.5	0	58	
28.5	80.5	80.5	73.5	75.5	60.5	30.5	24	67.5	44	12	61.5	41	54	34.5	54	53.5	77	45.5	24.5	42	38.5	46.5	10.5	27.5	69.5	69	44	74	63	46	46.5	56.5	4	78	73.5	10.5	65	65	39	27	13	59	59	46.5	31.5	86.5	49.5	61.5	58	0	
