Number of items: 50
Horizon: 3
Time limit: 500
Load limit: 3000
Initial item inventory level
42
146
97
54
12
75
192
24
118
196
87
160
176
104
84
66
110
33
48
46
19
190
102
90
76
122
88
88
38
56
36
82
192
44
114
22
172
32
118
46
17
126
31
52
180
32
72
85
96
34
Maximum inventory capacity per item
84
219
194
81
24
150
288
36
177
294
174
240
264
156
168
132
165
66
72
92
38
285
153
135
152
183
132
132
76
84
72
123
288
88
171
33
258
48
177
69
34
189
62
104
270
48
108
170
144
51
Reserve storage replenishment rate per item and per period
252	0	0	
438	0	0	
582	0	0	
162	0	0	
72	0	0	
450	0	0	
576	0	0	
72	0	0	
354	0	0	
588	0	0	
522	0	0	
480	0	0	
528	0	0	
312	0	0	
504	0	0	
396	0	0	
330	0	0	
198	0	0	
144	0	0	
276	0	0	
114	0	0	
570	0	0	
306	0	0	
270	0	0	
456	0	0	
366	0	0	
264	0	0	
264	0	0	
228	0	0	
168	0	0	
216	0	0	
246	0	0	
576	0	0	
264	0	0	
342	0	0	
66	0	0	
516	0	0	
96	0	0	
354	0	0	
138	0	0	
102	0	0	
378	0	0	
186	0	0	
312	0	0	
540	0	0	
96	0	0	
216	0	0	
510	0	0	
288	0	0	
102	0	0	
Forward storage demand rate per item and per period
42	36	2	
73	74	96	
97	107	94	
27	27	17	
12	13	6	
75	108	96	
96	138	170	
12	15	19	
59	87	7	
98	119	90	
87	109	53	
80	105	74	
88	72	140	
52	62	70	
84	88	8	
66	102	79	
55	52	49	
33	34	20	
24	17	16	
46	28	32	
19	21	10	
95	174	79	
51	49	50	
45	61	53	
76	92	50	
61	84	73	
44	46	11	
44	45	55	
38	34	35	
28	25	35	
36	19	64	
41	40	2	
96	24	85	
44	46	50	
57	48	47	
11	17	12	
86	136	109	
16	24	24	
59	68	45	
23	18	31	
17	30	11	
63	76	24	
31	32	19	
52	30	53	
90	52	38	
16	31	9	
36	45	55	
85	86	89	
48	49	80	
17	13	12	
Distance matrix
0	44	90.5	17.5	19	30.5	75.5	18.5	50	69.5	79	60.5	65	15	70.5	8	26	42	38	11	48	33.5	26	33	39.5	14.5	38	30.5	71.5	55.5	53	82	68.5	46	80	36	32.5	54	101.5	79	54.5	25	42.5	47.5	42.5	48.5	44.5	48	30	22	68	
44	0	50.5	48.5	47	24.5	55.5	37.5	44	63.5	47	20.5	51	39	50.5	42	18	2	28	45	28	27.5	40	33	26.5	51.5	32	29.5	29.5	15.5	33	74	32.5	30	46	30	33.5	22	59.5	67	48.5	29	36.5	33.5	23.5	32.5	21.5	4	36	26	58	
90.5	50.5	0	77	75.5	64	19	76	44.5	35	15.5	34	29.5	79.5	24	86.5	66.5	52.5	56.5	83.5	46.5	61	68.5	61.5	55	80	56.5	64	23	39	41.5	27.5	26	48.5	14.5	58.5	62	40.5	13	20.5	40	69.5	52	47	52	46	50	46.5	64.5	72.5	26.5	
17.5	48.5	77	0	31.5	43	82	31	62.5	82	73.5	47	77.5	27.5	77	20.5	38.5	50.5	34.5	23.5	54.5	46	38.5	45.5	28	3	50.5	43	56	42	59.5	94.5	59	56.5	72.5	36.5	45	48.5	86	91.5	67	37.5	55	60	45	59	43	44.5	42.5	34.5	80.5	
19	47	75.5	31.5	0	39.5	80.5	27.5	59	78.5	72	45.5	74	24	75.5	11	35	49	33	8	53	42.5	35	42	26.5	28.5	47	39.5	54.5	40.5	58	91	57.5	55	71	35	41.5	47	84.5	88	63.5	34	51.5	56.5	43.5	57.5	41.5	43	39	31	77	
30.5	24.5	64	43	39.5	0	51	24	25.5	45	54.5	34	40.5	25.5	46	28.5	6.5	22.5	38.5	31.5	23.5	3	26.5	23.5	45	40	13.5	16	43	25	28.5	57.5	44	21.5	55.5	36.5	28	29.5	73	54.5	30	15.5	18	23	28	24	30	28.5	30.5	12.5	43.5	
75.5	55.5	19	82	80.5	51	0	69	35.5	30	20.5	39	34.5	70.5	29	73.5	51.5	57.5	61.5	76.5	51.5	54	71.5	66.5	60	85	53.5	61	28	44	46.5	42.5	31	53.5	19.5	63.5	67	45.5	28	35.5	35	60.5	53	52	57	51	55	51.5	69.5	57.5	31.5	
18.5	37.5	76	31	27.5	24	69	0	43.5	63	72.5	46	58.5	13.5	64	16.5	19.5	35.5	31.5	19.5	41.5	27	19.5	26.5	21	28	31.5	24	55	41	46.5	75.5	58	39.5	71.5	29.5	26	47.5	85	72.5	48	18.5	36	41	36	42	38	41.5	23.5	15.5	61.5	
50	44	44.5	62.5	59	25.5	35.5	43.5	0	29.5	39	39.5	25	45	30.5	48	26	42	58	51	38	28.5	46	43	60.5	59.5	28	35.5	28.5	44.5	33	42	31.5	36	40	56	47.5	44	53.5	39	14.5	35	27.5	32.5	47.5	33.5	49.5	48	50	32	28	
69.5	63.5	35	82	78.5	45	30	63	29.5	0	38.5	65	34.5	64.5	35	67.5	45.5	61.5	77.5	70.5	57.5	48	65.5	62.5	84	79	47.5	55	54	70	52.5	16.5	53	55.5	39.5	75.5	67	63.5	34	18.5	29	54.5	47	52	67	53	69	67.5	69.5	51.5	27.5	
79	47	15.5	73.5	72	54.5	20.5	72.5	39	38.5	0	30.5	26	74	20.5	77	55	49	53	80	43	57.5	65	58	51.5	76.5	53	60.5	19.5	35.5	38	39	22.5	45	1	55	58.5	37	24.5	32	36.5	64	48.5	43.5	48.5	42.5	46.5	43	61	61	11	
60.5	20.5	34	47	45.5	34	39	46	39.5	65	30.5	0	34.5	49.5	34	56.5	36.5	22.5	26.5	53.5	16.5	31	38.5	31.5	25	50	26.5	34	13	9	16.5	57.5	16	18.5	29.5	28.5	32	10.5	43	50.5	40	39.5	18	13	22	12	20	16.5	34.5	42.5	41.5	
65	51	29.5	77.5	74	40.5	34.5	58.5	25	34.5	26	34.5	0	60	29.5	63	41	53	57	66	47	43.5	61	58	55.5	74.5	43	50.5	23.5	39.5	42	47	26.5	49	25	59	62.5	41	38.5	44	24.5	50	42.5	47.5	52.5	46.5	50.5	47	65	47	33	
15	39	79.5	27.5	24	25.5	70.5	13.5	45	64.5	74	49.5	60	0	65.5	13	21	37	33	16	43	28.5	21	28	30.5	24.5	33	25.5	58.5	44.5	48	77	61.5	41	75	31	27.5	49	88.5	74	49.5	20	37.5	42.5	37.5	43.5	39.5	43	25	17	63	
70.5	50.5	24	77	75.5	46	29	64	30.5	35	20.5	34	29.5	65.5	0	68.5	46.5	52.5	56.5	71.5	46.5	49	66.5	61.5	55	80	48.5	56	23	39	41.5	47.5	26	48.5	19.5	58.5	62	40.5	33	40.5	30	55.5	48	47	52	46	50	46.5	64.5	52.5	31.5	
8	42	86.5	20.5	11	28.5	73.5	16.5	48	67.5	77	56.5	63	13	68.5	0	24	40	36	3	46	31.5	24	31	37.5	17.5	36	28.5	65.5	51.5	51	80	66.5	44	78	34	30.5	52	95.5	77	52.5	23	40.5	45.5	40.5	46.5	42.5	46	28	20	66	
26	18	66.5	38.5	35	6.5	51.5	19.5	26	45.5	55	36.5	41	21	46.5	24	0	16	34	27	24	9.5	22	19	40.5	35.5	14	11.5	47.5	31.5	29	58	44.5	22	56	32	23.5	30	77.5	55	30.5	11	18.5	23.5	23.5	24.5	25.5	22	26	8	44	
42	2	52.5	50.5	49	22.5	57.5	35.5	42	61.5	49	22.5	53	37	52.5	40	16	0	30	43	30	25.5	38	35	28.5	51.5	30	27.5	31.5	17.5	35	74	34.5	32	48	32	35.5	24	61.5	69	46.5	27	34.5	35.5	25.5	34.5	23.5	6	38	24	60	
38	28	56.5	34.5	33	38.5	61.5	31.5	58	77.5	53	26.5	57	33	56.5	36	34	30	0	39	34	41.5	12	29	12.5	37.5	44	36.5	35.5	21.5	39	80	38.5	36	52	2	24.5	28	65.5	73	62.5	33	44.5	39.5	24.5	38.5	22.5	24	8	30	64	
11	45	83.5	23.5	8	31.5	76.5	19.5	51	70.5	80	53.5	66	16	71.5	3	27	43	39	0	49	34.5	27	34	34.5	20.5	39	31.5	62.5	48.5	54	83	65.5	47	79	37	33.5	55	92.5	80	55.5	26	43.5	48.5	43.5	49.5	45.5	49	31	23	69	
48	28	46.5	54.5	53	23.5	51.5	41.5	38	57.5	43	16.5	47	43	46.5	46	24	30	34	49	0	26.5	44	39	32.5	57.5	10	33.5	25.5	16.5	29	70	28.5	2	42	36	39.5	6	55.5	63	42.5	33	30.5	29.5	29.5	28.5	27.5	24	42	30	54	
33.5	27.5	61	46	42.5	3	54	27	28.5	48	57.5	31	43.5	28.5	49	31.5	9.5	25.5	41.5	34.5	26.5	0	29.5	26.5	42	43	16.5	19	40	22	31.5	60.5	43	24.5	56.5	39.5	31	32.5	70	57.5	33	18.5	21	26	31	27	33	31.5	33.5	15.5	46.5	
26	40	68.5	38.5	35	26.5	71.5	19.5	46	65.5	65	38.5	61	21	66.5	24	22	38	12	27	44	29.5	0	29	24.5	35.5	34	26.5	47.5	33.5	49	78	50.5	42	64	10	28.5	40	77.5	75	50.5	21	38.5	43.5	36.5	44.5	34.5	36	4	18	64	
33	33	61.5	45.5	42	23.5	66.5	26.5	43	62.5	58	31.5	58	28	61.5	31	19	35	29	34	39	26.5	29	0	27.5	42.5	31	23.5	40.5	26.5	44	75	43.5	39	57	31	30.5	33	70.5	72	47.5	8	35.5	40.5	29.5	41.5	27.5	29	33	11	61	
39.5	26.5	55	28	26.5	45	60	21	60.5	84	51.5	25	55.5	30.5	55	37.5	40.5	28.5	12.5	34.5	32.5	42	24.5	27.5	0	31	42.5	35	34	20	37.5	78.5	37	34.5	50.5	14.5	23	26.5	64	71.5	61	35.5	43	38	23	37	21	22.5	20.5	36.5	62.5	
14.5	51.5	80	3	28.5	40	85	28	59.5	79	76.5	50	74.5	24.5	80	17.5	35.5	51.5	37.5	20.5	57.5	43	35.5	42.5	31	0	47.5	40	59	45	62.5	91.5	62	55.5	75.5	39.5	42	51.5	89	88.5	64	34.5	52	57	48	58	46	47.5	39.5	31.5	77.5	
38	32	56.5	50.5	47	13.5	53.5	31.5	28	47.5	53	26.5	43	33	48.5	36	14	30	44	39	10	16.5	34	31	42.5	47.5	0	23.5	35.5	26.5	31	60	38.5	8	52	44	35.5	16	65.5	57	32.5	23	20.5	25.5	35.5	26.5	37.5	34	38	20	46	
30.5	29.5	64	43	39.5	16	61	24	35.5	55	60.5	34	50.5	25.5	56	28.5	11.5	27.5	36.5	31.5	33.5	19	26.5	23.5	35	40	23.5	0	43	29	38.5	67.5	46	31.5	59.5	36.5	28	35.5	73	64.5	40	15.5	28	33	12	34	14	31.5	30.5	12.5	53.5	
71.5	29.5	23	56	54.5	43	28	55	28.5	54	19.5	13	23.5	58.5	23	65.5	47.5	31.5	35.5	62.5	25.5	40	47.5	40.5	34	59	35.5	43	0	18	20.5	46.5	3	27.5	18.5	37.5	41	19.5	32	39.5	29	48.5	31	26	31	25	29	25.5	43.5	51.5	30.5	
55.5	15.5	39	42	40.5	25	44	41	44.5	70	35.5	9	39.5	44.5	39	51.5	31.5	17.5	21.5	48.5	16.5	22	33.5	26.5	20	45	26.5	29	18	0	21.5	62.5	21	18.5	34.5	23.5	27	10.5	48	55.5	45	34.5	27	22	17	21	15	11.5	29.5	37.5	46.5	
53	33	41.5	59.5	58	28.5	46.5	46.5	33	52.5	38	16.5	42	48	41.5	51	29	35	39	54	29	31.5	49	44	37.5	62.5	31	38.5	20.5	21.5	0	65	23.5	31	37	41	44.5	23	50.5	58	37.5	38	30.5	29.5	34.5	28.5	32.5	29	47	35	49	
82	74	27.5	94.5	91	57.5	42.5	75.5	42	16.5	39	57.5	47	77	47.5	80	58	74	80	83	70	60.5	78	75	78.5	91.5	60	67.5	46.5	62.5	65	0	49.5	68	38	82	79.5	64	21.5	31	41.5	67	59.5	64.5	75.5	65.5	73.5	70	82	64	40	
68.5	32.5	26	59	57.5	44	31	58	31.5	53	22.5	16	26.5	61.5	26	66.5	44.5	34.5	38.5	65.5	28.5	43	50.5	43.5	37	62	38.5	46	3	21	23.5	49.5	0	30.5	21.5	40.5	44	22.5	35	42.5	32	51.5	34	29	34	28	32	28.5	46.5	50.5	33.5	
46	30	48.5	56.5	55	21.5	53.5	39.5	36	55.5	45	18.5	49	41	48.5	44	22	32	36	47	2	24.5	42	39	34.5	55.5	8	31.5	27.5	18.5	31	68	30.5	0	44	38	41.5	8	57.5	65	40.5	31	28.5	31.5	31.5	30.5	29.5	26	44	28	54	
80	46	14.5	72.5	71	55.5	19.5	71.5	40	39.5	1	29.5	25	75	19.5	78	56	48	52	79	42	56.5	64	57	50.5	75.5	52	59.5	18.5	34.5	37	38	21.5	44	0	54	57.5	36	23.5	31	35.5	65	47.5	42.5	47.5	41.5	45.5	42	60	62	12	
36	30	58.5	36.5	35	36.5	63.5	29.5	56	75.5	55	28.5	59	31	58.5	34	32	32	2	37	36	39.5	10	31	14.5	39.5	44	36.5	37.5	23.5	41	82	40.5	38	54	0	26.5	30	67.5	75	60.5	31	46.5	41.5	26.5	40.5	24.5	26	6	28	66	
32.5	33.5	62	45	41.5	28	67	26	47.5	67	58.5	32	62.5	27.5	62	30.5	23.5	35.5	24.5	33.5	39.5	31	28.5	30.5	23	42	35.5	28	41	27	44.5	79.5	44	41.5	57.5	26.5	0	33.5	71	76.5	52	22.5	40	45	30	44	28	29.5	32.5	19.5	65.5	
54	22	40.5	48.5	47	29.5	45.5	47.5	44	63.5	37	10.5	41	49	40.5	52	30	24	28	55	6	32.5	40	33	26.5	51.5	16	35.5	19.5	10.5	23	64	22.5	8	36	30	33.5	0	49.5	57	46.5	39	28.5	23.5	23.5	22.5	21.5	18	36	36	48	
101.5	59.5	13	86	84.5	73	28	85	53.5	34	24.5	43	38.5	88.5	33	95.5	77.5	61.5	65.5	92.5	55.5	70	77.5	70.5	64	89	65.5	73	32	48	50.5	21.5	35	57.5	23.5	67.5	71	49.5	0	24.5	49	78.5	61	56	61	55	59	55.5	73.5	81.5	35.5	
79	67	20.5	91.5	88	54.5	35.5	72.5	39	18.5	32	50.5	44	74	40.5	77	55	69	73	80	63	57.5	75	72	71.5	88.5	57	64.5	39.5	55.5	58	31	42.5	65	31	75	76.5	57	24.5	0	38.5	64	56.5	61.5	68.5	62.5	66.5	63	79	61	37	
54.5	48.5	40	67	63.5	30	35	48	14.5	29	36.5	40	24.5	49.5	30	52.5	30.5	46.5	62.5	55.5	42.5	33	50.5	47.5	61	64	32.5	40	29	45	37.5	41.5	32	40.5	35.5	60.5	52	46.5	49	38.5	0	39.5	32	37	52	38	54	52.5	54.5	36.5	27.5	
25	29	69.5	37.5	34	15.5	60.5	18.5	35	54.5	64	39.5	50	20	55.5	23	11	27	33	26	33	18.5	21	8	35.5	34.5	23	15.5	48.5	34.5	38	67	51.5	31	65	31	22.5	39	78.5	64	39.5	0	27.5	32.5	27.5	33.5	29.5	33	25	3	53	
42.5	36.5	52	55	51.5	18	53	36	27.5	47	48.5	18	42.5	37.5	48	40.5	18.5	34.5	44.5	43.5	30.5	21	38.5	35.5	43	52	20.5	28	31	27	30.5	59.5	34	28.5	47.5	46.5	40	28.5	61	56.5	32	27.5	0	5	40	6	38	34.5	42.5	24.5	45.5	
47.5	33.5	47	60	56.5	23	52	41	32.5	52	43.5	13	47.5	42.5	47	45.5	23.5	35.5	39.5	48.5	29.5	26	43.5	40.5	38	57	25.5	33	26	22	29.5	64.5	29	31.5	42.5	41.5	45	23.5	56	61.5	37	32.5	5	0	35	1	33	29.5	47.5	29.5	50.5	
42.5	23.5	52	45	43.5	28	57	36	47.5	67	48.5	22	52.5	37.5	52	40.5	23.5	25.5	24.5	43.5	29.5	31	36.5	29.5	23	48	35.5	12	31	17	34.5	75.5	34	31.5	47.5	26.5	30	23.5	61	68.5	52	27.5	40	35	0	34	2	19.5	32.5	24.5	59.5	
48.5	32.5	46	59	57.5	24	51	42	33.5	53	42.5	12	46.5	43.5	46	46.5	24.5	34.5	38.5	49.5	28.5	27	44.5	41.5	37	58	26.5	34	25	21	28.5	65.5	28	30.5	41.5	40.5	44	22.5	55	62.5	38	33.5	6	1	34	0	32	28.5	46.5	30.5	51.5	
44.5	21.5	50	43	41.5	30	55	38	49.5	69	46.5	20	50.5	39.5	50	42.5	25.5	23.5	22.5	45.5	27.5	33	34.5	27.5	21	46	37.5	14	29	15	32.5	73.5	32	29.5	45.5	24.5	28	21.5	59	66.5	54	29.5	38	33	2	32	0	17.5	30.5	26.5	57.5	
48	4	46.5	44.5	43	28.5	51.5	41.5	48	67.5	43	16.5	47	43	46.5	46	22	6	24	49	24	31.5	36	29	22.5	47.5	34	31.5	25.5	11.5	29	70	28.5	26	42	26	29.5	18	55.5	63	52.5	33	34.5	29.5	19.5	28.5	17.5	0	32	30	54	
30	36	64.5	42.5	39	30.5	69.5	23.5	50	69.5	61	34.5	65	25	64.5	28	26	38	8	31	42	33.5	4	33	20.5	39.5	38	30.5	43.5	29.5	47	82	46.5	44	60	6	32.5	36	73.5	79	54.5	25	42.5	47.5	32.5	46.5	30.5	32	0	22	68	
22	26	72.5	34.5	31	12.5	57.5	15.5	32	51.5	61	42.5	47	17	52.5	20	8	24	30	23	30	15.5	18	11	36.5	31.5	20	12.5	51.5	37.5	35	64	50.5	28	62	28	19.5	36	81.5	61	36.5	3	24.5	29.5	24.5	30.5	26.5	30	22	0	50	
68	58	26.5	80.5	77	43.5	31.5	61.5	28	27.5	11	41.5	33	63	31.5	66	44	60	64	69	54	46.5	64	61	62.5	77.5	46	53.5	30.5	46.5	49	40	33.5	54	12	66	65.5	48	35.5	37	27.5	53	45.5	50.5	59.5	51.5	57.5	54	68	50	0	
