Number of items: 50
Horizon: 12
Time limit: 500
Load limit: 3000
Initial item inventory level
240
26
87
40
70
189
94
60
178
57
92
58
34
219
14
48
213
97
83
51
178
34
61
252
154
33
78
22
94
75
90
243
162
73
38
32
92
148
279
135
31
39
47
282
23
168
136
108
40
44
Maximum inventory capacity per item
320
52
174
80
105
252
188
80
267
76
184
87
51
292
28
72
284
194
166
102
267
51
122
336
231
66
156
44
188
150
135
324
216
146
76
48
138
222
372
180
62
52
94
376
46
224
204
144
80
66
Reserve storage replenishment rate per item and per period
480	0	0	480	0	0	480	0	0	480	0	0	
156	0	0	156	0	0	156	0	0	156	0	0	
522	0	0	522	0	0	522	0	0	522	0	0	
240	0	0	240	0	0	240	0	0	240	0	0	
210	0	0	210	0	0	210	0	0	210	0	0	
378	0	0	378	0	0	378	0	0	378	0	0	
564	0	0	564	0	0	564	0	0	564	0	0	
120	0	0	120	0	0	120	0	0	120	0	0	
534	0	0	534	0	0	534	0	0	534	0	0	
114	0	0	114	0	0	114	0	0	114	0	0	
552	0	0	552	0	0	552	0	0	552	0	0	
174	0	0	174	0	0	174	0	0	174	0	0	
102	0	0	102	0	0	102	0	0	102	0	0	
438	0	0	438	0	0	438	0	0	438	0	0	
84	0	0	84	0	0	84	0	0	84	0	0	
144	0	0	144	0	0	144	0	0	144	0	0	
426	0	0	426	0	0	426	0	0	426	0	0	
582	0	0	582	0	0	582	0	0	582	0	0	
498	0	0	498	0	0	498	0	0	498	0	0	
306	0	0	306	0	0	306	0	0	306	0	0	
534	0	0	534	0	0	534	0	0	534	0	0	
102	0	0	102	0	0	102	0	0	102	0	0	
366	0	0	366	0	0	366	0	0	366	0	0	
504	0	0	504	0	0	504	0	0	504	0	0	
462	0	0	462	0	0	462	0	0	462	0	0	
198	0	0	198	0	0	198	0	0	198	0	0	
468	0	0	468	0	0	468	0	0	468	0	0	
132	0	0	132	0	0	132	0	0	132	0	0	
564	0	0	564	0	0	564	0	0	564	0	0	
450	0	0	450	0	0	450	0	0	450	0	0	
270	0	0	270	0	0	270	0	0	270	0	0	
486	0	0	486	0	0	486	0	0	486	0	0	
324	0	0	324	0	0	324	0	0	324	0	0	
438	0	0	438	0	0	438	0	0	438	0	0	
228	0	0	228	0	0	228	0	0	228	0	0	
96	0	0	96	0	0	96	0	0	96	0	0	
276	0	0	276	0	0	276	0	0	276	0	0	
444	0	0	444	0	0	444	0	0	444	0	0	
558	0	0	558	0	0	558	0	0	558	0	0	
270	0	0	270	0	0	270	0	0	270	0	0	
186	0	0	186	0	0	186	0	0	186	0	0	
78	0	0	78	0	0	78	0	0	78	0	0	
282	0	0	282	0	0	282	0	0	282	0	0	
564	0	0	564	0	0	564	0	0	564	0	0	
138	0	0	138	0	0	138	0	0	138	0	0	
336	0	0	336	0	0	336	0	0	336	0	0	
408	0	0	408	0	0	408	0	0	408	0	0	
216	0	0	216	0	0	216	0	0	216	0	0	
240	0	0	240	0	0	240	0	0	240	0	0	
132	0	0	132	0	0	132	0	0	132	0	0	
Forward storage demand rate per item and per period
80	40	136	106	92	94	29	90	40	41	92	51	
26	36	40	43	16	5	17	23	33	27	36	26	
87	129	127	102	107	58	92	65	103	69	74	61	
40	54	43	10	16	16	44	24	72	40	38	34	
35	21	28	47	28	19	52	38	6	22	51	27	
63	29	84	67	40	98	24	56	19	98	71	93	
94	26	57	70	83	94	164	39	159	123	134	173	
20	21	20	17	24	37	26	32	28	17	11	28	
89	36	104	121	119	68	159	42	81	76	93	170	
19	15	30	31	19	18	23	20	3	11	6	19	
92	148	108	120	74	101	108	115	12	125	27	55	
29	25	34	22	14	24	21	13	33	40	17	23	
17	18	26	22	16	13	21	18	24	13	13	4	
73	56	57	70	81	81	93	58	89	80	92	85	
14	5	20	9	18	15	19	8	8	8	13	14	
24	46	35	23	17	7	15	6	26	20	3	29	
71	10	62	53	22	4	60	95	97	83	99	92	
97	90	151	6	111	84	175	51	87	119	161	76	
83	79	125	97	50	40	113	85	38	111	86	70	
51	46	65	68	51	42	81	57	26	91	49	60	
89	103	134	79	62	124	105	16	124	100	75	132	
17	13	2	3	20	22	22	16	18	11	15	5	
61	97	58	98	49	48	78	56	51	26	70	52	
84	58	78	99	100	115	102	96	58	91	59	98	
77	66	56	71	89	86	65	144	67	50	116	146	
33	39	25	48	16	56	43	23	21	30	38	48	
78	30	44	107	58	72	103	40	27	16	136	85	
22	36	13	22	16	13	18	12	36	27	33	6	
94	74	121	92	44	69	89	45	116	97	52	66	
75	67	66	24	138	61	22	87	36	57	57	72	
45	17	61	74	56	71	30	8	60	46	49	31	
81	65	118	127	26	118	83	83	140	74	121	140	
54	23	48	51	61	61	72	87	29	86	81	22	
73	62	98	69	56	44	53	53	64	95	98	74	
38	50	45	51	8	23	41	48	49	37	47	69	
16	8	16	15	4	16	26	28	16	13	28	21	
46	51	72	71	31	38	66	33	31	43	44	22	
74	73	111	78	58	53	70	49	14	59	87	27	
93	68	85	85	71	16	172	97	66	125	110	103	
45	63	44	25	48	33	51	16	59	46	25	39	
31	48	18	48	30	47	31	45	24	45	30	39	
13	13	14	13	20	12	5	6	14	9	20	13	
47	14	44	85	65	22	41	77	58	53	48	42	
94	97	71	64	56	8	93	65	32	134	87	106	
23	22	24	14	14	22	16	35	28	23	27	21	
56	24	25	75	41	12	65	75	20	32	64	44	
68	55	95	53	61	63	38	95	60	82	73	50	
36	39	41	13	37	49	54	24	28	6	34	33	
40	39	14	28	44	31	31	47	76	24	47	47	
22	18	21	31	32	14	23	34	23	24	16	13	
Distance matrix
0	85.5	70	9.5	63	36.5	38	20	48	65	80.5	69.5	95	91	38	34.5	90	67	85	47	43	23.5	84.5	14.5	75.5	43	27	31.5	37.5	84	71.5	91.5	80	41	69	26	29	59.5	27	74.5	83	83.5	33	57	38.5	51.5	4	18	56.5	21.5	65.5	
85.5	0	19.5	80	26.5	53	51.5	69.5	41.5	24.5	39	20	19.5	23.5	51.5	55	14.5	27.5	9.5	42.5	46.5	66	15	75	14	46.5	62.5	58	52	30.5	38	18	34.5	48.5	25.5	63.5	60.5	30	62.5	35	6.5	16	56.5	32.5	51	38	85.5	71.5	33	68	20	
70	19.5	0	74.5	27	53.5	52	70	42	25	50.5	20.5	35	39	48	55.5	30	37	25	43	47	66.5	30.5	59.5	19.5	47	63	58.5	52.5	46	41.5	33.5	50	49	39	64	49	29.5	63	44.5	17	31.5	57	13	51.5	38.5	74	68	33.5	68.5	35.5	
9.5	80	74.5	0	57.5	29	32.5	24.5	52.5	55.5	85	74	95.5	95.5	42.5	31	90.5	71.5	85.5	51.5	47.5	14	89	19	80	37.5	31.5	34	28	88.5	76	94	84.5	45.5	73.5	30.5	33.5	64	31.5	79	77.5	88	27.5	61.5	43	56	13.5	22.5	59	12	70	
63	26.5	27	57.5	0	30.5	29	47	19	2	61.5	22.5	42	46	29	32.5	37	50	32	20	24	43.5	37.5	52.5	26.5	24	40	35.5	29.5	53	60.5	40.5	57	26	48	41	38	42.5	40	57.5	24	38.5	34	40	28.5	20.5	63	49	10.5	45.5	46.5	
36.5	53	53.5	29	30.5	0	5.5	23.5	25.5	28.5	88	49	68.5	72.5	45.5	2	63.5	76.5	58.5	36.5	40.5	15	64	34	53	10.5	16.5	5	1	79.5	87	67	83.5	42.5	74.5	17.5	44.5	69	11.5	84	50.5	65	5.5	66.5	30	47	34.5	25.5	32	17	73	
38	51.5	52	32.5	29	5.5	0	18	24	27	86.5	47.5	67	71	44	7.5	62	75	57	35	39	18.5	62.5	32.5	51.5	9	11	10.5	4.5	78	85.5	65.5	82	41	73	12	43	67.5	15	82.5	49	63.5	9	65	28.5	45.5	38	20	30.5	20.5	71.5	
20	69.5	70	24.5	47	23.5	18	0	42	45	80.5	65.5	85	89	38	25.5	80	67	75	47	43	36.5	80.5	14.5	69.5	27	7	28.5	22.5	84	71.5	83.5	80	41	69	6	29	59.5	33	74.5	67	81.5	27	57	38.5	51.5	24	2	48.5	36.5	65.5	
48	41.5	42	52.5	19	25.5	24	42	0	17	76.5	37.5	57	61	34	27.5	52	65	47	25	29	38.5	52.5	37.5	41.5	19	35	30.5	24.5	68	69.5	55.5	72	31	63	36	19	57.5	35	72.5	39	53.5	29	55	23.5	35.5	52	44	20.5	40.5	61.5	
65	24.5	25	55.5	2	28.5	27	45	17	0	59.5	20.5	40	44	27	30.5	35	48	30	18	22	41.5	35.5	50.5	24.5	22	38	33.5	27.5	51	58.5	38.5	55	24	46	39	36	40.5	38	55.5	22	36.5	32	38	26.5	18.5	61	47	8.5	43.5	44.5	
80.5	39	50.5	85	61.5	88	86.5	80.5	76.5	59.5	0	55	29.5	31.5	58.5	90	34.5	27.5	39.5	67.5	63.5	99	40	70	49	81.5	87.5	93	87	24.5	17	33	20.5	61.5	29.5	86.5	59.5	35	97.5	20	41.5	39	91.5	37.5	74	57	84.5	78.5	68	97	31	
69.5	20	20.5	74	22.5	49	47.5	65.5	37.5	20.5	55	0	35.5	39.5	47.5	51	30.5	41.5	25.5	38.5	42.5	62	31	59	20	42.5	58.5	54	48	46.5	46	34	50.5	44.5	41.5	59.5	48.5	34	58.5	49	17.5	32	52.5	31.5	47	34	73.5	67.5	29	64	40	
95	19.5	35	95.5	42	68.5	67	85	57	40	29.5	35.5	0	4	67	70.5	15	38	20	58	62	81.5	20.5	84.5	29.5	62	78	73.5	67.5	11	31.5	13.5	15	64	36	79	74	45.5	78	30.5	22	21.5	72	48	66.5	53.5	99	87	48.5	83.5	39.5	
91	23.5	39	95.5	46	72.5	71	89	61	44	31.5	39.5	4	0	69	74.5	19	38	24	62	66	85.5	24.5	80.5	33.5	66	82	77.5	71.5	7	27.5	17.5	11	68	40	83	70	45.5	82	30.5	26	25.5	76	48	70.5	57.5	95	89	52.5	87.5	41.5	
38	51.5	48	42.5	29	45.5	44	38	34	27	58.5	47.5	67	69	0	47.5	62	45	57	9	5	56.5	62.5	27.5	51.5	39	45	50.5	44.5	62	49.5	65.5	58	3	47	44	17	37.5	55	52.5	49	61.5	49	35	31.5	29.5	42	36	30.5	54.5	43.5	
34.5	55	55.5	31	32.5	2	7.5	25.5	27.5	30.5	90	51	70.5	74.5	47.5	0	65.5	78.5	60.5	38.5	42.5	17	66	34	55	12.5	18.5	3	3	81.5	89	69	85.5	44.5	76.5	19.5	46.5	71	13.5	86	52.5	67	7.5	68.5	32	49	36.5	27.5	34	19	75	
90	14.5	30	90.5	37	63.5	62	80	52	35	34.5	30.5	15	19	62	65.5	0	33	15	53	57	76.5	15.5	79.5	24.5	57	73	68.5	62.5	26	31.5	13.5	30	59	31	74	69	40.5	73	30.5	17	16.5	67	43	61.5	48.5	94	82	43.5	78.5	34.5	
67	27.5	37	71.5	50	76.5	75	67	65	48	27.5	41.5	38	38	45	78.5	33	0	18	54	50	85.5	31.5	56.5	37.5	70	74	81.5	75.5	31	18.5	36.5	27	48	2	73	46	21.5	84	21.5	30	30.5	80	24	60.5	43.5	71	65	56.5	83.5	17.5	
85	9.5	25	85.5	32	58.5	57	75	47	30	39.5	25.5	20	24	57	60.5	15	18	0	48	52	71.5	15.5	74.5	19.5	52	68	63.5	57.5	31	36.5	18.5	35	54	16	69	64	35.5	68	35.5	12	16.5	62	38	56.5	43.5	89	77	38.5	73.5	29.5	
47	42.5	43	51.5	20	36.5	35	47	25	18	67.5	38.5	58	62	9	38.5	53	54	48	0	4	49.5	53.5	36.5	42.5	30	46	41.5	35.5	69	58.5	56.5	67	6	56	47	26	46.5	46	61.5	40	54.5	40	44	34.5	36.5	51	45	21.5	51.5	52.5	
43	46.5	47	47.5	24	40.5	39	43	29	22	63.5	42.5	62	66	5	42.5	57	50	52	4	0	53.5	57.5	32.5	46.5	34	50	45.5	39.5	67	54.5	60.5	63	2	52	49	22	42.5	50	57.5	44	58.5	44	40	36.5	34.5	47	41	25.5	55.5	48.5	
23.5	66	66.5	14	43.5	15	18.5	36.5	38.5	41.5	99	62	81.5	85.5	56.5	17	76.5	85.5	71.5	49.5	53.5	0	77	33	66	23.5	29.5	20	14	92.5	90	80	96.5	55.5	87.5	30.5	47.5	78	19.5	93	63.5	78	13.5	75.5	43	60	27.5	36.5	45	2	84	
84.5	15	30.5	89	37.5	64	62.5	80.5	52.5	35.5	40	31	20.5	24.5	62.5	66	15.5	31.5	15.5	53.5	57.5	77	0	74	25	57.5	73.5	69	63	31.5	31	19	35.5	59.5	31.5	74.5	63.5	39	73.5	34	17.5	1	67.5	41.5	62	49	88.5	82.5	44	79	35	
14.5	75	59.5	19	52.5	34	32.5	14.5	37.5	50.5	70	59	84.5	80.5	27.5	34	79.5	56.5	74.5	36.5	32.5	33	74	0	65	32.5	21.5	31	33	73.5	61	81	69.5	30.5	58.5	20.5	18.5	49	31.5	64	72.5	73	37.5	46.5	28	41	18.5	12.5	46	31	55	
75.5	14	19.5	80	26.5	53	51.5	69.5	41.5	24.5	49	20	29.5	33.5	51.5	55	24.5	37.5	19.5	42.5	46.5	66	25	65	0	46.5	62.5	58	52	40.5	42	28	44.5	48.5	35.5	63.5	54.5	16	62.5	45	11.5	26	56.5	32.5	51	38	79.5	71.5	33	68	34	
43	46.5	47	37.5	24	10.5	9	27	19	22	81.5	42.5	62	66	39	12.5	57	70	52	30	34	23.5	57.5	32.5	46.5	0	20	15.5	9.5	73	80.5	60.5	77	36	68	21	38	62.5	20	77.5	44	58.5	14	60	23.5	40.5	43	29	25.5	25.5	66.5	
27	62.5	63	31.5	40	16.5	11	7	35	38	87.5	58.5	78	82	45	18.5	73	74	68	46	50	29.5	73.5	21.5	62.5	20	0	21.5	15.5	89	78.5	76.5	87	48	76	1	36	66.5	26	81.5	60	74.5	20	64	39.5	56.5	31	9	41.5	31.5	72.5	
31.5	58	58.5	34	35.5	5	10.5	28.5	30.5	33.5	93	54	73.5	77.5	50.5	3	68.5	81.5	63.5	41.5	45.5	20	69	31	58	15.5	21.5	0	6	84.5	88	72	88.5	47.5	79.5	22.5	45.5	74	16.5	89	55.5	70	10.5	71.5	35	52	35.5	30.5	37	22	78	
37.5	52	52.5	28	29.5	1	4.5	22.5	24.5	27.5	87	48	67.5	71.5	44.5	3	62.5	75.5	57.5	35.5	39.5	14	63	33	52	9.5	15.5	6	0	78.5	86	66	82.5	41.5	73.5	16.5	43.5	68	10.5	83	49.5	64	4.5	65.5	29	46	33.5	24.5	31	16	72	
84	30.5	46	88.5	53	79.5	78	84	68	51	24.5	46.5	11	7	62	81.5	26	31	31	69	67	92.5	31.5	73.5	40.5	73	89	84.5	78.5	0	20.5	24.5	4	65	33	90	63	38.5	89	23.5	33	32.5	83	41	77.5	60.5	88	82	59.5	94.5	34.5	
71.5	38	41.5	76	60.5	87	85.5	71.5	69.5	58.5	17	46	31.5	27.5	49.5	89	31.5	18.5	36.5	58.5	54.5	90	31	61	42	80.5	78.5	88	86	20.5	0	20	16.5	52.5	20.5	77.5	50.5	26	88.5	3	40.5	30	90.5	28.5	65	48	75.5	69.5	63	88	22	
91.5	18	33.5	94	40.5	67	65.5	83.5	55.5	38.5	33	34	13.5	17.5	65.5	69	13.5	36.5	18.5	56.5	60.5	80	19	81	28	60.5	76.5	72	66	24.5	20	0	28.5	62.5	34.5	77.5	70.5	44	76.5	17	20.5	20	70.5	46.5	65	52	95.5	85.5	47	82	38	
80	34.5	50	84.5	57	83.5	82	80	72	55	20.5	50.5	15	11	58	85.5	30	27	35	67	63	96.5	35.5	69.5	44.5	77	87	88.5	82.5	4	16.5	28.5	0	61	29	86	59	34.5	93	19.5	37	36.5	87	37	73.5	56.5	84	78	63.5	96.5	30.5	
41	48.5	49	45.5	26	42.5	41	41	31	24	61.5	44.5	64	68	3	44.5	59	48	54	6	2	55.5	59.5	30.5	48.5	36	48	47.5	41.5	65	52.5	62.5	61	0	50	47	20	40.5	52	55.5	46	60.5	46	38	34.5	32.5	45	39	27.5	57.5	46.5	
69	25.5	39	73.5	48	74.5	73	69	63	46	29.5	41.5	36	40	47	76.5	31	2	16	56	52	87.5	31.5	58.5	35.5	68	76	79.5	73.5	33	20.5	34.5	29	50	0	75	48	23.5	84	23.5	28	32.5	78	26	62.5	45.5	73	67	54.5	85.5	19.5	
26	63.5	64	30.5	41	17.5	12	6	36	39	86.5	59.5	79	83	44	19.5	74	73	69	47	49	30.5	74.5	20.5	63.5	21	1	22.5	16.5	90	77.5	77.5	86	47	75	0	35	65.5	27	80.5	61	75.5	21	63	40.5	57.5	30	8	42.5	32.5	71.5	
29	60.5	49	33.5	38	44.5	43	29	19	36	59.5	48.5	74	70	17	46.5	69	46	64	26	22	47.5	63.5	18.5	54.5	38	36	45.5	43.5	63	50.5	70.5	59	20	48	35	0	38.5	46	53.5	58	62.5	48	36	22.5	30.5	33	27	35.5	45.5	44.5	
59.5	30	29.5	64	42.5	69	67.5	59.5	57.5	40.5	35	34	45.5	45.5	37.5	71	40.5	21.5	35.5	46.5	42.5	78	39	49	16	62.5	66.5	74	68	38.5	26	44	34.5	40.5	23.5	65.5	38.5	0	76.5	29	27.5	38	72.5	16.5	53	36	63.5	57.5	49	76	20	
27	62.5	63	31.5	40	11.5	15	33	35	38	97.5	58.5	78	82	55	13.5	73	84	68	46	50	19.5	73.5	31.5	62.5	20	26	16.5	10.5	89	88.5	76.5	93	52	84	27	46	76.5	0	91.5	60	74.5	6	74	39.5	56.5	31	35	41.5	21.5	82.5	
74.5	35	44.5	79	57.5	84	82.5	74.5	72.5	55.5	20	49	30.5	30.5	52.5	86	30.5	21.5	35.5	61.5	57.5	93	34	64	45	77.5	81.5	89	83	23.5	3	17	19.5	55.5	23.5	80.5	53.5	29	91.5	0	37.5	33	87.5	31.5	68	51	78.5	72.5	64	91	25	
83	6.5	17	77.5	24	50.5	49	67	39	22	41.5	17.5	22	26	49	52.5	17	30	12	40	44	63.5	17.5	72.5	11.5	44	60	55.5	49.5	33	40.5	20.5	37	46	28	61	58	27.5	60	37.5	0	18.5	54	30	48.5	35.5	83	69	30.5	65.5	26.5	
83.5	16	31.5	88	38.5	65	63.5	81.5	53.5	36.5	39	32	21.5	25.5	61.5	67	16.5	30.5	16.5	54.5	58.5	78	1	73	26	58.5	74.5	70	64	32.5	30	20	36.5	60.5	32.5	75.5	62.5	38	74.5	33	18.5	0	68.5	40.5	63	50	87.5	81.5	45	80	34	
33	56.5	57	27.5	34	5.5	9	27	29	32	91.5	52.5	72	76	49	7.5	67	80	62	40	44	13.5	67.5	37.5	56.5	14	20	10.5	4.5	83	90.5	70.5	87	46	78	21	48	72.5	6	87.5	54	68.5	0	70	33.5	50.5	33	29	35.5	15.5	76.5	
57	32.5	13	61.5	40	66.5	65	57	55	38	37.5	31.5	48	48	35	68.5	43	24	38	44	40	75.5	41.5	46.5	32.5	60	64	71.5	65.5	41	28.5	46.5	37	38	26	63	36	16.5	74	31.5	30	40.5	70	0	50.5	33.5	61	55	46.5	73.5	22.5	
38.5	51	51.5	43	28.5	30	28.5	38.5	23.5	26.5	74	47	66.5	70.5	31.5	32	61.5	60.5	56.5	34.5	36.5	43	62	28	51	23.5	39.5	35	29	77.5	65	65	73.5	34.5	62.5	40.5	22.5	53	39.5	68	48.5	63	33.5	50.5	0	45	42.5	36.5	30	45	59	
51.5	38	38.5	56	20.5	47	45.5	51.5	35.5	18.5	57	34	53.5	57.5	29.5	49	48.5	43.5	43.5	36.5	34.5	60	49	41	38	40.5	56.5	52	46	60.5	48	52	56.5	32.5	45.5	57.5	30.5	36	56.5	51	35.5	50	50.5	33.5	45	0	55.5	49.5	27	62	42	
4	85.5	74	13.5	63	34.5	38	24	52	61	84.5	73.5	99	95	42	36.5	94	71	89	51	47	27.5	88.5	18.5	79.5	43	31	35.5	33.5	88	75.5	95.5	84	45	73	30	33	63.5	31	78.5	83	87.5	33	61	42.5	55.5	0	22	60.5	25.5	69.5	
18	71.5	68	22.5	49	25.5	20	2	44	47	78.5	67.5	87	89	36	27.5	82	65	77	45	41	36.5	82.5	12.5	71.5	29	9	30.5	24.5	82	69.5	85.5	78	39	67	8	27	57.5	35	72.5	69	81.5	29	55	36.5	49.5	22	0	50.5	34.5	63.5	
56.5	33	33.5	59	10.5	32	30.5	48.5	20.5	8.5	68	29	48.5	52.5	30.5	34	43.5	56.5	38.5	21.5	25.5	45	44	46	33	25.5	41.5	37	31	59.5	63	47	63.5	27.5	54.5	42.5	35.5	49	41.5	64	30.5	45	35.5	46.5	30	27	60.5	50.5	0	47	53	
21.5	68	68.5	12	45.5	17	20.5	36.5	40.5	43.5	97	64	83.5	87.5	54.5	19	78.5	83.5	73.5	51.5	55.5	2	79	31	68	25.5	31.5	22	16	94.5	88	82	96.5	57.5	85.5	32.5	45.5	76	21.5	91	65.5	80	15.5	73.5	45	62	25.5	34.5	47	0	82	
65.5	20	35.5	70	46.5	73	71.5	65.5	61.5	44.5	31	40	39.5	41.5	43.5	75	34.5	17.5	29.5	52.5	48.5	84	35	55	34	66.5	72.5	78	72	34.5	22	38	30.5	46.5	19.5	71.5	44.5	20	82.5	25	26.5	34	76.5	22.5	59	42	69.5	63.5	53	82	0	
