Number of items: 50
Horizon: 9
Time limit: 500
Load limit: 3000
Initial item inventory level
46
156
138
97
62
72
228
100
40
228
132
30
72
20
70
183
76
56
77
198
81
72
273
26
41
166
57
48
93
89
132
122
96
21
207
162
94
90
180
146
84
112
261
25
63
69
177
159
144
99
Maximum inventory capacity per item
92
234
184
194
124
96
304
150
80
304
176
40
144
40
140
244
152
112
154
297
108
96
364
52
82
249
76
96
186
178
176
183
192
42
276
216
141
180
270
219
168
168
348
50
84
92
236
212
216
132
Reserve storage replenishment rate per item and per period
276	0	0	276	0	0	276	0	0	
468	0	0	468	0	0	468	0	0	
276	0	0	276	0	0	276	0	0	
582	0	0	582	0	0	582	0	0	
372	0	0	372	0	0	372	0	0	
144	0	0	144	0	0	144	0	0	
456	0	0	456	0	0	456	0	0	
300	0	0	300	0	0	300	0	0	
240	0	0	240	0	0	240	0	0	
456	0	0	456	0	0	456	0	0	
264	0	0	264	0	0	264	0	0	
60	0	0	60	0	0	60	0	0	
432	0	0	432	0	0	432	0	0	
120	0	0	120	0	0	120	0	0	
420	0	0	420	0	0	420	0	0	
366	0	0	366	0	0	366	0	0	
456	0	0	456	0	0	456	0	0	
336	0	0	336	0	0	336	0	0	
462	0	0	462	0	0	462	0	0	
594	0	0	594	0	0	594	0	0	
162	0	0	162	0	0	162	0	0	
144	0	0	144	0	0	144	0	0	
546	0	0	546	0	0	546	0	0	
156	0	0	156	0	0	156	0	0	
246	0	0	246	0	0	246	0	0	
498	0	0	498	0	0	498	0	0	
114	0	0	114	0	0	114	0	0	
288	0	0	288	0	0	288	0	0	
558	0	0	558	0	0	558	0	0	
534	0	0	534	0	0	534	0	0	
264	0	0	264	0	0	264	0	0	
366	0	0	366	0	0	366	0	0	
576	0	0	576	0	0	576	0	0	
126	0	0	126	0	0	126	0	0	
414	0	0	414	0	0	414	0	0	
324	0	0	324	0	0	324	0	0	
282	0	0	282	0	0	282	0	0	
540	0	0	540	0	0	540	0	0	
540	0	0	540	0	0	540	0	0	
438	0	0	438	0	0	438	0	0	
504	0	0	504	0	0	504	0	0	
336	0	0	336	0	0	336	0	0	
522	0	0	522	0	0	522	0	0	
150	0	0	150	0	0	150	0	0	
126	0	0	126	0	0	126	0	0	
138	0	0	138	0	0	138	0	0	
354	0	0	354	0	0	354	0	0	
318	0	0	318	0	0	318	0	0	
432	0	0	432	0	0	432	0	0	
198	0	0	198	0	0	198	0	0	
Forward storage demand rate per item and per period
46	36	42	56	44	38	60	75	44	
78	106	52	89	73	67	77	117	70	
46	32	42	52	59	40	31	32	20	
97	83	133	70	146	97	90	122	89	
62	75	89	67	62	47	62	74	32	
24	19	29	34	39	25	39	33	21	
76	67	7	149	112	86	60	95	71	
50	67	44	47	73	92	47	28	60	
40	39	5	51	40	14	19	42	68	
76	73	133	115	73	20	75	27	79	
44	56	54	33	43	14	63	64	39	
10	3	7	6	14	7	7	13	5	
72	99	25	53	81	26	29	18	35	
20	31	23	17	17	29	20	19	25	
70	50	77	44	90	33	113	44	101	
61	55	21	48	64	23	19	28	53	
76	67	28	89	47	56	40	119	70	
56	71	70	74	55	82	63	52	52	
77	95	72	138	45	83	47	29	81	
99	126	116	55	114	141	130	81	76	
27	38	22	52	14	14	29	27	33	
24	28	28	19	23	38	5	28	15	
91	40	36	130	85	97	88	151	128	
26	31	45	26	46	5	19	35	32	
41	11	54	37	29	26	31	58	14	
83	134	102	97	42	43	119	71	97	
19	17	19	26	18	15	24	34	22	
48	42	23	63	42	61	39	29	62	
93	99	69	145	129	76	15	96	66	
89	117	159	73	139	90	73	100	69	
44	71	23	14	39	4	14	29	52	
61	35	63	65	17	95	59	74	51	
96	88	123	59	77	28	139	77	123	
21	30	20	16	29	7	36	16	28	
69	74	36	69	87	36	96	60	70	
54	69	56	40	47	87	9	72	46	
47	46	69	43	13	31	45	15	51	
90	126	68	100	68	125	91	79	106	
90	69	95	66	133	115	86	78	104	
73	95	57	50	42	100	27	72	78	
84	96	73	95	82	53	49	61	14	
56	74	95	43	85	14	70	96	74	
87	80	88	103	78	127	38	78	83	
25	17	26	21	10	21	16	36	15	
21	24	13	16	14	15	2	11	25	
23	26	23	16	20	23	30	13	28	
59	100	46	97	54	51	80	67	90	
53	45	34	15	26	71	57	88	33	
72	117	25	84	72	92	99	84	39	
33	32	8	10	59	38	42	50	39	
Distance matrix
0	90	64.5	46.5	55.5	29.5	72	77.5	63	74.5	39.5	69	42.5	26.5	75	35	75.5	14	33	47	91.5	90	76.5	28.5	61	58	41	67	51.5	13.5	63	6	97.5	33	15	65.5	60	47	53	23	68.5	62	20.5	67.5	21	87.5	36.5	60.5	68	49	15.5	
90	0	45.5	61.5	54.5	80.5	38	32.5	47	35.5	70.5	41	67.5	83.5	35	75	25.5	96	63	63	23.5	0	33.5	81.5	49	52	69	43	56.5	96.5	33	96	17.5	77	85	44.5	50	63	43	87	41.5	42	75.5	42.5	89	27.5	73.5	49.5	42	61	80.5	
64.5	45.5	0	34	25	51	23.5	53	17.5	36	41	26.5	38	54	30.5	45.5	55	66.5	37.5	33.5	49	45.5	44	52	19.5	22.5	39.5	18.5	13	67	42.5	70.5	43	47.5	59.5	1	35.5	33.5	32.5	57.5	32	41.5	50	13	59.5	53	44	20	12.5	31.5	55	
46.5	61.5	34	0	33	41	41.5	49	25.5	46	41	40.5	44	48	46.5	53.5	47	60.5	19.5	33.5	63	61.5	48	60	27.5	30.5	47.5	36.5	23	55	34.5	52.5	61	49.5	41.5	33	31.5	41.5	24.5	49.5	40	33.5	32	21	67.5	59	48	28	25.5	39.5	37	
55.5	54.5	25	33	0	30	32.5	62	11.5	45	20	35.5	17	33	39.5	24.5	74	45.5	31.5	17.5	58	54.5	53	31	13.5	6.5	18.5	27.5	38	46	61.5	53.5	52	26.5	44.5	24	44.5	12.5	51.5	36.5	41	52.5	39	12	38.5	62	23	9	16.5	10.5	44	
29.5	80.5	51	41	30	0	58.5	72	37.5	69	34	61.5	33	31	65.5	30.5	70	43.5	27.5	41.5	84	80.5	71	37	39.5	32.5	24.5	53.5	46	38	57.5	35.5	78	32.5	24.5	50	54.5	33.5	47.5	32.5	63	56.5	9	38	44.5	82	7	35	42.5	31.5	20	
72	38	23.5	41.5	32.5	58.5	0	45.5	25	28.5	48.5	3	45.5	61.5	23	53	47.5	74	45	41	41.5	38	36.5	59.5	27	30	47	21	36.5	74.5	35	78	35.5	55	67	22.5	12	41	19	65	24.5	34	57.5	20.5	67	45.5	51.5	27.5	20	39	62.5	
77.5	32.5	53	49	62	72	45.5	0	54.5	37	72	46.5	75	79	42.5	82.5	18	91.5	50.5	64.5	34	32.5	29	89	56.5	59.5	76.5	50.5	44	86	20.5	83.5	30	80.5	72.5	52	37.5	70.5	30.5	80.5	41	29.5	63	50	96.5	30	79	57	49.5	68.5	68	
63	47	17.5	25.5	11.5	37.5	25	54.5	0	37.5	27.5	28	24.5	40.5	32	32	66.5	53	34	20	50.5	47	45.5	38.5	2	9	26	20	30.5	53.5	54	61	44.5	34	52	16.5	37	20	44	44	33.5	45	46.5	4.5	46	54.5	30.5	6.5	9	18	51.5	
74.5	35.5	36	46	45	69	28.5	37	37.5	0	61	31.5	58	74	25.5	65.5	35	86.5	47.5	53.5	39	35.5	34	72	39.5	42.5	59.5	33.5	41	83	22.5	80.5	33	67.5	69.5	35	34.5	53.5	27.5	77.5	32	26.5	60	33	79.5	43	64	40	32.5	51.5	65	
39.5	70.5	41	41	20	34	48.5	72	27.5	61	0	51.5	3	39	55.5	30.5	70	51.5	27.5	33.5	74	70.5	69	37	29.5	22.5	24.5	43.5	46	48	57.5	45.5	68	32.5	34.5	40	54.5	23.5	47.5	42.5	57	56.5	25	28	44.5	78	29	25	32.5	21.5	30	
69	41	26.5	40.5	35.5	61.5	3	46.5	28	31.5	51.5	0	48.5	64.5	26	56	44.5	77	42	44	44.5	41	39.5	62.5	30	33	50	24	35.5	77.5	32	75	38.5	58	64	25.5	9	44	16	68	27.5	31	54.5	23.5	70	48.5	54.5	30.5	23	42	59.5	
42.5	67.5	38	44	17	33	45.5	75	24.5	58	3	48.5	0	36	52.5	27.5	73	48.5	30.5	30.5	71	67.5	66	34	26.5	19.5	21.5	40.5	49	49	60.5	48.5	65	29.5	37.5	37	57.5	20.5	50.5	39.5	54	59.5	28	25	41.5	75	26	22	29.5	18.5	33	
26.5	83.5	54	48	33	31	61.5	79	40.5	74	39	64.5	36	0	68.5	23.5	77	40.5	34.5	46.5	87	83.5	78	30	42.5	35.5	22.5	56.5	53	35	64.5	32.5	81	30.5	21.5	53	61.5	36.5	54.5	29.5	70	63.5	22	41	37.5	89	32	38	45.5	34.5	11	
75	35	30.5	46.5	39.5	65.5	23	42.5	32	25.5	55.5	26	52.5	68.5	0	60	40.5	81	48	48	38.5	35	33.5	66.5	34	37	54	28	41.5	81.5	28	81	32.5	62	70	29.5	35	48	28	72	26.5	13	60.5	27.5	74	42.5	58.5	34.5	27	46	65.5	
35	75	45.5	53.5	24.5	30.5	53	82.5	32	65.5	30.5	56	27.5	23.5	60	0	90.5	31	48	38	78.5	75	73.5	16.5	34	27	14	48	58.5	31.5	78	39	72.5	22	20	44.5	65	28	68	12	61.5	73	35.5	32.5	24	82.5	23.5	29.5	37	26	30.5	
75.5	25.5	55	47	74	70	47.5	18	66.5	35	70	44.5	73	77	40.5	90.5	0	89.5	48.5	62.5	16	25.5	27	89	66.5	71.5	86.5	52.5	42	84	18.5	81.5	22	78.5	70.5	56	35.5	72.5	28.5	78.5	39	27.5	61	62	96.5	12	77	69	61.5	74.5	66	
14	96	66.5	60.5	45.5	43.5	74	91.5	53	86.5	51.5	77	48.5	40.5	81	31	89.5	0	47	59	99.5	96	90.5	32.5	55	48	35	69	65.5	27.5	77	8	93.5	43	29	65.5	74	49	67	37	82.5	76	34.5	53.5	7	101.5	44.5	50.5	58	47	29.5	
33	63	37.5	19.5	31.5	27.5	45	50.5	34	47.5	27.5	42	30.5	34.5	48	48	48.5	47	0	14	64.5	63	49.5	46.5	34	25	44	40	24.5	41.5	36	39	70.5	36	28	38.5	33	30	26	36	41.5	35	18.5	34.5	54	60.5	34.5	31.5	39	32	23.5	
47	63	33.5	33.5	17.5	41.5	41	64.5	20	53.5	33.5	44	30.5	46.5	48	38	62.5	59	14	0	66.5	63	61.5	44.5	22	11	32	36	38.5	55.5	50	53	60.5	40	42	32.5	47	26	40	50	49.5	49	32.5	20.5	52	70.5	36.5	17.5	25	24	37.5	
91.5	23.5	49	63	58	84	41.5	34	50.5	39	74	44.5	71	87	38.5	78.5	16	99.5	64.5	66.5	0	23.5	37	85	52.5	55.5	72.5	46.5	58	100	34.5	97.5	6	80.5	86.5	48	51.5	66.5	44.5	90.5	45	43.5	77	46	92.5	4	77	53	45.5	64.5	82	
90	0	45.5	61.5	54.5	80.5	38	32.5	47	35.5	70.5	41	67.5	83.5	35	75	25.5	96	63	63	23.5	0	33.5	81.5	49	52	69	43	56.5	96.5	33	96	17.5	77	85	44.5	50	63	43	87	41.5	42	75.5	42.5	89	27.5	73.5	49.5	42	61	80.5	
76.5	33.5	44	48	53	71	36.5	29	45.5	34	69	39.5	66	78	33.5	73.5	27	90.5	49.5	61.5	37	33.5	0	80	47.5	50.5	67.5	41.5	43	85	19.5	82.5	31	75.5	71.5	43	36.5	61.5	29.5	79.5	40	28.5	62	41	87.5	39	72	48	40.5	59.5	67	
28.5	81.5	52	60	31	37	59.5	89	38.5	72	37	62.5	34	30	66.5	16.5	89	32.5	46.5	44.5	85	81.5	80	0	40.5	33.5	20.5	54.5	65	33	76.5	34.5	79	28.5	28.5	51	71.5	34.5	66.5	28.5	68	75.5	34	39	25.5	89	30	36	43.5	32.5	29	
61	49	19.5	27.5	13.5	39.5	27	56.5	2	39.5	29.5	30	26.5	42.5	34	34	66.5	55	34	22	52.5	49	47.5	40.5	0	11	28	22	32.5	55.5	54	63	46.5	36	54	18.5	39	22	44	46	35.5	47	46.5	6.5	48	56.5	32.5	8.5	11	20	51.5	
58	52	22.5	30.5	6.5	32.5	30	59.5	9	42.5	22.5	33	19.5	35.5	37	27	71.5	48	25	11	55.5	52	50.5	33.5	11	0	21	25	35.5	48.5	59	56	49.5	29	47	21.5	42	15	49	39	38.5	50	41.5	9.5	41	59.5	25.5	6.5	14	13	46.5	
41	69	39.5	47.5	18.5	24.5	47	76.5	26	59.5	24.5	50	21.5	22.5	54	14	86.5	35	44	32	72.5	69	67.5	20.5	28	21	0	42	52.5	35.5	74	43	66.5	8	34	38.5	59	22	64	26	55.5	67	31.5	26.5	28	76.5	17.5	23.5	31	20	31.5	
67	43	18.5	36.5	27.5	53.5	21	50.5	20	33.5	43.5	24	40.5	56.5	28	48	52.5	69	40	36	46.5	43	41.5	54.5	22	25	42	0	31.5	69.5	40	73	40.5	50	62	17.5	33	36	30	60	29.5	39	52.5	15.5	62	50.5	46.5	22.5	15	34	57.5	
51.5	56.5	13	23	38	46	36.5	44	30.5	41	46	35.5	49	53	41.5	58.5	42	65.5	24.5	38.5	58	56.5	43	65	32.5	35.5	52.5	31.5	0	60	29.5	57.5	56	54.5	46.5	14	26.5	46.5	19.5	54.5	35	28.5	37	26	72.5	54	53	33	25.5	44.5	42	
13.5	96.5	67	55	46	38	74.5	86	53.5	83	48	77.5	49	35	81.5	31.5	84	27.5	41.5	55.5	100	96.5	85	33	55.5	48.5	35.5	69.5	60	0	71.5	19.5	94	41.5	23.5	66	68.5	49.5	61.5	31.5	77	70.5	29	54	30.5	96	45	51	58.5	47.5	24	
63	33	42.5	34.5	61.5	57.5	35	20.5	54	22.5	57.5	32	60.5	64.5	28	78	18.5	77	36	50	34.5	33	19.5	76.5	54	59	74	40	29.5	71.5	0	69	40.5	66	58	43.5	23	60	16	66	26.5	15	48.5	49.5	84	30.5	64.5	56.5	49	62	53.5	
6	96	70.5	52.5	53.5	35.5	78	83.5	61	80.5	45.5	75	48.5	32.5	81	39	81.5	8	39	53	97.5	96	82.5	34.5	63	56	43	73	57.5	19.5	69	0	101.5	39	21	71.5	66	53	59	29	74.5	68	26.5	61.5	15	93.5	42.5	58.5	66	55	21.5	
97.5	17.5	43	61	52	78	35.5	30	44.5	33	68	38.5	65	81	32.5	72.5	22	93.5	70.5	60.5	6	17.5	31	79	46.5	49.5	66.5	40.5	56	94	40.5	101.5	0	74.5	92.5	42	47.5	60.5	50.5	84.5	39	45.5	83	40	86.5	10	71	47	39.5	58.5	88	
33	77	47.5	49.5	26.5	32.5	55	80.5	34	67.5	32.5	58	29.5	30.5	62	22	78.5	43	36	40	80.5	77	75.5	28.5	36	29	8	50	54.5	41.5	66	39	74.5	0	28	46.5	63	30	56	34	63.5	65	23.5	34.5	36	84.5	25.5	31.5	39	28	23.5	
15	85	59.5	41.5	44.5	24.5	67	72.5	52	69.5	34.5	64	37.5	21.5	70	20	70.5	29	28	42	86.5	85	71.5	28.5	54	47	34	62	46.5	23.5	58	21	92.5	28	0	60.5	55	42	48	8	63.5	57	15.5	52.5	36	82.5	31.5	49.5	57	44	10.5	
65.5	44.5	1	33	24	50	22.5	52	16.5	35	40	25.5	37	53	29.5	44.5	56	65.5	38.5	32.5	48	44.5	43	51	18.5	21.5	38.5	17.5	14	66	43.5	71.5	42	46.5	60.5	0	34.5	32.5	33.5	56.5	31	42.5	51	12	58.5	52	43	19	11.5	30.5	56	
60	50	35.5	31.5	44.5	54.5	12	37.5	37	34.5	54.5	9	57.5	61.5	35	65	35.5	74	33	47	51.5	50	36.5	71.5	39	42	59	33	26.5	68.5	23	66	47.5	63	55	34.5	0	53	7	63	28.5	22	45.5	32.5	79	47.5	61.5	39.5	32	51	50.5	
47	63	33.5	41.5	12.5	33.5	41	70.5	20	53.5	23.5	44	20.5	36.5	48	28	72.5	49	30	26	66.5	63	61.5	34.5	22	15	22	36	46.5	49.5	60	53	60.5	30	42	32.5	53	0	50	40	49.5	59	32.5	20.5	42	70.5	26.5	17.5	25	2	37.5	
53	43	32.5	24.5	51.5	47.5	19	30.5	44	27.5	47.5	16	50.5	54.5	28	68	28.5	67	26	40	44.5	43	29.5	66.5	44	49	64	30	19.5	61.5	16	59	50.5	56	48	33.5	7	50	0	56	21.5	15	38.5	39.5	74	40.5	54.5	46.5	39	52	43.5	
23	87	57.5	49.5	36.5	32.5	65	80.5	44	77.5	42.5	68	39.5	29.5	72	12	78.5	37	36	50	90.5	87	79.5	28.5	46	39	26	60	54.5	31.5	66	29	84.5	34	8	56.5	63	40	56	0	71.5	65	23.5	44.5	36	90.5	35.5	41.5	49	38	18.5	
68.5	41.5	32	40	41	63	24.5	41	33.5	32	57	27.5	54	70	26.5	61.5	39	82.5	41.5	49.5	45	41.5	40	68	35.5	38.5	55.5	29.5	35	77	26.5	74.5	39	63.5	63.5	31	28.5	49.5	21.5	71.5	0	25.5	54	29	75.5	49	60	36	28.5	47.5	59	
62	42	41.5	33.5	52.5	56.5	34	29.5	45	26.5	56.5	31	59.5	63.5	13	73	27.5	76	35	49	43.5	42	28.5	75.5	47	50	67	39	28.5	70.5	15	68	45.5	65	57	42.5	22	59	15	65	25.5	0	47.5	40.5	83	39.5	63.5	47.5	40	59	52.5	
20.5	75.5	50	32	39	9	57.5	63	46.5	60	25	54.5	28	22	60.5	35.5	61	34.5	18.5	32.5	77	75.5	62	34	46.5	41.5	31.5	52.5	37	29	48.5	26.5	83	23.5	15.5	51	45.5	32.5	38.5	23.5	54	47.5	0	47	41.5	73	16	44	51.5	34.5	11	
67.5	42.5	13	21	12	38	20.5	50	4.5	33	28	23.5	25	41	27.5	32.5	62	53.5	34.5	20.5	46	42.5	41	39	6.5	9.5	26.5	15.5	26	54	49.5	61.5	40	34.5	52.5	12	32.5	20.5	39.5	44.5	29	40.5	47	0	46.5	50	31	7	4.5	18.5	52	
21	89	59.5	67.5	38.5	44.5	67	96.5	46	79.5	44.5	70	41.5	37.5	74	24	96.5	7	54	52	92.5	89	87.5	25.5	48	41	28	62	72.5	30.5	84	15	86.5	36	36	58.5	79	42	74	36	75.5	83	41.5	46.5	0	96.5	37.5	43.5	51	40	36.5	
87.5	27.5	53	59	62	82	45.5	30	54.5	43	78	48.5	75	89	42.5	82.5	12	101.5	60.5	70.5	4	27.5	39	89	56.5	59.5	76.5	50.5	54	96	30.5	93.5	10	84.5	82.5	52	47.5	70.5	40.5	90.5	49	39.5	73	50	96.5	0	81	57	49.5	68.5	78	
36.5	73.5	44	48	23	7	51.5	79	30.5	64	29	54.5	26	32	58.5	23.5	77	44.5	34.5	36.5	77	73.5	72	30	32.5	25.5	17.5	46.5	53	45	64.5	42.5	71	25.5	31.5	43	61.5	26.5	54.5	35.5	60	63.5	16	31	37.5	81	0	28	35.5	24.5	27	
60.5	49.5	20	28	9	35	27.5	57	6.5	40	25	30.5	22	38	34.5	29.5	69	50.5	31.5	17.5	53	49.5	48	36	8.5	6.5	23.5	22.5	33	51	56.5	58.5	47	31.5	49.5	19	39.5	17.5	46.5	41.5	36	47.5	44	7	43.5	57	28	0	11.5	15.5	49	
68	42	12.5	25.5	16.5	42.5	20	49.5	9	32.5	32.5	23	29.5	45.5	27	37	61.5	58	39	25	45.5	42	40.5	43.5	11	14	31	15	25.5	58.5	49	66	39.5	39	57	11.5	32	25	39	49	28.5	40	51.5	4.5	51	49.5	35.5	11.5	0	23	56.5	
49	61	31.5	39.5	10.5	31.5	39	68.5	18	51.5	21.5	42	18.5	34.5	46	26	74.5	47	32	24	64.5	61	59.5	32.5	20	13	20	34	44.5	47.5	62	55	58.5	28	44	30.5	51	2	52	38	47.5	59	34.5	18.5	40	68.5	24.5	15.5	23	0	39.5	
15.5	80.5	55	37	44	20	62.5	68	51.5	65	30	59.5	33	11	65.5	30.5	66	29.5	23.5	37.5	82	80.5	67	29	51.5	46.5	31.5	57.5	42	24	53.5	21.5	88	23.5	10.5	56	50.5	37.5	43.5	18.5	59	52.5	11	52	36.5	78	27	49	56.5	39.5	0	
