Number of items: 50
Horizon: 12
Time limit: 500
Load limit: 3000
Initial item inventory level
22
16
93
99
20
81
19
61
231
78
240
10
11
114
48
261
14
32
17
84
168
42
135
108
42
46
99
24
27
165
100
204
96
285
160
97
100
86
92
66
32
198
52
40
32
99
114
279
52
198
Maximum inventory capacity per item
33
32
186
132
30
162
38
122
308
156
320
20
22
152
64
348
28
64
34
112
252
63
180
144
84
92
132
36
54
220
150
272
128
380
240
194
150
172
138
132
48
264
104
60
48
198
171
372
78
297
Reserve storage replenishment rate per item and per period
66	0	0	66	0	0	66	0	0	66	0	0	
96	0	0	96	0	0	96	0	0	96	0	0	
558	0	0	558	0	0	558	0	0	558	0	0	
198	0	0	198	0	0	198	0	0	198	0	0	
60	0	0	60	0	0	60	0	0	60	0	0	
486	0	0	486	0	0	486	0	0	486	0	0	
114	0	0	114	0	0	114	0	0	114	0	0	
366	0	0	366	0	0	366	0	0	366	0	0	
462	0	0	462	0	0	462	0	0	462	0	0	
468	0	0	468	0	0	468	0	0	468	0	0	
480	0	0	480	0	0	480	0	0	480	0	0	
60	0	0	60	0	0	60	0	0	60	0	0	
66	0	0	66	0	0	66	0	0	66	0	0	
228	0	0	228	0	0	228	0	0	228	0	0	
96	0	0	96	0	0	96	0	0	96	0	0	
522	0	0	522	0	0	522	0	0	522	0	0	
84	0	0	84	0	0	84	0	0	84	0	0	
192	0	0	192	0	0	192	0	0	192	0	0	
102	0	0	102	0	0	102	0	0	102	0	0	
168	0	0	168	0	0	168	0	0	168	0	0	
504	0	0	504	0	0	504	0	0	504	0	0	
126	0	0	126	0	0	126	0	0	126	0	0	
270	0	0	270	0	0	270	0	0	270	0	0	
216	0	0	216	0	0	216	0	0	216	0	0	
252	0	0	252	0	0	252	0	0	252	0	0	
276	0	0	276	0	0	276	0	0	276	0	0	
198	0	0	198	0	0	198	0	0	198	0	0	
72	0	0	72	0	0	72	0	0	72	0	0	
162	0	0	162	0	0	162	0	0	162	0	0	
330	0	0	330	0	0	330	0	0	330	0	0	
300	0	0	300	0	0	300	0	0	300	0	0	
408	0	0	408	0	0	408	0	0	408	0	0	
192	0	0	192	0	0	192	0	0	192	0	0	
570	0	0	570	0	0	570	0	0	570	0	0	
480	0	0	480	0	0	480	0	0	480	0	0	
582	0	0	582	0	0	582	0	0	582	0	0	
300	0	0	300	0	0	300	0	0	300	0	0	
516	0	0	516	0	0	516	0	0	516	0	0	
276	0	0	276	0	0	276	0	0	276	0	0	
396	0	0	396	0	0	396	0	0	396	0	0	
96	0	0	96	0	0	96	0	0	96	0	0	
396	0	0	396	0	0	396	0	0	396	0	0	
312	0	0	312	0	0	312	0	0	312	0	0	
120	0	0	120	0	0	120	0	0	120	0	0	
96	0	0	96	0	0	96	0	0	96	0	0	
594	0	0	594	0	0	594	0	0	594	0	0	
342	0	0	342	0	0	342	0	0	342	0	0	
558	0	0	558	0	0	558	0	0	558	0	0	
156	0	0	156	0	0	156	0	0	156	0	0	
594	0	0	594	0	0	594	0	0	594	0	0	
Forward storage demand rate per item and per period
11	11	4	8	8	4	14	2	12	7	18	5	
16	16	9	20	16	22	6	20	18	17	14	5	
93	130	83	59	106	83	103	108	118	89	129	69	
33	29	35	36	21	8	27	48	38	18	15	38	
10	9	14	15	7	11	1	3	6	15	15	11	
81	72	113	53	73	55	36	67	93	79	30	18	
19	24	26	20	28	12	19	20	10	12	21	30	
61	60	33	22	56	76	86	86	73	111	1	93	
77	16	78	94	99	24	121	144	51	90	128	65	
78	77	90	70	95	105	85	63	115	102	105	51	
80	61	10	50	101	145	82	52	63	15	46	13	
10	12	10	13	9	14	17	9	10	8	9	5	
11	11	6	13	7	16	9	3	9	2	13	12	
38	26	25	48	26	11	57	56	43	39	49	35	
16	22	15	19	25	23	23	10	14	2	15	16	
87	78	100	71	103	108	103	58	154	69	86	99	
14	10	5	15	14	17	15	10	5	17	20	14	
32	26	24	31	54	16	57	41	49	34	11	53	
17	24	25	21	20	6	7	14	19	18	25	22	
28	20	17	15	24	26	27	51	16	22	12	24	
84	54	59	94	63	150	45	55	86	44	75	122	
21	27	36	26	20	18	17	22	31	14	17	30	
45	59	10	54	26	32	19	51	15	36	34	41	
36	53	38	16	3	51	31	31	34	33	44	49	
42	18	61	27	53	47	66	24	43	29	14	8	
46	45	85	42	60	53	52	53	63	33	61	52	
33	21	23	38	49	6	36	20	23	32	29	15	
12	22	11	12	9	8	16	12	8	11	7	10	
27	17	50	32	24	22	15	10	49	25	20	23	
55	43	8	41	37	22	61	103	83	67	79	66	
50	57	58	80	88	61	24	40	30	60	15	16	
68	87	57	82	20	65	49	57	56	73	65	73	
32	51	37	26	24	31	35	15	36	6	30	46	
95	123	95	61	84	47	64	114	59	46	12	171	
80	50	140	129	15	17	101	48	12	39	24	49	
97	63	130	20	131	113	177	61	115	56	150	85	
50	66	44	47	57	40	43	42	54	58	77	69	
86	70	81	149	28	138	51	137	135	55	17	93	
46	25	27	41	42	55	65	52	44	48	72	73	
66	28	77	90	32	82	27	82	84	56	54	65	
16	14	18	26	13	16	21	12	13	20	18	12	
66	78	78	67	93	115	96	65	82	45	98	22	
52	71	27	57	48	26	45	79	31	45	77	61	
20	27	33	2	4	5	9	17	18	22	22	21	
16	9	13	15	21	15	15	13	30	22	19	8	
99	33	137	59	101	110	113	133	90	126	171	103	
57	59	95	79	93	60	41	65	63	44	24	79	
93	88	96	75	39	135	130	118	178	96	70	61	
26	38	25	15	41	23	36	15	9	18	14	28	
99	99	155	89	59	67	161	103	154	51	128	37	
Distance matrix
0	20	59.5	61.5	77	73	22	58	25.5	58.5	49.5	55.5	72.5	82.5	45.5	62	2	28	69.5	94	56	89	52.5	31.5	42	39	78.5	63	16	75	89.5	61.5	77.5	28	71.5	78	52.5	56	15	31	17	74.5	65	16.5	30.5	73.5	54	66	18.5	35.5	68.5	
20	0	59.5	61.5	73	67	38	58	30.5	46.5	49.5	49.5	72.5	72.5	45.5	62	22	8	55.5	86	54	89	52.5	28.5	42	39	78.5	63	26	65	85.5	53.5	77.5	8	71.5	78	52.5	56	35	31	37	74.5	45	21.5	29.5	61.5	54	66	23.5	29.5	66.5	
59.5	59.5	0	2	31.5	32.5	81.5	17.5	70	47	14	50	27	33	30	16.5	61.5	67.5	36	46.5	45.5	43.5	17	74	41.5	48.5	33	17.5	65.5	30.5	44	44	32	67.5	26	32.5	37	35.5	74.5	30.5	76.5	29	40.5	61	75	32	13.5	20.5	63	70	33	
61.5	61.5	2	0	31.5	30.5	81.5	19.5	72	45	16	48	29	31	32	18.5	63.5	69.5	34	44.5	47.5	45.5	19	72	43.5	50.5	35	19.5	67.5	28.5	44	42	34	69.5	28	34.5	39	37.5	76.5	32.5	78.5	31	38.5	63	73	30	15.5	22.5	65	68	35	
77	73	31.5	31.5	0	20	71	35	67.5	34.5	31.5	37.5	39.5	15.5	47.5	29	79	65	23.5	29	37	34	34.5	61.5	51	54	45.5	14	77	18	28.5	31.5	40.5	65	36.5	45	40.5	37	78	48	76	33.5	28	76.5	62.5	19.5	31	11	74.5	57.5	24.5	
73	67	32.5	30.5	20	0	65	15	61.5	28.5	27.5	31.5	45.5	19.5	41.5	35	75	59	17.5	33	31	38	30.5	55.5	45	48	51.5	34	71	2	32.5	25.5	44.5	59	40.5	49	34.5	31	72	44	70	37.5	22	70.5	56.5	13.5	19	31	68.5	51.5	18.5	
22	38	81.5	81.5	71	65	0	80	27.5	44.5	71.5	47.5	94.5	70.5	67.5	84	20	30	53.5	84	52	89	74.5	11.5	56	49	100.5	85	32	63	83.5	51.5	95.5	30	91.5	100	60.5	62	7	53	5	88.5	43	36.5	22.5	59.5	76	82	34.5	27.5	64.5	
58	58	17.5	19.5	35	15	80	0	68.5	43.5	12.5	46.5	30.5	34.5	28.5	20	60	66	32.5	48	44	47	15.5	70.5	40	47	36.5	21	64	17	47.5	40.5	35.5	66	29.5	36	35.5	34	73	29	75	32.5	37	59.5	71.5	28.5	4	24	61.5	66.5	31.5	
25.5	30.5	70	72	67.5	61.5	27.5	68.5	0	41	60	44	83	67	56	72.5	27.5	26.5	50	80.5	48.5	85.5	63	18	52.5	45.5	89	73.5	31.5	59.5	80	48	88	26.5	82	88.5	57	58.5	34.5	41.5	32.5	85	39.5	9	5	56	64.5	76.5	7	24	61	
58.5	46.5	47	45	34.5	28.5	44.5	43.5	41	0	43	3	64	34	31	55.5	60.5	38.5	17	47.5	15.5	52.5	44	35	24.5	27.5	68	48.5	50.5	26.5	47	15	59	38.5	55	63.5	24	25.5	51.5	29.5	49.5	52	6.5	50	36	23	47.5	45.5	48	31	28	
49.5	49.5	14	16	31.5	27.5	71.5	12.5	60	43	0	40	27	37	20	16.5	51.5	57.5	34	48.5	35.5	43.5	3	74	31.5	38.5	33	17.5	55.5	29.5	44	36	32	57.5	26	32.5	27	25.5	64.5	20.5	66.5	29	40.5	51	65	24	8.5	20.5	53	60	19	
55.5	49.5	50	48	37.5	31.5	47.5	46.5	44	3	40	0	63	37	34	52.5	57.5	41.5	20	50.5	18.5	55.5	43	38	27.5	30.5	69	51.5	53.5	29.5	50	18	62	41.5	58	66.5	27	28.5	54.5	26.5	52.5	55	9.5	53	39	26	44.5	48.5	51	34	31	
72.5	72.5	27	29	39.5	45.5	94.5	30.5	83	64	27	63	0	40	43	14.5	74.5	80.5	53	31.5	58.5	26.5	30	91	54.5	61.5	16	25.5	78.5	47.5	17	59	5	80.5	19	15.5	50	48.5	87.5	43.5	89.5	22	57.5	74	88	49	26.5	28.5	76	83	46	
82.5	72.5	33	31	15.5	19.5	70.5	34.5	67	34	37	37	40	0	47	29.5	84.5	64.5	23	23.5	36.5	28.5	40	61	50.5	53.5	44	29.5	76.5	17.5	23	31	35	64.5	31	39.5	40	36.5	77.5	53.5	75.5	28	27.5	76	62	19	36.5	26.5	74	57	24	
45.5	45.5	30	32	47.5	41.5	67.5	28.5	56	31	20	34	43	47	0	32.5	47.5	53.5	30	60.5	31.5	59.5	23	58	27.5	34.5	49	33.5	51.5	39.5	60	16	48	53.5	42	48.5	7	26.5	60.5	16.5	62.5	45	24.5	47	59	36	24.5	36.5	49	54	39	
62	62	16.5	18.5	29	35	84	20	72.5	55.5	16.5	52.5	14.5	29.5	32.5	0	64	70	46.5	36	48	31	19.5	86.5	44	51	20.5	15	68	37	31.5	48.5	19.5	70	13.5	20	39.5	38	77	33	79	16.5	53	63.5	77.5	40.5	16	18	65.5	72.5	35.5	
2	22	61.5	63.5	79	75	20	60	27.5	60.5	51.5	57.5	74.5	84.5	47.5	64	0	30	71.5	96	58	91	54.5	31.5	44	41	80.5	65	18	77	91.5	63.5	79.5	30	73.5	80	54.5	58	13	33	15	76.5	63	18.5	32.5	75.5	56	68	20.5	37.5	70.5	
28	8	67.5	69.5	65	59	30	66	26.5	38.5	57.5	41.5	80.5	64.5	53.5	70	30	0	47.5	78	46	83	60.5	20.5	50	43	86.5	71	34	57	77.5	45.5	85.5	0	79.5	86	54.5	56	37	39	35	82.5	37	29.5	21.5	53.5	62	74	31.5	21.5	58.5	
69.5	55.5	36	34	23.5	17.5	53.5	32.5	50	17	34	20	53	23	30	46.5	71.5	47.5	0	36.5	19.5	41.5	33	44	33.5	36.5	57	37.5	59.5	15.5	36	14	48	47.5	44	52.5	23	19.5	60.5	40.5	58.5	41	10.5	59	45	12	36.5	34.5	57	40	17	
94	86	46.5	44.5	29	33	84	48	80.5	47.5	48.5	50.5	31.5	23.5	60.5	36	96	78	36.5	0	50	5	51.5	74.5	64	67	32.5	43	90	31	16.5	44.5	28.5	78	34.5	16	53.5	50	91	65	89	31.5	41	89.5	75.5	32.5	48	40	87.5	70.5	37.5	
56	54	45.5	47.5	37	31	52	44	48.5	15.5	35.5	18.5	58.5	36.5	31.5	48	58	46	19.5	50	0	55	38.5	42.5	32	35	64.5	49	58	29	49.5	17.5	61.5	46	57.5	64	26.5	28	59	27	57	54.5	9	57.5	43.5	25.5	40	48	55.5	38.5	30.5	
89	89	43.5	45.5	34	38	89	47	85.5	52.5	43.5	55.5	26.5	28.5	59.5	31	91	83	41.5	5	55	0	46.5	79.5	69	72	27.5	42	95	36	21.5	49.5	31.5	83	35.5	11	58.5	55	96	60	94	36.5	46	90.5	80.5	37.5	43	45	92.5	75.5	42.5	
52.5	52.5	17	19	34.5	30.5	74.5	15.5	63	44	3	43	30	40	23	19.5	54.5	60.5	33	51.5	38.5	46.5	0	71	34.5	41.5	36	20.5	58.5	32.5	47	39	35	60.5	29	35.5	30	28.5	67.5	23.5	69.5	32	37.5	54	68	21	11.5	23.5	56	63	16	
31.5	28.5	74	72	61.5	55.5	11.5	70.5	18	35	74	38	91	61	58	86.5	31.5	20.5	44	74.5	42.5	79.5	71	0	46.5	39.5	95	75.5	22.5	53.5	74	42	86	20.5	82	90.5	51	52.5	18.5	57.5	16.5	79	33.5	27	13	50	74.5	72.5	25	18	55	
42	42	41.5	43.5	51	45	56	40	52.5	24.5	31.5	27.5	54.5	50.5	27.5	44	44	50	33.5	64	32	69	34.5	46.5	0	31	60.5	45	48	43	63.5	31.5	59.5	50	53.5	60	34.5	38	57	11	59	56.5	23	43.5	47.5	39.5	36	48	45.5	42.5	44.5	
39	39	48.5	50.5	54	48	49	47	45.5	27.5	38.5	30.5	61.5	53.5	34.5	51	41	43	36.5	67	35	72	41.5	39.5	31	0	67.5	52	45	46	66.5	34.5	66.5	43	60.5	67	41.5	45	54	20	54	63.5	26	40.5	40.5	42.5	43	55	42.5	35.5	47.5	
78.5	78.5	33	35	45.5	51.5	100.5	36.5	89	68	33	69	16	44	49	20.5	80.5	86.5	57	32.5	64.5	27.5	36	95	60.5	67.5	0	31.5	84.5	51.5	33	65	21	86.5	25	16.5	56	54.5	93.5	49.5	95.5	28	61.5	80	94	53	32.5	34.5	82	89	52	
63	63	17.5	19.5	14	34	85	21	73.5	48.5	17.5	51.5	25.5	29.5	33.5	15	65	71	37.5	43	49	42	20.5	75.5	45	52	31.5	0	69	32	42.5	45.5	30.5	71	24.5	31	40.5	39	78	34	80	27.5	42	64.5	76.5	33.5	17	3	66.5	71.5	36.5	
16	26	65.5	67.5	77	71	32	64	31.5	50.5	55.5	53.5	78.5	76.5	51.5	68	18	34	59.5	90	58	95	58.5	22.5	48	45	84.5	69	0	69	89.5	57.5	83.5	34	77.5	84	58.5	62	31	37	33	80.5	49	22.5	28.5	65.5	60	72	24.5	33.5	70.5	
75	65	30.5	28.5	18	2	63	17	59.5	26.5	29.5	29.5	47.5	17.5	39.5	37	77	57	15.5	31	29	36	32.5	53.5	43	46	51.5	32	69	0	30.5	23.5	42.5	57	38.5	47	32.5	29	70	46	68	35.5	20	68.5	54.5	11.5	21	29	66.5	49.5	16.5	
89.5	85.5	44	44	28.5	32.5	83.5	47.5	80	47	44	50	17	23	60	31.5	91.5	77.5	36	16.5	49.5	21.5	47	74	63.5	66.5	33	42.5	89.5	30.5	0	44	12	77.5	34	32.5	53	49.5	90.5	60.5	88.5	31	40.5	89	75	32	43.5	39.5	87	70	37	
61.5	53.5	44	42	31.5	25.5	51.5	40.5	48	15	36	18	59	31	16	48.5	63.5	45.5	14	44.5	17.5	49.5	39	42	31.5	34.5	65	45.5	57.5	23.5	44	0	56	45.5	52	60.5	9	22.5	58.5	32.5	56.5	49	8.5	57	43	20	40.5	42.5	55	38	25	
77.5	77.5	32	34	40.5	44.5	95.5	35.5	88	59	32	62	5	35	48	19.5	79.5	85.5	48	28.5	61.5	31.5	35	86	59.5	66.5	21	30.5	83.5	42.5	12	56	0	85.5	24	20.5	55	53.5	92.5	48.5	94.5	27	52.5	79	87	44	31.5	33.5	81	82	49	
28	8	67.5	69.5	65	59	30	66	26.5	38.5	57.5	41.5	80.5	64.5	53.5	70	30	0	47.5	78	46	83	60.5	20.5	50	43	86.5	71	34	57	77.5	45.5	85.5	0	79.5	86	54.5	56	37	39	35	82.5	37	29.5	21.5	53.5	62	74	31.5	21.5	58.5	
71.5	71.5	26	28	36.5	40.5	91.5	29.5	82	55	26	58	19	31	42	13.5	73.5	79.5	44	34.5	57.5	35.5	29	82	53.5	60.5	25	24.5	77.5	38.5	34	52	24	79.5	0	24.5	49	47.5	86.5	42.5	88.5	3	48.5	73	83	40	25.5	27.5	75	78	45	
78	78	32.5	34.5	45	49	100	36	88.5	63.5	32.5	66.5	15.5	39.5	48.5	20	80	86	52.5	16	64	11	35.5	90.5	60	67	16.5	31	84	47	32.5	60.5	20.5	86	24.5	0	55.5	54	93	49	95	27.5	57	79.5	91.5	48.5	32	34	81.5	86.5	51.5	
52.5	52.5	37	39	40.5	34.5	60.5	35.5	57	24	27	27	50	40	7	39.5	54.5	54.5	23	53.5	26.5	58.5	30	51	34.5	41.5	56	40.5	58.5	32.5	53	9	55	54.5	49	55.5	0	31.5	67.5	23.5	65.5	52	17.5	54	52	29	31.5	43.5	56	47	34	
56	56	35.5	37.5	37	31	62	34	58.5	25.5	25.5	28.5	48.5	36.5	26.5	38	58	56	19.5	50	28	55	28.5	52.5	38	45	54.5	39	62	29	49.5	22.5	53.5	56	47.5	54	31.5	0	69	27	67	50.5	19	57.5	53.5	25.5	30	42	59.5	48.5	30.5	
15	35	74.5	76.5	78	72	7	73	34.5	51.5	64.5	54.5	87.5	77.5	60.5	77	13	37	60.5	91	59	96	67.5	18.5	57	54	93.5	78	31	70	90.5	58.5	92.5	37	86.5	93	67.5	69	0	46	2	89.5	50	31.5	29.5	66.5	69	81	33.5	34.5	71.5	
31	31	30.5	32.5	48	44	53	29	41.5	29.5	20.5	26.5	43.5	53.5	16.5	33	33	39	40.5	65	27	60	23.5	57.5	11	20	49.5	34	37	46	60.5	32.5	48.5	39	42.5	49	23.5	27	46	0	48	45.5	34	32.5	46.5	44.5	25	37	34.5	41.5	39.5	
17	37	76.5	78.5	76	70	5	75	32.5	49.5	66.5	52.5	89.5	75.5	62.5	79	15	35	58.5	89	57	94	69.5	16.5	59	54	95.5	80	33	68	88.5	56.5	94.5	35	88.5	95	65.5	67	2	48	0	91.5	48	33.5	27.5	64.5	71	83	35.5	32.5	69.5	
74.5	74.5	29	31	33.5	37.5	88.5	32.5	85	52	29	55	22	28	45	16.5	76.5	82.5	41	31.5	54.5	36.5	32	79	56.5	63.5	28	27.5	80.5	35.5	31	49	27	82.5	3	27.5	52	50.5	89.5	45.5	91.5	0	45.5	76	80	37	28.5	30.5	78	75	42	
65	45	40.5	38.5	28	22	43	37	39.5	6.5	40.5	9.5	57.5	27.5	24.5	53	63	37	10.5	41	9	46	37.5	33.5	23	26	61.5	42	49	20	40.5	8.5	52.5	37	48.5	57	17.5	19	50	34	48	45.5	0	48.5	34.5	16.5	41	39	46.5	29.5	21.5	
16.5	21.5	61	63	76.5	70.5	36.5	59.5	9	50	51	53	74	76	47	63.5	18.5	29.5	59	89.5	57.5	90.5	54	27	43.5	40.5	80	64.5	22.5	68.5	89	57	79	29.5	73	79.5	54	57.5	31.5	32.5	33.5	76	48.5	0	14	65	55.5	67.5	2	33	70	
30.5	29.5	75	73	62.5	56.5	22.5	71.5	5	36	65	39	88	62	59	77.5	32.5	21.5	45	75.5	43.5	80.5	68	13	47.5	40.5	94	76.5	28.5	54.5	75	43	87	21.5	83	91.5	52	53.5	29.5	46.5	27.5	80	34.5	14	0	51	69.5	73.5	12	19	56	
73.5	61.5	32	30	19.5	13.5	59.5	28.5	56	23	24	26	49	19	36	40.5	75.5	53.5	12	32.5	25.5	37.5	21	50	39.5	42.5	53	33.5	65.5	11.5	32	20	44	53.5	40	48.5	29	25.5	66.5	44.5	64.5	37	16.5	65	51	0	32.5	30.5	63	46	5	
54	54	13.5	15.5	31	19	76	4	64.5	47.5	8.5	44.5	26.5	36.5	24.5	16	56	62	36.5	48	40	43	11.5	74.5	36	43	32.5	17	60	21	43.5	40.5	31.5	62	25.5	32	31.5	30	69	25	71	28.5	41	55.5	69.5	32.5	0	20	57.5	64.5	27.5	
66	66	20.5	22.5	11	31	82	24	76.5	45.5	20.5	48.5	28.5	26.5	36.5	18	68	74	34.5	40	48	45	23.5	72.5	48	55	34.5	3	72	29	39.5	42.5	33.5	74	27.5	34	43.5	42	81	37	83	30.5	39	67.5	73.5	30.5	20	0	69.5	68.5	35.5	
18.5	23.5	63	65	74.5	68.5	34.5	61.5	7	48	53	51	76	74	49	65.5	20.5	31.5	57	87.5	55.5	92.5	56	25	45.5	42.5	82	66.5	24.5	66.5	87	55	81	31.5	75	81.5	56	59.5	33.5	34.5	35.5	78	46.5	2	12	63	57.5	69.5	0	31	68	
35.5	29.5	70	68	57.5	51.5	27.5	66.5	24	31	60	34	83	57	54	72.5	37.5	21.5	40	70.5	38.5	75.5	63	18	42.5	35.5	89	71.5	33.5	49.5	70	38	82	21.5	78	86.5	47	48.5	34.5	41.5	32.5	75	29.5	33	19	46	64.5	68.5	31	0	51	
68.5	66.5	33	35	24.5	18.5	64.5	31.5	61	28	19	31	46	24	39	35.5	70.5	58.5	17	37.5	30.5	42.5	16	55	44.5	47.5	52	36.5	70.5	16.5	37	25	49	58.5	45	51.5	34	30.5	71.5	39.5	69.5	42	21.5	70	56	5	27.5	35.5	68	51	0	
