Number of items: 50
Horizon: 9
Time limit: 500
Load limit: 3000
Initial item inventory level
47
114
78
69
97
249
168
17
188
84
81
22
14
63
89
130
180
120
63
150
222
183
34
84
60
55
249
53
74
168
30
49
61
168
82
45
246
41
132
26
47
30
58
92
43
91
83
120
136
43
Maximum inventory capacity per item
94
152
117
92
194
332
224
34
282
112
162
44
28
126
178
195
270
180
126
225
296
244
68
168
90
110
332
106
111
224
40
98
122
224
164
60
328
82
176
52
94
40
87
138
86
182
166
160
204
86
Reserve storage replenishment rate per item and per period
282	0	0	282	0	0	282	0	0	
228	0	0	228	0	0	228	0	0	
234	0	0	234	0	0	234	0	0	
138	0	0	138	0	0	138	0	0	
582	0	0	582	0	0	582	0	0	
498	0	0	498	0	0	498	0	0	
336	0	0	336	0	0	336	0	0	
102	0	0	102	0	0	102	0	0	
564	0	0	564	0	0	564	0	0	
168	0	0	168	0	0	168	0	0	
486	0	0	486	0	0	486	0	0	
132	0	0	132	0	0	132	0	0	
84	0	0	84	0	0	84	0	0	
378	0	0	378	0	0	378	0	0	
534	0	0	534	0	0	534	0	0	
390	0	0	390	0	0	390	0	0	
540	0	0	540	0	0	540	0	0	
360	0	0	360	0	0	360	0	0	
378	0	0	378	0	0	378	0	0	
450	0	0	450	0	0	450	0	0	
444	0	0	444	0	0	444	0	0	
366	0	0	366	0	0	366	0	0	
204	0	0	204	0	0	204	0	0	
504	0	0	504	0	0	504	0	0	
180	0	0	180	0	0	180	0	0	
330	0	0	330	0	0	330	0	0	
498	0	0	498	0	0	498	0	0	
318	0	0	318	0	0	318	0	0	
222	0	0	222	0	0	222	0	0	
336	0	0	336	0	0	336	0	0	
60	0	0	60	0	0	60	0	0	
294	0	0	294	0	0	294	0	0	
366	0	0	366	0	0	366	0	0	
336	0	0	336	0	0	336	0	0	
492	0	0	492	0	0	492	0	0	
90	0	0	90	0	0	90	0	0	
492	0	0	492	0	0	492	0	0	
246	0	0	246	0	0	246	0	0	
264	0	0	264	0	0	264	0	0	
156	0	0	156	0	0	156	0	0	
282	0	0	282	0	0	282	0	0	
60	0	0	60	0	0	60	0	0	
174	0	0	174	0	0	174	0	0	
276	0	0	276	0	0	276	0	0	
258	0	0	258	0	0	258	0	0	
546	0	0	546	0	0	546	0	0	
498	0	0	498	0	0	498	0	0	
240	0	0	240	0	0	240	0	0	
408	0	0	408	0	0	408	0	0	
258	0	0	258	0	0	258	0	0	
Forward storage demand rate per item and per period
47	20	76	47	70	76	53	54	51	
38	9	22	37	51	23	44	34	45	
39	29	15	30	70	39	57	46	41	
23	0	20	28	12	7	8	27	22	
97	47	116	118	91	81	98	149	17	
83	112	64	57	43	36	56	113	75	
56	25	22	47	13	67	44	80	55	
17	8	9	21	16	17	16	25	10	
94	83	27	86	70	61	159	54	65	
28	42	20	19	26	42	34	40	15	
81	112	88	40	27	19	119	43	74	
22	23	10	22	14	34	41	33	3	
14	14	14	10	12	20	20	12	6	
63	61	19	39	53	18	78	46	85	
89	12	66	101	30	124	18	58	77	
65	35	58	54	55	56	68	73	37	
90	125	79	92	105	166	93	94	119	
60	72	40	36	95	64	45	69	77	
63	31	37	73	88	75	68	42	47	
75	106	91	81	45	98	66	116	58	
74	88	22	100	87	72	40	88	62	
61	106	31	21	19	81	12	26	98	
34	35	23	10	46	26	6	38	42	
84	120	117	78	80	74	46	72	102	
30	44	37	31	39	42	49	34	2	
55	15	49	15	96	95	38	51	80	
83	72	89	116	54	81	40	80	33	
53	70	62	102	83	37	84	33	8	
37	42	31	42	38	55	37	34	28	
56	78	43	37	29	46	28	90	96	
10	5	9	7	11	16	9	8	11	
49	29	41	50	65	61	55	56	63	
61	73	55	76	41	76	31	49	78	
56	83	105	36	50	50	60	76	51	
82	58	70	99	99	115	14	70	69	
15	16	11	18	19	17	13	17	20	
82	53	148	113	50	14	54	125	103	
41	46	53	72	40	28	52	55	16	
44	61	17	63	9	71	39	61	34	
26	42	35	41	10	26	22	34	43	
47	22	11	67	40	41	43	50	48	
10	17	11	13	15	11	11	14	7	
29	26	15	47	15	40	14	23	26	
46	40	50	39	27	25	69	67	45	
43	64	46	34	38	43	19	33	49	
91	142	66	131	165	99	128	10	80	
83	93	17	113	77	48	94	62	89	
40	5	21	38	28	62	46	11	32	
68	74	39	92	46	19	49	58	124	
43	47	25	57	2	65	33	64	54	
Distance matrix
0	42	84	8	91.5	5.5	46	39.5	39.5	52.5	71.5	68.5	51	47	58	16	79.5	41	99.5	74	41.5	34.5	87	78.5	48	55	17.5	41.5	27.5	10	59.5	75.5	81	4	12.5	50	29.5	47	29	34	47.5	30.5	59.5	40.5	69	57.5	58	27	33	49	78	
42	0	74	40	61.5	42.5	32	41.5	18.5	50.5	51.5	54.5	47	31	60	42	73.5	43	63.5	76	16.5	23.5	61	80.5	50	13	40.5	16.5	30.5	42	23.5	77.5	67	46	39.5	52	31.5	41	29	24	15.5	27.5	43.5	17.5	29	35.5	30	29	25	39	50	
84	74	0	82	24.5	84.5	70	58.5	76.5	51.5	44.5	47.5	55	69	42	100	28.5	45	21.5	10	74.5	81.5	29	22.5	52	61	96.5	74.5	88.5	84	56.5	19.5	35	88	81.5	44	58.5	61	87	82	68.5	85.5	56.5	75.5	47	58.5	58	61	83	63	38	
8	40	82	0	89.5	8.5	44	37.5	37.5	50.5	69.5	66.5	49	45	56	24	77.5	39	97.5	72	39.5	32.5	85	76.5	46	47	20.5	35.5	30.5	2	57.5	73.5	79	12	10.5	48	27.5	45	27	32	45.5	28.5	57.5	38.5	63	55.5	56	25	31	47	76	
91.5	61.5	24.5	89.5	0	92	57.5	64	64	51	32	35	52.5	56.5	45.5	87.5	12	52.5	14	30.5	62	69	16.5	35	55.5	48.5	86	62	76	91.5	44	32	22.5	95.5	89	51.5	66	56.5	74.5	69.5	56	73	44	63	34.5	46	45.5	68.5	70.5	54.5	25.5	
5.5	42.5	84.5	8.5	92	0	46.5	40	40	53	72	69	51.5	47.5	58.5	21.5	80	41.5	100	74.5	42	35	87.5	79	48.5	49.5	12	38	22	10.5	60	76	81.5	9.5	13	50.5	30	47.5	29.5	34.5	48	31	60	41	65.5	58	58.5	27.5	33.5	49.5	78.5	
46	32	70	44	57.5	46.5	0	25.5	34.5	38.5	47.5	50.5	37	1	44	58	65.5	27	59.5	60	32.5	39.5	57	64.5	34	19	56.5	32.5	46.5	46	19.5	61.5	63	50	43.5	36	20.5	33	45	40	26.5	43.5	39.5	33.5	25	31.5	26	23	41	35	46	
39.5	41.5	58.5	37.5	64	40	25.5	0	46	27	46	43	25.5	26.5	32.5	55.5	54	15.5	66	48.5	44	39	61.5	53	22.5	30.5	52	44	58	39.5	20	50	55.5	43.5	37	24.5	14	21.5	48.5	43.5	38	45	34	45	31.5	32	32.5	16.5	52.5	23.5	52.5	
39.5	18.5	76.5	37.5	64	40	34.5	46	0	53	54	57	49.5	33.5	62.5	29.5	76	55.5	66	86.5	14	21	63.5	87	52.5	15.5	28	2	18	35.5	26	90	69.5	41.5	33	60.5	44	43.5	16.5	16.5	18	9	46	15	31.5	38	32.5	41.5	12.5	41.5	52.5	
52.5	50.5	51.5	50.5	51	53	38.5	27	53	0	39	36	23.5	39.5	25.5	68.5	47	13.5	53	41.5	51	52	50.5	46	20.5	37.5	65	51	65	52.5	33	43	48.5	56.5	50	17.5	27	29.5	61.5	56.5	45	58	7	52	23.5	35	34.5	29.5	59.5	31.5	39.5	
71.5	51.5	44.5	69.5	32	72	47.5	46	54	39	0	3	42.5	46.5	29.5	77.5	44	32.5	34	40.5	52	59	31.5	45	39.5	38.5	76	52	66	71.5	34	42	37.5	75.5	69	31.5	46	46.5	64.5	59.5	46	63	34	53	24.5	36	35.5	48.5	60.5	44.5	20.5	
68.5	54.5	47.5	66.5	35	69	50.5	43	57	36	3	0	39.5	49.5	26.5	80.5	43	29.5	37	37.5	55	62	34.5	42	36.5	41.5	79	55	69	68.5	37	39	40.5	72.5	66	28.5	43	45.5	67.5	62.5	49	66	37	56	27.5	39	38.5	45.5	63.5	47.5	23.5	
51	47	55	49	52.5	51.5	37	25.5	49.5	23.5	42.5	39.5	0	38	29	67	50.5	10	54.5	45	47.5	50.5	52	49.5	3	34	63.5	47.5	61.5	51	29.5	46.5	52	55	48.5	21	25.5	28	60	55	41.5	56.5	30.5	48.5	18	31.5	31	28	56	30	41	
47	31	69	45	56.5	47.5	1	26.5	33.5	39.5	46.5	49.5	38	0	45	57	66.5	28	58.5	61	31.5	38.5	56	65.5	35	18	55.5	31.5	45.5	47	18.5	62.5	62	51	44.5	37	21.5	34	44	39	25.5	42.5	38.5	32.5	24	30.5	25	24	40	34	45	
58	60	42	56	45.5	58.5	44	32.5	62.5	25.5	29.5	26.5	29	45	0	74	37.5	19	47.5	32	60.5	57.5	45	36.5	26	47	70.5	60.5	74.5	58	42.5	33.5	39	62	55.5	18	32.5	35	67	62	54.5	63.5	32.5	61.5	33	40.5	44	35	69	37	34	
16	42	100	24	87.5	21.5	58	55.5	29.5	68.5	77.5	80.5	67	57	74	0	95.5	57	89.5	90	37.5	44.5	87	94.5	64	39	31.5	27.5	21.5	26	49.5	91.5	93	12	28.5	66	45.5	63	35	40	41.5	38.5	69.5	38.5	55	61.5	56	43	31	65	76	
79.5	73.5	28.5	77.5	12	80	65.5	54	76	47	44	43	50.5	66.5	37.5	95.5	0	40.5	26	18.5	74	79	28.5	23	47.5	60.5	92	74	88	79.5	56	20	30.5	83.5	77	39.5	54	56.5	86.5	81.5	68	85	54	75	46.5	58	57.5	56.5	82.5	58.5	37.5	
41	43	45	39	52.5	41.5	27	15.5	55.5	13.5	32.5	29.5	10	28	19	57	40.5	0	60.5	35	47.5	40.5	48	39.5	7	44	53.5	57.5	63.5	41	35.5	36.5	42	45	38.5	11	15.5	18	50	45	43.5	46.5	20.5	46.5	28	23.5	29	18	54	20	39	
99.5	63.5	21.5	97.5	14	100	59.5	66	66	53	34	37	54.5	58.5	47.5	89.5	26	60.5	0	31.5	64	71	18.5	21	57.5	50.5	88	64	78	95.5	46	24	24.5	101.5	93	55.5	74	58.5	76.5	71.5	58	75	46	65	36.5	48	47.5	76.5	72.5	56.5	27.5	
74	76	10	72	30.5	74.5	60	48.5	86.5	41.5	40.5	37.5	45	61	32	90	18.5	35	31.5	0	80.5	73.5	31	12.5	42	71	86.5	84.5	96.5	74	66.5	9.5	25	78	71.5	34	48.5	51	83	78	76.5	79.5	48.5	79.5	57	56.5	62	51	87	53	42	
41.5	16.5	74.5	39.5	62	42	32.5	44	14	51	52	55	47.5	31.5	60.5	37.5	74	47.5	64	80.5	0	7	61.5	85	50.5	13.5	36	12	26	41.5	24	82	67.5	45.5	39	56.5	36	41.5	24.5	19.5	16	23	44	1	29.5	36	30.5	33.5	20.5	39.5	50.5	
34.5	23.5	81.5	32.5	69	35	39.5	39	21	52	59	62	50.5	38.5	57.5	44.5	79	40.5	71	73.5	7	0	68.5	78	47.5	20.5	43	19	33	34.5	31	75	74.5	38.5	32	49.5	29	46.5	31.5	26.5	23	30	51	6	36.5	43	37.5	26.5	27.5	46.5	57.5	
87	61	29	85	16.5	87.5	57	61.5	63.5	50.5	31.5	34.5	52	56	45	87	28.5	48	18.5	31	61.5	68.5	0	35.5	55	48	85.5	61.5	75.5	87	43.5	32.5	6	91	84.5	47	61.5	56	74	69	55.5	72.5	43.5	62.5	34	45.5	45	64	70	54	25	
78.5	80.5	22.5	76.5	35	79	64.5	53	87	46	45	42	49.5	65.5	36.5	94.5	23	39.5	21	12.5	85	78	35.5	0	46.5	71.5	91	85	99	78.5	67	3	29.5	82.5	76	38.5	53	55.5	87.5	82.5	79	84	53	84	57.5	61	66.5	55.5	91.5	57.5	46.5	
48	50	52	46	55.5	48.5	34	22.5	52.5	20.5	39.5	36.5	3	35	26	64	47.5	7	57.5	42	50.5	47.5	55	46.5	0	37	60.5	50.5	64.5	48	32.5	43.5	49	52	45.5	18	22.5	25	57	52	44.5	53.5	27.5	51.5	21	30.5	34	25	59	27	44	
55	13	61	47	48.5	49.5	19	30.5	15.5	37.5	38.5	41.5	34	18	47	39	60.5	44	50.5	71	13.5	20.5	48	71.5	37	0	37.5	13.5	27.5	45	10.5	74.5	54	51	42.5	45	30.5	28	26	21	7.5	24.5	30.5	14.5	16	22.5	17	28	22	26	37	
17.5	40.5	96.5	20.5	86	12	56.5	52	28	65	76	79	63.5	55.5	70.5	31.5	92	53.5	88	86.5	36	43	85.5	91	60.5	37.5	0	26	10	22.5	48	88	91.5	21.5	25	62.5	42	59.5	33.5	38.5	40	37	68	37	53.5	60	54.5	39.5	29.5	61.5	74.5	
41.5	16.5	74.5	35.5	62	38	32.5	44	2	51	52	55	47.5	31.5	60.5	27.5	74	57.5	64	84.5	12	19	61.5	85	50.5	13.5	26	0	16	33.5	24	88	67.5	39.5	31	58.5	44	41.5	14.5	14.5	16	11	44	13	29.5	36	30.5	41.5	10.5	39.5	50.5	
27.5	30.5	88.5	30.5	76	22	46.5	58	18	65	66	69	61.5	45.5	74.5	21.5	88	63.5	78	96.5	26	33	75.5	99	64.5	27.5	10	16	0	32.5	38	98	81.5	31.5	35	72.5	52	55.5	23.5	28.5	30	27	58	27	43.5	50	44.5	49.5	19.5	53.5	64.5	
10	42	84	2	91.5	10.5	46	39.5	35.5	52.5	71.5	68.5	51	47	58	26	79.5	41	95.5	74	41.5	34.5	87	78.5	48	45	22.5	33.5	32.5	0	55.5	75.5	81	14	12.5	50	29.5	47	29	34	47.5	30.5	59.5	40.5	61	57.5	58	27	33	49	78	
59.5	23.5	56.5	57.5	44	60	19.5	20	26	33	34	37	29.5	18.5	42.5	49.5	56	35.5	46	66.5	24	31	43.5	67	32.5	10.5	48	24	38	55.5	0	70	49.5	61.5	53	40.5	34	23.5	36.5	31.5	18	35	26	25	11.5	18	12.5	36.5	32.5	21.5	32.5	
75.5	77.5	19.5	73.5	32	76	61.5	50	90	43	42	39	46.5	62.5	33.5	91.5	20	36.5	24	9.5	82	75	32.5	3	43.5	74.5	88	88	98	75.5	70	0	26.5	79.5	73	35.5	50	52.5	84.5	79.5	78	81	50	81	60.5	58	63.5	52.5	88.5	54.5	43.5	
81	67	35	79	22.5	81.5	63	55.5	69.5	48.5	37.5	40.5	52	62	39	93	30.5	42	24.5	25	67.5	74.5	6	29.5	49	54	91.5	67.5	81.5	81	49.5	26.5	0	85	78.5	41	55.5	58	80	75	61.5	78.5	49.5	68.5	40	51.5	51	58	76	60	31	
4	46	88	12	95.5	9.5	50	43.5	41.5	56.5	75.5	72.5	55	51	62	12	83.5	45	101.5	78	45.5	38.5	91	82.5	52	51	21.5	39.5	31.5	14	61.5	79.5	85	0	16.5	54	33.5	51	33	38	51.5	34.5	63.5	44.5	67	61.5	62	31	37	53	82	
12.5	39.5	81.5	10.5	89	13	43.5	37	33	50	69	66	48.5	44.5	55.5	28.5	77	38.5	93	71.5	39	32	84.5	76	45.5	42.5	25	31	35	12.5	53	73	78.5	16.5	0	47.5	27	44.5	26.5	31.5	45	28	57	38	58.5	55	55.5	24.5	30.5	46.5	75.5	
50	52	44	48	51.5	50.5	36	24.5	60.5	17.5	31.5	28.5	21	37	18	66	39.5	11	55.5	34	56.5	49.5	47	38.5	18	45	62.5	58.5	72.5	50	40.5	35.5	41	54	47.5	0	24.5	27	59	54	52.5	55.5	24.5	55.5	31	32.5	38	27	63	29	38	
29.5	31.5	58.5	27.5	66	30	20.5	14	44	27	46	43	25.5	21.5	32.5	45.5	54	15.5	74	48.5	36	29	61.5	53	22.5	30.5	42	44	52	29.5	34	50	55.5	33.5	27	24.5	0	21.5	38.5	33.5	32	35	34	35	41.5	32	32.5	6.5	42.5	23.5	52.5	
47	41	61	45	56.5	47.5	33	21.5	43.5	29.5	46.5	45.5	28	34	35	63	56.5	18	58.5	51	41.5	46.5	56	55.5	25	28	59.5	41.5	55.5	47	23.5	52.5	58	51	44.5	27	21.5	0	54	49	35.5	52.5	36.5	42.5	24	30.5	11	24	50	2	45	
29	29	87	27	74.5	29.5	45	48.5	16.5	61.5	64.5	67.5	60	44	67	35	86.5	50	76.5	83	24.5	31.5	74	87.5	57	26	33.5	14.5	23.5	29	36.5	84.5	80	33	26.5	59	38.5	54	0	27	28.5	25.5	56.5	25.5	42	48.5	43	36	4	52	63	
34	24	82	32	69.5	34.5	40	43.5	16.5	56.5	59.5	62.5	55	39	62	40	81.5	45	71.5	78	19.5	26.5	69	82.5	52	21	38.5	14.5	28.5	34	31.5	79.5	75	38	31.5	54	33.5	49	27	0	23.5	25.5	51.5	20.5	37	43.5	38	31	23	47	58	
47.5	15.5	68.5	45.5	56	48	26.5	38	18	45	46	49	41.5	25.5	54.5	41.5	68	43.5	58	76.5	16	23	55.5	79	44.5	7.5	40	16	30	47.5	18	78	61.5	51.5	45	52.5	32	35.5	28.5	23.5	0	27	38	17	23.5	30	24.5	29.5	24.5	33.5	44.5	
30.5	27.5	85.5	28.5	73	31	43.5	45	9	58	63	66	56.5	42.5	63.5	38.5	85	46.5	75	79.5	23	30	72.5	84	53.5	24.5	37	11	27	30.5	35	81	78.5	34.5	28	55.5	35	52.5	25.5	25.5	27	0	55	24	40.5	47	41.5	32.5	21.5	50.5	61.5	
59.5	43.5	56.5	57.5	44	60	39.5	34	46	7	34	37	30.5	38.5	32.5	69.5	54	20.5	46	48.5	44	51	43.5	53	27.5	30.5	68	44	58	59.5	26	50	49.5	63.5	57	24.5	34	36.5	56.5	51.5	38	55	0	45	16.5	28	27.5	36.5	52.5	36.5	32.5	
40.5	17.5	75.5	38.5	63	41	33.5	45	15	52	53	56	48.5	32.5	61.5	38.5	75	46.5	65	79.5	1	6	62.5	84	51.5	14.5	37	13	27	40.5	25	81	68.5	44.5	38	55.5	35	42.5	25.5	20.5	17	24	45	0	30.5	37	31.5	32.5	21.5	40.5	51.5	
69	29	47	63	34.5	65.5	25	31.5	31.5	23.5	24.5	27.5	18	24	33	55	46.5	28	36.5	57	29.5	36.5	34	57.5	21	16	53.5	29.5	43.5	61	11.5	60.5	40	67	58.5	31	41.5	24	42	37	23.5	40.5	16.5	30.5	0	13.5	13	44	38	22	23	
57.5	35.5	58.5	55.5	46	58	31.5	32	38	35	36	39	31.5	30.5	40.5	61.5	58	23.5	48	56.5	36	43	45.5	61	30.5	22.5	60	36	50	57.5	18	58	51.5	61.5	55	32.5	32	30.5	48.5	43.5	30	47	28	37	13.5	0	19.5	34.5	44.5	28.5	34.5	
58	30	58	56	45.5	58.5	26	32.5	32.5	34.5	35.5	38.5	31	25	44	56	57.5	29	47.5	62	30.5	37.5	45	66.5	34	17	54.5	30.5	44.5	58	12.5	63.5	51	62	55.5	38	32.5	11	43	38	24.5	41.5	27.5	31.5	13	19.5	0	35	39	9	34	
27	29	61	25	68.5	27.5	23	16.5	41.5	29.5	48.5	45.5	28	24	35	43	56.5	18	76.5	51	33.5	26.5	64	55.5	25	28	39.5	41.5	49.5	27	36.5	52.5	58	31	24.5	27	6.5	24	36	31	29.5	32.5	36.5	32.5	44	34.5	35	0	40	26	55	
33	25	83	31	70.5	33.5	41	52.5	12.5	59.5	60.5	63.5	56	40	69	31	82.5	54	72.5	87	20.5	27.5	70	91.5	59	22	29.5	10.5	19.5	33	32.5	88.5	76	37	30.5	63	42.5	50	4	23	24.5	21.5	52.5	21.5	38	44.5	39	40	0	48	59	
49	39	63	47	54.5	49.5	35	23.5	41.5	31.5	44.5	47.5	30	34	37	65	58.5	20	56.5	53	39.5	46.5	54	57.5	27	26	61.5	39.5	53.5	49	21.5	54.5	60	53	46.5	29	23.5	2	52	47	33.5	50.5	36.5	40.5	22	28.5	9	26	48	0	43	
78	50	38	76	25.5	78.5	46	52.5	52.5	39.5	20.5	23.5	41	45	34	76	37.5	39	27.5	42	50.5	57.5	25	46.5	44	37	74.5	50.5	64.5	78	32.5	43.5	31	82	75.5	38	52.5	45	63	58	44.5	61.5	32.5	51.5	23	34.5	34	55	59	43	0	
