Number of items: 50
Horizon: 15
Time limit: 500
Load limit: 3000
Initial item inventory level
147
225
135
192
42
49
85
50
44
170
91
48
71
40
98
47
204
42
45
38
138
154
52
148
92
99
36
44
138
38
201
106
147
37
228
56
48
66
154
24
196
29
132
42
92
117
170
50
165
73
Maximum inventory capacity per item
196
300
180
288
84
98
170
75
66
255
182
72
142
60
196
94
272
56
90
57
184
231
104
222
184
198
54
66
207
57
268
159
196
74
304
112
72
88
231
36
294
58
176
84
138
156
255
100
220
146
Reserve storage replenishment rate per item and per period
294	0	0	294	0	0	294	0	0	294	0	0	294	0	0	
450	0	0	450	0	0	450	0	0	450	0	0	450	0	0	
270	0	0	270	0	0	270	0	0	270	0	0	270	0	0	
576	0	0	576	0	0	576	0	0	576	0	0	576	0	0	
252	0	0	252	0	0	252	0	0	252	0	0	252	0	0	
294	0	0	294	0	0	294	0	0	294	0	0	294	0	0	
510	0	0	510	0	0	510	0	0	510	0	0	510	0	0	
150	0	0	150	0	0	150	0	0	150	0	0	150	0	0	
132	0	0	132	0	0	132	0	0	132	0	0	132	0	0	
510	0	0	510	0	0	510	0	0	510	0	0	510	0	0	
546	0	0	546	0	0	546	0	0	546	0	0	546	0	0	
144	0	0	144	0	0	144	0	0	144	0	0	144	0	0	
426	0	0	426	0	0	426	0	0	426	0	0	426	0	0	
120	0	0	120	0	0	120	0	0	120	0	0	120	0	0	
588	0	0	588	0	0	588	0	0	588	0	0	588	0	0	
282	0	0	282	0	0	282	0	0	282	0	0	282	0	0	
408	0	0	408	0	0	408	0	0	408	0	0	408	0	0	
84	0	0	84	0	0	84	0	0	84	0	0	84	0	0	
270	0	0	270	0	0	270	0	0	270	0	0	270	0	0	
114	0	0	114	0	0	114	0	0	114	0	0	114	0	0	
276	0	0	276	0	0	276	0	0	276	0	0	276	0	0	
462	0	0	462	0	0	462	0	0	462	0	0	462	0	0	
312	0	0	312	0	0	312	0	0	312	0	0	312	0	0	
444	0	0	444	0	0	444	0	0	444	0	0	444	0	0	
552	0	0	552	0	0	552	0	0	552	0	0	552	0	0	
594	0	0	594	0	0	594	0	0	594	0	0	594	0	0	
108	0	0	108	0	0	108	0	0	108	0	0	108	0	0	
132	0	0	132	0	0	132	0	0	132	0	0	132	0	0	
414	0	0	414	0	0	414	0	0	414	0	0	414	0	0	
114	0	0	114	0	0	114	0	0	114	0	0	114	0	0	
402	0	0	402	0	0	402	0	0	402	0	0	402	0	0	
318	0	0	318	0	0	318	0	0	318	0	0	318	0	0	
294	0	0	294	0	0	294	0	0	294	0	0	294	0	0	
222	0	0	222	0	0	222	0	0	222	0	0	222	0	0	
456	0	0	456	0	0	456	0	0	456	0	0	456	0	0	
336	0	0	336	0	0	336	0	0	336	0	0	336	0	0	
144	0	0	144	0	0	144	0	0	144	0	0	144	0	0	
132	0	0	132	0	0	132	0	0	132	0	0	132	0	0	
462	0	0	462	0	0	462	0	0	462	0	0	462	0	0	
72	0	0	72	0	0	72	0	0	72	0	0	72	0	0	
588	0	0	588	0	0	588	0	0	588	0	0	588	0	0	
174	0	0	174	0	0	174	0	0	174	0	0	174	0	0	
264	0	0	264	0	0	264	0	0	264	0	0	264	0	0	
252	0	0	252	0	0	252	0	0	252	0	0	252	0	0	
276	0	0	276	0	0	276	0	0	276	0	0	276	0	0	
234	0	0	234	0	0	234	0	0	234	0	0	234	0	0	
510	0	0	510	0	0	510	0	0	510	0	0	510	0	0	
300	0	0	300	0	0	300	0	0	300	0	0	300	0	0	
330	0	0	330	0	0	330	0	0	330	0	0	330	0	0	
438	0	0	438	0	0	438	0	0	438	0	0	438	0	0	
Forward storage demand rate per item and per period
49	71	71	33	64	77	53	91	17	78	45	54	53	42	23	
75	70	121	81	67	47	111	111	135	55	83	81	83	89	103	
45	9	63	54	50	58	37	26	50	20	67	31	19	34	67	
96	108	13	40	103	97	166	64	69	139	62	132	92	142	113	
42	69	38	45	28	50	61	27	41	36	77	30	55	17	8	
49	62	41	52	52	71	46	74	78	38	65	58	56	69	82	
85	79	38	57	76	27	87	105	131	16	65	148	72	100	100	
25	29	47	21	24	30	23	28	13	23	23	31	2	6	38	
22	13	13	18	25	37	36	10	21	31	19	16	40	32	16	
85	108	64	81	65	70	38	78	72	112	131	86	106	61	76	
91	83	99	57	15	51	122	86	75	42	103	40	160	81	135	
24	35	27	26	40	20	26	22	30	18	13	15	14	22	6	
71	98	38	48	75	89	18	59	89	57	110	71	110	53	93	
20	11	21	17	36	14	20	20	17	14	22	39	26	24	21	
98	87	145	130	64	49	87	158	93	73	125	65	73	63	161	
47	67	29	1	30	40	50	36	26	44	44	50	50	37	41	
68	92	84	54	62	64	81	79	71	84	15	69	123	67	62	
14	10	17	13	7	20	22	19	15	18	16	19	14	14	14	
45	29	40	80	60	51	38	34	52	40	16	47	44	28	44	
19	17	20	7	9	19	25	15	14	17	13	25	18	20	28	
46	27	24	39	57	30	69	39	12	47	38	31	80	8	60	
77	131	131	45	90	44	82	111	78	119	135	103	53	46	121	
52	22	47	51	53	53	81	74	30	27	10	38	26	76	47	
74	73	36	129	49	63	40	65	87	63	87	107	26	96	59	
92	160	161	72	64	85	94	164	103	37	88	102	154	126	114	
99	140	96	43	120	92	105	111	95	77	102	162	80	106	103	
18	15	25	28	15	12	26	14	12	27	23	26	16	9	19	
22	17	19	19	15	32	22	18	29	37	19	37	16	18	29	
69	54	114	78	76	74	87	42	72	95	13	34	41	57	72	
19	31	16	15	24	16	22	25	26	17	25	22	27	8	22	
67	76	81	44	101	14	77	67	69	76	54	38	77	59	54	
53	40	71	51	66	69	42	94	15	9	51	91	77	52	49	
49	26	53	45	33	14	46	29	52	63	40	57	46	51	38	
37	27	65	17	67	57	6	40	25	28	25	46	59	40	29	
76	118	78	66	73	70	78	60	67	45	13	57	95	38	114	
56	79	109	6	59	48	57	91	56	57	20	28	42	55	83	
24	14	34	24	15	29	19	45	33	20	24	22	26	12	23	
22	4	8	33	18	7	30	15	15	20	23	27	18	16	20	
77	120	73	82	93	59	90	77	122	55	54	117	38	30	71	
12	12	9	16	3	20	12	15	7	16	14	20	8	13	5	
98	118	64	39	108	50	85	140	143	52	87	135	75	119	125	
29	34	30	16	10	5	36	28	46	20	35	15	42	18	44	
44	53	53	38	71	44	63	44	61	67	15	54	22	19	67	
42	68	44	30	30	63	58	45	36	60	35	43	52	31	52	
46	53	31	61	37	14	49	72	42	27	54	31	31	54	44	
39	42	70	53	30	46	52	14	38	51	58	44	35	47	21	
85	75	98	15	62	134	63	66	84	72	60	51	104	106	70	
50	3	35	42	50	29	79	78	39	3	59	23	61	45	20	
55	31	36	32	43	94	80	80	76	58	77	80	95	47	49	
73	89	90	52	125	63	67	70	91	112	96	112	88	63	95	
Distance matrix
0	41	25.5	22.5	18.5	39.5	60.5	26.5	52	66	75.5	45	75	72	26.5	29	42	34	10	52	73.5	45	31.5	57	41	42	13.5	36	53	33.5	83	58	65.5	69	82.5	43	53	78.5	71	27.5	55.5	25	70	69.5	87.5	7	31.5	30	50	37.5	6	
41	0	41.5	48.5	34.5	20.5	41.5	22.5	33	47	38.5	34	56	37	32.5	50	23	45	51	33	50.5	34	17.5	38	22	23	39.5	17	12	45.5	56	39	46.5	50	41.5	2	34	59.5	52	43.5	23.5	54	51	50.5	46.5	48	17.5	41	9	41.5	47	
25.5	41.5	0	33	7	40	61	27	52.5	66.5	54	19.5	75.5	52.5	27	30.5	42.5	25.5	35.5	52.5	66	29.5	32	57.5	41.5	42.5	24	36.5	41.5	8	71.5	58.5	66	69.5	57	43.5	53.5	79	71.5	2	34	34.5	70.5	70	62	32.5	32	30.5	44.5	22	31.5	
22.5	48.5	33	0	26	47	68	34	55.5	73.5	57	22.5	82.5	55.5	34	23.5	49.5	23.5	32.5	59.5	69	32.5	39	64.5	48.5	49.5	9	43.5	44.5	29	74.5	65.5	73	76.5	60	50.5	60.5	84	78.5	35	37	27.5	77.5	77	65	29.5	39	37.5	47.5	15	28.5	
18.5	34.5	7	26	0	33	54	20	45.5	59.5	61	26.5	68.5	59.5	20	37.5	35.5	32.5	28.5	45.5	67	36.5	25	50.5	34.5	35.5	17	29.5	46.5	15	76.5	51.5	59	62.5	64	36.5	46.5	72	64.5	9	41	33.5	63.5	63	69	25.5	25	23.5	43.5	29	24.5	
39.5	20.5	40	47	33	0	25	21	21.5	30.5	40	50.5	39.5	36.5	31	66.5	11.5	53.5	49.5	16.5	38	44.5	16	21.5	10.5	6.5	38	5.5	32.5	48	47.5	22.5	30	33.5	43	22.5	17.5	43	35.5	42	40	54.5	34.5	34	48	46.5	16	39.5	29.5	58	45.5	
60.5	41.5	61	68	54	25	0	42	42.5	21.5	29	59.5	30.5	32.5	52	75.5	32.5	70.5	70.5	12.5	13	59.5	37	17.5	31.5	22.5	59	26.5	51.5	69	36.5	18.5	21	24.5	22	43.5	23.5	34	26.5	63	49	75.5	25.5	25	27	67.5	37	60.5	50.5	67	66.5	
26.5	22.5	27	34	20	21	42	0	33.5	47.5	53	33.5	56.5	51.5	18	49.5	23.5	40.5	36.5	33.5	55	31.5	13	38.5	22.5	23.5	25	17.5	34.5	35	64.5	39.5	47	50.5	56	24.5	34.5	60	52.5	29	33	41.5	51.5	51	61	33.5	13	26.5	31.5	41	32.5	
52	33	52.5	55.5	45.5	21.5	42.5	33.5	0	48	27.5	33	57	26	43.5	49	10	44	62	34	39.5	33	28.5	39	11	24	50.5	16	25	44.5	45	40	47.5	51	30.5	35	35	54.5	53	50.5	22.5	53	48	51.5	35.5	59	28.5	48	28	40.5	58	
66	47	66.5	73.5	59.5	30.5	21.5	47.5	48	0	28.5	59	31	32	57.5	75	38	70	76	18	30.5	59	42.5	23	37	28	64.5	32	51	70.5	31	24	21.5	25	21.5	49	29	34.5	27	68.5	48.5	79	4	25.5	21.5	73	42.5	66	54	66.5	72	
75.5	38.5	54	57	61	40	29	53	27.5	28.5	0	34.5	39.5	7.5	53	50.5	37.5	45.5	69.5	32.5	16	34.5	48	27.5	38.5	37.5	66	41.5	26.5	46	21.5	26.5	34	45.5	7	36.5	26.5	31	51.5	52	24	54.5	24.5	40	12	72.5	48	49.5	29.5	42	73.5	
45	34	19.5	22.5	26.5	50.5	59.5	33.5	33	59	34.5	0	70	33	23.5	16	43	11	35	63	46.5	10	38.5	58	44	53	31.5	49	22	11.5	52	57	64.5	76	37.5	32	52	61.5	84	17.5	14.5	20	55	70.5	42.5	38	38.5	15	25	7.5	39	
75	56	75.5	82.5	68.5	39.5	30.5	56.5	57	31	39.5	70	0	43	66.5	86	47	81	85	27	41.5	70	51.5	32	46	37	73.5	41	62	81.5	32	33	25.5	6	32.5	58	38	28.5	16	77.5	59.5	90	35	19.5	27.5	82	51.5	75	65	77.5	81	
72	37	52.5	55.5	59.5	36.5	32.5	51.5	26	32	7.5	33	43	0	51.5	49	36	44	68	34	19.5	33	46.5	31	37	34	64.5	38	25	44.5	25	30	37.5	49	10.5	35	19	34.5	53	50.5	22.5	53	28	43.5	15.5	71	46.5	48	28	40.5	72	
26.5	32.5	27	34	20	31	52	18	43.5	57.5	53	23.5	66.5	51.5	0	39.5	33.5	34.5	36.5	43.5	65	28.5	23	48.5	32.5	33.5	25	27.5	40.5	35	70.5	49.5	57	60.5	56	34.5	44.5	70	62.5	29	33	41.5	61.5	61	61	33.5	23	26.5	41.5	31	32.5	
29	50	30.5	23.5	37.5	66.5	75.5	49.5	49	75	50.5	16	86	49	39.5	0	59	17	19	79	62.5	26	54.5	74	60	69	32.5	65	38	22.5	68	73	80.5	92	53.5	48	68	77.5	100	28.5	30.5	16	71	86.5	58.5	22	54.5	31	41	8.5	23	
42	23	42.5	49.5	35.5	11.5	32.5	23.5	10	38	37.5	43	47	36	33.5	59	0	54	52	24	45.5	43	18.5	29	1	14	40.5	6	35	50.5	55	30	37.5	41	40.5	25	25	50.5	43	44.5	32.5	57	42	41.5	45.5	49	18.5	42	32	50.5	48	
34	45	25.5	23.5	32.5	53.5	70.5	40.5	44	70	45.5	11	81	44	34.5	17	54	0	36	66	57.5	21	45.5	69	55	56	32.5	50	33	17.5	63	68	75.5	83	48.5	43	63	72.5	85	23.5	25.5	21	66	81.5	53.5	39	45.5	26	36	8.5	40	
10	51	35.5	32.5	28.5	49.5	70.5	36.5	62	76	69.5	35	85	68	36.5	19	52	36	0	62	81.5	45	41.5	67	51	52	23.5	46	57	41.5	87	68	75.5	79	72.5	53	63	88.5	81	37.5	49.5	35	80	79.5	77.5	3	41.5	40	60	27.5	4	
52	33	52.5	59.5	45.5	16.5	12.5	33.5	34	18	32.5	63	27	34	43.5	79	24	66	62	0	25.5	57	28.5	5	23	14	50.5	18	45	60.5	35	6	17.5	21	30.5	35	15	30.5	23	54.5	52.5	67	22	21.5	35.5	59	28.5	52	42	70.5	58	
73.5	50.5	66	69	67	38	13	55	39.5	30.5	16	46.5	41.5	19.5	65	62.5	45.5	57.5	81.5	25.5	0	46.5	50	30.5	44.5	35.5	72	39.5	38.5	58	23.5	31.5	34	37.5	9	48.5	36.5	33	39.5	64	36	66.5	26.5	38	14	80.5	50	61.5	41.5	54	79.5	
45	34	29.5	32.5	36.5	44.5	59.5	31.5	33	59	34.5	10	70	33	28.5	26	43	21	45	57	46.5	0	36.5	58	44	47	41.5	41	22	21.5	52	57	64.5	74	37.5	32	52	61.5	76	27.5	14.5	30	55	70.5	42.5	48	36.5	25	25	17.5	49	
31.5	17.5	32	39	25	16	37	13	28.5	42.5	48	38.5	51.5	46.5	23	54.5	18.5	45.5	41.5	28.5	50	36.5	0	33.5	17.5	18.5	30	12.5	29.5	40	59.5	34.5	42	45.5	51	19.5	29.5	55	47.5	34	24	46.5	46.5	46	56	38.5	0	31.5	26.5	46	37.5	
57	38	57.5	64.5	50.5	21.5	17.5	38.5	39	23	27.5	58	32	31	48.5	74	29	69	67	5	30.5	58	33.5	0	28	19	55.5	23	50	65.5	40	1	22.5	26	25.5	40	20	35.5	28	59.5	47.5	72	27	26.5	30.5	64	33.5	57	47	65.5	63	
41	22	41.5	48.5	34.5	10.5	31.5	22.5	11	37	38.5	44	46	37	32.5	60	1	55	51	23	44.5	44	17.5	28	0	13	39.5	5	34	49.5	54	29	36.5	40	41.5	24	24	49.5	42	43.5	33.5	56	41	40.5	46.5	48	17.5	41	31	51.5	47	
42	23	42.5	49.5	35.5	6.5	22.5	23.5	24	28	37.5	53	37	34	33.5	69	14	56	52	14	35.5	47	18.5	19	13	0	40.5	8	35	50.5	45	20	27.5	31	40.5	25	15	40.5	33	44.5	42.5	57	32	31.5	45.5	49	18.5	42	32	60.5	48	
13.5	39.5	24	9	17	38	59	25	50.5	64.5	66	31.5	73.5	64.5	25	32.5	40.5	32.5	23.5	50.5	72	41.5	30	55.5	39.5	40.5	0	34.5	51.5	32	81.5	56.5	64	67.5	69	41.5	51.5	77	69.5	26	46	28.5	68.5	68	74	20.5	30	28.5	48.5	24	19.5	
36	17	36.5	43.5	29.5	5.5	26.5	17.5	16	32	41.5	49	41	38	27.5	65	6	50	46	18	39.5	41	12.5	23	5	8	34.5	0	29	44.5	49	24	31.5	35	46.5	19	19	44.5	37	38.5	36.5	51	36	35.5	51.5	43	12.5	36	26	56.5	42	
53	12	41.5	44.5	46.5	32.5	51.5	34.5	25	51	26.5	22	62	25	40.5	38	35	33	57	45	38.5	22	29.5	50	34	35	51.5	29	0	33.5	44	49	56.5	62	29.5	10	44	53.5	64	39.5	11.5	42	47	62.5	34.5	60	29.5	37	3	29.5	59	
33.5	45.5	8	29	15	48	69	35	44.5	70.5	46	11.5	81.5	44.5	35	22.5	50.5	17.5	41.5	60.5	58	21.5	40	65.5	49.5	50.5	32	44.5	33.5	0	63.5	66.5	74	77.5	49	43.5	61.5	73	79.5	6	26	26.5	66.5	78	54	40.5	40	26.5	36.5	14	39.5	
83	56	71.5	74.5	76.5	47.5	36.5	64.5	45	31	21.5	52	32	25	70.5	68	55	63	87	35	23.5	52	59.5	40	54	45	81.5	49	44	63.5	0	39	31.5	32	14.5	54	44	23.5	34	69.5	41.5	72	27	32.5	9.5	90	59.5	67	47	59.5	89	
58	39	58.5	65.5	51.5	22.5	18.5	39.5	40	24	26.5	57	33	30	49.5	73	30	68	68	6	31.5	57	34.5	1	29	20	56.5	24	49	66.5	39	0	23.5	27	24.5	41	21	36.5	29	60.5	46.5	73	28	27.5	29.5	65	34.5	58	48	64.5	64	
65.5	46.5	66	73	59	30	21	47	47.5	21.5	34	64.5	25.5	37.5	57	80.5	37.5	75.5	75.5	17.5	34	64.5	42	22.5	36.5	27.5	64	31.5	56.5	74	31.5	23.5	0	19.5	27	48.5	28.5	29	21.5	68	54	80.5	25.5	20	22	72.5	42	65.5	55.5	72	71.5	
69	50	69.5	76.5	62.5	33.5	24.5	50.5	51	25	45.5	76	6	49	60.5	92	41	83	79	21	37.5	74	45.5	26	40	31	67.5	35	62	77.5	32	27	19.5	0	38.5	52	32	22.5	10	71.5	65.5	84	29	13.5	33.5	76	45.5	69	59	83.5	75	
82.5	41.5	57	60	64	43	22	56	30.5	21.5	7	37.5	32.5	10.5	56	53.5	40.5	48.5	72.5	30.5	9	37.5	51	25.5	41.5	40.5	69	46.5	29.5	49	14.5	24.5	27	38.5	0	39.5	29.5	24	46.5	55	27	57.5	17.5	33	5	75.5	51	52.5	32.5	45	76.5	
43	2	43.5	50.5	36.5	22.5	43.5	24.5	35	49	36.5	32	58	35	34.5	48	25	43	53	35	48.5	32	19.5	40	24	25	41.5	19	10	43.5	54	41	48.5	52	39.5	0	36	61.5	54	45.5	21.5	52	53	52.5	44.5	50	19.5	43	7	39.5	49	
53	34	53.5	60.5	46.5	17.5	23.5	34.5	35	29	26.5	52	38	19	44.5	68	25	63	63	15	36.5	52	29.5	20	24	15	51.5	19	44	61.5	44	21	28.5	32	29.5	36	0	41.5	34	55.5	41.5	68	33	32.5	34.5	60	29.5	53	43	59.5	59	
78.5	59.5	79	84	72	43	34	60	54.5	34.5	31	61.5	28.5	34.5	70	77.5	50.5	72.5	88.5	30.5	33	61.5	55	35.5	49.5	40.5	77	44.5	53.5	73	23.5	36.5	29	22.5	24	61.5	41.5	0	24.5	79	51	81.5	36.5	9	19	85.5	55	76.5	56.5	69	84.5	
71	52	71.5	78.5	64.5	35.5	26.5	52.5	53	27	51.5	84	16	53	62.5	100	43	85	81	23	39.5	76	47.5	28	42	33	69.5	37	64	79.5	34	29	21.5	10	46.5	54	34	24.5	0	73.5	71.5	86	31	15.5	41.5	78	47.5	71	61	91.5	77	
27.5	43.5	2	35	9	42	63	29	50.5	68.5	52	17.5	77.5	50.5	29	28.5	44.5	23.5	37.5	54.5	64	27.5	34	59.5	43.5	44.5	26	38.5	39.5	6	69.5	60.5	68	71.5	55	45.5	55.5	79	73.5	0	32	32.5	72.5	72	60	34.5	34	32.5	42.5	20	33.5	
55.5	23.5	34	37	41	40	49	33	22.5	48.5	24	14.5	59.5	22.5	33	30.5	32.5	25.5	49.5	52.5	36	14.5	24	47.5	33.5	42.5	46	36.5	11.5	26	41.5	46.5	54	65.5	27	21.5	41.5	51	71.5	32	0	34.5	44.5	60	32	52.5	24	29.5	14.5	22	53.5	
25	54	34.5	27.5	33.5	54.5	75.5	41.5	53	79	54.5	20	90	53	41.5	16	57	21	35	67	66.5	30	46.5	72	56	57	28.5	51	42	26.5	72	73	80.5	84	57.5	52	68	81.5	86	32.5	34.5	0	75	84.5	62.5	32	46.5	35	45	12.5	31	
70	51	70.5	77.5	63.5	34.5	25.5	51.5	48	4	24.5	55	35	28	61.5	71	42	66	80	22	26.5	55	46.5	27	41	32	68.5	36	47	66.5	27	28	25.5	29	17.5	53	33	36.5	31	72.5	44.5	75	0	29.5	17.5	77	46.5	70	50	62.5	76	
69.5	50.5	70	77	63	34	25	51	51.5	25.5	40	70.5	19.5	43.5	61	86.5	41.5	81.5	79.5	21.5	38	70.5	46	26.5	40.5	31.5	68	35.5	62.5	78	32.5	27.5	20	13.5	33	52.5	32.5	9	15.5	72	60	84.5	29.5	0	28	76.5	46	69.5	59.5	78	75.5	
87.5	46.5	62	65	69	48	27	61	35.5	21.5	12	42.5	27.5	15.5	61	58.5	45.5	53.5	77.5	35.5	14	42.5	56	30.5	46.5	45.5	74	51.5	34.5	54	9.5	29.5	22	33.5	5	44.5	34.5	19	41.5	60	32	62.5	17.5	28	0	80.5	56	57.5	37.5	50	81.5	
7	48	32.5	29.5	25.5	46.5	67.5	33.5	59	73	72.5	38	82	71	33.5	22	49	39	3	59	80.5	48	38.5	64	48	49	20.5	43	60	40.5	90	65	72.5	76	75.5	50	60	85.5	78	34.5	52.5	32	77	76.5	80.5	0	38.5	37	57	30.5	1	
31.5	17.5	32	39	25	16	37	13	28.5	42.5	48	38.5	51.5	46.5	23	54.5	18.5	45.5	41.5	28.5	50	36.5	0	33.5	17.5	18.5	30	12.5	29.5	40	59.5	34.5	42	45.5	51	19.5	29.5	55	47.5	34	24	46.5	46.5	46	56	38.5	0	31.5	26.5	46	37.5	
30	41	30.5	37.5	23.5	39.5	60.5	26.5	48	66	49.5	15	75	48	26.5	31	42	26	40	52	61.5	25	31.5	57	41	42	28.5	36	37	26.5	67	58	65.5	69	52.5	43	53	76.5	71	32.5	29.5	35	70	69.5	57.5	37	31.5	0	40	22.5	36	
50	9	44.5	47.5	43.5	29.5	50.5	31.5	28	54	29.5	25	65	28	41.5	41	32	36	60	42	41.5	25	26.5	47	31	32	48.5	26	3	36.5	47	48	55.5	59	32.5	7	43	56.5	61	42.5	14.5	45	50	59.5	37.5	57	26.5	40	0	32.5	56	
37.5	41.5	22	15	29	58	67	41	40.5	66.5	42	7.5	77.5	40.5	31	8.5	50.5	8.5	27.5	70.5	54	17.5	46	65.5	51.5	60.5	24	56.5	29.5	14	59.5	64.5	72	83.5	45	39.5	59.5	69	91.5	20	22	12.5	62.5	78	50	30.5	46	22.5	32.5	0	31.5	
6	47	31.5	28.5	24.5	45.5	66.5	32.5	58	72	73.5	39	81	72	32.5	23	48	40	4	58	79.5	49	37.5	63	47	48	19.5	42	59	39.5	89	64	71.5	75	76.5	49	59	84.5	77	33.5	53.5	31	76	75.5	81.5	1	37.5	36	56	31.5	0	
