Number of items: 50
Horizon: 15
Time limit: 500
Load limit: 3000
Initial item inventory level
67
58
164
12
240
30
10
57
153
49
285
186
45
261
182
86
42
291
92
146
52
65
240
93
43
42
178
45
172
69
106
95
40
54
122
78
33
114
56
77
177
28
51
142
15
39
162
201
196
96
Maximum inventory capacity per item
134
116
246
24
320
45
20
114
204
98
380
248
60
348
273
129
84
388
184
219
78
130
320
124
86
56
267
90
258
92
159
190
80
72
183
117
44
171
112
154
236
56
102
213
30
78
243
268
294
192
Reserve storage replenishment rate per item and per period
402	0	0	402	0	0	402	0	0	402	0	0	402	0	0	
348	0	0	348	0	0	348	0	0	348	0	0	348	0	0	
492	0	0	492	0	0	492	0	0	492	0	0	492	0	0	
72	0	0	72	0	0	72	0	0	72	0	0	72	0	0	
480	0	0	480	0	0	480	0	0	480	0	0	480	0	0	
90	0	0	90	0	0	90	0	0	90	0	0	90	0	0	
60	0	0	60	0	0	60	0	0	60	0	0	60	0	0	
342	0	0	342	0	0	342	0	0	342	0	0	342	0	0	
306	0	0	306	0	0	306	0	0	306	0	0	306	0	0	
294	0	0	294	0	0	294	0	0	294	0	0	294	0	0	
570	0	0	570	0	0	570	0	0	570	0	0	570	0	0	
372	0	0	372	0	0	372	0	0	372	0	0	372	0	0	
90	0	0	90	0	0	90	0	0	90	0	0	90	0	0	
522	0	0	522	0	0	522	0	0	522	0	0	522	0	0	
546	0	0	546	0	0	546	0	0	546	0	0	546	0	0	
258	0	0	258	0	0	258	0	0	258	0	0	258	0	0	
252	0	0	252	0	0	252	0	0	252	0	0	252	0	0	
582	0	0	582	0	0	582	0	0	582	0	0	582	0	0	
552	0	0	552	0	0	552	0	0	552	0	0	552	0	0	
438	0	0	438	0	0	438	0	0	438	0	0	438	0	0	
156	0	0	156	0	0	156	0	0	156	0	0	156	0	0	
390	0	0	390	0	0	390	0	0	390	0	0	390	0	0	
480	0	0	480	0	0	480	0	0	480	0	0	480	0	0	
186	0	0	186	0	0	186	0	0	186	0	0	186	0	0	
258	0	0	258	0	0	258	0	0	258	0	0	258	0	0	
84	0	0	84	0	0	84	0	0	84	0	0	84	0	0	
534	0	0	534	0	0	534	0	0	534	0	0	534	0	0	
270	0	0	270	0	0	270	0	0	270	0	0	270	0	0	
516	0	0	516	0	0	516	0	0	516	0	0	516	0	0	
138	0	0	138	0	0	138	0	0	138	0	0	138	0	0	
318	0	0	318	0	0	318	0	0	318	0	0	318	0	0	
570	0	0	570	0	0	570	0	0	570	0	0	570	0	0	
240	0	0	240	0	0	240	0	0	240	0	0	240	0	0	
108	0	0	108	0	0	108	0	0	108	0	0	108	0	0	
366	0	0	366	0	0	366	0	0	366	0	0	366	0	0	
234	0	0	234	0	0	234	0	0	234	0	0	234	0	0	
66	0	0	66	0	0	66	0	0	66	0	0	66	0	0	
342	0	0	342	0	0	342	0	0	342	0	0	342	0	0	
336	0	0	336	0	0	336	0	0	336	0	0	336	0	0	
462	0	0	462	0	0	462	0	0	462	0	0	462	0	0	
354	0	0	354	0	0	354	0	0	354	0	0	354	0	0	
168	0	0	168	0	0	168	0	0	168	0	0	168	0	0	
306	0	0	306	0	0	306	0	0	306	0	0	306	0	0	
426	0	0	426	0	0	426	0	0	426	0	0	426	0	0	
90	0	0	90	0	0	90	0	0	90	0	0	90	0	0	
234	0	0	234	0	0	234	0	0	234	0	0	234	0	0	
486	0	0	486	0	0	486	0	0	486	0	0	486	0	0	
402	0	0	402	0	0	402	0	0	402	0	0	402	0	0	
588	0	0	588	0	0	588	0	0	588	0	0	588	0	0	
576	0	0	576	0	0	576	0	0	576	0	0	576	0	0	
Forward storage demand rate per item and per period
67	62	72	76	79	98	43	39	56	108	107	38	119	48	52	
58	44	25	104	56	63	46	56	61	83	33	93	106	73	106	
82	51	136	89	69	49	66	84	38	65	40	32	54	76	49	
12	5	6	15	13	14	4	10	14	17	7	13	13	8	14	
80	89	129	105	51	101	125	106	88	80	95	71	41	97	95	
15	17	23	23	13	12	9	25	16	1	13	8	20	27	14	
10	1	10	11	2	6	11	18	6	5	11	6	14	6	12	
57	39	26	46	76	82	23	51	72	79	51	33	48	52	14	
51	70	54	34	38	60	73	48	78	50	48	8	84	42	51	
49	54	48	73	82	14	34	59	21	79	74	62	32	7	41	
95	92	133	128	162	71	89	98	63	86	60	75	77	110	93	
62	50	77	64	49	68	68	78	81	51	31	58	67	78	34	
15	4	5	17	8	9	16	21	13	12	14	7	13	5	13	
87	94	51	68	111	145	10	81	89	61	46	86	55	94	97	
91	107	133	37	102	111	101	116	165	162	15	86	131	92	127	
43	66	81	53	39	61	47	29	46	21	59	35	30	42	31	
42	25	27	50	53	67	58	16	19	25	42	67	27	72	73	
97	114	92	103	108	51	153	128	65	103	121	39	88	102	71	
92	137	85	86	156	147	55	74	90	171	124	157	75	69	128	
73	51	70	70	92	57	116	68	80	81	119	49	99	44	58	
26	32	14	29	31	32	47	27	38	6	20	34	31	42	14	
65	91	118	37	87	62	29	68	111	59	90	100	38	51	117	
80	71	118	82	103	31	47	114	97	8	56	81	151	72	90	
31	51	28	43	31	40	24	17	55	56	19	49	19	15	24	
43	68	47	58	33	14	2	40	51	68	24	30	53	22	19	
14	20	4	10	16	8	12	19	14	15	18	14	18	9	12	
89	33	66	134	50	65	121	67	118	129	77	59	100	149	120	
45	31	69	46	67	56	37	73	32	36	7	72	49	54	50	
86	121	103	24	95	103	124	65	131	61	39	102	9	148	84	
23	34	28	25	23	22	11	22	41	21	13	35	21	23	18	
53	38	42	48	55	74	52	12	59	72	52	87	48	24	55	
95	137	28	116	77	79	131	74	95	71	102	127	37	62	136	
40	18	46	62	64	36	51	21	44	57	48	30	60	33	73	
18	32	14	24	20	10	26	15	31	17	13	21	20	4	5	
61	67	47	65	63	87	31	51	55	88	50	81	46	63	76	
39	57	48	67	59	59	36	62	16	73	44	57	53	20	29	
11	13	17	16	18	7	13	7	9	14	3	11	14	8	19	
57	33	76	107	61	110	70	104	51	32	15	27	98	48	41	
56	65	47	79	2	25	37	62	72	95	68	34	63	19	48	
77	41	128	115	58	81	65	40	81	24	48	113	59	92	68	
59	50	115	109	41	37	17	50	57	69	91	81	53	21	57	
28	19	46	29	25	30	52	24	25	26	23	26	27	18	21	
51	62	34	43	73	66	52	54	25	76	47	30	66	49	16	
71	93	72	57	103	75	65	100	90	96	84	87	83	61	48	
15	16	8	6	20	18	16	22	16	16	13	8	19	11	23	
39	25	30	28	54	61	37	6	47	33	64	70	52	35	42	
81	75	68	101	130	98	90	48	48	127	105	98	126	98	84	
67	25	54	46	114	85	76	60	77	71	32	92	95	59	64	
98	149	74	111	106	131	96	107	116	134	113	111	58	176	109	
96	158	95	109	26	45	82	136	56	134	183	91	177	72	65	
Distance matrix
0	21.5	37	39.5	89.5	88	48	17.5	52	78.5	37.5	24	77	55	72	30.5	35	59.5	55.5	33.5	68.5	94.5	77	70.5	12.5	38	26.5	70.5	36	53	75	54.5	44	44.5	50.5	14.5	76	27	17	73	31	50.5	55	100.5	51	73	13.5	25.5	58.5	26	55	
21.5	0	23.5	34	76	70.5	30.5	14	36.5	65	16	10.5	61.5	41.5	58.5	37	21.5	44	42	40	55	81	63.5	57	19	24.5	43	57	27.5	39.5	53.5	41	30.5	31	37	31	62.5	18.5	38.5	59.5	17.5	37	41.5	83	37.5	59.5	30	22	45	17.5	41.5	
37	23.5	0	51.5	56.5	55	45	29.5	39	45.5	39.5	21	44	22	39	52.5	32	31.5	22.5	55.5	35.5	61.5	44	37.5	34.5	35	58.5	37.5	43	20	38	21.5	41	26.5	32.5	46.5	43	34	54	40	8	17.5	22	67.5	38	40	45.5	37.5	25.5	33	22	
39.5	34	51.5	0	66	52.5	12.5	22	18.5	67	18	36.5	43.5	55.5	58.5	15	25.5	26	40	12	77	71	63.5	75	33	22.5	19	45	14.5	57.5	35.5	41	16.5	31	25	31	84.5	23.5	28.5	67.5	45.5	65	45.5	65	19.5	77.5	32	14	37	24.5	45.5	
89.5	76	56.5	66	0	17.5	57.5	82	53.5	27	68	73.5	28.5	50.5	33.5	75	70.5	46	50	72	33	21	28.5	35	87	67.5	79	35	69.5	52.5	30.5	51	61.5	61	55	91	30.5	78.5	88.5	32.5	60.5	45	50.5	15	54.5	32.5	92	80	47	79.5	50.5	
88	70.5	55	52.5	17.5	0	44	74.5	40	18.5	54.5	68	15	37	20	61.5	57	32.5	36.5	58.5	28.5	22.5	11	26.5	79.5	54	65.5	21.5	56	39	17	37.5	48	47.5	41.5	77.5	36	65	75	15	59	41.5	37	16.5	41	29	78.5	66.5	33.5	66	37	
48	30.5	45	12.5	57.5	44	0	34.5	10	58.5	14.5	24	35	47	50	21.5	13	17.5	31.5	18.5	68.5	62.5	55	66.5	39.5	10	25.5	36.5	16	49	27	32.5	4	22.5	16.5	37.5	76	25	35	59	39	56.5	37	56.5	11	69	38.5	26.5	28.5	26	37	
17.5	14	29.5	22	82	74.5	34.5	0	40.5	71	30	16.5	65.5	47.5	64.5	33	27.5	48	48	34	61	87	69.5	63	15	30.5	39	63	28.5	45.5	57.5	47	36.5	37	43	27	68.5	19.5	34.5	65.5	23.5	43	47.5	87	41.5	65.5	26	8	51	18.5	47.5	
52	36.5	39	18.5	53.5	40	10	40.5	0	54.5	20.5	34	31	43	46	27.5	23	13.5	27.5	24.5	64.5	58.5	51	62.5	45.5	20	31.5	32.5	22	45	23	28.5	14	18.5	12.5	43.5	72	31	41	55	33	52.5	33	52.5	1	65	44.5	32.5	24.5	32	33	
78.5	65	45.5	67	27	18.5	58.5	71	54.5	0	69	62.5	29.5	43.5	34.5	76	71.5	47	51	73	10	32	29.5	8	76	68.5	80	36	70.5	41.5	31.5	52	62.5	62	56	88	29.5	75.5	89.5	31.5	49.5	34	51.5	26	55.5	26.5	87	79	48	74.5	51.5	
37.5	16	39.5	18	68	54.5	14.5	30	20.5	69	0	26.5	45.5	57.5	60.5	27	27.5	28	42	24	71	73	65.5	73	35	24.5	31	47	21.5	55.5	37.5	43	18.5	33	27	43	78.5	30.5	40.5	69.5	33.5	53	47.5	67	21.5	75.5	44	32	39	31.5	47.5	
24	10.5	21	36.5	73.5	68	24	16.5	34	62.5	26.5	0	59	39	56	39.5	11	41.5	39.5	42.5	52.5	78.5	61	54.5	21.5	14	45.5	54.5	30	37	51	38.5	20	28.5	34.5	33.5	60	21	41	57	15	34.5	39	80.5	35	57	32.5	24.5	42.5	20	39	
77	61.5	44	43.5	28.5	15	35	65.5	31	29.5	45.5	59	0	28	21	52.5	48	23.5	27.5	49.5	39.5	33.5	26	37.5	70.5	45	56.5	12.5	47	30	8	28.5	39	38.5	32.5	68.5	47	56	66	30	48	32.5	28	27.5	32	40	69.5	57.5	24.5	57	28	
55	41.5	22	55.5	50.5	37	47	47.5	43	43.5	57.5	39	28	0	37	64.5	50	35.5	35.5	61.5	33.5	55.5	42	35.5	52.5	53	68.5	29.5	59	2	20	34.5	51	44.5	44.5	64.5	41	52	72	38	26	15.5	30	49.5	44	38	63.5	55.5	36.5	51	30	
72	58.5	39	58.5	33.5	20	50	64.5	46	34.5	60.5	56	21	37	0	67.5	63	38.5	42.5	64.5	30.5	38.5	31	32.5	69.5	60	71.5	27.5	62	35	23	43.5	54	53.5	47.5	81.5	38	69	81	35	43	27.5	43	32.5	47	35	80.5	72.5	39.5	68	43	
30.5	37	52.5	15	75	61.5	21.5	33	27.5	76	27	39.5	52.5	64.5	67.5	0	34.5	35	49	3	84	80	72.5	84	18	31.5	18	54	23.5	66.5	44.5	50	25.5	40	34	30	91.5	32.5	27.5	76.5	46.5	66	54.5	74	28.5	86.5	31	29	46	33.5	54.5	
35	21.5	32	25.5	70.5	57	13	27.5	23	71.5	27.5	11	48	50	63	34.5	0	30.5	44.5	31.5	63.5	75.5	68	65.5	32.5	3	38.5	49.5	29	48	40	45.5	9	35.5	29.5	44.5	71	32	48	68	26	45.5	50	69.5	24	68	43.5	35.5	41.5	31	50	
59.5	44	31.5	26	46	32.5	17.5	48	13.5	47	28	41.5	23.5	35.5	38.5	35	30.5	0	20	32	57	51	43.5	55	53	27.5	39	25	29.5	37.5	15.5	21	21.5	21	15	51	64.5	38.5	48.5	47.5	30.5	45	25.5	45	14.5	57.5	52	40	17	39.5	25.5	
55.5	42	22.5	40	50	36.5	31.5	48	27.5	51	42	39.5	27.5	35.5	42.5	49	44.5	20	0	46	49	55	47.5	51	53	41.5	53	29	43.5	33.5	19.5	1	35.5	35	29	65	56.5	52.5	62.5	51.5	26.5	31	29.5	49	28.5	53.5	64	54	3	51.5	29.5	
33.5	40	55.5	12	72	58.5	18.5	34	24.5	73	24	42.5	49.5	61.5	64.5	3	31.5	32	46	0	83	77	69.5	81	21	28.5	15	51	20.5	63.5	41.5	47	22.5	37	31	27	90.5	29.5	24.5	73.5	49.5	69	51.5	71	25.5	83.5	28	26	43	30.5	51.5	
68.5	55	35.5	77	33	28.5	68.5	61	64.5	10	71	52.5	39.5	33.5	30.5	84	63.5	57	49	83	0	38	25.5	2	66	66.5	90	44	74.5	31.5	41.5	48	72.5	58	64	78	19.5	65.5	85.5	21.5	39.5	24	43.5	36	65.5	16.5	77	69	52	64.5	43.5	
94.5	81	61.5	71	21	22.5	62.5	87	58.5	32	73	78.5	33.5	55.5	38.5	80	75.5	51	55	77	38	0	33.5	40	92	72.5	84	40	74.5	57.5	35.5	56	66.5	66	60	96	30.5	83.5	93.5	37.5	65.5	50	55.5	6	59.5	37.5	97	85	52	84.5	55.5	
77	63.5	44	63.5	28.5	11	55	69.5	51	29.5	65.5	61	26	42	31	72.5	68	43.5	47.5	69.5	25.5	33.5	0	27.5	74.5	65	76.5	32.5	67	40	28	48.5	59	58.5	52.5	86.5	33	74	86	4	48	32.5	48	27.5	52	30	85.5	77.5	44.5	73	48	
70.5	57	37.5	75	35	26.5	66.5	63	62.5	8	73	54.5	37.5	35.5	32.5	84	65.5	55	51	81	2	40	27.5	0	68	68.5	88	44	76.5	33.5	39.5	50	70.5	60	64	80	21.5	67.5	87.5	23.5	41.5	26	45.5	34	63.5	18.5	79	71	54	66.5	45.5	
12.5	19	34.5	33	87	79.5	39.5	15	45.5	76	35	21.5	70.5	52.5	69.5	18	32.5	53	53	21	66	92	74.5	68	0	35.5	34	68	33.5	50.5	62.5	52	41.5	42	48	22	73.5	24.5	29.5	70.5	28.5	48	52.5	92	46.5	70.5	21	23	56	23.5	52.5	
38	24.5	35	22.5	67.5	54	10	30.5	20	68.5	24.5	14	45	53	60	31.5	3	27.5	41.5	28.5	66.5	72.5	65	68.5	35.5	0	35.5	46.5	26	51	37	42.5	6	32.5	26.5	47.5	74	35	45	69	29	48.5	47	66.5	21	71	46.5	36.5	38.5	34	47	
26.5	43	58.5	19	79	65.5	25.5	39	31.5	80	31	45.5	56.5	68.5	71.5	18	38.5	39	53	15	90	84	76.5	88	34	35.5	0	58	27.5	70.5	48.5	54	29.5	44	38	12	97.5	36.5	21.5	80.5	52.5	72	58.5	78	32.5	90.5	13	33	50	37.5	58.5	
70.5	57	37.5	45	35	21.5	36.5	63	32.5	36	47	54.5	12.5	29.5	27.5	54	49.5	25	29	51	44	40	32.5	44	68	46.5	58	0	48.5	31.5	9.5	30	40.5	40	34	70	51.5	57.5	67.5	36.5	41.5	20	29.5	34	33.5	46.5	71	59	26	58.5	29.5	
36	27.5	43	14.5	69.5	56	16	28.5	22	70.5	21.5	30	47	59	62	23.5	29	29.5	43.5	20.5	74.5	74.5	67	76.5	33.5	26	27.5	48.5	0	59	39	44.5	20	34.5	28.5	39.5	82	9	37	71	37	56.5	49	68.5	23	79	40.5	28.5	40.5	10	49	
53	39.5	20	57.5	52.5	39	49	45.5	45	41.5	55.5	37	30	2	35	66.5	48	37.5	33.5	63.5	31.5	57.5	40	33.5	50.5	51	70.5	31.5	59	0	22	32.5	53	42.5	46.5	62.5	39	50	70	36	24	13.5	28	51.5	46	36	61.5	53.5	36.5	49	28	
75	53.5	38	35.5	30.5	17	27	57.5	23	31.5	37.5	51	8	20	23	44.5	40	15.5	19.5	41.5	41.5	35.5	28	39.5	62.5	37	48.5	9.5	39	22	0	20.5	31	30.5	24.5	60.5	49	48	58	32	44	29.5	20	29.5	24	42	61.5	49.5	16.5	49	20	
54.5	41	21.5	41	51	37.5	32.5	47	28.5	52	43	38.5	28.5	34.5	43.5	50	45.5	21	1	47	48	56	48.5	50	52	42.5	54	30	44.5	32.5	20.5	0	36.5	36	30	64	55.5	51.5	63.5	52.5	25.5	30	30.5	50	29.5	52.5	63	55	4	50.5	30.5	
44	30.5	41	16.5	61.5	48	4	36.5	14	62.5	18.5	20	39	51	54	25.5	9	21.5	35.5	22.5	72.5	66.5	59	70.5	41.5	6	29.5	40.5	20	53	31	36.5	0	26.5	20.5	41.5	80	29	39	63	35	54.5	41	60.5	15	73	42.5	30.5	32.5	30	41	
44.5	31	26.5	31	61	47.5	22.5	37	18.5	62	33	28.5	38.5	44.5	53.5	40	35.5	21	35	37	58	66	58.5	60	42	32.5	44	40	34.5	42.5	30.5	36	26.5	0	6	54	65.5	41.5	53.5	62.5	20.5	40	40.5	60	19.5	62.5	53	45	32	40.5	40.5	
50.5	37	32.5	25	55	41.5	16.5	43	12.5	56	27	34.5	32.5	44.5	47.5	34	29.5	15	29	31	64	60	52.5	64	48	26.5	38	34	28.5	46.5	24.5	30	20.5	6	0	50	71.5	37.5	47.5	56.5	26.5	46	34.5	54	13.5	66.5	51	39	26	38.5	34.5	
14.5	31	46.5	31	91	77.5	37.5	27	43.5	88	43	33.5	68.5	64.5	81.5	30	44.5	51	65	27	78	96	86.5	80	22	47.5	12	70	39.5	62.5	60.5	64	41.5	54	50	0	85.5	36.5	31.5	82.5	40.5	60	64.5	90	44.5	82.5	1	35	62	35.5	64.5	
76	62.5	43	84.5	30.5	36	76	68.5	72	29.5	78.5	60	47	41	38	91.5	71	64.5	56.5	90.5	19.5	30.5	33	21.5	73.5	74	97.5	51.5	82	39	49	55.5	80	65.5	71.5	85.5	0	73	93	29	47	31.5	51	28.5	73	19	84.5	76.5	59.5	72	51	
27	18.5	34	23.5	78.5	65	25	19.5	31	75.5	30.5	21	56	52	69	32.5	32	38.5	52.5	29.5	65.5	83.5	74	67.5	24.5	35	36.5	57.5	9	50	48	51.5	29	41.5	37.5	36.5	73	0	44	70	28	47.5	52	77.5	32	70	35.5	27.5	49.5	1	52	
17	38.5	54	28.5	88.5	75	35	34.5	41	89.5	40.5	41	66	72	81	27.5	48	48.5	62.5	24.5	85.5	93.5	86	87.5	29.5	45	21.5	67.5	37	70	58	63.5	39	53.5	47.5	31.5	93	44	0	90	48	67.5	68	87.5	42	90	30.5	42.5	59.5	43	68	
73	59.5	40	67.5	32.5	15	59	65.5	55	31.5	69.5	57	30	38	35	76.5	68	47.5	51.5	73.5	21.5	37.5	4	23.5	70.5	69	80.5	36.5	71	36	32	52.5	63	62.5	56.5	82.5	29	70	90	0	44	28.5	48	31.5	56	26	81.5	73.5	48.5	69	48	
31	17.5	8	45.5	60.5	59	39	23.5	33	49.5	33.5	15	48	26	43	46.5	26	30.5	26.5	49.5	39.5	65.5	48	41.5	28.5	29	52.5	41.5	37	24	44	25.5	35	20.5	26.5	40.5	47	28	48	44	0	21.5	26	71.5	32	44	39.5	31.5	29.5	27	26	
50.5	37	17.5	65	45	41.5	56.5	43	52.5	34	53	34.5	32.5	15.5	27.5	66	45.5	45	31	69	24	50	32.5	26	48	48.5	72	20	56.5	13.5	29.5	30	54.5	40	46	60	31.5	47.5	67.5	28.5	21.5	0	25.5	54	51.5	28.5	59	51	34	46.5	25.5	
55	41.5	22	45.5	50.5	37	37	47.5	33	51.5	47.5	39	28	30	43	54.5	50	25.5	29.5	51.5	43.5	55.5	48	45.5	52.5	47	58.5	29.5	49	28	20	30.5	41	40.5	34.5	64.5	51	52	68	48	26	25.5	0	49.5	34	48	63.5	55.5	26.5	51	0	
100.5	83	67.5	65	15	16.5	56.5	87	52.5	26	67	80.5	27.5	49.5	32.5	74	69.5	45	49	71	36	6	27.5	34	92	66.5	78	34	68.5	51.5	29.5	50	60.5	60	54	90	28.5	77.5	87.5	31.5	71.5	54	49.5	0	53.5	31.5	91	79	46	78.5	49.5	
51	37.5	38	19.5	54.5	41	11	41.5	1	55.5	21.5	35	32	44	47	28.5	24	14.5	28.5	25.5	65.5	59.5	52	63.5	46.5	21	32.5	33.5	23	46	24	29.5	15	19.5	13.5	44.5	73	32	42	56	32	51.5	34	53.5	0	66	45.5	33.5	25.5	33	34	
73	59.5	40	77.5	32.5	29	69	65.5	65	26.5	75.5	57	40	38	35	86.5	68	57.5	53.5	83.5	16.5	37.5	30	18.5	70.5	71	90.5	46.5	79	36	42	52.5	73	62.5	66.5	82.5	19	70	90	26	44	28.5	48	31.5	66	0	81.5	73.5	56.5	69	48	
13.5	30	45.5	32	92	78.5	38.5	26	44.5	87	44	32.5	69.5	63.5	80.5	31	43.5	52	64	28	77	97	85.5	79	21	46.5	13	71	40.5	61.5	61.5	63	42.5	53	51	1	84.5	35.5	30.5	81.5	39.5	59	63.5	91	45.5	81.5	0	34	63	34.5	63.5	
25.5	22	37.5	14	80	66.5	26.5	8	32.5	79	32	24.5	57.5	55.5	72.5	29	35.5	40	54	26	69	85	77.5	71	23	36.5	33	59	28.5	53.5	49.5	55	30.5	45	39	35	76.5	27.5	42.5	73.5	31.5	51	55.5	79	33.5	73.5	34	0	51	26.5	55.5	
58.5	45	25.5	37	47	33.5	28.5	51	24.5	48	39	42.5	24.5	36.5	39.5	46	41.5	17	3	43	52	52	44.5	54	56	38.5	50	26	40.5	36.5	16.5	4	32.5	32	26	62	59.5	49.5	59.5	48.5	29.5	34	26.5	46	25.5	56.5	63	51	0	50.5	26.5	
26	17.5	33	24.5	79.5	66	26	18.5	32	74.5	31.5	20	57	51	68	33.5	31	39.5	51.5	30.5	64.5	84.5	73	66.5	23.5	34	37.5	58.5	10	49	49	50.5	30	40.5	38.5	35.5	72	1	43	69	27	46.5	51	78.5	33	69	34.5	26.5	50.5	0	51	
55	41.5	22	45.5	50.5	37	37	47.5	33	51.5	47.5	39	28	30	43	54.5	50	25.5	29.5	51.5	43.5	55.5	48	45.5	52.5	47	58.5	29.5	49	28	20	30.5	41	40.5	34.5	64.5	51	52	68	48	26	25.5	0	49.5	34	48	63.5	55.5	26.5	51	0	
