Number of items: 50
Horizon: 3
Time limit: 500
Load limit: 3000
Initial item inventory level
68
88
68
136
112
19
60
172
176
132
76
54
56
70
19
45
162
25
102
18
39
162
80
59
71
84
83
79
122
162
36
37
87
32
69
22
68
69
13
146
182
74
12
25
108
198
38
30
86
72
Maximum inventory capacity per item
136
176
136
204
168
38
90
258
264
198
114
108
112
105
38
90
243
50
153
36
78
243
120
118
142
168
166
158
183
243
72
74
174
64
138
33
136
138
26
219
273
111
24
50
162
297
57
45
172
144
Reserve storage replenishment rate per item and per period
408	0	0	
528	0	0	
408	0	0	
408	0	0	
336	0	0	
114	0	0	
180	0	0	
516	0	0	
528	0	0	
396	0	0	
228	0	0	
324	0	0	
336	0	0	
210	0	0	
114	0	0	
270	0	0	
486	0	0	
150	0	0	
306	0	0	
108	0	0	
234	0	0	
486	0	0	
240	0	0	
354	0	0	
426	0	0	
504	0	0	
498	0	0	
474	0	0	
366	0	0	
486	0	0	
216	0	0	
222	0	0	
522	0	0	
192	0	0	
414	0	0	
66	0	0	
408	0	0	
414	0	0	
78	0	0	
438	0	0	
546	0	0	
222	0	0	
72	0	0	
150	0	0	
324	0	0	
594	0	0	
114	0	0	
90	0	0	
516	0	0	
432	0	0	
Forward storage demand rate per item and per period
68	88	75	
88	144	88	
68	29	50	
68	67	81	
56	78	37	
19	2	16	
30	24	27	
86	38	55	
88	72	97	
66	101	83	
38	24	30	
54	65	42	
56	63	16	
35	27	55	
19	12	24	
45	36	29	
81	61	52	
25	13	8	
51	26	75	
18	13	12	
39	44	22	
81	80	113	
40	24	18	
59	33	101	
71	51	41	
84	126	79	
83	76	126	
79	46	56	
61	57	54	
81	81	120	
36	65	18	
37	43	38	
87	88	64	
32	18	22	
69	104	20	
11	20	15	
68	94	38	
69	115	39	
13	12	19	
73	95	105	
91	40	102	
37	54	12	
12	11	10	
25	37	14	
54	51	70	
99	145	183	
19	13	2	
15	4	17	
86	89	96	
72	12	32	
Distance matrix
0	35.5	19	50.5	15.5	54	38	41	100.5	15	48	84.5	71.5	84.5	88.5	92.5	25	54	78	18.5	35	50.5	76.5	74	32	14	3	64	31.5	32.5	40.5	25	87	78.5	2	43	71	39.5	62.5	19	54.5	43	11	12.5	17	30.5	61	99.5	62.5	37.5	46	
35.5	0	34.5	19	44	40.5	38.5	23.5	69	40.5	46.5	85	72	55	61	77	30.5	50.5	56.5	17	29.5	19	63	70.5	32.5	45.5	38.5	40.5	4	27	29	25.5	77.5	61	37.5	21.5	43.5	40	47	40.5	55	16.5	36.5	43	32.5	31	61.5	70	57	2	38.5	
19	34.5	0	35.5	29.5	53	37	40	85.5	24	47	83.5	70.5	71.5	77.5	91.5	24	53	73	17.5	34	35.5	75.5	73	31	33	22	57	30.5	31.5	39.5	24	86	77.5	21	38	60	38.5	61.5	38	53.5	28	20	26.5	2	29.5	60	86.5	61.5	36.5	45	
50.5	19	35.5	0	39	25.5	41.5	13.5	54	39.5	31.5	70	73	40	46	62	29.5	35.5	41.5	34	19.5	0	48	55.5	37.5	40.5	51.5	25.5	23	22	10	29.5	62.5	46	52.5	11.5	28.5	25	32	35.5	40	11.5	43.5	42	37.5	34	48.5	55	42	17	23.5	
15.5	44	29.5	39	0	60.5	48.5	43.5	89	25.5	58.5	95	82	75	81	97	35.5	64.5	76.5	29	45.5	39	83	84.5	42.5	29.5	18.5	60.5	42	37	49	35.5	97.5	81	17.5	41.5	63.5	50	67	30.5	65	31.5	21.5	3	27.5	41	71.5	90	73	42	56.5	
54	40.5	53	25.5	60.5	0	16	35	50.5	59	6	66.5	55.5	36.5	42.5	58.5	49	32	38	37.5	41	25.5	44.5	52	26	62	57	22	44.5	43.5	35.5	39	59	42.5	56	33	25	36.5	28.5	57	36.5	33	55	61.5	51	29.5	45	51.5	38.5	38.5	30	
38	38.5	37	41.5	48.5	16	0	39	66.5	43	10	52.5	39.5	52.5	56.5	60.5	33	22	46	21.5	33	41.5	44.5	42	10	52	41	32	34.5	45.5	33.5	23	55	46.5	40	41	39	22.5	30.5	57	22.5	49	39	45.5	35	13.5	29	67.5	30.5	40.5	24	
41	23.5	40	13.5	43.5	35	39	0	63.5	44	41	79.5	72.5	49.5	55.5	71.5	34	45	51	24.5	6	13.5	57.5	65	33	45	44	35	27.5	26.5	23.5	16	72	55.5	43	2	38	34.5	41.5	40	49.5	16	42	46.5	38	31.5	58	64.5	51.5	21.5	33	
100.5	69	85.5	54	89	50.5	66.5	63.5	0	89.5	56.5	16	33	20	16	8	79.5	50.5	26.5	84	69.5	54	28	30.5	72.5	90.5	101.5	40.5	73	72	64	79.5	17.5	26	102.5	61.5	33.5	65	42	85.5	50	61.5	93.5	92	87.5	74	43.5	1	42	67	58.5	
15	40.5	24	39.5	25.5	59	43	44	89.5	0	53	89.5	76.5	75.5	81.5	97.5	30	59	77	23.5	40	39.5	81.5	79	37	29	18	61	36.5	37.5	45.5	30	92	81.5	17	42	64	44.5	67.5	34	59.5	32	4	22.5	22	35.5	66	90.5	67.5	42.5	51	
48	46.5	47	31.5	58.5	6	10	41	56.5	53	0	62.5	49.5	42.5	48.5	64.5	43	32	44	31.5	43	31.5	50.5	52	20	62	51	28	44.5	49.5	41.5	33	65	48.5	50	39	31	32.5	34.5	63	32.5	39	49	55.5	45	23.5	39	57.5	40.5	44.5	34	
84.5	85	83.5	70	95	66.5	52.5	79.5	16	89.5	62.5	0	21	36	32	8	79.5	58.5	42.5	68	79.5	70	44	38.5	56.5	98.5	87.5	56.5	81	88	80	69.5	31.5	42	86.5	77.5	49.5	69	58	101.5	54	77.5	85.5	92	81.5	60	45.5	15	52	83	70.5	
71.5	72	70.5	73	82	55.5	39.5	72.5	33	76.5	49.5	21	0	39	35	29	66.5	45.5	39.5	55	66.5	73	33	25.5	43.5	85.5	74.5	55.5	68	79	67	56.5	23.5	35	73.5	74.5	52.5	56	49	90.5	41	80.5	72.5	79	68.5	47	32.5	34	39	74	57.5	
84.5	55	71.5	40	75	36.5	52.5	49.5	20	75.5	42.5	36	39	0	12	28	65.5	36.5	12.5	68	55.5	40	8	21.5	56.5	76.5	87.5	26.5	59	58	50	65.5	28.5	6	86.5	47.5	19.5	51	28	71.5	36	47.5	79.5	78	73.5	60	29.5	21	28	53	44.5	
88.5	61	77.5	46	81	42.5	56.5	55.5	16	81.5	48.5	32	35	12	0	24	71.5	42.5	18.5	72	61.5	46	20	22.5	60.5	82.5	91.5	32.5	65	64	56	71.5	24.5	18	90.5	53.5	25.5	57	34	77.5	42	53.5	85.5	84	79.5	64	35.5	17	34	59	50.5	
92.5	77	91.5	62	97	58.5	60.5	71.5	8	97.5	64.5	8	29	28	24	0	87.5	58.5	34.5	76	77.5	62	36	38.5	64.5	98.5	95.5	48.5	81	80	72	77.5	25.5	34	94.5	69.5	41.5	73	50	93.5	58	69.5	93.5	100	89.5	68	51.5	7	50	75	66.5	
25	30.5	24	29.5	35.5	49	33	34	79.5	30	43	79.5	66.5	65.5	71.5	87.5	0	49	67	13.5	30	29.5	71.5	69	27	39	28	51	26.5	32.5	35.5	20	82	71.5	27	32	54	34.5	57.5	44	49.5	18	26	32.5	22	25.5	56	80.5	57.5	32.5	41	
54	50.5	53	35.5	64.5	32	22	45	50.5	59	32	58.5	45.5	36.5	42.5	58.5	49	0	38	37.5	49	35.5	44.5	48	26	68	57	10	50.5	53.5	45.5	39	59	42.5	56	43	25	38.5	28.5	67	28.5	43	55	61.5	51	29.5	35	51.5	36.5	48.5	40	
78	56.5	73	41.5	76.5	38	46	51	26.5	77	44	42.5	39.5	12.5	18.5	34.5	67	38	0	61.5	57	41.5	20.5	28	50	78	81	28	60.5	59.5	51.5	63	35	18.5	80	49	21	52.5	29.5	73	37.5	49	79	79.5	75	53.5	31	27.5	29.5	54.5	46	
18.5	17	17.5	34	29	37.5	21.5	24.5	84	23.5	31.5	68	55	68	72	76	13.5	37.5	61.5	0	18.5	34	60	57.5	15.5	32.5	21.5	47.5	13	26	24	8.5	70.5	62	20.5	26.5	54.5	23	46	37.5	38	31.5	19.5	26	15.5	14	44.5	83	46	19	29.5	
35	29.5	34	19.5	45.5	41	33	6	69.5	40	43	79.5	66.5	55.5	61.5	77.5	30	49	57	18.5	0	19.5	63.5	69	27	49	38	41	31.5	32.5	29.5	10	78	61.5	37	8	44	34.5	47.5	46	49.5	22	36	42.5	32	25.5	56	70.5	57.5	27.5	39	
50.5	19	35.5	0	39	25.5	41.5	13.5	54	39.5	31.5	70	73	40	46	62	29.5	35.5	41.5	34	19.5	0	48	55.5	37.5	40.5	51.5	25.5	23	22	10	29.5	62.5	46	52.5	11.5	28.5	25	32	35.5	40	11.5	43.5	42	37.5	34	48.5	55	42	17	23.5	
76.5	63	75.5	48	83	44.5	44.5	57.5	28	81.5	50.5	44	33	8	20	36	71.5	44.5	20.5	60	63.5	48	0	29.5	48.5	84.5	79.5	34.5	67	66	58	61.5	36.5	2	78.5	55.5	27.5	59	36	79.5	44	55.5	77.5	84	73.5	52	37.5	29	36	61	52.5	
74	70.5	73	55.5	84.5	52	42	65	30.5	79	52	38.5	25.5	21.5	22.5	38.5	69	48	28	57.5	69	55.5	29.5	0	46	88	77	42	70.5	73.5	65.5	59	39	27.5	76	63	35	58.5	43.5	87	43.5	63	75	81.5	71	49.5	35	31.5	41.5	68.5	60	
32	32.5	31	37.5	42.5	26	10	33	72.5	37	20	56.5	43.5	56.5	60.5	64.5	27	26	50	15.5	27	37.5	48.5	46	0	46	35	36	28.5	39.5	27.5	17	59	50.5	34	35	43	16.5	34.5	51	26.5	45	33	39.5	29	7.5	33	71.5	34.5	34.5	14	
14	45.5	33	40.5	29.5	62	52	45	90.5	29	62	98.5	85.5	76.5	82.5	98.5	39	68	78	32.5	49	40.5	84.5	88	46	0	11	62	45.5	38.5	50.5	39	99	82.5	12	43	65	53.5	68.5	5	68.5	33	25	26.5	31	44.5	75	91.5	76.5	43.5	60	
3	38.5	22	51.5	18.5	57	41	44	101.5	18	51	87.5	74.5	87.5	91.5	95.5	28	57	81	21.5	38	51.5	79.5	77	35	11	0	67	34.5	35.5	43.5	28	90	81.5	1	46	74	42.5	65.5	16	57.5	44	14	15.5	20	33.5	64	102.5	65.5	40.5	49	
64	40.5	57	25.5	60.5	22	32	35	40.5	61	28	56.5	55.5	26.5	32.5	48.5	51	10	28	47.5	41	25.5	34.5	42	36	62	67	0	44.5	43.5	35.5	49	49	32.5	66	33	15	36.5	18.5	57	26.5	33	65	63.5	59	39.5	35	41.5	28.5	38.5	30	
31.5	4	30.5	23	42	44.5	34.5	27.5	73	36.5	44.5	81	68	59	65	81	26.5	50.5	60.5	13	31.5	23	67	70.5	28.5	45.5	34.5	44.5	0	31	33	21.5	81.5	65	33.5	25.5	47.5	36	51	44.5	51	20.5	32.5	39	28.5	27	57.5	74	59	6	42.5	
32.5	27	31.5	22	37	43.5	45.5	26.5	72	37.5	49.5	88	79	58	64	80	32.5	53.5	59.5	26	32.5	22	66	73.5	39.5	38.5	35.5	43.5	31	0	32	32.5	80.5	64	34.5	24.5	46.5	43	50	33.5	58	14.5	33.5	40	29.5	38	66.5	73	60	25	41.5	
40.5	29	39.5	10	49	35.5	33.5	23.5	64	45.5	41.5	80	67	50	56	72	35.5	45.5	51.5	24	29.5	10	58	65.5	27.5	50.5	43.5	35.5	33	32	0	25.5	72.5	56	42.5	21.5	38.5	35	42	45.5	50	21.5	41.5	48	37.5	26	56.5	65	52	27	33.5	
25	25.5	24	29.5	35.5	39	23	16	79.5	30	33	69.5	56.5	65.5	71.5	77.5	20	39	63	8.5	10	29.5	61.5	59	17	39	28	49	21.5	32.5	25.5	0	72	63.5	27	18	54	24.5	47.5	44	39.5	32	26	32.5	22	15.5	46	80.5	47.5	27.5	31	
87	77.5	86	62.5	97.5	59	55	72	17.5	92	65	31.5	23.5	28.5	24.5	25.5	82	59	35	70.5	78	62.5	36.5	39	59	99	90	49	81.5	80.5	72.5	72	0	34.5	89	70	42	71.5	50.5	94	56.5	70	88	94.5	84	62.5	48	18.5	50.5	75.5	67	
78.5	61	77.5	46	81	42.5	46.5	55.5	26	81.5	48.5	42	35	6	18	34	71.5	42.5	18.5	62	61.5	46	2	27.5	50.5	82.5	81.5	32.5	65	64	56	63.5	34.5	0	80.5	53.5	25.5	57	34	77.5	42	53.5	79.5	84	75.5	54	35.5	27	34	59	50.5	
2	37.5	21	52.5	17.5	56	40	43	102.5	17	50	86.5	73.5	86.5	90.5	94.5	27	56	80	20.5	37	52.5	78.5	76	34	12	1	66	33.5	34.5	42.5	27	89	80.5	0	45	73	41.5	64.5	17	56.5	45	13	14.5	19	32.5	63	101.5	64.5	39.5	48	
43	21.5	38	11.5	41.5	33	41	2	61.5	42	39	77.5	74.5	47.5	53.5	69.5	32	43	49	26.5	8	11.5	55.5	63	35	43	46	33	25.5	24.5	21.5	18	70	53.5	45	0	36	32.5	39.5	38	47.5	14	44	44.5	40	33.5	56	62.5	49.5	19.5	31	
71	43.5	60	28.5	63.5	25	39	38	33.5	64	31	49.5	52.5	19.5	25.5	41.5	54	25	21	54.5	44	28.5	27.5	35	43	65	74	15	47.5	46.5	38.5	54	42	25.5	73	36	0	39.5	16.5	60	24.5	36	68	66.5	62	46.5	28	34.5	21.5	41.5	33	
39.5	40	38.5	25	50	36.5	22.5	34.5	65	44.5	32.5	69	56	51	57	73	34.5	38.5	52.5	23	34.5	25	59	58.5	16.5	53.5	42.5	36.5	36	43	35	24.5	71.5	57	41.5	32.5	39.5	0	43	56.5	39	32.5	40.5	47	36.5	9	45.5	66	47	38	30.5	
62.5	47	61.5	32	67	28.5	30.5	41.5	42	67.5	34.5	58	49	28	34	50	57.5	28.5	29.5	46	47.5	32	36	43.5	34.5	68.5	65.5	18.5	51	50	42	47.5	50.5	34	64.5	39.5	16.5	43	0	63.5	8	39.5	63.5	70	59.5	38	36.5	43	30	45	36.5	
19	40.5	38	35.5	30.5	57	57	40	85.5	34	63	101.5	90.5	71.5	77.5	93.5	44	67	73	37.5	46	35.5	79.5	87	51	5	16	57	44.5	33.5	45.5	44	94	77.5	17	38	60	56.5	63.5	0	71.5	28	30	31.5	36	49.5	80	86.5	73.5	38.5	55	
54.5	55	53.5	40	65	36.5	22.5	49.5	50	59.5	32.5	54	41	36	42	58	49.5	28.5	37.5	38	49.5	40	44	43.5	26.5	68.5	57.5	26.5	51	58	50	39.5	56.5	42	56.5	47.5	24.5	39	8	71.5	0	47.5	55.5	62	51.5	30	30.5	51	32	53	40.5	
43	16.5	28	11.5	31.5	33	49	16	61.5	32	39	77.5	80.5	47.5	53.5	69.5	18	43	49	31.5	22	11.5	55.5	63	45	33	44	33	20.5	14.5	21.5	32	70	53.5	45	14	36	32.5	39.5	28	47.5	0	36	34.5	30	41.5	56	62.5	49.5	14.5	31	
11	36.5	20	43.5	21.5	55	39	42	93.5	4	49	85.5	72.5	79.5	85.5	93.5	26	55	79	19.5	36	43.5	77.5	75	33	25	14	65	32.5	33.5	41.5	26	88	79.5	13	44	68	40.5	63.5	30	55.5	36	0	18.5	18	31.5	62	94.5	63.5	38.5	47	
12.5	43	26.5	42	3	61.5	45.5	46.5	92	22.5	55.5	92	79	78	84	100	32.5	61.5	79.5	26	42.5	42	84	81.5	39.5	26.5	15.5	63.5	39	40	48	32.5	94.5	84	14.5	44.5	66.5	47	70	31.5	62	34.5	18.5	0	24.5	38	68.5	93	70	45	53.5	
17	32.5	2	37.5	27.5	51	35	38	87.5	22	45	81.5	68.5	73.5	79.5	89.5	22	51	75	15.5	32	37.5	73.5	71	29	31	20	59	28.5	29.5	37.5	22	84	75.5	19	40	62	36.5	59.5	36	51.5	30	18	24.5	0	27.5	58	88.5	59.5	34.5	43	
30.5	31	29.5	34	41	29.5	13.5	31.5	74	35.5	23.5	60	47	60	64	68	25.5	29.5	53.5	14	25.5	34	52	49.5	7.5	44.5	33.5	39.5	27	38	26	15.5	62.5	54	32.5	33.5	46.5	9	38	49.5	30	41.5	31.5	38	27.5	0	36.5	75	38	33	21.5	
61	61.5	60	48.5	71.5	45	29	58	43.5	66	39	45.5	32.5	29.5	35.5	51.5	56	35	31	44.5	56	48.5	37.5	35	33	75	64	35	57.5	66.5	56.5	46	48	35.5	63	56	28	45.5	36.5	80	30.5	56	62	68.5	58	36.5	0	44.5	28.5	61.5	47	
99.5	70	86.5	55	90	51.5	67.5	64.5	1	90.5	57.5	15	34	21	17	7	80.5	51.5	27.5	83	70.5	55	29	31.5	71.5	91.5	102.5	41.5	74	73	65	80.5	18.5	27	101.5	62.5	34.5	66	43	86.5	51	62.5	94.5	93	88.5	75	44.5	0	43	68	59.5	
62.5	57	61.5	42	73	38.5	30.5	51.5	42	67.5	40.5	52	39	28	34	50	57.5	36.5	29.5	46	57.5	42	36	41.5	34.5	76.5	65.5	28.5	59	60	52	47.5	50.5	34	64.5	49.5	21.5	47	30	73.5	32	49.5	63.5	70	59.5	38	28.5	43	0	55	46.5	
37.5	2	36.5	17	42	38.5	40.5	21.5	67	42.5	44.5	83	74	53	59	75	32.5	48.5	54.5	19	27.5	17	61	68.5	34.5	43.5	40.5	38.5	6	25	27	27.5	75.5	59	39.5	19.5	41.5	38	45	38.5	53	14.5	38.5	45	34.5	33	61.5	68	55	0	36.5	
46	38.5	45	23.5	56.5	30	24	33	58.5	51	34	70.5	57.5	44.5	50.5	66.5	41	40	46	29.5	39	23.5	52.5	60	14	60	49	30	42.5	41.5	33.5	31	67	50.5	48	31	33	30.5	36.5	55	40.5	31	47	53.5	43	21.5	47	59.5	46.5	36.5	0	
