Number of items: 50
Horizon: 12
Time limit: 500
Load limit: 3000
Initial item inventory level
111
93
120
66
78
172
216
70
246
73
189
62
40
89
51
32
78
42
282
23
22
57
102
184
30
70
87
78
84
46
159
82
90
38
28
95
168
195
74
182
159
273
46
282
228
32
117
98
204
282
Maximum inventory capacity per item
148
124
160
132
156
258
288
105
328
146
252
124
60
178
68
64
104
84
376
46
44
76
136
276
60
140
116
156
112
69
212
123
120
57
56
190
252
260
148
273
212
364
92
376
304
48
156
196
272
376
Reserve storage replenishment rate per item and per period
222	0	0	222	0	0	222	0	0	222	0	0	
186	0	0	186	0	0	186	0	0	186	0	0	
240	0	0	240	0	0	240	0	0	240	0	0	
396	0	0	396	0	0	396	0	0	396	0	0	
468	0	0	468	0	0	468	0	0	468	0	0	
516	0	0	516	0	0	516	0	0	516	0	0	
432	0	0	432	0	0	432	0	0	432	0	0	
210	0	0	210	0	0	210	0	0	210	0	0	
492	0	0	492	0	0	492	0	0	492	0	0	
438	0	0	438	0	0	438	0	0	438	0	0	
378	0	0	378	0	0	378	0	0	378	0	0	
372	0	0	372	0	0	372	0	0	372	0	0	
120	0	0	120	0	0	120	0	0	120	0	0	
534	0	0	534	0	0	534	0	0	534	0	0	
102	0	0	102	0	0	102	0	0	102	0	0	
192	0	0	192	0	0	192	0	0	192	0	0	
156	0	0	156	0	0	156	0	0	156	0	0	
252	0	0	252	0	0	252	0	0	252	0	0	
564	0	0	564	0	0	564	0	0	564	0	0	
138	0	0	138	0	0	138	0	0	138	0	0	
132	0	0	132	0	0	132	0	0	132	0	0	
114	0	0	114	0	0	114	0	0	114	0	0	
204	0	0	204	0	0	204	0	0	204	0	0	
552	0	0	552	0	0	552	0	0	552	0	0	
180	0	0	180	0	0	180	0	0	180	0	0	
420	0	0	420	0	0	420	0	0	420	0	0	
174	0	0	174	0	0	174	0	0	174	0	0	
468	0	0	468	0	0	468	0	0	468	0	0	
168	0	0	168	0	0	168	0	0	168	0	0	
138	0	0	138	0	0	138	0	0	138	0	0	
318	0	0	318	0	0	318	0	0	318	0	0	
246	0	0	246	0	0	246	0	0	246	0	0	
180	0	0	180	0	0	180	0	0	180	0	0	
114	0	0	114	0	0	114	0	0	114	0	0	
168	0	0	168	0	0	168	0	0	168	0	0	
570	0	0	570	0	0	570	0	0	570	0	0	
504	0	0	504	0	0	504	0	0	504	0	0	
390	0	0	390	0	0	390	0	0	390	0	0	
444	0	0	444	0	0	444	0	0	444	0	0	
546	0	0	546	0	0	546	0	0	546	0	0	
318	0	0	318	0	0	318	0	0	318	0	0	
546	0	0	546	0	0	546	0	0	546	0	0	
276	0	0	276	0	0	276	0	0	276	0	0	
564	0	0	564	0	0	564	0	0	564	0	0	
456	0	0	456	0	0	456	0	0	456	0	0	
96	0	0	96	0	0	96	0	0	96	0	0	
234	0	0	234	0	0	234	0	0	234	0	0	
588	0	0	588	0	0	588	0	0	588	0	0	
408	0	0	408	0	0	408	0	0	408	0	0	
564	0	0	564	0	0	564	0	0	564	0	0	
Forward storage demand rate per item and per period
37	13	59	41	35	53	43	13	42	66	36	35	
31	44	36	35	16	25	29	25	14	23	21	34	
40	72	11	24	41	61	19	24	50	29	36	37	
66	57	49	50	67	112	46	24	85	73	39	105	
78	131	92	81	72	110	78	47	69	141	65	84	
86	69	69	81	111	152	155	115	108	119	134	116	
72	61	110	99	8	59	62	44	98	100	64	54	
35	41	2	51	31	58	24	52	30	37	50	45	
82	42	34	44	68	46	118	35	95	110	61	31	
73	85	83	117	83	63	75	51	89	46	125	118	
63	26	60	94	103	43	49	55	72	91	73	63	
62	55	70	10	80	61	117	52	73	23	101	57	
20	16	12	25	10	24	11	7	27	7	10	36	
89	51	96	50	150	88	66	92	153	122	103	33	
17	25	28	18	14	11	11	23	13	14	7	15	
32	48	51	43	44	33	11	28	26	8	16	50	
26	18	44	21	43	8	48	7	26	38	49	23	
42	7	32	56	72	24	31	55	21	50	56	29	
94	171	139	58	97	103	72	39	120	30	34	82	
23	12	20	24	20	18	38	40	23	21	18	36	
22	31	28	30	30	25	24	23	19	39	24	20	
19	14	22	10	18	15	21	24	23	14	20	19	
34	58	54	50	42	28	4	23	34	39	11	22	
92	114	82	81	96	100	28	36	23	42	143	43	
30	26	29	21	30	46	32	44	7	34	21	44	
70	52	82	62	60	101	56	109	103	36	122	50	
29	36	24	23	39	47	33	28	24	45	37	27	
78	131	132	133	94	38	58	47	43	79	124	100	
28	10	24	45	15	41	41	22	12	30	30	16	
23	14	29	18	6	36	34	10	14	21	44	23	
53	59	42	29	89	59	19	63	7	21	95	99	
41	13	37	15	71	30	28	62	42	34	23	52	
30	23	33	35	39	8	27	32	27	27	24	26	
19	24	37	18	12	26	22	28	19	25	17	24	
28	23	30	13	16	25	51	23	45	17	4	28	
95	107	54	153	98	157	170	21	62	87	94	67	
84	53	94	101	108	85	68	139	149	126	49	35	
65	127	105	59	45	74	88	12	59	52	68	28	
74	48	102	22	33	110	73	82	30	91	144	73	
91	97	87	142	40	53	31	66	96	67	96	25	
53	31	40	89	68	98	37	98	65	11	26	55	
91	104	78	25	48	136	37	43	88	141	64	145	
46	29	40	41	25	30	67	49	43	46	48	69	
94	31	36	70	77	116	113	25	131	86	66	68	
76	88	119	36	15	76	56	42	97	86	93	90	
16	21	11	18	8	7	16	12	27	19	9	25	
39	40	47	38	47	16	31	58	57	42	30	36	
98	119	150	181	98	120	130	157	119	67	57	151	
68	108	32	30	78	67	75	47	90	59	89	29	
94	54	149	81	127	130	11	92	123	130	94	85	
Distance matrix
0	66.5	13.5	64	80.5	63	39	45.5	46	18.5	45	71.5	75	23	64	33.5	11	25	48.5	85.5	17.5	36.5	53	72.5	4.5	87	34.5	66	13	60	44	25	45	18.5	5	43.5	70.5	89	3	14	29.5	69	39	29	52.5	31.5	51.5	47.5	31.5	65.5	16.5	
66.5	0	55	39.5	58	10.5	29.5	23	37.5	50	23.5	17	58.5	45.5	19.5	35	57.5	43.5	20	33	51	32	20.5	6	64	46.5	34	27.5	55.5	33.5	24.5	43.5	23.5	50	63.5	25	48	24.5	65.5	54.5	39	14.5	29.5	39.5	26	37	27	19	37	33	52	
13.5	55	0	62.5	79	61.5	37.5	44	44.5	17	41.5	70	73.5	21.5	62.5	32	14.5	23.5	47	84	4	23	51.5	59	13	85.5	21	64.5	26.5	58.5	32.5	23.5	43.5	17	18.5	42	69	77.5	16.5	27.5	28	67.5	37.5	27.5	51	18	50	46	30	64	15	
64	39.5	62.5	0	34.5	43	43	54.5	20	57.5	61	34.5	29	67	38	32.5	65	49	47.5	35.5	66.5	69.5	37	33.5	63.5	41	71.5	30	77	24	62	49	59	47.5	69	62.5	24.5	27	67	78	38.5	37	63	63	31.5	74.5	30.5	36.5	70.5	24.5	55.5	
80.5	58	79	34.5	0	61.5	59.5	71	36.5	74	79.5	53	15.5	83.5	54.5	49	81.5	65.5	64	39	83	88	53.5	52	80	27.5	90	46.5	93.5	40.5	80.5	65.5	75.5	64	85.5	79	26	35.5	83.5	94.5	55	55.5	79.5	79.5	48	93	47	53	87	41	72	
63	10.5	61.5	43	61.5	0	38	31.5	29	56.5	32	20.5	58	54	23	31.5	64	48	28.5	36.5	59.5	40.5	10	9.5	62.5	50	42.5	31	64	37	33	48	32	46.5	68	33.5	51.5	28	66	63	37.5	18	38	48	29.5	45.5	30.5	29.5	45.5	36.5	54.5	
39	29.5	37.5	43	59.5	38	0	29.5	25	32.5	36	44.5	54	42	43	12.5	40	24	27.5	60.5	41.5	44.5	32	33.5	38.5	66	46.5	45	52	39	37	24	34	22.5	44	37.5	49.5	52	42	53	13.5	42	38	38	31.5	49.5	30.5	26.5	45.5	44.5	30.5	
45.5	23	44	54.5	71	31.5	29.5	0	36.5	39	24.5	38	65.5	46.5	40.5	24	46.5	30.5	31	54	48	33	41.5	27	45	67.5	35	48.5	56.5	50.5	25.5	30.5	24.5	29	50.5	26	61	45.5	48.5	55.5	16	35.5	30.5	40.5	43	38	42	38	38	54	37	
46	37.5	44.5	20	36.5	29	25	36.5	0	39.5	51	27.5	31	49	18	14.5	47	31	29.5	41.5	48.5	67.5	19	31.5	45.5	43	65.5	22	59	16	60	31	41	29.5	51	44.5	26.5	45	49	60	20.5	23	45	45	13.5	62.5	12.5	18.5	52.5	21.5	37.5	
18.5	50	17	57.5	74	56.5	32.5	39	39.5	0	36.5	65	68.5	21.5	57.5	27	19.5	18.5	42	79	21	30	46.5	54	18	80.5	32	59.5	31.5	53.5	27.5	18.5	38.5	12	23.5	37	64	72.5	21.5	32.5	23	62.5	32.5	22.5	46	35	45	41	13	59	2	
45	23.5	41.5	61	79.5	32	36	24.5	51	36.5	0	38.5	80	32	41	38.5	44	20	31.5	54.5	37.5	18.5	42	27.5	44.5	68	20.5	49	42	55	11	20	20	28.5	50	16.5	69.5	46	48	41	34.5	36	6	26	47.5	23.5	48.5	42.5	23.5	54.5	36.5	
71.5	17	70	34.5	53	20.5	44.5	38	27.5	65	38.5	0	51.5	60.5	19.5	40	72.5	56.5	35	28	66	47	30.5	11	71	41.5	49	22.5	70.5	28.5	39.5	56.5	38.5	55	76.5	40	43	19.5	74.5	69.5	46	14.5	44.5	54.5	31	52	32	36	52	28	63	
75	58.5	73.5	29	15.5	58	54	65.5	31	68.5	80	51.5	0	78	49	43.5	76	60	58.5	35.5	77.5	88.5	48	52.5	74.5	12	90.5	41	88	35	81	60	70	58.5	80	73.5	20.5	36	78	89	49.5	54	74	74	42.5	91.5	41.5	47.5	81.5	35.5	66.5	
23	45.5	21.5	67	83.5	54	42	46.5	49	21.5	32	60.5	78	0	63	36.5	24	28	51.5	76.5	25.5	20.5	56	49.5	22.5	90	22.5	69	36	63	23	28	42	21.5	28	38.5	73.5	68	26	37	32.5	58	38	32	55.5	25.5	54.5	50.5	30.5	68.5	19.5	
64	19.5	62.5	38	54.5	23	43	40.5	18	57.5	41	19.5	49	63	0	32.5	65	49	37.5	35.5	66.5	49.5	33	13.5	63.5	49	51.5	30	73	34	42	49	41	47.5	69	42.5	44.5	27	67	72	38.5	5	47	57	31.5	54.5	30.5	36.5	54.5	35.5	55.5	
33.5	35	32	32.5	49	31.5	12.5	24	14.5	27	38.5	40	43.5	36.5	32.5	0	34.5	18.5	15	54	36	55	21.5	39	33	55.5	53	34.5	46.5	28.5	47.5	18.5	28.5	17	38.5	32	39	57.5	36.5	47.5	8	37.5	32.5	32.5	21	50	20	16	40	34	25	
11	57.5	14.5	65	81.5	64	40	46.5	47	19.5	44	72.5	76	24	65	34.5	0	26	49.5	86.5	18.5	27.5	54	61.5	10.5	88	29.5	67	24	61	35	26	46	19.5	16	44.5	71.5	80	14	25	30.5	70	40	30	53.5	32.5	52.5	48.5	32.5	66.5	17.5	
25	43.5	23.5	49	65.5	48	24	30.5	31	18.5	20	56.5	60	28	49	18.5	26	0	33.5	70.5	27.5	38.5	38	47.5	24.5	72	40.5	51	38	45	31	0	30	8.5	30	28.5	55.5	66	28	39	14.5	54	14	24	37.5	41.5	36.5	32.5	31.5	50.5	16.5	
48.5	20	47	47.5	64	28.5	27.5	31	29.5	42	31.5	35	58.5	51.5	37.5	15	49.5	33.5	0	51	51	40	36.5	24	48	64.5	42	45.5	61.5	43.5	32.5	33.5	31.5	32	53.5	33	54	42.5	51.5	62.5	23	32.5	37.5	47.5	36	45	35	31	45	49	40	
85.5	33	84	35.5	39	36.5	60.5	54	41.5	79	54.5	28	35.5	76.5	35.5	54	86.5	70.5	51	0	82	63	46.5	27	85	27.5	65	33.5	86.5	39.5	55.5	70.5	54.5	69	90.5	56	15	10.5	88.5	85.5	60	30.5	60.5	70.5	47	68	48	52	68	34	77	
17.5	51	4	66.5	83	59.5	41.5	48	48.5	21	37.5	66	77.5	25.5	66.5	36	18.5	27.5	51	82	0	19	55.5	55	17	89.5	17	68.5	30.5	62.5	28.5	27.5	47.5	21	22.5	44	73	73.5	20.5	31.5	32	63.5	41.5	31.5	55	14	54	50	34	68	19	
36.5	32	23	69.5	88	40.5	44.5	33	67.5	30	18.5	47	88.5	20.5	49.5	55	27.5	38.5	40	63	19	0	50.5	36	34	76.5	2	57.5	25.5	63.5	9.5	38.5	28.5	40	33.5	25	78	54.5	35.5	24.5	49	44.5	24.5	24.5	56	5	57	51	17	63	32	
53	20.5	51.5	37	53.5	10	32	41.5	19	46.5	42	30.5	48	56	33	21.5	54	38	36.5	46.5	55.5	50.5	0	19.5	52.5	60	52.5	39	66	33	43	38	42	36.5	58	43.5	43.5	38	56	67	27.5	28	48	52	25.5	55.5	24.5	25.5	55.5	38.5	44.5	
72.5	6	59	33.5	52	9.5	33.5	27	31.5	54	27.5	11	52.5	49.5	13.5	39	61.5	47.5	24	27	55	36	19.5	0	68	40.5	38	21.5	59.5	27.5	28.5	47.5	27.5	54	67.5	29	42	18.5	69.5	58.5	43	8.5	33.5	43.5	20	41	21	25	41	27	56	
4.5	64	13	63.5	80	62.5	38.5	45	45.5	18	44.5	71	74.5	22.5	63.5	33	10.5	24.5	48	85	17	34	52.5	68	0	86.5	34	65.5	17.5	59.5	41.5	24.5	44.5	18	9.5	43	70	86.5	7.5	18.5	29	68.5	38.5	28.5	52	31	51	47	31	65	16	
87	46.5	85.5	41	27.5	50	66	67.5	43	80.5	68	41.5	12	90	49	55.5	88	72	64.5	27.5	89.5	76.5	60	40.5	86.5	0	78.5	47	100	47	69	72	68	70.5	92	69.5	32.5	24	90	99	61.5	44	74	84	54.5	81.5	53.5	59.5	81.5	47.5	78.5	
34.5	34	21	71.5	90	42.5	46.5	35	65.5	32	20.5	49	90.5	22.5	51.5	53	29.5	40.5	42	65	17	2	52.5	38	34	78.5	0	59.5	27.5	65.5	11.5	40.5	30.5	38	35.5	27	80	56.5	37.5	26.5	49	46.5	26.5	26.5	58	3	59	53	19	65	34	
66	27.5	64.5	30	46.5	31	45	48.5	22	59.5	49	22.5	41	69	30	34.5	67	51	45.5	33.5	68.5	57.5	39	21.5	65.5	47	59.5	0	79	6	50	51	49	49.5	71	50.5	36.5	25	69	80	40.5	25	55	65	33.5	62.5	32.5	38.5	62.5	31.5	57.5	
13	55.5	26.5	77	93.5	64	52	56.5	59	31.5	42	70.5	88	36	73	46.5	24	38	61.5	86.5	30.5	25.5	66	59.5	17.5	100	27.5	79	0	73	33	38	52	31.5	8	48.5	83.5	78	10	1	42.5	68	48	42	65.5	30.5	64.5	60.5	40.5	78.5	29.5	
60	33.5	58.5	24	40.5	37	39	50.5	16	53.5	55	28.5	35	63	34	28.5	61	45	43.5	39.5	62.5	63.5	33	27.5	59.5	47	65.5	6	73	0	56	45	55	43.5	65	56.5	30.5	31	63	74	34.5	31	59	59	27.5	68.5	26.5	32.5	66.5	25.5	51.5	
44	24.5	32.5	62	80.5	33	37	25.5	60	27.5	11	39.5	81	23	42	47.5	35	31	32.5	55.5	28.5	9.5	43	28.5	41.5	69	11.5	50	33	56	0	31	21	32.5	41	17.5	70.5	47	43	32	41.5	37	17	15	48.5	14.5	49.5	43.5	14.5	55.5	29.5	
25	43.5	23.5	49	65.5	48	24	30.5	31	18.5	20	56.5	60	28	49	18.5	26	0	33.5	70.5	27.5	38.5	38	47.5	24.5	72	40.5	51	38	45	31	0	30	8.5	30	28.5	55.5	66	28	39	14.5	54	14	24	37.5	41.5	36.5	32.5	31.5	50.5	16.5	
45	23.5	43.5	59	75.5	32	34	24.5	41	38.5	20	38.5	70	42	41	28.5	46	30	31.5	54.5	47.5	28.5	42	27.5	44.5	68	30.5	49	52	55	21	30	0	28.5	50	21.5	65.5	46	48	51	24.5	36	26	36	47.5	33.5	46.5	42.5	33.5	54.5	36.5	
18.5	50	17	47.5	64	46.5	22.5	29	29.5	12	28.5	55	58.5	21.5	47.5	17	19.5	8.5	32	69	21	40	36.5	54	18	70.5	38	49.5	31.5	43.5	32.5	8.5	28.5	0	23.5	27	54	72.5	21.5	32.5	13	52.5	22.5	17.5	36	35	35	31	25	49	10	
5	63.5	18.5	69	85.5	68	44	50.5	51	23.5	50	76.5	80	28	69	38.5	16	30	53.5	90.5	22.5	33.5	58	67.5	9.5	92	35.5	71	8	65	41	30	50	23.5	0	48.5	75.5	86	2	9	34.5	74	44	34	57.5	36.5	56.5	52.5	36.5	70.5	21.5	
43.5	25	42	62.5	79	33.5	37.5	26	44.5	37	16.5	40	73.5	38.5	42.5	32	44.5	28.5	33	56	44	25	43.5	29	43	69.5	27	50.5	48.5	56.5	17.5	28.5	21.5	27	48.5	0	69	47.5	46.5	47.5	28	37.5	22.5	32.5	49	30	50	44	30	56	35	
70.5	48	69	24.5	26	51.5	49.5	61	26.5	64	69.5	43	20.5	73.5	44.5	39	71.5	55.5	54	15	73	78	43.5	42	70	32.5	80	36.5	83.5	30.5	70.5	55.5	65.5	54	75.5	69	0	25.5	73.5	84.5	45	45.5	69.5	69.5	38	83	37	43	77	31	62	
89	24.5	77.5	27	35.5	28	52	45.5	45	72.5	46	19.5	36	68	27	57.5	80	66	42.5	10.5	73.5	54.5	38	18.5	86.5	24	56.5	25	78	31	47	66	46	72.5	86	47.5	25.5	0	88	77	61.5	22	52	62	38.5	59.5	39.5	43.5	59.5	25.5	74.5	
3	65.5	16.5	67	83.5	66	42	48.5	49	21.5	48	74.5	78	26	67	36.5	14	28	51.5	88.5	20.5	35.5	56	69.5	7.5	90	37.5	69	10	63	43	28	48	21.5	2	46.5	73.5	88	0	11	32.5	72	42	32	55.5	34.5	54.5	50.5	34.5	68.5	19.5	
14	54.5	27.5	78	94.5	63	53	55.5	60	32.5	41	69.5	89	37	72	47.5	25	39	62.5	85.5	31.5	24.5	67	58.5	18.5	99	26.5	80	1	74	32	39	51	32.5	9	47.5	84.5	77	11	0	43.5	67	47	43	66.5	29.5	65.5	61.5	39.5	79.5	30.5	
29.5	39	28	38.5	55	37.5	13.5	16	20.5	23	34.5	46	49.5	32.5	38.5	8	30.5	14.5	23	60	32	49	27.5	43	29	61.5	49	40.5	42.5	34.5	41.5	14.5	24.5	13	34.5	28	45	61.5	32.5	43.5	0	43.5	28.5	28.5	27	46	26	22	36	40	21	
69	14.5	67.5	37	55.5	18	42	35.5	23	62.5	36	14.5	54	58	5	37.5	70	54	32.5	30.5	63.5	44.5	28	8.5	68.5	44	46.5	25	68	31	37	54	36	52.5	74	37.5	45.5	22	72	67	43.5	0	42	52	28.5	49.5	29.5	33.5	49.5	30.5	60.5	
39	29.5	37.5	63	79.5	38	38	30.5	45	32.5	6	44.5	74	38	47	32.5	40	14	37.5	60.5	41.5	24.5	48	33.5	38.5	74	26.5	55	48	59	17	14	26	22.5	44	22.5	69.5	52	42	47	28.5	42	0	32	51.5	29.5	50.5	46.5	29.5	60.5	30.5	
29	39.5	27.5	63	79.5	48	38	40.5	45	22.5	26	54.5	74	32	57	32.5	30	24	47.5	70.5	31.5	24.5	52	43.5	28.5	84	26.5	65	42	59	15	24	36	17.5	34	32.5	69.5	62	32	43	28.5	52	32	0	51.5	29.5	50.5	46.5	29.5	64.5	20.5	
52.5	26	51	31.5	48	29.5	31.5	43	13.5	46	47.5	31	42.5	55.5	31.5	21	53.5	37.5	36	47	55	56	25.5	20	52	54.5	58	33.5	65.5	27.5	48.5	37.5	47.5	36	57.5	49	38	38.5	55.5	66.5	27	28.5	51.5	51.5	0	61	1	25	59	33	44	
31.5	37	18	74.5	93	45.5	49.5	38	62.5	35	23.5	52	91.5	25.5	54.5	50	32.5	41.5	45	68	14	5	55.5	41	31	81.5	3	62.5	30.5	68.5	14.5	41.5	33.5	35	36.5	30	83	59.5	34.5	29.5	46	49.5	29.5	29.5	61	0	62	56	22	68	33	
51.5	27	50	30.5	47	30.5	30.5	42	12.5	45	48.5	32	41.5	54.5	30.5	20	52.5	36.5	35	48	54	57	24.5	21	51	53.5	59	32.5	64.5	26.5	49.5	36.5	46.5	35	56.5	50	37	39.5	54.5	65.5	26	29.5	50.5	50.5	1	62	0	24	58	32	43	
47.5	19	46	36.5	53	29.5	26.5	38	18.5	41	42.5	36	47.5	50.5	36.5	16	48.5	32.5	31	52	50	51	25.5	25	47	59.5	53	38.5	60.5	32.5	43.5	32.5	42.5	31	52.5	44	43	43.5	50.5	61.5	22	33.5	46.5	46.5	25	56	24	0	54	38	39	
31.5	37	30	70.5	87	45.5	45.5	38	52.5	13	23.5	52	81.5	30.5	54.5	40	32.5	31.5	45	68	34	17	55.5	41	31	81.5	19	62.5	40.5	66.5	14.5	31.5	33.5	25	36.5	30	77	59.5	34.5	39.5	36	49.5	29.5	29.5	59	22	58	54	0	68	15	
65.5	33	64	24.5	41	36.5	44.5	54	21.5	59	54.5	28	35.5	68.5	35.5	34	66.5	50.5	49	34	68	63	38.5	27	65	47.5	65	31.5	78.5	25.5	55.5	50.5	54.5	49	70.5	56	31	25.5	68.5	79.5	40	30.5	60.5	64.5	33	68	32	38	68	0	57	
16.5	52	15	55.5	72	54.5	30.5	37	37.5	2	36.5	63	66.5	19.5	55.5	25	17.5	16.5	40	77	19	32	44.5	56	16	78.5	34	57.5	29.5	51.5	29.5	16.5	36.5	10	21.5	35	62	74.5	19.5	30.5	21	60.5	30.5	20.5	44	33	43	39	15	57	0	
