Number of items: 50
Horizon: 15
Time limit: 500
Load limit: 3000
Initial item inventory level
30
160
273
60
170
178
116
70
201
10
180
126
56
22
55
198
14
69
30
156
58
168
273
255
176
20
23
153
78
98
33
75
12
198
243
94
94
99
154
22
178
176
222
234
54
297
49
99
35
219
Maximum inventory capacity per item
40
240
364
120
255
267
174
105
268
20
240
168
112
33
110
264
28
92
40
234
116
224
364
340
264
40
46
204
104
147
66
100
24
264
324
188
188
198
231
33
267
264
296
312
81
396
98
198
70
292
Reserve storage replenishment rate per item and per period
60	0	0	60	0	0	60	0	0	60	0	0	60	0	0	
480	0	0	480	0	0	480	0	0	480	0	0	480	0	0	
546	0	0	546	0	0	546	0	0	546	0	0	546	0	0	
360	0	0	360	0	0	360	0	0	360	0	0	360	0	0	
510	0	0	510	0	0	510	0	0	510	0	0	510	0	0	
534	0	0	534	0	0	534	0	0	534	0	0	534	0	0	
348	0	0	348	0	0	348	0	0	348	0	0	348	0	0	
210	0	0	210	0	0	210	0	0	210	0	0	210	0	0	
402	0	0	402	0	0	402	0	0	402	0	0	402	0	0	
60	0	0	60	0	0	60	0	0	60	0	0	60	0	0	
360	0	0	360	0	0	360	0	0	360	0	0	360	0	0	
252	0	0	252	0	0	252	0	0	252	0	0	252	0	0	
336	0	0	336	0	0	336	0	0	336	0	0	336	0	0	
66	0	0	66	0	0	66	0	0	66	0	0	66	0	0	
330	0	0	330	0	0	330	0	0	330	0	0	330	0	0	
396	0	0	396	0	0	396	0	0	396	0	0	396	0	0	
84	0	0	84	0	0	84	0	0	84	0	0	84	0	0	
138	0	0	138	0	0	138	0	0	138	0	0	138	0	0	
60	0	0	60	0	0	60	0	0	60	0	0	60	0	0	
468	0	0	468	0	0	468	0	0	468	0	0	468	0	0	
348	0	0	348	0	0	348	0	0	348	0	0	348	0	0	
336	0	0	336	0	0	336	0	0	336	0	0	336	0	0	
546	0	0	546	0	0	546	0	0	546	0	0	546	0	0	
510	0	0	510	0	0	510	0	0	510	0	0	510	0	0	
528	0	0	528	0	0	528	0	0	528	0	0	528	0	0	
120	0	0	120	0	0	120	0	0	120	0	0	120	0	0	
138	0	0	138	0	0	138	0	0	138	0	0	138	0	0	
306	0	0	306	0	0	306	0	0	306	0	0	306	0	0	
156	0	0	156	0	0	156	0	0	156	0	0	156	0	0	
294	0	0	294	0	0	294	0	0	294	0	0	294	0	0	
198	0	0	198	0	0	198	0	0	198	0	0	198	0	0	
150	0	0	150	0	0	150	0	0	150	0	0	150	0	0	
72	0	0	72	0	0	72	0	0	72	0	0	72	0	0	
396	0	0	396	0	0	396	0	0	396	0	0	396	0	0	
486	0	0	486	0	0	486	0	0	486	0	0	486	0	0	
564	0	0	564	0	0	564	0	0	564	0	0	564	0	0	
564	0	0	564	0	0	564	0	0	564	0	0	564	0	0	
594	0	0	594	0	0	594	0	0	594	0	0	594	0	0	
462	0	0	462	0	0	462	0	0	462	0	0	462	0	0	
66	0	0	66	0	0	66	0	0	66	0	0	66	0	0	
534	0	0	534	0	0	534	0	0	534	0	0	534	0	0	
528	0	0	528	0	0	528	0	0	528	0	0	528	0	0	
444	0	0	444	0	0	444	0	0	444	0	0	444	0	0	
468	0	0	468	0	0	468	0	0	468	0	0	468	0	0	
162	0	0	162	0	0	162	0	0	162	0	0	162	0	0	
594	0	0	594	0	0	594	0	0	594	0	0	594	0	0	
294	0	0	294	0	0	294	0	0	294	0	0	294	0	0	
594	0	0	594	0	0	594	0	0	594	0	0	594	0	0	
210	0	0	210	0	0	210	0	0	210	0	0	210	0	0	
438	0	0	438	0	0	438	0	0	438	0	0	438	0	0	
Forward storage demand rate per item and per period
10	11	0	8	7	6	15	9	9	6	0	8	14	15	4	
80	125	97	42	72	139	93	107	118	44	56	73	48	53	26	
91	116	112	65	22	102	109	92	116	74	132	162	144	141	142	
60	86	65	89	51	40	72	29	98	25	68	56	70	49	44	
85	92	121	107	24	154	61	12	102	127	71	54	150	58	34	
89	57	80	36	69	98	72	103	119	164	135	73	87	106	137	
58	72	67	20	59	69	19	75	70	24	90	64	44	82	90	
35	50	31	64	54	42	17	16	34	23	21	32	60	14	36	
67	31	96	66	54	63	88	84	82	59	91	118	29	61	35	
10	8	8	9	13	3	9	13	13	8	5	13	10	7	6	
60	33	49	41	58	103	95	67	73	29	58	33	72	3	66	
42	75	32	58	19	29	47	35	43	66	58	17	52	54	21	
56	5	64	93	54	57	63	36	56	92	65	41	47	71	91	
11	2	11	5	10	15	4	18	3	8	9	14	6	9	3	
55	49	69	58	42	64	87	72	66	93	38	43	98	26	34	
66	53	62	85	74	74	98	6	69	65	67	74	49	68	20	
14	10	22	7	20	14	2	19	3	10	16	22	11	17	9	
23	32	24	36	18	37	11	19	29	29	20	28	13	25	30	
10	9	13	11	13	4	3	8	11	12	10	9	10	12	8	
78	66	65	125	76	128	65	56	95	131	42	106	27	106	72	
58	15	52	31	56	37	38	6	71	52	101	87	39	77	74	
56	18	12	70	80	75	72	77	22	64	73	22	81	46	61	
91	96	157	72	48	30	106	128	150	100	36	104	64	100	23	
85	82	66	45	21	32	81	135	66	68	44	77	113	140	81	
88	57	82	89	123	96	162	145	161	96	106	154	105	105	69	
20	23	15	14	11	10	28	15	23	35	13	24	29	6	13	
23	34	3	23	14	13	34	28	22	7	21	7	18	37	24	
51	47	18	36	68	54	43	69	71	90	93	34	34	70	66	
26	5	35	31	39	39	12	24	16	37	13	41	2	13	10	
49	52	33	46	67	30	30	38	32	56	38	58	10	31	38	
33	13	31	46	35	32	49	11	11	36	31	34	39	35	43	
25	7	23	47	20	36	34	16	13	24	36	22	18	31	6	
12	10	2	14	15	4	10	9	3	12	17	13	19	13	22	
66	37	112	119	69	96	78	102	69	62	60	16	64	49	102	
81	132	91	107	78	96	74	99	20	92	35	145	46	108	105	
94	150	72	45	17	145	83	94	110	84	124	96	110	133	141	
94	93	72	151	145	78	50	64	82	113	144	164	94	111	95	
99	51	112	51	77	98	149	63	83	41	140	108	127	116	113	
77	80	87	58	38	100	13	93	20	57	81	81	71	35	114	
11	11	10	2	10	10	3	13	20	15	2	7	3	6	9	
89	114	61	93	17	130	85	123	16	149	77	57	12	81	110	
88	80	86	130	45	109	70	37	113	125	54	62	72	96	70	
74	96	69	64	70	114	79	76	106	46	100	79	65	103	100	
78	42	63	106	88	74	53	108	36	36	144	114	90	122	31	
27	29	18	50	20	27	8	18	24	22	16	14	41	27	40	
99	95	77	50	78	70	166	139	148	169	113	123	90	98	85	
49	57	45	55	85	51	71	43	23	53	28	81	68	66	31	
99	106	100	81	106	41	90	163	153	89	40	90	18	69	40	
35	20	20	2	26	37	20	55	10	42	38	15	50	37	68	
73	80	41	32	40	65	102	84	137	92	47	52	93	45	52	
Distance matrix
0	24	34.5	59	25	37.5	62	44	85.5	85	22	56	25	51.5	65	74	55.5	57.5	58.5	36	51	52.5	32.5	41	46	29.5	31	18	13.5	82	42	47.5	64	20.5	53	66	39.5	36	36	58.5	84	58	54	60.5	55	55.5	53	17	34	59.5	10.5	
24	0	18.5	43	1	21.5	46	20	69.5	69	2	40	39	35.5	49	58	39.5	33.5	42.5	12	35	36.5	16.5	25	30	18.5	7	42	22.5	66	26	28.5	48	29.5	37	50	23.5	30	20	42.5	68	38	38	44.5	39	35.5	37	41	18	43.5	29.5	
34.5	18.5	0	38.5	19.5	3	41.5	36.5	65	64.5	16.5	35.5	49.5	17	44.5	53.5	35	23	32	30.5	30.5	32	22	20.5	25.5	29	25.5	52.5	33	61.5	21.5	33	41.5	40	32.5	45.5	19	40.5	20.5	38	61.5	27.5	33.5	40	34.5	21	32.5	51.5	13.5	39	40	
59	43	38.5	0	44	41.5	3	63	34.5	34	41	3	74	55.5	14	23	9.5	53.5	52.5	55	20	26.5	46.5	30	35	53.5	50	77	57.5	31	41	63.5	43	64.5	52	7	33.5	65	45	12.5	33	53	23	44.5	24	55.5	42	76	33	43.5	64.5	
25	1	19.5	44	0	22.5	47	19	70.5	70	3	41	40	36.5	50	59	40.5	32.5	41.5	11	36	37.5	17.5	26	31	19.5	6	43	23.5	67	27	27.5	49	30.5	38	51	24.5	31	21	43.5	69	37	39	45.5	40	34.5	38	42	19	44.5	30.5	
37.5	21.5	3	41.5	22.5	0	44.5	33.5	68	67.5	19.5	38.5	52.5	14	47.5	56.5	38	20	29	33.5	33.5	35	25	23.5	28.5	32	28.5	55.5	36	64.5	24.5	30	38.5	43	29.5	48.5	22	41.5	23.5	41	58.5	24.5	36.5	37	37.5	18	35.5	54.5	16.5	38	43	
62	46	41.5	3	47	44.5	0	64	37.5	37	44	6	77	56.5	17	26	12.5	50.5	49.5	58	23	29.5	49.5	33	38	56.5	53	80	60.5	34	44	60.5	44	67.5	55	4	36.5	68	48	15.5	34	50	26	47.5	27	52.5	45	79	36	46.5	67.5	
44	20	36.5	63	19	33.5	64	0	65.5	71	22	60	31	19.5	69	72	59.5	13.5	22.5	8	55	48.5	28.5	45	40	26.5	13	38	42.5	74	34	8.5	32	35.5	23	60	41.5	20	30	62.5	52	18	52	30.5	51	15.5	33	39	38	31.5	45.5	
85.5	69.5	65	34.5	70.5	68	37.5	65.5	0	29.5	67.5	31.5	84.5	58	30.5	29.5	36	52	51	73.5	46.5	53	73	56.5	61.5	80	76.5	91.5	84	32.5	67.5	62	45.5	89	56.5	41.5	60	73.5	71.5	39	25.5	51.5	49.5	49	50.5	54	56.5	92.5	59.5	50	91	
85	69	64.5	34	70	67.5	37	71	29.5	0	67	31	90	63.5	30	29	35.5	57.5	56.5	79	46	52.5	72.5	56	61	79.5	76	97	83.5	3	67	67.5	51	90.5	62	41	59.5	79	71	38.5	31	57	49	54.5	50	59.5	62	98	59	55.5	90.5	
22	2	16.5	41	3	19.5	44	22	67.5	67	0	38	37	33.5	47	56	37.5	35.5	40.5	14	33	34.5	14.5	23	28	16.5	9	40	20.5	64	24	30.5	46	27.5	35	48	21.5	28	18	40.5	66	40	36	42.5	37	37.5	35	39	16	41.5	27.5	
56	40	35.5	3	41	38.5	6	60	31.5	31	38	0	71	52.5	11	20	6.5	56.5	49.5	52	17	23.5	43.5	27	32	50.5	47	74	54.5	28	38	66.5	40	61.5	49	10	30.5	62	42	9.5	30	54	20	41.5	21	56.5	39	73	30	40.5	61.5	
25	39	49.5	74	40	52.5	77	31	84.5	90	37	71	0	38.5	80	89	70.5	32.5	41.5	39	66	67.5	47.5	56	59	40.5	44	27	28.5	93	53	22.5	51	29.5	42	79	54.5	29	49	73.5	71	37	69	49.5	70	34.5	52	28	49	50.5	30.5	
51.5	35.5	17	55.5	36.5	14	56.5	19.5	58	63.5	33.5	52.5	38.5	0	61.5	64.5	52	6	15	27.5	47.5	41	31	37.5	32.5	34	32.5	45.5	50	66.5	26.5	16	24.5	43	15.5	52.5	34	27.5	27.5	55	44.5	10.5	44.5	23	43.5	4	25.5	46.5	30.5	24	53	
65	49	44.5	14	50	47.5	17	69	30.5	30	47	11	80	61.5	0	19	15.5	57.5	56.5	61	26	32.5	52.5	36	41	59.5	56	83	63.5	27	47	67.5	49	70.5	58	21	39.5	71	51	18.5	19	57	29	50.5	30	59.5	48	82	39	49.5	70.5	
74	58	53.5	23	59	56.5	26	72	29.5	29	56	20	89	64.5	19	0	24.5	58.5	57.5	70	35	41.5	61.5	45	50	68.5	65	92	72.5	26	56	68.5	52	79.5	63	30	48.5	80	60	27.5	32	58	38	55.5	39	60.5	57	91	48	56.5	79.5	
55.5	39.5	35	9.5	40.5	38	12.5	59.5	36	35.5	37.5	6.5	70.5	52	15.5	24.5	0	52	49	51.5	16.5	23	43	26.5	31.5	50	46.5	73.5	54	32.5	37.5	62	39.5	61	48.5	16.5	30	61.5	41.5	3	34.5	51.5	19.5	41	20.5	54	38.5	72.5	29.5	40	61	
57.5	33.5	23	53.5	32.5	20	50.5	13.5	52	57.5	35.5	56.5	32.5	6	57.5	58.5	52	0	9	21.5	41.5	35	25	31.5	26.5	28	26.5	39.5	44	60.5	20.5	10	18.5	37	9.5	46.5	28	21.5	21.5	49	38.5	4.5	38.5	17	37.5	2	19.5	40.5	28.5	18	47	
58.5	42.5	32	52.5	41.5	29	49.5	22.5	51	56.5	40.5	49.5	41.5	15	56.5	57.5	49	9	0	30.5	40.5	34	34	30.5	25.5	37	35.5	48.5	53	59.5	24.5	19	17.5	46	13.5	45.5	19	30.5	30.5	48	37.5	8.5	37.5	16	36.5	11	18.5	49.5	32.5	17	56	
36	12	30.5	55	11	33.5	58	8	73.5	79	14	52	39	27.5	61	70	51.5	21.5	30.5	0	47	48.5	28.5	37	42	30.5	5	46	34.5	78	38	16.5	40	41.5	31	62	35.5	28	32	54.5	60	26	50	38.5	51	23.5	41	47	30	39.5	41.5	
51	35	30.5	20	36	33.5	23	55	46.5	46	33	17	66	47.5	26	35	16.5	41.5	40.5	47	0	18.5	38.5	22	27	45.5	42	69	49.5	43	33	51.5	35	56.5	44	27	25.5	57	37	19.5	45	41	3	36.5	4	43.5	34	68	25	35.5	56.5	
52.5	36.5	32	26.5	37.5	35	29.5	48.5	53	52.5	34.5	23.5	67.5	41	32.5	41.5	23	35	34	48.5	18.5	0	40	23.5	28.5	47	43.5	70.5	51	49.5	34.5	45	28.5	58	39.5	33.5	27	56.5	38.5	26	43.5	34.5	21.5	32	22.5	37	35.5	69.5	26.5	33	58	
32.5	16.5	22	46.5	17.5	25	49.5	28.5	73	72.5	14.5	43.5	47.5	31	52.5	61.5	43	25	34	28.5	38.5	40	0	28.5	33.5	27	23.5	50.5	31	69.5	29.5	25	43.5	38	34.5	53.5	27	36.5	23.5	46	63.5	29.5	41.5	42	42.5	27	40.5	49.5	21.5	43	38	
41	25	20.5	30	26	23.5	33	45	56.5	56	23	27	56	37.5	36	45	26.5	31.5	30.5	37	22	23.5	28.5	0	5	35.5	32	59	39.5	53	23	41.5	35	46.5	34	37	15.5	47	27	29.5	55	31	25	31.5	26	33.5	12	58	15	30.5	46.5	
46	30	25.5	35	31	28.5	38	40	61.5	61	28	32	59	32.5	41	50	31.5	26.5	25.5	42	27	28.5	33.5	5	0	40.5	37	64	44.5	58	28	36.5	30	51.5	31	42	20.5	48	32	34.5	50	26	30	28.5	31	28.5	7	63	20	29.5	51.5	
29.5	18.5	29	53.5	19.5	32	56.5	26.5	80	79.5	16.5	50.5	40.5	34	59.5	68.5	50	28	37	30.5	45.5	47	27	35.5	40.5	0	25.5	47.5	28	76.5	36.5	18	46.5	35	37.5	60.5	34	29.5	30.5	53	66.5	32.5	48.5	45	49.5	30	47.5	46.5	28.5	46	35	
31	7	25.5	50	6	28.5	53	13	76.5	76	9	47	44	32.5	56	65	46.5	26.5	35.5	5	42	43.5	23.5	32	37	25.5	0	49	29.5	73	33	21.5	45	36.5	36	57	30.5	33	27	49.5	65	31	45	43.5	46	28.5	44	48	25	44.5	36.5	
18	42	52.5	77	43	55.5	80	38	91.5	97	40	74	27	45.5	83	92	73.5	39.5	48.5	46	69	70.5	50.5	59	64	47.5	49	0	31.5	100	60	29.5	58	36.5	49	84	57.5	36	54	76.5	78	44	72	56.5	73	41.5	59	1	52	57.5	28.5	
13.5	22.5	33	57.5	23.5	36	60.5	42.5	84	83.5	20.5	54.5	28.5	50	63.5	72.5	54	44	53	34.5	49.5	51	31	39.5	44.5	28	29.5	31.5	0	80.5	40.5	34	62.5	7	51.5	64.5	38	34.5	34.5	57	82.5	48.5	52.5	59	53.5	46	51.5	30.5	32.5	58	19	
82	66	61.5	31	67	64.5	34	74	32.5	3	64	28	93	66.5	27	26	32.5	60.5	59.5	78	43	49.5	69.5	53	58	76.5	73	100	80.5	0	64	70.5	54	87.5	65	38	56.5	82	68	35.5	34	60	46	57.5	47	62.5	65	99	56	58.5	87.5	
42	26	21.5	41	27	24.5	44	34	67.5	67	24	38	53	26.5	47	56	37.5	20.5	24.5	38	33	34.5	29.5	23	28	36.5	33	60	40.5	64	0	30.5	34	47.5	11	48	21.5	42	28	40.5	54	16	36	32.5	37	22.5	35	59	8	33.5	47.5	
47.5	28.5	33	63.5	27.5	30	60.5	8.5	62	67.5	30.5	66.5	22.5	16	67.5	68.5	62	10	19	16.5	51.5	45	25	41.5	36.5	18	21.5	29.5	34	70.5	30.5	0	28.5	27	19.5	56.5	38	11.5	26.5	59	48.5	14.5	48.5	27	47.5	12	29.5	30.5	38.5	28	37	
64	48	41.5	43	49	38.5	44	32	45.5	51	46	40	51	24.5	49	52	39.5	18.5	17.5	40	35	28.5	43.5	35	30	46.5	45	58	62.5	54	34	28.5	0	55.5	23	40	36.5	40	40	42.5	32	18	32	15.5	31	20.5	23	59	38	16.5	65.5	
20.5	29.5	40	64.5	30.5	43	67.5	35.5	89	90.5	27.5	61.5	29.5	43	70.5	79.5	61	37	46	41.5	56.5	58	38	46.5	51.5	35	36.5	36.5	7	87.5	47.5	27	55.5	0	46.5	71.5	45	33.5	41.5	64	75.5	41.5	59.5	54	60.5	39	56.5	37.5	39.5	55	26	
53	37	32.5	52	38	29.5	55	23	56.5	62	35	49	42	15.5	58	63	48.5	9.5	13.5	31	44	39.5	34.5	34	31	37.5	36	49	51.5	65	11	19.5	23	46.5	0	51	32.5	31	31	51.5	43	5	43	21.5	42	11.5	24	50	19	22.5	56.5	
66	50	45.5	7	51	48.5	4	60	41.5	41	48	10	79	52.5	21	30	16.5	46.5	45.5	62	27	33.5	53.5	37	42	60.5	57	84	64.5	38	48	56.5	40	71.5	51	0	40.5	68	52	19.5	30	46	30	43.5	31	48.5	49	83	40	44.5	71.5	
39.5	23.5	19	33.5	24.5	22	36.5	41.5	60	59.5	21.5	30.5	54.5	34	39.5	48.5	30	28	19	35.5	25.5	27	27	15.5	20.5	34	30.5	57.5	38	56.5	21.5	38	36.5	45	32.5	40.5	0	45.5	25.5	33	56.5	27.5	28.5	35	29.5	30	27.5	56.5	13.5	34	45	
36	30	40.5	65	31	41.5	68	20	73.5	79	28	62	29	27.5	71	80	61.5	21.5	30.5	28	57	56.5	36.5	47	48	29.5	33	36	34.5	82	42	11.5	40	33.5	31	68	45.5	0	38	64.5	60	26	60	38.5	59	23.5	41	37	40	39.5	41.5	
36	20	20.5	45	21	23.5	48	30	71.5	71	18	42	49	27.5	51	60	41.5	21.5	30.5	32	37	38.5	23.5	27	32	30.5	27	54	34.5	68	28	26.5	40	41.5	31	52	25.5	38	0	44.5	60	26	40	38.5	41	23.5	39	53	20	39.5	41.5	
58.5	42.5	38	12.5	43.5	41	15.5	62.5	39	38.5	40.5	9.5	73.5	55	18.5	27.5	3	49	48	54.5	19.5	26	46	29.5	34.5	53	49.5	76.5	57	35.5	40.5	59	42.5	64	51.5	19.5	33	64.5	44.5	0	37.5	48.5	22.5	44	23.5	51	41.5	75.5	32.5	43	64	
84	68	61.5	33	69	58.5	34	52	25.5	31	66	30	71	44.5	19	32	34.5	38.5	37.5	60	45	43.5	63.5	55	50	66.5	65	78	82.5	34	54	48.5	32	75.5	43	30	56.5	60	60	37.5	0	38	42	35.5	41	40.5	43	79	58	36.5	85.5	
58	38	27.5	53	37	24.5	50	18	51.5	57	40	54	37	10.5	57	58	51.5	4.5	8.5	26	41	34.5	29.5	31	26	32.5	31	44	48.5	60	16	14.5	18	41.5	5	46	27.5	26	26	48.5	38	0	38	16.5	37	6.5	19	45	24	17.5	51.5	
54	38	33.5	23	39	36.5	26	52	49.5	49	36	20	69	44.5	29	38	19.5	38.5	37.5	50	3	21.5	41.5	25	30	48.5	45	72	52.5	46	36	48.5	32	59.5	43	30	28.5	60	40	22.5	42	38	0	35.5	1	40.5	37	71	28	36.5	59.5	
60.5	44.5	40	44.5	45.5	37	47.5	30.5	49	54.5	42.5	41.5	49.5	23	50.5	55.5	41	17	16	38.5	36.5	32	42	31.5	28.5	45	43.5	56.5	59	57.5	32.5	27	15.5	54	21.5	43.5	35	38.5	38.5	44	35.5	16.5	35.5	0	34.5	19	21.5	57.5	34.5	1	64	
55	39	34.5	24	40	37.5	27	51	50.5	50	37	21	70	43.5	30	39	20.5	37.5	36.5	51	4	22.5	42.5	26	31	49.5	46	73	53.5	47	37	47.5	31	60.5	42	31	29.5	59	41	23.5	41	37	1	34.5	0	39.5	38	72	29	35.5	60.5	
55.5	35.5	21	55.5	34.5	18	52.5	15.5	54	59.5	37.5	56.5	34.5	4	59.5	60.5	54	2	11	23.5	43.5	37	27	33.5	28.5	30	28.5	41.5	46	62.5	22.5	12	20.5	39	11.5	48.5	30	23.5	23.5	51	40.5	6.5	40.5	19	39.5	0	21.5	42.5	30.5	20	49	
53	37	32.5	42	38	35.5	45	33	56.5	62	35	39	52	25.5	48	57	38.5	19.5	18.5	41	34	35.5	40.5	12	7	47.5	44	59	51.5	65	35	29.5	23	56.5	24	49	27.5	41	39	41.5	43	19	37	21.5	38	21.5	0	60	27	22.5	58.5	
17	41	51.5	76	42	54.5	79	39	92.5	98	39	73	28	46.5	82	91	72.5	40.5	49.5	47	68	69.5	49.5	58	63	46.5	48	1	30.5	99	59	30.5	59	37.5	50	83	56.5	37	53	75.5	79	45	71	57.5	72	42.5	60	0	51	58.5	27.5	
34	18	13.5	33	19	16.5	36	38	59.5	59	16	30	49	30.5	39	48	29.5	28.5	32.5	30	25	26.5	21.5	15	20	28.5	25	52	32.5	56	8	38.5	38	39.5	19	40	13.5	40	20	32.5	58	24	28	34.5	29	30.5	27	51	0	33.5	39.5	
59.5	43.5	39	43.5	44.5	38	46.5	31.5	50	55.5	41.5	40.5	50.5	24	49.5	56.5	40	18	17	39.5	35.5	33	43	30.5	29.5	46	44.5	57.5	58	58.5	33.5	28	16.5	55	22.5	44.5	34	39.5	39.5	43	36.5	17.5	36.5	1	35.5	20	22.5	58.5	33.5	0	65	
10.5	29.5	40	64.5	30.5	43	67.5	45.5	91	90.5	27.5	61.5	30.5	53	70.5	79.5	61	47	56	41.5	56.5	58	38	46.5	51.5	35	36.5	28.5	19	87.5	47.5	37	65.5	26	56.5	71.5	45	41.5	41.5	64	85.5	51.5	59.5	64	60.5	49	58.5	27.5	39.5	65	0	
