Number of items: 50
Horizon: 9
Time limit: 500
Load limit: 3000
Initial item inventory level
150
97
30
68
55
106
54
165
148
156
104
94
62
29
49
64
180
56
44
297
87
15
64
87
134
150
54
177
57
68
60
207
69
110
142
294
42
176
102
95
10
291
152
240
141
97
231
94
81
83
Maximum inventory capacity per item
200
194
60
136
110
159
108
220
222
208
156
188
124
58
98
96
240
84
66
396
116
30
96
116
201
225
72
236
114
136
90
276
92
165
213
392
63
264
136
190
20
388
228
320
188
194
308
188
108
166
Reserve storage replenishment rate per item and per period
300	0	0	300	0	0	300	0	0	
582	0	0	582	0	0	582	0	0	
180	0	0	180	0	0	180	0	0	
408	0	0	408	0	0	408	0	0	
330	0	0	330	0	0	330	0	0	
318	0	0	318	0	0	318	0	0	
324	0	0	324	0	0	324	0	0	
330	0	0	330	0	0	330	0	0	
444	0	0	444	0	0	444	0	0	
312	0	0	312	0	0	312	0	0	
312	0	0	312	0	0	312	0	0	
564	0	0	564	0	0	564	0	0	
372	0	0	372	0	0	372	0	0	
174	0	0	174	0	0	174	0	0	
294	0	0	294	0	0	294	0	0	
192	0	0	192	0	0	192	0	0	
360	0	0	360	0	0	360	0	0	
168	0	0	168	0	0	168	0	0	
132	0	0	132	0	0	132	0	0	
594	0	0	594	0	0	594	0	0	
174	0	0	174	0	0	174	0	0	
90	0	0	90	0	0	90	0	0	
192	0	0	192	0	0	192	0	0	
174	0	0	174	0	0	174	0	0	
402	0	0	402	0	0	402	0	0	
450	0	0	450	0	0	450	0	0	
108	0	0	108	0	0	108	0	0	
354	0	0	354	0	0	354	0	0	
342	0	0	342	0	0	342	0	0	
408	0	0	408	0	0	408	0	0	
180	0	0	180	0	0	180	0	0	
414	0	0	414	0	0	414	0	0	
138	0	0	138	0	0	138	0	0	
330	0	0	330	0	0	330	0	0	
426	0	0	426	0	0	426	0	0	
588	0	0	588	0	0	588	0	0	
126	0	0	126	0	0	126	0	0	
528	0	0	528	0	0	528	0	0	
204	0	0	204	0	0	204	0	0	
570	0	0	570	0	0	570	0	0	
60	0	0	60	0	0	60	0	0	
582	0	0	582	0	0	582	0	0	
456	0	0	456	0	0	456	0	0	
480	0	0	480	0	0	480	0	0	
282	0	0	282	0	0	282	0	0	
582	0	0	582	0	0	582	0	0	
462	0	0	462	0	0	462	0	0	
564	0	0	564	0	0	564	0	0	
162	0	0	162	0	0	162	0	0	
498	0	0	498	0	0	498	0	0	
Forward storage demand rate per item and per period
50	30	79	57	73	53	74	43	53	
97	118	37	174	80	78	146	110	171	
30	31	21	20	48	44	27	20	10	
68	26	47	81	111	117	69	33	99	
55	15	82	38	88	23	86	49	81	
53	96	49	71	52	56	53	29	57	
54	55	38	53	62	61	48	54	65	
55	83	44	34	19	60	13	55	57	
74	93	59	108	136	60	71	132	80	
52	32	43	96	34	50	41	44	49	
52	22	91	83	51	57	39	57	54	
94	71	58	56	84	26	44	22	68	
62	25	104	68	52	103	90	88	64	
29	22	51	41	18	7	30	33	27	
49	57	20	73	50	52	0	40	43	
32	5	6	40	48	34	35	20	43	
60	96	70	66	51	68	9	24	76	
28	34	44	43	20	9	31	24	26	
22	5	10	20	9	27	18	20	21	
99	92	133	86	46	98	72	46	94	
29	23	51	14	27	26	26	16	29	
15	8	12	25	9	14	10	8	29	
32	38	18	26	42	21	22	44	43	
29	9	43	23	20	38	38	20	29	
67	79	87	94	56	37	40	75	6	
75	74	105	94	65	44	43	60	27	
18	26	15	25	16	22	10	22	18	
59	70	69	54	71	48	45	74	60	
57	34	63	91	41	78	31	38	76	
68	72	55	105	65	65	68	59	77	
30	30	16	35	35	19	44	17	50	
69	87	34	54	128	79	73	65	28	
23	16	20	13	4	20	21	29	39	
55	61	100	54	39	62	23	78	43	
71	95	38	103	40	46	46	107	103	
98	45	153	108	108	159	87	63	94	
21	12	26	24	17	12	14	15	23	
88	56	95	36	103	120	127	84	143	
34	33	51	37	45	49	14	28	46	
95	78	88	43	127	85	98	37	64	
10	7	7	5	11	11	11	9	10	
97	41	112	113	122	53	156	126	121	
76	86	59	104	70	59	84	63	119	
80	44	6	115	126	46	80	26	112	
47	87	31	21	26	7	20	3	46	
97	128	140	103	105	87	176	68	187	
77	115	85	83	89	139	94	61	73	
94	126	68	78	159	55	99	74	87	
27	13	17	31	42	37	42	30	46	
83	41	80	101	100	95	131	123	63	
Distance matrix
0	41	29.5	85	86.5	37	77.5	17	18	55	42	90	7	87	49.5	37	63.5	53	16	52	42	62	57	20.5	68.5	21	53	94.5	43	54	8.5	52.5	23	55	59.5	64.5	33	44.5	94.5	75.5	17	29	32	55.5	27.5	13.5	32.5	51.5	14.5	45.5	76	
41	0	24.5	64	57.5	4	36.5	24	31	54	27	69	38	62	60.5	22	50.5	46	25	27	17	27	42	31.5	45.5	28	16	69.5	2	45	34.5	61.5	26	54	24.5	49.5	26	29.5	69.5	58.5	32	20	9	18.5	26.5	29.5	41.5	52.5	34.5	28.5	63	
29.5	24.5	0	75.5	69	28.5	48	16.5	37.5	49.5	36.5	80.5	26.5	73.5	44	31.5	58	47.5	15.5	38.5	28.5	38.5	51.5	9	57	40.5	27.5	81	22.5	48.5	23	47	32.5	49.5	36	59	27.5	39	81	70	26.5	36.5	31.5	30	2	18	27	46	39	40	70.5	
85	64	75.5	0	18.5	68	27.5	72	87	50	63	25	82	2	39.5	68	41.5	52	71	53	63	43	48	70.5	36.5	84	52	25.5	62	51	78.5	42.5	82	50	45.5	40.5	72	60.5	25.5	29.5	82	76	73	49.5	77.5	73.5	62.5	51.5	90.5	59.5	29	
86.5	57.5	69	18.5	0	61.5	21	73.5	80.5	43.5	56.5	23.5	83.5	16.5	41	61.5	35	45.5	72.5	46.5	56.5	36.5	41.5	72	30	77.5	45.5	24	55.5	44.5	80	44	75.5	43.5	39	34	65.5	54	24	23	81.5	69.5	66.5	43	71	75	64	47	84	53	22.5	
37	4	28.5	68	61.5	0	40.5	20	35	58	31	73	34	66	56.5	26	54.5	50	21	31	21	31	46	27.5	49.5	32	20	73.5	6	49	30.5	59.5	30	58	28.5	53.5	30	33.5	73.5	62.5	34	24	5	22.5	30.5	25.5	39.5	56.5	38.5	32.5	67	
77.5	36.5	48	27.5	21	40.5	0	60.5	59.5	22.5	35.5	32.5	70.5	25.5	28	40.5	14	24.5	61.5	25.5	35.5	15.5	20.5	57	9	56.5	24.5	33	34.5	23.5	69	25	54.5	22.5	18	13	44.5	33	33	22	60.5	48.5	45.5	22	50	64	45	26	63	32	26.5	
17	24	16.5	72	73.5	20	60.5	0	25	42	29	77	14	74	36.5	24	50.5	40	1	39	29	49	44	7.5	55.5	28	40	81.5	26	41	10.5	39.5	20	42	46.5	51.5	20	31.5	81.5	62.5	14	36	15	42.5	14.5	5.5	19.5	38.5	26.5	32.5	63	
18	31	37.5	87	80.5	35	59.5	25	0	63	50	92	11	85	57.5	45	71.5	61	24	50	40	50	65	28.5	68.5	3	39	92.5	29	62	16.5	60.5	31	63	47.5	72.5	41	52.5	92.5	81.5	25	11	40	41.5	35.5	21.5	40.5	59.5	27.5	51.5	84	
55	54	49.5	50	43.5	58	22.5	42	63	0	47	55	52	48	14.5	52	28.5	28	41	43	53	33	32	40.5	31.5	66	42	55.5	52	29	48.5	17.5	58	0	35.5	29.5	48	44.5	55.5	40.5	52	66	57	39.5	47.5	43.5	32.5	21.5	64.5	45.5	41	
42	27	36.5	63	56.5	31	35.5	29	50	47	0	68	39	61	41.5	31	49.5	45	28	26	26	26	41	27.5	44.5	47	11	68.5	25	44	35.5	44.5	45	47	23.5	48.5	35	28.5	68.5	57.5	39	39	36	17.5	34.5	30.5	24.5	43.5	51.5	27.5	62	
90	69	80.5	25	23.5	73	32.5	77	92	55	68	0	87	23	44.5	73	46.5	57	76	58	68	48	53	75.5	41.5	89	57	20.5	67	56	83.5	47.5	87	55	50.5	45.5	77	65.5	20.5	34.5	87	81	78	54.5	82.5	78.5	67.5	56.5	95.5	64.5	34	
7	38	26.5	82	83.5	34	70.5	14	11	52	39	87	0	84	46.5	34	60.5	50	13	49	39	59	54	17.5	65.5	14	50	91.5	40	51	5.5	49.5	20	52	56.5	61.5	30	41.5	91.5	72.5	14	22	29	52.5	24.5	10.5	29.5	48.5	16.5	42.5	73	
87	62	73.5	2	16.5	66	25.5	74	85	48	61	23	84	0	41.5	66	39.5	50	73	51	61	41	46	72.5	34.5	82	50	23.5	60	49	80.5	44.5	80	48	43.5	38.5	70	58.5	23.5	27.5	84	74	71	47.5	75.5	75.5	64.5	51.5	88.5	57.5	27	
49.5	60.5	44	39.5	41	56.5	28	36.5	57.5	14.5	41.5	44.5	46.5	41.5	0	46.5	14	22.5	35.5	41.5	51.5	41.5	26.5	35	19	60.5	52.5	49	62.5	23.5	43	3	52.5	14.5	44	15	42.5	39	49	30	46.5	68.5	51.5	50	42	38	27	16	59	40	30.5	
37	22	31.5	68	61.5	26	40.5	24	45	52	31	73	34	66	46.5	0	54.5	50	23	31	5	31	46	22.5	49.5	42	20	73.5	20	49	30.5	49.5	40	52	28.5	53.5	4	33.5	73.5	62.5	34	34	31	22.5	29.5	25.5	29.5	48.5	46.5	32.5	67	
63.5	50.5	58	41.5	35	54.5	14	50.5	71.5	28.5	49.5	46.5	60.5	39.5	14	54.5	0	36.5	49.5	39.5	49.5	29.5	34.5	49	5	70.5	38.5	47	48.5	37.5	57	11	66.5	28.5	32	1	56.5	47	47	36	60.5	62.5	59.5	36	56	52	41	30	73	46	40.5	
53	46	47.5	52	45.5	50	24.5	40	61	28	45	57	50	50	22.5	50	36.5	0	39	35	45	25	4	38.5	33.5	64	34	57.5	44	1	46.5	25.5	56	28	27.5	37.5	46	42.5	57.5	46.5	50	58	55	31.5	45.5	41.5	30.5	24.5	62.5	41.5	49	
16	25	15.5	71	72.5	21	61.5	1	24	41	28	76	13	73	35.5	23	49.5	39	0	38	28	48	43	6.5	54.5	27	39	80.5	27	40	9.5	38.5	19	41	45.5	50.5	19	30.5	80.5	61.5	13	35	16	41.5	13.5	4.5	18.5	37.5	25.5	31.5	62	
52	27	38.5	53	46.5	31	25.5	39	50	43	26	58	49	51	41.5	31	39.5	35	38	0	26	16	31	37.5	34.5	47	15	58.5	25	34	45.5	44.5	45	43	13.5	38.5	35	23.5	58.5	47.5	49	39	36	12.5	40.5	40.5	29.5	41.5	53.5	22.5	52	
42	17	28.5	63	56.5	21	35.5	29	40	53	26	68	39	61	51.5	5	49.5	45	28	26	0	26	41	27.5	44.5	37	15	68.5	15	44	35.5	54.5	35	53	23.5	48.5	9	28.5	68.5	57.5	39	29	26	17.5	30.5	30.5	34.5	51.5	43.5	27.5	62	
62	27	38.5	43	36.5	31	15.5	49	50	33	26	48	59	41	41.5	31	29.5	25	48	16	26	0	21	47.5	24.5	47	15	48.5	25	24	55.5	40.5	45	33	8.5	28.5	35	23.5	48.5	37.5	51	39	36	12.5	40.5	50.5	35.5	31.5	53.5	22.5	42	
57	42	51.5	48	41.5	46	20.5	44	65	32	41	53	54	46	26.5	46	34.5	4	43	31	41	21	0	42.5	29.5	62	30	53.5	40	3	50.5	29.5	60	32	23.5	33.5	50	38.5	53.5	42.5	54	54	51	27.5	49.5	45.5	34.5	28.5	66.5	37.5	47	
20.5	31.5	9	70.5	72	27.5	57	7.5	28.5	40.5	27.5	75.5	17.5	72.5	35	22.5	49	38.5	6.5	37.5	27.5	47.5	42.5	0	54	31.5	36.5	80	31.5	39.5	14	38	23.5	40.5	45	50	18.5	30	80	61	17.5	39.5	22.5	39	7	9	18	37	30	31	61.5	
68.5	45.5	57	36.5	30	49.5	9	55.5	68.5	31.5	44.5	41.5	65.5	34.5	19	49.5	5	33.5	54.5	34.5	44.5	24.5	29.5	54	0	65.5	33.5	42	43.5	32.5	62	16	63.5	31.5	27	4	53.5	42	42	31	65.5	57.5	54.5	31	59	57	46	35	72	41	35.5	
21	28	40.5	84	77.5	32	56.5	28	3	66	47	89	14	82	60.5	42	70.5	64	27	47	37	47	62	31.5	65.5	0	36	89.5	26	65	19.5	63.5	34	66	44.5	69.5	44	49.5	89.5	78.5	28	8	37	38.5	38.5	24.5	43.5	62.5	30.5	48.5	83	
53	16	27.5	52	45.5	20	24.5	40	39	42	11	57	50	50	52.5	20	38.5	34	39	15	15	15	30	36.5	33.5	36	0	57.5	14	33	46.5	49.5	34	42	12.5	37.5	24	17.5	57.5	46.5	40	28	25	6.5	29.5	41.5	29.5	40.5	42.5	16.5	51	
94.5	69.5	81	25.5	24	73.5	33	81.5	92.5	55.5	68.5	20.5	91.5	23.5	49	73.5	47	57.5	80.5	58.5	68.5	48.5	53.5	80	42	89.5	57.5	0	67.5	56.5	88	52	87.5	55.5	51	46	77.5	66	0	35	91.5	81.5	78.5	55	83	83	72	59	96	65	34.5	
43	2	22.5	62	55.5	6	34.5	26	29	52	25	67	40	60	62.5	20	48.5	44	27	25	15	25	40	31.5	43.5	26	14	67.5	0	43	36.5	59.5	24	52	22.5	47.5	24	27.5	67.5	56.5	30	18	11	16.5	24.5	31.5	39.5	50.5	32.5	26.5	61	
54	45	48.5	51	44.5	49	23.5	41	62	29	44	56	51	49	23.5	49	37.5	1	40	34	44	24	3	39.5	32.5	65	33	56.5	43	0	47.5	26.5	57	29	26.5	36.5	47	41.5	56.5	45.5	51	57	54	30.5	46.5	42.5	31.5	25.5	63.5	40.5	50	
8.5	34.5	23	78.5	80	30.5	69	10.5	16.5	48.5	35.5	83.5	5.5	80.5	43	30.5	57	46.5	9.5	45.5	35.5	55.5	50.5	14	62	19.5	46.5	88	36.5	47.5	0	46	16.5	48.5	53	58	26.5	38	88	69	10.5	27.5	25.5	49	21	7	26	45	18	39	69.5	
52.5	61.5	47	42.5	44	59.5	25	39.5	60.5	17.5	44.5	47.5	49.5	44.5	3	49.5	11	25.5	38.5	44.5	54.5	40.5	29.5	38	16	63.5	49.5	52	59.5	26.5	46	0	55.5	17.5	43	12	45.5	42	52	33	49.5	71.5	54.5	47	45	41	30	19	62	43	33.5	
23	26	32.5	82	75.5	30	54.5	20	31	58	45	87	20	80	52.5	40	66.5	56	19	45	35	45	60	23.5	63.5	34	34	87.5	24	57	16.5	55.5	0	58	42.5	67.5	36	47.5	87.5	76.5	6	28	35	36.5	30.5	16.5	35.5	54.5	32.5	46.5	79	
55	54	49.5	50	43.5	58	22.5	42	63	0	47	55	52	48	14.5	52	28.5	28	41	43	53	33	32	40.5	31.5	66	42	55.5	52	29	48.5	17.5	58	0	35.5	29.5	48	44.5	55.5	40.5	52	66	57	39.5	47.5	43.5	32.5	21.5	64.5	45.5	41	
59.5	24.5	36	45.5	39	28.5	18	46.5	47.5	35.5	23.5	50.5	56.5	43.5	44	28.5	32	27.5	45.5	13.5	23.5	8.5	23.5	45	27	44.5	12.5	51	22.5	26.5	53	43	42.5	35.5	0	31	32.5	21	51	40	48.5	36.5	33.5	10	38	48	33	34	51	20	44.5	
64.5	49.5	59	40.5	34	53.5	13	51.5	72.5	29.5	48.5	45.5	61.5	38.5	15	53.5	1	37.5	50.5	38.5	48.5	28.5	33.5	50	4	69.5	37.5	46	47.5	36.5	58	12	67.5	29.5	31	0	57.5	46	46	35	61.5	61.5	58.5	35	57	53	42	31	74	45	39.5	
33	26	27.5	72	65.5	30	44.5	20	41	48	35	77	30	70	42.5	4	56.5	46	19	35	9	35	50	18.5	53.5	44	24	77.5	24	47	26.5	45.5	36	48	32.5	57.5	0	37.5	77.5	66.5	30	38	35	26.5	25.5	21.5	25.5	44.5	42.5	36.5	69	
44.5	29.5	39	60.5	54	33.5	33	31.5	52.5	44.5	28.5	65.5	41.5	58.5	39	33.5	47	42.5	30.5	23.5	28.5	23.5	38.5	30	42	49.5	17.5	66	27.5	41.5	38	42	47.5	44.5	21	46	37.5	0	66	55	41.5	41.5	38.5	11	37	33	12	41	54	1	59.5	
94.5	69.5	81	25.5	24	73.5	33	81.5	92.5	55.5	68.5	20.5	91.5	23.5	49	73.5	47	57.5	80.5	58.5	68.5	48.5	53.5	80	42	89.5	57.5	0	67.5	56.5	88	52	87.5	55.5	51	46	77.5	66	0	35	91.5	81.5	78.5	55	83	83	72	59	96	65	34.5	
75.5	58.5	70	29.5	23	62.5	22	62.5	81.5	40.5	57.5	34.5	72.5	27.5	30	62.5	36	46.5	61.5	47.5	57.5	37.5	42.5	61	31	78.5	46.5	35	56.5	45.5	69	33	76.5	40.5	40	35	66.5	55	35	0	72.5	70.5	67.5	44	68	64	53	42	85	54	28.5	
17	32	26.5	82	81.5	34	60.5	14	25	52	39	87	14	84	46.5	34	60.5	50	13	49	39	51	54	17.5	65.5	28	40	91.5	30	51	10.5	49.5	6	52	48.5	61.5	30	41.5	91.5	72.5	0	34	29	42.5	24.5	10.5	29.5	48.5	26.5	42.5	73	
29	20	36.5	76	69.5	24	48.5	36	11	66	39	81	22	74	68.5	34	62.5	58	35	39	29	39	54	39.5	57.5	8	28	81.5	18	57	27.5	71.5	28	66	36.5	61.5	38	41.5	81.5	70.5	34	0	29	30.5	38.5	32.5	51.5	64.5	26.5	40.5	75	
32	9	31.5	73	66.5	5	45.5	15	40	57	36	78	29	71	51.5	31	59.5	55	16	36	26	36	51	22.5	54.5	37	25	78.5	11	54	25.5	54.5	35	57	33.5	58.5	35	38.5	78.5	67.5	29	29	0	27.5	29.5	20.5	34.5	53.5	41.5	37.5	72	
55.5	18.5	30	49.5	43	22.5	22	42.5	41.5	39.5	17.5	54.5	52.5	47.5	50	22.5	36	31.5	41.5	12.5	17.5	12.5	27.5	39	31	38.5	6.5	55	16.5	30.5	49	47	36.5	39.5	10	35	26.5	11	55	44	42.5	30.5	27.5	0	32	44	23	38	45	10	48.5	
27.5	26.5	2	77.5	71	30.5	50	14.5	35.5	47.5	34.5	82.5	24.5	75.5	42	29.5	56	45.5	13.5	40.5	30.5	40.5	49.5	7	59	38.5	29.5	83	24.5	46.5	21	45	30.5	47.5	38	57	25.5	37	83	68	24.5	38.5	29.5	32	0	16	25	44	37	38	68.5	
13.5	29.5	18	73.5	75	25.5	64	5.5	21.5	43.5	30.5	78.5	10.5	75.5	38	25.5	52	41.5	4.5	40.5	30.5	50.5	45.5	9	57	24.5	41.5	83	31.5	42.5	7	41	16.5	43.5	48	53	21.5	33	83	64	10.5	32.5	20.5	44	16	0	21	40	23	34	64.5	
32.5	41.5	27	62.5	64	39.5	45	19.5	40.5	32.5	24.5	67.5	29.5	64.5	27	29.5	41	30.5	18.5	29.5	34.5	35.5	34.5	18	46	43.5	29.5	72	39.5	31.5	26	30	35.5	32.5	33	42	25.5	12	72	53	29.5	51.5	34.5	23	25	21	0	29	42	13	53.5	
51.5	52.5	46	51.5	47	56.5	26	38.5	59.5	21.5	43.5	56.5	48.5	51.5	16	48.5	30	24.5	37.5	41.5	51.5	31.5	28.5	37	35	62.5	40.5	59	50.5	25.5	45	19	54.5	21.5	34	31	44.5	41	59	42	48.5	64.5	53.5	38	44	40	29	0	61	42	42.5	
14.5	34.5	39	90.5	84	38.5	63	26.5	27.5	64.5	51.5	95.5	16.5	88.5	59	46.5	73	62.5	25.5	53.5	43.5	53.5	66.5	30	72	30.5	42.5	96	32.5	63.5	18	62	32.5	64.5	51	74	42.5	54	96	85	26.5	26.5	41.5	45	37	23	42	61	0	55	85.5	
45.5	28.5	40	59.5	53	32.5	32	32.5	51.5	45.5	27.5	64.5	42.5	57.5	40	32.5	46	41.5	31.5	22.5	27.5	22.5	37.5	31	41	48.5	16.5	65	26.5	40.5	39	43	46.5	45.5	20	45	36.5	1	65	54	42.5	40.5	37.5	10	38	34	13	42	55	0	58.5	
76	63	70.5	29	22.5	67	26.5	63	84	41	62	34	73	27	30.5	67	40.5	49	62	52	62	42	47	61.5	35.5	83	51	34.5	61	50	69.5	33.5	79	41	44.5	39.5	69	59.5	34.5	28.5	73	75	72	48.5	68.5	64.5	53.5	42.5	85.5	58.5	0	
