Number of items: 50
Horizon: 3
Time limit: 500
Load limit: 3000
Initial item inventory level
63
35
80
70
31
134
30
71
42
98
66
96
148
48
27
80
116
97
35
156
72
82
96
96
168
28
100
48
174
63
18
82
110
56
54
18
79
76
49
72
99
95
61
28
80
26
99
26
78
39
Maximum inventory capacity per item
126
70
120
140
62
201
60
142
84
196
132
192
222
72
54
160
174
194
70
234
108
123
144
192
252
42
150
72
261
126
36
123
165
84
108
36
158
114
98
144
198
190
122
42
120
39
198
39
117
78
Reserve storage replenishment rate per item and per period
378	0	0	
210	0	0	
240	0	0	
420	0	0	
186	0	0	
402	0	0	
180	0	0	
426	0	0	
252	0	0	
588	0	0	
396	0	0	
576	0	0	
444	0	0	
144	0	0	
162	0	0	
480	0	0	
348	0	0	
582	0	0	
210	0	0	
468	0	0	
216	0	0	
246	0	0	
288	0	0	
576	0	0	
504	0	0	
84	0	0	
300	0	0	
144	0	0	
522	0	0	
378	0	0	
108	0	0	
246	0	0	
330	0	0	
168	0	0	
324	0	0	
108	0	0	
474	0	0	
228	0	0	
294	0	0	
432	0	0	
594	0	0	
570	0	0	
366	0	0	
84	0	0	
240	0	0	
78	0	0	
594	0	0	
78	0	0	
234	0	0	
234	0	0	
Forward storage demand rate per item and per period
63	46	71	
35	34	44	
40	26	54	
70	131	74	
31	44	31	
67	92	93	
30	36	34	
71	56	121	
42	60	27	
98	121	98	
66	38	58	
96	131	74	
74	61	71	
24	29	25	
27	14	25	
80	103	73	
58	80	50	
97	95	167	
35	35	55	
78	113	19	
36	16	43	
41	16	45	
48	81	35	
96	97	84	
84	80	65	
14	10	12	
50	70	73	
24	33	6	
87	72	85	
63	47	78	
18	13	19	
41	33	32	
55	32	68	
28	17	26	
54	57	83	
18	7	22	
79	64	75	
38	25	35	
49	50	44	
72	4	104	
99	67	101	
95	61	45	
61	93	48	
14	4	24	
40	26	20	
13	20	20	
99	103	95	
13	16	9	
39	51	72	
39	42	47	
Distance matrix
0	62	43	40	85.5	20	27	35.5	58	32.5	51	65	53	28	59	42.5	17	2	62.5	32.5	49	72.5	55.5	43	68	35.5	41	8.5	8.5	8.5	27.5	102.5	63.5	62	88.5	100.5	77.5	70	93.5	33	57	30.5	64.5	48	57	59.5	24	76	85	60.5	42.5	
62	0	45	48	37.5	68	39	42.5	30	55.5	37	23	9	60	29	45.5	49	64	30.5	55.5	39	40.5	32.5	45	40	32.5	33	55.5	65.5	65.5	60.5	40.5	35.5	34	44.5	42.5	35.5	28	39.5	55	29	37.5	36.5	30	5	28.5	64	22	23	27.5	45.5	
43	45	0	27	56.5	37	30	36.5	39	24.5	36	22	54	29	18	14.5	30	45	49.5	24.5	38	59.5	46.5	14	59	38.5	44	36.5	46.5	46.5	29.5	59.5	66.5	65	63.5	61.5	54.5	47	58.5	24	60	33.5	67.5	49	50	22.5	33	41	42	41.5	14.5	
40	48	27	0	59.5	50	13	25.5	42	37.5	39	25	43	42	21	27.5	27	42	52.5	37.5	39	62.5	45.5	27	58	25.5	31	33.5	43.5	43.5	42.5	62.5	53.5	52	66.5	64.5	57.5	50	61.5	37	47	20.5	54.5	38	47	25.5	46	44	45	44.5	27.5	
85.5	37.5	56.5	59.5	0	79.5	62.5	64	41.5	67	48.5	34.5	46.5	71.5	40.5	57	72.5	87.5	37	67	50.5	27	44	56.5	31.5	56	56.5	79	89	89	72	17	34	27.5	21	19	22	29.5	16	66.5	42.5	61	35	51.5	42.5	40	75.5	23.5	14.5	39	57	
20	68	37	50	79.5	0	37	45.5	62	22.5	59	45	63	8	41	32.5	27	22	72.5	32.5	59	82.5	65.5	27	78	45.5	51	18.5	23.5	23.5	37.5	82.5	73.5	72	86.5	84.5	77.5	70	81.5	13	67	40.5	74.5	58	67	45.5	26	64	65	64.5	22.5	
27	39	30	13	62.5	37	0	12.5	35	44.5	28	38	30	45	34	34.5	14	29	39.5	34.5	26	49.5	32.5	40	45	12.5	18	20.5	30.5	30.5	29.5	75.5	40.5	39	65.5	77.5	54.5	47	70.5	50	34	7.5	41.5	25	34	36.5	51	53	58	37.5	40.5	
35.5	42.5	36.5	25.5	64	45.5	12.5	0	38.5	47	31.5	29.5	33.5	51.5	25.5	37	22.5	37.5	43	43	29.5	53	36	36.5	48.5	16	21.5	29	39	39	38	67	44	42.5	69	69	58	50.5	66	46.5	37.5	5	45	28.5	37.5	30	55.5	48.5	49.5	41	37	
58	30	39	42	41.5	62	35	38.5	0	49.5	31	17	31	54	23	39.5	45	60	34.5	49.5	33	44.5	31.5	39	44	28.5	29	51.5	61.5	61.5	54.5	44.5	41.5	40	48.5	46.5	39.5	32	43.5	49	35	33.5	42.5	10	35	22.5	58	26	27	26.5	39.5	
32.5	55.5	24.5	37.5	67	22.5	44.5	47	49.5	0	46.5	32.5	64.5	14.5	28.5	20	34.5	34.5	60	20	48.5	70	57	14.5	69.5	53	56.5	24	34	34	25	70	79	79.5	74	72	65	57.5	69	9.5	70.5	48	78	59.5	60.5	33	18.5	51.5	52.5	52	10	
51	37	36	39	48.5	59	28	31.5	31	46.5	0	14	34	51	20	36.5	38	53	41.5	46.5	2	51.5	36.5	36	49	21.5	10	44.5	54.5	54.5	51.5	51.5	44.5	43	55.5	53.5	46.5	39	50.5	46	38	26.5	45.5	29	38	19.5	55	33	34	33.5	36.5	
65	23	22	25	34.5	45	38	29.5	17	32.5	14	0	32	37	6	22.5	48	63	27.5	32.5	16	37.5	24.5	22	37	29.5	24	56.5	56.5	56.5	37.5	37.5	46.5	53	41.5	39.5	32.5	25	36.5	32	38	34.5	45.5	27	28	5.5	41	19	20	19.5	22.5	
53	9	54	43	46.5	63	30	33.5	31	64.5	34	32	0	69	38	54.5	40	55	25.5	60.5	32	35.5	23.5	54	31	23.5	24	46.5	56.5	56.5	55.5	49.5	26.5	25	51.5	51.5	40.5	33	48.5	64	20	28.5	27.5	21	4	37.5	73	31	32	28.5	54.5	
28	60	29	42	71.5	8	45	51.5	54	14.5	51	37	69	0	33	24.5	35	30	64.5	24.5	53	74.5	61.5	19	74	53.5	59	26.5	31.5	31.5	29.5	74.5	81.5	80	78.5	76.5	69.5	62	73.5	5	75	48.5	82.5	64	65	37.5	18	56	57	56.5	14.5	
59	29	18	21	40.5	41	34	25.5	23	28.5	20	6	38	33	0	18.5	44	59	33.5	28.5	22	43.5	30.5	18	43	30.5	30	52.5	52.5	52.5	33.5	43.5	52.5	59	47.5	45.5	38.5	31	42.5	28	44	30.5	51.5	33	34	6.5	37	25	26	25.5	18.5	
42.5	45.5	14.5	27.5	57	32.5	34.5	37	39.5	20	36.5	22.5	54.5	24.5	18.5	0	29.5	44.5	50	20	38.5	60	47	9.5	59.5	43	46.5	36	44	44	25	60	69	69.5	64	62	55	47.5	59	19.5	60.5	38	68	49.5	50.5	23	28.5	41.5	42.5	42	10	
17	49	30	27	72.5	27	14	22.5	45	34.5	38	48	40	35	44	29.5	0	19	49.5	24.5	36	59.5	42.5	26	55	22.5	28	10.5	20.5	20.5	19.5	85.5	50.5	49	75.5	87.5	64.5	57	80.5	40	44	17.5	51.5	35	44	46.5	41	63	68	47.5	30.5	
2	64	45	42	87.5	22	29	37.5	60	34.5	53	63	55	30	59	44.5	19	0	64.5	34.5	51	74.5	57.5	45	70	37.5	43	10.5	10.5	10.5	29.5	100.5	65.5	64	90.5	102.5	79.5	72	95.5	35	59	32.5	66.5	50	59	61.5	22	78	83	62.5	40.5	
62.5	30.5	49.5	52.5	37	72.5	39.5	43	34.5	60	41.5	27.5	25.5	64.5	33.5	50	49.5	64.5	0	60	41.5	40	33	49.5	35.5	33	33.5	56	66	66	65	40	31	29.5	44	42	35	27.5	39	59.5	24.5	38	32	30.5	29.5	33	68.5	21.5	22.5	32	50	
32.5	55.5	24.5	37.5	67	32.5	34.5	43	49.5	20	46.5	32.5	60.5	24.5	28.5	20	24.5	34.5	60	0	48.5	70	57	14.5	69.5	43	48.5	26	36	36	5	70	71	69.5	74	72	65	57.5	69	19.5	64.5	38	72	55.5	60.5	33	28.5	51.5	52.5	52	10	
49	39	38	39	50.5	59	26	29.5	33	48.5	2	16	32	53	22	38.5	36	51	41.5	48.5	0	51.5	34.5	38	47	19.5	8	42.5	52.5	52.5	51.5	53.5	42.5	41	57.5	55.5	48.5	41	52.5	48	36	24.5	43.5	27	36	21.5	57	35	36	35.5	38.5	
72.5	40.5	59.5	62.5	27	82.5	49.5	53	44.5	70	51.5	37.5	35.5	74.5	43.5	60	59.5	74.5	40	70	51.5	0	43	59.5	30.5	43	43.5	66	76	76	75	30	9	19.5	34	32	5	32.5	29	69.5	29.5	48	8	40.5	39.5	43	78.5	26.5	17.5	42	60	
55.5	32.5	46.5	45.5	44	65.5	32.5	36	31.5	57	36.5	24.5	23.5	61.5	30.5	47	42.5	57.5	33	57	34.5	43	0	46.5	38.5	26	26.5	49	59	59	58	47	34	32.5	51	49	42	34.5	46	56.5	27.5	31	35	23.5	27.5	30	65.5	28.5	29.5	5	47	
43	45	14	27	56.5	27	40	36.5	39	14.5	36	22	54	19	18	9.5	26	45	49.5	14.5	38	59.5	46.5	0	59	46.5	46	36.5	38.5	38.5	19.5	59.5	68.5	75	63.5	61.5	54.5	47	58.5	14	60	41.5	67.5	49	50	22.5	23	41	42	41.5	4.5	
68	40	59	58	31.5	78	45	48.5	44	69.5	49	37	31	74	43	59.5	55	70	35.5	69.5	47	30.5	38.5	59	0	38.5	39	61.5	71.5	71.5	70.5	34.5	21.5	20	38.5	36.5	29.5	32	33.5	69	25	43.5	22.5	36	35	42.5	78	26	17	41.5	59.5	
35.5	32.5	38.5	25.5	56	45.5	12.5	16	28.5	53	21.5	29.5	23.5	53.5	30.5	43	22.5	37.5	33	43	19.5	43	26	46.5	38.5	0	11.5	29	39	39	38	67	34	32.5	59	69	48	40.5	64	56.5	27.5	11	35	18.5	27.5	24	59.5	46.5	49.5	31	47	
41	33	44	31	56.5	51	18	21.5	29	56.5	10	24	24	59	30	46.5	28	43	33.5	48.5	8	43.5	26.5	46	39	11.5	0	34.5	44.5	44.5	43.5	61.5	34.5	33	59.5	63.5	48.5	41	60.5	56	28	16.5	35.5	19	28	29.5	65	43	44	31.5	46.5	
8.5	55.5	36.5	33.5	79	18.5	20.5	29	51.5	24	44.5	56.5	46.5	26.5	52.5	36	10.5	10.5	56	26	42.5	66	49	36.5	61.5	29	34.5	0	12	12	21	94	57	55.5	82	94	71	63.5	87	31.5	50.5	24	58	41.5	50.5	53	32.5	69.5	76.5	54	34	
8.5	65.5	46.5	43.5	89	23.5	30.5	39	61.5	34	54.5	56.5	56.5	31.5	52.5	44	20.5	10.5	66	36	52.5	76	59	38.5	71.5	39	44.5	12	0	0	31	94	67	65.5	92	96	81	73.5	93	28.5	60.5	34	68	51.5	60.5	57	32.5	75.5	76.5	64	34	
8.5	65.5	46.5	43.5	89	23.5	30.5	39	61.5	34	54.5	56.5	56.5	31.5	52.5	44	20.5	10.5	66	36	52.5	76	59	38.5	71.5	39	44.5	12	0	0	31	94	67	65.5	92	96	81	73.5	93	28.5	60.5	34	68	51.5	60.5	57	32.5	75.5	76.5	64	34	
27.5	60.5	29.5	42.5	72	37.5	29.5	38	54.5	25	51.5	37.5	55.5	29.5	33.5	25	19.5	29.5	65	5	51.5	75	58	19.5	70.5	38	43.5	21	31	31	0	75	66	64.5	79	77	70	62.5	74	24.5	59.5	33	67	50.5	59.5	38	33.5	56.5	57.5	57	15	
102.5	40.5	59.5	62.5	17	82.5	75.5	67	44.5	70	51.5	37.5	49.5	74.5	43.5	60	85.5	100.5	40	70	53.5	30	47	59.5	34.5	67	61.5	94	94	94	75	0	39	40.5	14	2	25	32.5	9	69.5	45.5	72	38	54.5	45.5	43	78.5	26.5	17.5	42	60	
63.5	35.5	66.5	53.5	34	73.5	40.5	44	41.5	79	44.5	46.5	26.5	81.5	52.5	69	50.5	65.5	31	71	42.5	9	34	68.5	21.5	34	34.5	57	67	67	66	39	0	10.5	37	41	14	33.5	38	78.5	20.5	39	1	31.5	30.5	52	87.5	35.5	26.5	39	69	
62	34	65	52	27.5	72	39	42.5	40	79.5	43	53	25	80	59	69.5	49	64	29.5	69.5	41	19.5	32.5	75	20	32.5	33	55.5	65.5	65.5	64.5	40.5	10.5	0	30.5	42.5	24.5	32	35.5	85	19	37.5	11.5	30	29	56.5	86	38	33	37.5	75.5	
88.5	44.5	63.5	66.5	21	86.5	65.5	69	48.5	74	55.5	41.5	51.5	78.5	47.5	64	75.5	90.5	44	74	57.5	34	51	63.5	38.5	59	59.5	82	92	92	79	14	37	30.5	0	16	29	36.5	5	73.5	45.5	64	38	56.5	49.5	47	82.5	30.5	21.5	46	64	
100.5	42.5	61.5	64.5	19	84.5	77.5	69	46.5	72	53.5	39.5	51.5	76.5	45.5	62	87.5	102.5	42	72	55.5	32	49	61.5	36.5	69	63.5	94	96	96	77	2	41	42.5	16	0	27	34.5	11	71.5	47.5	74	40	56.5	47.5	45	80.5	28.5	19.5	44	62	
77.5	35.5	54.5	57.5	22	77.5	54.5	58	39.5	65	46.5	32.5	40.5	69.5	38.5	55	64.5	79.5	35	65	48.5	5	42	54.5	29.5	48	48.5	71	81	81	70	25	14	24.5	29	27	0	27.5	24	64.5	34.5	53	13	45.5	40.5	38	73.5	21.5	12.5	37	55	
70	28	47	50	29.5	70	47	50.5	32	57.5	39	25	33	62	31	47.5	57	72	27.5	57.5	41	32.5	34.5	47	32	40.5	41	63.5	73.5	73.5	62.5	32.5	33.5	32	36.5	34.5	27.5	0	31.5	57	13	45.5	34.5	38	33	30.5	66	6	15	29.5	47.5	
93.5	39.5	58.5	61.5	16	81.5	70.5	66	43.5	69	50.5	36.5	48.5	73.5	42.5	59	80.5	95.5	39	69	52.5	29	46	58.5	33.5	64	60.5	87	93	93	74	9	38	35.5	5	11	24	31.5	0	68.5	44.5	69	37	53.5	44.5	42	77.5	25.5	16.5	41	59	
33	55	24	37	66.5	13	50	46.5	49	9.5	46	32	64	5	28	19.5	40	35	59.5	19.5	48	69.5	56.5	14	69	56.5	56	31.5	28.5	28.5	24.5	69.5	78.5	85	73.5	71.5	64.5	57	68.5	0	70	51.5	77.5	59	60	32.5	13	51	52	51.5	9.5	
57	29	60	47	42.5	67	34	37.5	35	70.5	38	38	20	75	44	60.5	44	59	24.5	64.5	36	29.5	27.5	60	25	27.5	28	50.5	60.5	60.5	59.5	45.5	20.5	19	45.5	47.5	34.5	13	44.5	70	0	32.5	21.5	25	24	43.5	79	19	28	32.5	60.5	
30.5	37.5	33.5	20.5	61	40.5	7.5	5	33.5	48	26.5	34.5	28.5	48.5	30.5	38	17.5	32.5	38	38	24.5	48	31	41.5	43.5	11	16.5	24	34	34	33	72	39	37.5	64	74	53	45.5	69	51.5	32.5	0	40	23.5	32.5	35	54.5	51.5	54.5	36	42	
64.5	36.5	67.5	54.5	35	74.5	41.5	45	42.5	78	45.5	45.5	27.5	82.5	51.5	68	51.5	66.5	32	72	43.5	8	35	67.5	22.5	35	35.5	58	68	68	67	38	1	11.5	38	40	13	34.5	37	77.5	21.5	40	0	32.5	31.5	51	86.5	34.5	25.5	40	68	
48	30	49	38	51.5	58	25	28.5	10	59.5	29	27	21	64	33	49.5	35	50	30.5	55.5	27	40.5	23.5	49	36	18.5	19	41.5	51.5	51.5	50.5	54.5	31.5	30	56.5	56.5	45.5	38	53.5	59	25	23.5	32.5	0	25	32.5	68	36	37	28.5	49.5	
57	5	50	47	42.5	67	34	37.5	35	60.5	38	28	4	65	34	50.5	44	59	29.5	60.5	36	39.5	27.5	50	35	27.5	28	50.5	60.5	60.5	59.5	45.5	30.5	29	49.5	47.5	40.5	33	44.5	60	24	32.5	31.5	25	0	33.5	69	27	28	32.5	50.5	
59.5	28.5	22.5	25.5	40	45.5	36.5	30	22.5	33	19.5	5.5	37.5	37.5	6.5	23	46.5	61.5	33	33	21.5	43	30	22.5	42.5	24	29.5	53	57	57	38	43	52	56.5	47	45	38	30.5	42	32.5	43.5	35	51	32.5	33.5	0	41.5	24.5	25.5	25	23	
24	64	33	46	75.5	26	51	55.5	58	18.5	55	41	73	18	37	28.5	41	22	68.5	28.5	57	78.5	65.5	23	78	59.5	65	32.5	32.5	32.5	33.5	78.5	87.5	86	82.5	80.5	73.5	66	77.5	13	79	54.5	86.5	68	69	41.5	0	60	61	60.5	18.5	
76	22	41	44	23.5	64	53	48.5	26	51.5	33	19	31	56	25	41.5	63	78	21.5	51.5	35	26.5	28.5	41	26	46.5	43	69.5	75.5	75.5	56.5	26.5	35.5	38	30.5	28.5	21.5	6	25.5	51	19	51.5	34.5	36	27	24.5	60	0	9	23.5	41.5	
85	23	42	45	14.5	65	58	49.5	27	52.5	34	20	32	57	26	42.5	68	83	22.5	52.5	36	17.5	29.5	42	17	49.5	44	76.5	76.5	76.5	57.5	17.5	26.5	33	21.5	19.5	12.5	15	16.5	52	28	54.5	25.5	37	28	25.5	61	9	0	24.5	42.5	
60.5	27.5	41.5	44.5	39	64.5	37.5	41	26.5	52	33.5	19.5	28.5	56.5	25.5	42	47.5	62.5	32	52	35.5	42	5	41.5	41.5	31	31.5	54	64	64	57	42	39	37.5	46	44	37	29.5	41	51.5	32.5	36	40	28.5	32.5	25	60.5	23.5	24.5	0	42	
42.5	45.5	14.5	27.5	57	22.5	40.5	37	39.5	10	36.5	22.5	54.5	14.5	18.5	10	30.5	40.5	50	10	38.5	60	47	4.5	59.5	47	46.5	34	34	34	15	60	69	75.5	64	62	55	47.5	59	9.5	60.5	42	68	49.5	50.5	23	18.5	41.5	42.5	42	0	
