Number of items: 50
Horizon: 6
Time limit: 500
Load limit: 3000
Initial item inventory level
37
23
180
168
120
104
12
166
23
104
182
51
160
13
96
50
32
60
94
22
45
144
33
102
77
76
180
164
94
25
88
39
14
114
146
59
120
85
146
196
24
75
134
172
132
16
15
15
170
76
Maximum inventory capacity per item
74
46
270
252
180
156
24
249
46
156
273
102
240
26
144
100
64
90
141
33
90
216
66
153
154
114
270
246
141
50
176
78
28
171
219
118
180
170
219
294
36
150
201
258
198
32
30
30
255
114
Reserve storage replenishment rate per item and per period
222	0	0	222	0	0	
138	0	0	138	0	0	
540	0	0	540	0	0	
504	0	0	504	0	0	
360	0	0	360	0	0	
312	0	0	312	0	0	
72	0	0	72	0	0	
498	0	0	498	0	0	
138	0	0	138	0	0	
312	0	0	312	0	0	
546	0	0	546	0	0	
306	0	0	306	0	0	
480	0	0	480	0	0	
78	0	0	78	0	0	
288	0	0	288	0	0	
300	0	0	300	0	0	
192	0	0	192	0	0	
180	0	0	180	0	0	
282	0	0	282	0	0	
66	0	0	66	0	0	
270	0	0	270	0	0	
432	0	0	432	0	0	
198	0	0	198	0	0	
306	0	0	306	0	0	
462	0	0	462	0	0	
228	0	0	228	0	0	
540	0	0	540	0	0	
492	0	0	492	0	0	
282	0	0	282	0	0	
150	0	0	150	0	0	
528	0	0	528	0	0	
234	0	0	234	0	0	
84	0	0	84	0	0	
342	0	0	342	0	0	
438	0	0	438	0	0	
354	0	0	354	0	0	
360	0	0	360	0	0	
510	0	0	510	0	0	
438	0	0	438	0	0	
588	0	0	588	0	0	
72	0	0	72	0	0	
450	0	0	450	0	0	
402	0	0	402	0	0	
516	0	0	516	0	0	
396	0	0	396	0	0	
96	0	0	96	0	0	
90	0	0	90	0	0	
90	0	0	90	0	0	
510	0	0	510	0	0	
228	0	0	228	0	0	
Forward storage demand rate per item and per period
37	44	58	40	45	36	
23	14	15	17	34	43	
90	137	137	83	66	39	
84	52	47	30	94	106	
60	46	81	24	78	62	
52	49	21	16	58	30	
12	7	17	12	10	7	
83	97	37	73	102	75	
23	31	21	22	30	29	
52	48	39	85	12	51	
91	127	99	165	109	67	
51	54	80	90	43	51	
80	42	105	74	72	72	
13	12	1	10	20	23	
48	5	23	44	26	63	
50	82	45	56	26	28	
32	40	32	52	35	34	
30	27	26	26	29	36	
47	38	61	61	32	76	
11	15	14	9	6	12	
45	23	45	60	59	43	
72	81	116	83	78	63	
33	28	60	22	49	50	
51	38	57	63	14	68	
77	98	67	46	28	72	
38	37	59	42	64	48	
90	133	94	29	56	77	
82	34	124	70	156	45	
47	7	28	69	80	22	
25	17	24	4	11	21	
88	141	94	100	94	119	
39	20	26	76	52	49	
14	12	10	13	16	16	
57	79	34	19	12	85	
73	47	132	56	75	105	
59	50	80	49	68	45	
60	29	12	53	58	74	
85	89	80	68	101	79	
73	24	100	88	103	38	
98	139	116	29	158	181	
12	15	17	6	7	14	
75	100	69	37	75	46	
67	97	110	82	80	93	
86	55	34	119	85	120	
66	96	45	39	60	63	
16	12	22	14	19	17	
15	9	9	16	21	13	
15	22	12	2	11	3	
85	100	72	62	69	120	
38	28	64	44	56	63	
Distance matrix
0	58	32.5	82.5	93.5	9.5	29	20.5	31.5	72.5	8.5	47	60	39	91.5	85.5	28.5	64	53.5	71.5	33.5	51	57	82	24	54.5	91	30	17.5	77	82.5	46	85.5	50	34	31	27.5	48	83.5	92.5	37	66	81	30	99.5	57.5	63.5	81	70.5	28	59.5	
58	0	59.5	44.5	53.5	62.5	57	53.5	34.5	19.5	51.5	45	28	27	35.5	31.5	41.5	32	38.5	39.5	58.5	41	25	50	68	37.5	41	58	50.5	35	50.5	46	31.5	42	58	59	50.5	44	43.5	54.5	45	26	31	38	47.5	34.5	31.5	49	21.5	64	27.5	
32.5	59.5	0	70	79	33	28.5	32	49	40	24	40.5	67.5	56.5	61	57	44	73.5	39	89	1	26.5	74.5	75.5	18.5	48	66.5	27.5	35	60.5	80	21.5	57	37.5	8.5	26.5	35	29.5	69	80	40.5	41.5	56.5	47.5	73	35	79	86.5	42	19.5	73	
82.5	44.5	70	0	29	87	73.5	78	59	30	76	55.5	42.5	51.5	9	17	66	36.5	49	29	69	51.5	29.5	25.5	78.5	48	16.5	72.5	75	25.5	30	56.5	17	52.5	68.5	71.5	75	54.5	1	30	65.5	36.5	21.5	62.5	23	45	31	36.5	32	74.5	37	
93.5	53.5	79	29	0	98	82.5	89	70	39	87	64.5	51.5	62.5	20	26	77	47.5	58	30	78	60.5	40.5	29.5	87.5	57	20.5	81.5	86	34.5	29	65.5	26	61.5	77.5	80.5	84	63.5	28	1	74.5	45.5	30.5	73.5	6	54	42	30.5	41	83.5	48	
9.5	62.5	33	87	98	0	33.5	25	36	63	13	51.5	64.5	43.5	84	80	33	68.5	58	76	32	49.5	61.5	86.5	31.5	59	89.5	34.5	22	81.5	87	44.5	80	54.5	26.5	35.5	32	52.5	88	97	41.5	64.5	79.5	34.5	96	58	68	85.5	65	32.5	64	
29	57	28.5	73.5	82.5	33.5	0	24.5	30.5	43.5	22.5	44	59	38	64.5	60.5	27.5	63	42.5	70.5	27.5	30	56	79	37	51.5	70	1	21.5	64	81.5	25	60.5	41	27	2	26.5	33	72.5	83.5	36	45	60	29	76.5	38.5	62.5	80	45.5	33	58.5	
20.5	53.5	32	78	89	25	24.5	0	27	52	14	42.5	55.5	34.5	73	69	24	59.5	49	67	31	38.5	52.5	77.5	40.5	50	78.5	25.5	3	72.5	78	33.5	69	45.5	30.5	26.5	23	41.5	79	88	32.5	53.5	68.5	25.5	85	47	59	76.5	54	28.5	55	
31.5	34.5	49	59	70	36	30.5	27	0	41	25	23.5	36.5	15.5	62	58	15	40.5	30	48	50	32.5	33.5	58.5	55.5	31	67.5	31.5	24	53.5	59	37.5	58	26.5	49.5	32.5	24	29.5	60	69	18.5	42.5	57.5	11.5	74	34	40	57.5	43	39.5	36	
72.5	19.5	40	30	39	63	43.5	52	41	0	64	25.5	27.5	33.5	21	17	44	33.5	19	51	39	21.5	40.5	35.5	48.5	18	26.5	42.5	55	20.5	40	26.5	17	22.5	38.5	41.5	45	24.5	29	40	35.5	6.5	16.5	42.5	33	15	39	46.5	2	44.5	33	
8.5	51.5	24	76	87	13	22.5	14	25	64	0	40.5	53.5	32.5	85	79	22	57.5	47	65	25	44.5	50.5	75.5	32.5	48	84.5	23.5	11	70.5	76	39.5	79	43.5	32.5	24.5	21	41.5	77	86	30.5	59.5	74.5	23.5	93	51	57	74.5	64	21.5	53	
47	45	40.5	55.5	64.5	51.5	44	42.5	23.5	25.5	40.5	0	47	26	46.5	42.5	30.5	51	24.5	58.5	39.5	22	44	61	49	33.5	52	43	39.5	46	65.5	27	42.5	3	39	42	39.5	25	54.5	65.5	34	27	42	27	58.5	20.5	50.5	68	27.5	45	46.5	
60	28	67.5	42.5	51.5	64.5	59	55.5	36.5	27.5	53.5	47	0	29	33.5	29.5	43.5	24	46.5	31.5	66.5	49	17	42	76	39.5	39	60	52.5	33	42.5	54	29.5	50	66	61	52.5	52	41.5	52.5	47	34	29	40	45.5	42.5	23.5	41	29.5	68	19.5	
39	27	56.5	51.5	62.5	43.5	38	34.5	15.5	33.5	32.5	26	29	0	54.5	50.5	22.5	33	27.5	40.5	57.5	40	26	51	63	23.5	60	39	31.5	46	51.5	45	50.5	29	57	40	31.5	37	52.5	61.5	26	35	50	19	66.5	31.5	32.5	50	35.5	47	28.5	
91.5	35.5	61	9	20	84	64.5	73	62	21	85	46.5	33.5	54.5	0	8	65	29.5	40	32	60	42.5	36.5	16.5	69.5	39	7.5	63.5	76	16.5	21	47.5	8	43.5	59.5	62.5	66	45.5	8	21	56.5	27.5	12.5	63.5	14	36	30	27.5	23	65.5	34	
85.5	31.5	57	17	26	80	60.5	69	58	17	79	42.5	29.5	50.5	8	0	61	25.5	36	38	56	38.5	32.5	22.5	65.5	35	13.5	59.5	72	12.5	27	43.5	0	39.5	55.5	58.5	62	41.5	16	27	52.5	23.5	8.5	59.5	20	32	22	33.5	19	61.5	30	
28.5	41.5	44	66	77	33	27.5	24	15	44	22	30.5	43.5	22.5	65	61	0	47.5	37	55	43	30.5	40.5	65.5	52.5	38	70.5	28.5	21	60.5	66	30.5	61	33.5	42.5	29.5	21	31.5	67	76	20.5	45.5	60.5	13.5	77	39	47	64.5	46	36.5	43	
64	32	73.5	36.5	47.5	68.5	63	59.5	40.5	33.5	57.5	51	24	33	29.5	25.5	47.5	0	52.5	25.5	72.5	55	7	36	82	43.5	35	64	56.5	13	36.5	60	25.5	54	72	65	56.5	58	37.5	46.5	51	40	17	44	41.5	48.5	17.5	35	35.5	72	18.5	
53.5	38.5	39	49	58	58	42.5	49	30	19	47	24.5	46.5	27.5	40	36	37	52.5	0	60	38	20.5	45.5	54.5	47.5	27	45.5	41.5	46	39.5	59	25.5	36	21.5	37.5	40.5	44	23.5	48	59	34.5	20.5	35.5	33.5	52	4	52	65.5	21	43.5	48	
71.5	39.5	89	29	30	76	70.5	67	48	51	65	58.5	31.5	40.5	32	38	55	25.5	60	0	90	72.5	18.5	23.5	95.5	51	32.5	71.5	64	38.5	11	77.5	38	61.5	89.5	72.5	64	69.5	30	29	58.5	57.5	42.5	51.5	34	64	20	17.5	53	79.5	26	
33.5	58.5	1	69	78	32	27.5	31	50	39	25	39.5	66.5	57.5	60	56	43	72.5	38	90	0	25.5	75.5	74.5	17.5	47	65.5	26.5	34	59.5	79	20.5	56	36.5	7.5	25.5	34	28.5	68	79	39.5	40.5	55.5	46.5	72	34	78	85.5	41	18.5	72	
51	41	26.5	51.5	60.5	49.5	30	38.5	32.5	21.5	44.5	22	49	40	42.5	38.5	30.5	55	20.5	72.5	25.5	0	58	57	35	29.5	48	29	41.5	42	61.5	13	38.5	19	25	28	31.5	3	50.5	61.5	14	23	38	21	54.5	16.5	60.5	68	23.5	31	54.5	
57	25	74.5	29.5	40.5	61.5	56	52.5	33.5	40.5	50.5	44	17	26	36.5	32.5	40.5	7	45.5	18.5	75.5	58	0	29	81	36.5	38	57	49.5	20	29.5	63	32.5	47	79	58	49.5	55	30.5	39.5	44	43	24	37	46.5	49.5	10.5	28	42.5	65	11.5	
82	50	75.5	25.5	29.5	86.5	79	77.5	58.5	35.5	75.5	61	42	51	16.5	22.5	65.5	36	54.5	23.5	74.5	57	29	0	84	53.5	9	78	74.5	31	30.5	62	22.5	58	74	77	74.5	60	24.5	30.5	69	42	27	62	23.5	50.5	30.5	33	37.5	80	36.5	
24	68	18.5	78.5	87.5	31.5	37	40.5	55.5	48.5	32.5	49	76	63	69.5	65.5	52.5	82	47.5	95.5	17.5	35	81	84	0	56.5	75	36	41.5	69	88.5	30	65.5	46	12	35	43.5	38	77.5	88.5	49	50	65	54	81.5	43.5	87.5	95	50.5	28	81.5	
54.5	37.5	48	48	57	59	51.5	50	31	18	48	33.5	39.5	23.5	39	35	38	43.5	27	51	47	29.5	36.5	53.5	56.5	0	44.5	50.5	47	38.5	58	34.5	35	30.5	46.5	49.5	47	32.5	47	58	41.5	19.5	34.5	34.5	51	23	43	60.5	20	52.5	39	
91	41	66.5	16.5	20.5	89.5	70	78.5	67.5	26.5	84.5	52	39	60	7.5	13.5	70.5	35	45.5	32.5	65.5	48	38	9	75	44.5	0	69	81.5	22	21.5	53	13.5	49	65	68	71.5	51	15.5	21.5	62	33	18	69	14.5	41.5	35.5	28	28.5	71	39.5	
30	58	27.5	72.5	81.5	34.5	1	25.5	31.5	42.5	23.5	43	60	39	63.5	59.5	28.5	64	41.5	71.5	26.5	29	57	78	36	50.5	69	0	22.5	63	82.5	24	59.5	40	26	1	27.5	32	71.5	82.5	37	44	59	30	75.5	37.5	63.5	81	44.5	32	59.5	
17.5	50.5	35	75	86	22	21.5	3	24	55	11	39.5	52.5	31.5	76	72	21	56.5	46	64	34	41.5	49.5	74.5	41.5	47	81.5	22.5	0	69.5	75	36.5	72	42.5	33.5	23.5	20	40.5	76	85	29.5	56.5	71.5	22.5	88	50	56	73.5	57	25.5	52	
77	35	60.5	25.5	34.5	81.5	64	72.5	53.5	20.5	70.5	46	33	46	16.5	12.5	60.5	13	39.5	38.5	59.5	42	20	31	69	38.5	22	63	69.5	0	35.5	47	12.5	43	59	62	65.5	45	24.5	35.5	56	27	4	57	28.5	35.5	30.5	42	22.5	65	31.5	
82.5	50.5	80	30	29	87	81.5	78	59	40	76	65.5	42.5	51.5	21	27	66	36.5	59	11	79	61.5	29.5	30.5	88.5	58	21.5	82.5	75	35.5	0	66.5	27	62.5	78.5	81.5	75	64.5	29	30	69.5	46.5	31.5	62.5	23	55	31	28.5	42	84.5	37	
46	46	21.5	56.5	65.5	44.5	25	33.5	37.5	26.5	39.5	27	54	45	47.5	43.5	30.5	60	25.5	77.5	20.5	13	63	62	30	34.5	53	24	36.5	47	66.5	0	43.5	24	20	23	26.5	16	55.5	66.5	27	28	43	34	59.5	21.5	65.5	73	28.5	26	59.5	
85.5	31.5	57	17	26	80	60.5	69	58	17	79	42.5	29.5	50.5	8	0	61	25.5	36	38	56	38.5	32.5	22.5	65.5	35	13.5	59.5	72	12.5	27	43.5	0	39.5	55.5	58.5	62	41.5	16	27	52.5	23.5	8.5	59.5	20	32	22	33.5	19	61.5	30	
50	42	37.5	52.5	61.5	54.5	41	45.5	26.5	22.5	43.5	3	50	29	43.5	39.5	33.5	54	21.5	61.5	36.5	19	47	58	46	30.5	49	40	42.5	43	62.5	24	39.5	0	36	39	42.5	22	51.5	62.5	33	24	39	30	55.5	17.5	53.5	69	24.5	42	49.5	
34	58	8.5	68.5	77.5	26.5	27	30.5	49.5	38.5	32.5	39	66	57	59.5	55.5	42.5	72	37.5	89.5	7.5	25	79	74	12	46.5	65	26	33.5	59	78.5	20	55.5	36	0	25	33.5	28	67.5	78.5	39	40	55	46	71.5	33.5	77.5	85	40.5	18	71.5	
31	59	26.5	71.5	80.5	35.5	2	26.5	32.5	41.5	24.5	42	61	40	62.5	58.5	29.5	65	40.5	72.5	25.5	28	58	77	35	49.5	68	1	23.5	62	81.5	23	58.5	39	25	0	28.5	31	70.5	81.5	38	43	58	31	74.5	36.5	64.5	82	43.5	31	60.5	
27.5	50.5	35	75	84	32	26.5	23	24	45	21	39.5	52.5	31.5	66	62	21	56.5	44	64	34	31.5	49.5	74.5	43.5	47	71.5	27.5	20	65.5	75	26.5	62	42.5	33.5	28.5	0	34.5	74	85	29.5	46.5	61.5	22.5	78	40	56	73.5	47	35.5	52	
48	44	29.5	54.5	63.5	52.5	33	41.5	29.5	24.5	41.5	25	52	37	45.5	41.5	31.5	58	23.5	69.5	28.5	3	55	60	38	32.5	51	32	40.5	45	64.5	16	41.5	22	28	31	34.5	0	53.5	64.5	11	26	41	18	57.5	19.5	61.5	71	26.5	34	57.5	
83.5	43.5	69	1	28	88	72.5	79	60	29	77	54.5	41.5	52.5	8	16	67	37.5	48	30	68	50.5	30.5	24.5	77.5	47	15.5	71.5	76	24.5	29	55.5	16	51.5	67.5	70.5	74	53.5	0	29	64.5	35.5	20.5	63.5	22	44	32	35.5	31	73.5	38	
92.5	54.5	80	30	1	97	83.5	88	69	40	86	65.5	52.5	61.5	21	27	76	46.5	59	29	79	61.5	39.5	30.5	88.5	58	21.5	82.5	85	35.5	30	66.5	27	62.5	78.5	81.5	85	64.5	29	0	75.5	46.5	31.5	72.5	7	55	41	31.5	42	84.5	47	
37	45	40.5	65.5	74.5	41.5	36	32.5	18.5	35.5	30.5	34	47	26	56.5	52.5	20.5	51	34.5	58.5	39.5	14	44	69	49	41.5	62	37	29.5	56	69.5	27	52.5	33	39	38	29.5	11	64.5	75.5	0	37	52	7	68.5	30.5	50.5	68	37.5	45	46.5	
66	26	41.5	36.5	45.5	64.5	45	53.5	42.5	6.5	59.5	27	34	35	27.5	23.5	45.5	40	20.5	57.5	40.5	23	43	42	50	19.5	33	44	56.5	27	46.5	28	23.5	24	40	43	46.5	26	35.5	46.5	37	0	23	44	39.5	16.5	45.5	53	8.5	46	39.5	
81	31	56.5	21.5	30.5	79.5	60	68.5	57.5	16.5	74.5	42	29	50	12.5	8.5	60.5	17	35.5	42.5	55.5	38	24	27	65	34.5	18	59	71.5	4	31.5	43	8.5	39	55	58	61.5	41	20.5	31.5	52	23	0	59	24.5	31.5	30.5	38	18.5	61	29.5	
30	38	47.5	62.5	73.5	34.5	29	25.5	11.5	42.5	23.5	27	40	19	63.5	59.5	13.5	44	33.5	51.5	46.5	21	37	62	54	34.5	69	30	22.5	57	62.5	34	59.5	30	46	31	22.5	18	63.5	72.5	7	44	59	0	75.5	37.5	43.5	61	44.5	38	39.5	
99.5	47.5	73	23	6	96	76.5	85	74	33	93	58.5	45.5	66.5	14	20	77	41.5	52	34	72	54.5	46.5	23.5	81.5	51	14.5	75.5	88	28.5	23	59.5	20	55.5	71.5	74.5	78	57.5	22	7	68.5	39.5	24.5	75.5	0	48	42	24.5	35	77.5	46	
57.5	34.5	35	45	54	58	38.5	47	34	15	51	20.5	42.5	31.5	36	32	39	48.5	4	64	34	16.5	49.5	50.5	43.5	23	41.5	37.5	50	35.5	55	21.5	32	17.5	33.5	36.5	40	19.5	44	55	30.5	16.5	31.5	37.5	48	0	54	61.5	17	39.5	48	
63.5	31.5	79	31	42	68	62.5	59	40	39	57	50.5	23.5	32.5	30	22	47	17.5	52	20	78	60.5	10.5	30.5	87.5	43	35.5	63.5	56	30.5	31	65.5	22	53.5	77.5	64.5	56	61.5	32	41	50.5	45.5	30.5	43.5	42	54	0	29.5	41	71.5	18	
81	49	86.5	36.5	30.5	85.5	80	76.5	57.5	46.5	74.5	68	41	50	27.5	33.5	64.5	35	65.5	17.5	85.5	68	28	33	95	60.5	28	81	73.5	42	28.5	73	33.5	69	85	82	73.5	71	35.5	31.5	68	53	38	61	24.5	61.5	29.5	0	48.5	89	35.5	
70.5	21.5	42	32	41	65	45.5	54	43	2	64	27.5	29.5	35.5	23	19	46	35.5	21	53	41	23.5	42.5	37.5	50.5	20	28.5	44.5	57	22.5	42	28.5	19	24.5	40.5	43.5	47	26.5	31	42	37.5	8.5	18.5	44.5	35	17	41	48.5	0	46.5	35	
28	64	19.5	74.5	83.5	32.5	33	28.5	39.5	44.5	21.5	45	68	47	65.5	61.5	36.5	72	43.5	79.5	18.5	31	65	80	28	52.5	71	32	25.5	65	84.5	26	61.5	42	18	31	35.5	34	73.5	84.5	45	46	61	38	77.5	39.5	71.5	89	46.5	0	67.5	
59.5	27.5	73	37	48	64	58.5	55	36	33	53	46.5	19.5	28.5	34	30	43	18.5	48	26	72	54.5	11.5	36.5	81.5	39	39.5	59.5	52	31.5	37	59.5	30	49.5	71.5	60.5	52	57.5	38	47	46.5	39.5	29.5	39.5	46	48	18	35.5	35	67.5	0	
