Number of items: 50
Horizon: 6
Time limit: 500
Load limit: 3000
Initial item inventory level
158
83
102
60
30
77
46
56
37
80
73
20
80
77
90
162
56
38
46
86
48
172
16
88
84
31
14
126
60
87
154
39
77
71
26
108
50
99
152
140
36
98
77
66
178
64
18
36
11
79
Maximum inventory capacity per item
237
166
153
120
45
154
92
84
74
120
146
40
160
154
180
243
84
76
92
172
72
258
32
176
168
62
28
189
120
174
231
78
154
142
52
162
100
198
228
210
54
147
154
132
267
96
36
72
22
158
Reserve storage replenishment rate per item and per period
474	0	0	474	0	0	
498	0	0	498	0	0	
306	0	0	306	0	0	
360	0	0	360	0	0	
90	0	0	90	0	0	
462	0	0	462	0	0	
276	0	0	276	0	0	
168	0	0	168	0	0	
222	0	0	222	0	0	
240	0	0	240	0	0	
438	0	0	438	0	0	
120	0	0	120	0	0	
480	0	0	480	0	0	
462	0	0	462	0	0	
540	0	0	540	0	0	
486	0	0	486	0	0	
168	0	0	168	0	0	
228	0	0	228	0	0	
276	0	0	276	0	0	
516	0	0	516	0	0	
144	0	0	144	0	0	
516	0	0	516	0	0	
96	0	0	96	0	0	
528	0	0	528	0	0	
504	0	0	504	0	0	
186	0	0	186	0	0	
84	0	0	84	0	0	
378	0	0	378	0	0	
360	0	0	360	0	0	
522	0	0	522	0	0	
462	0	0	462	0	0	
234	0	0	234	0	0	
462	0	0	462	0	0	
426	0	0	426	0	0	
156	0	0	156	0	0	
324	0	0	324	0	0	
300	0	0	300	0	0	
594	0	0	594	0	0	
456	0	0	456	0	0	
420	0	0	420	0	0	
108	0	0	108	0	0	
294	0	0	294	0	0	
462	0	0	462	0	0	
396	0	0	396	0	0	
534	0	0	534	0	0	
192	0	0	192	0	0	
108	0	0	108	0	0	
216	0	0	216	0	0	
66	0	0	66	0	0	
474	0	0	474	0	0	
Forward storage demand rate per item and per period
79	129	117	105	87	35	
83	114	130	147	10	52	
51	33	30	97	98	73	
60	22	56	82	55	51	
15	20	14	12	6	1	
77	27	22	70	60	63	
46	59	53	45	33	47	
28	49	49	40	35	31	
37	17	27	49	40	50	
40	25	70	26	47	44	
73	57	79	63	49	83	
20	8	15	17	15	36	
80	37	97	22	139	60	
77	77	100	74	56	43	
90	114	62	49	102	69	
81	24	83	115	109	91	
28	17	17	48	45	8	
38	41	29	52	56	40	
46	50	75	70	49	30	
86	65	106	120	41	72	
24	34	43	28	32	12	
86	68	67	39	113	106	
16	18	24	25	9	9	
88	103	92	48	133	119	
84	82	165	83	112	81	
31	12	38	40	5	38	
14	11	10	12	16	14	
63	110	74	22	44	63	
60	73	32	102	2	60	
87	118	70	59	92	3	
77	85	78	65	118	117	
39	18	29	62	36	22	
77	51	64	113	40	46	
71	26	52	48	97	48	
26	19	15	26	42	3	
54	62	68	84	86	30	
50	62	80	18	24	35	
99	124	108	103	116	152	
76	110	66	77	91	42	
70	37	89	61	72	50	
18	7	14	11	30	16	
49	28	72	51	67	66	
77	63	69	100	97	49	
66	42	75	101	78	66	
89	109	63	127	88	155	
32	58	35	34	37	46	
18	22	12	11	13	3	
36	27	28	56	28	45	
11	15	11	13	11	10	
79	75	38	114	112	56	
Distance matrix
0	70.5	54.5	51.5	45.5	80.5	36	50.5	82	62	40.5	59.5	52	59.5	6.5	71	50.5	62.5	8.5	27.5	75.5	70	86	56.5	41	1	25	39	69	60.5	56	30	75.5	31.5	67.5	75.5	56	72	95.5	49.5	43.5	72	37	30.5	100	27.5	30	84.5	26	38	81.5	
70.5	0	20	47	59	24	68.5	54	37.5	22.5	64	11	32.5	45	72	26.5	54	8	74	53	5	25.5	33.5	42	63.5	71.5	55.5	65.5	35.5	26	16.5	70.5	5	57	23	5	46.5	32.5	39	55	29	27.5	67.5	46	29.5	73	60.5	40	66.5	58.5	37	
54.5	20	0	31	55	26	70.5	50	31.5	11.5	50	9	16.5	29	56	20.5	60	12	58	37	25	19.5	35.5	26	55.5	55.5	39.5	63.5	41.5	6	5.5	54.5	25	41	17	25	30.5	36.5	45	59	13	21.5	71.5	30	45.5	57	44.5	34	50.5	42.5	31	
51.5	47	31	0	38	33	47.5	33	58.5	38.5	43	36	28.5	34	53	47.5	33	39	55	34	48	46.5	52.5	33	42.5	52.5	36.5	44.5	19.5	37	32.5	51.5	48	38	44	48	32.5	26.5	58	34	20	48.5	46.5	27	48.5	54	41.5	61	47.5	39.5	58	
45.5	59	55	38	0	39	23.5	19	72.5	62.5	5	60	52.5	40	47	71.5	5	63	49	18	54	70.5	58.5	43	18.5	46.5	30.5	20.5	25.5	59	56.5	29.5	54	14	68	54	38.5	32.5	64	4	44	72.5	22.5	31	54.5	32	29.5	75	33.5	26.5	78	
80.5	24	26	33	39	0	48.5	34	37.5	27.5	44	35	32.5	25	78	38.5	34	32	76	57	19	39.5	23.5	28	43.5	81.5	59.5	45.5	15.5	20	31.5	54.5	19	53	37	19	28.5	12.5	29	35	39	37.5	47.5	54	19.5	57	54.5	40	58.5	46.5	43	
36	68.5	70.5	47.5	23.5	48.5	0	28.5	82	72	28.5	75.5	62	49.5	37.5	83	18.5	76.5	35.5	41.5	63.5	84	68	52.5	23	37	39	15	35	68.5	72	24	63.5	37.5	81.5	63.5	48	42	73.5	19.5	59.5	82	1	46.5	64	21.5	34	84.5	28	36	87.5	
50.5	54	50	33	19	34	28.5	0	67.5	57.5	24	55	47.5	35	52	66.5	14	58	54	33	49	65.5	53.5	38	23.5	51.5	35.5	25.5	20.5	54	51.5	34.5	49	33	63	49	33.5	27.5	59	15	39	67.5	27.5	20	49.5	37	34.5	70	38.5	26.5	73	
82	37.5	31.5	58.5	72.5	37.5	82	67.5	0	34	77.5	26.5	44	56.5	83.5	23	67.5	29.5	85.5	64.5	42.5	22	32	53.5	77	83	67	79	49	37.5	28	82	42.5	68.5	24.5	42.5	58	46	27.5	68.5	40.5	24	81	57.5	18	84.5	72	26.5	78	70	23.5	
62	22.5	11.5	38.5	62.5	27.5	72	57.5	34	0	57.5	11.5	24	36.5	63.5	23	57.5	14.5	65.5	44.5	27.5	22	38	33.5	63	63	47	69	39	17.5	6	62	27.5	48.5	19.5	27.5	38	36	47.5	58.5	20.5	24	71	37.5	38	64.5	52	36.5	58	50	33.5	
40.5	64	50	43	5	44	28.5	24	77.5	57.5	0	55	47.5	45	42	66.5	10	58	44	13	59	65.5	63.5	48	23.5	41.5	25.5	25.5	30.5	56	51.5	34.5	59	9	63	59	43.5	37.5	69	9	39	67.5	27.5	26	59.5	37	30.5	80	36.5	31.5	77	
59.5	11	9	36	60	35	75.5	55	26.5	11.5	55	0	21.5	34	61	15.5	65	3	63	42	16	14.5	30.5	31	60.5	60.5	44.5	68.5	46.5	15	5.5	59.5	16	46	12	16	35.5	41.5	40	64	18	16.5	76.5	35	40.5	62	49.5	29	55.5	47.5	26	
52	32.5	16.5	28.5	52.5	32.5	62	47.5	44	24	47.5	21.5	0	26.5	53.5	33	47.5	24.5	55.5	34.5	37.5	32	48	23.5	53	53	37	59	29	22.5	18	52	37.5	38.5	29.5	37.5	28	20	57.5	48.5	10.5	34	61	27.5	48	54.5	42	46.5	48	40	43.5	
59.5	45	29	34	40	25	49.5	35	56.5	36.5	45	34	26.5	0	61	45.5	35	37	63	42	40	44.5	44.5	3	44.5	60.5	44.5	46.5	16.5	35	30.5	55.5	40	46	42	40	29.5	18.5	50	36	16	46.5	48.5	35	40.5	58	49.5	59	55.5	47.5	56	
6.5	72	56	53	47	78	37.5	52	83.5	63.5	42	61	53.5	61	0	72.5	48	64	2	29	77	71.5	87.5	58	42.5	7.5	26.5	40.5	64.5	62	57.5	31.5	77	33	69	77	57.5	71.5	97	49	45	73.5	36.5	32	93.5	29	31.5	86	27.5	39.5	83	
71	26.5	20.5	47.5	71.5	38.5	83	66.5	23	23	66.5	15.5	33	45.5	72.5	0	68.5	18.5	74.5	53.5	31.5	1	15	42.5	72	72	56	80	50	26.5	17	71	31.5	57.5	13.5	31.5	47	47	36.5	69.5	29.5	1	82	46.5	29	73.5	61	25.5	67	59	22.5	
50.5	54	60	33	5	34	18.5	14	67.5	57.5	10	65	47.5	35	48	68.5	0	62	46	23	49	69.5	53.5	38	13.5	51.5	29.5	15.5	20.5	54	61.5	24.5	49	19	67	49	33.5	27.5	59	1	49	67.5	17.5	34	49.5	27	24.5	70	28.5	21.5	73	
62.5	8	12	39	63	32	76.5	58	29.5	14.5	58	3	24.5	37	64	18.5	62	0	66	45	13	17.5	33.5	34	63.5	63.5	47.5	71.5	43.5	18	8.5	62.5	13	49	15	13	38.5	40.5	43	63	21	19.5	75.5	38	37.5	65	52.5	32	58.5	50.5	29	
8.5	74	58	55	49	76	35.5	54	85.5	65.5	44	63	55.5	63	2	74.5	46	66	0	31	79	73.5	89.5	60	44.5	9.5	28.5	42.5	62.5	64	59.5	33.5	79	35	71	79	59.5	69.5	99	47	47	75.5	34.5	34	91.5	31	33.5	88	29.5	41.5	85	
27.5	53	37	34	18	57	41.5	33	64.5	44.5	13	42	34.5	42	29	53.5	23	45	31	0	58	52.5	68.5	39	28.5	28.5	12.5	36.5	43.5	43	38.5	27.5	58	4	50	58	38.5	50.5	78	22	26	54.5	40.5	13	72.5	30	17.5	67	23.5	20.5	64	
75.5	5	25	48	54	19	63.5	49	42.5	27.5	59	16	37.5	40	77	31.5	49	13	79	58	0	30.5	28.5	43	58.5	76.5	60.5	60.5	30.5	31	21.5	69.5	0	62	28	0	43.5	27.5	34	50	34	32.5	62.5	51	24.5	72	65.5	45	71.5	61.5	42	
70	25.5	19.5	46.5	70.5	39.5	84	65.5	22	22	65.5	14.5	32	44.5	71.5	1	69.5	17.5	73.5	52.5	30.5	0	16	41.5	71	71	55	79	51	25.5	16	70	30.5	56.5	12.5	30.5	46	48	35.5	70.5	28.5	2	83	45.5	30	72.5	60	24.5	66	58	21.5	
86	33.5	35.5	52.5	58.5	23.5	68	53.5	32	38	63.5	30.5	48	44.5	87.5	15	53.5	33.5	89.5	68.5	28.5	16	0	47.5	63	87	71	65	35	41.5	32	74	28.5	72.5	28.5	28.5	48	32	23.5	54.5	44.5	14	67	61.5	14	76.5	74	34.5	78	66	37.5	
56.5	42	26	33	43	28	52.5	38	53.5	33.5	48	31	23.5	3	58	42.5	38	34	60	39	43	41.5	47.5	0	47.5	57.5	41.5	49.5	19.5	32	27.5	56.5	43	43	39	43	32.5	21.5	53	39	13	43.5	51.5	32	43.5	59	46.5	56	52.5	44.5	53	
41	63.5	55.5	42.5	18.5	43.5	23	23.5	77	63	23.5	60.5	53	44.5	42.5	72	13.5	63.5	44.5	28.5	58.5	71	63	47.5	0	42	16	20	30	61.5	57	29	58.5	32.5	68.5	58.5	43	37	68.5	14.5	44.5	73	22	31.5	59	31.5	11	79.5	33	31	82.5	
1	71.5	55.5	52.5	46.5	81.5	37	51.5	83	63	41.5	60.5	53	60.5	7.5	72	51.5	63.5	9.5	28.5	76.5	71	87	57.5	42	0	26	40	70	61.5	57	31	76.5	32.5	68.5	76.5	57	73	96.5	50.5	44.5	73	38	31.5	99	28.5	31	85.5	27	39	82.5	
25	55.5	39.5	36.5	30.5	59.5	39	35.5	67	47	25.5	44.5	37	44.5	26.5	56	29.5	47.5	28.5	12.5	60.5	55	71	41.5	16	26	0	34	46	45.5	41	25	60.5	16.5	52.5	60.5	41	53	80.5	30.5	28.5	57	38	15.5	75	27.5	5	69.5	21	23	66.5	
39	65.5	63.5	44.5	20.5	45.5	15	25.5	79	69	25.5	68.5	59	46.5	40.5	80	15.5	71.5	42.5	36.5	60.5	79	65	49.5	20	40	34	0	32	65.5	65	9	60.5	34.5	76.5	60.5	45	39	70.5	16.5	52.5	79	14	39.5	61	23.5	31	81.5	13	33	84.5	
69	35.5	41.5	19.5	25.5	15.5	35	20.5	49	39	30.5	46.5	29	16.5	64.5	50	20.5	43.5	62.5	43.5	30.5	51	35	19.5	30	70	46	32	0	35.5	45	41	30.5	39.5	48.5	30.5	13	9	40.5	21.5	32.5	49	34	40.5	31	43.5	41	51.5	45	33	54.5	
60.5	26	6	37	59	20	68.5	54	37.5	17.5	56	15	22.5	35	62	26.5	54	18	64	43	31	25.5	41.5	32	61.5	61.5	45.5	65.5	35.5	0	11.5	60.5	31	47	23	31	36.5	32.5	49	55	19	27.5	67.5	36	39.5	63	50.5	40	56.5	48.5	37	
56	16.5	5.5	32.5	56.5	31.5	72	51.5	28	6	51.5	5.5	18	30.5	57.5	17	61.5	8.5	59.5	38.5	21.5	16	32	27.5	57	57	41	65	45	11.5	0	56	21.5	42.5	13.5	21.5	32	38	41.5	60.5	14.5	18	73	31.5	44	58.5	46	30.5	52	44	27.5	
30	70.5	54.5	51.5	29.5	54.5	24	34.5	82	62	34.5	59.5	52	55.5	31.5	71	24.5	62.5	33.5	27.5	69.5	70	74	56.5	29	31	25	9	41	60.5	56	0	69.5	31.5	67.5	69.5	54	48	79.5	25.5	43.5	72	23	30.5	70	32.5	30	84.5	4	38	81.5	
75.5	5	25	48	54	19	63.5	49	42.5	27.5	59	16	37.5	40	77	31.5	49	13	79	58	0	30.5	28.5	43	58.5	76.5	60.5	60.5	30.5	31	21.5	69.5	0	62	28	0	43.5	27.5	34	50	34	32.5	62.5	51	24.5	72	65.5	45	71.5	61.5	42	
31.5	57	41	38	14	53	37.5	33	68.5	48.5	9	46	38.5	46	33	57.5	19	49	35	4	62	56.5	72.5	43	32.5	32.5	16.5	34.5	39.5	47	42.5	31.5	62	0	54	62	42.5	46.5	78	18	30	58.5	36.5	17	68.5	34	21.5	71	27.5	24.5	68	
67.5	23	17	44	68	37	81.5	63	24.5	19.5	63	12	29.5	42	69	13.5	67	15	71	50	28	12.5	28.5	39	68.5	68.5	52.5	76.5	48.5	23	13.5	67.5	28	54	0	28	43.5	45.5	38	68	26	14.5	80.5	43	32.5	70	57.5	27	63.5	55.5	24	
75.5	5	25	48	54	19	63.5	49	42.5	27.5	59	16	37.5	40	77	31.5	49	13	79	58	0	30.5	28.5	43	58.5	76.5	60.5	60.5	30.5	31	21.5	69.5	0	62	28	0	43.5	27.5	34	50	34	32.5	62.5	51	24.5	72	65.5	45	71.5	61.5	42	
56	46.5	30.5	32.5	38.5	28.5	48	33.5	58	38	43.5	35.5	28	29.5	57.5	47	33.5	38.5	59.5	38.5	43.5	46	48	32.5	43	57	41	45	13	36.5	32	54	43.5	42.5	43.5	43.5	0	22	53.5	34.5	19.5	48	47	31.5	44	56.5	46	60.5	52	44	57.5	
72	32.5	36.5	26.5	32.5	12.5	42	27.5	46	36	37.5	41.5	20	18.5	71.5	47	27.5	40.5	69.5	50.5	27.5	48	32	21.5	37	73	53	39	9	32.5	38	48	27.5	46.5	45.5	27.5	22	0	37.5	28.5	30.5	46	41	47.5	28	50.5	48	48.5	52	40	51.5	
95.5	39	45	58	64	29	73.5	59	27.5	47.5	69	40	57.5	50	97	36.5	59	43	99	78	34	35.5	23.5	53	68.5	96.5	80.5	70.5	40.5	49	41.5	79.5	34	78	38	34	53.5	37.5	0	60	54	37.5	72.5	71	9.5	82	79.5	11	83.5	71.5	14	
49.5	55	59	34	4	35	19.5	15	68.5	58.5	9	64	48.5	36	49	69.5	1	63	47	22	50	70.5	54.5	39	14.5	50.5	30.5	16.5	21.5	55	60.5	25.5	50	18	68	50	34.5	28.5	60	0	48	68.5	18.5	35	50.5	28	25.5	71	29.5	22.5	74	
43.5	29	13	20	44	39	59.5	39	40.5	20.5	39	18	10.5	16	45	29.5	49	21	47	26	34	28.5	44.5	13	44.5	44.5	28.5	52.5	32.5	19	14.5	43.5	34	30	26	34	19.5	30.5	54	48	0	30.5	60.5	19	56.5	46	33.5	43	39.5	31.5	40	
72	27.5	21.5	48.5	72.5	37.5	82	67.5	24	24	67.5	16.5	34	46.5	73.5	1	67.5	19.5	75.5	54.5	32.5	2	14	43.5	73	73	57	79	49	27.5	18	72	32.5	58.5	14.5	32.5	48	46	37.5	68.5	30.5	0	81	47.5	28	74.5	62	26.5	68	60	23.5	
37	67.5	71.5	46.5	22.5	47.5	1	27.5	81	71	27.5	76.5	61	48.5	36.5	82	17.5	75.5	34.5	40.5	62.5	83	67	51.5	22	38	38	14	34	67.5	73	23	62.5	36.5	80.5	62.5	47	41	72.5	18.5	60.5	81	0	47.5	63	20.5	33	83.5	27	35	86.5	
30.5	46	30	27	31	54	46.5	20	57.5	37.5	26	35	27.5	35	32	46.5	34	38	34	13	51	45.5	61.5	32	31.5	31.5	15.5	39.5	40.5	36	31.5	30.5	51	17	43	51	31.5	47.5	71	35	19	47.5	47.5	0	69.5	33	20.5	60	26.5	18.5	57	
100	29.5	45.5	48.5	54.5	19.5	64	49.5	18	38	59.5	40.5	48	40.5	93.5	29	49.5	37.5	91.5	72.5	24.5	30	14	43.5	59	99	75	61	31	39.5	44	70	24.5	68.5	32.5	24.5	44	28	9.5	50.5	56.5	28	63	69.5	0	72.5	70	20.5	74	62	23.5	
27.5	73	57	54	32	57	21.5	37	84.5	64.5	37	62	54.5	58	29	73.5	27	65	31	30	72	72.5	76.5	59	31.5	28.5	27.5	23.5	43.5	63	58.5	32.5	72	34	70	72	56.5	50.5	82	28	46	74.5	20.5	33	72.5	0	32.5	87	28.5	40.5	84	
30	60.5	44.5	41.5	29.5	54.5	34	34.5	72	52	30.5	49.5	42	49.5	31.5	61	24.5	52.5	33.5	17.5	65.5	60	74	46.5	11	31	5	31	41	50.5	46	30	65.5	21.5	57.5	65.5	46	48	79.5	25.5	33.5	62	33	20.5	70	32.5	0	74.5	26	28	71.5	
84.5	40	34	61	75	40	84.5	70	26.5	36.5	80	29	46.5	59	86	25.5	70	32	88	67	45	24.5	34.5	56	79.5	85.5	69.5	81.5	51.5	40	30.5	84.5	45	71	27	45	60.5	48.5	11	71	43	26.5	83.5	60	20.5	87	74.5	0	80.5	72.5	3	
26	66.5	50.5	47.5	33.5	58.5	28	38.5	78	58	36.5	55.5	48	55.5	27.5	67	28.5	58.5	29.5	23.5	71.5	66	78	52.5	33	27	21	13	45	56.5	52	4	71.5	27.5	63.5	71.5	52	52	83.5	29.5	39.5	68	27	26.5	74	28.5	26	80.5	0	34	77.5	
38	58.5	42.5	39.5	26.5	46.5	36	26.5	70	50	31.5	47.5	40	47.5	39.5	59	21.5	50.5	41.5	20.5	61.5	58	66	44.5	31	39	23	33	33	48.5	44	38	61.5	24.5	55.5	61.5	44	40	71.5	22.5	31.5	60	35	18.5	62	40.5	28	72.5	34	0	69.5	
81.5	37	31	58	78	43	87.5	73	23.5	33.5	77	26	43.5	56	83	22.5	73	29	85	64	42	21.5	37.5	53	82.5	82.5	66.5	84.5	54.5	37	27.5	81.5	42	68	24	42	57.5	51.5	14	74	40	23.5	86.5	57	23.5	84	71.5	3	77.5	69.5	0	
