Number of items: 50
Horizon: 3
Time limit: 500
Load limit: 3000
Initial item inventory level
37
22
91
174
43
13
10
57
104
36
108
45
50
24
44
156
182
13
188
53
74
44
17
94
50
63
48
100
89
89
38
36
45
17
70
178
102
22
74
30
76
74
19
26
130
84
124
92
88
172
Maximum inventory capacity per item
74
33
182
261
86
26
20
114
156
54
162
90
75
36
88
234
273
26
282
106
148
66
34
188
100
126
72
150
178
178
76
72
90
34
105
267
153
44
111
60
114
111
38
52
195
168
186
184
176
258
Reserve storage replenishment rate per item and per period
222	0	0	
66	0	0	
546	0	0	
522	0	0	
258	0	0	
78	0	0	
60	0	0	
342	0	0	
312	0	0	
108	0	0	
324	0	0	
270	0	0	
150	0	0	
72	0	0	
264	0	0	
468	0	0	
546	0	0	
78	0	0	
564	0	0	
318	0	0	
444	0	0	
132	0	0	
102	0	0	
564	0	0	
300	0	0	
378	0	0	
144	0	0	
300	0	0	
534	0	0	
534	0	0	
228	0	0	
216	0	0	
270	0	0	
102	0	0	
210	0	0	
534	0	0	
306	0	0	
132	0	0	
222	0	0	
180	0	0	
228	0	0	
222	0	0	
114	0	0	
156	0	0	
390	0	0	
504	0	0	
372	0	0	
552	0	0	
528	0	0	
516	0	0	
Forward storage demand rate per item and per period
37	44	58	
11	9	18	
91	67	137	
87	135	132	
43	18	25	
13	7	4	
10	6	8	
57	75	59	
52	49	21	
18	27	22	
54	57	45	
45	51	52	
25	22	31	
12	11	11	
44	23	47	
78	18	77	
91	127	99	
13	14	11	
94	166	80	
53	52	27	
74	67	67	
22	3	18	
17	25	29	
94	52	125	
50	82	45	
63	73	65	
24	39	26	
50	84	46	
89	109	32	
89	117	116	
38	69	55	
36	22	41	
45	23	45	
17	18	5	
35	40	38	
89	55	76	
51	77	63	
22	24	27	
37	29	10	
30	11	28	
38	37	59	
37	47	21	
19	6	11	
26	31	11	
65	35	52	
84	50	123	
62	81	44	
92	42	79	
88	141	94	
86	56	137	
Distance matrix
0	58	53	59.5	5	29	85	44	87	29	77	23	98	72	23	41	21	47	18	30	79.5	42.5	16.5	28	80.5	28.5	9	45.5	80	84	47	81.5	31.5	51	15.5	38	69.5	15	58.5	92.5	19	91	47.5	65.5	75.5	45	51	19.5	77	46	75.5	
58	0	5	32.5	63	47	37	32	35	57	45	41	44	40	61	51	69	45	56	62	47.5	49.5	69.5	64	48.5	41.5	57	38.5	22	38	45	25.5	60.5	41	68.5	46	37.5	53	33.5	54.5	47	41	44.5	31.5	21.5	43	41	42.5	25	46	21.5	
53	5	0	27.5	58	42	42	27	40	52	40	36	49	35	56	54	64	40	51	67	42.5	50.5	64.5	69	43.5	36.5	52	33.5	27	43	40	30.5	59.5	46	63.5	41	32.5	48	38.5	55.5	42	46	49.5	28.5	26.5	38	44	37.5	30	51	26.5	
59.5	32.5	27.5	0	64.5	48.5	35.5	33.5	33.5	56.5	51.5	42.5	42.5	46.5	62.5	44.5	64.5	38.5	57.5	55.5	54	43	69	57.5	55	43	58.5	40	20.5	36.5	38.5	24	54	34.5	70	47.5	44	54.5	27	53	48.5	39.5	38	30	20	40.5	34.5	44	23.5	39.5	20	
5	63	58	64.5	0	34	90	49	88	34	82	28	97	77	28	46	26	52	23	25	84.5	47.5	21.5	23	85.5	33.5	14	50.5	75	89	52	78.5	36.5	54	20.5	43	74.5	20	61.5	97.5	24	94	42.5	70.5	74.5	50	56	24.5	78	49	74.5	
29	47	42	48.5	34	0	66	33	64	28	66	6	73	61	32	12	40	36	27	41	68.5	31.5	40.5	43	69.5	17.5	28	34.5	51	67	36	54.5	35.5	30	39.5	27	58.5	24	37.5	81.5	18	70	23.5	54.5	50.5	34	40	13.5	54	17	50.5	
85	37	42	35.5	90	66	0	51	2	66	38	68	17	37	72	54	74	48	77	65	30.5	52.5	78.5	67	29.5	66.5	84	49.5	15	1	48	13.5	63.5	44	79.5	57	30.5	80	36.5	27.5	74	14	47.5	29.5	19.5	50	44	69.5	18	49	19.5	
44	32	27	33.5	49	33	51	0	49	43	51	27	58	46	47	45	55	31	42	56	53.5	41.5	55.5	58	54.5	27.5	43	24.5	36	52	31	39.5	50.5	35	54.5	32	43.5	39	27.5	66.5	33	55	38.5	39.5	35.5	29	35	28.5	39	40	35.5	
87	35	40	33.5	88	64	2	49	0	64	36	70	15	39	70	52	72	46	75	63	28.5	50.5	76.5	65	27.5	64.5	84	47.5	13	3	46	11.5	61.5	42	77.5	55	28.5	78	34.5	25.5	74	12	45.5	27.5	17.5	48	42	71.5	16	47	17.5	
29	57	52	56.5	34	28	66	43	64	0	76	22	73	71	32	30	40	44	27	31	78.5	33.5	40.5	33	79.5	27.5	28	44.5	51	67	44	54.5	29.5	30	39.5	37	68.5	24	37.5	83.5	10	70	18.5	60.5	50.5	44	40	18.5	54	25	50.5	
77	45	40	51.5	82	66	38	51	36	76	0	60	21	5	80	78	88	64	75	93	21.5	74.5	88.5	95	22.5	60.5	76	57.5	43	39	64	41.5	83.5	72	87.5	65	21.5	72	64.5	29.5	66	32	75.5	47.5	47.5	62	68	61.5	46	77	47.5	
23	41	36	42.5	28	6	68	27	70	22	60	0	79	55	26	18	34	30	21	47	62.5	25.5	34.5	49	63.5	11.5	22	28.5	57	67	30	60.5	29.5	34	33.5	21	52.5	18	41.5	75.5	12	74	29.5	48.5	56.5	28	34	7.5	60	23	56.5	
98	44	49	42.5	97	73	17	58	15	73	21	79	0	26	79	61	81	55	84	72	22.5	59.5	85.5	74	21.5	73.5	93	56.5	22	18	55	20.5	70.5	51	86.5	64	32.5	87	43.5	14.5	83	11	54.5	36.5	26.5	57	51	82.5	25	56	26.5	
72	40	35	46.5	77	61	37	46	39	71	5	55	26	0	75	73	83	59	70	98	16.5	69.5	83.5	100	17.5	55.5	71	52.5	48	36	59	46.5	78.5	73	82.5	60	16.5	67	65.5	24.5	61	33	80.5	42.5	52.5	57	63	56.5	49	78	52.5	
23	61	56	62.5	28	32	72	47	70	32	80	26	79	75	0	36	34	50	5	27	82.5	39.5	34.5	29	83.5	31.5	22	48.5	57	73	50	60.5	30.5	36	33.5	41	72.5	8	43.5	89.5	22	76	24.5	66.5	56.5	48	46	22.5	60	31	56.5	
41	51	54	44.5	46	12	54	45	52	30	78	18	61	73	36	0	38	32	39	29	74.5	21.5	42.5	31	73.5	29.5	40	38.5	39	55	32	42.5	27.5	18	43.5	31	70.5	36	25.5	71.5	30	58	11.5	48.5	38.5	34	28	25.5	42	5	38.5	
21	69	64	64.5	26	40	74	55	72	40	88	34	81	83	34	38	0	52	29	19	90.5	41.5	32.5	21	91.5	39.5	12	56.5	59	75	52	62.5	32.5	38	31.5	49	80.5	26	45.5	91.5	30	78	26.5	68.5	58.5	54	48	30.5	62	33	58.5	
47	45	40	38.5	52	36	48	31	46	44	64	30	55	59	50	32	52	0	45	43	66.5	30.5	56.5	45	67.5	30.5	46	32.5	33	49	0	36.5	41.5	22	57.5	35	56.5	42	19.5	65.5	36	52	25.5	42.5	32.5	2	4	31.5	36	27	32.5	
18	56	51	57.5	23	27	77	42	75	27	75	21	84	70	5	39	29	45	0	32	77.5	40.5	29.5	34	78.5	26.5	17	43.5	62	78	45	65.5	29.5	41	28.5	36	67.5	3	48.5	90.5	17	81	29.5	63.5	61.5	43	49	17.5	65	36	61.5	
30	62	67	55.5	25	41	65	56	63	31	93	47	72	98	27	29	19	43	32	0	85.5	32.5	18.5	2	84.5	46.5	31	49.5	50	66	43	53.5	23.5	29	19.5	42	85.5	35	36.5	82.5	41	69	17.5	59.5	49.5	45	39	45.5	53	24	49.5	
79.5	47.5	42.5	54	84.5	68.5	30.5	53.5	28.5	78.5	21.5	62.5	22.5	16.5	82.5	74.5	90.5	66.5	77.5	85.5	0	73	91	87.5	1	63	78.5	60	35.5	31.5	66.5	34	84	64.5	90	67.5	24	74.5	57	33	68.5	24.5	68	50	40	64.5	64.5	64	38.5	69.5	40	
42.5	49.5	50.5	43	47.5	31.5	52.5	41.5	50.5	33.5	74.5	25.5	59.5	69.5	39.5	21.5	41.5	30.5	40.5	32.5	73	0	46	34.5	72	14	41.5	37	37.5	53.5	30.5	41	31	16.5	47	29.5	67	37.5	24	70	31.5	56.5	15	47	37	32.5	26.5	27	40.5	16.5	37	
16.5	69.5	64.5	69	21.5	40.5	78.5	55.5	76.5	40.5	88.5	34.5	85.5	83.5	34.5	42.5	32.5	56.5	29.5	18.5	91	46	0	20.5	92	40	20.5	57	63.5	79.5	56.5	67	37	42.5	1	49.5	81	26.5	50	96	30.5	82.5	31	73	63	56.5	52.5	31	66.5	37.5	63	
28	64	69	57.5	23	43	67	58	65	33	95	49	74	100	29	31	21	45	34	2	87.5	34.5	20.5	0	86.5	48.5	33	51.5	52	68	45	55.5	25.5	31	21.5	44	87.5	37	38.5	84.5	43	71	19.5	61.5	51.5	47	41	47.5	55	26	51.5	
80.5	48.5	43.5	55	85.5	69.5	29.5	54.5	27.5	79.5	22.5	63.5	21.5	17.5	83.5	73.5	91.5	67.5	78.5	84.5	1	72	92	86.5	0	64	79.5	61	34.5	30.5	67.5	33	83	63.5	91	68.5	25	75.5	56	32	69.5	23.5	67	49	39	65.5	63.5	65	37.5	68.5	39	
28.5	41.5	36.5	43	33.5	17.5	66.5	27.5	64.5	27.5	60.5	11.5	73.5	55.5	31.5	29.5	39.5	30.5	26.5	46.5	63	14	40	48.5	64	0	27.5	29	51.5	67.5	30.5	55	35	30.5	39	21.5	53	23.5	38	76	17.5	70.5	29	49	51	28.5	34.5	13	54.5	30.5	51	
9	57	52	58.5	14	28	84	43	84	28	76	22	93	71	22	40	12	46	17	31	78.5	41.5	20.5	33	79.5	27.5	0	44.5	71	83	46	74.5	30.5	50	19.5	37	68.5	14	57.5	91.5	18	90	38.5	64.5	70.5	44	50	18.5	74	45	70.5	
45.5	38.5	33.5	40	50.5	34.5	49.5	24.5	47.5	44.5	57.5	28.5	56.5	52.5	48.5	38.5	56.5	32.5	43.5	49.5	60	37	57	51.5	61	29	44.5	0	34.5	50.5	32.5	38	48	28.5	56	33.5	50	40.5	13	67	34.5	53.5	32	44	34	30.5	28.5	30	37.5	33.5	34	
80	22	27	20.5	75	51	15	36	13	51	43	57	22	48	57	39	59	33	62	50	35.5	37.5	63.5	52	34.5	51.5	71	34.5	0	16	33	3.5	48.5	29	64.5	42	35.5	65	21.5	32.5	61	19	32.5	14.5	4.5	35	29	60.5	3	34	4.5	
84	38	43	36.5	89	67	1	52	3	67	39	67	18	36	73	55	75	49	78	66	31.5	53.5	79.5	68	30.5	67.5	83	50.5	16	0	49	14.5	64.5	45	80.5	58	31.5	79	37.5	28.5	73	15	48.5	30.5	20.5	51	45	68.5	19	50	20.5	
47	45	40	38.5	52	36	48	31	46	44	64	30	55	59	50	32	52	0	45	43	66.5	30.5	56.5	45	67.5	30.5	46	32.5	33	49	0	36.5	41.5	22	57.5	35	56.5	42	19.5	65.5	36	52	25.5	42.5	32.5	2	4	31.5	36	27	32.5	
81.5	25.5	30.5	24	78.5	54.5	13.5	39.5	11.5	54.5	41.5	60.5	20.5	46.5	60.5	42.5	62.5	36.5	65.5	53.5	34	41	67	55.5	33	55	74.5	38	3.5	14.5	36.5	0	52	32.5	68	45.5	34	68.5	25	31	64.5	17.5	36	18	8	38.5	32.5	64	6.5	37.5	8	
31.5	60.5	59.5	54	36.5	35.5	63.5	50.5	61.5	29.5	83.5	29.5	70.5	78.5	30.5	27.5	32.5	41.5	29.5	23.5	84	31	37	25.5	83	35	30.5	48	48.5	64.5	41.5	52	0	27.5	38	40.5	76	26.5	35	81	25.5	67.5	16	58	48	43.5	37.5	26	51.5	22.5	48	
51	41	46	34.5	54	30	44	35	42	30	72	34	51	73	36	18	38	22	41	29	64.5	16.5	42.5	31	63.5	30.5	50	28.5	29	45	22	32.5	27.5	0	43.5	13	64.5	44	15.5	61.5	40	48	11.5	38.5	28.5	24	18	35.5	32	13	28.5	
15.5	68.5	63.5	70	20.5	39.5	79.5	54.5	77.5	39.5	87.5	33.5	86.5	82.5	33.5	43.5	31.5	57.5	28.5	19.5	90	47	1	21.5	91	39	19.5	56	64.5	80.5	57.5	68	38	43.5	0	48.5	80	25.5	51	97	29.5	83.5	32	74	64	55.5	53.5	30	67.5	38.5	64	
38	46	41	47.5	43	27	57	32	55	37	65	21	64	60	41	31	49	35	36	42	67.5	29.5	49.5	44	68.5	21.5	37	33.5	42	58	35	45.5	40.5	13	48.5	0	57.5	33	28.5	74.5	27	61	24.5	51.5	41.5	33	31	22.5	45	26	41.5	
69.5	37.5	32.5	44	74.5	58.5	30.5	43.5	28.5	68.5	21.5	52.5	32.5	16.5	72.5	70.5	80.5	56.5	67.5	85.5	24	67	81	87.5	25	53	68.5	50	35.5	31.5	56.5	34	76	64.5	80	57.5	0	64.5	57	37	58.5	29.5	68	40	40	54.5	60.5	54	38.5	69.5	40	
15	53	48	54.5	20	24	80	39	78	24	72	18	87	67	8	36	26	42	3	35	74.5	37.5	26.5	37	75.5	23.5	14	40.5	65	79	42	68.5	26.5	44	25.5	33	64.5	0	51.5	87.5	14	84	32.5	60.5	64.5	40	46	14.5	68	39	64.5	
58.5	33.5	38.5	27	61.5	37.5	36.5	27.5	34.5	37.5	64.5	41.5	43.5	65.5	43.5	25.5	45.5	19.5	48.5	36.5	57	24	50	38.5	56	38	57.5	13	21.5	37.5	19.5	25	35	15.5	51	28.5	57	51.5	0	54	47.5	40.5	19	31	21	21.5	15.5	43	24.5	20.5	21	
92.5	54.5	55.5	53	97.5	81.5	27.5	66.5	25.5	83.5	29.5	75.5	14.5	24.5	89.5	71.5	91.5	65.5	90.5	82.5	33	70	96	84.5	32	76	91.5	67	32.5	28.5	65.5	31	81	61.5	97	74.5	37	87.5	54	0	81.5	21.5	65	47	37	67.5	61.5	77	35.5	66.5	37	
19	47	42	48.5	24	18	74	33	74	10	66	12	83	61	22	30	30	36	17	41	68.5	31.5	30.5	43	69.5	17.5	18	34.5	61	73	36	64.5	25.5	40	29.5	27	58.5	14	47.5	81.5	0	80	28.5	54.5	60.5	34	40	8.5	64	35	60.5	
91	41	46	39.5	94	70	14	55	12	70	32	74	11	33	76	58	78	52	81	69	24.5	56.5	82.5	71	23.5	70.5	90	53.5	19	15	52	17.5	67.5	48	83.5	61	29.5	84	40.5	21.5	80	0	51.5	33.5	23.5	54	48	75.5	22	53	23.5	
47.5	44.5	49.5	38	42.5	23.5	47.5	38.5	45.5	18.5	75.5	29.5	54.5	80.5	24.5	11.5	26.5	25.5	29.5	17.5	68	15	31	19.5	67	29	38.5	32	32.5	48.5	25.5	36	16	11.5	32	24.5	68	32.5	19	65	28.5	51.5	0	42	32	27.5	21.5	28	35.5	6.5	32	
65.5	31.5	28.5	30	70.5	54.5	29.5	39.5	27.5	60.5	47.5	48.5	36.5	42.5	66.5	48.5	68.5	42.5	63.5	59.5	50	47	73	61.5	49	49	64.5	44	14.5	30.5	42.5	18	58	38.5	74	51.5	40	60.5	31	47	54.5	33.5	42	0	10	44.5	38.5	50	17.5	43.5	10	
75.5	21.5	26.5	20	74.5	50.5	19.5	35.5	17.5	50.5	47.5	56.5	26.5	52.5	56.5	38.5	58.5	32.5	61.5	49.5	40	37	63	51.5	39	51	70.5	34	4.5	20.5	32.5	8	48	28.5	64	41.5	40	64.5	21	37	60.5	23.5	32	10	0	34.5	28.5	60	7.5	33.5	0	
45	43	38	40.5	50	34	50	29	48	44	62	28	57	57	48	34	54	2	43	45	64.5	32.5	56.5	47	65.5	28.5	44	30.5	35	51	2	38.5	43.5	24	55.5	33	54.5	40	21.5	67.5	34	54	27.5	44.5	34.5	0	6	29.5	38	29	34.5	
51	41	44	34.5	56	40	44	35	42	40	68	34	51	63	46	28	48	4	49	39	64.5	26.5	52.5	41	63.5	34.5	50	28.5	29	45	4	32.5	37.5	18	53.5	31	60.5	46	15.5	61.5	40	48	21.5	38.5	28.5	6	0	35.5	32	23	28.5	
19.5	42.5	37.5	44	24.5	13.5	69.5	28.5	71.5	18.5	61.5	7.5	82.5	56.5	22.5	25.5	30.5	31.5	17.5	45.5	64	27	31	47.5	65	13	18.5	30	60.5	68.5	31.5	64	26	35.5	30	22.5	54	14.5	43	77	8.5	75.5	28	50	60	29.5	35.5	0	61.5	30.5	60	
77	25	30	23.5	78	54	18	39	16	54	46	60	25	49	60	42	62	36	65	53	38.5	40.5	66.5	55	37.5	54.5	74	37.5	3	19	36	6.5	51.5	32	67.5	45	38.5	68	24.5	35.5	64	22	35.5	17.5	7.5	38	32	61.5	0	37	7.5	
46	46	51	39.5	49	17	49	40	47	25	77	23	56	78	31	5	33	27	36	24	69.5	16.5	37.5	26	68.5	30.5	45	33.5	34	50	27	37.5	22.5	13	38.5	26	69.5	39	20.5	66.5	35	53	6.5	43.5	33.5	29	23	30.5	37	0	33.5	
75.5	21.5	26.5	20	74.5	50.5	19.5	35.5	17.5	50.5	47.5	56.5	26.5	52.5	56.5	38.5	58.5	32.5	61.5	49.5	40	37	63	51.5	39	51	70.5	34	4.5	20.5	32.5	8	48	28.5	64	41.5	40	64.5	21	37	60.5	23.5	32	10	0	34.5	28.5	60	7.5	33.5	0	
