Number of items: 50
Horizon: 3
Time limit: 500
Load limit: 3000
Initial item inventory level
126
64
196
89
21
98
110
146
75
57
142
80
76
62
46
110
44
36
26
44
48
80
93
83
70
56
70
30
184
104
98
154
59
72
75
176
27
33
77
158
128
65
58
34
110
56
150
16
18
164
Maximum inventory capacity per item
189
96
294
178
42
196
165
219
150
114
213
160
114
93
92
165
88
72
52
66
96
120
186
166
105
84
105
60
276
156
196
231
118
144
150
264
54
66
154
237
192
130
116
68
165
84
225
32
36
246
Reserve storage replenishment rate per item and per period
378	0	0	
192	0	0	
588	0	0	
534	0	0	
126	0	0	
588	0	0	
330	0	0	
438	0	0	
450	0	0	
342	0	0	
426	0	0	
480	0	0	
228	0	0	
186	0	0	
276	0	0	
330	0	0	
264	0	0	
216	0	0	
156	0	0	
132	0	0	
288	0	0	
240	0	0	
558	0	0	
498	0	0	
210	0	0	
168	0	0	
210	0	0	
180	0	0	
552	0	0	
312	0	0	
588	0	0	
462	0	0	
354	0	0	
432	0	0	
450	0	0	
528	0	0	
162	0	0	
198	0	0	
462	0	0	
474	0	0	
384	0	0	
390	0	0	
348	0	0	
204	0	0	
330	0	0	
168	0	0	
450	0	0	
96	0	0	
108	0	0	
492	0	0	
Forward storage demand rate per item and per period
63	85	56	
32	27	23	
98	158	74	
89	94	79	
21	26	7	
98	67	96	
55	53	41	
73	47	105	
75	81	58	
57	62	19	
71	100	123	
80	32	74	
38	46	24	
31	37	23	
46	73	68	
55	42	20	
44	43	40	
36	43	9	
26	18	41	
22	24	21	
48	69	37	
40	44	45	
93	99	135	
83	63	43	
35	42	58	
28	16	23	
35	17	51	
30	20	35	
92	109	114	
52	41	32	
98	148	17	
77	94	97	
59	72	62	
72	29	107	
75	48	123	
88	36	38	
27	3	28	
33	44	8	
77	55	77	
79	14	74	
64	102	86	
65	81	69	
58	26	57	
34	24	15	
55	58	9	
28	25	39	
75	78	65	
16	8	12	
18	4	28	
82	29	120	
Distance matrix
0	44	15	30	12	63	43.5	57.5	26.5	96.5	21	47.5	53.5	31.5	7.5	59.5	66.5	72	18.5	34	43	53.5	27.5	78	72	72	64	48.5	62.5	25	81.5	61	50	49.5	56	64.5	84.5	73.5	88.5	67	71.5	95.5	31.5	61	64	77	30.5	35	80.5	41	43	
44	0	31	36	34	33	57.5	13.5	24.5	64.5	35	3.5	67.5	14.5	38.5	21.5	74.5	84	27.5	12	43	17.5	23.5	38	84	74	32	12.5	48.5	21	59.5	65	26	61.5	50	66.5	66.5	67.5	62.5	49	39.5	65.5	39.5	45	62	39	40.5	11	50.5	45	1	
15	31	0	25	17	58	38.5	42.5	21.5	91.5	16	32.5	48.5	31.5	17.5	50.5	61.5	67	13.5	19	38	46.5	22.5	67	67	67	59	41.5	57.5	40	76.5	56	45	44.5	51	59.5	79.5	68.5	83.5	62	66.5	90.5	26.5	56	59	68	25.5	20	75.5	36	32	
30	36	25	0	32	43	23.5	27.5	21.5	76.5	11	32.5	33.5	46.5	32.5	35.5	46.5	52	23.5	44	23	31.5	22.5	52	52	52	44	31.5	42.5	55	61.5	41	30	29.5	36	44.5	64.5	53.5	68.5	47	51.5	75.5	11.5	41	44	53	10.5	45	60.5	21	37	
12	34	17	32	0	65	45.5	45.5	28.5	96.5	23	35.5	55.5	31.5	14.5	53.5	68.5	74	20.5	34	45	49.5	29.5	70	74	74	64	44.5	64.5	33	83.5	63	52	51.5	58	66.5	86.5	75.5	90.5	69	71.5	97.5	33.5	63	66	71	32.5	33	82.5	43	35	
63	33	58	43	65	0	26.5	19.5	50.5	45.5	44	29.5	36.5	45.5	65.5	17.5	49.5	55	56.5	43	34	23.5	49.5	19	55	55	1	28.5	29.5	52	40.5	44	27	32.5	31	47.5	47.5	48.5	43.5	30	20.5	46.5	39.5	26	43	20	38.5	42	31.5	34	34	
43.5	57.5	38.5	23.5	45.5	26.5	0	44	35	55	24.5	54	12	60	46	38	25	30.5	37	57.5	16.5	42	36	36.5	30.5	30.5	27.5	47	21	68.5	40	19.5	33.5	8	14.5	23	43	32	47	25.5	30	54	20	19.5	22.5	35.5	19	58.5	39	14.5	56.5	
57.5	13.5	42.5	27.5	45.5	19.5	44	0	31	51	36.5	10	54	26	50	8	61	70.5	39	23.5	29.5	4	30	24.5	70.5	60.5	18.5	9	35	32.5	46	51.5	12.5	48	36.5	53	53	54	49	35.5	26	52	26	31.5	48.5	25.5	27	22.5	37	31.5	14.5	
26.5	24.5	21.5	21.5	28.5	50.5	35	31	0	82	12.5	21	45	37	29	39	58	63.5	20	34.5	34.5	35	1	55.5	63.5	63.5	49.5	30	54	43.5	73	52.5	41.5	41	47.5	56	76	65	80	58.5	57	83	23	52.5	55.5	56.5	22	33.5	68	32.5	25.5	
96.5	64.5	91.5	76.5	96.5	45.5	55	51	82	0	77.5	61	45	77	99	49	38	28.5	90	74.5	65.5	55	81	30.5	28.5	36.5	44.5	60	46	83.5	27	47.5	58.5	51	52.5	44	24	35	20	41.5	37	1	73	47.5	44.5	31.5	72	73.5	28	67.5	65.5	
21	35	16	11	23	44	24.5	36.5	12.5	77.5	0	31.5	34.5	37.5	23.5	40.5	47.5	53	14.5	35	24	34.5	13.5	59	53	53	45	29.5	43.5	46	62.5	42	31	30.5	37	45.5	65.5	54.5	69.5	48	52.5	76.5	12.5	42	45	58	11.5	36	61.5	22	34	
47.5	3.5	32.5	32.5	35.5	29.5	54	10	21	61	31.5	0	64	16	40	18	71	80.5	29	13.5	39.5	14	20	34.5	80.5	70.5	28.5	9	45	22.5	56	61.5	22.5	58	46.5	63	63	64	59	45.5	36	62	36	41.5	58.5	35.5	37	12.5	47	41.5	4.5	
53.5	67.5	48.5	33.5	55.5	36.5	12	54	45	45	34.5	64	0	70	56	48	15	20.5	47	67.5	26.5	52	46	31.5	20.5	20.5	37.5	57	21	78.5	30	9.5	43.5	8	19.5	13	33	22	37	20.5	30	44	30	24.5	12.5	30.5	29	68.5	29	24.5	66.5	
31.5	14.5	31.5	46.5	31.5	45.5	60	26	37	77	37.5	16	70	0	34	34	83	88.5	35	14.5	55.5	30	36	50.5	88.5	86.5	44.5	25	61	18.5	72	77.5	38.5	66	62.5	79	79	80	75	61.5	52	78	48	57.5	74.5	51.5	47	13.5	63	57.5	15.5	
7.5	38.5	17.5	32.5	14.5	65.5	46	50	29	99	23.5	40	56	34	0	58	69	74.5	21	36.5	45.5	54	30	74.5	74.5	74.5	66.5	49	65	32.5	84	63.5	52.5	52	58.5	67	87	76	91	69.5	74	98	34	63.5	66.5	75.5	33	37.5	83	43.5	39.5	
59.5	21.5	50.5	35.5	53.5	17.5	38	8	39	49	40.5	18	48	34	58	0	59	66.5	47	31.5	27.5	12	38	22.5	66.5	58.5	16.5	17	33	40.5	44	49.5	15.5	44	34.5	51	51	52	47	33.5	24	50	34	29.5	46.5	23.5	35	30.5	35	29.5	22.5	
66.5	74.5	61.5	46.5	68.5	49.5	25	61	58	38	47.5	71	15	83	69	59	0	13.5	60	80.5	39.5	65	59	40.5	13.5	13.5	50.5	70	34	91.5	15	17.5	56.5	21	32.5	16	26	7	30	33.5	43	37	43	37.5	20.5	41.5	42	81.5	32	37.5	75.5	
72	84	67	52	74	55	30.5	70.5	63.5	28.5	53	80.5	20.5	88.5	74.5	66.5	13.5	0	65.5	86	45	70.5	64.5	50	0	14	56	75.5	39.5	97	28.5	23	62	26.5	38	21.5	21.5	20.5	25.5	39	48.5	27.5	48.5	43	26	49	47.5	87	37.5	43	85	
18.5	27.5	13.5	23.5	20.5	56.5	37	39	20	90	14.5	29	47	35	21	47	60	65.5	0	32.5	36.5	43	21	63.5	65.5	65.5	57.5	38	56	41.5	75	54.5	43.5	43	49.5	58	78	67	82	60.5	65	89	25	54.5	57.5	64.5	24	31.5	74	34.5	28.5	
34	12	19	44	34	43	57.5	23.5	34.5	74.5	35	13.5	67.5	14.5	36.5	31.5	80.5	86	32.5	0	53	27.5	33.5	48	86	84	42	22.5	58.5	21	69.5	75	36	63.5	60	76.5	76.5	77.5	72.5	59	49.5	75.5	45.5	55	72	49	44.5	1	60.5	55	13	
43	43	38	23	45	34	16.5	29.5	34.5	65.5	24	39.5	26.5	55.5	45.5	27.5	39.5	45	36.5	53	0	33.5	35.5	39	45	45	33	38.5	35.5	62	54.5	34	33	22.5	29	37.5	57.5	46.5	61.5	40	40.5	66.5	19.5	34	37	40	18.5	52	51.5	2	44	
53.5	17.5	46.5	31.5	49.5	23.5	42	4	35	55	34.5	14	52	30	54	12	65	70.5	43	27.5	33.5	0	34	28.5	70.5	64.5	22.5	13	39	36.5	50	55.5	16.5	48	40.5	57	57	58	53	39.5	30	56	22	35.5	52.5	29.5	23	26.5	41	35.5	18.5	
27.5	23.5	22.5	22.5	29.5	49.5	36	30	1	81	13.5	20	46	36	30	38	59	64.5	21	33.5	35.5	34	0	54.5	64.5	64.5	48.5	29	55	42.5	74	53.5	42.5	42	48.5	57	77	66	79	59.5	56	82	24	53.5	56.5	55.5	23	32.5	67	33.5	24.5	
78	38	67	52	70	19	36.5	24.5	55.5	30.5	59	34.5	31.5	50.5	74.5	22.5	40.5	50	63.5	48	39	28.5	54.5	0	50	40	18	33.5	19.5	57	25.5	31	32	32.5	26	32.5	32.5	33.5	28.5	11	10.5	31.5	50.5	21	28	1	51.5	47	16.5	41	39	
72	84	67	52	74	55	30.5	70.5	63.5	28.5	53	80.5	20.5	88.5	74.5	66.5	13.5	0	65.5	86	45	70.5	64.5	50	0	14	56	75.5	39.5	97	28.5	23	62	26.5	38	21.5	21.5	20.5	25.5	39	48.5	27.5	48.5	43	26	49	47.5	87	37.5	43	85	
72	74	67	52	74	55	30.5	60.5	63.5	36.5	53	70.5	20.5	86.5	74.5	58.5	13.5	14	65.5	84	45	64.5	64.5	40	14	0	54	69.5	39.5	93	28.5	23	62	26.5	38	21.5	26.5	20.5	30.5	39	46.5	37.5	48.5	43	26	41	47.5	83	37.5	43	75	
64	32	59	44	64	1	27.5	18.5	49.5	44.5	45	28.5	37.5	44.5	66.5	16.5	50.5	56	57.5	42	33	22.5	48.5	18	56	54	0	27.5	28.5	51	39.5	45	26	33.5	30	46.5	46.5	47.5	42.5	29	19.5	45.5	40.5	25	42	19	39.5	41	30.5	35	33	
48.5	12.5	41.5	31.5	44.5	28.5	47	9	30	60	29.5	9	57	25	49	17	70	75.5	38	22.5	38.5	13	29	33.5	75.5	69.5	27.5	0	44	31.5	55	60.5	21.5	53	45.5	62	62	63	58	44.5	35	61	35	40.5	57.5	34.5	34	21.5	46	40.5	13.5	
62.5	48.5	57.5	42.5	64.5	29.5	21	35	54	46	43.5	45	21	61	65	33	34	39.5	56	58.5	35.5	39	55	19.5	39.5	39.5	28.5	44	0	67.5	41	28.5	42.5	13	28.5	32	48	41	44	30.5	9	47	39	31.5	31.5	20.5	38	57.5	32	33.5	49.5	
25	21	40	55	33	52	68.5	32.5	43.5	83.5	46	22.5	78.5	18.5	32.5	40.5	91.5	97	41.5	21	62	36.5	42.5	57	97	93	51	31.5	67.5	0	78.5	84	45	74.5	69	85.5	85.5	86.5	81.5	68	58.5	84.5	56.5	64	81	58	55.5	20	69.5	64	22	
81.5	59.5	76.5	61.5	83.5	40.5	40	46	73	27	62.5	56	30	72	84	44	15	28.5	75	69.5	54.5	50	74	25.5	28.5	28.5	39.5	55	41	78.5	0	32.5	53.5	36	47.5	31	29	8	25	36.5	32	28	58	42.5	35.5	26.5	57	68.5	23	52.5	60.5	
61	65	56	41	63	44	19.5	51.5	52.5	47.5	42	61.5	9.5	77.5	63.5	49.5	17.5	23	54.5	75	34	55.5	53.5	31	23	23	45	60.5	28.5	84	32.5	0	51	15.5	27	15.5	35.5	24.5	39.5	28	37.5	46.5	37.5	32	3	32	36.5	74	31.5	32	66	
50	26	45	30	52	27	33.5	12.5	41.5	58.5	31	22.5	43.5	38.5	52.5	15.5	56.5	62	43.5	36	33	16.5	42.5	32	62	62	26	21.5	42.5	45	53.5	51	0	39.5	44	54.5	60.5	61.5	56.5	43	33.5	59.5	26.5	39	54	33	25.5	35	44.5	31	27	
49.5	61.5	44.5	29.5	51.5	32.5	8	48	41	51	30.5	58	8	66	52	44	21	26.5	43	63.5	22.5	48	42	32.5	26.5	26.5	33.5	53	13	74.5	36	15.5	39.5	0	15.5	19	39	28	43	21.5	22	50	26	20.5	18.5	31.5	25	64.5	35	20.5	62.5	
56	50	51	36	58	31	14.5	36.5	47.5	52.5	37	46.5	19.5	62.5	58.5	34.5	32.5	38	49.5	60	29	40.5	48.5	26	38	38	30	45.5	28.5	69	47.5	27	44	15.5	0	30.5	50.5	39.5	50.5	33	27.5	53.5	32.5	5	30	27	31.5	59	38.5	27	51	
64.5	66.5	59.5	44.5	66.5	47.5	23	53	56	44	45.5	63	13	79	67	51	16	21.5	58	76.5	37.5	57	57	32.5	21.5	21.5	46.5	62	32	85.5	31	15.5	54.5	19	30.5	0	34	23	38	31.5	39	45	41	35.5	18.5	33.5	40	75.5	16	35.5	67.5	
84.5	66.5	79.5	64.5	86.5	47.5	43	53	76	24	65.5	63	33	79	87	51	26	21.5	78	76.5	57.5	57	77	32.5	21.5	26.5	46.5	62	48	85.5	29	35.5	60.5	39	50.5	34	0	33	4	43.5	39	25	61	49.5	38.5	33.5	60	75.5	30	55.5	67.5	
73.5	67.5	68.5	53.5	75.5	48.5	32	54	65	35	54.5	64	22	80	76	52	7	20.5	67	77.5	46.5	58	66	33.5	20.5	20.5	47.5	63	41	86.5	8	24.5	61.5	28	39.5	23	33	0	33	40.5	40	36	50	44.5	27.5	34.5	49	76.5	31	44.5	68.5	
88.5	62.5	83.5	68.5	90.5	43.5	47	49	80	20	69.5	59	37	75	91	47	30	25.5	82	72.5	61.5	53	79	28.5	25.5	30.5	42.5	58	44	81.5	25	39.5	56.5	43	50.5	38	4	33	0	39.5	35	21	65	45.5	42.5	29.5	64	71.5	26	59.5	63.5	
67	49	62	47	69	30	25.5	35.5	58.5	41.5	48	45.5	20.5	61.5	69.5	33.5	33.5	39	60.5	59	40	39.5	59.5	11	39	39	29	44.5	30.5	68	36.5	28	43	21.5	33	31.5	43.5	40.5	39.5	0	21.5	42.5	43.5	32	31	10	42.5	58	27.5	38	50	
71.5	39.5	66.5	51.5	71.5	20.5	30	26	57	37	52.5	36	30	52	74	24	43	48.5	65	49.5	40.5	30	56	10.5	48.5	46.5	19.5	35	9	58.5	32	37.5	33.5	22	27.5	39	39	40	35	21.5	0	38	48	22.5	34.5	11.5	47	48.5	23	42.5	40.5	
95.5	65.5	90.5	75.5	97.5	46.5	54	52	83	1	76.5	62	44	78	98	50	37	27.5	89	75.5	66.5	56	82	31.5	27.5	37.5	45.5	61	47	84.5	28	46.5	59.5	50	53.5	45	25	36	21	42.5	38	0	72	48.5	45.5	32.5	71	74.5	29	66.5	66.5	
31.5	39.5	26.5	11.5	33.5	39.5	20	26	23	73	12.5	36	30	48	34	34	43	48.5	25	45.5	19.5	22	24	50.5	48.5	48.5	40.5	35	39	56.5	58	37.5	26.5	26	32.5	41	61	50	65	43.5	48	72	0	37.5	40.5	51.5	1	46.5	57	17.5	40.5	
61	45	56	41	63	26	19.5	31.5	52.5	47.5	42	41.5	24.5	57.5	63.5	29.5	37.5	43	54.5	55	34	35.5	53.5	21	43	43	25	40.5	31.5	64	42.5	32	39	20.5	5	35.5	49.5	44.5	45.5	32	22.5	48.5	37.5	0	35	22	36.5	54	33.5	32	46	
64	62	59	44	66	43	22.5	48.5	55.5	44.5	45	58.5	12.5	74.5	66.5	46.5	20.5	26	57.5	72	37	52.5	56.5	28	26	26	42	57.5	31.5	81	35.5	3	54	18.5	30	18.5	38.5	27.5	42.5	31	34.5	45.5	40.5	35	0	29	39.5	71	30.5	35	63	
77	39	68	53	71	20	35.5	25.5	56.5	31.5	58	35.5	30.5	51.5	75.5	23.5	41.5	49	64.5	49	40	29.5	55.5	1	49	41	19	34.5	20.5	58	26.5	32	33	31.5	27	33.5	33.5	34.5	29.5	10	11.5	32.5	51.5	22	29	0	52.5	48	17.5	42	40	
30.5	40.5	25.5	10.5	32.5	38.5	19	27	22	72	11.5	37	29	47	33	35	42	47.5	24	44.5	18.5	23	23	51.5	47.5	47.5	39.5	34	38	55.5	57	36.5	25.5	25	31.5	40	60	49	64	42.5	47	71	1	36.5	39.5	52.5	0	45.5	56	16.5	41.5	
35	11	20	45	33	42	58.5	22.5	33.5	73.5	36	12.5	68.5	13.5	37.5	30.5	81.5	87	31.5	1	52	26.5	32.5	47	87	83	41	21.5	57.5	20	68.5	74	35	64.5	59	75.5	75.5	76.5	71.5	58	48.5	74.5	46.5	54	71	48	45.5	0	59.5	54	12	
80.5	50.5	75.5	60.5	82.5	31.5	39	37	68	28	61.5	47	29	63	83	35	32	37.5	74	60.5	51.5	41	67	16.5	37.5	37.5	30.5	46	32	69.5	23	31.5	44.5	35	38.5	16	30	31	26	27.5	23	29	57	33.5	30.5	17.5	56	59.5	0	51.5	51.5	
41	45	36	21	43	34	14.5	31.5	32.5	67.5	22	41.5	24.5	57.5	43.5	29.5	37.5	43	34.5	55	2	35.5	33.5	41	43	43	35	40.5	33.5	64	52.5	32	31	20.5	27	35.5	55.5	44.5	59.5	38	42.5	66.5	17.5	32	35	42	16.5	54	51.5	0	46	
43	1	32	37	35	34	56.5	14.5	25.5	65.5	34	4.5	66.5	15.5	39.5	22.5	75.5	85	28.5	13	44	18.5	24.5	39	85	75	33	13.5	49.5	22	60.5	66	27	62.5	51	67.5	67.5	68.5	63.5	50	40.5	66.5	40.5	46	63	40	41.5	12	51.5	46	0	
