Number of items: 50
Horizon: 6
Time limit: 500
Load limit: 3000
Initial item inventory level
26
20
14
19
74
68
26
44
98
56
38
34
116
164
148
15
64
57
30
40
92
140
132
38
146
198
17
50
180
60
130
86
87
28
178
40
12
166
69
138
39
37
13
10
114
196
110
75
92
47
Maximum inventory capacity per item
39
30
28
38
111
102
52
88
196
112
76
51
174
246
222
30
96
114
60
80
184
210
198
57
219
297
34
100
270
90
195
172
174
42
267
60
24
249
138
207
78
74
26
20
171
294
165
150
184
94
Reserve storage replenishment rate per item and per period
78	0	0	78	0	0	
60	0	0	60	0	0	
84	0	0	84	0	0	
114	0	0	114	0	0	
222	0	0	222	0	0	
204	0	0	204	0	0	
156	0	0	156	0	0	
264	0	0	264	0	0	
588	0	0	588	0	0	
336	0	0	336	0	0	
228	0	0	228	0	0	
102	0	0	102	0	0	
348	0	0	348	0	0	
492	0	0	492	0	0	
444	0	0	444	0	0	
90	0	0	90	0	0	
192	0	0	192	0	0	
342	0	0	342	0	0	
180	0	0	180	0	0	
240	0	0	240	0	0	
552	0	0	552	0	0	
420	0	0	420	0	0	
396	0	0	396	0	0	
114	0	0	114	0	0	
438	0	0	438	0	0	
594	0	0	594	0	0	
102	0	0	102	0	0	
300	0	0	300	0	0	
540	0	0	540	0	0	
180	0	0	180	0	0	
390	0	0	390	0	0	
516	0	0	516	0	0	
522	0	0	522	0	0	
84	0	0	84	0	0	
534	0	0	534	0	0	
120	0	0	120	0	0	
72	0	0	72	0	0	
498	0	0	498	0	0	
414	0	0	414	0	0	
414	0	0	414	0	0	
234	0	0	234	0	0	
222	0	0	222	0	0	
78	0	0	78	0	0	
60	0	0	60	0	0	
342	0	0	342	0	0	
588	0	0	588	0	0	
330	0	0	330	0	0	
450	0	0	450	0	0	
552	0	0	552	0	0	
282	0	0	282	0	0	
Forward storage demand rate per item and per period
13	11	15	20	4	7	
10	4	14	6	14	9	
14	19	6	7	2	14	
19	20	11	17	18	20	
37	10	30	56	36	33	
34	31	32	18	34	6	
26	5	20	18	21	40	
44	44	43	65	31	72	
98	106	91	66	161	173	
56	75	39	95	36	59	
38	5	37	48	41	43	
17	23	14	19	9	21	
58	76	94	74	31	63	
82	146	68	67	99	89	
74	75	57	50	24	38	
15	15	13	15	14	9	
32	34	33	15	48	48	
57	32	27	69	49	66	
30	16	36	38	40	47	
40	53	41	41	53	19	
92	128	81	103	123	110	
70	74	9	64	30	83	
66	18	18	84	12	34	
19	28	16	16	28	19	
73	64	64	46	26	48	
99	107	82	31	122	11	
17	17	3	9	17	14	
50	60	43	73	49	57	
90	148	128	39	51	114	
30	34	51	27	9	33	
65	11	88	96	23	85	
86	96	39	111	100	91	
87	140	75	138	62	89	
14	24	10	20	9	11	
89	107	135	92	68	79	
20	19	18	20	34	10	
12	19	11	9	15	15	
83	113	38	34	39	115	
69	52	58	98	63	28	
69	85	51	54	70	91	
39	45	54	34	19	27	
37	27	52	30	2	42	
13	10	10	18	8	7	
10	13	8	10	11	5	
57	73	59	27	55	94	
98	151	73	138	74	105	
55	69	13	78	75	40	
75	11	108	29	91	13	
92	71	137	130	99	114	
47	65	64	13	61	66	
Distance matrix
0	74	65	87	11	62.5	18.5	38	44	55.5	46	75	90	17	7	59	45	30	49.5	8.5	29.5	68.5	82.5	60	38	45	69.5	72	19.5	55.5	68.5	10	26	46	69	54.5	45.5	74	33	35	61	71	67	31	59.5	63	83	89	87.5	73.5	25	
74	0	39	29	75	41.5	67.5	78	48	54.5	30	41	26	71	71	57	49	54	58.5	77.5	68.5	47.5	33.5	56	72	69	46.5	36	58.5	60.5	37.5	74	70	50	43	33.5	44.5	0	77	69	55	25	31	65	28.5	37	33	15	28.5	42.5	69	
65	39	0	28	66	32.5	58.5	57	39	39.5	21	20	25	62	62	36	40	45	45.5	68.5	59.5	26.5	17.5	35	57	50	25.5	33	49.5	39.5	31.5	65	61	41	4	24.5	35.5	39	62	60	34	36	32	56	24.5	2	22	36	32.5	21.5	60	
87	29	28	0	82	30.5	74.5	55	49	37.5	43	18	3	76	84	34	48	63	43.5	84.5	63.5	24.5	10.5	33	55	48	23.5	21	71.5	37.5	24.5	83	67	47	24	38.5	47.5	29	60	58	32	16	26	62	33.5	30	10	14	10.5	19.5	68	
11	75	66	82	0	63.5	19.5	31	45	56.5	47	64	79	18	4	50	46	31	50.5	14.5	30.5	69.5	71.5	59	39	46	70.5	73	20.5	48.5	69.5	1	27	47	70	55.5	46.5	75	34	36	58	72	68	32	60.5	64	76	90	86.5	70.5	26	
62.5	41.5	32.5	30.5	63.5	0	56	54.5	36.5	37	18.5	17.5	27.5	59.5	59.5	33.5	37.5	42.5	43	66	57	6	20	32.5	54.5	47.5	7	35.5	47	37	34	62.5	58.5	38.5	28.5	8	33	41.5	59.5	57.5	31.5	38.5	34.5	53.5	27	30.5	24.5	38.5	35	11	57.5	
18.5	67.5	58.5	74.5	19.5	56	0	28.5	37.5	49	39.5	56.5	71.5	15.5	15.5	42.5	38.5	23.5	43	22	23	62	64	51.5	31.5	38.5	63	65.5	13	41	62	18.5	19.5	39.5	62.5	48	39	67.5	26.5	28.5	50.5	64.5	60.5	24.5	53	56.5	68.5	82.5	79	63	18.5	
38	78	57	55	31	54.5	28.5	0	48	41.5	64	37	52	21	35	23	47	42	37.5	33.5	27.5	48.5	44.5	32	24	27	47.5	60	37.5	21.5	58.5	32	26	46	53	62.5	51.5	78	19	27	31	71	65	31	67.5	59	49	63	59.5	43.5	27	
44	48	39	49	45	36.5	37.5	48	0	29.5	20	31	46	41	41	27	1	24	28.5	47.5	38.5	42.5	38.5	16	42	39	41.5	46	28.5	30.5	42.5	44	40	2	43	28.5	19.5	48	47	39	17	45	41	35	33.5	37	43	57	53.5	37.5	39	
55.5	54.5	39.5	37.5	56.5	37	49	41.5	29.5	0	26.5	19.5	34.5	52.5	52.5	20.5	30.5	35.5	30	59	50	31	27	19.5	41.5	34.5	30	42.5	40	24	41	55.5	51.5	31.5	35.5	35	10	54.5	46.5	44.5	18.5	51.5	47.5	46.5	40	41.5	31.5	45.5	42	26	50.5	
46	30	21	43	47	18.5	39.5	64	20	26.5	0	29	44	43	43	45	21	26	30.5	49.5	40.5	24.5	36.5	36	44	41	25.5	28	30.5	46.5	24.5	46	42	22	25	10.5	16.5	30	49	41	37	27	23	37	15.5	19	39	45	43.5	29.5	41	
75	41	20	18	64	17.5	56.5	37	31	19.5	29	0	15	58	68	16	30	45	25.5	66.5	45.5	11.5	7.5	15	37	30	10.5	23	55.5	19.5	21.5	65	49	29	16	25.5	29.5	41	42	40	14	34	28	44	30.5	22	12	26	22.5	6.5	50	
90	26	25	3	79	27.5	71.5	52	46	34.5	44	15	0	73	83	31	45	60	40.5	81.5	60.5	21.5	7.5	30	52	45	20.5	18	70.5	34.5	21.5	80	64	44	21	35.5	44.5	26	57	55	29	19	23	59	30.5	27	7	11	7.5	16.5	65	
17	71	62	76	18	59.5	15.5	21	41	52.5	43	58	73	0	14	44	42	27	46.5	20.5	26.5	65.5	65.5	53	35	42	66.5	69	16.5	42.5	65.5	17	23	43	66	51.5	42.5	71	30	32	52	68	64	28	56.5	60	70	84	80.5	64.5	22	
7	71	62	84	4	59.5	15.5	35	41	52.5	43	68	83	14	0	54	42	27	46.5	10.5	26.5	65.5	75.5	57	35	42	66.5	69	16.5	52.5	65.5	3	23	43	66	51.5	42.5	71	30	32	58	68	64	28	56.5	60	80	86	84.5	70.5	22	
59	57	36	34	50	33.5	42.5	23	27	20.5	45	16	31	44	54	0	26	31	16.5	52.5	31.5	27.5	23.5	11	23	16	26.5	39	41.5	5.5	37.5	51	35	25	32	41.5	30.5	57	28	26	10	50	44	30	46.5	38	28	42	38.5	22.5	36	
45	49	40	48	46	37.5	38.5	47	1	30.5	21	30	45	42	42	26	0	25	29.5	48.5	39.5	41.5	37.5	15	43	40	40.5	47	29.5	29.5	43.5	45	41	1	44	29.5	20.5	49	48	40	16	46	42	36	34.5	38	42	56	52.5	36.5	40	
30	54	45	63	31	42.5	23.5	42	24	35.5	26	45	60	27	27	31	25	0	29.5	33.5	24.5	48.5	52.5	40	28	15	49.5	52	14.5	29.5	48.5	30	26	26	49	34.5	25.5	54	33	25	39	51	47	21	39.5	43	57	69	67.5	51.5	25	
49.5	58.5	45.5	43.5	50.5	43	43	37.5	28.5	30	30.5	25.5	40.5	46.5	46.5	16.5	29.5	29.5	0	53	44	37	33	20.5	37.5	30.5	36	48.5	34	20	47	49.5	45.5	30.5	41.5	39	30	58.5	42.5	40.5	19.5	55.5	51.5	40.5	44	47.5	37.5	51.5	48	32	44.5	
8.5	77.5	68.5	84.5	14.5	66	22	33.5	47.5	59	49.5	66.5	81.5	20.5	10.5	52.5	48.5	33.5	53	0	33	72	74	61.5	41.5	48.5	73	75.5	23	51	72	13.5	29.5	49.5	72.5	58	49	77.5	36.5	38.5	60.5	74.5	70.5	34.5	63	66.5	78.5	92.5	89	73	28.5	
29.5	68.5	59.5	63.5	30.5	57	23	27.5	38.5	50	40.5	45.5	60.5	26.5	26.5	31.5	39.5	24.5	44	33	0	57	53	40.5	32.5	35.5	56	66.5	10	30	63	29.5	25.5	40.5	61.5	49	40	68.5	32.5	29.5	39.5	65.5	61.5	25.5	54	57.5	57.5	71.5	68	52	24.5	
68.5	47.5	26.5	24.5	69.5	6	62	48.5	42.5	31	24.5	11.5	21.5	65.5	65.5	27.5	41.5	48.5	37	72	57	0	14	26.5	48.5	41.5	1	29.5	53	31	28	68.5	60.5	40.5	22.5	14	39	47.5	53.5	51.5	25.5	40.5	34.5	55.5	33	28.5	18.5	32.5	29	5	61.5	
82.5	33.5	17.5	10.5	71.5	20	64	44.5	38.5	27	36.5	7.5	7.5	65.5	75.5	23.5	37.5	52.5	33	74	53	14	0	22.5	44.5	37.5	13	15.5	63	27	14	72.5	56.5	36.5	13.5	28	37	33.5	49.5	47.5	21.5	26.5	20.5	51.5	23	19.5	4.5	18.5	15	9	57.5	
60	56	35	33	59	32.5	51.5	32	16	19.5	36	15	30	53	57	11	15	40	20.5	61.5	40.5	26.5	22.5	0	32	25	25.5	38	44.5	14.5	36.5	60	44	14	31	40.5	29.5	56	37	35	1	49	43	39	45.5	37	27	41	37.5	21.5	45	
38	72	57	55	39	54.5	31.5	24	42	41.5	44	37	52	35	35	23	43	28	37.5	41.5	32.5	48.5	44.5	32	0	27	47.5	60	22.5	21.5	58.5	38	34	44	53	52.5	43.5	72	29	3	31	69	65	7	57.5	59	49	63	59.5	43.5	33	
45	69	50	48	46	47.5	38.5	27	39	34.5	41	30	45	42	42	16	40	15	30.5	48.5	35.5	41.5	37.5	25	27	0	40.5	53	29.5	14.5	51.5	45	39	39	46	49.5	40.5	69	32	30	24	64	58	34	54.5	52	42	56	52.5	36.5	40	
69.5	46.5	25.5	23.5	70.5	7	63	47.5	41.5	30	25.5	10.5	20.5	66.5	66.5	26.5	40.5	49.5	36	73	56	1	13	25.5	47.5	40.5	0	28.5	54	30	27	69.5	59.5	39.5	21.5	15	40	46.5	52.5	50.5	24.5	39.5	33.5	54.5	34	27.5	17.5	31.5	28	4	60.5	
72	36	33	21	73	35.5	65.5	60	46	42.5	28	23	18	69	69	39	47	52	48.5	75.5	66.5	29.5	15.5	38	60	53	28.5	0	56.5	42.5	29.5	72	68	48	29	31.5	42.5	36	65	63	37	33	5	63	26.5	35	11	29	25.5	24.5	67	
19.5	58.5	49.5	71.5	20.5	47	13	37.5	28.5	40	30.5	55.5	70.5	16.5	16.5	41.5	29.5	14.5	34	23	10	53	63	44.5	22.5	29.5	54	56.5	0	40	53	19.5	15.5	30.5	53.5	39	30	58.5	22.5	19.5	45.5	55.5	51.5	15.5	44	47.5	67.5	73.5	72	58	14.5	
55.5	60.5	39.5	37.5	48.5	37	41	21.5	30.5	24	46.5	19.5	34.5	42.5	52.5	5.5	29.5	29.5	20	51	30	31	27	14.5	21.5	14.5	30	42.5	40	0	41	49.5	33.5	28.5	35.5	45	34	60.5	26.5	24.5	13.5	53.5	47.5	28.5	50	41.5	31.5	45.5	42	26	34.5	
68.5	37.5	31.5	24.5	69.5	34	62	58.5	42.5	41	24.5	21.5	21.5	65.5	65.5	37.5	43.5	48.5	47	72	63	28	14	36.5	58.5	51.5	27	29.5	53	41	0	68.5	64.5	44.5	27.5	28	39	37.5	63.5	61.5	35.5	34.5	30.5	59.5	9	31.5	18.5	32.5	29	23	63.5	
10	74	65	83	1	62.5	18.5	32	44	55.5	46	65	80	17	3	51	45	30	49.5	13.5	29.5	68.5	72.5	60	38	45	69.5	72	19.5	49.5	68.5	0	26	46	69	54.5	45.5	74	33	35	59	71	67	31	59.5	63	77	89	87.5	71.5	25	
26	70	61	67	27	58.5	19.5	26	40	51.5	42	49	64	23	23	35	41	26	45.5	29.5	25.5	60.5	56.5	44	34	39	59.5	68	15.5	33.5	64.5	26	0	42	65	50.5	41.5	70	7	31	43	67	63	27	55.5	59	61	75	71.5	55.5	1	
46	50	41	47	47	38.5	39.5	46	2	31.5	22	29	44	43	43	25	1	26	30.5	49.5	40.5	40.5	36.5	14	44	39	39.5	48	30.5	28.5	44.5	46	42	0	45	30.5	21.5	50	49	41	15	47	43	37	35.5	39	41	55	51.5	35.5	41	
69	43	4	24	70	28.5	62.5	53	43	35.5	25	16	21	66	66	32	44	49	41.5	72.5	61.5	22.5	13.5	31	53	46	21.5	29	53.5	35.5	27.5	69	65	45	0	28.5	39.5	43	58	56	30	40	34	60	28.5	6	18	32	28.5	17.5	64	
54.5	33.5	24.5	38.5	55.5	8	48	62.5	28.5	35	10.5	25.5	35.5	51.5	51.5	41.5	29.5	34.5	39	58	49	14	28	40.5	52.5	49.5	15	31.5	39	45	28	54.5	50.5	30.5	28.5	0	25	33.5	57.5	49.5	39.5	30.5	26.5	45.5	19	22.5	32.5	46.5	43	19	49.5	
45.5	44.5	35.5	47.5	46.5	33	39	51.5	19.5	10	16.5	29.5	44.5	42.5	42.5	30.5	20.5	25.5	30	49	40	39	37	29.5	43.5	40.5	40	42.5	30	34	39	45.5	41.5	21.5	39.5	25	0	44.5	48.5	40.5	28.5	41.5	37.5	36.5	30	33.5	41.5	55.5	52	36	40.5	
74	0	39	29	75	41.5	67.5	78	48	54.5	30	41	26	71	71	57	49	54	58.5	77.5	68.5	47.5	33.5	56	72	69	46.5	36	58.5	60.5	37.5	74	70	50	43	33.5	44.5	0	77	69	55	25	31	65	28.5	37	33	15	28.5	42.5	69	
33	77	62	60	34	59.5	26.5	19	47	46.5	49	42	57	30	30	28	48	33	42.5	36.5	32.5	53.5	49.5	37	29	32	52.5	65	22.5	26.5	63.5	33	7	49	58	57.5	48.5	77	0	32	36	74	70	34	62.5	64	54	68	64.5	48.5	8	
35	69	60	58	36	57.5	28.5	27	39	44.5	41	40	55	32	32	26	40	25	40.5	38.5	29.5	51.5	47.5	35	3	30	50.5	63	19.5	24.5	61.5	35	31	41	56	49.5	40.5	69	32	0	34	66	62	4	54.5	58	52	66	62.5	46.5	30	
61	55	34	32	58	31.5	50.5	31	17	18.5	37	14	29	52	58	10	16	39	19.5	60.5	39.5	25.5	21.5	1	31	24	24.5	37	45.5	13.5	35.5	59	43	15	30	39.5	28.5	55	36	34	0	48	42	38	44.5	36	26	40	36.5	20.5	44	
71	25	36	16	72	38.5	64.5	71	45	51.5	27	34	19	68	68	50	46	51	55.5	74.5	65.5	40.5	26.5	49	69	64	39.5	33	55.5	53.5	34.5	71	67	47	40	30.5	41.5	25	74	66	48	0	28	62	25.5	34	26	30	26.5	35.5	66	
67	31	32	26	68	34.5	60.5	65	41	47.5	23	28	23	64	64	44	42	47	51.5	70.5	61.5	34.5	20.5	43	65	58	33.5	5	51.5	47.5	30.5	67	63	43	34	26.5	37.5	31	70	62	42	28	0	58	21.5	30	16	34	30.5	29.5	62	
31	65	56	62	32	53.5	24.5	31	35	46.5	37	44	59	28	28	30	36	21	40.5	34.5	25.5	55.5	51.5	39	7	34	54.5	63	15.5	28.5	59.5	31	27	37	60	45.5	36.5	65	34	4	38	62	58	0	50.5	54	56	70	66.5	50.5	26	
59.5	28.5	24.5	33.5	60.5	27	53	67.5	33.5	40	15.5	30.5	30.5	56.5	56.5	46.5	34.5	39.5	44	63	54	33	23	45.5	57.5	54.5	34	26.5	44	50	9	59.5	55.5	35.5	28.5	19	30	28.5	62.5	54.5	44.5	25.5	21.5	50.5	0	22.5	27.5	41.5	38	32	54.5	
63	37	2	30	64	30.5	56.5	59	37	41.5	19	22	27	60	60	38	38	43	47.5	66.5	57.5	28.5	19.5	37	59	52	27.5	35	47.5	41.5	31.5	63	59	39	6	22.5	33.5	37	64	58	36	34	30	54	22.5	0	24	38	34.5	23.5	58	
83	33	22	10	76	24.5	68.5	49	43	31.5	39	12	7	70	80	28	42	57	37.5	78.5	57.5	18.5	4.5	27	49	42	17.5	11	67.5	31.5	18.5	77	61	41	18	32.5	41.5	33	54	52	26	26	16	56	27.5	24	0	18	14.5	13.5	62	
89	15	36	14	90	38.5	82.5	63	57	45.5	45	26	11	84	86	42	56	69	51.5	92.5	71.5	32.5	18.5	41	63	56	31.5	29	73.5	45.5	32.5	89	75	55	32	46.5	55.5	15	68	66	40	30	34	70	41.5	38	18	0	13.5	27.5	76	
87.5	28.5	32.5	10.5	86.5	35	79	59.5	53.5	42	43.5	22.5	7.5	80.5	84.5	38.5	52.5	67.5	48	89	68	29	15	37.5	59.5	52.5	28	25.5	72	42	29	87.5	71.5	51.5	28.5	43	52	28.5	64.5	62.5	36.5	26.5	30.5	66.5	38	34.5	14.5	13.5	0	24	72.5	
73.5	42.5	21.5	19.5	70.5	11	63	43.5	37.5	26	29.5	6.5	16.5	64.5	70.5	22.5	36.5	51.5	32	73	52	5	9	21.5	43.5	36.5	4	24.5	58	26	23	71.5	55.5	35.5	17.5	19	36	42.5	48.5	46.5	20.5	35.5	29.5	50.5	32	23.5	13.5	27.5	24	0	56.5	
25	69	60	68	26	57.5	18.5	27	39	50.5	41	50	65	22	22	36	40	25	44.5	28.5	24.5	61.5	57.5	45	33	40	60.5	67	14.5	34.5	63.5	25	1	41	64	49.5	40.5	69	8	30	44	66	62	26	54.5	58	62	76	72.5	56.5	0	
