Number of items: 50
Horizon: 15
Time limit: 500
Load limit: 3000
Initial item inventory level
288
22
171
71
166
225
117
126
58
165
96
147
87
146
25
186
84
42
91
60
39
48
92
122
130
152
166
33
60
81
98
26
91
142
70
225
124
188
20
28
86
45
93
75
52
270
88
150
73
16
Maximum inventory capacity per item
384
44
228
142
249
300
156
168
116
220
192
196
116
219
50
279
168
56
182
80
78
64
138
183
195
228
249
44
90
108
147
52
182
213
140
300
186
282
30
56
172
60
124
150
78
360
132
225
146
32
Reserve storage replenishment rate per item and per period
576	0	0	576	0	0	576	0	0	576	0	0	576	0	0	
132	0	0	132	0	0	132	0	0	132	0	0	132	0	0	
342	0	0	342	0	0	342	0	0	342	0	0	342	0	0	
426	0	0	426	0	0	426	0	0	426	0	0	426	0	0	
498	0	0	498	0	0	498	0	0	498	0	0	498	0	0	
450	0	0	450	0	0	450	0	0	450	0	0	450	0	0	
234	0	0	234	0	0	234	0	0	234	0	0	234	0	0	
252	0	0	252	0	0	252	0	0	252	0	0	252	0	0	
348	0	0	348	0	0	348	0	0	348	0	0	348	0	0	
330	0	0	330	0	0	330	0	0	330	0	0	330	0	0	
576	0	0	576	0	0	576	0	0	576	0	0	576	0	0	
294	0	0	294	0	0	294	0	0	294	0	0	294	0	0	
174	0	0	174	0	0	174	0	0	174	0	0	174	0	0	
438	0	0	438	0	0	438	0	0	438	0	0	438	0	0	
150	0	0	150	0	0	150	0	0	150	0	0	150	0	0	
558	0	0	558	0	0	558	0	0	558	0	0	558	0	0	
504	0	0	504	0	0	504	0	0	504	0	0	504	0	0	
84	0	0	84	0	0	84	0	0	84	0	0	84	0	0	
546	0	0	546	0	0	546	0	0	546	0	0	546	0	0	
120	0	0	120	0	0	120	0	0	120	0	0	120	0	0	
234	0	0	234	0	0	234	0	0	234	0	0	234	0	0	
96	0	0	96	0	0	96	0	0	96	0	0	96	0	0	
276	0	0	276	0	0	276	0	0	276	0	0	276	0	0	
366	0	0	366	0	0	366	0	0	366	0	0	366	0	0	
390	0	0	390	0	0	390	0	0	390	0	0	390	0	0	
456	0	0	456	0	0	456	0	0	456	0	0	456	0	0	
498	0	0	498	0	0	498	0	0	498	0	0	498	0	0	
66	0	0	66	0	0	66	0	0	66	0	0	66	0	0	
180	0	0	180	0	0	180	0	0	180	0	0	180	0	0	
162	0	0	162	0	0	162	0	0	162	0	0	162	0	0	
294	0	0	294	0	0	294	0	0	294	0	0	294	0	0	
156	0	0	156	0	0	156	0	0	156	0	0	156	0	0	
546	0	0	546	0	0	546	0	0	546	0	0	546	0	0	
426	0	0	426	0	0	426	0	0	426	0	0	426	0	0	
420	0	0	420	0	0	420	0	0	420	0	0	420	0	0	
450	0	0	450	0	0	450	0	0	450	0	0	450	0	0	
372	0	0	372	0	0	372	0	0	372	0	0	372	0	0	
564	0	0	564	0	0	564	0	0	564	0	0	564	0	0	
60	0	0	60	0	0	60	0	0	60	0	0	60	0	0	
168	0	0	168	0	0	168	0	0	168	0	0	168	0	0	
516	0	0	516	0	0	516	0	0	516	0	0	516	0	0	
90	0	0	90	0	0	90	0	0	90	0	0	90	0	0	
186	0	0	186	0	0	186	0	0	186	0	0	186	0	0	
450	0	0	450	0	0	450	0	0	450	0	0	450	0	0	
156	0	0	156	0	0	156	0	0	156	0	0	156	0	0	
540	0	0	540	0	0	540	0	0	540	0	0	540	0	0	
264	0	0	264	0	0	264	0	0	264	0	0	264	0	0	
450	0	0	450	0	0	450	0	0	450	0	0	450	0	0	
438	0	0	438	0	0	438	0	0	438	0	0	438	0	0	
96	0	0	96	0	0	96	0	0	96	0	0	96	0	0	
Forward storage demand rate per item and per period
96	82	69	157	58	125	5	135	146	128	93	106	113	64	152	
22	21	21	2	37	26	17	6	26	6	30	12	15	24	11	
57	49	58	75	31	35	52	29	60	59	41	57	40	51	20	
71	58	114	62	71	56	71	33	127	49	34	17	77	121	40	
83	64	23	52	145	64	110	99	29	62	151	57	107	132	132	
75	74	100	47	81	76	63	64	58	93	94	101	13	40	83	
39	26	27	15	54	39	53	68	50	48	34	32	57	30	8	
42	26	36	39	36	51	19	45	37	10	36	58	46	40	44	
58	37	57	80	43	26	88	71	44	67	60	98	9	58	109	
55	5	62	11	14	57	44	38	31	22	33	70	19	39	80	
96	113	14	80	15	89	140	110	54	103	76	88	28	139	150	
49	48	21	74	20	43	34	55	24	54	60	12	25	18	37	
29	15	30	39	21	47	24	11	23	46	50	39	10	26	2	
73	29	81	131	92	77	97	46	39	127	139	72	76	72	99	
25	26	10	27	12	31	17	17	28	31	2	14	41	26	26	
93	69	141	98	95	139	105	162	66	51	94	69	26	81	125	
84	127	87	45	99	70	69	31	111	125	111	92	125	78	62	
14	24	24	19	10	22	14	17	17	14	17	11	17	15	18	
91	122	64	48	82	54	10	155	89	138	127	78	134	61	111	
20	27	12	10	29	18	12	10	16	24	22	9	24	9	27	
39	41	38	26	52	43	45	45	33	41	54	32	27	44	35	
16	15	12	14	22	12	14	5	13	9	17	15	28	15	7	
46	47	18	83	77	53	38	39	89	49	51	45	34	32	62	
61	68	68	80	42	52	26	57	39	40	48	40	98	77	68	
65	62	67	36	73	24	85	30	43	41	65	26	13	85	61	
76	36	56	65	18	17	64	48	43	71	48	30	55	114	26	
83	79	109	39	116	81	149	136	141	117	108	77	87	25	115	
11	8	2	0	10	2	15	8	10	9	9	2	5	9	4	
30	50	30	53	36	52	22	33	25	41	9	35	45	51	14	
27	48	28	31	14	42	36	52	32	34	19	28	20	34	23	
49	33	43	54	14	46	65	56	50	76	30	87	73	46	35	
26	35	37	23	43	32	22	19	10	23	37	19	21	31	28	
91	61	30	109	94	150	27	89	57	56	102	93	25	53	148	
71	89	47	55	73	61	44	117	82	132	77	95	76	109	62	
70	53	65	81	32	65	106	91	49	98	112	69	36	64	53	
75	61	29	86	84	68	35	129	101	130	84	56	94	72	75	
62	96	112	69	96	69	66	40	25	33	87	100	44	76	57	
94	149	132	42	127	101	95	171	62	185	62	149	107	91	7	
10	9	6	7	8	13	13	4	9	1	9	11	14	18	5	
28	36	24	45	24	33	36	29	10	41	25	49	26	12	35	
86	144	13	130	123	78	145	59	128	50	138	86	109	51	93	
15	16	24	14	5	24	16	14	21	17	5	17	27	14	14	
31	44	36	35	16	25	29	25	14	23	21	34	26	29	23	
75	76	115	35	45	94	55	68	69	63	47	49	65	56	57	
26	9	33	28	15	41	28	26	25	43	30	27	24	36	26	
90	76	98	86	40	54	72	72	84	116	159	163	120	113	125	
44	39	48	37	67	60	5	36	37	27	60	61	39	33	30	
75	4	110	66	126	51	113	65	80	109	96	79	27	129	39	
73	41	105	31	85	98	55	27	98	80	51	85	83	117	83	
16	19	10	27	25	13	19	19	6	15	23	26	11	12	14	
Distance matrix
0	57	43.5	36.5	32	11	17	11	24	26.5	47	40	27	42	65.5	66	52.5	12	77	17	55	34	36	13	71	74	28.5	50	36	98	41.5	40.5	61	36.5	38.5	84.5	19	70	79.5	23.5	40	55	49	13.5	1	69.5	71.5	50.5	31	68	16.5	
57	0	65.5	38.5	49	58	44	58	71	68.5	24	57	44	59	12.5	43	14.5	69	24	54	22	51	23	70	14	31	50.5	27	43	45	53.5	42.5	18	58.5	30.5	31.5	46	37	26.5	75.5	67	32	26	55.5	58	41.5	33.5	52.5	48	15	48.5	
43.5	65.5	0	35	24.5	40.5	30.5	40.5	27.5	25	49.5	16.5	29.5	14.5	74	30.5	59	39.5	69.5	34.5	51.5	22.5	44.5	38.5	55.5	42.5	15	46.5	30.5	58.5	20	31	55.5	7	43	47	32.5	36.5	82	28	11.5	41.5	47.5	38	44.5	32	40	21	25.5	68.5	35	
36.5	38.5	35	0	28.5	37.5	23.5	37.5	50.5	48	28.5	36.5	23.5	36.5	47	37.5	34	48.5	58.5	33.5	36.5	30.5	17.5	49.5	52.5	49.5	30	31.5	22.5	65.5	33	4	42.5	38	20	54	25.5	43.5	61	55	38.5	36.5	30.5	35	37.5	39	47	14	27.5	49.5	28	
32	49	24.5	28.5	0	33	19	33	44	41.5	39	8	5	10	57.5	42	44.5	44	69	29	47	2	28	45	63	54	25.5	42	28	70	31.5	32.5	53	31.5	30.5	58.5	21	48	71.5	44.5	28	47	41	30.5	33	43.5	51.5	32.5	1	60	23.5	
11	58	40.5	37.5	33	0	18	0	13	27.5	48	41	28	43	66.5	63	53.5	23	78	18	56	35	37	24	72	75	29.5	51	37	91	42.5	41.5	62	37.5	39.5	79.5	20	69	80.5	29.5	39	56	50	14.5	12	64.5	72.5	51.5	32	69	17.5	
17	44	30.5	23.5	19	18	0	18	31	28.5	34	27	14	29	52.5	53	39.5	29	64	14	42	21	23	30	58	61	15.5	37	23	85	28.5	27.5	48	23.5	25.5	71.5	2	57	66.5	35.5	23	42	36	15.5	18	56.5	58.5	37.5	18	55	8.5	
11	58	40.5	37.5	33	0	18	0	13	27.5	48	41	28	43	66.5	63	53.5	23	78	18	56	35	37	24	72	75	29.5	51	37	91	42.5	41.5	62	37.5	39.5	79.5	20	69	80.5	29.5	39	56	50	14.5	12	64.5	72.5	51.5	32	69	17.5	
24	71	27.5	50.5	44	13	31	13	0	24.5	61	36	41	34	79.5	50	66.5	34	89	31	69	42	50	33	75	62	42.5	64	50	78	39.5	50.5	75	34.5	52.5	66.5	33	56	93.5	22.5	26	61	63	27.5	25	51.5	59.5	40.5	45	82	30.5	
26.5	68.5	25	48	41.5	27.5	28.5	27.5	24.5	0	58.5	33.5	38.5	31.5	77	47.5	64	36.5	86.5	28.5	66.5	39.5	47.5	35.5	72.5	59.5	40	61.5	47.5	75.5	37	48	72.5	32	50	64	30.5	53.5	91	25	23.5	58.5	60.5	13	27.5	49	57	38	42.5	79.5	28	
47	24	49.5	28.5	39	48	34	48	61	58.5	0	47	34	49	32.5	19	19.5	59	44	44	22	41	13	60	38	39	40.5	3	33	55	43.5	32.5	28	48.5	20.5	43.5	36	33	46.5	65.5	53	8	2	45.5	48	28.5	36.5	42.5	38	35	38.5	
40	57	16.5	36.5	8	41	27	41	36	33.5	47	0	13	2	65.5	34	52.5	48	73	37	55	6	36	47	59	46	31.5	50	34	62	23.5	34.5	59	23.5	38.5	50.5	29	40	79.5	36.5	20	45	49	38.5	41	35.5	43.5	24.5	9	68	31.5	
27	44	29.5	23.5	5	28	14	28	41	38.5	34	13	0	15	52.5	47	39.5	39	64	24	42	7	23	40	58	59	20.5	37	23	75	28.5	27.5	48	28.5	25.5	63.5	16	53	66.5	45.5	33	42	36	25.5	28	48.5	56.5	37.5	4	55	18.5	
42	59	14.5	36.5	10	43	29	43	34	31.5	49	2	15	0	67.5	32	54.5	46	71	39	53	8	38	45	57	44	29.5	48	32	60	21.5	32.5	57	21.5	40.5	48.5	31	38	81.5	34.5	18	43	49	40.5	43	33.5	41.5	22.5	11	70	33.5	
65.5	12.5	74	47	57.5	66.5	52.5	66.5	79.5	77	32.5	65.5	52.5	67.5	0	51.5	23	77.5	17.5	62.5	30.5	59.5	31.5	78.5	26.5	39.5	59	35.5	51.5	36.5	62	51	26.5	67	39	35	54.5	45.5	20	84	75.5	40.5	34.5	64	66.5	50	42	61	56.5	13.5	57	
66	43	30.5	37.5	42	63	53	63	50	47.5	19	34	47	32	51.5	0	36.5	62	47	57	29	40	32	61	33	20	45.5	16	38	36	32.5	33.5	33	37.5	35.5	24.5	55	14	59.5	50.5	34	11	17	60.5	67	9.5	17.5	23.5	43	46	57.5	
52.5	14.5	59	34	44.5	53.5	39.5	53.5	66.5	64	19.5	52.5	39.5	54.5	23	36.5	0	64.5	34.5	49.5	17.5	46.5	18.5	65.5	28.5	31.5	46	22.5	38.5	49.5	49	38	18.5	54	26	38	41.5	32.5	37	71	62.5	27.5	21.5	51	53.5	33	19	48	43.5	25.5	44	
12	69	39.5	48.5	44	23	29	23	34	36.5	59	48	39	46	77.5	62	64.5	0	89	29	67	46	48	1	83	74	40.5	62	48	90	51.5	52.5	73	46.5	50.5	78.5	31	68	91.5	29.5	38	67	61	25.5	11	63.5	71.5	52.5	43	80	28.5	
77	24	69.5	58.5	69	78	64	78	89	86.5	44	73	64	71	17.5	47	34.5	89	0	74	42	71	43	90	38	39	70.5	47	63	25	71.5	62.5	38	76.5	50.5	28.5	66	43	26.5	89.5	73	52	46	75.5	78	43.5	41.5	62.5	68	25	68.5	
17	54	34.5	33.5	29	18	14	18	31	28.5	44	37	24	39	62.5	57	49.5	29	74	0	52	31	33	30	68	69	25.5	47	33	85	38.5	37.5	58	33.5	35.5	73.5	16	63	76.5	35.5	33	52	46	15.5	18	58.5	66.5	47.5	28	65	13.5	
55	22	51.5	36.5	47	56	42	56	69	66.5	22	55	42	53	30.5	29	17.5	67	42	52	0	49	21	68	36	31	48.5	25	41	47	51.5	40.5	26	56.5	28.5	35.5	44	15	44.5	71.5	55	30	24	53.5	56	25.5	28.5	44.5	46	33	46.5	
34	51	22.5	30.5	2	35	21	35	42	39.5	41	6	7	8	59.5	40	46.5	46	71	31	49	0	30	47	65	52	27.5	44	30	68	29.5	34.5	55	29.5	32.5	56.5	23	46	73.5	42.5	26	49	43	32.5	35	41.5	49.5	30.5	3	62	25.5	
36	23	44.5	17.5	28	37	23	37	50	47.5	13	36	23	38	31.5	32	18.5	48	43	33	21	30	0	49	37	40	29.5	16	22	64	32.5	21.5	27	37.5	9.5	50.5	25	36	45.5	54.5	46	21	15	34.5	37	35.5	37.5	31.5	27	34	27.5	
13	70	38.5	49.5	45	24	30	24	33	35.5	60	47	40	45	78.5	61	65.5	1	90	30	68	47	49	0	84	73	41.5	63	49	89	50.5	53.5	74	45.5	51.5	77.5	32	67	92.5	28.5	37	68	62	26.5	12	62.5	70.5	51.5	44	81	29.5	
71	14	55.5	52.5	63	72	58	72	75	72.5	38	59	58	57	26.5	33	28.5	83	38	68	36	65	37	84	0	25	64.5	41	57	31	57.5	56.5	32	62.5	44.5	19.5	60	29	40.5	75.5	59	44	40	69.5	72	29.5	27.5	48.5	62	29	62.5	
74	31	42.5	49.5	54	75	61	75	62	59.5	39	46	59	44	39.5	20	31.5	74	39	69	31	52	40	73	25	0	57.5	36	50	28	44.5	45.5	13	49.5	47.5	16.5	63	16	51.5	62.5	46	31	37	72.5	75	16.5	14.5	35.5	55	38	65.5	
28.5	50.5	15	30	25.5	29.5	15.5	29.5	42.5	40	40.5	31.5	20.5	29.5	59	45.5	46	40.5	70.5	25.5	48.5	27.5	29.5	41.5	64.5	57.5	0	43.5	29.5	73.5	35	34	54.5	8	32	62	17.5	51.5	73	43	26.5	48.5	42.5	27	29.5	47	55	36	24.5	61.5	20	
50	27	46.5	31.5	42	51	37	51	64	61.5	3	50	37	48	35.5	16	22.5	62	47	47	25	44	16	63	41	36	43.5	0	36	52	46.5	35.5	31	51.5	23.5	40.5	39	30	49.5	66.5	50	5	1	48.5	51	25.5	33.5	39.5	41	38	41.5	
36	43	30.5	22.5	28	37	23	37	50	47.5	33	34	23	32	51.5	38	38.5	48	63	33	41	30	22	49	57	50	29.5	36	0	66	32.5	26.5	47	37.5	24.5	54.5	25	44	65.5	50.5	34	41	35	34.5	37	39.5	47.5	28.5	27	54	27.5	
98	45	58.5	65.5	70	91	85	91	78	75.5	55	62	75	60	36.5	36	49.5	90	25	85	47	68	64	89	31	28	73.5	52	66	0	60.5	61.5	41	65.5	63.5	17.5	83	32	27.5	78.5	62	47	53	88.5	99	32.5	30.5	51.5	71	34	85.5	
41.5	53.5	20	33	31.5	42.5	28.5	42.5	39.5	37	43.5	23.5	28.5	21.5	62	32.5	49	51.5	71.5	38.5	51.5	29.5	32.5	50.5	57.5	44.5	35	46.5	32.5	60.5	0	33	57.5	27	35	49	30.5	38.5	76	40	23.5	43.5	45.5	40	42.5	34	42	23	32.5	64.5	33	
40.5	42.5	31	4	32.5	41.5	27.5	41.5	50.5	48	32.5	34.5	27.5	32.5	51	33.5	38	52.5	62.5	37.5	40.5	34.5	21.5	53.5	56.5	45.5	34	35.5	26.5	61.5	33	0	46.5	38	24	50	29.5	39.5	65	51	34.5	40.5	34.5	39	41.5	35	43	10	31.5	53.5	32	
61	18	55.5	42.5	53	62	48	62	75	72.5	28	59	48	57	26.5	33	18.5	73	38	58	26	55	27	74	32	13	54.5	31	47	41	57.5	46.5	0	62.5	34.5	29.5	50	29	40.5	75.5	59	36	30	59.5	62	29.5	27.5	48.5	52	29	52.5	
36.5	58.5	7	38	31.5	37.5	23.5	37.5	34.5	32	48.5	23.5	28.5	21.5	67	37.5	54	46.5	76.5	33.5	56.5	29.5	37.5	45.5	62.5	49.5	8	51.5	37.5	65.5	27	38	62.5	0	40	54	25.5	43.5	81	35	18.5	48.5	50.5	35	37.5	39	47	28	32.5	69.5	28	
38.5	30.5	43	20	30.5	39.5	25.5	39.5	52.5	50	20.5	38.5	25.5	40.5	39	35.5	26	50.5	50.5	35.5	28.5	32.5	9.5	51.5	44.5	47.5	32	23.5	24.5	63.5	35	24	34.5	40	0	52	27.5	41.5	53	57	46.5	28.5	22.5	37	39.5	37	45	34	29.5	41.5	30	
84.5	31.5	47	54	58.5	79.5	71.5	79.5	66.5	64	43.5	50.5	63.5	48.5	35	24.5	38	78.5	28.5	73.5	35.5	56.5	50.5	77.5	19.5	16.5	62	40.5	54.5	17.5	49	50	29.5	54	52	0	71.5	20.5	41	67	50.5	35.5	41.5	77	85.5	21	19	40	59.5	27.5	74	
19	46	32.5	25.5	21	20	2	20	33	30.5	36	29	16	31	54.5	55	41.5	31	66	16	44	23	25	32	60	63	17.5	39	25	83	30.5	29.5	50	25.5	27.5	71.5	0	59	68.5	37.5	21	44	38	17.5	20	56.5	60.5	39.5	20	57	10.5	
70	37	36.5	43.5	48	69	57	69	56	53.5	33	40	53	38	45.5	14	32.5	68	43	63	15	46	36	67	29	16	51.5	30	44	32	38.5	39.5	29	43.5	41.5	20.5	59	0	55.5	56.5	40	25	31	66.5	71	10.5	13.5	29.5	49	42	61.5	
79.5	26.5	82	61	71.5	80.5	66.5	80.5	93.5	91	46.5	79.5	66.5	81.5	20	59.5	37	91.5	26.5	76.5	44.5	73.5	45.5	92.5	40.5	51.5	73	49.5	65.5	27.5	76	65	40.5	81	53	41	68.5	55.5	0	98	85.5	54.5	48.5	78	80.5	56	54	75	70.5	27.5	71	
23.5	75.5	28	55	44.5	29.5	35.5	29.5	22.5	25	65.5	36.5	45.5	34.5	84	50.5	71	29.5	89.5	35.5	71.5	42.5	54.5	28.5	75.5	62.5	43	66.5	50.5	78.5	40	51	75.5	35	57	67	37.5	56.5	98	0	26.5	61.5	67.5	32	24.5	52	60	41	45.5	86.5	35	
40	67	11.5	38.5	28	39	23	39	26	23.5	53	20	33	18	75.5	34	62.5	38	73	33	55	26	46	37	59	46	26.5	50	34	62	23.5	34.5	59	18.5	46.5	50.5	21	40	85.5	26.5	0	45	51	36.5	41	35.5	43.5	24.5	29	72	31.5	
55	32	41.5	36.5	47	56	42	56	61	58.5	8	45	42	43	40.5	11	27.5	67	52	52	30	49	21	68	44	31	48.5	5	41	47	43.5	40.5	36	48.5	28.5	35.5	44	25	54.5	61.5	45	0	6	53.5	56	20.5	28.5	34.5	46	43	46.5	
49	26	47.5	30.5	41	50	36	50	63	60.5	2	49	36	49	34.5	17	21.5	61	46	46	24	43	15	62	40	37	42.5	1	35	53	45.5	34.5	30	50.5	22.5	41.5	38	31	48.5	67.5	51	6	0	47.5	50	26.5	34.5	40.5	40	37	40.5	
13.5	55.5	38	35	30.5	14.5	15.5	14.5	27.5	13	45.5	38.5	25.5	40.5	64	60.5	51	25.5	75.5	15.5	53.5	32.5	34.5	26.5	69.5	72.5	27	48.5	34.5	88.5	40	39	59.5	35	37	77	17.5	66.5	78	32	36.5	53.5	47.5	0	14.5	62	70	49	29.5	66.5	15	
1	58	44.5	37.5	33	12	18	12	25	27.5	48	41	28	43	66.5	67	53.5	11	78	18	56	35	37	12	72	75	29.5	51	37	99	42.5	41.5	62	37.5	39.5	85.5	20	71	80.5	24.5	41	56	50	14.5	0	70.5	72.5	51.5	32	69	17.5	
69.5	41.5	32	39	43.5	64.5	56.5	64.5	51.5	49	28.5	35.5	48.5	33.5	50	9.5	33	63.5	43.5	58.5	25.5	41.5	35.5	62.5	29.5	16.5	47	25.5	39.5	32.5	34	35	29.5	39	37	21	56.5	10.5	56	52	35.5	20.5	26.5	62	70.5	0	14	25	44.5	42.5	59	
71.5	33.5	40	47	51.5	72.5	58.5	72.5	59.5	57	36.5	43.5	56.5	41.5	42	17.5	19	71.5	41.5	66.5	28.5	49.5	37.5	70.5	27.5	14.5	55	33.5	47.5	30.5	42	43	27.5	47	45	19	60.5	13.5	54	60	43.5	28.5	34.5	70	72.5	14	0	33	52.5	40.5	63	
50.5	52.5	21	14	32.5	51.5	37.5	51.5	40.5	38	42.5	24.5	37.5	22.5	61	23.5	48	52.5	62.5	47.5	44.5	30.5	31.5	51.5	48.5	35.5	36	39.5	28.5	51.5	23	10	48.5	28	34	40	39.5	29.5	75	41	24.5	34.5	40.5	49	51.5	25	33	0	33.5	61.5	42	
31	48	25.5	27.5	1	32	18	32	45	42.5	38	9	4	11	56.5	43	43.5	43	68	28	46	3	27	44	62	55	24.5	41	27	71	32.5	31.5	52	32.5	29.5	59.5	20	49	70.5	45.5	29	46	40	29.5	32	44.5	52.5	33.5	0	59	22.5	
68	15	68.5	49.5	60	69	55	69	82	79.5	35	68	55	70	13.5	46	25.5	80	25	65	33	62	34	81	29	38	61.5	38	54	34	64.5	53.5	29	69.5	41.5	27.5	57	42	27.5	86.5	72	43	37	66.5	69	42.5	40.5	61.5	59	0	59.5	
16.5	48.5	35	28	23.5	17.5	8.5	17.5	30.5	28	38.5	31.5	18.5	33.5	57	57.5	44	28.5	68.5	13.5	46.5	25.5	27.5	29.5	62.5	65.5	20	41.5	27.5	85.5	33	32	52.5	28	30	74	10.5	61.5	71	35	31.5	46.5	40.5	15	17.5	59	63	42	22.5	59.5	0	
