Number of items: 50
Horizon: 12
Time limit: 500
Load limit: 3000
Initial item inventory level
47
98
86
106
122
66
26
148
141
210
75
89
192
36
168
123
24
198
60
56
60
128
74
82
76
50
63
204
225
48
60
97
255
58
144
84
34
95
60
120
184
225
87
69
188
148
159
95
110
184
Maximum inventory capacity per item
94
147
129
159
183
132
39
222
188
280
150
178
256
48
224
164
36
297
120
84
80
192
111
164
114
75
84
272
300
72
120
194
340
87
216
168
68
190
90
160
276
300
116
92
282
222
212
190
165
276
Reserve storage replenishment rate per item and per period
282	0	0	282	0	0	282	0	0	282	0	0	
294	0	0	294	0	0	294	0	0	294	0	0	
258	0	0	258	0	0	258	0	0	258	0	0	
318	0	0	318	0	0	318	0	0	318	0	0	
366	0	0	366	0	0	366	0	0	366	0	0	
396	0	0	396	0	0	396	0	0	396	0	0	
78	0	0	78	0	0	78	0	0	78	0	0	
444	0	0	444	0	0	444	0	0	444	0	0	
282	0	0	282	0	0	282	0	0	282	0	0	
420	0	0	420	0	0	420	0	0	420	0	0	
450	0	0	450	0	0	450	0	0	450	0	0	
534	0	0	534	0	0	534	0	0	534	0	0	
384	0	0	384	0	0	384	0	0	384	0	0	
72	0	0	72	0	0	72	0	0	72	0	0	
336	0	0	336	0	0	336	0	0	336	0	0	
246	0	0	246	0	0	246	0	0	246	0	0	
72	0	0	72	0	0	72	0	0	72	0	0	
594	0	0	594	0	0	594	0	0	594	0	0	
360	0	0	360	0	0	360	0	0	360	0	0	
168	0	0	168	0	0	168	0	0	168	0	0	
120	0	0	120	0	0	120	0	0	120	0	0	
384	0	0	384	0	0	384	0	0	384	0	0	
222	0	0	222	0	0	222	0	0	222	0	0	
492	0	0	492	0	0	492	0	0	492	0	0	
228	0	0	228	0	0	228	0	0	228	0	0	
150	0	0	150	0	0	150	0	0	150	0	0	
126	0	0	126	0	0	126	0	0	126	0	0	
408	0	0	408	0	0	408	0	0	408	0	0	
450	0	0	450	0	0	450	0	0	450	0	0	
144	0	0	144	0	0	144	0	0	144	0	0	
360	0	0	360	0	0	360	0	0	360	0	0	
582	0	0	582	0	0	582	0	0	582	0	0	
510	0	0	510	0	0	510	0	0	510	0	0	
174	0	0	174	0	0	174	0	0	174	0	0	
432	0	0	432	0	0	432	0	0	432	0	0	
504	0	0	504	0	0	504	0	0	504	0	0	
204	0	0	204	0	0	204	0	0	204	0	0	
570	0	0	570	0	0	570	0	0	570	0	0	
180	0	0	180	0	0	180	0	0	180	0	0	
240	0	0	240	0	0	240	0	0	240	0	0	
552	0	0	552	0	0	552	0	0	552	0	0	
450	0	0	450	0	0	450	0	0	450	0	0	
174	0	0	174	0	0	174	0	0	174	0	0	
138	0	0	138	0	0	138	0	0	138	0	0	
564	0	0	564	0	0	564	0	0	564	0	0	
444	0	0	444	0	0	444	0	0	444	0	0	
318	0	0	318	0	0	318	0	0	318	0	0	
570	0	0	570	0	0	570	0	0	570	0	0	
330	0	0	330	0	0	330	0	0	330	0	0	
552	0	0	552	0	0	552	0	0	552	0	0	
Forward storage demand rate per item and per period
47	20	76	47	70	76	53	54	51	43	53	46	
49	66	30	57	44	58	86	37	39	36	19	38	
43	51	46	20	69	52	1	38	53	23	13	15	
53	6	48	25	63	64	50	44	53	81	9	62	
61	47	42	31	26	41	83	55	85	43	86	27	
66	79	52	95	65	61	119	36	34	36	84	63	
13	8	10	4	12	11	3	11	9	8	22	7	
74	133	112	54	51	70	111	91	107	40	81	54	
47	23	15	11	69	25	43	32	57	29	50	21	
70	132	107	12	67	105	37	70	71	50	62	101	
75	47	50	35	73	23	47	63	22	93	55	102	
89	12	66	101	30	124	18	58	77	9	67	53	
64	54	55	67	72	36	80	8	78	89	56	65	
12	12	15	2	15	16	14	8	7	19	12	9	
56	28	13	27	33	65	78	67	60	37	42	89	
41	50	44	24	53	36	63	31	40	33	70	48	
12	11	6	14	10	4	13	20	21	6	4	3	
99	159	65	90	34	103	68	31	136	77	20	112	
60	36	86	83	56	57	53	33	51	73	73	104	
28	29	37	39	46	32	2	54	27	35	7	25	
20	13	18	29	25	22	18	17	21	27	13	19	
64	69	84	67	84	75	123	101	45	101	40	10	
37	42	31	42	38	55	37	34	28	36	50	35	
82	42	68	41	133	141	69	88	63	48	75	62	
38	32	43	9	41	29	23	32	39	50	47	42	
25	13	3	30	22	31	17	31	12	20	32	25	
21	39	13	18	19	22	28	19	8	7	15	15	
68	95	12	58	57	44	66	95	73	51	83	87	
75	104	112	44	77	48	135	103	46	13	49	115	
24	18	26	31	42	23	16	30	32	9	38	29	
60	86	13	97	54	83	46	97	99	34	99	82	
97	82	130	162	108	111	98	45	24	138	84	86	
85	102	131	96	150	96	113	131	94	100	119	63	
29	26	15	47	15	40	14	23	26	31	44	42	
72	42	40	108	105	70	47	91	61	108	78	57	
84	65	95	46	69	70	131	61	121	152	91	118	
34	8	25	38	7	46	31	20	38	25	36	47	
95	50	91	68	147	109	27	77	121	75	152	104	
30	8	21	25	54	13	41	13	32	17	40	1	
40	51	75	15	29	60	51	21	30	53	58	39	
92	90	39	94	171	93	92	51	20	93	177	141	
75	72	23	32	46	14	142	60	77	82	82	35	
29	30	41	43	36	33	25	30	19	22	43	7	
23	21	12	25	22	28	34	30	13	8	15	19	
94	183	90	42	65	9	110	120	89	70	131	51	
74	94	87	111	79	87	78	30	63	59	53	117	
53	25	42	78	77	40	57	89	26	22	80	28	
95	60	79	110	99	142	31	61	89	93	124	81	
55	47	85	103	87	57	64	47	29	104	86	51	
92	116	74	54	74	46	136	58	122	46	84	45	
Distance matrix
0	42	63.5	17	69	85	65	1	50	37.5	57.5	26.5	16	47.5	69.5	37.5	71.5	67	26	36	27	89.5	75.5	10	23	57.5	72.5	61.5	93.5	50.5	24.5	52.5	26	83	40.5	66.5	63.5	75	54	68	19	52	38.5	6	73	91.5	64	42	56.5	88.5	81	
42	0	65.5	41	59	53	53	43	48	20.5	55.5	31.5	42	35.5	33.5	20.5	51.5	61	16	22	31	53.5	57.5	42	35	15.5	60.5	31.5	59.5	32.5	31.5	10.5	32	45	17.5	36.5	29.5	77	14	50	31	26	40.5	38	65	71.5	66	44	56.5	64.5	77	
63.5	65.5	0	70.5	22.5	28.5	28.5	64.5	33.5	76	26	75	79.5	46	48	76	30	20.5	49.5	79.5	80.5	26	24	63.5	76.5	64	21	50	32	49	53	69	59.5	36.5	69	45	52	13.5	67.5	31.5	52.5	55.5	27	59.5	16.5	30	7.5	25.5	25	27	19.5	
17	41	70.5	0	76	78	72	18	57	30.5	64.5	31.5	33	54.5	58.5	30.5	76.5	74	33	27	10	78.5	82.5	7	6	40.5	79.5	56.5	84.5	57.5	31.5	35.5	33	70	37.5	61.5	54.5	82	39	75	26	51	45.5	11	80	96.5	71	49	63.5	89.5	88	
69	59	22.5	76	0	26	34	70	39	63.5	31.5	74.5	85	51.5	31.5	63.5	29.5	2	55	65	74	26.5	30.5	69	78	43.5	31.5	39.5	32.5	50.5	58.5	48.5	65	14	60.5	34.5	37.5	34	47	33	58	49	32.5	65	32	44.5	23	31	30.5	37.5	40	
85	53	28.5	78	26	0	30	86	45	57.5	37.5	68.5	79	47.5	25.5	57.5	23.5	28	69	59	68	10.5	19.5	85	72	37.5	22.5	33.5	16.5	44.5	70.5	42.5	69	12	54.5	28.5	31.5	40	41	27	74	43	48.5	81	12	28.5	21	47	38.5	21.5	34	
65	53	28.5	72	34	30	0	66	35	57.5	27.5	68.5	79	47.5	25.5	57.5	28.5	32	51	59	68	30.5	34.5	65	72	37.5	37.5	33.5	36.5	44.5	54.5	42.5	61	22	54.5	28.5	31.5	40	41	3	54	43	28.5	61	38	48.5	29	27	26.5	41.5	46	
1	43	64.5	18	70	86	66	0	51	38.5	58.5	27.5	15	48.5	70.5	38.5	72.5	68	27	37	28	90.5	76.5	11	24	56.5	73.5	62.5	94.5	51.5	25.5	51.5	27	84	41.5	67.5	64.5	76	55	69	20	53	39.5	7	74	92.5	65	43	57.5	89.5	82	
50	48	33.5	57	39	45	35	51	0	52.5	27.5	61.5	66	32.5	25.5	52.5	41.5	37	36	54	63	45.5	45.5	50	63	32.5	42.5	28.5	51.5	35.5	39.5	37.5	46	37	49.5	28.5	26.5	45	36	38	39	38	13.5	46	43	61.5	34	8	26.5	56.5	51	
37.5	20.5	76	30.5	63.5	57.5	57.5	38.5	52.5	0	60	21	31.5	40	38	0	56	65.5	36.5	11.5	20.5	58	62	37.5	24.5	20	65	36	64	37	33	15	26.5	49.5	17	41	34	87.5	18.5	54.5	31.5	30.5	51	33.5	69.5	76	76.5	54.5	61	69	81.5	
57.5	55.5	26	64.5	31.5	37.5	27.5	58.5	27.5	60	0	69	73.5	40	28	60	34	29.5	43.5	61.5	70.5	38	38	57.5	70.5	40	35	36	44	43	47	45	53.5	29.5	57	31	34	37.5	43.5	30.5	46.5	45.5	21	53.5	35.5	54	26.5	19.5	1	49	43.5	
26.5	31.5	75	31.5	74.5	68.5	68.5	27.5	61.5	21	69	0	32.5	51	49	21	67	76.5	37.5	17.5	21.5	69	73	26.5	25.5	31	76	47	75	48	36	26	37.5	60.5	28	52	45	86.5	29.5	65.5	30.5	41.5	50	22.5	80.5	87	75.5	53.5	68	80	92.5	
16	42	79.5	33	85	79	79	15	66	31.5	73.5	32.5	0	61.5	59.5	31.5	77.5	83	42	28	27	79.5	83.5	26	31	41.5	86.5	57.5	85.5	58.5	40.5	36.5	42	71	38.5	62.5	55.5	91	40	76	35	52	54.5	22	89	97.5	80	58	72.5	90.5	97	
47.5	35.5	46	54.5	51.5	47.5	47.5	48.5	32.5	40	40	51	61.5	0	28	40	46	49.5	33.5	41.5	50.5	48	52	47.5	54.5	20	55	26	54	3	37	25	43.5	39.5	37	31	24	57.5	23.5	44.5	36.5	25.5	21	43.5	55.5	66	46.5	24.5	39	59	63.5	
69.5	33.5	48	58.5	31.5	25.5	25.5	70.5	25.5	38	28	49	59.5	28	0	38	24	33.5	49.5	39.5	48.5	26	30	65.5	52.5	18	33	14	32	25	51	23	49.5	17.5	35	3	12	55.5	21.5	22.5	56.5	23.5	33	65.5	37.5	44	46.5	31.5	29	37	49.5	
37.5	20.5	76	30.5	63.5	57.5	57.5	38.5	52.5	0	60	21	31.5	40	38	0	56	65.5	36.5	11.5	20.5	58	62	37.5	24.5	20	65	36	64	37	33	15	26.5	49.5	17	41	34	87.5	18.5	54.5	31.5	30.5	51	33.5	69.5	76	76.5	54.5	61	69	81.5	
71.5	51.5	30	76.5	29.5	23.5	28.5	72.5	41.5	56	34	67	77.5	46	24	56	0	31.5	57.5	57.5	66.5	24	28	71.5	70.5	36	31	32	30	43	61	41	67.5	15.5	53	27	30	41.5	39.5	25.5	60.5	41.5	35	67.5	35.5	42	30.5	33.5	33	35	47.5	
67	61	20.5	74	2	28	32	68	37	65.5	29.5	76.5	83	49.5	33.5	65.5	31.5	0	53	67	76	28.5	32.5	67	80	45.5	29.5	41.5	34.5	52.5	56.5	50.5	63	16	62.5	36.5	39.5	32	49	35	56	51	30.5	63	30	46.5	21	29	28.5	39.5	38	
26	16	49.5	33	55	69	51	27	36	36.5	43.5	37.5	42	33.5	49.5	36.5	57.5	53	0	38	43	69.5	61.5	26	39	31.5	58.5	47.5	75.5	36.5	15.5	26.5	22	61	31.5	52.5	45.5	61	30	54	15	38	24.5	22	59	77.5	50	28	42.5	74.5	67	
36	22	79.5	27	65	59	59	37	54	11.5	61.5	17.5	28	41.5	39.5	11.5	57.5	67	38	0	17	59.5	63.5	34	21	21.5	66.5	37.5	65.5	38.5	34.5	16.5	28	51	18.5	42.5	35.5	89	20	56	35	32	54.5	32	71	77.5	80	58	62.5	70.5	83	
27	31	80.5	10	74	68	68	28	63	20.5	70.5	21.5	27	50.5	48.5	20.5	66.5	76	43	17	0	68.5	72.5	17	4	30.5	75.5	46.5	74.5	47.5	41.5	25.5	37	60	27.5	51.5	44.5	92	29	65	36	41	55.5	21	80	86.5	81	59	71.5	79.5	92	
89.5	53.5	26	78.5	26.5	10.5	30.5	90.5	45.5	58	38	69	79.5	48	26	58	24	28.5	69.5	59.5	68.5	0	20	85.5	72.5	38	23	34	12	45	71	43	69.5	12.5	55	29	32	35.5	41.5	27.5	76.5	43.5	53	85.5	22.5	24	31.5	51.5	39	17	29.5	
75.5	57.5	24	82.5	30.5	19.5	34.5	76.5	45.5	62	38	73	83.5	52	30	62	28	32.5	61.5	63.5	72.5	20	0	75.5	76.5	42	3	38	26	49	65	47	71.5	16.5	59	33	36	35.5	45.5	31.5	64.5	47.5	39	71.5	31.5	38	24.5	37.5	37	31	41.5	
10	42	63.5	7	69	85	65	11	50	37.5	57.5	26.5	26	47.5	65.5	37.5	71.5	67	26	34	17	85.5	75.5	0	13	47.5	72.5	61.5	91.5	50.5	24.5	42.5	26	77	40.5	66.5	61.5	75	46	68	19	52	38.5	4	73	91.5	64	42	56.5	88.5	81	
23	35	76.5	6	78	72	72	24	63	24.5	70.5	25.5	31	54.5	52.5	24.5	70.5	80	39	21	4	72.5	76.5	13	0	34.5	79.5	50.5	78.5	51.5	37.5	29.5	39	64	31.5	55.5	48.5	88	33	69	32	45	51.5	17	84	90.5	77	55	69.5	83.5	94	
57.5	15.5	64	40.5	43.5	37.5	37.5	56.5	32.5	20	40	31	41.5	20	18	20	36	45.5	31.5	21.5	30.5	38	42	47.5	34.5	0	45	16	44	17	33	5	31.5	29.5	17	21	14	67.5	3.5	34.5	38.5	10.5	39	51.5	49.5	56	58.5	40.5	41	49	61.5	
72.5	60.5	21	79.5	31.5	22.5	37.5	73.5	42.5	65	35	76	86.5	55	33	65	31	29.5	58.5	66.5	75.5	23	3	72.5	79.5	45	0	41	29	52	62	50	68.5	19.5	62	36	39	32.5	48.5	34.5	61.5	50.5	36	68.5	30.5	41	21.5	34.5	34	34	38.5	
61.5	31.5	50	56.5	39.5	33.5	33.5	62.5	28.5	36	36	47	57.5	26	14	36	32	41.5	47.5	37.5	46.5	34	38	61.5	50.5	16	41	0	40	23	49	21	47.5	25.5	33	17	2	61.5	19.5	30.5	50.5	21.5	23	57.5	45.5	52	50.5	28.5	37	45	57.5	
93.5	59.5	32	84.5	32.5	16.5	36.5	94.5	51.5	64	44	75	85.5	54	32	64	30	34.5	75.5	65.5	74.5	12	26	91.5	78.5	44	29	40	0	51	77	49	75.5	18.5	61	35	38	31.5	47.5	33.5	82.5	49.5	57	89.5	28.5	20	37.5	55.5	45	5	25.5	
50.5	32.5	49	57.5	50.5	44.5	44.5	51.5	35.5	37	43	48	58.5	3	25	37	43	52.5	36.5	38.5	47.5	45	49	50.5	51.5	17	52	23	51	0	40	22	46.5	36.5	34	28	21	60.5	20.5	41.5	39.5	22.5	24	46.5	56.5	63	49.5	27.5	42	56	66.5	
24.5	31.5	53	31.5	58.5	70.5	54.5	25.5	39.5	33	47	36	40.5	37	51	33	61	56.5	15.5	34.5	41.5	71	65	24.5	37.5	33	62	49	77	40	0	28	20.5	62.5	16	54	47	64.5	31.5	57.5	13.5	41.5	28	20.5	62.5	81	53.5	31.5	46	78	70.5	
52.5	10.5	69	35.5	48.5	42.5	42.5	51.5	37.5	15	45	26	36.5	25	23	15	41	50.5	26.5	16.5	25.5	43	47	42.5	29.5	5	50	21	49	22	28	0	26.5	34.5	12	26	19	72.5	3.5	39.5	33.5	15.5	44	46.5	54.5	61	63.5	45.5	46	54	66.5	
26	32	59.5	33	65	69	61	27	46	26.5	53.5	37.5	42	43.5	49.5	26.5	67.5	63	22	28	37	69.5	71.5	26	39	31.5	68.5	47.5	75.5	46.5	20.5	26.5	0	61	28.5	52.5	45.5	71	30	64	7	42	34.5	22	69	87.5	60	38	52.5	80.5	77	
83	45	36.5	70	14	12	22	84	37	49.5	29.5	60.5	71	39.5	17.5	49.5	15.5	16	61	51	60	12.5	16.5	77	64	29.5	19.5	25.5	18.5	36.5	62.5	34.5	61	0	46.5	20.5	23.5	42	33	19	68	35	46.5	79	24	30.5	33	45	30.5	23.5	36	
40.5	17.5	69	37.5	60.5	54.5	54.5	41.5	49.5	17	57	28	38.5	37	35	17	53	62.5	31.5	18.5	27.5	55	59	40.5	31.5	17	62	33	61	34	16	12	28.5	46.5	0	38	31	80.5	15.5	51.5	29.5	27.5	44	36.5	66.5	73	69.5	47.5	58	66	78.5	
66.5	36.5	45	61.5	34.5	28.5	28.5	67.5	28.5	41	31	52	62.5	31	3	41	27	36.5	52.5	42.5	51.5	29	33	66.5	55.5	21	36	17	35	28	54	26	52.5	20.5	38	0	15	56.5	24.5	25.5	55.5	26.5	30	62.5	40.5	47	45.5	28.5	32	40	52.5	
63.5	29.5	52	54.5	37.5	31.5	31.5	64.5	26.5	34	34	45	55.5	24	12	34	30	39.5	45.5	35.5	44.5	32	36	61.5	48.5	14	39	2	38	21	47	19	45.5	23.5	31	15	0	61.5	17.5	28.5	52.5	19.5	25	59.5	43.5	50	52.5	30.5	35	43	55.5	
75	77	13.5	82	34	40	40	76	45	87.5	37.5	86.5	91	57.5	55.5	87.5	41.5	32	61	89	92	35.5	35.5	75	88	67.5	32.5	61.5	31.5	60.5	64.5	72.5	71	42	80.5	56.5	61.5	0	71	43	64	67	38.5	71	28	26.5	19	37	36.5	28.5	6	
54	14	67.5	39	47	41	41	55	36	18.5	43.5	29.5	40	23.5	21.5	18.5	39.5	49	30	20	29	41.5	45.5	46	33	3.5	48.5	19.5	47.5	20.5	31.5	3.5	30	33	15.5	24.5	17.5	71	0	38	37	14	42.5	50	53	59.5	62	44	44.5	52.5	65	
68	50	31.5	75	33	27	3	69	38	54.5	30.5	65.5	76	44.5	22.5	54.5	25.5	35	54	56	65	27.5	31.5	68	69	34.5	34.5	30.5	33.5	41.5	57.5	39.5	64	19	51.5	25.5	28.5	43	38	0	57	40	31.5	64	39	45.5	32	30	29.5	38.5	49	
19	31	52.5	26	58	74	54	20	39	31.5	46.5	30.5	35	36.5	56.5	31.5	60.5	56	15	35	36	76.5	64.5	19	32	38.5	61.5	50.5	82.5	39.5	13.5	33.5	7	68	29.5	55.5	52.5	64	37	57	0	41	27.5	15	62	80.5	53	31	45.5	77.5	70	
52	26	55.5	51	49	43	43	53	38	30.5	45.5	41.5	52	25.5	23.5	30.5	41.5	51	38	32	41	43.5	47.5	52	45	10.5	50.5	21.5	49.5	22.5	41.5	15.5	42	35	27.5	26.5	19.5	67	14	40	41	0	30.5	48	55	61.5	56	34	46.5	54.5	67	
38.5	40.5	27	45.5	32.5	48.5	28.5	39.5	13.5	51	21	50	54.5	21	33	51	35	30.5	24.5	54.5	55.5	53	39	38.5	51.5	39	36	23	57	24	28	44	34.5	46.5	44	30	25	38.5	42.5	31.5	27.5	30.5	0	34.5	36.5	55	27.5	5.5	20	52	44.5	
6	38	59.5	11	65	81	61	7	46	33.5	53.5	22.5	22	43.5	65.5	33.5	67.5	63	22	32	21	85.5	71.5	4	17	51.5	68.5	57.5	89.5	46.5	20.5	46.5	22	79	36.5	62.5	59.5	71	50	64	15	48	34.5	0	69	87.5	60	38	52.5	84.5	77	
73	65	16.5	80	32	12	38	74	43	69.5	35.5	80.5	89	55.5	37.5	69.5	35.5	30	59	71	80	22.5	31.5	73	84	49.5	30.5	45.5	28.5	56.5	62.5	54.5	69	24	66.5	40.5	43.5	28	53	39	62	55	36.5	69	0	40.5	9	35	34.5	33.5	34	
91.5	71.5	30	96.5	44.5	28.5	48.5	92.5	61.5	76	54	87	97.5	66	44	76	42	46.5	77.5	77.5	86.5	24	38	91.5	90.5	56	41	52	20	63	81	61	87.5	30.5	73	47	50	26.5	59.5	45.5	80.5	61.5	55	87.5	40.5	0	35.5	53.5	53	25	32.5	
64	66	7.5	71	23	21	29	65	34	76.5	26.5	75.5	80	46.5	46.5	76.5	30.5	21	50	80	81	31.5	24.5	64	77	58.5	21.5	50.5	37.5	49.5	53.5	63.5	60	33	69.5	45.5	52.5	19	62	32	53	56	27.5	60	9	35.5	0	26	25.5	32.5	25	
42	44	25.5	49	31	47	27	43	8	54.5	19.5	53.5	58	24.5	31.5	54.5	33.5	29	28	58	59	51.5	37.5	42	55	40.5	34.5	28.5	55.5	27.5	31.5	45.5	38	45	47.5	28.5	30.5	37	44	30	31	34	5.5	38	35	53.5	26	0	18.5	50.5	43	
56.5	56.5	25	63.5	30.5	38.5	26.5	57.5	26.5	61	1	68	72.5	39	29	61	33	28.5	42.5	62.5	71.5	39	37	56.5	69.5	41	34	37	45	42	46	46	52.5	30.5	58	32	35	36.5	44.5	29.5	45.5	46.5	20	52.5	34.5	53	25.5	18.5	0	50	42.5	
88.5	64.5	27	89.5	37.5	21.5	41.5	89.5	56.5	69	49	80	90.5	59	37	69	35	39.5	74.5	70.5	79.5	17	31	88.5	83.5	49	34	45	5	56	78	54	80.5	23.5	66	40	43	28.5	52.5	38.5	77.5	54.5	52	84.5	33.5	25	32.5	50.5	50	0	30.5	
81	77	19.5	88	40	34	46	82	51	81.5	43.5	92.5	97	63.5	49.5	81.5	47.5	38	67	83	92	29.5	41.5	81	94	61.5	38.5	57.5	25.5	66.5	70.5	66.5	77	36	78.5	52.5	55.5	6	65	49	70	67	44.5	77	34	32.5	25	43	42.5	30.5	0	
