Number of items: 50
Horizon: 3
Time limit: 500
Load limit: 3000
Initial item inventory level
130
108
150
26
42
30
99
16
64
36
176
58
83
57
198
28
82
80
118
31
60
170
67
95
66
132
184
28
86
46
25
132
79
51
114
17
85
40
32
80
170
72
83
66
98
45
34
80
76
98
Maximum inventory capacity per item
195
162
225
39
84
45
198
32
96
72
264
87
166
114
297
56
164
120
177
62
120
255
134
190
99
198
276
56
129
69
50
198
158
102
171
34
170
60
64
160
255
144
166
99
147
90
51
120
114
147
Reserve storage replenishment rate per item and per period
390	0	0	
324	0	0	
450	0	0	
78	0	0	
252	0	0	
90	0	0	
594	0	0	
96	0	0	
192	0	0	
216	0	0	
528	0	0	
174	0	0	
498	0	0	
342	0	0	
594	0	0	
168	0	0	
492	0	0	
240	0	0	
354	0	0	
186	0	0	
360	0	0	
510	0	0	
402	0	0	
570	0	0	
198	0	0	
396	0	0	
552	0	0	
168	0	0	
258	0	0	
138	0	0	
150	0	0	
396	0	0	
474	0	0	
306	0	0	
342	0	0	
102	0	0	
510	0	0	
120	0	0	
192	0	0	
480	0	0	
510	0	0	
432	0	0	
498	0	0	
198	0	0	
294	0	0	
270	0	0	
102	0	0	
240	0	0	
228	0	0	
294	0	0	
Forward storage demand rate per item and per period
65	31	29	
54	50	56	
75	79	126	
13	13	15	
42	51	24	
15	11	11	
99	103	70	
16	6	16	
32	34	17	
36	22	41	
88	112	107	
29	32	32	
83	69	54	
57	73	6	
99	116	96	
28	32	21	
82	67	73	
40	40	31	
59	68	64	
31	36	23	
60	94	86	
85	135	96	
67	91	56	
95	25	95	
33	14	35	
66	39	78	
92	74	63	
28	23	21	
43	67	72	
23	35	24	
25	19	30	
66	60	47	
79	11	90	
51	69	40	
57	65	71	
17	19	21	
85	85	89	
20	14	21	
32	12	36	
80	30	124	
85	30	123	
72	104	59	
83	57	45	
33	43	50	
49	41	51	
45	29	32	
17	24	10	
40	62	56	
38	25	49	
49	51	60	
Distance matrix
0	49.5	75.5	52	33	14	89	42	88	27.5	68.5	14	72.5	76	60.5	90	57	72	71	87.5	68.5	51	48.5	76.5	56.5	50.5	32.5	49.5	76	60	86.5	27.5	40.5	19.5	82	51.5	88	47	39.5	74	21	32	51	45.5	10	83	74	79.5	28.5	66.5	19	
49.5	0	50	36.5	42.5	43.5	61.5	26.5	42.5	48	53	61.5	23	34.5	45	40.5	23.5	56.5	55.5	48	37	24.5	27	61	19	35	37	34	60.5	20.5	69	42	35	44	48.5	24	52.5	31.5	36	36.5	40.5	41.5	24.5	30	49.5	47.5	58.5	64	47	19	56.5	
75.5	50	0	37.5	66.5	69.5	35.5	37.5	16.5	72	7	85.5	27	23.5	39	14.5	42.5	32.5	31.5	22	31	48.5	51	37	43	41	63	40	36.5	39.5	43	68	59	70	22.5	48	26.5	42.5	60	25.5	66.5	67.5	48.5	46	75.5	21.5	34.5	40	71	33	80.5	
52	36.5	37.5	0	65	46	51	14	40	70.5	30.5	66	25.5	32	22.5	38	39	34	33	45.5	30.5	43	45.5	38.5	41.5	17.5	39.5	16.5	38	38	48.5	44.5	37.5	46.5	44	46.5	50	19	58.5	34	43	44	43	22.5	52	45	36	41.5	69.5	31.5	61	
33	42.5	66.5	65	0	19	78	55	59	19.5	73.5	33	39.5	51	61.5	57	40	85	84	64.5	53.5	36	33.5	85.5	25.5	61.5	39.5	62.5	89	37	85.5	34.5	41.5	32.5	65	20.5	69	60	12.5	53	34	35	36	56.5	33	64	83	82.5	18.5	35.5	28	
14	43.5	69.5	46	19	0	83	36	78	36.5	62.5	28	58.5	70	54.5	76	51	66	65	81.5	62.5	45	42.5	70.5	44.5	44.5	26.5	43.5	70	54	80.5	21.5	34.5	13.5	76	39.5	82	41	31.5	68	15	26	45	39.5	14	77	68	73.5	37.5	54.5	23	
89	61.5	35.5	51	78	83	0	51	23	83.5	42.5	97	38.5	35	50.5	21	54	17	18	23.5	42.5	60	62.5	30.5	54.5	54.5	76.5	53.5	13	51	29.5	81.5	70.5	83.5	29	59.5	23	56	71.5	37	80	79	60	59.5	89	28	33	31.5	82.5	44.5	92	
42	26.5	37.5	14	55	36	51	0	50	64.5	30.5	56	30.5	38	22.5	48	29	34	33	49.5	30.5	33	35.5	38.5	41.5	12.5	29.5	11.5	38	32	48.5	34.5	27.5	36.5	44	46.5	50	5	56.5	36	33	34	33	12.5	42	45	36	41.5	65.5	31.5	51	
88	42.5	16.5	40	59	78	23	50	0	64.5	23.5	78	19.5	16	31.5	2	35	40	39	9.5	23.5	41	43.5	30.5	35.5	41.5	59.5	42.5	36	32	30.5	64.5	51.5	72.5	6	40.5	14	45	52.5	18	71	60	41	46.5	82	5	28	27.5	63.5	25.5	73	
27.5	48	72	70.5	19.5	36.5	83.5	64.5	64.5	0	79	23.5	45	56.5	67	62.5	45.5	94.5	93.5	70	59	41.5	39	91	31	67	45	68	96.5	42.5	91	40	47	38	70.5	26	74.5	65.5	18	58.5	41.5	40.5	41.5	62	32.5	69.5	88.5	88	1	41	23.5	
68.5	53	7	30.5	73.5	62.5	42.5	30.5	23.5	79	0	82.5	34	30.5	34	21.5	49.5	25.5	24.5	29	38	55.5	58	30	50	34	56	33	29.5	46.5	40	61	54	63	29.5	55	33.5	35.5	67	32.5	59.5	60.5	55.5	39	68.5	28.5	27.5	33	78	40	77.5	
14	61.5	85.5	66	33	28	97	56	78	23.5	82.5	0	58.5	70	74.5	76	59	86	85	83.5	72.5	55	52.5	90.5	44.5	64.5	46.5	63.5	90	56	100.5	41.5	54.5	33.5	84	39.5	88	61	31.5	72	35	46	55	59.5	24	83	88	93.5	22.5	54.5	33	
72.5	23	27	25.5	39.5	58.5	38.5	30.5	19.5	45	34	58.5	0	11.5	22	17.5	15.5	55.5	56.5	25	14	21.5	24	46	16	22	40	23	51.5	12.5	46	45	32	53	25.5	21	29.5	25.5	33	13.5	51.5	40.5	21.5	27	62.5	24.5	43.5	43	44	6	53.5	
76	34.5	23.5	32	51	70	35	38	16	56.5	30.5	70	11.5	0	23.5	14	27	48	47	21.5	15.5	33	35.5	42.5	27.5	33.5	51.5	34.5	48	24	42.5	56.5	43.5	64.5	22	32.5	26	37	44.5	2	63	52	33	38.5	74	21	40	39.5	55.5	17.5	65	
60.5	45	39	22.5	61.5	54.5	50.5	22.5	31.5	67	34	74.5	22	23.5	0	29.5	37.5	37.5	36.5	37	8	43.5	46	42	38	26	48	25	41.5	34.5	52	53	46	55	37.5	43	41.5	27.5	55	25.5	51.5	52.5	43.5	31	60.5	36.5	39.5	45	66	28	69.5	
90	40.5	14.5	38	57	76	21	48	2	62.5	21.5	76	17.5	14	29.5	0	33	38	39	7.5	21.5	39	41.5	28.5	33.5	39.5	57.5	40.5	34	30	28.5	62.5	49.5	70.5	8	38.5	12	43	50.5	16	69	58	39	44.5	80	7	26	25.5	61.5	23.5	71	
57	23.5	42.5	39	40	51	54	29	35	45.5	49.5	59	15.5	27	37.5	33	0	59	58	40.5	29.5	22	24.5	61.5	16.5	37.5	40.5	36.5	63	3	61.5	45.5	32.5	51.5	41	21.5	45	34	33.5	29	48	41	22	32.5	57	40	59	58.5	44.5	11.5	54	
72	56.5	32.5	34	85	66	17	34	40	94.5	25.5	86	55.5	48	37.5	38	59	0	1	34.5	45.5	63	65.5	13.5	71.5	37.5	59.5	36.5	4	62	18.5	64.5	57.5	66.5	34	76.5	30	39	86.5	46	63	64	63	42.5	72	35	16	16.5	95.5	61.5	81	
71	55.5	31.5	33	84	65	18	33	39	93.5	24.5	85	56.5	47	36.5	39	58	1	0	33.5	44.5	62	64.5	12.5	72.5	36.5	58.5	35.5	5	61	17.5	63.5	56.5	65.5	33	77.5	29	38	85.5	45	62	63	62	41.5	71	34	15	15.5	94.5	62.5	80	
87.5	48	22	45.5	64.5	81.5	23.5	49.5	9.5	70	29	83.5	25	21.5	37	7.5	40.5	34.5	33.5	0	29	46.5	49	31	41	47	65	48	36.5	37.5	31	70	57	78	15.5	46	14.5	50.5	58	23.5	76.5	65.5	46.5	52	87.5	14.5	28.5	28	69	31	78.5	
68.5	37	31	30.5	53.5	62.5	42.5	30.5	23.5	59	38	72.5	14	15.5	8	21.5	29.5	45.5	44.5	29	0	35.5	38	50	30	34	54	33	49.5	26.5	50	59	46	63	29.5	35	33.5	35.5	47	17.5	59.5	54.5	35.5	39	68.5	28.5	47.5	47	58	20	67.5	
51	24.5	48.5	43	36	45	60	33	41	41.5	55.5	55	21.5	33	43.5	39	22	63	62	46.5	35.5	0	20.5	67.5	12.5	41.5	36.5	40.5	67	19	67.5	41.5	28.5	45.5	47	17.5	51	38	29.5	35	42	37	0	36.5	51	46	65	64.5	40.5	17.5	50	
48.5	27	51	45.5	33.5	42.5	62.5	35.5	43.5	39	58	52.5	24	35.5	46	41.5	24.5	65.5	64.5	49	38	20.5	0	70	8	44	34	43	69.5	21.5	70	39	8	43	49.5	15	53.5	40.5	27	37.5	39.5	34.5	20.5	39	48.5	48.5	67.5	67	38	20	47.5	
76.5	61	37	38.5	85.5	70.5	30.5	38.5	30.5	91	30	90.5	46	42.5	42	28.5	61.5	13.5	12.5	31	50	67.5	70	0	62	42	64	41	17.5	58.5	28	69	62	71	36.5	67	30.5	43.5	79	44.5	67.5	68.5	67.5	47	76.5	35.5	20.5	3	90	52	85.5	
56.5	19	43	41.5	25.5	44.5	54.5	41.5	35.5	31	50	44.5	16	27.5	38	33.5	16.5	71.5	72.5	41	30	12.5	8	62	0	38	26	39	67.5	13.5	62	31	16	39	41.5	7	45.5	36.5	19	29.5	37.5	26.5	12.5	33	48.5	40.5	59.5	59	30	12	39.5	
50.5	35	41	17.5	61.5	44.5	54.5	12.5	41.5	67	34	64.5	22	33.5	26	39.5	37.5	37.5	36.5	47	34	41.5	44	42	38	0	38	1	41.5	34.5	52	43	36	45	47.5	43	51.5	17.5	55	35.5	41.5	42.5	41.5	21	50.5	46.5	39.5	45	66	28	59.5	
32.5	37	63	39.5	39.5	26.5	76.5	29.5	59.5	45	56	46.5	40	51.5	48	57.5	40.5	59.5	58.5	65	54	36.5	34	64	26	38	0	37	63.5	37.5	74	25	28	27	65.5	19	69.5	34.5	33	53.5	23.5	24.5	36.5	33	32.5	64.5	61.5	67	44	36	41.5	
49.5	34	40	16.5	62.5	43.5	53.5	11.5	42.5	68	33	63.5	23	34.5	25	40.5	36.5	36.5	35.5	48	33	40.5	43	41	39	1	37	0	40.5	35.5	51	42	35	44	46.5	44	52.5	16.5	56	36.5	40.5	41.5	40.5	20	49.5	47.5	38.5	44	67	29	58.5	
76	60.5	36.5	38	89	70	13	38	36	96.5	29.5	90	51.5	48	41.5	34	63	4	5	36.5	49.5	67	69.5	17.5	67.5	41.5	63.5	40.5	0	64	22.5	68.5	61.5	70.5	38	72.5	34	43	84.5	50	67	68	67	46.5	76	39	20	20.5	95.5	57.5	85	
60	20.5	39.5	38	37	54	51	32	32	42.5	46.5	56	12.5	24	34.5	30	3	62	61	37.5	26.5	19	21.5	58.5	13.5	34.5	37.5	35.5	64	0	58.5	42.5	29.5	50.5	38	18.5	42	33	30.5	26	49	38	19	29.5	60	37	56	55.5	41.5	8.5	51	
86.5	69	43	48.5	85.5	80.5	29.5	48.5	30.5	91	40	100.5	46	42.5	52	28.5	61.5	18.5	17.5	31	50	67.5	70	28	62	52	74	51	22.5	58.5	0	79	72	81	36.5	67	30.5	53.5	79	44.5	77.5	78.5	67.5	57	86.5	35.5	30.5	31	90	52	95.5	
27.5	42	68	44.5	34.5	21.5	81.5	34.5	64.5	40	61	41.5	45	56.5	53	62.5	45.5	64.5	63.5	70	59	41.5	39	69	31	43	25	42	68.5	42.5	79	0	33	22	70.5	26	74.5	39.5	28	58.5	18.5	24.5	41.5	38	27.5	69.5	66.5	72	39	41	36.5	
40.5	35	59	37.5	41.5	34.5	70.5	27.5	51.5	47	54	54.5	32	43.5	46	49.5	32.5	57.5	56.5	57	46	28.5	8	62	16	36	28	35	61.5	29.5	72	33	0	35	57.5	23	61.5	32.5	35	45.5	31.5	32.5	28.5	31	40.5	56.5	59.5	65	46	28	49.5	
19.5	44	70	46.5	32.5	13.5	83.5	36.5	72.5	38	63	33.5	53	64.5	55	70.5	51.5	66.5	65.5	78	63	45.5	43	71	39	45	27	44	70.5	50.5	81	22	35	0	76.5	34	82.5	41.5	20	66.5	15.5	26.5	45.5	40	19.5	77.5	68.5	74	37	49	28.5	
82	48.5	22.5	44	65	76	29	44	6	70.5	29.5	84	25.5	22	37.5	8	41	34	33	15.5	29.5	47	49.5	36.5	41.5	47.5	65.5	46.5	38	38	36.5	70.5	57.5	76.5	0	46.5	20	49	58.5	24	73	66	47	52.5	82	1	34	33.5	69.5	31.5	79	
51.5	24	48	46.5	20.5	39.5	59.5	46.5	40.5	26	55	39.5	21	32.5	43	38.5	21.5	76.5	77.5	46	35	17.5	15	67	7	43	19	44	72.5	18.5	67	26	23	34	46.5	0	50.5	41.5	14	34.5	32.5	21.5	17.5	38	43.5	45.5	64.5	64	25	17	34.5	
88	52.5	26.5	50	69	82	23	50	14	74.5	33.5	88	29.5	26	41.5	12	45	30	29	14.5	33.5	51	53.5	30.5	45.5	51.5	69.5	52.5	34	42	30.5	74.5	61.5	82.5	20	50.5	0	55	62.5	28	79	70	51	56.5	88	19	14	27.5	73.5	35.5	83	
47	31.5	42.5	19	60	41	56	5	45	65.5	35.5	61	25.5	37	27.5	43	34	39	38	50.5	35.5	38	40.5	43.5	36.5	17.5	34.5	16.5	43	33	53.5	39.5	32.5	41.5	49	41.5	55	0	53.5	39	38	39	38	17.5	47	50	41	46.5	64.5	26.5	56	
39.5	36	60	58.5	12.5	31.5	71.5	56.5	52.5	18	67	31.5	33	44.5	55	50.5	33.5	86.5	85.5	58	47	29.5	27	79	19	55	33	56	84.5	30.5	79	28	35	20	58.5	14	62.5	53.5	0	46.5	29.5	28.5	29.5	50	35.5	57.5	76.5	76	17	29	26.5	
74	36.5	25.5	34	53	68	37	36	18	58.5	32.5	72	13.5	2	25.5	16	29	46	45	23.5	17.5	35	37.5	44.5	29.5	35.5	53.5	36.5	50	26	44.5	58.5	45.5	66.5	24	34.5	28	39	46.5	0	65	54	35	40.5	74	23	42	41.5	57.5	19.5	67	
21	40.5	66.5	43	34	15	80	33	71	41.5	59.5	35	51.5	63	51.5	69	48	63	62	76.5	59.5	42	39.5	67.5	37.5	41.5	23.5	40.5	67	49	77.5	18.5	31.5	15.5	73	32.5	79	38	29.5	65	0	23	42	36.5	21	74	65	70.5	40.5	47.5	30	
32	41.5	67.5	44	35	26	79	34	60	40.5	60.5	46	40.5	52	52.5	58	41	64	63	65.5	54.5	37	34.5	68.5	26.5	42.5	24.5	41.5	68	38	78.5	24.5	32.5	26.5	66	21.5	70	39	28.5	54	23	0	37	37.5	32	65	66	71.5	39.5	36.5	41	
51	24.5	48.5	43	36	45	60	33	41	41.5	55.5	55	21.5	33	43.5	39	22	63	62	46.5	35.5	0	20.5	67.5	12.5	41.5	36.5	40.5	67	19	67.5	41.5	28.5	45.5	47	17.5	51	38	29.5	35	42	37	0	36.5	51	46	65	64.5	40.5	17.5	50	
45.5	30	46	22.5	56.5	39.5	59.5	12.5	46.5	62	39	59.5	27	38.5	31	44.5	32.5	42.5	41.5	52	39	36.5	39	47	33	21	33	20	46.5	29.5	57	38	31	40	52.5	38	56.5	17.5	50	40.5	36.5	37.5	36.5	0	45.5	51.5	44.5	50	61	21	54.5	
10	49.5	75.5	52	33	14	89	42	82	32.5	68.5	24	62.5	74	60.5	80	57	72	71	87.5	68.5	51	48.5	76.5	48.5	50.5	32.5	49.5	76	60	86.5	27.5	40.5	19.5	82	43.5	88	47	35.5	74	21	32	51	45.5	0	83	74	79.5	31.5	58.5	9	
83	47.5	21.5	45	64	77	28	45	5	69.5	28.5	83	24.5	21	36.5	7	40	35	34	14.5	28.5	46	48.5	35.5	40.5	46.5	64.5	47.5	39	37	35.5	69.5	56.5	77.5	1	45.5	19	50	57.5	23	74	65	46	51.5	83	0	33	32.5	68.5	30.5	78	
74	58.5	34.5	36	83	68	33	36	28	88.5	27.5	88	43.5	40	39.5	26	59	16	15	28.5	47.5	65	67.5	20.5	59.5	39.5	61.5	38.5	20	56	30.5	66.5	59.5	68.5	34	64.5	14	41	76.5	42	65	66	65	44.5	74	33	0	23.5	87.5	49.5	83	
79.5	64	40	41.5	82.5	73.5	31.5	41.5	27.5	88	33	93.5	43	39.5	45	25.5	58.5	16.5	15.5	28	47	64.5	67	3	59	45	67	44	20.5	55.5	31	72	65	74	33.5	64	27.5	46.5	76	41.5	70.5	71.5	64.5	50	79.5	32.5	23.5	0	87	49	88.5	
28.5	47	71	69.5	18.5	37.5	82.5	65.5	63.5	1	78	22.5	44	55.5	66	61.5	44.5	95.5	94.5	69	58	40.5	38	90	30	66	44	67	95.5	41.5	90	39	46	37	69.5	25	73.5	64.5	17	57.5	40.5	39.5	40.5	61	31.5	68.5	87.5	87	0	40	22.5	
66.5	19	33	31.5	35.5	54.5	44.5	31.5	25.5	41	40	54.5	6	17.5	28	23.5	11.5	61.5	62.5	31	20	17.5	20	52	12	28	36	29	57.5	8.5	52	41	28	49	31.5	17	35.5	26.5	29	19.5	47.5	36.5	17.5	21	58.5	30.5	49.5	49	40	0	49.5	
19	56.5	80.5	61	28	23	92	51	73	23.5	77.5	33	53.5	65	69.5	71	54	81	80	78.5	67.5	50	47.5	85.5	39.5	59.5	41.5	58.5	85	51	95.5	36.5	49.5	28.5	79	34.5	83	56	26.5	67	30	41	50	54.5	9	78	83	88.5	22.5	49.5	0	
