Number of items: 50
Horizon: 12
Time limit: 500
Load limit: 3000
Initial item inventory level
67
43
150
24
186
237
105
147
156
192
261
51
43
114
21
63
94
182
44
100
148
16
36
87
58
196
231
88
51
228
112
135
222
57
172
48
176
252
97
76
129
46
100
50
123
86
172
160
17
78
Maximum inventory capacity per item
134
86
225
48
248
316
140
196
234
256
348
68
86
171
42
126
141
273
66
150
222
32
54
174
116
294
308
176
68
304
168
180
296
76
258
64
264
336
194
152
172
92
150
75
164
129
258
240
34
156
Reserve storage replenishment rate per item and per period
402	0	0	402	0	0	402	0	0	402	0	0	
258	0	0	258	0	0	258	0	0	258	0	0	
450	0	0	450	0	0	450	0	0	450	0	0	
144	0	0	144	0	0	144	0	0	144	0	0	
372	0	0	372	0	0	372	0	0	372	0	0	
474	0	0	474	0	0	474	0	0	474	0	0	
210	0	0	210	0	0	210	0	0	210	0	0	
294	0	0	294	0	0	294	0	0	294	0	0	
468	0	0	468	0	0	468	0	0	468	0	0	
384	0	0	384	0	0	384	0	0	384	0	0	
522	0	0	522	0	0	522	0	0	522	0	0	
102	0	0	102	0	0	102	0	0	102	0	0	
258	0	0	258	0	0	258	0	0	258	0	0	
342	0	0	342	0	0	342	0	0	342	0	0	
126	0	0	126	0	0	126	0	0	126	0	0	
378	0	0	378	0	0	378	0	0	378	0	0	
282	0	0	282	0	0	282	0	0	282	0	0	
546	0	0	546	0	0	546	0	0	546	0	0	
132	0	0	132	0	0	132	0	0	132	0	0	
300	0	0	300	0	0	300	0	0	300	0	0	
444	0	0	444	0	0	444	0	0	444	0	0	
96	0	0	96	0	0	96	0	0	96	0	0	
108	0	0	108	0	0	108	0	0	108	0	0	
522	0	0	522	0	0	522	0	0	522	0	0	
348	0	0	348	0	0	348	0	0	348	0	0	
588	0	0	588	0	0	588	0	0	588	0	0	
462	0	0	462	0	0	462	0	0	462	0	0	
528	0	0	528	0	0	528	0	0	528	0	0	
102	0	0	102	0	0	102	0	0	102	0	0	
456	0	0	456	0	0	456	0	0	456	0	0	
336	0	0	336	0	0	336	0	0	336	0	0	
270	0	0	270	0	0	270	0	0	270	0	0	
444	0	0	444	0	0	444	0	0	444	0	0	
114	0	0	114	0	0	114	0	0	114	0	0	
516	0	0	516	0	0	516	0	0	516	0	0	
96	0	0	96	0	0	96	0	0	96	0	0	
528	0	0	528	0	0	528	0	0	528	0	0	
504	0	0	504	0	0	504	0	0	504	0	0	
582	0	0	582	0	0	582	0	0	582	0	0	
456	0	0	456	0	0	456	0	0	456	0	0	
258	0	0	258	0	0	258	0	0	258	0	0	
276	0	0	276	0	0	276	0	0	276	0	0	
300	0	0	300	0	0	300	0	0	300	0	0	
150	0	0	150	0	0	150	0	0	150	0	0	
246	0	0	246	0	0	246	0	0	246	0	0	
258	0	0	258	0	0	258	0	0	258	0	0	
516	0	0	516	0	0	516	0	0	516	0	0	
480	0	0	480	0	0	480	0	0	480	0	0	
102	0	0	102	0	0	102	0	0	102	0	0	
468	0	0	468	0	0	468	0	0	468	0	0	
Forward storage demand rate per item and per period
67	62	72	76	79	98	43	39	56	108	107	38	
43	45	22	28	33	19	77	41	47	34	41	45	
75	137	94	137	109	81	105	47	125	82	63	44	
24	19	11	9	15	22	14	21	40	14	11	12	
62	20	54	74	89	38	69	70	44	75	22	69	
79	103	50	100	123	105	87	79	94	70	41	96	
35	35	41	55	55	31	28	23	59	39	2	31	
49	46	43	55	18	8	53	58	10	33	57	89	
78	49	109	50	98	101	106	25	54	36	63	104	
64	81	89	57	38	54	59	16	29	66	57	88	
87	103	125	83	133	86	82	13	143	72	87	143	
17	16	25	28	4	12	20	7	27	25	21	11	
43	6	77	42	60	58	73	32	40	44	28	39	
57	66	55	31	74	89	46	70	59	45	63	63	
21	10	19	22	26	11	10	26	25	6	7	24	
63	92	55	53	58	32	57	23	55	67	42	73	
47	60	78	5	43	48	33	25	46	29	51	52	
91	107	133	37	102	111	101	116	165	162	15	86	
22	18	24	20	33	41	27	19	31	24	14	24	
50	35	49	37	29	75	40	29	32	59	63	80	
74	45	75	118	48	128	130	72	44	87	87	70	
16	25	21	10	17	20	6	14	16	11	26	15	
18	16	30	28	10	14	17	33	24	30	14	13	
87	44	61	84	84	110	68	138	81	96	96	142	
58	46	33	88	56	72	33	65	70	71	106	62	
98	128	119	160	53	91	91	70	137	178	57	131	
77	132	70	106	118	45	61	138	23	37	109	68	
88	34	52	126	107	9	62	89	166	79	99	92	
17	15	23	17	22	13	9	30	30	10	26	10	
76	92	26	121	84	102	58	25	4	70	91	121	
56	29	25	92	97	78	81	16	41	66	34	50	
45	59	45	58	30	41	34	39	45	17	33	68	
74	56	98	107	64	49	83	124	100	117	95	37	
19	28	23	15	30	13	15	3	30	20	22	21	
86	121	103	24	95	103	124	65	131	61	39	102	
16	7	29	13	24	20	17	16	15	7	15	28	
88	80	91	71	66	94	144	64	70	80	92	123	
84	115	83	138	76	38	88	110	69	62	121	25	
97	134	76	97	72	104	130	38	63	139	142	119	
76	118	123	69	98	41	84	109	91	58	115	63	
43	44	78	35	58	47	25	63	36	74	42	32	
46	15	60	37	37	51	35	49	47	65	24	38	
50	67	38	52	63	44	42	25	74	62	86	76	
25	10	47	28	36	34	12	18	37	34	26	30	
41	27	50	26	34	52	13	41	54	29	73	57	
43	57	81	46	83	53	78	38	24	11	20	74	
86	76	21	100	72	121	3	38	57	96	111	147	
80	28	68	65	21	26	42	133	120	60	84	67	
17	10	24	13	20	15	7	8	20	14	33	31	
78	66	75	91	121	107	70	28	75	41	98	43	
Distance matrix
0	21.5	13	10	76	41	37	53	94	34	3.5	57	36.5	74.5	57.5	19	42	33.5	30.5	7.5	92.5	31.5	51	73	36	68	33	32	64.5	40.5	74.5	54.5	48	66.5	55	53	91.5	65	52	41.5	39.5	30	57	44.5	6.5	43.5	56.5	80.5	25.5	52.5	45.5	
21.5	0	14.5	31.5	62.5	27.5	36.5	39.5	80.5	20.5	20	43.5	23	61	44	30.5	28.5	20	37	24	79	18	37.5	59.5	27.5	50.5	19.5	18.5	49	19	61	41	34.5	53	41.5	39.5	78	51.5	38.5	20	26	31.5	43.5	23	23	22	43	67	22	39	32	
13	14.5	0	23	69	34	24	46	87	27	11.5	50	29.5	67.5	50.5	22	35	26.5	28.5	15.5	85.5	24.5	44	66	29	59	26	25	57.5	33.5	67.5	47.5	41	59.5	48	46	84.5	58	45	34.5	32.5	17	50	37.5	14.5	36.5	49.5	73.5	18.5	45.5	38.5	
10	31.5	23	0	86	49	33	63	96	44	13.5	67	46.5	84.5	67.5	29	52	43.5	34.5	17.5	92.5	41.5	61	83	44	62	43	42	60.5	44.5	84.5	64.5	58	76.5	65	63	93.5	75	62	43.5	49.5	40	67	40.5	16.5	41.5	66.5	90.5	35.5	62.5	55.5	
76	62.5	69	86	0	77	87	39	18	60	74.5	53	47.5	15.5	38.5	85	48	44.5	91.5	78.5	31.5	52.5	37	39	82	56	59	58	59.5	81.5	35.5	35.5	54	37.5	61	39	32.5	41	28	82.5	50.5	86	53	79.5	77.5	80.5	57.5	31.5	76.5	33.5	56.5	
41	27.5	34	49	77	0	22	54	65	35	39.5	42	37.5	75.5	56.5	40	43	34.5	28.5	43.5	61.5	32.5	52	56	23	31	34	33	29.5	18.5	59.5	55.5	41	57.5	34	54	62.5	54	53	17.5	40.5	29	42	14.5	42.5	15.5	37.5	63.5	33.5	53.5	38.5	
37	36.5	24	33	87	22	0	60	69	39	35.5	46	51.5	83.5	60.5	24	51	50.5	12.5	35.5	65.5	46.5	62	60	17	35	40	41	33.5	17.5	63.5	63.5	45	61.5	38	60	66.5	58	69	16.5	48.5	7	46	13.5	36.5	14.5	41.5	67.5	22.5	65.5	42.5	
53	39.5	46	63	39	54	60	0	53	37	51.5	30	24.5	37.5	20.5	62	25	21.5	66.5	55.5	49.5	29.5	2	36	59	29	36	35	32.5	56.5	37.5	17.5	31	29.5	38	0	50.5	28	15	55.5	27.5	63	30	52.5	54.5	53.5	34.5	43.5	53.5	15.5	33.5	
94	80.5	87	96	18	65	69	53	0	72	92.5	49	65.5	31.5	48.5	87	64	62.5	75.5	96.5	13.5	70.5	55	33	70	38	73	74	41.5	65.5	31.5	51.5	58	39.5	51	53	14.5	41	46	64.5	66.5	76	49	61.5	95.5	62.5	49.5	25.5	80.5	51.5	60.5	
34	20.5	27	44	60	35	39	37	72	0	32.5	41	20.5	58.5	41.5	43	26	17.5	45.5	36.5	68.5	15.5	35	57	40	38	1	2	36.5	35.5	58.5	38.5	32	50.5	39	37	69.5	49	36	34.5	23.5	44	41	31.5	35.5	32.5	40.5	64.5	34.5	36.5	29.5	
3.5	20	11.5	13.5	74.5	39.5	35.5	51.5	92.5	32.5	0	55.5	35	73	56	17.5	40.5	32	29	4	91	30	49.5	71.5	34.5	66.5	31.5	30.5	63	39	73	53	46.5	65	53.5	51.5	90	63.5	50.5	40	38	28.5	55.5	43	3	42	55	79	24	51	44	
57	43.5	50	67	53	42	46	30	49	41	55.5	0	28.5	51.5	34.5	64	29	25.5	52.5	59.5	45.5	33.5	28	40	47	11	40	39	18.5	42.5	43.5	31.5	35	41.5	28	30	46.5	38	29	41.5	31.5	53	0	38.5	58.5	39.5	26.5	47.5	57.5	29.5	37.5	
36.5	23	29.5	46.5	47.5	37.5	51.5	24.5	65.5	20.5	35	28.5	0	46	29	45.5	13.5	3	52	39	64	13	22.5	44.5	42.5	35.5	19.5	18.5	34	42	46	26	19.5	38	26.5	24.5	63	36.5	23.5	43	3	46.5	28.5	44	38	45	28	52	37	24	9	
74.5	61	67.5	84.5	15.5	75.5	83.5	37.5	31.5	58.5	73	51.5	46	0	37	83.5	46.5	43	90	77	18	51	35.5	37.5	80.5	52.5	57.5	56.5	56	80	34	34	52.5	36	59.5	37.5	17	39.5	26.5	79	49	84.5	51.5	76	76	77	56	30	75	32	55	
57.5	44	50.5	67.5	38.5	56.5	60.5	20.5	48.5	41.5	56	34.5	29	37	0	66.5	29.5	26	67	60	45	34	18.5	35.5	61.5	29.5	40.5	39.5	33	57	37	3	35.5	29	42.5	20.5	46	27.5	14.5	56	32	67.5	34.5	53	59	54	39	43	58	5	38	
19	30.5	22	29	85	40	24	62	87	43	17.5	64	45.5	83.5	66.5	0	51	42.5	25.5	21.5	83.5	40.5	60	78	35	53	42	41	51.5	35.5	81.5	63.5	57	75.5	56	62	84.5	74	61	34.5	48.5	31	64	31.5	20.5	32.5	59.5	85.5	34.5	61.5	54.5	
42	28.5	35	52	48	43	51	25	64	26	40.5	29	13.5	46.5	29.5	51	0	10.5	57.5	44.5	60.5	18.5	23	45	48	30	25	24	28.5	47.5	46.5	26.5	6	38.5	13	25	61.5	37	24	46.5	16.5	52	29	43.5	43.5	44.5	28.5	52.5	42.5	24.5	22.5	
33.5	20	26.5	43.5	44.5	34.5	50.5	21.5	62.5	17.5	32	25.5	3	43	26	42.5	10.5	0	49	36	61	10	19.5	41.5	39.5	36.5	16.5	15.5	33	39	43	23	16.5	35	23.5	21.5	60	33.5	20.5	40	6	43.5	25.5	43	35	42	25	49	34	21	12	
30.5	37	28.5	34.5	91.5	28.5	12.5	66.5	75.5	45.5	29	52.5	52	90	67	25.5	57.5	49	0	33	72	47	66.5	66.5	23.5	41.5	46.5	47.5	40	24	70	70	51.5	68	44.5	66.5	73	64.5	67.5	23	55	19.5	52.5	20	32	21	48	74	29	68	49	
7.5	24	15.5	17.5	78.5	43.5	35.5	55.5	96.5	36.5	4	59.5	39	77	60	21.5	44.5	36	33	0	95	34	53.5	75.5	38.5	64.5	35.5	34.5	63	43	77	57	50.5	69	57.5	55.5	94	67.5	54.5	44	42	32.5	59.5	43	1	44	59	83	28	55	48	
92.5	79	85.5	92.5	31.5	61.5	65.5	49.5	13.5	68.5	91	45.5	64	18	45	83.5	60.5	61	72	95	0	69	51.5	29.5	66.5	34.5	69.5	70.5	38	62	28	48	54.5	36	47.5	49.5	1	37.5	44.5	61	63	72.5	45.5	58	94	59	46	22	77	50	57	
31.5	18	24.5	41.5	52.5	32.5	46.5	29.5	70.5	15.5	30	33.5	13	51	34	40.5	18.5	10	47	34	69	0	27.5	49.5	37.5	40.5	14.5	13.5	39	37	51	31	24.5	43	31.5	29.5	68	41.5	28.5	38	16	41.5	33.5	39	33	40	33	57	32	29	22	
51	37.5	44	61	37	52	62	2	55	35	49.5	28	22.5	35.5	18.5	60	23	19.5	66.5	53.5	51.5	27.5	0	34	57	31	34	33	34.5	56.5	35.5	15.5	29	27.5	36	2	52.5	26	13	57.5	25.5	61	28	54.5	52.5	55.5	32.5	41.5	51.5	13.5	31.5	
73	59.5	66	83	39	56	60	36	33	57	71.5	40	44.5	37.5	35.5	78	45	41.5	66.5	75.5	29.5	49.5	34	0	61	29	56	55	32.5	56.5	27.5	32.5	49	30.5	42	36	30.5	32	25	55.5	47.5	67	40	52.5	74.5	53.5	40.5	31.5	71.5	30.5	51.5	
36	27.5	29	44	82	23	17	59	70	40	34.5	47	42.5	80.5	61.5	35	48	39.5	23.5	38.5	66.5	37.5	57	61	0	36	39	38	34.5	18.5	64.5	60.5	46	62.5	39	59	67.5	59	58	17.5	45.5	24	47	14.5	37.5	15.5	42.5	68.5	28.5	58.5	43.5	
68	50.5	59	62	56	31	35	29	38	38	66.5	11	35.5	52.5	29.5	53	30	36.5	41.5	64.5	34.5	40.5	31	29	36	0	39	40	7.5	31.5	32.5	32.5	24	30.5	17	29	35.5	27	40	30.5	32.5	42	11	27.5	65.5	28.5	15.5	36.5	46.5	34.5	26.5	
33	19.5	26	43	59	34	40	36	73	1	31.5	40	19.5	57.5	40.5	42	25	16.5	46.5	35.5	69.5	14.5	34	56	39	39	0	1	37.5	36.5	57.5	37.5	31	49.5	38	36	70.5	48	35	35.5	22.5	43	40	32.5	34.5	33.5	39.5	63.5	33.5	35.5	28.5	
32	18.5	25	42	58	33	41	35	74	2	30.5	39	18.5	56.5	39.5	41	24	15.5	47.5	34.5	70.5	13.5	33	55	38	40	1	0	38.5	37.5	56.5	36.5	30	48.5	37	35	71.5	47	34	36.5	21.5	42	39	33.5	33.5	34.5	38.5	62.5	32.5	34.5	27.5	
64.5	49	57.5	60.5	59.5	29.5	33.5	32.5	41.5	36.5	63	18.5	34	56	33	51.5	28.5	33	40	63	38	39	34.5	32.5	34.5	7.5	37.5	38.5	0	30	36	36	22.5	34	15.5	32.5	39	30.5	41.5	29	31	40.5	18.5	26	64	27	8	40	45	38	25	
40.5	19	33.5	44.5	81.5	18.5	17.5	56.5	65.5	35.5	39	42.5	42	80	57	35.5	47.5	39	24	43	62	37	56.5	56.5	18.5	31.5	36.5	37.5	30	0	60	60	41.5	58	34.5	56.5	63	54.5	57.5	1	45	24.5	42.5	4	42	3	38	64	29	58	39	
74.5	61	67.5	84.5	35.5	59.5	63.5	37.5	31.5	58.5	73	43.5	46	34	37	81.5	46.5	43	70	77	28	51	35.5	27.5	64.5	32.5	57.5	56.5	36	60	0	34	52.5	34	45.5	37.5	29	35.5	26.5	59	49	70.5	43.5	56	76	57	44	30	75	32	55	
54.5	41	47.5	64.5	35.5	55.5	63.5	17.5	51.5	38.5	53	31.5	26	34	3	63.5	26.5	23	70	57	48	31	15.5	32.5	60.5	32.5	37.5	36.5	36	60	34	0	32.5	26	39.5	17.5	49	24.5	11.5	59	29	64.5	31.5	56	56	57	36	40	55	2	35	
48	34.5	41	58	54	41	45	31	58	32	46.5	35	19.5	52.5	35.5	57	6	16.5	51.5	50.5	54.5	24.5	29	49	46	24	31	30	22.5	41.5	52.5	32.5	0	44.5	7	31	55.5	43	30	40.5	22.5	52	35	37.5	49.5	38.5	30.5	56.5	48.5	30.5	28.5	
66.5	53	59.5	76.5	37.5	57.5	61.5	29.5	39.5	50.5	65	41.5	38	36	29	75.5	38.5	35	68	69	36	43	27.5	30.5	62.5	30.5	49.5	48.5	34	58	34	26	44.5	0	43.5	29.5	37	31.5	18.5	57	41	68.5	41.5	54	68	55	42	38	67	24	47	
55	41.5	48	65	61	34	38	38	51	39	53.5	28	26.5	59.5	42.5	56	13	23.5	44.5	57.5	47.5	31.5	36	42	39	17	38	37	15.5	34.5	45.5	39.5	7	43.5	0	38	48.5	40	37	33.5	29.5	45	28	30.5	56.5	31.5	23.5	49.5	49.5	37.5	29.5	
53	39.5	46	63	39	54	60	0	53	37	51.5	30	24.5	37.5	20.5	62	25	21.5	66.5	55.5	49.5	29.5	2	36	59	29	36	35	32.5	56.5	37.5	17.5	31	29.5	38	0	50.5	28	15	55.5	27.5	63	30	52.5	54.5	53.5	34.5	43.5	53.5	15.5	33.5	
91.5	78	84.5	93.5	32.5	62.5	66.5	50.5	14.5	69.5	90	46.5	63	17	46	84.5	61.5	60	73	94	1	68	52.5	30.5	67.5	35.5	70.5	71.5	39	63	29	49	55.5	37	48.5	50.5	0	38.5	43.5	62	64	73.5	46.5	59	93	60	47	23	78	49	58	
65	51.5	58	75	41	54	58	28	41	49	63.5	38	36.5	39.5	27.5	74	37	33.5	64.5	67.5	37.5	41.5	26	32	59	27	48	47	30.5	54.5	35.5	24.5	43	31.5	40	28	38.5	0	13	53.5	39.5	65	38	50.5	66.5	51.5	38.5	39.5	65.5	22.5	45.5	
52	38.5	45	62	28	53	69	15	46	36	50.5	29	23.5	26.5	14.5	61	24	20.5	67.5	54.5	44.5	28.5	13	25	58	40	35	34	41.5	57.5	26.5	11.5	30	18.5	37	15	43.5	13	0	58.5	26.5	62	29	61.5	53.5	60.5	33.5	32.5	52.5	9.5	32.5	
41.5	20	34.5	43.5	82.5	17.5	16.5	55.5	64.5	34.5	40	41.5	43	79	56	34.5	46.5	40	23	44	61	38	57.5	55.5	17.5	30.5	35.5	36.5	29	1	59	59	40.5	57	33.5	55.5	62	53.5	58.5	0	44	23.5	41.5	3	43	2	37	63	28	59	38	
39.5	26	32.5	49.5	50.5	40.5	48.5	27.5	66.5	23.5	38	31.5	3	49	32	48.5	16.5	6	55	42	63	16	25.5	47.5	45.5	32.5	22.5	21.5	31	45	49	29	22.5	41	29.5	27.5	64	39.5	26.5	44	0	49.5	31.5	41	41	42	31	55	40	27	6	
30	31.5	17	40	86	29	7	63	76	44	28.5	53	46.5	84.5	67.5	31	52	43.5	19.5	32.5	72.5	41.5	61	67	24	42	43	42	40.5	24.5	70.5	64.5	52	68.5	45	63	73.5	65	62	23.5	49.5	0	53	20.5	31.5	21.5	48.5	74.5	29.5	62.5	49.5	
57	43.5	50	67	53	42	46	30	49	41	55.5	0	28.5	51.5	34.5	64	29	25.5	52.5	59.5	45.5	33.5	28	40	47	11	40	39	18.5	42.5	43.5	31.5	35	41.5	28	30	46.5	38	29	41.5	31.5	53	0	38.5	58.5	39.5	26.5	47.5	57.5	29.5	37.5	
44.5	23	37.5	40.5	79.5	14.5	13.5	52.5	61.5	31.5	43	38.5	44	76	53	31.5	43.5	43	20	43	58	39	54.5	52.5	14.5	27.5	32.5	33.5	26	4	56	56	37.5	54	30.5	52.5	59	50.5	61.5	3	41	20.5	38.5	0	44	1	34	60	25	58	35	
6.5	23	14.5	16.5	77.5	42.5	36.5	54.5	95.5	35.5	3	58.5	38	76	59	20.5	43.5	35	32	1	94	33	52.5	74.5	37.5	65.5	34.5	33.5	64	42	76	56	49.5	68	56.5	54.5	93	66.5	53.5	43	41	31.5	58.5	44	0	45	58	82	27	54	47	
43.5	22	36.5	41.5	80.5	15.5	14.5	53.5	62.5	32.5	42	39.5	45	77	54	32.5	44.5	42	21	44	59	40	55.5	53.5	15.5	28.5	33.5	34.5	27	3	57	57	38.5	55	31.5	53.5	60	51.5	60.5	2	42	21.5	39.5	1	45	0	35	61	26	59	36	
56.5	43	49.5	66.5	57.5	37.5	41.5	34.5	49.5	40.5	55	26.5	28	56	39	59.5	28.5	25	48	59	46	33	32.5	40.5	42.5	15.5	39.5	38.5	8	38	44	36	30.5	42	23.5	34.5	47	38.5	33.5	37	31	48.5	26.5	34	58	35	0	48	53	34	33	
80.5	67	73.5	90.5	31.5	63.5	67.5	43.5	25.5	64.5	79	47.5	52	30	43	85.5	52.5	49	74	83	22	57	41.5	31.5	68.5	36.5	63.5	62.5	40	64	30	40	56.5	38	49.5	43.5	23	39.5	32.5	63	55	74.5	47.5	60	82	61	48	0	79	38	59	
25.5	22	18.5	35.5	76.5	33.5	22.5	53.5	80.5	34.5	24	57.5	37	75	58	34.5	42.5	34	29	28	77	32	51.5	71.5	28.5	46.5	33.5	32.5	45	29	75	55	48.5	67	49.5	53.5	78	65.5	52.5	28	40	29.5	57.5	25	27	26	53	79	0	53	46	
52.5	39	45.5	62.5	33.5	53.5	65.5	15.5	51.5	36.5	51	29.5	24	32	5	61.5	24.5	21	68	55	50	29	13.5	30.5	58.5	34.5	35.5	34.5	38	58	32	2	30.5	24	37.5	15.5	49	22.5	9.5	59	27	62.5	29.5	58	54	59	34	38	53	0	33	
45.5	32	38.5	55.5	56.5	38.5	42.5	33.5	60.5	29.5	44	37.5	9	55	38	54.5	22.5	12	49	48	57	22	31.5	51.5	43.5	26.5	28.5	27.5	25	39	55	35	28.5	47	29.5	33.5	58	45.5	32.5	38	6	49.5	37.5	35	47	36	33	59	46	33	0	
