Number of items: 50
Horizon: 9
Time limit: 500
Load limit: 3000
Initial item inventory level
48
282
154
97
184
22
246
87
174
86
219
11
78
48
47
297
168
114
96
50
96
81
58
52
168
90
84
36
132
210
38
138
62
48
288
90
44
54
23
142
138
68
264
198
104
29
240
108
15
83
Maximum inventory capacity per item
96
376
231
194
276
33
328
116
261
172
292
22
104
96
94
396
224
171
144
100
128
162
116
78
252
120
112
54
198
280
57
207
124
96
384
180
88
108
46
213
207
102
352
264
156
58
320
144
30
166
Reserve storage replenishment rate per item and per period
288	0	0	288	0	0	288	0	0	
564	0	0	564	0	0	564	0	0	
462	0	0	462	0	0	462	0	0	
582	0	0	582	0	0	582	0	0	
552	0	0	552	0	0	552	0	0	
66	0	0	66	0	0	66	0	0	
492	0	0	492	0	0	492	0	0	
174	0	0	174	0	0	174	0	0	
522	0	0	522	0	0	522	0	0	
516	0	0	516	0	0	516	0	0	
438	0	0	438	0	0	438	0	0	
66	0	0	66	0	0	66	0	0	
156	0	0	156	0	0	156	0	0	
288	0	0	288	0	0	288	0	0	
282	0	0	282	0	0	282	0	0	
594	0	0	594	0	0	594	0	0	
336	0	0	336	0	0	336	0	0	
342	0	0	342	0	0	342	0	0	
288	0	0	288	0	0	288	0	0	
300	0	0	300	0	0	300	0	0	
192	0	0	192	0	0	192	0	0	
486	0	0	486	0	0	486	0	0	
348	0	0	348	0	0	348	0	0	
156	0	0	156	0	0	156	0	0	
504	0	0	504	0	0	504	0	0	
180	0	0	180	0	0	180	0	0	
168	0	0	168	0	0	168	0	0	
108	0	0	108	0	0	108	0	0	
396	0	0	396	0	0	396	0	0	
420	0	0	420	0	0	420	0	0	
114	0	0	114	0	0	114	0	0	
414	0	0	414	0	0	414	0	0	
372	0	0	372	0	0	372	0	0	
288	0	0	288	0	0	288	0	0	
576	0	0	576	0	0	576	0	0	
540	0	0	540	0	0	540	0	0	
264	0	0	264	0	0	264	0	0	
324	0	0	324	0	0	324	0	0	
138	0	0	138	0	0	138	0	0	
426	0	0	426	0	0	426	0	0	
414	0	0	414	0	0	414	0	0	
204	0	0	204	0	0	204	0	0	
528	0	0	528	0	0	528	0	0	
396	0	0	396	0	0	396	0	0	
312	0	0	312	0	0	312	0	0	
174	0	0	174	0	0	174	0	0	
480	0	0	480	0	0	480	0	0	
216	0	0	216	0	0	216	0	0	
90	0	0	90	0	0	90	0	0	
498	0	0	498	0	0	498	0	0	
Forward storage demand rate per item and per period
48	43	30	34	74	45	45	14	50	
94	156	33	154	80	164	60	74	173	
77	45	44	65	61	31	69	76	79	
97	15	75	144	151	96	52	89	82	
92	165	37	137	126	28	136	78	33	
11	5	13	15	5	12	15	14	13	
82	162	50	92	50	127	37	56	61	
29	31	15	42	33	32	42	11	36	
87	78	65	102	92	56	110	20	81	
86	162	32	98	110	57	60	70	132	
73	24	81	47	23	101	76	103	68	
11	14	11	10	10	9	10	11	14	
26	32	37	35	26	25	31	28	4	
48	89	74	54	64	19	64	54	14	
47	53	56	75	66	40	43	54	83	
99	85	110	77	97	98	146	84	109	
56	54	61	78	86	41	17	15	42	
57	50	43	23	21	101	64	64	66	
48	56	48	26	25	49	83	67	58	
50	31	32	27	36	67	18	72	21	
32	39	34	50	25	27	35	40	29	
81	83	126	46	96	153	71	58	81	
58	23	82	50	46	14	43	17	89	
26	26	30	27	35	25	39	38	3	
84	69	43	116	108	72	84	54	78	
30	51	31	26	35	22	18	27	32	
28	34	8	20	26	37	27	5	30	
18	21	28	25	27	17	13	16	18	
66	63	75	37	71	88	78	28	92	
70	47	73	61	86	13	74	66	78	
19	26	19	21	16	17	16	13	21	
69	98	75	115	103	88	52	60	59	
62	71	42	34	90	71	57	45	109	
48	32	21	26	41	53	56	46	40	
96	65	130	91	8	164	32	87	104	
90	133	72	71	167	37	42	152	157	
44	40	23	14	40	45	43	40	29	
54	41	25	55	46	67	63	52	34	
23	3	15	13	19	22	30	4	35	
71	35	47	32	43	66	126	44	114	
69	52	93	70	79	45	75	58	119	
34	22	32	16	58	38	19	16	25	
88	150	74	46	109	48	62	99	73	
66	60	79	31	77	55	62	80	46	
52	45	52	51	26	43	53	80	51	
29	32	29	52	45	28	29	48	18	
80	61	78	91	35	71	127	44	28	
36	36	55	42	37	11	23	31	22	
15	3	10	22	4	15	10	21	23	
83	110	46	107	132	85	54	138	62	
Distance matrix
0	63.5	19	63.5	56	58.5	68.5	21	74.5	13	73.5	42	79.5	36.5	37.5	24	68.5	79.5	27.5	46	73	75.5	9.5	47	41	76	21.5	8	32	14.5	30.5	79	26	58.5	67.5	90	57.5	23	33	44.5	102.5	12	22.5	29	54	19.5	73.5	53	52	44	89.5	
63.5	0	72.5	0	19.5	27	27	84.5	23	76.5	10	55.5	16	45	56	47.5	43	28	76	19.5	38.5	24	68	60.5	24.5	35.5	80	61.5	75.5	53	69	32.5	39.5	5	44	38.5	26	56.5	56.5	67	39	75.5	51	52.5	17.5	68	22	16.5	59.5	57.5	38	
19	72.5	0	72.5	65	67.5	77.5	30	83.5	32	82.5	49	76.5	45.5	46.5	33	57.5	86.5	28.5	55	58	84.5	23.5	44	50	65	29.5	11	29	23.5	35.5	62	35	67.5	48.5	91	66.5	32	42	31.5	83.5	31	31.5	38	63	28.5	82.5	62	39	47	86.5	
63.5	0	72.5	0	19.5	27	27	84.5	23	76.5	10	55.5	16	45	56	47.5	43	28	76	19.5	38.5	24	68	60.5	24.5	35.5	80	61.5	75.5	53	69	32.5	39.5	5	44	38.5	26	56.5	56.5	67	39	75.5	51	52.5	17.5	68	22	16.5	59.5	57.5	38	
56	19.5	65	19.5	0	19.5	24.5	77	30.5	69	29.5	48	35.5	37.5	48.5	40	35.5	35.5	68.5	12	31	31.5	60.5	53	17	20	72.5	54	68	45.5	61.5	23	32	14.5	36.5	46	18.5	49	49	59.5	46.5	68	43.5	45	2	60.5	29.5	3	52	50	45.5	
58.5	27	67.5	27	19.5	0	32	75.5	38	71.5	37	50.5	37	40	51	42.5	28	43	69	14.5	23.5	39	63	49.5	19.5	25.5	75	56.5	64.5	48	64	22.5	34.5	22	29	51.5	1	51.5	51.5	52	44	70.5	46	47.5	17.5	63	37	16.5	44.5	52.5	47	
68.5	27	77.5	27	24.5	32	0	75.5	38	81.5	33	54.5	27	50	59	52.5	28	37	69	24.5	23.5	39	73	49.5	29.5	20.5	75	66.5	64.5	58	66	17.5	44.5	22	29	41.5	31	61.5	61.5	52	34	80.5	56	57.5	22.5	73	37	21.5	44.5	52.5	37	
21	84.5	30	84.5	77	75.5	75.5	0	95.5	8	80.5	47	74.5	57.5	46.5	45	55.5	84.5	26.5	67	56	96.5	30.5	42	62	63	22.5	29	27	35.5	33.5	60	47	79.5	46.5	89	76.5	44	46	29.5	81.5	9	43.5	50	75	34.5	90.5	74	37	45	84.5	
74.5	23	83.5	23	30.5	38	38	95.5	0	87.5	33	66.5	39	56	67	58.5	58	29	87	30.5	57.5	15	79	71.5	35.5	50.5	91	72.5	86.5	64	80	51.5	50.5	18	63	24.5	37	67.5	67.5	84	28	86.5	62	63.5	28.5	79	23	27.5	76.5	68.5	29	
13	76.5	32	76.5	69	71.5	81.5	8	87.5	0	86.5	55	82.5	49.5	50.5	37	63.5	92.5	34.5	59	64	88.5	22.5	50	54	71	30.5	21	35	27.5	41.5	68	39	71.5	54.5	97	70.5	36	46	37.5	89.5	1	35.5	42	67	32.5	86.5	66	45	53	92.5	
73.5	10	82.5	10	29.5	37	33	80.5	33	86.5	0	59.5	6	55	64	57.5	33	32	74	29.5	28.5	34	78	54.5	34.5	25.5	80	71.5	69.5	63	71	22.5	49.5	15	34	36.5	36	66.5	66.5	57	29	85.5	61	62.5	27.5	78	32	26.5	49.5	57.5	32	
42	55.5	49	55.5	48	50.5	54.5	47	66.5	55	59.5	0	53.5	28.5	30.5	26	34.5	63.5	40.5	38	35	67.5	46.5	5	33	42	46.5	40	36	31.5	37.5	39	16	50.5	25.5	68	49.5	35	35	23.5	60.5	54	29.5	31	46	46.5	65.5	45	10	2	63.5	
79.5	16	76.5	16	35.5	37	27	74.5	39	82.5	6	53.5	0	59	58	63.5	27	26	68	35.5	22.5	40	84	48.5	40.5	19.5	74	77.5	63.5	69	65	16.5	55.5	21	28	30.5	38	72.5	62.5	51	23	83.5	67	66.5	33.5	76	32	32.5	43.5	51.5	26	
36.5	45	45.5	45	37.5	40	50	57.5	56	49.5	55	28.5	59	0	29	20.5	40	61	49	27.5	40.5	57	41	31.5	22.5	47.5	53	34.5	46.5	26	42	44.5	12.5	40	31	71.5	39	29.5	29.5	34	66	48.5	24	25.5	35.5	41	55	34.5	26.5	30.5	69	
37.5	56	46.5	56	48.5	51	59	46.5	67	50.5	64	30.5	58	29	0	21.5	39	68	40	38.5	39.5	68	42	25.5	33.5	46.5	46	35.5	35.5	27	37	43.5	18.5	51	30	72.5	50	30.5	30.5	23	65	49.5	25	26.5	46.5	42	66	45.5	20.5	28.5	68	
24	47.5	33	47.5	40	42.5	52.5	45	58.5	37	57.5	26	63.5	20.5	21.5	0	52.5	63.5	36.5	30	53	59.5	28.5	31	25	60	40.5	22	36	13.5	29.5	57	10	42.5	43.5	74	41.5	17	9	31.5	78.5	36	11.5	5	38	28.5	57.5	37	34	28	73.5	
68.5	43	57.5	43	35.5	28	28	55.5	58	63.5	33	34.5	27	40	39	52.5	0	37	49	29.5	8.5	51	67	29.5	29.5	15.5	55	66.5	44.5	58	46	12.5	44.5	42	9	41.5	29	53.5	43.5	32	34	64.5	54	47.5	37.5	57	43	36.5	24.5	32.5	37	
79.5	28	86.5	28	35.5	43	37	84.5	29	92.5	32	63.5	26	61	68	63.5	37	0	78	35.5	32.5	30	84	58.5	40.5	29.5	84	77.5	73.5	69	75	26.5	55.5	23	38	30.5	42	72.5	72.5	61	23	91.5	67	68.5	33.5	84	6	32.5	53.5	61.5	26	
27.5	76	28.5	76	68.5	69	69	26.5	87	34.5	74	40.5	68	49	40	36.5	49	78	0	58.5	49.5	88	32	35.5	53.5	56.5	26	25.5	20.5	27	27	53.5	38.5	71	40	82.5	70	35.5	39.5	23	75	35.5	35	41.5	66.5	8	84	65.5	30.5	38.5	78	
46	19.5	55	19.5	12	14.5	24.5	67	30.5	59	29.5	38	35.5	27.5	38.5	30	29.5	35.5	58.5	0	27	31.5	50.5	43	7	32	62.5	44	58	35.5	51.5	35	22	14.5	36.5	46	13.5	39	39	55.5	56.5	58	33.5	35	10	50.5	29.5	9	48	40	45.5	
73	38.5	58	38.5	31	23.5	23.5	56	57.5	64	28.5	35	22.5	40.5	39.5	53	8.5	32.5	49.5	27	0	46.5	67.5	30	34	11	55.5	69	45	62.5	46.5	8	49	41.5	9.5	37	24.5	54	44	32.5	29.5	65	54.5	48	33	57.5	38.5	34	25	33	32.5	
75.5	24	84.5	24	31.5	39	39	96.5	15	88.5	34	67.5	40	57	68	59.5	51	30	88	31.5	46.5	0	80	72.5	36.5	43.5	92	73.5	87.5	65	81	40.5	51.5	19	52	30.5	38	68.5	68.5	75	27	87.5	63	64.5	29.5	80	24	28.5	67.5	69.5	14	
9.5	68	23.5	68	60.5	63	73	30.5	79	22.5	78	46.5	84	41	42	28.5	67	84	32	50.5	67.5	80	0	51.5	45.5	74.5	12	12.5	36.5	19	35	71.5	30.5	63	58	94.5	62	27.5	37.5	41	93	21.5	27	33.5	58.5	24	78	57.5	48.5	48.5	94	
47	60.5	44	60.5	53	49.5	49.5	42	71.5	50	54.5	5	48.5	31.5	25.5	31	29.5	58.5	35.5	43	30	72.5	51.5	0	38	37	41.5	45	31	36.5	32.5	34	21	55.5	20.5	63	50.5	40	30	18.5	55.5	51	34.5	34	51	43.5	64.5	50	5	3	58.5	
41	24.5	50	24.5	17	19.5	29.5	62	35.5	54	34.5	33	40.5	22.5	33.5	25	29.5	40.5	53.5	7	34	36.5	45.5	38	0	37	57.5	39	53	30.5	46.5	40	17	19.5	31.5	51	18.5	34	34	50.5	61.5	53	28.5	30	15	45.5	34.5	14	43	35	50.5	
76	35.5	65	35.5	20	25.5	20.5	63	50.5	71	25.5	42	19.5	47.5	46.5	60	15.5	29.5	56.5	32	11	43.5	74.5	37	37	0	62.5	74	52	65.5	53.5	3	52	34.5	16.5	34	26.5	61	51	39.5	26.5	72	61.5	55	22	64.5	35.5	23	32	40	29.5	
21.5	80	29.5	80	72.5	75	75	22.5	91	30.5	80	46.5	74	53	46	40.5	55	84	26	62.5	55.5	92	12	41.5	57.5	62.5	0	24.5	26.5	31	33	59.5	42.5	75	46	88.5	74	39.5	45.5	29	81	31.5	39	45.5	70.5	34	90	69.5	36.5	44.5	84	
8	61.5	11	61.5	54	56.5	66.5	29	72.5	21	71.5	40	77.5	34.5	35.5	22	66.5	77.5	25.5	44	69	73.5	12.5	45	39	74	24.5	0	30	12.5	28.5	73	24	56.5	59.5	88	55.5	21	31	42.5	94.5	20	20.5	27	52	17.5	71.5	51	50	42	87.5	
32	75.5	29	75.5	68	64.5	64.5	27	86.5	35	69.5	36	63.5	46.5	35.5	36	44.5	73.5	20.5	58	45	87.5	36.5	31	53	52	26.5	30	0	26.5	22.5	49	38	70.5	35.5	78	65.5	35	35	18.5	70.5	36	34.5	39	66	28.5	79.5	65	26	34	73.5	
14.5	53	23.5	53	45.5	48	58	35.5	64	27.5	63	31.5	69	26	27	13.5	58	69	27	35.5	62.5	65	19	36.5	30.5	65.5	31	12.5	26.5	0	16	66.5	15.5	48	53	79.5	47	12.5	22.5	34	88	26.5	12	18.5	43.5	19	63	42.5	41.5	33.5	79	
30.5	69	35.5	69	61.5	64	66	33.5	80	41.5	71	37.5	65	42	37	29.5	46	75	27	51.5	46.5	81	35	32.5	46.5	53.5	33	28.5	22.5	16	0	50.5	31.5	64	37	79.5	63	28.5	36.5	20	72	42.5	28	34.5	59.5	35	79	58.5	27.5	35.5	75	
79	32.5	62	32.5	23	22.5	17.5	60	51.5	68	22.5	39	16.5	44.5	43.5	57	12.5	26.5	53.5	35	8	40.5	71.5	34	40	3	59.5	73	49	66.5	50.5	0	55	37.5	13.5	31	23.5	58	48	36.5	23.5	69	58.5	52	25	61.5	32.5	26	29	37	26.5	
26	39.5	35	39.5	32	34.5	44.5	47	50.5	39	49.5	16	55.5	12.5	18.5	10	44.5	55.5	38.5	22	49	51.5	30.5	21	17	52	42.5	24	38	15.5	31.5	55	0	34.5	41.5	66	33.5	19	19	35.5	76.5	38	13.5	15	30	30.5	49.5	29	26	18	65.5	
58.5	5	67.5	5	14.5	22	22	79.5	18	71.5	15	50.5	21	40	51	42.5	42	23	71	14.5	41.5	19	63	55.5	19.5	34.5	75	56.5	70.5	48	64	37.5	34.5	0	49	33.5	21	51.5	51.5	68	44	70.5	46	47.5	12.5	63	17	11.5	60.5	52.5	33	
67.5	44	48.5	44	36.5	29	29	46.5	63	54.5	34	25.5	28	31	30	43.5	9	38	40	36.5	9.5	52	58	20.5	31.5	16.5	46	59.5	35.5	53	37	13.5	41.5	49	0	42.5	30	44.5	34.5	23	35	55.5	45	38.5	38.5	48	44	39.5	15.5	23.5	38	
90	38.5	91	38.5	46	51.5	41.5	89	24.5	97	36.5	68	30.5	71.5	72.5	74	41.5	30.5	82.5	46	37	30.5	94.5	63	51	34	88.5	88	78	79.5	79.5	31	66	33.5	42.5	0	52.5	83	77	65.5	12.5	98	77.5	79	44	90.5	36.5	43	58	66	20.5	
57.5	26	66.5	26	18.5	1	31	76.5	37	70.5	36	49.5	38	39	50	41.5	29	42	70	13.5	24.5	38	62	50.5	18.5	26.5	74	55.5	65.5	47	63	23.5	33.5	21	30	52.5	0	50.5	50.5	53	45	69.5	45	46.5	16.5	62	36	15.5	45.5	51.5	48	
23	56.5	32	56.5	49	51.5	61.5	44	67.5	36	66.5	35	72.5	29.5	30.5	17	53.5	72.5	35.5	39	54	68.5	27.5	40	34	61	39.5	21	35	12.5	28.5	58	19	51.5	44.5	83	50.5	0	26	27.5	79.5	35	15.5	22	47	27.5	66.5	46	35	37	82.5	
33	56.5	42	56.5	49	51.5	61.5	46	67.5	46	66.5	35	62.5	29.5	30.5	9	43.5	72.5	39.5	39	44	68.5	37.5	30	34	51	45.5	31	35	22.5	36.5	48	19	51.5	34.5	77	50.5	26	0	22.5	69.5	45	20.5	4	47	37.5	66.5	46	25	33	72.5	
44.5	67	31.5	67	59.5	52	52	29.5	84	37.5	57	23.5	51	34	23	31.5	32	61	23	55.5	32.5	75	41	18.5	50.5	39.5	29	42.5	18.5	34	20	36.5	35.5	68	23	65.5	53	27.5	22.5	0	58	38.5	22	26.5	61.5	31	67	62.5	13.5	21.5	61	
102.5	39	83.5	39	46.5	44	34	81.5	28	89.5	29	60.5	23	66	65	78.5	34	23	75	56.5	29.5	27	93	55.5	61.5	26.5	81	94.5	70.5	88	72	23.5	76.5	44	35	12.5	45	79.5	69.5	58	0	90.5	80	73.5	48.5	83	29	49.5	50.5	58.5	13	
12	75.5	31	75.5	68	70.5	80.5	9	86.5	1	85.5	54	83.5	48.5	49.5	36	64.5	91.5	35.5	58	65	87.5	21.5	51	53	72	31.5	20	36	26.5	42.5	69	38	70.5	55.5	98	69.5	35	45	38.5	90.5	0	34.5	41	66	31.5	85.5	65	46	54	93.5	
22.5	51	31.5	51	43.5	46	56	43.5	62	35.5	61	29.5	67	24	25	11.5	54	67	35	33.5	54.5	63	27	34.5	28.5	61.5	39	20.5	34.5	12	28	58.5	13.5	46	45	77.5	45	15.5	20.5	22	80	34.5	0	16.5	41.5	27	61	40.5	35.5	31.5	77	
29	52.5	38	52.5	45	47.5	57.5	50	63.5	42	62.5	31	66.5	25.5	26.5	5	47.5	68.5	41.5	35	48	64.5	33.5	34	30	55	45.5	27	39	18.5	34.5	52	15	47.5	38.5	79	46.5	22	4	26.5	73.5	41	16.5	0	43	33.5	62.5	42	29	33	76.5	
54	17.5	63	17.5	2	17.5	22.5	75	28.5	67	27.5	46	33.5	35.5	46.5	38	37.5	33.5	66.5	10	33	29.5	58.5	51	15	22	70.5	52	66	43.5	59.5	25	30	12.5	38.5	44	16.5	47	47	61.5	48.5	66	41.5	43	0	58.5	27.5	1	54	48	43.5	
19.5	68	28.5	68	60.5	63	73	34.5	79	32.5	78	46.5	76	41	42	28.5	57	84	8	50.5	57.5	80	24	43.5	45.5	64.5	34	17.5	28.5	19	35	61.5	30.5	63	48	90.5	62	27.5	37.5	31	83	31.5	27	33.5	58.5	0	78	57.5	38.5	46.5	86	
73.5	22	82.5	22	29.5	37	37	90.5	23	86.5	32	65.5	32	55	66	57.5	43	6	84	29.5	38.5	24	78	64.5	34.5	35.5	90	71.5	79.5	63	79	32.5	49.5	17	44	36.5	36	66.5	66.5	67	29	85.5	61	62.5	27.5	78	0	26.5	59.5	67.5	32	
53	16.5	62	16.5	3	16.5	21.5	74	27.5	66	26.5	45	32.5	34.5	45.5	37	36.5	32.5	65.5	9	34	28.5	57.5	50	14	23	69.5	51	65	42.5	58.5	26	29	11.5	39.5	43	15.5	46	46	62.5	49.5	65	40.5	42	1	57.5	26.5	0	55	47	42.5	
52	59.5	39	59.5	52	44.5	44.5	37	76.5	45	49.5	10	43.5	26.5	20.5	34	24.5	53.5	30.5	48	25	67.5	48.5	5	43	32	36.5	50	26	41.5	27.5	29	26	60.5	15.5	58	45.5	35	25	13.5	50.5	46	35.5	29	54	38.5	59.5	55	0	8	53.5	
44	57.5	47	57.5	50	52.5	52.5	45	68.5	53	57.5	2	51.5	30.5	28.5	28	32.5	61.5	38.5	40	33	69.5	48.5	3	35	40	44.5	42	34	33.5	35.5	37	18	52.5	23.5	66	51.5	37	33	21.5	58.5	54	31.5	33	48	46.5	67.5	47	8	0	61.5	
89.5	38	86.5	38	45.5	47	37	84.5	29	92.5	32	63.5	26	69	68	73.5	37	26	78	45.5	32.5	14	94	58.5	50.5	29.5	84	87.5	73.5	79	75	26.5	65.5	33	38	20.5	48	82.5	72.5	61	13	93.5	77	76.5	43.5	86	32	42.5	53.5	61.5	0	
