Number of items: 50
Horizon: 9
Time limit: 500
Load limit: 3000
Initial item inventory level
160
60
59
282
72
240
270
204
21
225
77
24
64
34
56
33
72
180
282
225
147
99
176
190
76
52
52
148
106
46
171
100
11
82
100
91
129
255
116
130
84
35
97
85
32
219
165
150
45
36
Maximum inventory capacity per item
240
90
118
376
96
320
360
272
42
300
154
48
128
68
112
44
96
270
376
300
196
132
264
285
114
78
104
222
159
92
228
150
22
164
150
182
172
340
174
195
168
70
194
170
48
292
220
200
90
72
Reserve storage replenishment rate per item and per period
480	0	0	480	0	0	480	0	0	
180	0	0	180	0	0	180	0	0	
354	0	0	354	0	0	354	0	0	
564	0	0	564	0	0	564	0	0	
144	0	0	144	0	0	144	0	0	
480	0	0	480	0	0	480	0	0	
540	0	0	540	0	0	540	0	0	
408	0	0	408	0	0	408	0	0	
126	0	0	126	0	0	126	0	0	
450	0	0	450	0	0	450	0	0	
462	0	0	462	0	0	462	0	0	
144	0	0	144	0	0	144	0	0	
384	0	0	384	0	0	384	0	0	
204	0	0	204	0	0	204	0	0	
336	0	0	336	0	0	336	0	0	
66	0	0	66	0	0	66	0	0	
144	0	0	144	0	0	144	0	0	
540	0	0	540	0	0	540	0	0	
564	0	0	564	0	0	564	0	0	
450	0	0	450	0	0	450	0	0	
294	0	0	294	0	0	294	0	0	
198	0	0	198	0	0	198	0	0	
528	0	0	528	0	0	528	0	0	
570	0	0	570	0	0	570	0	0	
228	0	0	228	0	0	228	0	0	
156	0	0	156	0	0	156	0	0	
312	0	0	312	0	0	312	0	0	
444	0	0	444	0	0	444	0	0	
318	0	0	318	0	0	318	0	0	
276	0	0	276	0	0	276	0	0	
342	0	0	342	0	0	342	0	0	
300	0	0	300	0	0	300	0	0	
66	0	0	66	0	0	66	0	0	
492	0	0	492	0	0	492	0	0	
300	0	0	300	0	0	300	0	0	
546	0	0	546	0	0	546	0	0	
258	0	0	258	0	0	258	0	0	
510	0	0	510	0	0	510	0	0	
348	0	0	348	0	0	348	0	0	
390	0	0	390	0	0	390	0	0	
504	0	0	504	0	0	504	0	0	
210	0	0	210	0	0	210	0	0	
582	0	0	582	0	0	582	0	0	
510	0	0	510	0	0	510	0	0	
96	0	0	96	0	0	96	0	0	
438	0	0	438	0	0	438	0	0	
330	0	0	330	0	0	330	0	0	
300	0	0	300	0	0	300	0	0	
270	0	0	270	0	0	270	0	0	
216	0	0	216	0	0	216	0	0	
Forward storage demand rate per item and per period
80	114	72	33	72	46	131	63	82	
30	37	39	52	37	14	26	29	37	
59	69	71	73	76	50	93	58	54	
94	141	104	109	14	103	69	52	156	
24	16	26	29	22	15	34	36	32	
80	50	87	53	77	93	106	23	86	
90	90	91	130	118	170	109	26	95	
68	99	33	37	26	42	102	77	82	
21	16	19	25	29	9	17	32	39	
75	43	96	56	39	88	58	47	121	
77	58	106	71	69	125	114	66	115	
24	18	20	32	22	11	22	30	21	
64	73	48	24	44	54	56	58	48	
34	24	30	14	35	32	6	12	29	
56	64	50	52	34	60	81	37	93	
11	6	9	12	11	12	6	20	5	
24	12	24	31	22	22	42	16	36	
90	91	7	117	32	119	42	75	86	
94	38	103	98	155	134	126	99	15	
75	109	119	11	37	105	113	60	11	
49	44	51	54	71	29	44	60	40	
33	32	20	34	38	42	45	20	60	
88	17	91	105	100	105	43	166	110	
95	127	96	141	91	87	96	65	14	
38	12	18	44	31	44	42	9	39	
26	4	33	46	27	25	35	26	18	
52	47	39	32	49	5	74	61	47	
74	54	79	55	115	47	78	131	70	
53	33	42	37	25	21	100	80	100	
46	34	79	51	29	44	73	34	25	
57	22	51	75	59	72	103	73	68	
50	26	51	32	19	63	47	47	60	
11	19	5	0	18	15	9	18	9	
82	116	14	75	135	88	55	104	127	
50	38	52	65	24	39	55	35	6	
91	86	24	100	88	57	95	25	120	
43	25	56	31	49	44	62	43	67	
85	92	100	103	115	78	125	33	128	
58	40	38	42	39	45	56	52	23	
65	85	47	39	14	49	86	80	91	
84	30	93	36	83	115	72	64	102	
35	33	48	63	6	6	39	50	38	
97	83	96	125	97	146	44	79	165	
85	67	124	84	61	90	114	73	89	
16	14	10	22	23	24	31	20	5	
73	84	46	67	115	110	84	70	80	
55	36	17	38	61	47	60	90	76	
50	64	70	44	45	42	51	34	63	
45	66	44	27	60	37	15	79	52	
36	42	66	55	31	42	38	43	53	
Distance matrix
0	77	45	55	22.5	86.5	12	31.5	55.5	29	86.5	33	12	31.5	52.5	50.5	33.5	86	26.5	55.5	38.5	65	74	11	36.5	35.5	15.5	77.5	76	81.5	24	42	40	11.5	56.5	84	93	44.5	92	85	25	101.5	58	13.5	49	26.5	78	53.5	45.5	66	75	
77	0	48	38	64.5	21.5	79	61.5	37.5	64	11.5	60	69	61.5	40.5	42.5	59.5	37	66.5	37.5	54.5	28	19	78	56.5	47.5	77.5	44.5	27	46.5	69	51	53	81.5	36.5	29	30	48.5	21	28	62	26.5	35	75.5	44	66.5	45	39.5	47.5	33	18	
45	48	0	30	32.5	53.5	47	31.5	29.5	56	43.5	48	37	53.5	32.5	30.5	33.5	61	36.5	30.5	28.5	30	41	46	48.5	15.5	55.5	52.5	51	56.5	49	27	45	51.5	28.5	59	62	34.5	53	60	30	58.5	13	43.5	36	36.5	53	28.5	39.5	41	30	
55	38	30	0	42.5	43.5	57	41.5	29.5	56	33.5	52	47	53.5	32.5	34.5	43.5	59	46.5	29.5	38.5	10	31	56	48.5	25.5	65.5	52.5	49	56.5	59	37	45	61.5	28.5	51	52	40.5	43	50	40	48.5	27	53.5	36	46.5	53	28.5	39.5	41	20	
22.5	64.5	32.5	42.5	0	74	24.5	19	43	41.5	66	25.5	14.5	41	30	38	21	73.5	4	43	26	52.5	61.5	23.5	34	23	33	65	63.5	69	26.5	29.5	32.5	29	36	71.5	80.5	32	75.5	72.5	12.5	81	45.5	21	36.5	4	65.5	41	23	53.5	52.5	
86.5	21.5	53.5	43.5	74	0	86.5	67	43	69.5	12	65.5	78.5	67	46	48	65	27.5	72	43	60	33.5	24.5	87.5	62	57	83	39	22.5	37	74.5	56.5	58.5	87	42	19.5	20.5	54	11.5	18.5	71.5	17	40.5	85	49.5	72	35.5	45	53	32.5	23.5	
12	79	47	57	24.5	86.5	0	33.5	57.5	17	76.5	35	14	26.5	40.5	52.5	35.5	88	28.5	57.5	40.5	63	74	1	36.5	37.5	22.5	79.5	78	83.5	26	44	28	18.5	46.5	86	95	46.5	86	87	27	91.5	60	15.5	49	28.5	80	55.5	37.5	68	63	
31.5	61.5	31.5	41.5	19	67	33.5	0	38	44.5	57	34.5	23.5	42	21	37	2	72.5	23	42	25	43.5	54.5	32.5	37	22	42	64	62.5	68	35.5	28.5	33.5	38	27	70.5	75.5	31	66.5	71.5	16.5	72	40.5	30	29.5	23	64.5	40	28	52.5	43.5	
55.5	37.5	29.5	29.5	43	43	57.5	38	0	40.5	33	36.5	47.5	38	17	5	36	58.5	43	24	31	19.5	30.5	56.5	33	20	54	68	48.5	68	45.5	27.5	29.5	58	13	50.5	51.5	25	42.5	49.5	40.5	48	16.5	54	20.5	43	66.5	36	24	56.5	19.5	
29	64	56	56	41.5	69.5	17	44.5	40.5	0	59.5	28	31	9.5	23.5	45.5	42.5	85	39.5	50.5	47.5	46	57	18	19.5	54.5	25.5	96.5	75	94.5	27	49	11	29.5	29.5	77	78	41.5	69	76	44	74.5	43	32.5	32	39.5	93	62.5	20.5	85	46	
86.5	11.5	43.5	33.5	66	12	76.5	57	33	59.5	0	55.5	76.5	57	36	38	55	27.5	62	33	50	23.5	14.5	77.5	52	53	73	41	17.5	37	64.5	46.5	48.5	77	32	19.5	20.5	44	11.5	18.5	63.5	17	30.5	75	39.5	62	35.5	35	43	27.5	13.5	
33	60	48	52	25.5	65.5	35	34.5	36.5	28	55.5	0	25	25.5	19.5	41.5	36.5	81	29.5	46.5	41.5	42	53	34	20.5	38.5	41.5	80.5	71	84.5	33	45	17	39.5	25.5	73	74	37.5	65	72	28	70.5	39	31.5	28	29.5	81	56.5	16.5	69	42	
12	69	37	47	14.5	78.5	14	23.5	47.5	31	76.5	25	0	36.5	40.5	42.5	25.5	78	18.5	47.5	30.5	57	66	13	28.5	27.5	22.5	69.5	68	73.5	12	34	28	18.5	46.5	76	85	36.5	84	77	17	91.5	50	10.5	41	18.5	70	45.5	37.5	58	63	
31.5	61.5	53.5	53.5	41	67	26.5	42	38	9.5	57	25.5	36.5	0	21	43	40	82.5	37	48	45	43.5	54.5	27.5	17	58	16	96	72.5	92	24.5	46.5	8.5	20	27	74.5	75.5	39	66.5	73.5	43.5	72	40.5	30	29.5	37	90.5	60	18	82.5	43.5	
52.5	40.5	32.5	32.5	30	46	40.5	21	17	23.5	36	19.5	40.5	21	0	22	19	61.5	26	27	24	22.5	33.5	41.5	16	37	37	75	51.5	71	28.5	25.5	12.5	41	6	53.5	54.5	18	45.5	52.5	27.5	51	19.5	39	8.5	26	69.5	39	7	61.5	22.5	
50.5	42.5	30.5	34.5	38	48	52.5	37	5	45.5	38	41.5	42.5	43	22	0	39	63.5	42	29	34	24.5	35.5	51.5	38	15	59	63	53.5	67	50.5	32.5	34.5	57	18	55.5	56.5	30	47.5	54.5	35.5	53	21.5	49	25.5	42	63.5	39	29	51.5	24.5	
33.5	59.5	33.5	43.5	21	65	35.5	2	36	42.5	55	36.5	25.5	40	19	39	0	74.5	25	44	27	41.5	52.5	34.5	35	24	44	66	64.5	70	37.5	30.5	31.5	40	25	72.5	73.5	33	64.5	71.5	18.5	70	38.5	32	27.5	25	66.5	42	26	54.5	41.5	
86	37	61	59	73.5	27.5	88	72.5	58.5	85	27.5	81	78	82.5	61.5	63.5	74.5	0	77.5	58.5	69.5	49	40	87	77.5	56.5	96.5	23.5	38	27.5	90	68	74	92.5	57.5	30	7	69.5	22	29	71	17.5	56	84.5	65	77.5	8	54.5	68.5	32	39	
26.5	66.5	36.5	46.5	4	72	28.5	23	43	39.5	62	29.5	18.5	37	26	42	25	77.5	0	47	30	48.5	59.5	27.5	32	27	37	69	67.5	73	30.5	33.5	28.5	33	32	75.5	80.5	36	71.5	76.5	16.5	77	45.5	25	34.5	0	69.5	45	19	57.5	48.5	
55.5	37.5	30.5	29.5	43	43	57.5	42	24	50.5	33	46.5	47.5	48	27	29	44	58.5	47	0	39	19.5	30.5	56.5	43	26	64	58	48.5	62	55.5	37.5	39.5	62	23	50.5	51.5	35	42.5	49.5	40.5	48	21.5	54	30.5	47	58.5	34	34	46.5	19.5	
38.5	54.5	28.5	38.5	26	60	40.5	25	31	47.5	50	41.5	30.5	45	24	34	27	69.5	30	39	0	36.5	47.5	39.5	40	19	49	61	59.5	65	42.5	25.5	36.5	45	18	67.5	68.5	6	59.5	66.5	23.5	65	33.5	37	27.5	30	61.5	37	31	49.5	36.5	
65	28	30	10	52.5	33.5	63	43.5	19.5	46	23.5	42	57	43.5	22.5	24.5	41.5	49	48.5	19.5	36.5	0	21	64	38.5	35.5	59.5	62.5	39	58.5	51	33	35	63.5	18.5	41	42	30.5	33	40	50	38.5	17	61.5	26	48.5	57	26.5	29.5	49	10	
74	19	41	31	61.5	24.5	74	54.5	30.5	57	14.5	53	66	54.5	33.5	35.5	52.5	40	59.5	30.5	47.5	21	0	75	49.5	44.5	70.5	51.5	30	49.5	62	44	46	74.5	29.5	32	33	41.5	24	31	59	29.5	28	72.5	37	59.5	48	32.5	40.5	40	11	
11	78	46	56	23.5	87.5	1	32.5	56.5	18	77.5	34	13	27.5	41.5	51.5	34.5	87	27.5	56.5	39.5	64	75	0	37.5	36.5	21.5	78.5	77	82.5	25	43	29	17.5	47.5	85	94	45.5	87	86	26	92.5	59	14.5	50	27.5	79	54.5	38.5	67	64	
36.5	56.5	48.5	48.5	34	62	36.5	37	33	19.5	52	20.5	28.5	17	16	38	35	77.5	32	43	40	38.5	49.5	37.5	0	47	33	89	67.5	87	24.5	41.5	8.5	37	22	69.5	70.5	34	61.5	68.5	36.5	67	35.5	35	24.5	32	85.5	55	13	77.5	38.5	
35.5	47.5	15.5	25.5	23	57	37.5	22	20	54.5	53	38.5	27.5	58	37	15	24	56.5	27	26	19	35.5	44.5	36.5	47	0	46	48	46.5	52	39.5	17.5	49.5	42	33	54.5	63.5	25	62.5	55.5	20.5	68	28.5	34	34.5	27	48.5	24	44	36.5	39.5	
15.5	77.5	55.5	65.5	33	83	22.5	42	54	25.5	73	41.5	22.5	16	37	59	44	96.5	37	64	49	59.5	70.5	21.5	33	46	0	88	86.5	92	34.5	52.5	24.5	4	43	90.5	91.5	55	82.5	89.5	35.5	88	56.5	24	45.5	37	88.5	64	34	76.5	59.5	
77.5	44.5	52.5	52.5	65	39	79.5	64	68	96.5	41	80.5	69.5	96	75	63	66	23.5	69	58	61	62.5	51.5	78.5	89	48	88	0	33.5	4	81.5	59.5	87.5	84	71	31.5	30.5	67	35.5	32.5	62.5	24	65.5	76	76.5	69	15.5	46	82	23.5	52.5	
76	27	51	49	63.5	22.5	78	62.5	48.5	75	17.5	71	68	72.5	51.5	53.5	64.5	38	67.5	48.5	59.5	39	30	77	67.5	46.5	86.5	33.5	0	37.5	80	58	64	82.5	47.5	30	31	59.5	22	29	61	27.5	46	74.5	55	67.5	34	44.5	58.5	10	29	
81.5	46.5	56.5	56.5	69	37	83.5	68	68	94.5	37	84.5	73.5	92	71	67	70	27.5	73	62	65	58.5	49.5	82.5	87	52	92	4	37.5	0	85.5	63.5	83.5	88	67	35.5	30.5	71	31.5	36.5	66.5	20	65.5	80	74.5	73	19.5	50	78	27.5	48.5	
24	69	49	59	26.5	74.5	26	35.5	45.5	27	64.5	33	12	24.5	28.5	50.5	37.5	90	30.5	55.5	42.5	51	62	25	24.5	39.5	34.5	81.5	80	85.5	0	46	16	30.5	34.5	82	83	46.5	74	81	29	79.5	48	22.5	37	30.5	82	57.5	25.5	70	51	
42	51	27	37	29.5	56.5	44	28.5	27.5	49	46.5	45	34	46.5	25.5	32.5	30.5	68	33.5	37.5	25.5	33	44	43	41.5	17.5	52.5	59.5	58	63.5	46	0	38	48.5	21.5	64	65	31.5	56	63	27	61.5	30	40.5	29	33.5	60	35.5	32.5	48	33	
40	53	45	45	32.5	58.5	28	33.5	29.5	11	48.5	17	28	8.5	12.5	34.5	31.5	74	28.5	39.5	36.5	35	46	29	8.5	49.5	24.5	87.5	64	83.5	16	38	0	28.5	18.5	66	67	30.5	58	65	35	63.5	32	26.5	21	28.5	82	51.5	9.5	74	35	
11.5	81.5	51.5	61.5	29	87	18.5	38	58	29.5	77	39.5	18.5	20	41	57	40	92.5	33	62	45	63.5	74.5	17.5	37	42	4	84	82.5	88	30.5	48.5	28.5	0	47	90.5	95.5	51	86.5	91.5	31.5	92	60.5	20	49.5	33	84.5	60	38	72.5	63.5	
56.5	36.5	28.5	28.5	36	42	46.5	27	13	29.5	32	25.5	46.5	27	6	18	25	57.5	32	23	18	18.5	29.5	47.5	22	33	43	71	47.5	67	34.5	21.5	18.5	47	0	49.5	50.5	12	41.5	48.5	33.5	47	15.5	45	9.5	32	65.5	35	13	57.5	18.5	
84	29	59	51	71.5	19.5	86	70.5	50.5	77	19.5	73	76	74.5	53.5	55.5	72.5	30	75.5	50.5	67.5	41	32	85	69.5	54.5	90.5	31.5	30	35.5	82	64	66	90.5	49.5	0	23	61.5	8	1	69	19.5	48	82.5	57	75.5	32	52.5	60.5	30	31	
93	30	62	52	80.5	20.5	95	75.5	51.5	78	20.5	74	85	75.5	54.5	56.5	73.5	7	80.5	51.5	68.5	42	33	94	70.5	63.5	91.5	30.5	31	30.5	83	65	67	95.5	50.5	23	0	62.5	15	22	78	10.5	49	91.5	58	80.5	15	53.5	61.5	39	32	
44.5	48.5	34.5	40.5	32	54	46.5	31	25	41.5	44	37.5	36.5	39	18	30	33	69.5	36	35	6	30.5	41.5	45.5	34	25	55	67	59.5	71	46.5	31.5	30.5	51	12	61.5	62.5	0	53.5	60.5	29.5	59	27.5	43	21.5	36	67.5	43	25	55.5	30.5	
92	21	53	43	75.5	11.5	86	66.5	42.5	69	11.5	65	84	66.5	45.5	47.5	64.5	22	71.5	42.5	59.5	33	24	87	61.5	62.5	82.5	35.5	22	31.5	74	56	58	86.5	41.5	8	15	53.5	0	7	73	11.5	40	84.5	49	71.5	30	44.5	52.5	32	23	
85	28	60	50	72.5	18.5	87	71.5	49.5	76	18.5	72	77	73.5	52.5	54.5	71.5	29	76.5	49.5	66.5	40	31	86	68.5	55.5	89.5	32.5	29	36.5	81	63	65	91.5	48.5	1	22	60.5	7	0	70	18.5	47	83.5	56	76.5	33	51.5	59.5	31	30	
25	62	30	40	12.5	71.5	27	16.5	40.5	44	63.5	28	17	43.5	27.5	35.5	18.5	71	16.5	40.5	23.5	50	59	26	36.5	20.5	35.5	62.5	61	66.5	29	27	35	31.5	33.5	69	78	29.5	73	70	0	78.5	43	23.5	34	16.5	63	38.5	29.5	51	50	
101.5	26.5	58.5	48.5	81	17	91.5	72	48	74.5	17	70.5	91.5	72	51	53	70	17.5	77	48	65	38.5	29.5	92.5	67	68	88	24	27.5	20	79.5	61.5	63.5	92	47	19.5	10.5	59	11.5	18.5	78.5	0	45.5	90	54.5	77	25.5	50	58	37.5	28.5	
58	35	13	27	45.5	40.5	60	40.5	16.5	43	30.5	39	50	40.5	19.5	21.5	38.5	56	45.5	21.5	33.5	17	28	59	35.5	28.5	56.5	65.5	46	65.5	48	30	32	60.5	15.5	48	49	27.5	40	47	43	45.5	0	56.5	23	45.5	64	33.5	26.5	54	17	
13.5	75.5	43.5	53.5	21	85	15.5	30	54	32.5	75	31.5	10.5	30	39	49	32	84.5	25	54	37	61.5	72.5	14.5	35	34	24	76	74.5	80	22.5	40.5	26.5	20	45	82.5	91.5	43	84.5	83.5	23.5	90	56.5	0	47.5	25	76.5	52	36	64.5	61.5	
49	44	36	36	36.5	49.5	49	29.5	20.5	32	39.5	28	41	29.5	8.5	25.5	27.5	65	34.5	30.5	27.5	26	37	50	24.5	34.5	45.5	76.5	55	74.5	37	29	21	49.5	9.5	57	58	21.5	49	56	34	54.5	23	47.5	0	34.5	73	42.5	15.5	65	26	
26.5	66.5	36.5	46.5	4	72	28.5	23	43	39.5	62	29.5	18.5	37	26	42	25	77.5	0	47	30	48.5	59.5	27.5	32	27	37	69	67.5	73	30.5	33.5	28.5	33	32	75.5	80.5	36	71.5	76.5	16.5	77	45.5	25	34.5	0	69.5	45	19	57.5	48.5	
78	45	53	53	65.5	35.5	80	64.5	66.5	93	35.5	81	70	90.5	69.5	63.5	66.5	8	69.5	58.5	61.5	57	48	79	85.5	48.5	88.5	15.5	34	19.5	82	60	82	84.5	65.5	32	15	67.5	30	33	63	25.5	64	76.5	73	69.5	0	46.5	76.5	24	47	
53.5	39.5	28.5	28.5	41	45	55.5	40	36	62.5	35	56.5	45.5	60	39	39	42	54.5	45	34	37	26.5	32.5	54.5	55	24	64	46	44.5	50	57.5	35.5	51.5	60	35	52.5	53.5	43	44.5	51.5	38.5	50	33.5	52	42.5	45	46.5	0	46	34.5	21.5	
45.5	47.5	39.5	39.5	23	53	37.5	28	24	20.5	43	16.5	37.5	18	7	29	26	68.5	19	34	31	29.5	40.5	38.5	13	44	34	82	58.5	78	25.5	32.5	9.5	38	13	60.5	61.5	25	52.5	59.5	29.5	58	26.5	36	15.5	19	76.5	46	0	68.5	29.5	
66	33	41	41	53.5	32.5	68	52.5	56.5	85	27.5	69	58	82.5	61.5	51.5	54.5	32	57.5	46.5	49.5	49	40	67	77.5	36.5	76.5	23.5	10	27.5	70	48	74	72.5	57.5	30	39	55.5	32	31	51	37.5	54	64.5	65	57.5	24	34.5	68.5	0	39	
75	18	30	20	52.5	23.5	63	43.5	19.5	46	13.5	42	63	43.5	22.5	24.5	41.5	39	48.5	19.5	36.5	10	11	64	38.5	39.5	59.5	52.5	29	48.5	51	33	35	63.5	18.5	31	32	30.5	23	30	50	28.5	17	61.5	26	48.5	47	21.5	29.5	39	0	
