Number of items: 50
Horizon: 6
Time limit: 500
Load limit: 3000
Initial item inventory level
65
124
46
26
79
84
73
52
91
24
140
74
184
114
198
97
72
24
22
70
186
74
65
174
20
31
26
114
64
52
104
130
176
108
184
118
34
92
66
15
65
158
67
14
96
29
44
100
69
66
Maximum inventory capacity per item
130
186
92
39
158
168
146
104
182
36
210
148
276
171
297
194
144
48
33
105
279
111
130
261
30
62
39
171
96
104
156
195
264
162
276
177
51
138
132
30
130
237
134
28
144
58
88
150
138
99
Reserve storage replenishment rate per item and per period
390	0	0	390	0	0	
372	0	0	372	0	0	
276	0	0	276	0	0	
78	0	0	78	0	0	
474	0	0	474	0	0	
504	0	0	504	0	0	
438	0	0	438	0	0	
312	0	0	312	0	0	
546	0	0	546	0	0	
72	0	0	72	0	0	
420	0	0	420	0	0	
444	0	0	444	0	0	
552	0	0	552	0	0	
342	0	0	342	0	0	
594	0	0	594	0	0	
582	0	0	582	0	0	
432	0	0	432	0	0	
144	0	0	144	0	0	
66	0	0	66	0	0	
210	0	0	210	0	0	
558	0	0	558	0	0	
222	0	0	222	0	0	
390	0	0	390	0	0	
522	0	0	522	0	0	
60	0	0	60	0	0	
186	0	0	186	0	0	
78	0	0	78	0	0	
342	0	0	342	0	0	
192	0	0	192	0	0	
312	0	0	312	0	0	
312	0	0	312	0	0	
390	0	0	390	0	0	
528	0	0	528	0	0	
324	0	0	324	0	0	
552	0	0	552	0	0	
354	0	0	354	0	0	
102	0	0	102	0	0	
276	0	0	276	0	0	
396	0	0	396	0	0	
90	0	0	90	0	0	
390	0	0	390	0	0	
474	0	0	474	0	0	
402	0	0	402	0	0	
84	0	0	84	0	0	
288	0	0	288	0	0	
174	0	0	174	0	0	
264	0	0	264	0	0	
300	0	0	300	0	0	
414	0	0	414	0	0	
198	0	0	198	0	0	
Forward storage demand rate per item and per period
65	43	62	21	71	47	
62	46	69	47	86	63	
46	23	35	35	48	33	
13	11	15	6	10	13	
79	46	108	29	78	84	
84	96	73	95	82	53	
73	68	41	102	97	124	
52	65	89	68	64	58	
91	107	81	133	39	82	
12	7	8	12	10	4	
70	43	44	95	69	81	
74	55	8	39	89	84	
92	94	64	81	93	122	
57	77	94	96	44	93	
99	112	151	117	142	180	
97	48	129	104	161	61	
72	117	25	84	72	92	
24	39	19	40	23	5	
11	14	16	13	4	4	
35	11	40	38	15	44	
93	112	72	108	106	61	
37	16	41	24	44	64	
65	6	93	113	110	63	
87	122	104	116	84	115	
10	13	8	8	9	10	
31	29	21	19	44	27	
13	14	18	13	10	23	
57	45	46	87	75	73	
32	43	16	9	21	17	
52	42	66	46	68	50	
52	76	43	50	48	45	
65	33	89	77	109	58	
88	162	89	74	85	69	
54	85	69	41	49	58	
92	85	127	76	182	71	
59	17	51	44	85	63	
17	27	15	4	15	26	
46	40	20	64	13	66	
66	93	99	67	107	51	
15	13	11	12	13	2	
65	19	10	48	96	46	
79	83	24	120	119	47	
67	68	75	25	40	55	
14	13	9	13	6	12	
48	51	21	40	75	17	
29	33	37	28	26	17	
44	57	28	24	46	77	
50	54	36	68	45	6	
69	81	100	16	123	60	
33	13	23	41	63	25	
Distance matrix
0	52	72	83	40	57	62	54	67.5	58.5	15	53.5	86	34	53	37	70	49	46	97.5	31.5	73	30.5	23.5	6.5	47.5	49	52.5	54.5	72.5	74.5	29.5	65	81.5	47.5	23	86.5	45	36	54.5	63.5	31	44	26	22.5	24.5	44.5	53	31	7	8	
52	0	54	55	32	31	44	34	15.5	19.5	57	35.5	62	44	25	41	38	29	6	55.5	46.5	55	47.5	54.5	53.5	30.5	3	25.5	23.5	50.5	56.5	48.5	33	63.5	29.5	55	46.5	27	42	36.5	45.5	43	8	52	55.5	31.5	33.5	25	47	59	50	
72	54	0	11	52	49	24	46	50.5	59.5	77	40.5	28	84	65	81	42	69	48	35.5	86.5	15	87.5	80.5	73.5	70.5	51	65.5	61.5	29.5	21.5	88.5	47	23.5	44.5	95	31.5	37	82	31.5	10.5	63	46	88	89.5	51.5	71.5	65	73	79	70	
83	55	11	0	63	50	35	53	39.5	48.5	88	51.5	31	73	54	70	37	58	59	24.5	75.5	26	76.5	83.5	84.5	59.5	58	54.5	52.5	34.5	32.5	77.5	42	34.5	55.5	84	20.5	48	71	42.5	21.5	74	57	81	84.5	62.5	62.5	54	76	90	81	
40	32	52	63	0	37	42	34	27.5	26.5	45	33.5	66	46	13	43	50	31	26	67.5	48.5	53	49.5	48.5	41.5	32.5	29	27.5	30.5	52.5	54.5	50.5	45	61.5	27.5	57	58.5	25	44	34.5	43.5	31	24	54	57.5	19.5	35.5	27	41	47	38	
57	31	49	50	37	0	39	3	15.5	24.5	62	30.5	57	49	30	46	33	34	33	50.5	51.5	50	52.5	59.5	58.5	35.5	34	30.5	28.5	45.5	51.5	53.5	28	58.5	29.5	60	41.5	12	47	31.5	40.5	48	31	57	60.5	36.5	38.5	30	52	64	55	
62	44	24	35	42	39	0	36	40.5	49.5	67	30.5	38	74	55	71	32	59	38	45.5	76.5	25	77.5	70.5	63.5	60.5	41	55.5	51.5	24.5	26.5	78.5	37	33.5	34.5	85	36.5	27	72	21.5	15.5	53	36	78	79.5	41.5	61.5	55	63	69	60	
54	34	46	53	34	3	36	0	18.5	27.5	59	27.5	60	52	33	49	36	37	30	53.5	54.5	47	55.5	62.5	55.5	38.5	33	33.5	31.5	46.5	48.5	56.5	31	55.5	26.5	63	44.5	9	50	28.5	37.5	45	28	60	63.5	33.5	41.5	33	55	61	52	
67.5	15.5	50.5	39.5	27.5	15.5	40.5	18.5	0	9	52.5	24	46.5	33.5	14.5	30.5	22.5	18.5	21.5	40	36	59.5	37	44	61	20	18.5	15	13	35	43	38	17.5	56	20	44.5	31	27.5	31.5	33	54	36.5	23.5	41.5	45	43	23	14.5	36.5	60.5	59.5	
58.5	19.5	59.5	48.5	26.5	24.5	49.5	27.5	9	0	51.5	33	55.5	32.5	13.5	29.5	31.5	17.5	25.5	49	35	66.5	36	43	60	19	22.5	14	4	44	52	37	26.5	65	29	43.5	40	36.5	30.5	42	57	35.5	27.5	40.5	44	38	22	13.5	35.5	59.5	56.5	
15	57	77	88	45	62	67	59	52.5	51.5	0	58.5	91	31	52	28	75	46	51	92.5	23.5	78	24.5	28.5	16.5	32.5	54	37.5	55.5	77.5	79.5	25.5	70	86.5	52.5	32	83.5	50	29	59.5	68.5	36	49	11	32.5	29.5	45.5	42	36	22	7	
53.5	35.5	40.5	51.5	33.5	30.5	30.5	27.5	24	33	58.5	0	54.5	57.5	38.5	54.5	36.5	42.5	29.5	54	60	41.5	61	62	55	44	32.5	39	37	41	43	62	31.5	50	26	68.5	45	18.5	55.5	23	32	44.5	27.5	65.5	69	33	47	38.5	54.5	60.5	51.5	
86	62	28	31	66	57	38	60	46.5	55.5	91	54.5	0	80	61	77	44	65	62	21.5	82.5	13	83.5	90.5	87.5	66.5	65	61.5	59.5	41.5	35.5	84.5	49	27.5	58.5	91	27.5	51	78	45.5	24.5	77	60	88	91.5	65.5	69.5	61	83	93	84	
34	44	84	73	46	49	74	52	33.5	32.5	31	57.5	80	0	33	3	56	27	50	73.5	14.5	87	15.5	22.5	35.5	13.5	47	18.5	36.5	68.5	76.5	16.5	51	89.5	53.5	23	64.5	59	2	66.5	77.5	35	52	20	23.5	38.5	26.5	23	25	39	32	
53	25	65	54	13	30	55	33	14.5	13.5	52	38.5	61	33	0	30	37	18	31	54.5	35.5	66	36.5	43.5	54.5	19.5	28	14.5	17.5	49.5	57.5	37.5	32	70.5	34.5	44	45.5	38	31	47.5	56.5	36	33	41	44.5	32.5	22.5	14	36	60	51	
37	41	81	70	43	46	71	49	30.5	29.5	28	54.5	77	3	30	0	53	24	47	70.5	11.5	90	12.5	19.5	36.5	10.5	44	15.5	33.5	65.5	73.5	13.5	48	86.5	50.5	20	61.5	58	1	63.5	80.5	32	49	17	20.5	41.5	23.5	20	22	36	35	
70	38	42	37	50	33	32	36	22.5	31.5	75	36.5	44	56	37	53	0	41	44	37.5	58.5	43	59.5	66.5	71.5	42.5	41	37.5	35.5	32.5	40.5	60.5	25	51.5	42.5	67	28.5	35	54	29.5	33.5	59	44	64	67.5	49.5	45.5	37	59	77	68	
49	29	69	58	31	34	59	37	18.5	17.5	46	42.5	65	27	18	24	41	0	35	58.5	29.5	72	30.5	37.5	50.5	13.5	32	8.5	21.5	53.5	61.5	31.5	36	74.5	38.5	38	49.5	44	25	51.5	62.5	30	37	35	38.5	28.5	16.5	4	30	54	47	
46	6	48	59	26	33	38	30	21.5	25.5	51	29.5	62	50	31	47	44	35	0	61.5	52.5	49	53.5	54.5	47.5	36.5	3	31.5	29.5	48.5	50.5	54.5	39	57.5	23.5	61	52.5	21	48	30.5	39.5	37	2	58	61.5	25.5	39.5	31	47	53	44	
97.5	55.5	35.5	24.5	67.5	50.5	45.5	53.5	40	49	92.5	54	21.5	73.5	54.5	70.5	37.5	58.5	61.5	0	76	30.5	77	84	99	60	58.5	55	53	35	33	78	42.5	16	60	84.5	21	62.5	71.5	53	36	76.5	63.5	81.5	85	77	63	54.5	76.5	100.5	95.5	
31.5	46.5	86.5	75.5	48.5	51.5	76.5	54.5	36	35	23.5	60	82.5	14.5	35.5	11.5	58.5	29.5	52.5	76	0	95.5	1	20	25	16	49.5	21	39	71	79	2	53.5	92	56	10.5	67	63.5	12.5	69	90	37.5	54.5	12.5	9	49	29	25.5	27.5	26.5	30.5	
73	55	15	26	53	50	25	47	59.5	66.5	78	41.5	13	87	66	90	43	72	49	30.5	95.5	0	96.5	81.5	74.5	79.5	52	74.5	62.5	30.5	22.5	97.5	48	14.5	45.5	96	34.5	38	89	32.5	11.5	64	47	89	90.5	52.5	72.5	74	74	80	71	
30.5	47.5	87.5	76.5	49.5	52.5	77.5	55.5	37	36	24.5	61	83.5	15.5	36.5	12.5	59.5	30.5	53.5	77	1	96.5	0	21	24	17	50.5	22	40	72	80	1	54.5	93	57	11.5	68	64.5	13.5	70	89	38.5	55.5	13.5	8	50	30	26.5	28.5	27.5	31.5	
23.5	54.5	80.5	83.5	48.5	59.5	70.5	62.5	44	43	28.5	62	90.5	22.5	43.5	19.5	66.5	37.5	54.5	84	20	81.5	21	0	25	24	57.5	29	47	79	83	22	61.5	90	56	28.5	75	53.5	20.5	63	72	39.5	52.5	25.5	29	33	37	33.5	35.5	30.5	21.5	
6.5	53.5	73.5	84.5	41.5	58.5	63.5	55.5	61	60	16.5	55	87.5	35.5	54.5	36.5	71.5	50.5	47.5	99	25	74.5	24	25	0	41	50.5	46	56	74	76	23	66.5	83	49	29.5	88	46.5	37.5	56	65	32.5	45.5	27.5	16	26	46	50.5	32.5	13.5	9.5	
47.5	30.5	70.5	59.5	32.5	35.5	60.5	38.5	20	19	32.5	44	66.5	13.5	19.5	10.5	42.5	13.5	36.5	60	16	79.5	17	24	41	0	33.5	5	23	55	63	18	37.5	76	40	24.5	51	47.5	11.5	53	74	21.5	38.5	21.5	25	33	13	9.5	16.5	40.5	39.5	
49	3	51	58	29	34	41	33	18.5	22.5	54	32.5	65	47	28	44	41	32	3	58.5	49.5	52	50.5	57.5	50.5	33.5	0	28.5	26.5	51.5	53.5	51.5	36	60.5	26.5	58	49.5	24	45	33.5	42.5	40	5	55	58.5	28.5	36.5	28	50	56	47	
52.5	25.5	65.5	54.5	27.5	30.5	55.5	33.5	15	14	37.5	39	61.5	18.5	14.5	15.5	37.5	8.5	31.5	55	21	74.5	22	29	46	5	28.5	0	18	50	58	23	32.5	71	35	29.5	46	42.5	16.5	48	69	21.5	33.5	26.5	30	28	8	4.5	21.5	45.5	44.5	
54.5	23.5	61.5	52.5	30.5	28.5	51.5	31.5	13	4	55.5	37	59.5	36.5	17.5	33.5	35.5	21.5	29.5	53	39	62.5	40	47	56	23	26.5	18	0	48	56	41	30.5	69	33	47.5	44	34.5	34.5	44	53	39.5	31.5	44.5	48	34	26	17.5	39.5	61.5	52.5	
72.5	50.5	29.5	34.5	52.5	45.5	24.5	46.5	35	44	77.5	41	41.5	68.5	49.5	65.5	32.5	53.5	48.5	35	71	30.5	72	79	74	55	51.5	50	48	0	32	73	37.5	39	45	79.5	26	37.5	66.5	32	21	63.5	46.5	76.5	80	52	58	49.5	71.5	79.5	70.5	
74.5	56.5	21.5	32.5	54.5	51.5	26.5	48.5	43	52	79.5	43	35.5	76.5	57.5	73.5	40.5	61.5	50.5	33	79	22.5	80	83	76	63	53.5	58	56	32	0	81	45.5	31	47	87.5	12	39.5	74.5	34	11	65.5	48.5	84.5	88	54	66	57.5	75.5	81.5	72.5	
29.5	48.5	88.5	77.5	50.5	53.5	78.5	56.5	38	37	25.5	62	84.5	16.5	37.5	13.5	60.5	31.5	54.5	78	2	97.5	1	22	23	18	51.5	23	41	73	81	0	55.5	94	58	12.5	69	65.5	14.5	71	88	39.5	56.5	14.5	7	49	31	27.5	29.5	28.5	32.5	
65	33	47	42	45	28	37	31	17.5	26.5	70	31.5	49	51	32	48	25	36	39	42.5	53.5	48	54.5	61.5	66.5	37.5	36	32.5	30.5	37.5	45.5	55.5	0	56.5	37.5	62	33.5	30	49	29.5	38.5	54	39	59	62.5	44.5	40.5	32	54	72	63	
81.5	63.5	23.5	34.5	61.5	58.5	33.5	55.5	56	65	86.5	50	27.5	89.5	70.5	86.5	51.5	74.5	57.5	16	92	14.5	93	90	83	76	60.5	71	69	39	31	94	56.5	0	54	100.5	37	46.5	87.5	41	20	72.5	55.5	97.5	99	61	79	70.5	82.5	88.5	79.5	
47.5	29.5	44.5	55.5	27.5	29.5	34.5	26.5	20	29	52.5	26	58.5	53.5	34.5	50.5	42.5	38.5	23.5	60	56	45.5	57	56	49	40	26.5	35	33	45	47	58	37.5	54	0	64.5	51	17.5	51.5	27	36	38.5	21.5	61.5	65	27	43	34.5	48.5	54.5	45.5	
23	55	95	84	57	60	85	63	44.5	43.5	32	68.5	91	23	44	20	67	38	61	84.5	10.5	96	11.5	28.5	29.5	24.5	58	29.5	47.5	79.5	87.5	12.5	62	100.5	64.5	0	75.5	68	21	77.5	86.5	46	63	21	19.5	47.5	37.5	34	36	16	31	
86.5	46.5	31.5	20.5	58.5	41.5	36.5	44.5	31	40	83.5	45	27.5	64.5	45.5	61.5	28.5	49.5	52.5	21	67	34.5	68	75	88	51	49.5	46	44	26	12	69	33.5	37	51	75.5	0	51.5	62.5	44	23	67.5	54.5	72.5	76	66	54	45.5	67.5	91.5	84.5	
45	27	37	48	25	12	27	9	27.5	36.5	50	18.5	51	59	38	58	35	44	21	62.5	63.5	38	64.5	53.5	46.5	47.5	24	42.5	34.5	37.5	39.5	65.5	30	46.5	17.5	68	51.5	0	59	19.5	28.5	36	19	61	62.5	24.5	44.5	42	46	52	43	
36	42	82	71	44	47	72	50	31.5	30.5	29	55.5	78	2	31	1	54	25	48	71.5	12.5	89	13.5	20.5	37.5	11.5	45	16.5	34.5	66.5	74.5	14.5	49	87.5	51.5	21	62.5	59	0	64.5	79.5	33	50	18	21.5	40.5	24.5	21	23	37	34	
54.5	36.5	31.5	42.5	34.5	31.5	21.5	28.5	33	42	59.5	23	45.5	66.5	47.5	63.5	29.5	51.5	30.5	53	69	32.5	70	63	56	53	33.5	48	44	32	34	71	29.5	41	27	77.5	44	19.5	64.5	0	23	45.5	28.5	70.5	72	34	54	47.5	55.5	61.5	52.5	
63.5	45.5	10.5	21.5	43.5	40.5	15.5	37.5	54	57	68.5	32	24.5	77.5	56.5	80.5	33.5	62.5	39.5	36	90	11.5	89	72	65	74	42.5	69	53	21	11	88	38.5	20	36	86.5	23	28.5	79.5	23	0	54.5	37.5	79.5	81	43	63	66.5	64.5	70.5	61.5	
31	43	63	74	31	48	53	45	36.5	35.5	36	44.5	77	35	36	32	59	30	37	76.5	37.5	64	38.5	39.5	32.5	21.5	40	21.5	39.5	63.5	65.5	39.5	54	72.5	38.5	46	67.5	36	33	45.5	54.5	0	35	43	46.5	15.5	29.5	26	32	38	29	
44	8	46	57	24	31	36	28	23.5	27.5	49	27.5	60	52	33	49	44	37	2	63.5	54.5	47	55.5	52.5	45.5	38.5	5	33.5	31.5	46.5	48.5	56.5	39	55.5	21.5	63	54.5	19	50	28.5	37.5	35	0	60	61.5	23.5	41.5	33	45	51	42	
26	52	88	81	54	57	78	60	41.5	40.5	11	65.5	88	20	41	17	64	35	58	81.5	12.5	89	13.5	25.5	27.5	21.5	55	26.5	44.5	76.5	84.5	14.5	59	97.5	61.5	21	72.5	61	18	70.5	79.5	43	60	0	21.5	40.5	34.5	31	33	33	18	
22.5	55.5	89.5	84.5	57.5	60.5	79.5	63.5	45	44	32.5	69	91.5	23.5	44.5	20.5	67.5	38.5	61.5	85	9	90.5	8	29	16	25	58.5	30	48	80	88	7	62.5	99	65	19.5	76	62.5	21.5	72	81	46.5	61.5	21.5	0	42	38	34.5	36.5	29.5	25.5	
24.5	31.5	51.5	62.5	19.5	36.5	41.5	33.5	43	38	29.5	33	65.5	38.5	32.5	41.5	49.5	28.5	25.5	77	49	52.5	50	33	26	33	28.5	28	34	52	54	49	44.5	61	27	47.5	66	24.5	40.5	34	43	15.5	23.5	40.5	42	0	20	32.5	25.5	31.5	22.5	
44.5	33.5	71.5	62.5	35.5	38.5	61.5	41.5	23	22	45.5	47	69.5	26.5	22.5	23.5	45.5	16.5	39.5	63	29	72.5	30	37	46	13	36.5	8	26	58	66	31	40.5	79	43	37.5	54	44.5	24.5	54	63	29.5	41.5	34.5	38	20	0	12.5	29.5	51.5	42.5	
53	25	65	54	27	30	55	33	14.5	13.5	42	38.5	61	23	14	20	37	4	31	54.5	25.5	74	26.5	33.5	50.5	9.5	28	4.5	17.5	49.5	57.5	27.5	32	70.5	34.5	34	45.5	42	21	47.5	66.5	26	33	31	34.5	32.5	12.5	0	26	50	49	
31	47	73	76	41	52	63	55	36.5	35.5	36	54.5	83	25	36	22	59	30	47	76.5	27.5	74	28.5	35.5	32.5	16.5	50	21.5	39.5	71.5	75.5	29.5	54	82.5	48.5	36	67.5	46	23	55.5	64.5	32	45	33	36.5	25.5	29.5	26	0	38	29	
7	59	79	90	47	64	69	61	60.5	59.5	22	60.5	93	39	60	36	77	54	53	100.5	26.5	80	27.5	30.5	13.5	40.5	56	45.5	61.5	79.5	81.5	28.5	72	88.5	54.5	16	91.5	52	37	61.5	70.5	38	51	33	29.5	31.5	51.5	50	38	0	15	
8	50	70	81	38	55	60	52	59.5	56.5	7	51.5	84	32	51	35	68	47	44	95.5	30.5	71	31.5	21.5	9.5	39.5	47	44.5	52.5	70.5	72.5	32.5	63	79.5	45.5	31	84.5	43	34	52.5	61.5	29	42	18	25.5	22.5	42.5	49	29	15	0	
