Number of items: 75
Horizon: 12
Time limit: 750
Load limit: 4500
Initial item inventory level
48
75
72
176
150
186
158
116
66
110
249
246
60
62
114
78
148
96
159
24
99
285
31
106
52
210
168
72
102
87
22
19
140
93
23
201
86
60
60
65
87
70
288
84
240
188
189
72
70
18
134
252
190
22
39
19
15
138
132
94
26
61
264
16
170
92
135
196
134
264
33
66
98
129
135
Maximum inventory capacity per item
64
100
144
264
200
279
237
174
132
165
332
328
90
124
152
104
222
128
212
36
198
380
62
159
104
280
252
96
153
174
44
38
210
186
46
268
172
90
120
130
174
105
384
112
320
282
252
144
105
36
201
336
285
33
52
38
30
207
176
141
52
122
352
32
255
138
180
294
201
352
44
88
147
172
180
Reserve storage replenishment rate per item and per period
96	0	0	96	0	0	96	0	0	96	0	0	
150	0	0	150	0	0	150	0	0	150	0	0	
432	0	0	432	0	0	432	0	0	432	0	0	
528	0	0	528	0	0	528	0	0	528	0	0	
300	0	0	300	0	0	300	0	0	300	0	0	
558	0	0	558	0	0	558	0	0	558	0	0	
474	0	0	474	0	0	474	0	0	474	0	0	
348	0	0	348	0	0	348	0	0	348	0	0	
396	0	0	396	0	0	396	0	0	396	0	0	
330	0	0	330	0	0	330	0	0	330	0	0	
498	0	0	498	0	0	498	0	0	498	0	0	
492	0	0	492	0	0	492	0	0	492	0	0	
180	0	0	180	0	0	180	0	0	180	0	0	
372	0	0	372	0	0	372	0	0	372	0	0	
228	0	0	228	0	0	228	0	0	228	0	0	
156	0	0	156	0	0	156	0	0	156	0	0	
444	0	0	444	0	0	444	0	0	444	0	0	
192	0	0	192	0	0	192	0	0	192	0	0	
318	0	0	318	0	0	318	0	0	318	0	0	
72	0	0	72	0	0	72	0	0	72	0	0	
594	0	0	594	0	0	594	0	0	594	0	0	
570	0	0	570	0	0	570	0	0	570	0	0	
186	0	0	186	0	0	186	0	0	186	0	0	
318	0	0	318	0	0	318	0	0	318	0	0	
312	0	0	312	0	0	312	0	0	312	0	0	
420	0	0	420	0	0	420	0	0	420	0	0	
504	0	0	504	0	0	504	0	0	504	0	0	
144	0	0	144	0	0	144	0	0	144	0	0	
306	0	0	306	0	0	306	0	0	306	0	0	
522	0	0	522	0	0	522	0	0	522	0	0	
132	0	0	132	0	0	132	0	0	132	0	0	
114	0	0	114	0	0	114	0	0	114	0	0	
420	0	0	420	0	0	420	0	0	420	0	0	
558	0	0	558	0	0	558	0	0	558	0	0	
138	0	0	138	0	0	138	0	0	138	0	0	
402	0	0	402	0	0	402	0	0	402	0	0	
516	0	0	516	0	0	516	0	0	516	0	0	
180	0	0	180	0	0	180	0	0	180	0	0	
360	0	0	360	0	0	360	0	0	360	0	0	
390	0	0	390	0	0	390	0	0	390	0	0	
522	0	0	522	0	0	522	0	0	522	0	0	
210	0	0	210	0	0	210	0	0	210	0	0	
576	0	0	576	0	0	576	0	0	576	0	0	
168	0	0	168	0	0	168	0	0	168	0	0	
480	0	0	480	0	0	480	0	0	480	0	0	
564	0	0	564	0	0	564	0	0	564	0	0	
378	0	0	378	0	0	378	0	0	378	0	0	
432	0	0	432	0	0	432	0	0	432	0	0	
210	0	0	210	0	0	210	0	0	210	0	0	
108	0	0	108	0	0	108	0	0	108	0	0	
402	0	0	402	0	0	402	0	0	402	0	0	
504	0	0	504	0	0	504	0	0	504	0	0	
570	0	0	570	0	0	570	0	0	570	0	0	
66	0	0	66	0	0	66	0	0	66	0	0	
78	0	0	78	0	0	78	0	0	78	0	0	
114	0	0	114	0	0	114	0	0	114	0	0	
90	0	0	90	0	0	90	0	0	90	0	0	
414	0	0	414	0	0	414	0	0	414	0	0	
264	0	0	264	0	0	264	0	0	264	0	0	
282	0	0	282	0	0	282	0	0	282	0	0	
156	0	0	156	0	0	156	0	0	156	0	0	
366	0	0	366	0	0	366	0	0	366	0	0	
528	0	0	528	0	0	528	0	0	528	0	0	
96	0	0	96	0	0	96	0	0	96	0	0	
510	0	0	510	0	0	510	0	0	510	0	0	
276	0	0	276	0	0	276	0	0	276	0	0	
270	0	0	270	0	0	270	0	0	270	0	0	
588	0	0	588	0	0	588	0	0	588	0	0	
402	0	0	402	0	0	402	0	0	402	0	0	
528	0	0	528	0	0	528	0	0	528	0	0	
66	0	0	66	0	0	66	0	0	66	0	0	
132	0	0	132	0	0	132	0	0	132	0	0	
294	0	0	294	0	0	294	0	0	294	0	0	
258	0	0	258	0	0	258	0	0	258	0	0	
270	0	0	270	0	0	270	0	0	270	0	0	
Forward storage demand rate per item and per period
16	21	16	16	11	17	5	19	20	10	7	5	
25	18	31	27	21	21	32	38	13	24	20	29	
72	55	91	100	111	84	81	85	44	51	82	43	
88	50	116	141	79	68	104	14	97	84	115	96	
50	80	73	49	46	79	11	39	41	54	62	74	
93	118	58	40	166	54	106	143	13	104	133	120	
79	96	140	126	77	76	130	127	123	151	99	42	
58	112	85	39	62	39	103	34	61	78	60	47	
66	26	51	76	64	76	40	73	78	119	37	106	
55	55	68	35	72	50	93	71	57	35	31	72	
83	136	108	139	20	112	83	78	13	99	164	68	
82	136	92	112	54	104	78	63	80	15	67	144	
30	34	30	20	22	7	42	27	55	28	11	43	
62	75	21	78	26	80	92	100	74	83	70	52	
38	32	46	24	68	33	13	41	12	60	64	43	
26	15	26	26	38	49	8	31	39	27	34	30	
74	52	38	42	25	63	122	38	72	63	32	35	
32	30	21	57	37	42	16	20	38	33	18	30	
53	58	104	44	69	76	58	64	20	5	39	36	
12	4	17	5	12	3	22	19	2	8	19	11	
99	176	45	59	185	161	116	70	87	79	53	103	
95	113	162	82	55	160	86	25	140	57	93	78	
31	30	54	13	51	39	25	25	19	24	35	19	
53	20	73	88	48	44	12	67	48	22	90	57	
52	72	13	67	73	45	49	48	41	58	53	64	
70	63	78	19	93	43	78	31	38	86	52	71	
84	53	52	96	116	105	98	100	111	52	54	104	
24	0	46	22	17	28	45	33	33	4	33	27	
51	82	31	27	48	67	49	50	65	35	45	75	
87	95	37	48	110	97	74	31	155	48	161	95	
22	21	27	22	18	25	33	14	14	10	24	8	
19	14	19	7	17	18	23	6	16	20	9	20	
70	17	67	71	30	110	129	73	71	111	38	48	
93	111	21	118	125	88	69	121	77	136	121	22	
23	24	27	10	41	38	19	20	16	20	11	34	
67	125	89	45	83	121	98	71	64	51	38	33	
86	111	109	106	144	39	91	57	138	18	86	95	
30	10	13	30	26	46	46	25	31	13	33	27	
60	44	95	28	68	94	92	61	16	60	52	70	
65	42	67	53	100	86	29	80	100	57	118	45	
87	109	117	67	89	121	123	131	61	95	113	69	
35	37	20	26	35	31	50	26	59	34	18	29	
96	177	106	56	78	40	95	78	62	83	144	58	
28	28	28	24	40	31	11	23	23	35	45	30	
80	77	72	59	43	42	76	101	95	87	106	83	
94	55	112	28	151	106	54	101	36	108	81	18	
63	88	70	58	90	36	35	98	95	105	53	53	
72	55	67	29	37	29	46	71	85	21	76	73	
35	61	41	17	11	40	34	7	12	50	63	59	
18	6	10	18	33	3	8	14	26	22	12	10	
67	34	25	76	117	87	44	69	71	105	26	52	
84	53	35	65	91	17	90	126	104	67	137	134	
95	124	132	103	69	139	63	113	76	34	67	32	
11	7	9	19	10	10	16	16	13	12	7	10	
13	2	17	24	20	15	6	24	3	14	8	17	
19	24	31	8	8	15	35	3	30	18	7	23	
15	14	10	25	17	13	8	19	22	19	9	12	
69	64	44	83	117	80	42	60	64	54	46	122	
44	57	42	19	48	38	57	78	58	28	40	41	
47	75	20	15	73	56	69	20	17	35	65	80	
26	16	8	36	28	32	14	33	15	47	29	28	
61	32	71	31	48	63	64	77	48	61	26	63	
88	48	135	111	83	109	79	89	70	82	126	135	
16	13	16	9	17	19	7	14	14	13	17	18	
85	127	47	97	133	108	32	78	55	69	56	100	
46	58	68	38	32	69	54	71	39	45	29	33	
45	6	12	34	43	6	36	53	31	41	61	47	
98	64	171	47	85	48	86	140	170	124	86	107	
67	47	69	49	127	78	101	98	73	83	58	46	
88	125	115	101	40	129	124	99	73	87	13	102	
11	10	13	9	7	11	18	16	10	17	21	9	
22	5	18	36	14	25	6	7	28	18	32	28	
49	81	30	62	28	27	62	80	81	10	46	37	
43	73	73	41	55	52	43	46	10	26	35	60	
45	37	47	32	83	65	63	49	25	15	41	55	
Distance matrix
0	18.5	46.5	52.5	69	32.5	83.5	70	61.5	53	83	60.5	71.5	60.5	25.5	52	69.5	69	34	75	6.5	45	71	98.5	63.5	25	29	87	15.5	5.5	63	63	74.5	36.5	89	76.5	46.5	83	81.5	68.5	6.5	41.5	75	32	65	18	72	65.5	38	40.5	68.5	85	42.5	97	16.5	60.5	31	78.5	22	39.5	50.5	31	44.5	98	31.5	81	80.5	68.5	41	63.5	68.5	60.5	70	53	63.5	48	
18.5	0	50	44	72.5	36	87	51.5	65	48.5	86.5	64	75	64	29	39.5	73	72.5	37.5	66.5	20	36.5	74.5	88	67	28.5	32.5	84.5	3	19	66.5	66.5	78	40	72.5	80	50	78.5	65	68	20	45	78.5	35.5	66.5	36.5	75.5	51	41.5	44	72	86.5	44	84.5	30	56	34.5	78	34.5	43	54	34.5	42	83.5	35	84.5	66	72	30.5	53	72	64	73.5	56.5	53	51.5	
46.5	50	0	36	40.5	44	55	23.5	33	35.5	54.5	32	43	32	47	36.5	41	40.5	50.5	38.5	48	43.5	42.5	60	35	41.5	35.5	56.5	47	47	34.5	34.5	46	38	44.5	48	18	50.5	37	40	48	43	46.5	38.5	36.5	64.5	43.5	19	44.5	6	40	56.5	44	56.5	58	14	37.5	50	66.5	41	22	47.5	44	55.5	43	52.5	38	40	47.5	17	40	32	41.5	24.5	17	34.5	
52.5	44	36	0	38.5	30	59	17.5	59	14.5	64.5	32	69	42	37	10.5	43	48.5	28.5	32.5	54	17.5	56.5	54	61	37.5	33.5	50.5	47	53	60.5	44.5	58	26	38.5	66	44	44.5	31	34	54	21	62.5	30.5	32.5	44.5	65.5	17	24.5	38	44	52.5	20	50.5	46	22	31.5	44	40.5	23	42	31.5	18	49.5	31	56.5	32	66	21.5	19	64	52	57.5	44.5	19	19.5	
69	72.5	40.5	38.5	0	58.5	42.5	21	30.5	38	48	30.5	40.5	30.5	65.5	39	26.5	32	57	6	70.5	46	40	37.5	32.5	64	58	34	69.5	69.5	32	6	41.5	54.5	22	45.5	30.5	28	14.5	22.5	70.5	49.5	44	59	26	73	41	25.5	53	34.5	27.5	36	48.5	34	74.5	30.5	60	27.5	69	51.5	34.5	60	46.5	33	59.5	40	15.5	37.5	50	27.5	37.5	29.5	39	32	27.5	43	
32.5	36	44	30	58.5	0	79	37.5	59	34.5	80.5	52	69	58	33	25.5	63	66.5	28.5	52.5	34	22.5	68.5	74	61	27.5	26.5	70.5	33	33	60.5	60.5	72	34	58.5	74	44	64.5	51	54	34	31	72.5	29.5	52.5	44.5	69.5	37	29.5	38	64	72.5	30	70.5	44	42	28.5	64	40.5	33	48	31.5	28	69.5	1	76.5	52	66	21.5	39	66	58	67.5	50.5	39	39.5	
83.5	87	55	59	42.5	79	0	41.5	30	58.5	31.5	51	12	49	84	59.5	42	42.5	77.5	36.5	85	66.5	34.5	23	22	78.5	72.5	24.5	84	84	26.5	46.5	33	75	22.5	7	45	28.5	30	43	85	70	28.5	75.5	46.5	93.5	25.5	46	73.5	49	43	26.5	69	19.5	95	51	74.5	33	89.5	72	49	80.5	67	18.5	80	30.5	31	15	70.5	48	27	39	33.5	46.5	48	63.5	
70	51.5	23.5	17.5	21	37.5	41.5	0	43.5	17	47	14.5	53.5	24.5	44.5	18	25.5	31	36	15	63.5	25	39	36.5	51.5	45	41	33	54.5	64.5	47	27	40.5	33.5	21	48.5	28.5	27	13.5	16.5	63.5	28.5	45	38	15	52	48	4.5	32	29.5	26.5	35	27.5	33	53.5	9.5	39	26.5	48	30.5	24.5	39	25.5	32	38.5	39	14.5	56.5	29	6.5	46.5	34.5	40	27	6.5	22	
61.5	65	33	59	30.5	59	30	43.5	0	54.5	29.5	37	18	27	62	61.5	26	20.5	65.5	36.5	63	66.5	17.5	45	10	56.5	50.5	33.5	62	62	9.5	24.5	21	53	29.5	23	23	29.5	32	35	63	58	21.5	53.5	36.5	79.5	18.5	48	59.5	27	25	31.5	59	41.5	73	47	52.5	17	83.5	56	27	62.5	61	40.5	58	27.5	33	15	72.5	50	15	17	16.5	24.5	50	49.5	
53	48.5	35.5	14.5	38	34.5	58.5	17	54.5	0	64	31.5	64.5	41.5	41.5	15	42.5	48	33	32	54.5	22	56	53.5	56.5	42	38	50	51.5	53.5	56	44	57.5	30.5	38	65.5	39.5	44	30.5	33.5	54.5	25.5	62	35	32	49	65	16.5	29	33.5	43.5	52	24.5	50	50.5	21.5	36	43.5	45	27.5	41.5	36	22.5	49	35.5	56	31.5	61.5	26	18.5	61.5	51.5	57	44	18.5	5	
83	86.5	54.5	64.5	48	80.5	31.5	47	29.5	64	0	56.5	19.5	48.5	83.5	65	47.5	42	83	42	84.5	72	34	23.5	21.5	78	72	30	83.5	83.5	26	46	32.5	74.5	28	24.5	44.5	34	35.5	48.5	84.5	75.5	28	75	52	99	25	51.5	79	48.5	46.5	32	74.5	14	94.5	56.5	74	38.5	95	77.5	48.5	84	72.5	15	79.5	34	36.5	16.5	76	53.5	26.5	38.5	33	46	53.5	69	
60.5	64	32	32	30.5	52	51	14.5	37	31.5	56.5	0	47	34	59	32.5	35	40.5	50.5	24.5	62	39.5	46.5	46	39	55.5	49.5	42.5	61	61	38.5	36.5	50	48	30.5	52	14	36.5	23	26	62	43	50.5	52.5	24.5	66.5	47.5	19	46.5	26	36	44.5	42	42.5	68	24	51.5	36	62.5	45	10	53.5	40	41.5	53	48.5	24	44	43.5	21	44	36	45.5	28.5	21	36.5	
71.5	75	43	69	40.5	69	12	53.5	18	64.5	19.5	47	0	37	72	71.5	36	30.5	75.5	46.5	73	76.5	22.5	35	10	66.5	60.5	28.5	72	72	14.5	34.5	21	63	34.5	5	33	34.5	42	45	73	68	16.5	63.5	46.5	89.5	13.5	58	69.5	37	35	26.5	69	31.5	83	57	62.5	35	93.5	66	37	72.5	71	30.5	68	22.5	43	3	82.5	60	15	27	21.5	34.5	60	59.5	
60.5	64	32	42	30.5	58	49	24.5	27	41.5	48.5	34	37	0	61	42.5	35	34.5	60.5	24.5	62	49.5	36.5	46	29	55.5	49.5	42.5	61	61	28.5	28.5	40	52	30.5	42	22	36.5	23	8	62	53	40.5	52.5	29.5	76.5	37.5	29	56.5	26	34	44.5	52	42.5	72	34	51.5	36	72.5	55	26	61.5	50	41.5	57	46.5	24	34	53.5	31	34	26	35.5	23.5	31	46.5	
25.5	29	47	37	65.5	33	84	44.5	62	41.5	83.5	59	72	61	0	32.5	70	69.5	30.5	59.5	27	29.5	71.5	81	64	25.5	29.5	77.5	26	26	63.5	63.5	75	37	65.5	77	47	71.5	58	61	27	38	75.5	32.5	59.5	41.5	72.5	44	36.5	41	69	79.5	37	77.5	37	49	31.5	71	37.5	40	51	31.5	35	76.5	32	81.5	59	69	23.5	46	69	61	70.5	53.5	46	46.5	
52	39.5	36.5	10.5	39	25.5	59.5	18	61.5	15	65	32.5	71.5	42.5	32.5	0	43.5	49	24	33	51.5	13	57	54.5	65.5	33	29	51	42.5	52.5	65	45	58.5	21.5	39	66.5	46.5	45	31.5	34.5	51.5	16.5	63	26	33	40	66	17.5	20	42.5	44.5	53	15.5	51	41.5	22.5	27	44.5	36	18.5	42.5	27	13.5	50	26.5	57	32.5	70.5	17	19.5	64.5	52.5	58	45	19.5	20	
69.5	73	41	43	26.5	63	42	25.5	26	42.5	47.5	35	36	35	70	43.5	0	31.5	61.5	20.5	71	50.5	35.5	37	28	64.5	58.5	33.5	70	70	27.5	32.5	39	59	21.5	41	31	27.5	12	27	71	54	39.5	61.5	30.5	77.5	36.5	30	57.5	35	1	35.5	53	33.5	79	35	60.5	27	73.5	56	35	64.5	51	32.5	64	39.5	11	33	54.5	32	33	9	34.5	32.5	32	47.5	
69	72.5	40.5	48.5	32	66.5	42.5	31	20.5	48	42	40.5	30.5	34.5	69.5	49	31.5	0	67	26	70.5	56	30	37.5	22.5	64	58	34	69.5	69.5	22	32	33.5	60.5	22	35.5	30.5	28	19.5	32.5	70.5	59.5	34	61	36	83	31	35.5	63	34.5	32.5	36	58.5	34	80.5	40.5	60	27.5	79	61.5	34.5	70	56.5	33	65.5	40	20.5	27.5	60	37.5	27.5	24.5	29	32	37.5	53	
34	37.5	50.5	28.5	57	28.5	77.5	36	65.5	33	83	50.5	75.5	60.5	30.5	24	61.5	67	0	51	35.5	21	75	72.5	67.5	9	33	69	34.5	34.5	67	63	76.5	34.5	57	80.5	50.5	63	49.5	52.5	35.5	29.5	79	34	51	38	76	35.5	28	44.5	62.5	71	28.5	69	39.5	40.5	35	62.5	34	31.5	54.5	3	26.5	68	29.5	75	50.5	72.5	7	37.5	72.5	64.5	74	57	37.5	38	
75	66.5	38.5	32.5	6	52.5	36.5	15	36.5	32	42	24.5	46.5	24.5	59.5	33	20.5	26	51	0	76.5	40	34	31.5	38.5	60	56	28	69.5	75.5	38	12	35.5	48.5	16	43.5	36.5	22	8.5	16.5	76.5	43.5	40	53	20	67	43	19.5	47	40.5	21.5	30	42.5	28	68.5	24.5	54	21.5	63	45.5	34.5	54	40.5	27	53.5	34	9.5	43.5	44	21.5	41.5	29.5	35	32	21.5	37	
6.5	20	48	54	70.5	34	85	63.5	63	54.5	84.5	62	73	62	27	51.5	71	70.5	35.5	76.5	0	46.5	72.5	100	65	26.5	30.5	88.5	17	1	64.5	64.5	76	38	84.5	78	48	84.5	77	70	0	43	76.5	33.5	66.5	24.5	73.5	63	39.5	42	70	86.5	44	96.5	10	62	32.5	80	28.5	41	52	32.5	46	95.5	33	82.5	78	70	42.5	65	70	62	71.5	54.5	65	49.5	
45	36.5	43.5	17.5	46	22.5	66.5	25	66.5	22	72	39.5	76.5	49.5	29.5	13	50.5	56	21	40	46.5	0	64	61.5	68.5	30	16	58	39.5	45.5	68	52	65.5	23.5	46	73.5	51.5	52	38.5	41.5	46.5	18.5	70	13	40	37	73	24.5	7	45.5	51.5	60	17.5	58	38.5	29.5	14	51.5	33	20.5	49.5	24	15.5	57	23.5	64	39.5	73.5	14	26.5	71.5	59.5	65	52	26.5	27	
71	74.5	42.5	56.5	40	68.5	34.5	39	17.5	56	34	46.5	22.5	36.5	71.5	57	35.5	30	75	34	72.5	64	0	35.5	14.5	66	60	32	71.5	71.5	8	34	25.5	62.5	18	27.5	32.5	12	27.5	40.5	72.5	67.5	26	63	44	89	23	43.5	69	36.5	34.5	34	66.5	32	82.5	48.5	62	30.5	87	65.5	36.5	72	64.5	31	67.5	32	28.5	19.5	68	45.5	19.5	26.5	1	34	45.5	59	
98.5	88	60	54	37.5	74	23	36.5	45	53.5	23.5	46	35	46	81	54.5	37	37.5	72.5	31.5	100	61.5	35.5	0	37	81.5	77.5	19.5	91	99	41.5	43.5	32	70	17.5	30	60	23.5	25	38	100	65	31.5	74.5	41.5	88.5	34.5	41	68.5	64	38	21.5	64	9.5	90	46	75.5	28	84.5	67	56	75.5	62	8.5	75	25.5	26	32	65.5	43	38	46	36.5	53.5	43	58.5	
63.5	67	35	61	32.5	61	22	51.5	10	56.5	21.5	39	10	29	64	65.5	28	22.5	67.5	38.5	65	68.5	14.5	37	0	58.5	52.5	25.5	64	64	6.5	26.5	11	55	32.5	15	25	26.5	40	37	65	60	13.5	55.5	38.5	81.5	10.5	54	61.5	29	27	23.5	61	35.5	75	49	54.5	27	85.5	58	29	64.5	63	36.5	60	19.5	39	7	74.5	52	5	19	13.5	26.5	52	51.5	
25	28.5	41.5	37.5	64	27.5	78.5	45	56.5	42	78	55.5	66.5	55.5	25.5	33	64.5	64	9	60	26.5	30	66	81.5	58.5	0	24	78	25.5	25.5	58	58	69.5	31.5	66	71.5	41.5	72	58.5	61.5	26.5	36.5	70	27	60	43	67	44.5	33	35.5	63.5	80	37.5	78	36.5	49.5	26	71.5	43	34.5	45.5	6	35.5	77	26.5	76	59.5	63.5	16	46.5	63.5	55.5	65	48	46.5	43	
29	32.5	35.5	33.5	58	26.5	72.5	41	50.5	38	72	49.5	60.5	49.5	29.5	29	58.5	58	33	56	30.5	16	60	77.5	52.5	24	0	74	29.5	29.5	52	52	63.5	25.5	62	65.5	35.5	68	54.5	57.5	30.5	30.5	64	3	54	47	61	40.5	9	29.5	57.5	74	31.5	74	40.5	45.5	2	67.5	49	28.5	39.5	30	31.5	73	25.5	70	55.5	57.5	30	42.5	57.5	49.5	59	42	42.5	37	
87	84.5	56.5	50.5	34	70.5	24.5	33	33.5	50	30	42.5	28.5	42.5	77.5	51	33.5	34	69	28	88.5	58	32	19.5	25.5	78	74	0	87.5	87.5	30	40	28.5	66.5	14	31.5	48.5	20	21.5	34.5	88.5	61.5	12	71	38	85	15	37.5	65	52.5	34.5	2	60.5	16	86.5	42.5	72	24.5	81	63.5	52.5	72	58.5	15	71.5	6	22.5	25.5	62	39.5	30.5	42.5	33	50	39.5	55	
15.5	3	47	47	69.5	33	84	54.5	62	51.5	83.5	61	72	61	26	42.5	70	69.5	34.5	69.5	17	39.5	71.5	91	64	25.5	29.5	87.5	0	16	63.5	63.5	75	37	75.5	77	47	81.5	68	69	17	42	75.5	32.5	65.5	33.5	72.5	54	38.5	41	69	85.5	43	87.5	27	59	31.5	79	37.5	40	51	31.5	45	86.5	32	81.5	69	69	33.5	56	69	61	70.5	53.5	56	48.5	
5.5	19	47	53	69.5	33	84	64.5	62	53.5	83.5	61	72	61	26	52.5	70	69.5	34.5	75.5	1	45.5	71.5	99	64	25.5	29.5	87.5	16	0	63.5	63.5	75	37	85.5	77	47	83.5	78	69	1	42	75.5	32.5	65.5	23.5	72.5	64	38.5	41	69	85.5	43	97.5	11	61	31.5	79	27.5	40	51	31.5	45	96.5	32	81.5	79	69	41.5	64	69	61	70.5	53.5	64	48.5	
63	66.5	34.5	60.5	32	60.5	26.5	47	9.5	56	26	38.5	14.5	28.5	63.5	65	27.5	22	67	38	64.5	68	8	41.5	6.5	58	52	30	63.5	63.5	0	26	17.5	54.5	26	19.5	24.5	20	35.5	36.5	64.5	59.5	18	55	38	81	15	51.5	61	28.5	26.5	28	60.5	40	74.5	48.5	54	26.5	85	57.5	28.5	64	62.5	39	59.5	24	36.5	11.5	74	51.5	11.5	18.5	7	26	51.5	51	
63	66.5	34.5	44.5	6	60.5	46.5	27	24.5	44	46	36.5	34.5	28.5	63.5	45	32.5	32	63	12	64.5	52	34	43.5	26.5	58	52	40	63.5	63.5	26	0	37.5	54.5	28	39.5	24.5	34	20.5	28.5	64.5	55.5	38	55	32	79	35	31.5	59	28.5	31.5	42	54.5	40	74.5	36.5	54	33.5	75	57.5	28.5	64	52.5	39	59.5	44	21.5	31.5	56	33.5	31.5	23.5	33	26	33.5	49	
74.5	78	46	58	41.5	72	33	40.5	21	57.5	32.5	50	21	40	75	58.5	39	33.5	76.5	35.5	76	65.5	25.5	32	11	69.5	63.5	28.5	75	75	17.5	37.5	0	66	21.5	26	36	27.5	29	42	76	69	24.5	66.5	45.5	92.5	21.5	45	72.5	40	38	30.5	68	28.5	86	50	65.5	32	88.5	69	40	75.5	66	27.5	71	30.5	30	18	69.5	47	6	30	24.5	37.5	47	62.5	
36.5	40	38	26	54.5	34	75	33.5	53	30.5	74.5	48	63	52	37	21.5	59	60.5	34.5	48.5	38	23.5	62.5	70	55	31.5	25.5	66.5	37	37	54.5	54.5	66	0	54.5	68	38	60.5	47	50	38	5	66.5	28.5	48.5	50.5	63.5	33	30.5	32	60	68.5	6	66.5	48	38	27.5	60	46.5	3	42	37.5	8	65.5	33	72.5	48	60	27.5	35	60	52	61.5	44.5	35	35.5	
89	72.5	44.5	38.5	22	58.5	22.5	21	29.5	38	28	30.5	34.5	30.5	65.5	39	21.5	22	57	16	84.5	46	18	17.5	32.5	66	62	14	75.5	85.5	26	28	21.5	54.5	0	29.5	44.5	6	9.5	22.5	84.5	49.5	26	59	26	73	29	25.5	53	50.5	22.5	16	48.5	14	74.5	30.5	60	12.5	69	51.5	40.5	60	46.5	13	59.5	20	10.5	37.5	50	27.5	27.5	30.5	19	38	27.5	43	
76.5	80	48	66	45.5	74	7	48.5	23	65.5	24.5	52	5	42	77	66.5	41	35.5	80.5	43.5	78	73.5	27.5	30	15	71.5	65.5	31.5	77	77	19.5	39.5	26	68	29.5	0	38	35.5	37	50	78	73	21.5	68.5	51.5	94.5	18.5	53	74.5	42	40	31.5	74	26.5	88	58	67.5	40	96.5	71	42	77.5	74	25.5	73	27.5	38	8	77.5	55	20	32	26.5	39.5	55	64.5	
46.5	50	18	44	30.5	44	45	28.5	23	39.5	44.5	14	33	22	47	46.5	31	30.5	50.5	36.5	48	51.5	32.5	60	25	41.5	35.5	48.5	47	47	24.5	24.5	36	38	44.5	38	0	44.5	37	30	48	43	36.5	38.5	26.5	64.5	33.5	33	44.5	12	30	46.5	44	56.5	58	32	37.5	40	68.5	41	4	47.5	46	55.5	43	42.5	38	30	57.5	35	30	22	31.5	14.5	35	34.5	
83	78.5	50.5	44.5	28	64.5	28.5	27	29.5	44	34	36.5	34.5	36.5	71.5	45	27.5	28	63	22	84.5	52	12	23.5	26.5	72	68	20	81.5	83.5	20	34	27.5	60.5	6	35.5	44.5	0	15.5	28.5	84.5	55.5	32	65	32	79	35	31.5	59	48.5	28.5	22	54.5	20	80.5	36.5	66	18.5	75	57.5	46.5	66	52.5	19	65.5	26	16.5	31.5	56	33.5	31.5	36.5	13	44	33.5	49	
81.5	65	37	31	14.5	51	30	13.5	32	30.5	35.5	23	42	23	58	31.5	12	19.5	49.5	8.5	77	38.5	27.5	25	40	58.5	54.5	21.5	68	78	35.5	20.5	29	47	9.5	37	37	15.5	0	15	77	42	33.5	51.5	18.5	65.5	36.5	18	45.5	43	13	23.5	41	21.5	67	23	52.5	15	61.5	44	33	52.5	39	20.5	52	27.5	1	45	42.5	20	35	21	28.5	30.5	20	35.5	
68.5	68	40	34	22.5	54	43	16.5	35	33.5	48.5	26	45	8	61	34.5	27	32.5	52.5	16.5	70	41.5	40.5	38	37	61.5	57.5	34.5	69	69	36.5	28.5	42	50	22.5	50	30	28.5	15	0	70	45	46.5	54.5	21.5	68.5	45.5	21	48.5	34	28	36.5	44	34.5	70	26	55.5	28	64.5	47	34	55.5	42	33.5	55	40.5	16	42	45.5	23	42	34	41.5	31.5	23	38.5	
6.5	20	48	54	70.5	34	85	63.5	63	54.5	84.5	62	73	62	27	51.5	71	70.5	35.5	76.5	0	46.5	72.5	100	65	26.5	30.5	88.5	17	1	64.5	64.5	76	38	84.5	78	48	84.5	77	70	0	43	76.5	33.5	66.5	24.5	73.5	63	39.5	42	70	86.5	44	96.5	10	62	32.5	80	28.5	41	52	32.5	46	95.5	33	82.5	78	70	42.5	65	70	62	71.5	54.5	65	49.5	
41.5	45	43	21	49.5	31	70	28.5	58	25.5	75.5	43	68	53	38	16.5	54	59.5	29.5	43.5	43	18.5	67.5	65	60	36.5	30.5	61.5	42	42	59.5	55.5	69	5	49.5	73	43	55.5	42	45	43	0	71.5	31.5	43.5	45.5	68.5	28	25.5	37	55	63.5	1	61.5	47	33	32.5	55	41.5	2	47	32.5	3	60.5	32	67.5	43	65	22.5	30	65	57	66.5	49.5	30	30.5	
75	78.5	46.5	62.5	44	72.5	28.5	45	21.5	62	28	50.5	16.5	40.5	75.5	63	39.5	34	79	40	76.5	70	26	31.5	13.5	70	64	12	75.5	75.5	18	38	24.5	66.5	26	21.5	36.5	32	33.5	46.5	76.5	71.5	0	67	50	93	3	49.5	73	40.5	38.5	10	72.5	28	86.5	54.5	66	36.5	93	69.5	40.5	76	70.5	27	71.5	6	34.5	13.5	74	51.5	18.5	30.5	25	38	51.5	63	
32	35.5	38.5	30.5	59	29.5	75.5	38	53.5	35	75	52.5	63.5	52.5	32.5	26	61.5	61	34	53	33.5	13	63	74.5	55.5	27	3	71	32.5	32.5	55	55	66.5	28.5	59	68.5	38.5	65	51.5	54.5	33.5	31.5	67	0	53	50	64	37.5	6	32.5	60.5	73	30.5	71	43.5	42.5	1	64.5	46	31.5	42.5	33	28.5	70	28.5	73	52.5	60.5	27	39.5	60.5	52.5	62	45	39.5	40	
65	66.5	36.5	32.5	26	52.5	46.5	15	36.5	32	52	24.5	46.5	29.5	59.5	33	30.5	36	51	20	66.5	40	44	41.5	38.5	60	54	38	65.5	65.5	38	32	45.5	48.5	26	51.5	26.5	32	18.5	21.5	66.5	43.5	50	53	0	67	47	19.5	47	30.5	31.5	40	42.5	38	68.5	24.5	54	31.5	63	45.5	30.5	54	40.5	37	53.5	44	19.5	43.5	44	21.5	43.5	35.5	45	12	21.5	37	
18	36.5	64.5	44.5	73	44.5	93.5	52	79.5	49	99	66.5	89.5	76.5	41.5	40	77.5	83	38	67	24.5	37	89	88.5	81.5	43	47	85	33.5	23.5	81	79	92.5	50.5	73	94.5	64.5	79	65.5	68.5	24.5	45.5	93	50	67	0	90	51.5	44	58.5	78.5	87	44.5	85	30.5	56.5	49	78.5	4	47.5	68.5	41	42.5	84	45.5	91	66.5	86.5	31	53.5	86.5	78.5	88	71	53.5	54	
72	75.5	43.5	65.5	41	69.5	25.5	48	18.5	65	25	47.5	13.5	37.5	72.5	66	36.5	31	76	43	73.5	73	23	34.5	10.5	67	61	15	72.5	72.5	15	35	21.5	63.5	29	18.5	33.5	35	36.5	45.5	73.5	68.5	3	64	47	90	0	52.5	70	37.5	35.5	13	69.5	31	83.5	57.5	63	35.5	94	66.5	37.5	73	71.5	30	68.5	9	37.5	10.5	77	54.5	15.5	27.5	22	35	54.5	60	
65.5	51	19	17	25.5	37	46	4.5	48	16.5	51.5	19	58	29	44	17.5	30	35.5	35.5	19.5	63	24.5	43.5	41	54	44.5	40.5	37.5	54	64	51.5	31.5	45	33	25.5	53	33	31.5	18	21	63	28	49.5	37.5	19.5	51.5	52.5	0	31.5	25	31	39.5	27	37.5	53	5	38.5	31	47.5	30	29	38.5	25	36.5	38	43.5	19	59	28.5	2	51	39	44.5	31.5	2	21.5	
38	41.5	44.5	24.5	53	29.5	73.5	32	59.5	29	79	46.5	69.5	56.5	36.5	20	57.5	63	28	47	39.5	7	69	68.5	61.5	33	9	65	38.5	38.5	61	59	72.5	30.5	53	74.5	44.5	59	45.5	48.5	39.5	25.5	73	6	47	44	70	31.5	0	38.5	58.5	67	24.5	65	45.5	36.5	7	58.5	40	27.5	48.5	31	22.5	64	30.5	71	46.5	66.5	21	33.5	66.5	58.5	68	51	33.5	34	
40.5	44	6	38	34.5	38	49	29.5	27	33.5	48.5	26	37	26	41	42.5	35	34.5	44.5	40.5	42	45.5	36.5	64	29	35.5	29.5	52.5	41	41	28.5	28.5	40	32	50.5	42	12	48.5	43	34	42	37	40.5	32.5	30.5	58.5	37.5	25	38.5	0	34	50.5	38	62.5	52	20	31.5	44	62.5	35	16	41.5	40	61.5	37	46.5	44	34	51.5	23	34	26	35.5	18.5	23	28.5	
68.5	72	40	44	27.5	64	43	26.5	25	43.5	46.5	36	35	34	69	44.5	1	32.5	62.5	21.5	70	51.5	34.5	38	27	63.5	57.5	34.5	69	69	26.5	31.5	38	60	22.5	40	30	28.5	13	28	70	55	38.5	60.5	31.5	78.5	35.5	31	58.5	34	0	36.5	54	34.5	80	36	59.5	28	74.5	57	34	65.5	52	33.5	65	40.5	12	32	55.5	33	32	8	33.5	31.5	33	48.5	
85	86.5	56.5	52.5	36	72.5	26.5	35	31.5	52	32	44.5	26.5	44.5	79.5	53	35.5	36	71	30	86.5	60	34	21.5	23.5	80	74	2	85.5	85.5	28	42	30.5	68.5	16	31.5	46.5	22	23.5	36.5	86.5	63.5	10	73	40	87	13	39.5	67	50.5	36.5	0	62.5	18	88.5	44.5	74	26.5	83	65.5	50.5	74	60.5	17	73.5	4	24.5	23.5	64	41.5	28.5	40.5	35	48	41.5	57	
42.5	44	44	20	48.5	30	69	27.5	59	24.5	74.5	42	69	52	37	15.5	53	58.5	28.5	42.5	44	17.5	66.5	64	61	37.5	31.5	60.5	43	43	60.5	54.5	68	6	48.5	74	44	54.5	41	44	44	1	72.5	30.5	42.5	44.5	69.5	27	24.5	38	54	62.5	0	60.5	46	32	31.5	54	40.5	3	48	31.5	2	59.5	31	66.5	42	66	21.5	29	66	58	67.5	50.5	29	29.5	
97	84.5	56.5	50.5	34	70.5	19.5	33	41.5	50	14	42.5	31.5	42.5	77.5	51	33.5	34	69	28	96.5	58	32	9.5	35.5	78	74	16	87.5	97.5	40	40	28.5	66.5	14	26.5	56.5	20	21.5	34.5	96.5	61.5	28	71	38	85	31	37.5	65	62.5	34.5	18	60.5	0	86.5	42.5	72	24.5	81	63.5	52.5	72	58.5	1	71.5	22	22.5	30.5	62	39.5	34.5	42.5	33	50	39.5	55	
16.5	30	58	46	74.5	44	95	53.5	73	50.5	94.5	68	83	72	37	41.5	79	80.5	39.5	68.5	10	38.5	82.5	90	75	36.5	40.5	86.5	27	11	74.5	74.5	86	48	74.5	88	58	80.5	67	70	10	47	86.5	43.5	68.5	30.5	83.5	53	45.5	52	80	88.5	46	86.5	0	58	42.5	80	26.5	49	62	42.5	44	85.5	43	92.5	68	80	32.5	55	80	72	81.5	64.5	55	55.5	
60.5	56	14	22	30.5	42	51	9.5	47	21.5	56.5	24	57	34	49	22.5	35	40.5	40.5	24.5	62	29.5	48.5	46	49	49.5	45.5	42.5	59	61	48.5	36.5	50	38	30.5	58	32	36.5	23	26	62	33	54.5	42.5	24.5	56.5	57.5	5	36.5	20	36	44.5	32	42.5	58	0	43.5	36	52.5	35	34	43.5	30	41.5	43	48.5	24	54	33.5	3	54	44	49.5	36.5	3	26.5	
31	34.5	37.5	31.5	60	28.5	74.5	39	52.5	36	74	51.5	62.5	51.5	31.5	27	60.5	60	35	54	32.5	14	62	75.5	54.5	26	2	72	31.5	31.5	54	54	65.5	27.5	60	67.5	37.5	66	52.5	55.5	32.5	32.5	66	1	54	49	63	38.5	7	31.5	59.5	74	31.5	72	42.5	43.5	0	65.5	47	30.5	41.5	32	29.5	71	27.5	72	53.5	59.5	28	40.5	59.5	51.5	61	44	40.5	39	
78.5	78	50	44	27.5	64	33	26.5	17	43.5	38.5	36	35	36	71	44.5	27	27.5	62.5	21.5	80	51.5	30.5	28	27	71.5	67.5	24.5	79	79	26.5	33.5	32	60	12.5	40	40	18.5	15	28	80	55	36.5	64.5	31.5	78.5	35.5	31	58.5	44	28	26.5	54	24.5	80	36	65.5	0	74.5	57	44	65.5	52	23.5	65	30.5	16	32	55.5	33	32	34	31.5	41.5	33	48.5	
22	34.5	66.5	40.5	69	40.5	89.5	48	83.5	45	95	62.5	93.5	72.5	37.5	36	73.5	79	34	63	28.5	33	87	84.5	85.5	43	49	81	37.5	27.5	85	75	88.5	46.5	69	96.5	68.5	75	61.5	64.5	28.5	41.5	93	46	63	4	94	47.5	40	62.5	74.5	83	40.5	81	26.5	52.5	47	74.5	0	43.5	72.5	37	38.5	80	41.5	87	62.5	90.5	27	49.5	90.5	82.5	88	75	49.5	50	
39.5	43	41	23	51.5	33	72	30.5	56	27.5	77.5	45	66	55	40	18.5	56	61.5	31.5	45.5	41	20.5	65.5	67	58	34.5	28.5	63.5	40	40	57.5	57.5	69	3	51.5	71	41	57.5	44	47	41	2	69.5	31.5	45.5	47.5	66.5	30	27.5	35	57	65.5	3	63.5	49	35	30.5	57	43.5	0	45	34.5	5	62.5	34	69.5	45	63	24.5	32	63	55	64.5	47.5	32	32.5	
50.5	54	22	42	34.5	48	49	24.5	27	41.5	48.5	10	37	26	51	42.5	35	34.5	54.5	34.5	52	49.5	36.5	56	29	45.5	39.5	52.5	51	51	28.5	28.5	40	42	40.5	42	4	46.5	33	34	52	47	40.5	42.5	30.5	68.5	37.5	29	48.5	16	34	50.5	48	52.5	62	34	41.5	44	72.5	45	0	51.5	50	51.5	47	46.5	34	34	53.5	31	34	26	35.5	18.5	31	38.5	
31	34.5	47.5	31.5	60	31.5	80.5	39	62.5	36	84	53.5	72.5	61.5	31.5	27	64.5	70	3	54	32.5	24	72	75.5	64.5	6	30	72	31.5	31.5	64	64	75.5	37.5	60	77.5	47.5	66	52.5	55.5	32.5	32.5	76	33	54	41	73	38.5	31	41.5	65.5	74	31.5	72	42.5	43.5	32	65.5	37	34.5	51.5	0	29.5	71	32.5	78	53.5	69.5	10	40.5	69.5	61.5	71	54	40.5	41	
44.5	42	44	18	46.5	28	67	25.5	61	22.5	72.5	40	71	50	35	13.5	51	56.5	26.5	40.5	46	15.5	64.5	62	63	35.5	31.5	58.5	45	45	62.5	52.5	66	8	46.5	74	46	52.5	39	42	46	3	70.5	28.5	40.5	42.5	71.5	25	22.5	40	52	60.5	2	58.5	44	30	29.5	52	38.5	5	50	29.5	0	57.5	29	64.5	40	68	19.5	27	68	60	65.5	52.5	27	27.5	
98	83.5	55.5	49.5	33	69.5	18.5	32	40.5	49	15	41.5	30.5	41.5	76.5	50	32.5	33	68	27	95.5	57	31	8.5	36.5	77	73	15	86.5	96.5	39	39	27.5	65.5	13	25.5	55.5	19	20.5	33.5	95.5	60.5	27	70	37	84	30	36.5	64	61.5	33.5	17	59.5	1	85.5	41.5	71	23.5	80	62.5	51.5	71	57.5	0	70.5	21	21.5	31.5	61	38.5	33.5	41.5	32	49	38.5	54	
31.5	35	43	31	59.5	1	80	38.5	58	35.5	79.5	53	68	57	32	26.5	64	65.5	29.5	53.5	33	23.5	67.5	75	60	26.5	25.5	71.5	32	32	59.5	59.5	71	33	59.5	73	43	65.5	52	55	33	32	71.5	28.5	53.5	45.5	68.5	38	30.5	37	65	73.5	31	71.5	43	43	27.5	65	41.5	34	47	32.5	29	70.5	0	77.5	53	65	22.5	40	65	57	66.5	49.5	40	40.5	
81	84.5	52.5	56.5	40	76.5	30.5	39	27.5	56	34	48.5	22.5	46.5	81.5	57	39.5	40	75	34	82.5	64	32	25.5	19.5	76	70	6	81.5	81.5	24	44	30.5	72.5	20	27.5	42.5	26	27.5	40.5	82.5	67.5	6	73	44	91	9	43.5	71	46.5	40.5	4	66.5	22	92.5	48.5	72	30.5	87	69.5	46.5	78	64.5	21	77.5	0	28.5	19.5	68	45.5	24.5	36.5	31	44	45.5	61	
80.5	66	38	32	15.5	52	31	14.5	33	31.5	36.5	24	43	24	59	32.5	11	20.5	50.5	9.5	78	39.5	28.5	26	39	59.5	55.5	22.5	69	79	36.5	21.5	30	48	10.5	38	38	16.5	1	16	78	43	34.5	52.5	19.5	66.5	37.5	19	46.5	44	12	24.5	42	22.5	68	24	53.5	16	62.5	45	34	53.5	40	21.5	53	28.5	0	44	43.5	21	36	20	29.5	31.5	21	36.5	
68.5	72	40	66	37.5	66	15	56.5	15	61.5	16.5	44	3	34	69	70.5	33	27.5	72.5	43.5	70	73.5	19.5	32	7	63.5	57.5	25.5	69	69	11.5	31.5	18	60	37.5	8	30	31.5	45	42	70	65	13.5	60.5	43.5	86.5	10.5	59	66.5	34	32	23.5	66	30.5	80	54	59.5	32	90.5	63	34	69.5	68	31.5	65	19.5	44	0	79.5	57	12	24	18.5	31.5	57	56.5	
41	30.5	47.5	21.5	50	21.5	70.5	29	72.5	26	76	43.5	82.5	53.5	23.5	17	54.5	60	7	44	42.5	14	68	65.5	74.5	16	30	62	33.5	41.5	74	56	69.5	27.5	50	77.5	57.5	56	42.5	45.5	42.5	22.5	74	27	44	31	77	28.5	21	51.5	55.5	64	21.5	62	32.5	33.5	28	55.5	27	24.5	53.5	10	19.5	61	22.5	68	43.5	79.5	0	30.5	75.5	63.5	69	56	30.5	31	
63.5	53	17	19	27.5	39	48	6.5	50	18.5	53.5	21	60	31	46	19.5	32	37.5	37.5	21.5	65	26.5	45.5	43	52	46.5	42.5	39.5	56	64	51.5	33.5	47	35	27.5	55	35	33.5	20	23	65	30	51.5	39.5	21.5	53.5	54.5	2	33.5	23	33	41.5	29	39.5	55	3	40.5	33	49.5	32	31	40.5	27	38.5	40	45.5	21	57	30.5	0	53	41	46.5	33.5	0	23.5	
68.5	72	40	64	37.5	66	27	46.5	15	61.5	26.5	44	15	34	69	64.5	33	27.5	72.5	41.5	70	71.5	19.5	38	5	63.5	57.5	30.5	69	69	11.5	31.5	6	60	27.5	20	30	31.5	35	42	70	65	18.5	60.5	43.5	86.5	15.5	51	66.5	34	32	28.5	66	34.5	80	54	59.5	32	90.5	63	34	69.5	68	33.5	65	24.5	36	12	75.5	53	0	24	18.5	31.5	53	56.5	
60.5	64	32	52	29.5	58	39	34.5	17	51.5	38.5	36	27	26	61	52.5	9	24.5	64.5	29.5	62	59.5	26.5	46	19	55.5	49.5	42.5	61	61	18.5	23.5	30	52	30.5	32	22	36.5	21	34	62	57	30.5	52.5	35.5	78.5	27.5	39	58.5	26	8	40.5	58	42.5	72	44	51.5	34	82.5	55	26	61.5	60	41.5	57	36.5	20	24	63.5	41	24	0	25.5	23.5	41	48.5	
70	73.5	41.5	57.5	39	67.5	33.5	40	16.5	57	33	45.5	21.5	35.5	70.5	58	34.5	29	74	35	71.5	65	1	36.5	13.5	65	59	33	70.5	70.5	7	33	24.5	61.5	19	26.5	31.5	13	28.5	41.5	71.5	66.5	25	62	45	88	22	44.5	68	35.5	33.5	35	67.5	33	81.5	49.5	61	31.5	88	64.5	35.5	71	65.5	32	66.5	31	29.5	18.5	69	46.5	18.5	25.5	0	33	46.5	58	
53	56.5	24.5	44.5	32	50.5	46.5	27	24.5	44	46	28.5	34.5	23.5	53.5	45	32.5	32	57	32	54.5	52	34	53.5	26.5	48	42	50	53.5	53.5	26	26	37.5	44.5	38	39.5	14.5	44	30.5	31.5	54.5	49.5	38	45	12	71	35	31.5	51	18.5	31.5	48	50.5	50	64.5	36.5	44	41.5	75	47.5	18.5	54	52.5	49	49.5	44	31.5	31.5	56	33.5	31.5	23.5	33	0	33.5	41	
63.5	53	17	19	27.5	39	48	6.5	50	18.5	53.5	21	60	31	46	19.5	32	37.5	37.5	21.5	65	26.5	45.5	43	52	46.5	42.5	39.5	56	64	51.5	33.5	47	35	27.5	55	35	33.5	20	23	65	30	51.5	39.5	21.5	53.5	54.5	2	33.5	23	33	41.5	29	39.5	55	3	40.5	33	49.5	32	31	40.5	27	38.5	40	45.5	21	57	30.5	0	53	41	46.5	33.5	0	23.5	
48	51.5	34.5	19.5	43	39.5	63.5	22	49.5	5	69	36.5	59.5	46.5	46.5	20	47.5	53	38	37	49.5	27	59	58.5	51.5	43	37	55	48.5	48.5	51	49	62.5	35.5	43	64.5	34.5	49	35.5	38.5	49.5	30.5	63	40	37	54	60	21.5	34	28.5	48.5	57	29.5	55	55.5	26.5	39	48.5	50	32.5	38.5	41	27.5	54	40.5	61	36.5	56.5	31	23.5	56.5	48.5	58	41	23.5	0	
