Number of items: 75
Horizon: 6
Time limit: 750
Load limit: 4500
Initial item inventory level
24
188
67
249
84
65
96
33
102
198
58
144
178
56
66
225
297
17
26
138
147
162
95
34
56
98
120
36
48
77
68
90
49
129
222
91
97
228
44
74
72
50
34
144
288
70
89
258
291
176
36
267
66
26
31
78
95
99
11
97
14
146
76
130
48
282
58
29
21
42
154
52
42
216
270
Maximum inventory capacity per item
48
282
134
332
126
130
192
66
136
264
116
192
267
112
88
300
396
34
39
207
196
243
190
68
112
196
180
54
96
154
102
120
98
172
296
182
194
304
66
111
96
100
68
216
384
105
178
344
388
264
54
356
132
39
62
104
190
132
22
194
28
219
114
195
96
376
87
58
42
63
231
78
84
288
360
Reserve storage replenishment rate per item and per period
144	0	0	144	0	0	
564	0	0	564	0	0	
402	0	0	402	0	0	
498	0	0	498	0	0	
252	0	0	252	0	0	
390	0	0	390	0	0	
576	0	0	576	0	0	
198	0	0	198	0	0	
204	0	0	204	0	0	
396	0	0	396	0	0	
348	0	0	348	0	0	
288	0	0	288	0	0	
534	0	0	534	0	0	
336	0	0	336	0	0	
132	0	0	132	0	0	
450	0	0	450	0	0	
594	0	0	594	0	0	
102	0	0	102	0	0	
78	0	0	78	0	0	
414	0	0	414	0	0	
294	0	0	294	0	0	
486	0	0	486	0	0	
570	0	0	570	0	0	
204	0	0	204	0	0	
336	0	0	336	0	0	
588	0	0	588	0	0	
360	0	0	360	0	0	
108	0	0	108	0	0	
288	0	0	288	0	0	
462	0	0	462	0	0	
204	0	0	204	0	0	
180	0	0	180	0	0	
294	0	0	294	0	0	
258	0	0	258	0	0	
444	0	0	444	0	0	
546	0	0	546	0	0	
582	0	0	582	0	0	
456	0	0	456	0	0	
132	0	0	132	0	0	
222	0	0	222	0	0	
144	0	0	144	0	0	
300	0	0	300	0	0	
204	0	0	204	0	0	
432	0	0	432	0	0	
576	0	0	576	0	0	
210	0	0	210	0	0	
534	0	0	534	0	0	
516	0	0	516	0	0	
582	0	0	582	0	0	
528	0	0	528	0	0	
108	0	0	108	0	0	
534	0	0	534	0	0	
396	0	0	396	0	0	
78	0	0	78	0	0	
186	0	0	186	0	0	
156	0	0	156	0	0	
570	0	0	570	0	0	
198	0	0	198	0	0	
66	0	0	66	0	0	
582	0	0	582	0	0	
84	0	0	84	0	0	
438	0	0	438	0	0	
228	0	0	228	0	0	
390	0	0	390	0	0	
288	0	0	288	0	0	
564	0	0	564	0	0	
174	0	0	174	0	0	
174	0	0	174	0	0	
126	0	0	126	0	0	
126	0	0	126	0	0	
462	0	0	462	0	0	
156	0	0	156	0	0	
252	0	0	252	0	0	
432	0	0	432	0	0	
540	0	0	540	0	0	
Forward storage demand rate per item and per period
24	32	20	38	20	22	
94	94	95	31	147	41	
67	90	104	84	44	60	
83	97	82	89	128	78	
42	57	30	37	18	47	
65	85	43	57	108	76	
96	111	128	30	97	121	
33	41	44	26	54	32	
34	30	23	24	35	11	
66	83	104	106	41	95	
58	50	47	65	23	12	
48	24	49	53	33	40	
89	95	107	98	116	104	
56	45	54	80	37	14	
22	23	25	20	7	13	
75	71	33	54	79	26	
99	95	143	64	120	97	
17	6	19	21	17	15	
13	4	7	16	4	10	
69	22	60	103	39	76	
49	35	45	42	37	57	
81	116	20	89	124	55	
95	80	110	134	90	83	
34	40	20	24	31	41	
56	64	43	55	101	66	
98	74	105	162	127	134	
60	27	23	72	80	54	
18	21	10	12	17	17	
48	64	49	53	22	91	
77	75	48	75	72	42	
34	23	13	57	37	16	
30	29	28	27	35	38	
49	85	66	72	60	44	
43	79	73	30	47	28	
74	45	107	28	74	76	
91	111	83	74	98	136	
97	166	42	84	69	20	
76	81	64	54	98	52	
22	6	32	24	6	21	
37	36	52	28	36	40	
24	36	34	9	10	18	
50	74	19	73	55	39	
34	25	14	51	45	43	
72	35	109	73	64	72	
96	88	127	134	57	175	
35	36	31	40	23	40	
89	50	45	116	84	59	
86	103	81	122	94	105	
97	135	77	63	41	86	
88	119	31	49	80	94	
18	30	18	5	25	26	
89	133	141	74	100	150	
66	114	102	71	33	43	
13	13	17	18	11	12	
31	23	34	36	16	35	
26	9	34	15	33	27	
95	119	65	113	51	72	
33	36	20	4	45	17	
11	20	10	10	9	14	
97	89	59	143	116	92	
14	13	11	4	17	15	
73	16	96	97	53	46	
38	34	51	21	53	27	
65	113	50	55	43	55	
48	70	50	59	74	23	
94	147	33	176	54	89	
29	31	35	36	32	17	
29	21	11	9	28	41	
21	25	19	22	19	19	
21	22	24	11	16	9	
77	41	27	97	36	76	
26	19	45	13	29	17	
42	64	26	27	45	34	
72	75	81	49	125	71	
90	121	77	58	71	100	
Distance matrix
0	57.5	37	48	35	11.5	67	33.5	17.5	39	79	100.5	86.5	48	39.5	94.5	62.5	70	57	39.5	40	66.5	34	41	30.5	50.5	36.5	9	54.5	80.5	62.5	74.5	20	56.5	27	41	68.5	91.5	25	40	48.5	47	31.5	35.5	25	26.5	80	73.5	89	69.5	52	21	53.5	41.5	36	23.5	71	87.5	13	97.5	18	78.5	70	77.5	66.5	82.5	53.5	83.5	50.5	38	50.5	28.5	28	20	88.5	33.5	
57.5	0	34.5	25.5	52.5	54	19.5	46	50	46.5	31.5	47	31	59.5	22	43	15	22.5	34.5	68	47.5	41	73.5	28.5	53	53	29	56.5	37	33	5	27	47.5	1	44.5	28.5	21	36	82.5	27.5	31	34.5	54	38	42.5	59	32.5	34	33.5	22	39.5	38.5	46	64	71.5	66	28.5	40	70.5	50	75.5	31	22.5	20	9	35	36	34	43	55.5	43	31	79.5	47.5	41	56	
37	34.5	0	25	32	33.5	44	25.5	29.5	26	56	67.5	51.5	35	16.5	63.5	39.5	47	34	43.5	27	31.5	49	18	32.5	32.5	13.5	36	31.5	57.5	39.5	51.5	27	33.5	24	18	45.5	56.5	58	17	25.5	24	33.5	17.5	22	38.5	53	44.5	54	46.5	29	18	30.5	41.5	47	45.5	48	64.5	50	70.5	55	55.5	47	50.5	43.5	59.5	30.5	54.5	27.5	35	27.5	10.5	55	27	65.5	35.5	
48	25.5	25	0	43	44.5	35	36.5	40.5	37	47	56.5	40.5	44	12.5	52.5	30.5	38	9	52.5	38	25.5	58	19	43.5	41.5	19.5	47	27.5	48.5	30.5	42.5	38	24.5	35	19	36.5	45.5	67	18	21.5	25	44.5	28.5	33	49.5	42	33.5	43	37.5	30	29	36.5	50.5	56	56.5	39	55.5	61	59.5	66	46.5	38	39.5	34.5	50.5	26.5	43.5	33.5	46	33.5	21.5	64	38	56.5	46.5	
35	52.5	32	43	0	31.5	62	28.5	27.5	34	74	69.5	53.5	13	34.5	65.5	57.5	65	48	25.5	35	33.5	31	36	30.5	29.5	31.5	34	45.5	75.5	57.5	69.5	25	51.5	8	36	63.5	58.5	40	35	43.5	42	31.5	30.5	10	36.5	55	46.5	56	64.5	43	14	36.5	23.5	29	41.5	54	82.5	48	72.5	47	71.5	65	52.5	61.5	67.5	46.5	56.5	39.5	3	39.5	23.5	37	25	71.5	31.5	
11.5	54	33.5	44.5	31.5	0	63.5	30	14	35.5	75.5	93	77	40.5	36	89	59	66.5	53.5	34	36.5	57	29.5	37.5	27	47	33	10.5	51	77	59	71	16.5	53	23.5	37.5	65	82	36.5	36.5	45	43.5	28	32	21.5	23	76.5	70	79.5	66	48.5	17.5	50	38	32.5	12	67.5	84	24.5	94	29.5	75	66.5	74	63	79	50	80	47	34.5	47	25	35.5	16.5	85	30	
67	19.5	44	35	62	63.5	0	55.5	59.5	56	16	37.5	36.5	75	31.5	31.5	14.5	3	44	81.5	57	56.5	89	38	62.5	62.5	38.5	66	46.5	17.5	24.5	11.5	57	18.5	54	38	5.5	31.5	92	37	40.5	44	63.5	47.5	52	68.5	37	45.5	34	21.5	49	48	55.5	73.5	83	75.5	38	24.5	80	34.5	85	20.5	27	39.5	28.5	24.5	45.5	35.5	52.5	65	52.5	40.5	95	57	25.5	65.5	
33.5	46	25.5	36.5	28.5	30	55.5	0	26	27.5	67.5	71	55	23.5	28	67	51	58.5	45.5	32	28.5	35	37.5	29.5	29	31	25	32.5	43	69	51	63	23.5	45	20.5	29.5	57	60	46.5	28.5	37	35.5	30	24	18.5	35	56.5	48	57.5	58	40.5	14.5	38	30	35.5	42	55.5	76	46.5	74	51.5	67	58.5	54	55	69	42	58	39	31.5	39	17	43.5	23.5	73	32	
17.5	50	29.5	40.5	27.5	14	59.5	26	0	31.5	71.5	87	71	34.5	32	83	55	62.5	49.5	22	32.5	51	33.5	33.5	23	43	29	16.5	47	73	55	67	12.5	49	19.5	33.5	61	76	42.5	32.5	41	39.5	24	28	17.5	9	72.5	64	73.5	62	44.5	13.5	46	34	31.5	26	63.5	80	30.5	90	35.5	71	62.5	70	59	75	46	74	43	30.5	43	21	39.5	12.5	81	26	
39	46.5	26	37	34	35.5	56	27.5	31.5	0	68	65.5	49.5	23	28.5	61.5	51.5	59	44	31.5	1	29.5	37	30	34.5	25.5	25.5	38	41.5	69.5	51.5	63.5	29	45.5	26	30	57.5	54.5	46	29	37.5	36	35.5	24.5	24	40.5	51	42.5	52	58.5	39	20	32.5	29.5	35	47.5	50	76.5	52	68.5	53	67.5	59	48.5	55.5	63.5	42.5	52.5	35.5	33	35.5	17.5	43	29	67.5	37.5	
79	31.5	56	47	74	75.5	16	67.5	71.5	68	0	25.5	34.5	73	43.5	26.5	26.5	19	56	81.5	69	54.5	87	50	74.5	70.5	50.5	78	58.5	24.5	36.5	13.5	69	30.5	66	50	12.5	29.5	96	49	52.5	56	75.5	59.5	64	80.5	41	47.5	32	33.5	61	60	67.5	79.5	85	87.5	50	26.5	92	28.5	97	32.5	39	43.5	40.5	36.5	57.5	37.5	64.5	77	64.5	52.5	93	69	32.5	77.5	
100.5	47	67.5	56.5	69.5	93	37.5	71	87	65.5	25.5	0	18	56.5	65	10	42	34.5	47.5	65	64.5	38	70.5	63.5	74	54	68	95.5	50	24	42	26	84.5	48	77.5	63.5	34	13	79.5	64.5	56	57.5	73	69	79.5	78	24.5	31	15.5	35	52.5	81.5	51	63	68.5	81	33.5	13	91.5	3	86.5	26	34.5	27	38	22	51	21	54	66.5	54	74	76.5	84.5	16	71	
86.5	31	51.5	40.5	53.5	77	36.5	55	71	49.5	34.5	18	0	40.5	49	14	24	33.5	31.5	49	48.5	22	54.5	47.5	58	38	52	79.5	34	28	26	44	68.5	32	61.5	47.5	40	7	63.5	48.5	40	41.5	57	53	63.5	62	8.5	15	4.5	17	36.5	67.5	35	47	52.5	65	17.5	31	75.5	21	70.5	20	18.5	11	22	16	35	3	38	50.5	38	60	60.5	68.5	20	55	
48	59.5	35	44	13	40.5	75	23.5	34.5	23	73	56.5	40.5	0	47.5	52.5	64.5	72	35	12.5	22	20.5	18	41	21.5	16.5	40.5	43	32.5	66.5	54.5	82.5	32	60.5	21	41	76.5	45.5	27	42	38.5	35	20.5	31.5	23	25.5	42	33.5	43	57.5	30	27	23.5	10.5	16	28.5	41	69.5	39	59.5	34	58.5	52	39.5	50.5	54.5	33.5	43.5	26.5	10	26.5	36.5	24	32	58.5	18.5	
39.5	22	16.5	12.5	34.5	36	31.5	28	32	28.5	43.5	65	49	47.5	0	59	27	34.5	21.5	54	29.5	27	61.5	10.5	35	35	11	38.5	15	45	27	39	29.5	21	26.5	10.5	33	54	64.5	9.5	9	16.5	36	20	24.5	41	44.5	38	51.5	34	21.5	20.5	28	46	55.5	48	35.5	52	52.5	62	57.5	43	34.5	42	31	47	14	48	25	37.5	25	13	67.5	29.5	53	38	
94.5	43	63.5	52.5	65.5	89	31.5	67	83	61.5	26.5	10	14	52.5	59	0	38	30.5	43.5	61	60.5	34	66.5	59.5	70	50	64	91.5	46	14	38	34	80.5	44	73.5	59.5	26	9	75.5	60.5	52	53.5	69	65	75.5	74	20.5	27	11.5	31	48.5	75.5	47	59	64.5	77	29.5	23	87.5	13	82.5	22	30.5	23	34	18	47	17	50	62.5	50	68	72.5	80.5	6	67	
62.5	15	39.5	30.5	57.5	59	14.5	51	55	51.5	26.5	42	24	64.5	27	38	0	17.5	39.5	73	52.5	46	78.5	33.5	58	58	34	61.5	42	28	20	22	52.5	14	49.5	33.5	16	31	87.5	32.5	36	39.5	59	43	47.5	64	32.5	39	28.5	7	44.5	43.5	51	69	76.5	71	33.5	35	75.5	45	80.5	26	22.5	35	24	30	41	21	48	60.5	48	36	84.5	52.5	36	61	
70	22.5	47	38	65	66.5	3	58.5	62.5	59	19	34.5	33.5	72	34.5	30.5	17.5	0	47	80.5	60	53.5	86	41	65.5	65.5	41.5	69	49.5	20.5	27.5	14.5	60	21.5	57	41	8.5	28.5	95	40	43.5	47	66.5	50.5	55	71.5	40	46.5	31	24.5	52	51	58.5	76.5	84	78.5	41	27.5	83	37.5	88	23.5	30	42.5	31.5	27.5	48.5	36.5	55.5	68	55.5	43.5	92	60	28.5	68.5	
57	34.5	34	9	48	53.5	44	45.5	49.5	44	56	47.5	31.5	35	21.5	43.5	39.5	47	0	43.5	43	16.5	49	28	52.5	32.5	28.5	56	28.5	57.5	39.5	51.5	47	33.5	44	28	45.5	36.5	58	27	30.5	34	51.5	37.5	42	56.5	33	24.5	34	46.5	31	38	29.5	41.5	47	59.5	32	60.5	70	50.5	65	49.5	43	30.5	41.5	45.5	29.5	34.5	32.5	45	32.5	30.5	55	47	49.5	49.5	
39.5	68	43.5	52.5	25.5	34	81.5	32	22	31.5	81.5	65	49	12.5	54	61	73	80.5	43.5	0	30.5	29	11.5	49.5	25	25	49	36.5	41	75	63	89	30.5	69	33.5	49.5	83	54	20.5	50.5	47	43.5	24	40	35.5	13	50.5	42	51.5	66	38.5	35.5	32	14	9.5	22	49.5	78	32.5	68	27.5	67	60.5	48	59	63	42	52	35	22.5	35	43	17.5	30.5	67	22	
40	47.5	27	38	35	36.5	57	28.5	32.5	1	69	64.5	48.5	22	29.5	60.5	52.5	60	43	30.5	0	28.5	36	31	35.5	24.5	26.5	39	40.5	70.5	52.5	64.5	30	46.5	27	31	58.5	53.5	45	30	38.5	37	36.5	25.5	25	41.5	50	41.5	51	59.5	38	21	31.5	28.5	34	46.5	49	77.5	53	67.5	52	66.5	60	47.5	56.5	62.5	41.5	51.5	34.5	32	34.5	18.5	42	30	66.5	36.5	
66.5	41	31.5	25.5	33.5	57	56.5	35	51	29.5	54.5	38	22	20.5	27	34	46	53.5	16.5	29	28.5	0	34.5	27.5	38	18	32	59.5	12	48	36	64	48.5	42	41.5	27.5	60	27	43.5	28.5	18	21.5	37	33	43.5	42	23.5	15	24.5	39	16.5	47.5	15	27	32.5	45	22.5	51	55.5	41	50.5	40	33.5	21	32	36	13	25	18	30.5	18	40	40.5	48.5	40	35	
34	73.5	49	58	31	29.5	89	37.5	33.5	37	87	70.5	54.5	18	61.5	66.5	78.5	86	49	11.5	36	34.5	0	55	30.5	30.5	54.5	25	46.5	80.5	68.5	96.5	36	74.5	39	55	92.5	59.5	11	56	52.5	49	29.5	45.5	41	24.5	56	47.5	57	71.5	44	45	37.5	19.5	10	17.5	55	83.5	23	73.5	18	72.5	66	53.5	64.5	68.5	47.5	57.5	40.5	28	40.5	52.5	8	36	72.5	27.5	
41	28.5	18	19	36	37.5	38	29.5	33.5	30	50	63.5	47.5	41	10.5	59.5	33.5	41	28	49.5	31	27.5	55	0	36.5	36.5	12.5	40	25.5	51.5	33.5	45.5	31	27.5	28	0	39.5	52.5	64	1	19.5	6	37.5	21.5	26	42.5	49	40.5	50	40.5	11	22	29.5	47.5	53	49.5	42	58.5	54	66.5	59	49.5	41	46.5	37.5	53.5	24.5	50.5	26.5	39	26.5	14.5	61	31	59.5	39.5	
30.5	53	32.5	43.5	30.5	27	62.5	29	23	34.5	74.5	74	58	21.5	35	70	58	65.5	52.5	25	35.5	38	30.5	36.5	0	34	32	29.5	50	76	58	70	20.5	52	22.5	36.5	64	63	39.5	35.5	44	42.5	1	31	20.5	32	59.5	51	60.5	65	47.5	16.5	41	11	28.5	39	58.5	83	43.5	77	46.5	74	65.5	57	62	72	49	61	44	31.5	44	24	36.5	20.5	76	3	
50.5	53	32.5	41.5	29.5	47	62.5	31	43	25.5	70.5	54	38	16.5	35	50	58	65.5	32.5	25	24.5	18	30.5	36.5	34	0	32	49.5	30	64	52	70	40.5	52	37.5	36.5	64	43	39.5	35.5	36	32.5	33	15	35.5	38	39.5	31	40.5	55	27.5	31.5	21	23	28.5	41	38.5	67	51.5	57	46.5	56	49.5	37	48	52	31	41	24	26.5	24	22	36.5	40.5	56	31	
36.5	29	13.5	19.5	31.5	33	38.5	25	29	25.5	50.5	68	52	40.5	11	64	34	41.5	28.5	49	26.5	32	54.5	12.5	32	32	0	35.5	26	52	34	46	26.5	28	23.5	12.5	40	57	61.5	11.5	20	18.5	33	17	21.5	38	51.5	45	54.5	41	23.5	17.5	17	43	52.5	45	42.5	59	49.5	69	54.5	50	41.5	49	38	54	25	55	14	34.5	14	10	60.5	26.5	60	35	
9	56.5	36	47	34	10.5	66	32.5	16.5	38	78	95.5	79.5	43	38.5	91.5	61.5	69	56	36.5	39	59.5	25	40	29.5	49.5	35.5	0	53.5	79.5	61.5	73.5	19	55.5	26	40	67.5	84.5	34	39	47.5	46	30.5	34.5	24	25.5	79	72.5	82	68.5	51	20	52.5	40.5	35	22.5	70	86.5	22	96.5	27	77.5	69	76.5	65.5	81.5	52.5	82.5	49.5	37	49.5	27.5	33	19	87.5	32.5	
54.5	37	31.5	27.5	45.5	51	46.5	43	47	41.5	58.5	50	34	32.5	15	46	42	49.5	28.5	41	40.5	12	46.5	25.5	50	30	26	53.5	0	60	42	54	44.5	36	41.5	25.5	48	39	55.5	24.5	6	31.5	49	35	39.5	54	35.5	27	36.5	49	28.5	35.5	27	39	44.5	57	34.5	63	67.5	53	62.5	52	45.5	33	44	48	1	37	30	42.5	30	28	52.5	44.5	52	47	
80.5	33	57.5	48.5	75.5	77	17.5	69	73	69.5	24.5	24	28	66.5	45	14	28	20.5	57.5	75	70.5	48	80.5	51.5	76	64	52	79.5	60	0	38	20	70.5	32	67.5	51.5	12	23	89.5	50.5	54	57.5	77	61	65.5	82	34.5	41	25.5	35	62.5	61.5	61	73	78.5	89	43.5	33	93.5	27	96.5	34	40.5	37	42	32	59	31	64	76.5	64	54	86.5	70.5	8	79	
62.5	5	39.5	30.5	57.5	59	24.5	51	55	51.5	36.5	42	26	54.5	27	38	20	27.5	39.5	63	52.5	36	68.5	33.5	58	52	34	61.5	42	38	0	32	52.5	6	49.5	33.5	26	31	77.5	32.5	36	39.5	59	43	47.5	64	27.5	29	28.5	27	44.5	43.5	49	61	66.5	71	31.5	45	75.5	45	80.5	36	27.5	15	4	40	41	29	48	60.5	48	36	74.5	52.5	44	61	
74.5	27	51.5	42.5	69.5	71	11.5	63	67	63.5	13.5	26	44	82.5	39	34	22	14.5	51.5	89	64.5	64	96.5	45.5	70	70	46	73.5	54	20	32	0	64.5	26	61.5	45.5	8	39	99.5	44.5	48	51.5	71	55	59.5	76	44.5	53	41.5	29	56.5	55.5	63	81	90.5	83	45.5	13	87.5	23	92.5	28	34.5	47	36	32	53	43	60	72.5	60	48	102.5	64.5	28	73	
20	47.5	27	38	25	16.5	57	23.5	12.5	29	69	84.5	68.5	32	29.5	80.5	52.5	60	47	30.5	30	48.5	36	31	20.5	40.5	26.5	19	44.5	70.5	52.5	64.5	0	46.5	17	31	58.5	73.5	45	30	38.5	37	21.5	25.5	15	21.5	70	61.5	71	59.5	42	11	43.5	31.5	34	28.5	61	77.5	33	87.5	38	68.5	60	67.5	56.5	72.5	43.5	71.5	40.5	28	40.5	18.5	42	0	78.5	23.5	
56.5	1	33.5	24.5	51.5	53	18.5	45	49	45.5	30.5	48	32	60.5	21	44	14	21.5	33.5	69	46.5	42	74.5	27.5	52	52	28	55.5	36	32	6	26	46.5	0	43.5	27.5	20	37	81.5	26.5	30	33.5	53	37	41.5	58	31.5	35	34.5	21	38.5	37.5	45	63	72.5	65	27.5	39	69.5	49	74.5	30	21.5	21	10	34	35	35	42	54.5	42	30	80.5	46.5	40	55	
27	44.5	24	35	8	23.5	54	20.5	19.5	26	66	77.5	61.5	21	26.5	73.5	49.5	57	44	33.5	27	41.5	39	28	22.5	37.5	23.5	26	41.5	67.5	49.5	61.5	17	43.5	0	28	55.5	66.5	48	27	35.5	34	23.5	22.5	2	28.5	63	54.5	64	56.5	39	6	40.5	31.5	37	35.5	58	74.5	40	80.5	45	65.5	57	60.5	53.5	69.5	40.5	64.5	37.5	11	37.5	15.5	45	17	75.5	25.5	
41	28.5	18	19	36	37.5	38	29.5	33.5	30	50	63.5	47.5	41	10.5	59.5	33.5	41	28	49.5	31	27.5	55	0	36.5	36.5	12.5	40	25.5	51.5	33.5	45.5	31	27.5	28	0	39.5	52.5	64	1	19.5	6	37.5	21.5	26	42.5	49	40.5	50	40.5	11	22	29.5	47.5	53	49.5	42	58.5	54	66.5	59	49.5	41	46.5	37.5	53.5	24.5	50.5	26.5	39	26.5	14.5	61	31	59.5	39.5	
68.5	21	45.5	36.5	63.5	65	5.5	57	61	57.5	12.5	34	40	76.5	33	26	16	8.5	45.5	83	58.5	60	92.5	39.5	64	64	40	67.5	48	12	26	8	58.5	20	55.5	39.5	0	35	93.5	38.5	42	45.5	65	49	53.5	70	38.5	47	37.5	23	50.5	49.5	57	75	84.5	77	39.5	21	81.5	31	86.5	22	28.5	41	30	26	47	37	54	66.5	54	42	96.5	58.5	20	67	
91.5	36	56.5	45.5	58.5	82	31.5	60	76	54.5	29.5	13	7	45.5	54	9	31	28.5	36.5	54	53.5	27	59.5	52.5	63	43	57	84.5	39	23	31	39	73.5	37	66.5	52.5	35	0	68.5	53.5	45	46.5	62	58	68.5	67	13.5	20	4.5	24	41.5	72.5	40	52	57.5	70	22.5	26	80.5	16	75.5	13	23.5	16	27	9	40	10	43	55.5	43	65	65.5	73.5	15	60	
25	82.5	58	67	40	36.5	92	46.5	42.5	46	96	79.5	63.5	27	64.5	75.5	87.5	95	58	20.5	45	43.5	11	64	39.5	39.5	61.5	34	55.5	89.5	77.5	99.5	45	81.5	48	64	93.5	68.5	0	65	61.5	58	38.5	54.5	50	33.5	65	56.5	66	80.5	53	46	46.5	28.5	19	26.5	64	92.5	12	82.5	7	81.5	75	62.5	73.5	77.5	56.5	66.5	49.5	37	49.5	53.5	3	45	81.5	36.5	
40	27.5	17	18	35	36.5	37	28.5	32.5	29	49	64.5	48.5	42	9.5	60.5	32.5	40	27	50.5	30	28.5	56	1	35.5	35.5	11.5	39	24.5	50.5	32.5	44.5	30	26.5	27	1	38.5	53.5	65	0	18.5	7	36.5	20.5	25	41.5	50	41.5	51	39.5	12	21	28.5	46.5	54	48.5	41	57.5	53	67.5	58	48.5	40	47.5	36.5	52.5	23.5	51.5	25.5	38	25.5	13.5	62	30	58.5	38.5	
48.5	31	25.5	21.5	43.5	45	40.5	37	41	37.5	52.5	56	40	38.5	9	52	36	43.5	30.5	47	38.5	18	52.5	19.5	44	36	20	47.5	6	54	36	48	38.5	30	35.5	19.5	42	45	61.5	18.5	0	25.5	45	29	33.5	50	41.5	33	42.5	43	30.5	29.5	33	45	50.5	57	40.5	61	61.5	59	66.5	52	43.5	39	40	54	5	43	34	46.5	34	22	58.5	38.5	58	47	
47	34.5	24	25	42	43.5	44	35.5	39.5	36	56	57.5	41.5	35	16.5	53.5	39.5	47	34	43.5	37	21.5	49	6	42.5	32.5	18.5	46	31.5	57.5	39.5	51.5	37	33.5	34	6	45.5	46.5	58	7	25.5	0	43.5	27.5	32	48.5	43	34.5	44	46.5	5	28	29.5	41.5	47	55.5	42	64.5	60	60.5	65	55.5	47	40.5	43.5	55.5	30.5	44.5	32.5	45	32.5	20.5	55	37	59.5	45.5	
31.5	54	33.5	44.5	31.5	28	63.5	30	24	35.5	75.5	73	57	20.5	36	69	59	66.5	51.5	24	36.5	37	29.5	37.5	1	33	33	30.5	49	77	59	71	21.5	53	23.5	37.5	65	62	38.5	36.5	45	43.5	0	32	21.5	33	58.5	50	59.5	66	46.5	17.5	40	10	27.5	40	57.5	84	44.5	76	45.5	75	66.5	56	63	71	50	60	43	30.5	43	25	35.5	21.5	75	2	
35.5	38	17.5	28.5	30.5	32	47.5	24	28	24.5	59.5	69	53	31.5	20	65	43	50.5	37.5	40	25.5	33	45.5	21.5	31	15	17	34.5	35	61	43	55	25.5	37	22.5	21.5	49	58	54.5	20.5	29	27.5	32	0	20.5	37	54.5	46	55.5	50	32.5	16.5	34	38	43.5	44	51.5	68	48.5	72	53.5	59	50.5	52	47	63	34	56	31	33.5	31	7	51.5	25.5	69	34	
25	42.5	22	33	10	21.5	52	18.5	17.5	24	64	79.5	63.5	23	24.5	75.5	47.5	55	42	35.5	25	43.5	41	26	20.5	35.5	21.5	24	39.5	65.5	47.5	59.5	15	41.5	2	26	53.5	68.5	50	25	33.5	32	21.5	20.5	0	26.5	65	56.5	66	54.5	37	4	38.5	31.5	39	33.5	56	72.5	38	82.5	43	63.5	55	62.5	51.5	67.5	38.5	66.5	35.5	13	35.5	13.5	47	15	73.5	23.5	
26.5	59	38.5	49.5	36.5	23	68.5	35	9	40.5	80.5	78	62	25.5	41	74	64	71.5	56.5	13	41.5	42	24.5	42.5	32	38	38	25.5	54	82	64	76	21.5	58	28.5	42.5	70	67	33.5	41.5	50	48.5	33	37	26.5	0	63.5	55	64.5	71	51.5	22.5	45	27	22.5	35	62.5	89	39.5	81	40.5	80	71.5	61	68	76	55	65	48	35.5	48	30	30.5	21.5	80	35	
80	32.5	53	42	55	76.5	37	56.5	72.5	51	41	24.5	8.5	42	44.5	20.5	32.5	40	33	50.5	50	23.5	56	49	59.5	39.5	51.5	79	35.5	34.5	27.5	44.5	70	31.5	63	49	38.5	13.5	65	50	41.5	43	58.5	54.5	65	63.5	0	16.5	11	25.5	38	61	36.5	48.5	54	66.5	19	37.5	77	27.5	72	26.5	10	12.5	23.5	22.5	36.5	11.5	39.5	52	39.5	53.5	62	70	26.5	56.5	
73.5	34	44.5	33.5	46.5	70	45.5	48	64	42.5	47.5	31	15	33.5	38	27	39	46.5	24.5	42	41.5	15	47.5	40.5	51	31	45	72.5	27	41	29	53	61.5	35	54.5	40.5	47	20	56.5	41.5	33	34.5	50	46	56.5	55	16.5	0	17.5	32	29.5	54.5	28	40	45.5	58	15.5	44	68.5	34	63.5	33	26.5	14	25	29	28	18	31	43.5	31	47	53.5	61.5	33	48	
89	33.5	54	43	56	79.5	34	57.5	73.5	52	32	15.5	4.5	43	51.5	11.5	28.5	31	34	51.5	51	24.5	57	50	60.5	40.5	54.5	82	36.5	25.5	28.5	41.5	71	34.5	64	50	37.5	4.5	66	51	42.5	44	59.5	55.5	66	64.5	11	17.5	0	21.5	39	70	37.5	49.5	55	67.5	20	28.5	78	18.5	73	17.5	21	13.5	24.5	13.5	37.5	7.5	40.5	53	40.5	62.5	63	71	17.5	57.5	
69.5	22	46.5	37.5	64.5	66	21.5	58	62	58.5	33.5	35	17	57.5	34	31	7	24.5	46.5	66	59.5	39	71.5	40.5	65	55	41	68.5	49	35	27	29	59.5	21	56.5	40.5	23	24	80.5	39.5	43	46.5	66	50	54.5	71	25.5	32	21.5	0	51.5	50.5	52	64	69.5	78	34.5	42	82.5	38	87.5	33	29.5	28	31	33	48	14	55	67.5	55	43	77.5	59.5	37	68	
52	39.5	29	30	43	48.5	49	40.5	44.5	39	61	52.5	36.5	30	21.5	48.5	44.5	52	31	38.5	38	16.5	44	11	47.5	27.5	23.5	51	28.5	62.5	44.5	56.5	42	38.5	39	11	50.5	41.5	53	12	30.5	5	46.5	32.5	37	51.5	38	29.5	39	51.5	0	33	24.5	36.5	42	54.5	37	65.5	65	55.5	60	54.5	48	35.5	46.5	50.5	29.5	39.5	27.5	40	27.5	25.5	50	42	54.5	44.5	
21	38.5	18	29	14	17.5	48	14.5	13.5	20	60	81.5	67.5	27	20.5	75.5	43.5	51	38	35.5	21	47.5	45	22	16.5	31.5	17.5	20	35.5	61.5	43.5	55.5	11	37.5	6	22	49.5	72.5	46	21	29.5	28	17.5	16.5	4	22.5	61	54.5	70	50.5	33	0	34.5	27.5	37	29.5	52	68.5	34	78.5	39	59.5	51	58.5	47.5	63.5	34.5	64.5	31.5	17	31.5	9.5	49	11	69.5	19.5	
53.5	46	30.5	36.5	36.5	50	55.5	38	46	32.5	67.5	51	35	23.5	28	47	51	58.5	29.5	32	31.5	15	37.5	29.5	41	21	17	52.5	27	61	49	63	43.5	45	40.5	29.5	57	40	46.5	28.5	33	29.5	40	34	38.5	45	36.5	28	37.5	52	24.5	34.5	0	30	35.5	48	35.5	64	58.5	54	53.5	53	46.5	34	45	49	28	38	3	33.5	3	27	43.5	43.5	53	38	
41.5	64	41.5	50.5	23.5	38	73.5	30	34	29.5	79.5	63	47	10.5	46	59	69	76.5	41.5	14	28.5	27	19.5	47.5	11	23	43	40.5	39	73	61	81	31.5	63	31.5	47.5	75	52	28.5	46.5	45	41.5	10	38	31.5	27	48.5	40	49.5	64	36.5	27.5	30	0	17.5	30	47.5	76	40.5	66	35.5	65	58.5	46	57	61	40	50	33	20.5	33	35	25.5	31.5	65	8	
36	71.5	47	56	29	32.5	83	35.5	31.5	35	85	68.5	52.5	16	55.5	64.5	76.5	84	47	9.5	34	32.5	10	53	28.5	28.5	52.5	35	44.5	78.5	66.5	90.5	34	72.5	37	53	84.5	57.5	19	54	50.5	47	27.5	43.5	39	22.5	54	45.5	55	69.5	42	37	35.5	17.5	0	20.5	53	81.5	31	71.5	26	70.5	64	51.5	62.5	66.5	45.5	55.5	38.5	26	38.5	44.5	16	34	70.5	25.5	
23.5	66	45.5	56.5	41.5	12	75.5	42	26	47.5	87.5	81	65	28.5	48	77	71	78.5	59.5	22	46.5	45	17.5	49.5	39	41	45	22.5	57	89	71	83	28.5	65	35.5	49.5	77	70	26.5	48.5	57	55.5	40	44	33.5	35	66.5	58	67.5	78	54.5	29.5	48	30	20.5	0	65.5	94	36.5	84	33.5	83	76.5	64	75	79	58	68	51	38.5	51	37	23.5	28.5	83	38	
71	28.5	48	39	54	67.5	38	55.5	63.5	50	50	33.5	17.5	41	35.5	29.5	33.5	41	32	49.5	49	22.5	55	42	58.5	38.5	42.5	70	34.5	43.5	31.5	45.5	61	27.5	58	42	39.5	22.5	64	41	40.5	42	57.5	51.5	56	62.5	19	15.5	20	34.5	37	52	35.5	47.5	53	65.5	0	46.5	76	36.5	71	35.5	29	16.5	27.5	31.5	35.5	20.5	38.5	51	38.5	44.5	61	61	35.5	55.5	
87.5	40	64.5	55.5	82.5	84	24.5	76	80	76.5	26.5	13	31	69.5	52	23	35	27.5	60.5	78	77.5	51	83.5	58.5	83	67	59	86.5	63	33	45	13	77.5	39	74.5	58.5	21	26	92.5	57.5	61	64.5	84	68	72.5	89	37.5	44	28.5	42	65.5	68.5	64	76	81.5	94	46.5	0	100.5	10	99.5	39	47.5	40	49	35	64	34	67	79.5	67	61	89.5	77.5	29	84	
13	70.5	50	61	48	24.5	80	46.5	30.5	52	92	91.5	75.5	39	52.5	87.5	75.5	83	70	32.5	53	55.5	23	54	43.5	51.5	49.5	22	67.5	93.5	75.5	87.5	33	69.5	40	54	81.5	80.5	12	53	61.5	60	44.5	48.5	38	39.5	77	68.5	78	82.5	65	34	58.5	40.5	31	36.5	76	100.5	0	94.5	5	91.5	83	74.5	79.5	89.5	66.5	78.5	61.5	49	61.5	41.5	15	33	93.5	46.5	
97.5	50	70.5	59.5	72.5	94	34.5	74	90	68.5	28.5	3	21	59.5	62	13	45	37.5	50.5	68	67.5	41	73.5	66.5	77	57	69	96.5	53	27	45	23	87.5	49	80.5	66.5	31	16	82.5	67.5	59	60.5	76	72	82.5	81	27.5	34	18.5	38	55.5	78.5	54	66	71.5	84	36.5	10	94.5	0	89.5	29	37.5	30	41	25	54	24	57	69.5	57	71	79.5	87.5	19	74	
18	75.5	55	66	47	29.5	85	51.5	35.5	53	97	86.5	70.5	34	57.5	82.5	80.5	88	65	27.5	52	50.5	18	59	46.5	46.5	54.5	27	62.5	96.5	80.5	92.5	38	74.5	45	59	86.5	75.5	7	58	66.5	65	45.5	53.5	43	40.5	72	63.5	73	87.5	60	39	53.5	35.5	26	33.5	71	99.5	5	89.5	0	88.5	82	69.5	80.5	84.5	63.5	73.5	56.5	44	56.5	46.5	10	38	88.5	43.5	
78.5	31	55.5	46.5	71.5	75	20.5	67	71	67.5	32.5	26	20	58.5	43	22	26	23.5	49.5	67	66.5	40	72.5	49.5	74	56	50	77.5	52	34	36	28	68.5	30	65.5	49.5	22	13	81.5	48.5	52	55.5	75	59	63.5	80	26.5	33	17.5	33	54.5	59.5	53	65	70.5	83	35.5	39	91.5	29	88.5	0	36.5	29	40	4	53	23	56	68.5	56	52	78.5	68.5	28	73	
70	22.5	47	38	65	66.5	27	58.5	62.5	59	39	34.5	18.5	52	34.5	30.5	22.5	30	43	60.5	60	33.5	66	41	65.5	49.5	41.5	69	45.5	40.5	27.5	34.5	60	21.5	57	41	28.5	23.5	75	40	43.5	47	66.5	50.5	55	71.5	10	26.5	21	29.5	48	51	46.5	58.5	64	76.5	29	47.5	83	37.5	82	36.5	0	22.5	31.5	32.5	46.5	21.5	49.5	62	49.5	43.5	72	60	36.5	66.5	
77.5	20	50.5	39.5	52.5	74	39.5	54	70	48.5	43.5	27	11	39.5	42	23	35	42.5	30.5	48	47.5	21	53.5	46.5	57	37	49	76.5	33	37	15	47	67.5	21	60.5	46.5	41	16	62.5	47.5	39	40.5	56	52	62.5	61	12.5	14	13.5	28	35.5	58.5	34	46	51.5	64	16.5	40	74.5	30	69.5	29	22.5	0	11	25	34	14	37	49.5	37	51	59.5	67.5	29	54	
66.5	9	43.5	34.5	61.5	63	28.5	55	59	55.5	40.5	38	22	50.5	31	34	24	31.5	41.5	59	56.5	32	64.5	37.5	62	48	38	65.5	44	42	4	36	56.5	10	53.5	37.5	30	27	73.5	36.5	40	43.5	63	47	51.5	68	23.5	25	24.5	31	46.5	47.5	45	57	62.5	75	27.5	49	79.5	41	80.5	40	31.5	11	0	36	45	25	48	60.5	48	40	70.5	56.5	40	65	
82.5	35	59.5	50.5	67.5	79	24.5	69	75	63.5	36.5	22	16	54.5	47	18	30	27.5	45.5	63	62.5	36	68.5	53.5	72	52	54	81.5	48	32	40	32	72.5	34	69.5	53.5	26	9	77.5	52.5	54	55.5	71	63	67.5	76	22.5	29	13.5	33	50.5	63.5	49	61	66.5	79	31.5	35	89.5	25	84.5	4	32.5	25	36	0	49	19	52	64.5	52	56	74.5	72.5	24	69	
53.5	36	30.5	26.5	46.5	50	45.5	42	46	42.5	57.5	51	35	33.5	14	47	41	48.5	29.5	42	41.5	13	47.5	24.5	49	31	25	52.5	1	59	41	53	43.5	35	40.5	24.5	47	40	56.5	23.5	5	30.5	50	34	38.5	55	36.5	28	37.5	48	29.5	34.5	28	40	45.5	58	35.5	64	66.5	54	63.5	53	46.5	34	45	49	0	38	31	43.5	31	27	53.5	43.5	53	48	
83.5	34	54.5	43.5	56.5	80	35.5	58	74	52.5	37.5	21	3	43.5	48	17	21	36.5	34.5	52	51.5	25	57.5	50.5	61	41	55	82.5	37	31	29	43	71.5	35	64.5	50.5	37	10	66.5	51.5	43	44.5	60	56	66.5	65	11.5	18	7.5	14	39.5	64.5	38	50	55.5	68	20.5	34	78.5	24	73.5	23	21.5	14	25	19	38	0	41	53.5	41	57	63.5	71.5	23	58	
50.5	43	27.5	33.5	39.5	47	52.5	39	43	35.5	64.5	54	38	26.5	25	50	48	55.5	32.5	35	34.5	18	40.5	26.5	44	24	14	49.5	30	64	48	60	40.5	42	37.5	26.5	54	43	49.5	25.5	34	32.5	43	31	35.5	48	39.5	31	40.5	55	27.5	31.5	3	33	38.5	51	38.5	67	61.5	57	56.5	56	49.5	37	48	52	31	41	0	36.5	0	24	46.5	40.5	56	41	
38	55.5	35	46	3	34.5	65	31.5	30.5	33	77	66.5	50.5	10	37.5	62.5	60.5	68	45	22.5	32	30.5	28	39	31.5	26.5	34.5	37	42.5	76.5	60.5	72.5	28	54.5	11	39	66.5	55.5	37	38	46.5	45	30.5	33.5	13	35.5	52	43.5	53	67.5	40	17	33.5	20.5	26	38.5	51	79.5	49	69.5	44	68.5	62	49.5	60.5	64.5	43.5	53.5	36.5	0	36.5	26.5	34	28	68.5	28.5	
50.5	43	27.5	33.5	39.5	47	52.5	39	43	35.5	64.5	54	38	26.5	25	50	48	55.5	32.5	35	34.5	18	40.5	26.5	44	24	14	49.5	30	64	48	60	40.5	42	37.5	26.5	54	43	49.5	25.5	34	32.5	43	31	35.5	48	39.5	31	40.5	55	27.5	31.5	3	33	38.5	51	38.5	67	61.5	57	56.5	56	49.5	37	48	52	31	41	0	36.5	0	24	46.5	40.5	56	41	
28.5	31	10.5	21.5	23.5	25	40.5	17	21	17.5	52.5	74	60	36.5	13	68	36	43.5	30.5	43	18.5	40	52.5	14.5	24	22	10	27.5	28	54	36	48	18.5	30	15.5	14.5	42	65	53.5	13.5	22	20.5	25	7	13.5	30	53.5	47	62.5	43	25.5	9.5	27	35	44.5	37	44.5	61	41.5	71	46.5	52	43.5	51	40	56	27	57	24	26.5	24	0	56.5	18.5	62	27	
28	79.5	55	64	37	35.5	95	43.5	39.5	43	93	76.5	60.5	24	67.5	72.5	84.5	92	55	17.5	42	40.5	8	61	36.5	36.5	60.5	33	52.5	86.5	74.5	102.5	42	80.5	45	61	96.5	65.5	3	62	58.5	55	35.5	51.5	47	30.5	62	53.5	63	77.5	50	49	43.5	25.5	16	23.5	61	89.5	15	79.5	10	78.5	72	59.5	70.5	74.5	53.5	63.5	46.5	34	46.5	56.5	0	42	78.5	33.5	
20	47.5	27	38	25	16.5	57	23.5	12.5	29	69	84.5	68.5	32	29.5	80.5	52.5	60	47	30.5	30	48.5	36	31	20.5	40.5	26.5	19	44.5	70.5	52.5	64.5	0	46.5	17	31	58.5	73.5	45	30	38.5	37	21.5	25.5	15	21.5	70	61.5	71	59.5	42	11	43.5	31.5	34	28.5	61	77.5	33	87.5	38	68.5	60	67.5	56.5	72.5	43.5	71.5	40.5	28	40.5	18.5	42	0	78.5	23.5	
88.5	41	65.5	56.5	71.5	85	25.5	73	81	67.5	32.5	16	20	58.5	53	6	36	28.5	49.5	67	66.5	40	72.5	59.5	76	56	60	87.5	52	8	44	28	78.5	40	75.5	59.5	20	15	81.5	58.5	58	59.5	75	69	73.5	80	26.5	33	17.5	37	54.5	69.5	53	65	70.5	83	35.5	29	93.5	19	88.5	28	36.5	29	40	24	53	23	56	68.5	56	62	78.5	78.5	0	73	
33.5	56	35.5	46.5	31.5	30	65.5	32	26	37.5	77.5	71	55	18.5	38	67	61	68.5	49.5	22	36.5	35	27.5	39.5	3	31	35	32.5	47	79	61	73	23.5	55	25.5	39.5	67	60	36.5	38.5	47	45.5	2	34	23.5	35	56.5	48	57.5	68	44.5	19.5	38	8	25.5	38	55.5	84	46.5	74	43.5	73	66.5	54	65	69	48	58	41	28.5	41	27	33.5	23.5	73	0	
