Number of items: 75
Horizon: 6
Time limit: 750
Load limit: 4500
Initial item inventory level
46
114
144
106
129
243
210
156
117
60
282
40
126
15
216
76
270
174
234
52
183
72
76
60
112
144
198
36
11
112
180
120
12
41
61
54
42
63
154
117
136
140
89
48
96
87
20
50
72
279
65
186
92
39
158
84
73
52
182
36
210
148
276
171
297
97
144
48
33
105
279
111
65
261
20
Maximum inventory capacity per item
92
152
192
159
172
324
280
208
156
80
376
80
168
30
288
114
360
232
312
104
244
144
152
80
168
192
297
54
22
168
270
160
24
82
122
108
84
126
231
156
204
210
178
64
192
116
40
100
144
372
130
248
138
52
237
168
146
104
273
48
280
222
368
228
396
194
216
72
44
140
372
148
130
348
30
Reserve storage replenishment rate per item and per period
276	0	0	276	0	0	
228	0	0	228	0	0	
288	0	0	288	0	0	
318	0	0	318	0	0	
258	0	0	258	0	0	
486	0	0	486	0	0	
420	0	0	420	0	0	
312	0	0	312	0	0	
234	0	0	234	0	0	
120	0	0	120	0	0	
564	0	0	564	0	0	
240	0	0	240	0	0	
252	0	0	252	0	0	
90	0	0	90	0	0	
432	0	0	432	0	0	
228	0	0	228	0	0	
540	0	0	540	0	0	
348	0	0	348	0	0	
468	0	0	468	0	0	
312	0	0	312	0	0	
366	0	0	366	0	0	
432	0	0	432	0	0	
456	0	0	456	0	0	
120	0	0	120	0	0	
336	0	0	336	0	0	
288	0	0	288	0	0	
594	0	0	594	0	0	
108	0	0	108	0	0	
66	0	0	66	0	0	
336	0	0	336	0	0	
540	0	0	540	0	0	
240	0	0	240	0	0	
72	0	0	72	0	0	
246	0	0	246	0	0	
366	0	0	366	0	0	
324	0	0	324	0	0	
252	0	0	252	0	0	
378	0	0	378	0	0	
462	0	0	462	0	0	
234	0	0	234	0	0	
408	0	0	408	0	0	
420	0	0	420	0	0	
534	0	0	534	0	0	
96	0	0	96	0	0	
576	0	0	576	0	0	
174	0	0	174	0	0	
120	0	0	120	0	0	
300	0	0	300	0	0	
432	0	0	432	0	0	
558	0	0	558	0	0	
390	0	0	390	0	0	
372	0	0	372	0	0	
276	0	0	276	0	0	
78	0	0	78	0	0	
474	0	0	474	0	0	
504	0	0	504	0	0	
438	0	0	438	0	0	
312	0	0	312	0	0	
546	0	0	546	0	0	
72	0	0	72	0	0	
420	0	0	420	0	0	
444	0	0	444	0	0	
552	0	0	552	0	0	
342	0	0	342	0	0	
594	0	0	594	0	0	
582	0	0	582	0	0	
432	0	0	432	0	0	
144	0	0	144	0	0	
66	0	0	66	0	0	
210	0	0	210	0	0	
558	0	0	558	0	0	
222	0	0	222	0	0	
390	0	0	390	0	0	
522	0	0	522	0	0	
60	0	0	60	0	0	
Forward storage demand rate per item and per period
46	36	42	56	44	38	
38	42	35	47	52	25	
48	47	72	43	51	41	
53	60	69	46	36	37	
43	35	37	59	31	65	
81	74	114	63	26	98	
70	53	70	83	37	34	
52	63	73	86	56	84	
39	22	45	34	3	76	
20	25	18	18	29	27	
94	137	174	88	53	113	
40	39	5	51	40	14	
42	41	33	66	40	74	
15	14	5	15	16	18	
72	54	70	23	104	105	
38	64	15	29	23	54	
90	53	99	67	35	124	
58	21	23	14	28	53	
78	90	69	68	114	80	
52	60	47	37	57	33	
61	38	88	21	31	109	
72	75	27	22	33	62	
76	67	28	89	47	56	
20	14	11	19	25	25	
56	63	52	52	71	44	
48	86	28	51	29	18	
99	142	126	116	55	114	
18	13	8	26	20	25	
11	6	12	11	13	6	
56	66	45	54	90	13	
90	69	134	40	35	129	
40	66	56	45	66	16	
12	21	2	9	16	14	
41	11	54	37	29	26	
61	104	63	61	99	75	
54	77	46	63	32	86	
42	58	41	34	54	75	
63	60	56	30	82	55	
77	99	95	33	30	81	
39	31	6	40	27	17	
68	121	55	106	68	55	
70	55	103	113	36	22	
89	59	106	28	112	112	
16	4	25	15	19	13	
96	88	123	59	77	28	
29	33	29	20	42	27	
20	34	15	27	22	21	
50	50	63	26	69	43	
72	94	92	75	53	63	
93	80	128	120	109	92	
65	43	62	21	71	47	
62	46	69	47	86	63	
46	23	35	35	48	33	
13	11	15	6	10	13	
79	46	108	29	78	84	
84	96	73	95	82	53	
73	68	41	102	97	124	
52	65	89	68	64	58	
91	107	81	133	39	82	
12	7	8	12	10	4	
70	43	44	95	69	81	
74	55	8	39	89	84	
92	94	64	81	93	122	
57	77	94	96	44	93	
99	112	151	117	142	180	
97	48	129	104	161	61	
72	117	25	84	72	92	
24	39	19	40	23	5	
11	14	16	13	4	4	
35	11	40	38	15	44	
93	112	72	108	106	61	
37	16	41	24	44	64	
65	6	93	113	110	63	
87	122	104	116	84	115	
10	13	8	8	9	10	
Distance matrix
0	90	41.5	12	13.5	84.5	44.5	31.5	37	32	23	40	74.5	50.5	8.5	65	39.5	93.5	76.5	16.5	33	32	74.5	14	56	28.5	71	91	48	77.5	33	22	20.5	41.5	58	60	6	50	50	68	92	74	71.5	26	76.5	33	31	35	56	88	6.5	52	72	83	40	57	62	54	67.5	58.5	15	53.5	86	34	53	37	70	49	46	97.5	31.5	73	30.5	23.5	6.5	47.5	
90	0	68.5	98	88.5	25.5	65.5	78.5	73	72	83	70	35.5	59.5	83.5	45	54.5	21.5	31.5	91.5	77	62	24.5	96	54	81.5	39	19	62	32.5	77	88	89.5	68.5	52	50	86	60	60	42	18	34	38.5	66	26.5	77	61	75	54	22	91.5	58	32	27	70	53	42	56	42.5	51.5	95	56.5	4	76	57	73	40	61	64	17.5	78.5	17	79.5	86.5	91.5	62.5	
41.5	68.5	0	31.5	30	59	19	12	6.5	36.5	25.5	8.5	59	43	35	23.5	54	70	77	27	10.5	46.5	89	29.5	32.5	13	47.5	57.5	40.5	36	10.5	21.5	23	12	20.5	18.5	37.5	48.5	28.5	50.5	56.5	74.5	62	42.5	87	15.5	47.5	23.5	42.5	60.5	37	36.5	76.5	65.5	38.5	41.5	66.5	44.5	26	25	28.5	50	72.5	9.5	25.5	6.5	48.5	19.5	42.5	66	12	85.5	13	20	37	6	
12	98	31.5	0	25.5	88.5	48.5	31.5	31	44	35	38	86.5	62.5	20.5	53	51.5	99.5	88.5	28.5	35	44	86.5	2	62	40.5	77	87	60	65.5	35	34	32.5	41.5	50	48	18	62	58	80	86	86	83.5	38	88.5	45	43	47	68	90	18.5	64	84	95	52	69	74	66	55.5	54.5	27	65.5	98	34	55	31	78	49	58	95.5	21.5	85	22.5	35.5	18.5	35.5	
13.5	88.5	30	25.5	0	83	43	18	29.5	30.5	21.5	36.5	73	49	5	51.5	38	92	75	3	31.5	30.5	73	27.5	54.5	27	69.5	85.5	46.5	64	31.5	25.5	7	40	48.5	46.5	9.5	48.5	48.5	66.5	84.5	72.5	70	24.5	75	31.5	29.5	33.5	54.5	86.5	15	50.5	70.5	81.5	38.5	55.5	60.5	52.5	54	53	18.5	52	84.5	32.5	51.5	29.5	68.5	47.5	44.5	94	30	71.5	31	10	15	34	
84.5	25.5	59	88.5	83	0	56	69	63.5	66.5	77.5	60.5	26	50	78	35.5	49	27	34	84	67.5	56.5	34	86.5	44.5	72	29.5	14.5	52.5	23	67.5	78.5	80	59	42.5	40.5	80.5	50.5	50.5	32.5	13.5	31.5	29	60.5	36	67.5	55.5	65.5	44.5	17.5	86	48.5	31.5	22.5	60.5	43.5	36.5	46.5	33	42	85.5	47	29.5	66.5	47.5	63.5	30.5	51.5	54.5	23	69	32.5	70	77	86	53	
44.5	65.5	19	48.5	43	56	0	29	23.5	31.5	37.5	20.5	56	40	38	20.5	39	67	74	44	27.5	31.5	74	46.5	29.5	32	44.5	54.5	37.5	33	27.5	38.5	40	19	17.5	15.5	40.5	45.5	25.5	47.5	53.5	71.5	59	25.5	76	27.5	30.5	25.5	39.5	57.5	46	33.5	71.5	62.5	35.5	38.5	61.5	41.5	23	22	45.5	47	69.5	26.5	22.5	23.5	45.5	16.5	39.5	63	29	72.5	30	37	46	13	
31.5	78.5	12	31.5	18	69	29	0	11.5	46.5	35.5	18.5	69	53	23	33.5	56	80	87	15	15.5	48.5	91	29.5	42.5	25	57.5	67.5	50.5	46	15.5	21.5	11	22	30.5	28.5	27.5	58.5	38.5	60.5	66.5	84.5	72	42.5	93	25.5	47.5	33.5	52.5	70.5	33	46.5	86.5	75.5	48.5	51.5	76.5	54.5	36	35	28.5	60	82.5	14.5	35.5	11.5	58.5	29.5	52.5	76	12	89.5	13	8	33	16	
37	73	6.5	31	29.5	63.5	23.5	11.5	0	41	30	13	63.5	47.5	30.5	28	56.5	74.5	81.5	26.5	4	49	91.5	29	37	19.5	52	62	45	40.5	4	21	22.5	16.5	25	23	33	53	33	55	61	79	66.5	43	91.5	20	48	28	47	65	36.5	41	81	70	43	46	71	49	30.5	29.5	28	54.5	77	3	30	0	53	24	47	70.5	11.5	90	12.5	19.5	36.5	10.5	
32	72	36.5	44	30.5	66.5	31.5	46.5	41	0	25	38	56.5	32.5	25.5	33	21.5	75.5	58.5	33.5	45	14	56.5	46	38	35.5	53	67	30	45.5	45	44	37.5	36.5	30	28	28	32	32	50	66	56	53.5	6	58.5	35	13	27	38	70	33.5	34	54	65	22	39	44	36	35.5	34.5	37	35.5	68	44	35	41	52	17	28	75.5	46.5	55	47.5	40.5	33.5	30.5	
23	83	25.5	35	21.5	77.5	37.5	35.5	30	25	0	17	67.5	43.5	16.5	42	32.5	86.5	69.5	24.5	34	25	67.5	37	49	26.5	64	76	41	54.5	34	35	28.5	30.5	39	37	19	43	43	61	75	67	64.5	19	69.5	10	24	28	49	79	24.5	45	65	76	33	50	55	47	44.5	43.5	28	46.5	79	33	44	30	63	38	39	84.5	35.5	66	36.5	31.5	24.5	24.5	
40	70	8.5	38	36.5	60.5	20.5	18.5	13	38	17	0	60.5	44.5	33.5	25	49.5	71.5	78.5	33.5	17	42	84.5	36	34	21.5	49	59	42	37.5	17	28	29.5	13.5	22	20	36	50	30	52	58	76	63.5	36	86.5	7	41	25	44	62	41.5	38	78	67	40	43	68	46	27.5	26.5	35	51.5	74	16	27	13	50	21	44	67.5	18.5	83	19.5	26.5	41.5	7.5	
74.5	35.5	59	86.5	73	26	56	69	63.5	56.5	67.5	60.5	0	50	68	35.5	39	37	36	76	67.5	46.5	34	86.5	44.5	72	29.5	24.5	52.5	23	67.5	78.5	80	59	42.5	40.5	70.5	44.5	50.5	32.5	23.5	33.5	3	50.5	36	67.5	45.5	65.5	44.5	27.5	76	48.5	31.5	32.5	54.5	43.5	26.5	46.5	33	42	79.5	43	39.5	66.5	47.5	63.5	30.5	51.5	50.5	33	69	32.5	70	77	76	53	
50.5	59.5	43	62.5	49	50	40	53	47.5	32.5	43.5	44.5	50	0	44	19.5	11	61	52	52	51.5	22.5	50	64.5	28.5	54	38.5	48.5	28.5	27	51.5	62.5	56	43	26.5	24.5	46.5	25.5	34.5	41.5	47.5	49.5	47	26.5	52	51.5	21.5	45.5	31.5	51.5	52	32.5	47.5	56.5	30.5	32.5	37.5	29.5	17	26	55.5	29	61.5	50.5	31.5	47.5	39.5	35.5	26.5	57	53	48.5	54	59	52	37	
8.5	83.5	35	20.5	5	78	38	23	30.5	25.5	16.5	33.5	68	44	0	56.5	33	87	70	8	26.5	25.5	68	22.5	49.5	22	64.5	84.5	41.5	69	26.5	20.5	12	35	51.5	51.5	4.5	43.5	43.5	61.5	85.5	67.5	65	19.5	70	26.5	24.5	28.5	49.5	81.5	10	45.5	65.5	76.5	33.5	50.5	55.5	47.5	59	52	13.5	47	79.5	27.5	46.5	30.5	63.5	42.5	39.5	91	35	66.5	34	15	10	39	
65	45	23.5	53	51.5	35.5	20.5	33.5	28	33	42	25	35.5	19.5	56.5	0	30.5	46.5	53.5	48.5	32	33	65.5	51	9	36.5	24	34	17	12.5	32	43	44.5	23.5	7	5	59	25	15	27	33	51	38.5	39	63.5	32	34	30	19	37	58.5	13	53	42	25	18	43	21	2.5	6.5	50	26.5	49	31	12	28	25	16	19	42.5	33.5	62	34.5	41.5	58.5	17.5	
39.5	54.5	54	51.5	38	49	39	56	56.5	21.5	32.5	49.5	39	11	33	30.5	0	58	41	41	52.5	11.5	39	53.5	25.5	43	35.5	55.5	17.5	38	52.5	51.5	45	46	37.5	35.5	35.5	14.5	29.5	32.5	56.5	38.5	36	15.5	41	42.5	10.5	34.5	20.5	52.5	41	21.5	36.5	47.5	19.5	21.5	26.5	18.5	28	33	44.5	18	50.5	53.5	32.5	56.5	34.5	38.5	15.5	62	64	37.5	65	48	41	48	
93.5	21.5	70	99.5	92	27	67	80	74.5	75.5	86.5	71.5	37	61	87	46.5	58	0	35	95	78.5	65.5	19	97.5	55.5	83	40.5	20.5	63.5	34	78.5	89.5	91	70	53.5	51.5	89.5	61.5	61.5	43.5	19.5	37.5	40	69.5	17	78.5	64.5	76.5	55.5	23.5	95	59.5	35.5	28.5	71.5	54.5	45.5	57.5	44	53	96.5	58	25.5	77.5	58.5	74.5	41.5	62.5	65.5	4	80	26.5	81	88	95	64	
76.5	31.5	77	88.5	75	34	74	87	81.5	58.5	69.5	78.5	36	52	70	53.5	41	35	0	78	85.5	48.5	16	90.5	62.5	80	47.5	27.5	54.5	41	85.5	88.5	82	77	60.5	58.5	72.5	46.5	66.5	44.5	26.5	20.5	33	52.5	18	79.5	47.5	71.5	52.5	30.5	78	58.5	18.5	29.5	56.5	53.5	28.5	50.5	51	60	81.5	45	27.5	84.5	65.5	81.5	46.5	69.5	52.5	31	87	14.5	88	85	78	71	
16.5	91.5	27	28.5	3	84	44	15	26.5	33.5	24.5	33.5	76	52	8	48.5	41	95	78	0	30.5	33.5	76	30.5	57.5	30	72.5	82.5	49.5	61	30.5	28.5	4	37	45.5	43.5	12.5	51.5	51.5	69.5	81.5	75.5	73	27.5	78	34.5	32.5	36.5	57.5	85.5	18	53.5	73.5	84.5	41.5	58.5	63.5	55.5	51	50	21.5	55	87.5	29.5	50.5	26.5	71.5	44.5	47.5	91	27	74.5	28	7	18	31	
33	77	10.5	35	31.5	67.5	27.5	15.5	4	45	34	17	67.5	51.5	26.5	32	52.5	78.5	85.5	30.5	0	45	87.5	33	41	23.5	56	66	49	44.5	0	25	26.5	20.5	29	27	29	57	37	59	65	83	70.5	39	89.5	24	44	32	51	69	34.5	45	85	74	47	50	75	53	34.5	33.5	32	58.5	81	1	34	4	57	28	51	74.5	15.5	86	16.5	23.5	34.5	14.5	
32	62	46.5	44	30.5	56.5	31.5	48.5	49	14	25	42	46.5	22.5	25.5	33	11.5	65.5	48.5	33.5	45	0	46.5	46	28	35.5	43	63	20	45.5	45	44	37.5	38.5	26	28	28	22	18	40	64	46	43.5	8	48.5	35	1	27	28	60	33.5	24	44	55	8	29	34	26	35.5	30.5	37	25.5	58	46	21	49	42	31	18	69.5	56.5	45	57.5	40.5	33.5	40.5	
74.5	24.5	89	86.5	73	34	74	91	91.5	56.5	67.5	84.5	34	50	68	65.5	39	19	16	76	87.5	46.5	0	88.5	60.5	78	45.5	35.5	52.5	53	87.5	86.5	80	81	72.5	70.5	70.5	44.5	64.5	42.5	36.5	18.5	31	50.5	2	77.5	45.5	69.5	50.5	32.5	76	56.5	16.5	27.5	54.5	51.5	26.5	48.5	63	68	79.5	43	20.5	88.5	67.5	91.5	44.5	73.5	50.5	23	99	7.5	100	83	76	83	
14	96	29.5	2	27.5	86.5	46.5	29.5	29	46	37	36	86.5	64.5	22.5	51	53.5	97.5	90.5	30.5	33	46	88.5	0	60	42.5	75	85	62	63.5	33	34	34.5	39.5	48	46	20	64	56	78	84	88	85.5	40	90.5	43	45	49	70	88	20.5	64	86	93	54	69	76	68	53.5	52.5	29	67.5	100	32	53	29	76	47	60	93.5	19.5	87	20.5	37.5	20.5	33.5	
56	54	32.5	62	54.5	44.5	29.5	42.5	37	38	49	34	44.5	28.5	49.5	9	25.5	55.5	62.5	57.5	41	28	60.5	60	0	45.5	33	43	8	21.5	41	52	53.5	32.5	16	14	52	34	24	36	42	60	47.5	32	62.5	41	27	39	28	46	57.5	4	58	51	34	27	48	30	11.5	15.5	59	35.5	58	40	21	37	34	25	10	51.5	42.5	59	43.5	50.5	57.5	26.5	
28.5	81.5	13	40.5	27	72	32	25	19.5	35.5	26.5	21.5	72	54	22	36.5	43	83	80	30	23.5	35.5	78	42.5	45.5	0	60.5	70.5	51.5	49	23.5	34.5	34	25	33.5	31.5	24.5	53.5	41.5	63.5	69.5	77.5	75	29.5	80	28.5	34.5	36.5	55.5	73.5	30	49.5	75.5	78.5	43.5	54.5	65.5	57.5	39	38	33.5	57	85.5	22.5	38.5	19.5	61.5	32.5	49.5	79	25	76.5	26	33	30	19	
71	39	47.5	77	69.5	29.5	44.5	57.5	52	53	64	49	29.5	38.5	64.5	24	35.5	40.5	47.5	72.5	56	43	45.5	75	33	60.5	0	28	41	11.5	56	67	68.5	47.5	31	29	67	39	39	3	27	45	32.5	47	47.5	56	42	54	33	31	72.5	37	43	36	49	32	33	35	21.5	30.5	74	35.5	43	55	36	52	1	40	43	36.5	57.5	44	58.5	65.5	72.5	41.5	
91	19	57.5	87	85.5	14.5	54.5	67.5	62	67	76	59	24.5	48.5	84.5	34	55.5	20.5	27.5	82.5	66	63	35.5	85	43	70.5	28	0	51	21.5	66	77	78.5	57.5	41	39	87	49	49	31	1	17	27.5	67	37.5	66	62	64	43	3	92.5	47	19	8	59	42	37	45	31.5	40.5	84	45.5	23	65	46	62	29	50	53	16.5	67.5	34	68.5	75.5	92.5	51.5	
48	62	40.5	60	46.5	52.5	37.5	50.5	45	30	41	42	52.5	28.5	41.5	17	17.5	63.5	54.5	49.5	49	20	52.5	62	8	51.5	41	51	0	29.5	49	60	53.5	40.5	24	22	44	28	32	44	50	52	49.5	24	54.5	49	19	43	34	54	49.5	4	50	59	28	35	40	32	19.5	23.5	53	31.5	64	48	29	45	42	33	2	59.5	50.5	51	51.5	56.5	49.5	34.5	
77.5	32.5	36	65.5	64	23	33	46	40.5	45.5	54.5	37.5	23	27	69	12.5	38	34	41	61	44.5	45.5	53	63.5	21.5	49	11.5	21.5	29.5	0	44.5	55.5	57	36	19.5	17.5	71.5	27.5	27.5	14.5	20.5	38.5	26	51.5	51	44.5	46.5	42.5	21.5	24.5	71	25.5	40.5	29.5	37.5	20.5	30.5	23.5	10	19	62.5	24	36.5	43.5	24.5	40.5	12.5	28.5	31.5	30	46	49.5	47	54	71	30	
33	77	10.5	35	31.5	67.5	27.5	15.5	4	45	34	17	67.5	51.5	26.5	32	52.5	78.5	85.5	30.5	0	45	87.5	33	41	23.5	56	66	49	44.5	0	25	26.5	20.5	29	27	29	57	37	59	65	83	70.5	39	89.5	24	44	32	51	69	34.5	45	85	74	47	50	75	53	34.5	33.5	32	58.5	81	1	34	4	57	28	51	74.5	15.5	86	16.5	23.5	34.5	14.5	
22	88	21.5	34	25.5	78.5	38.5	21.5	21	44	35	28	78.5	62.5	20.5	43	51.5	89.5	88.5	28.5	25	44	86.5	34	52	34.5	67	77	60	55.5	25	0	32.5	31.5	40	38	16	62	48	70	76	86	81.5	38	88.5	35	43	43	62	80	23.5	56	84	85	52	61	74	64	45.5	44.5	7	65.5	92	24	45	21	68	39	58	85.5	16.5	85	17.5	29.5	23.5	25.5	
20.5	89.5	23	32.5	7	80	40	11	22.5	37.5	28.5	29.5	80	56	12	44.5	45	91	82	4	26.5	37.5	80	34.5	53.5	34	68.5	78.5	53.5	57	26.5	32.5	0	33	41.5	39.5	16.5	55.5	49.5	71.5	77.5	79.5	77	31.5	82	36.5	36.5	40.5	61.5	81.5	22	57.5	77.5	86.5	45.5	62.5	67.5	59.5	47	46	25.5	59	91.5	25.5	46.5	22.5	69.5	40.5	51.5	87	23	78.5	24	3	22	27	
41.5	68.5	12	41.5	40	59	19	22	16.5	36.5	30.5	13.5	59	43	35	23.5	46	70	77	37	20.5	38.5	81	39.5	32.5	25	47.5	57.5	40.5	36	20.5	31.5	33	0	20.5	18.5	37.5	48.5	28.5	50.5	56.5	74.5	62	32.5	83	20.5	37.5	23.5	42.5	60.5	43	36.5	76.5	65.5	38.5	41.5	66.5	44.5	26	25	38.5	50	72.5	19.5	25.5	16.5	48.5	19.5	42.5	66	22	79.5	23	30	43	6	
58	52	20.5	50	48.5	42.5	17.5	30.5	25	30	39	22	42.5	26.5	51.5	7	37.5	53.5	60.5	45.5	29	26	72.5	48	16	33.5	31	41	24	19.5	29	40	41.5	20.5	0	2	54	32	8	34	40	58	45.5	34	70.5	29	27	27	26	44	55.5	20	60	49	18	25	50	28	9.5	8.5	47	33.5	56	28	5	25	32	13	26	49.5	30.5	69	31.5	38.5	55.5	14.5	
60	50	18.5	48	46.5	40.5	15.5	28.5	23	28	37	20	40.5	24.5	51.5	5	35.5	51.5	58.5	43.5	27	28	70.5	46	14	31.5	29	39	22	17.5	27	38	39.5	18.5	2	0	54	30	10	32	38	56	43.5	34	68.5	27	29	25	24	42	53.5	18	58	47	20	23	48	26	7.5	6.5	45	31.5	54	26	7	23	30	11	24	47.5	28.5	67	29.5	36.5	53.5	12.5	
6	86	37.5	18	9.5	80.5	40.5	27.5	33	28	19	36	70.5	46.5	4.5	59	35.5	89.5	72.5	12.5	29	28	70.5	20	52	24.5	67	87	44	71.5	29	16	16.5	37.5	54	54	0	46	46	64	88	70	67.5	22	72.5	29	27	31	52	84	7.5	48	68	79	36	53	58	50	61.5	54.5	9	49.5	82	30	49	33	66	45	42	93.5	32.5	69	31.5	19.5	7.5	41.5	
50	60	48.5	62	48.5	50.5	45.5	58.5	53	32	43	50	44.5	25.5	43.5	25	14.5	61.5	46.5	51.5	57	22	44.5	64	34	53.5	39	49	28	27.5	57	62	55.5	48.5	32	30	46	0	40	38	48	44	41.5	26	46.5	53	21	45	6	52	51.5	32	42	53	30	7	32	4	22.5	31.5	55	23.5	56	56	37	53	40	41	26	57.5	58.5	43	59.5	58.5	51.5	42.5	
50	60	28.5	58	48.5	50.5	25.5	38.5	33	32	43	30	50.5	34.5	43.5	15	29.5	61.5	66.5	51.5	37	18	64.5	56	24	41.5	39	49	32	27.5	37	48	49.5	28.5	8	10	46	40	0	42	48	64	53.5	26	66.5	37	19	35	34	52	51.5	28	62	57	10	33	52	36	17.5	16.5	55	41.5	64	36	3	33	40	21	34	57.5	38.5	63	39.5	46.5	51.5	22.5	
68	42	50.5	80	66.5	32.5	47.5	60.5	55	50	61	52	32.5	41.5	61.5	27	32.5	43.5	44.5	69.5	59	40	42.5	78	36	63.5	3	31	44	14.5	59	70	71.5	50.5	34	32	64	38	42	0	30	42	35.5	44	44.5	59	39	57	36	34	69.5	40	40	39	48	35	30	38	24.5	33.5	73	36.5	46	58	39	55	2	43	44	39.5	60.5	41	61.5	68.5	69.5	44.5	
92	18	56.5	86	84.5	13.5	53.5	66.5	61	66	75	58	23.5	47.5	85.5	33	56.5	19.5	26.5	81.5	65	64	36.5	84	42	69.5	27	1	50	20.5	65	76	77.5	56.5	40	38	88	48	48	30	0	18	26.5	68	36.5	65	63	63	42	4	91.5	46	20	9	58	41	36	44	30.5	39.5	83	44.5	22	64	45	61	28	49	52	15.5	66.5	35	67.5	74.5	91.5	50.5	
74	34	74.5	86	72.5	31.5	71.5	84.5	79	56	67	76	33.5	49.5	67.5	51	38.5	37.5	20.5	75.5	83	46	18.5	88	60	77.5	45	17	52	38.5	83	86	79.5	74.5	58	56	70	44	64	42	18	0	30.5	50	20.5	77	45	69	50	14	75.5	56	2	9	54	51	26	48	48.5	57.5	79	42.5	30	82	63	79	44	67	50	33.5	84.5	17	85.5	82.5	75.5	68.5	
71.5	38.5	62	83.5	70	29	59	72	66.5	53.5	64.5	63.5	3	47	65	38.5	36	40	33	73	70.5	43.5	31	85.5	47.5	75	32.5	27.5	49.5	26	70.5	81.5	77	62	45.5	43.5	67.5	41.5	53.5	35.5	26.5	30.5	0	47.5	33	70.5	42.5	66.5	47.5	30.5	73	51.5	28.5	35.5	51.5	46.5	23.5	45.5	36	45	76.5	40	42.5	69.5	50.5	66.5	33.5	54.5	47.5	36	72	29.5	73	80	73	56	
26	66	42.5	38	24.5	60.5	25.5	42.5	43	6	19	36	50.5	26.5	19.5	39	15.5	69.5	52.5	27.5	39	8	50.5	40	32	29.5	47	67	24	51.5	39	38	31.5	32.5	34	34	22	26	26	44	68	50	47.5	0	52.5	29	7	21	32	64	27.5	28	48	59	16	33	38	30	41.5	34.5	31	29.5	62	40	29	43	46	23	22	73.5	52.5	49	51.5	34.5	27.5	36.5	
76.5	26.5	87	88.5	75	36	76	93	91.5	58.5	69.5	86.5	36	52	70	63.5	41	17	18	78	89.5	48.5	2	90.5	62.5	80	47.5	37.5	54.5	51	89.5	88.5	82	83	70.5	68.5	72.5	46.5	66.5	44.5	36.5	20.5	33	52.5	0	79.5	47.5	71.5	52.5	34.5	78	58.5	18.5	29.5	56.5	53.5	28.5	50.5	61	70	81.5	45	22.5	90.5	69.5	91.5	46.5	75.5	52.5	21	97	9.5	98	85	78	81	
33	77	15.5	45	31.5	67.5	27.5	25.5	20	35	10	7	67.5	51.5	26.5	32	42.5	78.5	79.5	34.5	24	35	77.5	43	41	28.5	56	66	49	44.5	24	35	36.5	20.5	29	27	29	53	37	59	65	77	70.5	29	79.5	0	34	32	51	69	34.5	45	75	74	43	50	65	53	34.5	33.5	38	56.5	81	23	34	20	57	28	49	74.5	25.5	76	26.5	33.5	34.5	14.5	
31	61	47.5	43	29.5	55.5	30.5	47.5	48	13	24	41	45.5	21.5	24.5	34	10.5	64.5	47.5	32.5	44	1	45.5	45	27	34.5	42	62	19	46.5	44	43	36.5	37.5	27	29	27	21	19	39	63	45	42.5	7	47.5	34	0	26	27	59	32.5	23	43	54	9	28	33	25	36.5	29.5	36	24.5	57	45	22	48	41	30	17	68.5	57.5	44	56.5	39.5	32.5	41.5	
35	75	23.5	47	33.5	65.5	25.5	33.5	28	27	28	25	65.5	45.5	28.5	30	34.5	76.5	71.5	36.5	32	27	69.5	49	39	36.5	54	64	43	42.5	32	43	40.5	23.5	27	25	31	45	35	57	63	69	66.5	21	71.5	32	26	0	49	67	36.5	43	67	72	35	48	57	49	32.5	31.5	40	48.5	79	31	32	28	55	26	41	72.5	33.5	68	34.5	41.5	36.5	17.5	
56	54	42.5	68	54.5	44.5	39.5	52.5	47	38	49	44	44.5	31.5	49.5	19	20.5	55.5	52.5	57.5	51	28	50.5	70	28	55.5	33	43	34	21.5	51	62	61.5	42.5	26	24	52	6	34	36	42	50	47.5	32	52.5	51	27	49	0	46	57.5	32	48	51	36	1	38	2	16.5	25.5	61	29.5	58	50	31	47	34	35	32	51.5	52.5	49	53.5	60.5	57.5	36.5	
88	22	60.5	90	86.5	17.5	57.5	70.5	65	70	79	62	27.5	51.5	81.5	37	52.5	23.5	30.5	85.5	69	60	32.5	88	46	73.5	31	3	54	24.5	69	80	81.5	60.5	44	42	84	52	52	34	4	14	30.5	64	34.5	69	59	67	46	0	89.5	50	16	5	62	45	40	48	34.5	43.5	87	48.5	26	68	49	65	32	53	56	19.5	70.5	31	71.5	78.5	89.5	54.5	
6.5	91.5	37	18.5	15	86	46	33	36.5	33.5	24.5	41.5	76	52	10	58.5	41	95	78	18	34.5	33.5	76	20.5	57.5	30	72.5	92.5	49.5	71	34.5	23.5	22	43	55.5	53.5	7.5	51.5	51.5	69.5	91.5	75.5	73	27.5	78	34.5	32.5	36.5	57.5	89.5	0	53.5	73.5	84.5	41.5	58.5	63.5	55.5	61	60	16.5	55	87.5	35.5	54.5	36.5	71.5	50.5	47.5	99	25	74.5	24	25	0	41	
52	58	36.5	64	50.5	48.5	33.5	46.5	41	34	45	38	48.5	32.5	45.5	13	21.5	59.5	58.5	53.5	45	24	56.5	64	4	49.5	37	47	4	25.5	45	56	57.5	36.5	20	18	48	32	28	40	46	56	51.5	28	58.5	45	23	43	32	50	53.5	0	54	55	32	31	44	34	15.5	19.5	57	35.5	62	44	25	41	38	29	6	55.5	46.5	55	47.5	54.5	53.5	30.5	
72	32	76.5	84	70.5	31.5	71.5	86.5	81	54	65	78	31.5	47.5	65.5	53	36.5	35.5	18.5	73.5	85	44	16.5	86	58	75.5	43	19	50	40.5	85	84	77.5	76.5	60	58	68	42	62	40	20	2	28.5	48	18.5	75	43	67	48	16	73.5	54	0	11	52	49	24	46	50.5	59.5	77	40.5	28	84	65	81	42	69	48	35.5	86.5	15	87.5	80.5	73.5	70.5	
83	27	65.5	95	81.5	22.5	62.5	75.5	70	65	76	67	32.5	56.5	76.5	42	47.5	28.5	29.5	84.5	74	55	27.5	93	51	78.5	36	8	59	29.5	74	85	86.5	65.5	49	47	79	53	57	39	9	9	35.5	59	29.5	74	54	72	51	5	84.5	55	11	0	63	50	35	53	39.5	48.5	88	51.5	31	73	54	70	37	58	59	24.5	75.5	26	76.5	83.5	84.5	59.5	
40	70	38.5	52	38.5	60.5	35.5	48.5	43	22	33	40	54.5	30.5	33.5	25	19.5	71.5	56.5	41.5	47	8	54.5	54	34	43.5	49	59	28	37.5	47	52	45.5	38.5	18	20	36	30	10	48	58	54	51.5	16	56.5	43	9	35	36	62	41.5	32	52	63	0	37	42	34	27.5	26.5	45	33.5	66	46	13	43	50	31	26	67.5	48.5	53	49.5	48.5	41.5	32.5	
57	53	41.5	69	55.5	43.5	38.5	51.5	46	39	50	43	43.5	32.5	50.5	18	21.5	54.5	53.5	58.5	50	29	51.5	69	27	54.5	32	42	35	20.5	50	61	62.5	41.5	25	23	53	7	33	35	41	51	46.5	33	53.5	50	28	48	1	45	58.5	31	49	50	37	0	39	3	15.5	24.5	62	30.5	57	49	30	46	33	34	33	50.5	51.5	50	52.5	59.5	58.5	35.5	
62	42	66.5	74	60.5	36.5	61.5	76.5	71	44	55	68	26.5	37.5	55.5	43	26.5	45.5	28.5	63.5	75	34	26.5	76	48	65.5	33	37	40	30.5	75	74	67.5	66.5	50	48	58	32	52	30	36	26	23.5	38	28.5	65	33	57	38	40	63.5	44	24	35	42	39	0	36	40.5	49.5	67	30.5	38	74	55	71	32	59	38	45.5	76.5	25	77.5	70.5	63.5	60.5	
54	56	44.5	66	52.5	46.5	41.5	54.5	49	36	47	46	46.5	29.5	47.5	21	18.5	57.5	50.5	55.5	53	26	48.5	68	30	57.5	35	45	32	23.5	53	64	59.5	44.5	28	26	50	4	36	38	44	48	45.5	30	50.5	53	25	49	2	48	55.5	34	46	53	34	3	36	0	18.5	27.5	59	27.5	60	52	33	49	36	37	30	53.5	54.5	47	55.5	62.5	55.5	38.5	
67.5	42.5	26	55.5	54	33	23	36	30.5	35.5	44.5	27.5	33	17	59	2.5	28	44	51	51	34.5	35.5	63	53.5	11.5	39	21.5	31.5	19.5	10	34.5	45.5	47	26	9.5	7.5	61.5	22.5	17.5	24.5	30.5	48.5	36	41.5	61	34.5	36.5	32.5	16.5	34.5	61	15.5	50.5	39.5	27.5	15.5	40.5	18.5	0	9	52.5	24	46.5	33.5	14.5	30.5	22.5	18.5	21.5	40	36	59.5	37	44	61	20	
58.5	51.5	25	54.5	53	42	22	35	29.5	34.5	43.5	26.5	42	26	52	6.5	33	53	60	50	33.5	30.5	68	52.5	15.5	38	30.5	40.5	23.5	19	33.5	44.5	46	25	8.5	6.5	54.5	31.5	16.5	33.5	39.5	57.5	45	34.5	70	33.5	29.5	31.5	25.5	43.5	60	19.5	59.5	48.5	26.5	24.5	49.5	27.5	9	0	51.5	33	55.5	32.5	13.5	29.5	31.5	17.5	25.5	49	35	66.5	36	43	60	19	
15	95	28.5	27	18.5	85.5	45.5	28.5	28	37	28	35	79.5	55.5	13.5	50	44.5	96.5	81.5	21.5	32	37	79.5	29	59	33.5	74	84	53	62.5	32	7	25.5	38.5	47	45	9	55	55	73	83	79	76.5	31	81.5	38	36	40	61	87	16.5	57	77	88	45	62	67	59	52.5	51.5	0	58.5	91	31	52	28	75	46	51	92.5	23.5	78	24.5	28.5	16.5	32.5	
53.5	56.5	50	65.5	52	47	47	60	54.5	35.5	46.5	51.5	43	29	47	26.5	18	58	45	55	58.5	25.5	43	67.5	35.5	57	35.5	45.5	31.5	24	58.5	65.5	59	50	33.5	31.5	49.5	23.5	41.5	36.5	44.5	42.5	40	29.5	45	56.5	24.5	48.5	29.5	48.5	55	35.5	40.5	51.5	33.5	30.5	30.5	27.5	24	33	58.5	0	54.5	57.5	38.5	54.5	36.5	42.5	29.5	54	60	41.5	61	62	55	44	
86	4	72.5	98	84.5	29.5	69.5	82.5	77	68	79	74	39.5	61.5	79.5	49	50.5	25.5	27.5	87.5	81	58	20.5	100	58	85.5	43	23	64	36.5	81	92	91.5	72.5	56	54	82	56	64	46	22	30	42.5	62	22.5	81	57	79	58	26	87.5	62	28	31	66	57	38	60	46.5	55.5	91	54.5	0	80	61	77	44	65	62	21.5	82.5	13	83.5	90.5	87.5	66.5	
34	76	9.5	34	32.5	66.5	26.5	14.5	3	44	33	16	66.5	50.5	27.5	31	53.5	77.5	84.5	29.5	1	46	88.5	32	40	22.5	55	65	48	43.5	1	24	25.5	19.5	28	26	30	56	36	58	64	82	69.5	40	90.5	23	45	31	50	68	35.5	44	84	73	46	49	74	52	33.5	32.5	31	57.5	80	0	33	3	56	27	50	73.5	14.5	87	15.5	22.5	35.5	13.5	
53	57	25.5	55	51.5	47.5	22.5	35.5	30	35	44	27	47.5	31.5	46.5	12	32.5	58.5	65.5	50.5	34	21	67.5	53	21	38.5	36	46	29	24.5	34	45	46.5	25.5	5	7	49	37	3	39	45	63	50.5	29	69.5	34	22	32	31	49	54.5	25	65	54	13	30	55	33	14.5	13.5	52	38.5	61	33	0	30	37	18	31	54.5	35.5	66	36.5	43.5	54.5	19.5	
37	73	6.5	31	29.5	63.5	23.5	11.5	0	41	30	13	63.5	47.5	30.5	28	56.5	74.5	81.5	26.5	4	49	91.5	29	37	19.5	52	62	45	40.5	4	21	22.5	16.5	25	23	33	53	33	55	61	79	66.5	43	91.5	20	48	28	47	65	36.5	41	81	70	43	46	71	49	30.5	29.5	28	54.5	77	3	30	0	53	24	47	70.5	11.5	90	12.5	19.5	36.5	10.5	
70	40	48.5	78	68.5	30.5	45.5	58.5	53	52	63	50	30.5	39.5	63.5	25	34.5	41.5	46.5	71.5	57	42	44.5	76	34	61.5	1	29	42	12.5	57	68	69.5	48.5	32	30	66	40	40	2	28	44	33.5	46	46.5	57	41	55	34	32	71.5	38	42	37	50	33	32	36	22.5	31.5	75	36.5	44	56	37	53	0	41	44	37.5	58.5	43	59.5	66.5	71.5	42.5	
49	61	19.5	49	47.5	51.5	16.5	29.5	24	17	38	21	51.5	35.5	42.5	16	38.5	62.5	69.5	44.5	28	31	73.5	47	25	32.5	40	50	33	28.5	28	39	40.5	19.5	13	11	45	41	21	43	49	67	54.5	23	75.5	28	30	26	35	53	50.5	29	69	58	31	34	59	37	18.5	17.5	46	42.5	65	27	18	24	41	0	35	58.5	29.5	72	30.5	37.5	50.5	13.5	
46	64	42.5	58	44.5	54.5	39.5	52.5	47	28	39	44	50.5	26.5	39.5	19	15.5	65.5	52.5	47.5	51	18	50.5	60	10	49.5	43	53	2	31.5	51	58	51.5	42.5	26	24	42	26	34	44	52	50	47.5	22	52.5	49	17	41	32	56	47.5	6	48	59	26	33	38	30	21.5	25.5	51	29.5	62	50	31	47	44	35	0	61.5	52.5	49	53.5	54.5	47.5	36.5	
97.5	17.5	66	95.5	94	23	63	76	70.5	75.5	84.5	67.5	33	57	91	42.5	62	4	31	91	74.5	69.5	23	93.5	51.5	79	36.5	16.5	59.5	30	74.5	85.5	87	66	49.5	47.5	93.5	57.5	57.5	39.5	15.5	33.5	36	73.5	21	74.5	68.5	72.5	51.5	19.5	99	55.5	35.5	24.5	67.5	50.5	45.5	53.5	40	49	92.5	54	21.5	73.5	54.5	70.5	37.5	58.5	61.5	0	76	30.5	77	84	99	60	
31.5	78.5	12	21.5	30	69	29	12	11.5	46.5	35.5	18.5	69	53	35	33.5	64	80	87	27	15.5	56.5	99	19.5	42.5	25	57.5	67.5	50.5	46	15.5	16.5	23	22	30.5	28.5	32.5	58.5	38.5	60.5	66.5	84.5	72	52.5	97	25.5	57.5	33.5	52.5	70.5	25	46.5	86.5	75.5	48.5	51.5	76.5	54.5	36	35	23.5	60	82.5	14.5	35.5	11.5	58.5	29.5	52.5	76	0	95.5	1	20	25	16	
73	17	85.5	85	71.5	32.5	72.5	89.5	90	55	66	83	32.5	48.5	66.5	62	37.5	26.5	14.5	74.5	86	45	7.5	87	59	76.5	44	34	51	49.5	86	85	78.5	79.5	69	67	69	43	63	41	35	17	29.5	49	9.5	76	44	68	49	31	74.5	55	15	26	53	50	25	47	59.5	66.5	78	41.5	13	87	66	90	43	72	49	30.5	95.5	0	96.5	81.5	74.5	79.5	
30.5	79.5	13	22.5	31	70	30	13	12.5	47.5	36.5	19.5	70	54	34	34.5	65	81	88	28	16.5	57.5	100	20.5	43.5	26	58.5	68.5	51.5	47	16.5	17.5	24	23	31.5	29.5	31.5	59.5	39.5	61.5	67.5	85.5	73	51.5	98	26.5	56.5	34.5	53.5	71.5	24	47.5	87.5	76.5	49.5	52.5	77.5	55.5	37	36	24.5	61	83.5	15.5	36.5	12.5	59.5	30.5	53.5	77	1	96.5	0	21	24	17	
23.5	86.5	20	35.5	10	77	37	8	19.5	40.5	31.5	26.5	77	59	15	41.5	48	88	85	7	23.5	40.5	83	37.5	50.5	33	65.5	75.5	56.5	54	23.5	29.5	3	30	38.5	36.5	19.5	58.5	46.5	68.5	74.5	82.5	80	34.5	85	33.5	39.5	41.5	60.5	78.5	25	54.5	80.5	83.5	48.5	59.5	70.5	62.5	44	43	28.5	62	90.5	22.5	43.5	19.5	66.5	37.5	54.5	84	20	81.5	21	0	25	24	
6.5	91.5	37	18.5	15	86	46	33	36.5	33.5	24.5	41.5	76	52	10	58.5	41	95	78	18	34.5	33.5	76	20.5	57.5	30	72.5	92.5	49.5	71	34.5	23.5	22	43	55.5	53.5	7.5	51.5	51.5	69.5	91.5	75.5	73	27.5	78	34.5	32.5	36.5	57.5	89.5	0	53.5	73.5	84.5	41.5	58.5	63.5	55.5	61	60	16.5	55	87.5	35.5	54.5	36.5	71.5	50.5	47.5	99	25	74.5	24	25	0	41	
47.5	62.5	6	35.5	34	53	13	16	10.5	30.5	24.5	7.5	53	37	39	17.5	48	64	71	31	14.5	40.5	83	33.5	26.5	19	41.5	51.5	34.5	30	14.5	25.5	27	6	14.5	12.5	41.5	42.5	22.5	44.5	50.5	68.5	56	36.5	81	14.5	41.5	17.5	36.5	54.5	41	30.5	70.5	59.5	32.5	35.5	60.5	38.5	20	19	32.5	44	66.5	13.5	19.5	10.5	42.5	13.5	36.5	60	16	79.5	17	24	41	0	
