Number of items: 75
Horizon: 15
Time limit: 750
Load limit: 4500
Initial item inventory level
78
73
156
31
182
198
66
294
171
47
10
255
111
168
72
30
132
16
104
72
162
18
19
160
276
81
130
178
190
132
44
153
70
194
26
166
162
58
180
195
156
85
111
94
273
132
156
91
138
219
152
186
94
135
140
126
111
170
68
180
27
20
77
50
267
282
159
210
62
52
32
70
63
158
192
Maximum inventory capacity per item
117
146
234
62
273
297
88
392
228
94
20
340
148
224
108
45
176
32
156
108
243
36
38
240
368
108
195
267
285
176
88
204
140
291
52
249
216
87
270
260
234
170
148
188
364
198
208
182
207
292
228
279
188
180
210
168
148
255
136
240
54
40
154
100
356
376
212
280
124
104
64
105
126
237
256
Reserve storage replenishment rate per item and per period
234	0	0	234	0	0	234	0	0	234	0	0	234	0	0	
438	0	0	438	0	0	438	0	0	438	0	0	438	0	0	
468	0	0	468	0	0	468	0	0	468	0	0	468	0	0	
186	0	0	186	0	0	186	0	0	186	0	0	186	0	0	
546	0	0	546	0	0	546	0	0	546	0	0	546	0	0	
594	0	0	594	0	0	594	0	0	594	0	0	594	0	0	
132	0	0	132	0	0	132	0	0	132	0	0	132	0	0	
588	0	0	588	0	0	588	0	0	588	0	0	588	0	0	
342	0	0	342	0	0	342	0	0	342	0	0	342	0	0	
282	0	0	282	0	0	282	0	0	282	0	0	282	0	0	
60	0	0	60	0	0	60	0	0	60	0	0	60	0	0	
510	0	0	510	0	0	510	0	0	510	0	0	510	0	0	
222	0	0	222	0	0	222	0	0	222	0	0	222	0	0	
336	0	0	336	0	0	336	0	0	336	0	0	336	0	0	
216	0	0	216	0	0	216	0	0	216	0	0	216	0	0	
90	0	0	90	0	0	90	0	0	90	0	0	90	0	0	
264	0	0	264	0	0	264	0	0	264	0	0	264	0	0	
96	0	0	96	0	0	96	0	0	96	0	0	96	0	0	
312	0	0	312	0	0	312	0	0	312	0	0	312	0	0	
216	0	0	216	0	0	216	0	0	216	0	0	216	0	0	
486	0	0	486	0	0	486	0	0	486	0	0	486	0	0	
108	0	0	108	0	0	108	0	0	108	0	0	108	0	0	
114	0	0	114	0	0	114	0	0	114	0	0	114	0	0	
480	0	0	480	0	0	480	0	0	480	0	0	480	0	0	
552	0	0	552	0	0	552	0	0	552	0	0	552	0	0	
162	0	0	162	0	0	162	0	0	162	0	0	162	0	0	
390	0	0	390	0	0	390	0	0	390	0	0	390	0	0	
534	0	0	534	0	0	534	0	0	534	0	0	534	0	0	
570	0	0	570	0	0	570	0	0	570	0	0	570	0	0	
264	0	0	264	0	0	264	0	0	264	0	0	264	0	0	
264	0	0	264	0	0	264	0	0	264	0	0	264	0	0	
306	0	0	306	0	0	306	0	0	306	0	0	306	0	0	
420	0	0	420	0	0	420	0	0	420	0	0	420	0	0	
582	0	0	582	0	0	582	0	0	582	0	0	582	0	0	
156	0	0	156	0	0	156	0	0	156	0	0	156	0	0	
498	0	0	498	0	0	498	0	0	498	0	0	498	0	0	
324	0	0	324	0	0	324	0	0	324	0	0	324	0	0	
174	0	0	174	0	0	174	0	0	174	0	0	174	0	0	
540	0	0	540	0	0	540	0	0	540	0	0	540	0	0	
390	0	0	390	0	0	390	0	0	390	0	0	390	0	0	
468	0	0	468	0	0	468	0	0	468	0	0	468	0	0	
510	0	0	510	0	0	510	0	0	510	0	0	510	0	0	
222	0	0	222	0	0	222	0	0	222	0	0	222	0	0	
564	0	0	564	0	0	564	0	0	564	0	0	564	0	0	
546	0	0	546	0	0	546	0	0	546	0	0	546	0	0	
396	0	0	396	0	0	396	0	0	396	0	0	396	0	0	
312	0	0	312	0	0	312	0	0	312	0	0	312	0	0	
546	0	0	546	0	0	546	0	0	546	0	0	546	0	0	
414	0	0	414	0	0	414	0	0	414	0	0	414	0	0	
438	0	0	438	0	0	438	0	0	438	0	0	438	0	0	
456	0	0	456	0	0	456	0	0	456	0	0	456	0	0	
558	0	0	558	0	0	558	0	0	558	0	0	558	0	0	
564	0	0	564	0	0	564	0	0	564	0	0	564	0	0	
270	0	0	270	0	0	270	0	0	270	0	0	270	0	0	
420	0	0	420	0	0	420	0	0	420	0	0	420	0	0	
252	0	0	252	0	0	252	0	0	252	0	0	252	0	0	
222	0	0	222	0	0	222	0	0	222	0	0	222	0	0	
510	0	0	510	0	0	510	0	0	510	0	0	510	0	0	
408	0	0	408	0	0	408	0	0	408	0	0	408	0	0	
360	0	0	360	0	0	360	0	0	360	0	0	360	0	0	
162	0	0	162	0	0	162	0	0	162	0	0	162	0	0	
120	0	0	120	0	0	120	0	0	120	0	0	120	0	0	
462	0	0	462	0	0	462	0	0	462	0	0	462	0	0	
300	0	0	300	0	0	300	0	0	300	0	0	300	0	0	
534	0	0	534	0	0	534	0	0	534	0	0	534	0	0	
564	0	0	564	0	0	564	0	0	564	0	0	564	0	0	
318	0	0	318	0	0	318	0	0	318	0	0	318	0	0	
420	0	0	420	0	0	420	0	0	420	0	0	420	0	0	
372	0	0	372	0	0	372	0	0	372	0	0	372	0	0	
312	0	0	312	0	0	312	0	0	312	0	0	312	0	0	
192	0	0	192	0	0	192	0	0	192	0	0	192	0	0	
210	0	0	210	0	0	210	0	0	210	0	0	210	0	0	
378	0	0	378	0	0	378	0	0	378	0	0	378	0	0	
474	0	0	474	0	0	474	0	0	474	0	0	474	0	0	
384	0	0	384	0	0	384	0	0	384	0	0	384	0	0	
Forward storage demand rate per item and per period
39	40	63	39	44	34	40	11	6	24	19	34	43	56	32	
73	58	77	30	69	64	60	52	47	80	60	5	86	62	17	
78	104	72	65	33	91	74	28	88	22	79	88	77	84	81	
31	21	20	36	9	11	57	25	24	43	33	47	27	48	18	
91	118	114	67	17	79	10	105	114	133	124	128	5	79	100	
99	160	91	141	57	90	135	48	59	129	87	111	84	120	73	
22	27	30	13	27	10	31	23	15	9	35	10	19	39	29	
98	129	87	84	41	71	25	113	79	108	146	171	110	84	138	
57	79	89	66	78	49	27	60	84	42	68	75	86	53	41	
47	35	46	57	45	41	56	37	36	64	56	50	57	58	82	
10	18	9	6	7	14	10	11	9	1	10	16	7	10	6	
85	66	38	59	89	46	84	79	88	51	149	122	33	15	87	
37	16	52	49	14	11	21	27	34	29	42	34	36	27	45	
56	47	47	91	37	77	62	86	87	53	48	12	60	45	19	
36	21	24	39	41	35	39	2	31	36	23	47	60	42	44	
15	14	17	24	5	22	14	7	9	21	21	26	12	14	11	
44	43	23	74	72	44	56	39	45	12	37	39	46	42	21	
16	13	18	7	9	9	11	1	11	18	19	20	8	16	6	
52	28	80	61	72	54	24	53	75	36	55	40	57	91	88	
36	27	33	45	48	46	35	18	26	18	32	36	50	30	41	
81	92	74	104	105	75	91	107	116	54	16	81	98	44	42	
18	23	24	9	18	8	31	26	23	10	9	31	18	26	26	
19	2	26	23	12	21	20	17	13	18	26	15	17	20	21	
80	100	125	19	89	120	66	79	54	37	42	8	83	99	20	
92	113	111	20	179	122	65	87	33	107	48	13	123	130	122	
27	35	22	32	29	37	32	2	34	39	46	25	9	15	40	
65	71	77	35	75	93	56	80	78	23	53	45	72	84	99	
89	74	128	83	146	31	103	98	71	131	88	83	50	114	129	
95	98	42	58	52	57	29	71	93	102	69	93	75	44	76	
44	72	65	70	43	33	29	55	51	34	8	43	43	44	43	
44	24	37	40	19	57	34	25	47	48	54	74	56	31	43	
51	87	35	89	54	48	19	39	22	97	36	46	70	27	28	
70	43	91	97	104	132	70	77	92	22	51	43	35	62	45	
97	95	120	32	116	110	85	113	113	89	144	38	33	111	85	
26	30	24	10	33	26	16	30	23	19	5	34	29	9	39	
83	90	108	149	67	83	96	106	68	128	57	77	37	123	15	
54	59	51	27	69	39	51	52	38	69	72	58	68	64	25	
29	23	18	38	14	56	38	22	31	23	23	26	41	19	34	
90	112	30	44	67	35	136	16	123	82	100	98	21	19	140	
65	92	96	65	46	81	61	65	55	84	100	100	78	42	26	
78	98	84	110	40	41	138	63	83	138	28	119	118	54	62	
85	88	82	84	102	20	146	90	75	63	96	86	132	97	124	
37	17	55	26	70	50	35	37	41	20	60	61	17	39	39	
94	90	70	97	125	73	84	99	78	66	113	136	124	95	149	
91	93	40	72	34	33	33	116	85	39	80	98	102	93	91	
66	80	46	83	47	67	69	100	53	104	58	31	76	88	91	
52	62	74	37	43	43	69	73	23	26	63	29	65	68	35	
91	157	89	122	92	37	156	104	147	42	8	93	123	179	24	
69	78	36	64	132	80	49	55	100	61	77	69	13	77	89	
73	45	78	105	117	70	78	115	51	47	85	43	110	115	112	
76	30	33	49	12	99	56	16	43	63	134	74	97	10	101	
93	50	36	59	93	121	94	125	73	89	101	127	88	17	145	
94	63	106	106	68	41	100	79	161	38	131	129	75	113	104	
45	4	43	15	63	32	80	47	34	11	56	69	21	45	21	
70	133	85	63	60	63	36	24	80	94	34	26	93	39	18	
42	28	48	14	9	49	62	35	33	65	23	54	37	27	29	
37	34	12	51	27	3	39	43	68	33	32	15	57	35	11	
85	87	94	63	85	124	41	65	82	143	29	95	88	123	90	
68	49	72	66	47	69	101	43	84	105	95	67	37	88	49	
60	26	33	78	40	16	80	53	69	55	83	76	95	93	34	
27	26	27	22	30	19	30	19	22	37	9	14	36	24	35	
20	12	21	23	20	18	16	17	16	23	14	24	31	30	9	
77	8	123	30	38	24	82	60	37	101	140	66	92	109	30	
50	40	95	37	56	44	74	37	59	35	64	36	29	22	50	
89	27	45	112	55	85	41	56	24	66	96	101	7	105	35	
94	123	131	40	121	103	86	100	52	91	141	109	127	108	110	
53	45	16	48	20	89	65	50	65	43	73	72	22	62	48	
70	127	114	72	88	65	68	98	65	49	96	62	136	102	56	
62	101	35	101	26	48	36	52	74	79	5	25	65	78	88	
52	62	15	60	81	6	53	46	51	69	49	69	45	51	86	
32	27	42	16	35	6	28	32	10	44	29	28	34	45	39	
35	43	29	20	46	46	39	27	40	13	43	31	55	42	41	
63	36	52	37	92	35	28	95	56	106	50	54	30	56	74	
79	73	91	88	61	79	101	78	36	94	75	62	84	78	56	
64	60	55	45	83	53	106	66	17	71	79	53	104	96	79	
Distance matrix
0	28	59.5	51.5	25.5	29.5	80	41	24.5	59.5	29	49	53	16	48.5	8	94.5	27	55.5	27.5	61	13.5	39	26.5	77	58	58.5	14.5	53	38	33.5	15	80.5	17.5	70.5	51.5	13.5	36.5	44.5	47	47	67	64.5	42	46.5	30	21	72	25.5	28	45	82.5	21.5	4	72.5	12	60.5	57.5	61.5	40	58.5	57	58	63.5	32	69.5	68.5	55.5	45	54.5	38	45.5	17	77	50.5	22	
28	0	57.5	25.5	43.5	27.5	72	59	17.5	57.5	23	33	29	12	48.5	20	72.5	45	73.5	14.5	51	28.5	23	40.5	55	44	76.5	32.5	69	14	43.5	27	56.5	24.5	88.5	69.5	28.5	30.5	62.5	65	35	65	42.5	30	64.5	22	39	50	16.5	14	47	94.5	39.5	32	74.5	16	36.5	69.5	35.5	58	76.5	45	34	81.5	30	47.5	48.5	51.5	37	32.5	24	41.5	35	65	46.5	30	
59.5	57.5	0	34	40	56	40.5	30.5	61	0	56.5	36.5	32.5	65.5	37	57.5	41	46.5	30	58	24.5	68	46.5	51	23.5	27.5	33	49	27.5	47.5	48	70.5	25	68	45	26	68	49	15	21.5	38.5	33.5	21	43.5	13	55.5	40.5	18.5	60	57.5	40.5	57	46	63.5	43	61.5	25	32	24	29.5	33	28.5	27.5	38	53.5	10	9	30	40.5	31	47.5	40	56.5	33.5	35	61.5	
51.5	25.5	34	0	26	24	48.5	37.5	29	34	24.5	9.5	5.5	37.5	25	45.5	49	26.5	58	26	27.5	40	14.5	27	31.5	20.5	55	39	45.5	15.5	18	38.5	33	36	73	52	40	17	49	51.5	11.5	41.5	19	11.5	47	23.5	32.5	26.5	28	25.5	23.5	71	32	49.5	51	41.5	13	46	12	38.5	65	21.5	10.5	60	21.5	24	25	28	13.5	9	15.5	18	36.5	41.5	23	31.5	
25.5	43.5	40	26	0	30	60.5	21.5	45	40	34.5	29.5	31.5	31.5	29	23.5	75	12.5	36	48	41.5	34	34.5	17	57.5	38.5	39	15	33.5	41.5	8	40.5	59	38	51	32	34	27	25	27.5	27.5	47.5	45	27.5	27	35.5	6.5	52.5	46	51.5	25.5	63	12	29.5	53	27.5	39	38	38	20.5	39	37.5	36.5	44	27.5	50	49	36	25.5	35	33.5	26	22.5	57.5	31	27.5	
29.5	27.5	56	24	30	0	70.5	45.5	31	56	26.5	31.5	27.5	35.5	47	27.5	71	31.5	60	28	49.5	38	21.5	31	53.5	42.5	63	15	57.5	17.5	38	40.5	55	38	75	56	38	29	49	51.5	33.5	63.5	41	28.5	51	25.5	25.5	48.5	30	27.5	45.5	87	26	33.5	73	31.5	35	62	34	44.5	63	43.5	32.5	68	28.5	46	47	50	35.5	31	22.5	40	26.5	63.5	45	31.5	
80	72	40.5	48.5	60.5	70.5	0	51	75.5	40.5	71	51	47	84	51.5	78	20.5	67	30.5	72.5	39	86.5	61	71.5	23	42	33.5	69.5	43	62	66.5	85	19.5	82.5	30.5	36.5	86.5	63.5	39.5	37	53	33	35.5	58	41.5	70	61	28	74.5	72	55	42.5	66.5	84	27.5	82	39.5	42.5	38.5	50	23.5	43	42	28.5	68	30.5	31.5	44.5	55	45.5	62	54.5	77	23	49.5	78	
41	59	30.5	37.5	21.5	45.5	51	0	60.5	30.5	50	40	36	47	24.5	39	59.5	28	26.5	61.5	32	49.5	50	32.5	42	17	29.5	30.5	24	51	29.5	56	43.5	53.5	41.5	22.5	49.5	42.5	15.5	18	38	38	29.5	43	17.5	51	22	37	61.5	61	26	53.5	27.5	45	43.5	43	28.5	28.5	27.5	1	29.5	16	31	34.5	43	34.5	35.5	26.5	36	34.5	49	31.5	38	48	26.5	43	
24.5	17.5	61	29	45	31	75.5	60.5	0	61	26.5	36.5	32.5	29.5	52	27.5	76	46.5	75	3	54.5	11	26.5	44	58.5	47.5	78	34	72.5	17.5	47	25.5	60	7	90	71	11	34	64	66.5	38.5	68.5	46	33.5	66	25.5	40.5	53.5	1	12.5	50.5	98	41	28.5	78	31.5	40	73	39	59.5	78	48.5	37.5	83	33.5	51	52	55	40.5	36	27.5	45	36.5	68.5	50	33.5	
59.5	57.5	0	34	40	56	40.5	30.5	61	0	56.5	36.5	32.5	65.5	37	57.5	41	46.5	30	58	24.5	68	46.5	51	23.5	27.5	33	49	27.5	47.5	48	70.5	25	68	45	26	68	49	15	21.5	38.5	33.5	21	43.5	13	55.5	40.5	18.5	60	57.5	40.5	57	46	63.5	43	61.5	25	32	24	29.5	33	28.5	27.5	38	53.5	10	9	30	40.5	31	47.5	40	56.5	33.5	35	61.5	
29	23	56.5	24.5	34.5	26.5	71	50	26.5	56.5	0	32	28	35	47.5	27	71.5	36	64.5	23.5	50	37.5	22	35.5	54	43	67.5	23.5	62	9	42.5	36	55.5	33.5	79.5	60.5	37.5	29.5	53.5	56	34	64	41.5	29	55.5	1	30	49	25.5	23	46	91.5	30.5	33	73.5	31	35.5	66.5	34.5	49	67.5	44	33	72.5	29	46.5	47.5	50.5	36	31.5	23	40.5	12	64	45.5	7	
49	33	36.5	9.5	29.5	31.5	51	40	36.5	36.5	32	0	4	45	27.5	47	51.5	34	54.5	33.5	30	47.5	22	34.5	34	23	57.5	38.5	48	23	27.5	46	35.5	43.5	69.5	50.5	47.5	24.5	43.5	46	2	44	21.5	19	45.5	31	30	29	35.5	33	26	73.5	35.5	53	53.5	49	15.5	48.5	14.5	39	57.5	24	13	62.5	29	26.5	27.5	30.5	4	11.5	23	20.5	44	44	25.5	39	
53	29	32.5	5.5	31.5	27.5	47	36	32.5	32.5	28	4	0	41	23.5	49	47.5	30	56.5	29.5	26	43.5	18	30.5	30	19	53.5	42.5	44	19	23.5	42	31.5	39.5	71.5	50.5	43.5	20.5	47.5	50	6	40	17.5	15	45.5	27	34	25	31.5	29	22	69.5	35.5	53	49.5	45	11.5	44.5	10.5	37	61.5	20	9	58.5	25	22.5	23.5	26.5	8	7.5	19	16.5	40	40	21.5	35	
16	12	65.5	37.5	31.5	35.5	84	47	29.5	65.5	35	45	41	0	54.5	8	84.5	33	61.5	26.5	63	24.5	35	32.5	67	56	64.5	20.5	59	26	39.5	31	68.5	28.5	76.5	57.5	24.5	42.5	50.5	53	47	73	54.5	42	52.5	34	27	62	28.5	26	51	88.5	27.5	20	78.5	4	48.5	63.5	47.5	46	64.5	57	46	69.5	38	59.5	60.5	61.5	49	44.5	36	51.5	23	77	56.5	28	
48.5	48.5	37	25	29	47	51.5	24.5	52	37	47.5	27.5	23.5	54.5	0	46.5	52	35.5	39	49	30.5	57	37.5	40	34.5	23.5	42	38	36.5	38.5	37	61.5	36	59	54	35	57	40	28	30.5	29.5	44.5	22	34.5	30	46.5	29.5	29.5	51	48.5	31.5	66	35	52.5	54	50.5	12	41	13	23.5	42	24.5	18.5	47	44.5	27	28	31	31.5	22	38.5	31	45.5	44.5	2	50.5	
8	20	57.5	45.5	23.5	27.5	78	39	27.5	57.5	27	47	49	8	46.5	0	92.5	25	53.5	30.5	59	16.5	37	24.5	75	56	56.5	12.5	51	34	31.5	23	76.5	20.5	68.5	49.5	16.5	34.5	42.5	45	45	65	62.5	40	44.5	28	19	70	28.5	34	43	80.5	19.5	12	70.5	4	56.5	55.5	55.5	38	56.5	55	54	61.5	30	67.5	66.5	53.5	43	52.5	36	43.5	15	75	48.5	20	
94.5	72.5	41	49	75	71	20.5	59.5	76	41	71.5	51.5	47.5	84.5	52	92.5	0	73.5	45	73	39.5	87	61.5	74	23.5	42.5	42	84	47.5	62.5	67	85.5	20	83	24	49	87	64	54	51.5	53.5	33.5	36	58.5	54	70.5	75.5	28.5	75	72.5	55.5	28	79	96.5	28	88.5	40	43	39	60.5	38	43.5	42.5	37	68.5	31	32	45	55.5	46	62.5	55	83.5	23.5	50	78.5	
27	45	46.5	26.5	12.5	31.5	67	28	46.5	46.5	36	34	30	33	35.5	25	73.5	0	42.5	45.5	48	35.5	34	18.5	56	45	45.5	16.5	40	35	20.5	42	57.5	39.5	57.5	38.5	35.5	28.5	31.5	34	34	54	43.5	15	33.5	37	6	51	47.5	45	32	69.5	13.5	31	59.5	29	37.5	44.5	36.5	27	45.5	44	35	50.5	29	48.5	49.5	42.5	32	33.5	35	32.5	24	64	37.5	29	
55.5	73.5	30	58	36	60	30.5	26.5	75	30	64.5	54.5	56.5	61.5	39	53.5	45	42.5	0	78	36.5	64	64.5	47	32.5	43.5	3	45	18.5	71.5	44	70.5	25	68	21	12	64	57	15	12.5	52.5	22.5	45	57.5	17	65.5	36.5	37.5	76	81.5	40.5	33	42	59.5	23	57.5	49	18	48	25.5	9	42.5	51.5	14	57.5	40	39	36	50.5	55	63.5	46	52.5	27.5	41	57.5	
27.5	14.5	58	26	48	28	72.5	61.5	3	58	23.5	33.5	29.5	26.5	49	30.5	73	45.5	78	0	51.5	14	23.5	41	55.5	44.5	79	37	69.5	14.5	44	22.5	57	10	93	74	14	31	67	69.5	35.5	65.5	43	30.5	69	22.5	43.5	50.5	2	9.5	47.5	95	44	31.5	75	30.5	37	70	36	62.5	81	45.5	34.5	84	30.5	48	49	52	37.5	33	24.5	42	35.5	65.5	47	30.5	
61	51	24.5	27.5	41.5	49.5	39	32	54.5	24.5	50	30	26	63	30.5	59	39.5	48	36.5	51.5	0	65.5	40	52.5	22	21	39.5	50.5	34	41	45.5	64	23.5	61.5	51.5	32.5	65.5	42.5	25.5	28	32	32	14.5	37	27.5	49	42	17	53.5	51	34	61.5	47.5	65	41.5	63	18.5	36.5	17.5	31	39.5	22	21	44.5	47	14.5	15.5	23.5	34	24.5	41	33.5	58	32	28.5	57	
13.5	28.5	68	40	34	38	86.5	49.5	11	68	37.5	47.5	43.5	24.5	57	16.5	87	35.5	64	14	65.5	0	37.5	35	69.5	58.5	67	23	61.5	28.5	42	28.5	71	4	79	60	0	45	53	55.5	49.5	75.5	57	44.5	55	36.5	29.5	64.5	12	23.5	53.5	91	30	17.5	81	20.5	51	66	50	48.5	67	59.5	48.5	72	40.5	62	63	64	51.5	47	38.5	54	25.5	79.5	59	30.5	
39	23	46.5	14.5	34.5	21.5	61	50	26.5	46.5	22	22	18	35	37.5	37	61.5	34	64.5	23.5	40	37.5	0	29.5	44	33	67.5	28.5	58	13	32.5	36	45.5	33.5	79.5	60.5	37.5	19.5	53.5	56	24	54	31.5	19	55.5	21	30	39	25.5	23	36	83.5	30.5	43	63.5	39	25.5	58.5	24.5	49	67.5	34	23	72.5	7	36.5	37.5	40.5	26	21.5	1	30.5	34	54	35.5	29	
26.5	40.5	51	27	17	31	71.5	32.5	44	51	35.5	34.5	30.5	32.5	40	24.5	74	18.5	47	41	52.5	35	29.5	0	56.5	45.5	50	16	44.5	30.5	25	41.5	58	39	62	43	35	10	36	38.5	36.5	58.5	44	31.5	38	36.5	12.5	51.5	43	40.5	36.5	74	5	30.5	64	28.5	38	49	37	31.5	50	46.5	35.5	55	28.5	49	50	47	36.5	34	30.5	37	23.5	66.5	42	28.5	
77	55	23.5	31.5	57.5	53.5	23	42	58.5	23.5	54	34	30	67	34.5	75	23.5	56	32.5	55.5	22	69.5	44	56.5	0	25	29.5	66.5	30	45	49.5	68	7.5	65.5	47.5	31.5	69.5	46.5	36.5	34	36	10	18.5	41	36.5	53	58	11	57.5	55	38	45.5	61.5	79	25.5	71	22.5	25.5	21.5	43	35.5	26	25	34.5	51	13.5	14.5	27.5	38	28.5	45	37.5	66	16	32.5	61	
58	44	27.5	20.5	38.5	42.5	42	17	47.5	27.5	43	23	19	56	23.5	56	42.5	45	43.5	44.5	21	58.5	33	45.5	25	0	46.5	47.5	39	34	38.5	57	26.5	54.5	58.5	39.5	58.5	35.5	32.5	35	25	35	12.5	30	34.5	42	39	20	46.5	44	27	64.5	44.5	62	44.5	60	11.5	39.5	10.5	18	46.5	1	14	51.5	40	17.5	18.5	21.5	27	17.5	34	26.5	55	35	21.5	50	
58.5	76.5	33	55	39	63	33.5	29.5	78	33	67.5	57.5	53.5	64.5	42	56.5	42	45.5	3	79	39.5	67	67.5	50	29.5	46.5	0	48	21.5	68.5	47	73.5	22	71	24	15	67	60	18	15.5	55.5	25.5	42	60.5	20	68.5	39.5	34.5	79	78.5	43.5	36	45	62.5	26	60.5	46	21	45	28.5	12	45.5	48.5	17	60.5	37	38	39	53.5	52	66.5	49	55.5	30.5	44	60.5	
14.5	32.5	49	39	15	15	69.5	30.5	34	49	23.5	38.5	42.5	20.5	38	12.5	84	16.5	45	37	50.5	23	28.5	16	66.5	47.5	48	0	42.5	32.5	23	29.5	70	27	60	41	23	26	34	36.5	36.5	56.5	54	31.5	36	24.5	10.5	61.5	35	42.5	34.5	72	11	18.5	62	16.5	50	47	49	29.5	48	46.5	47.5	53	21.5	59	58	45	34.5	44	27.5	35	11.5	66.5	40	16.5	
53	69	27.5	45.5	33.5	57.5	43	24	72.5	27.5	62	48	44	59	36.5	51	47.5	40	18.5	69.5	34	61.5	58	44.5	30	39	21.5	42.5	0	59	41.5	68	31.5	65.5	33.5	14.5	61.5	54.5	12.5	6	50	30	32.5	55	14.5	63	34	19	71.5	69	38	45.5	39.5	57	35.5	55	36.5	20.5	35.5	23	21.5	40	39	26.5	55	27.5	28.5	33.5	48	42.5	59	43.5	50	40	38.5	55	
38	14	47.5	15.5	41.5	17.5	62	51	17.5	47.5	9	23	19	26	38.5	34	62.5	35	71.5	14.5	41	28.5	13	30.5	45	34	68.5	32.5	59	0	33.5	27	46.5	24.5	86.5	65.5	28.5	20.5	62.5	65	25	55	32.5	20	60.5	8	39	40	16.5	14	37	84.5	35.5	38	64.5	30	26.5	59.5	25.5	52	76.5	35	24	73.5	20	37.5	38.5	41.5	27	22.5	14	31.5	21	55	36.5	16	
33.5	43.5	48	18	8	38	66.5	29.5	47	48	42.5	27.5	23.5	39.5	37	31.5	67	20.5	44	44	45.5	42	32.5	25	49.5	38.5	47	23	41.5	33.5	0	48.5	51	46	59	40	42	35	33	35.5	29.5	55.5	37	29.5	35	41.5	14.5	44.5	46	43.5	33.5	71	20	37.5	61	35.5	31	46	30	28.5	47	39.5	28.5	52	35.5	42	43	44	31.5	27	33.5	34	30.5	59.5	39	35.5	
15	27	70.5	38.5	40.5	40.5	85	56	25.5	70.5	36	46	42	31	61.5	23	85.5	42	70.5	22.5	64	28.5	36	41.5	68	57	73.5	29.5	68	27	48.5	0	69.5	32.5	85.5	66.5	28.5	43.5	59.5	62	48	78	55.5	43	61.5	35	36	63	24.5	13	60	97.5	36.5	11	87.5	27	49.5	72.5	48.5	55	73.5	58	47	78.5	43	60.5	61.5	64.5	50	45.5	37	54.5	32	78	59.5	37	
80.5	56.5	25	33	59	55	19.5	43.5	60	25	55.5	35.5	31.5	68.5	36	76.5	20	57.5	25	57	23.5	71	45.5	58	7.5	26.5	22	70	31.5	46.5	51	69.5	0	67	44	33	71	48	40	37.5	37.5	17.5	20	42.5	38	54.5	61.5	12.5	59	56.5	39.5	42	63	80.5	22	72.5	24	27	23	44.5	34	27.5	26.5	31	52.5	15	16	29	39.5	30	46.5	39	67.5	12.5	34	62.5	
17.5	24.5	68	36	38	38	82.5	53.5	7	68	33.5	43.5	39.5	28.5	59	20.5	83	39.5	68	10	61.5	4	33.5	39	65.5	54.5	71	27	65.5	24.5	46	32.5	67	0	83	64	4	41	57	59.5	45.5	75.5	53	40.5	59	32.5	33.5	60.5	8	19.5	57.5	95	34	21.5	85	24.5	47	70	46	52.5	71	55.5	44.5	76	40.5	58	59	62	47.5	43	34.5	52	29.5	75.5	57	34.5	
70.5	88.5	45	73	51	75	30.5	41.5	90	45	79.5	69.5	71.5	76.5	54	68.5	24	57.5	21	93	51.5	79	79.5	62	47.5	58.5	24	60	33.5	86.5	59	85.5	44	83	0	27	79	72	30	27.5	67.5	37.5	60	72.5	32	80.5	51.5	52.5	91	96.5	55.5	18	57	74.5	28	72.5	64	33	63	40.5	14	57.5	66.5	19	72.5	55	54	51	65.5	70	78.5	61	67.5	37.5	56	72.5	
51.5	69.5	26	52	32	56	36.5	22.5	71	26	60.5	50.5	50.5	57.5	35	49.5	49	38.5	12	74	32.5	60	60.5	43	31.5	39.5	15	41	14.5	65.5	40	66.5	33	64	27	0	60	53	11	8.5	48.5	23.5	39	53.5	13	61.5	32.5	31.5	72	75.5	36.5	39	38	55.5	29	53.5	43	6	42	21.5	15	38.5	45.5	20	53.5	34	35	32	46.5	49	59.5	42	48.5	33.5	37	53.5	
13.5	28.5	68	40	34	38	86.5	49.5	11	68	37.5	47.5	43.5	24.5	57	16.5	87	35.5	64	14	65.5	0	37.5	35	69.5	58.5	67	23	61.5	28.5	42	28.5	71	4	79	60	0	45	53	55.5	49.5	75.5	57	44.5	55	36.5	29.5	64.5	12	23.5	53.5	91	30	17.5	81	20.5	51	66	50	48.5	67	59.5	48.5	72	40.5	62	63	64	51.5	47	38.5	54	25.5	79.5	59	30.5	
36.5	30.5	49	17	27	29	63.5	42.5	34	49	29.5	24.5	20.5	42.5	40	34.5	64	28.5	57	31	42.5	45	19.5	10	46.5	35.5	60	26	54.5	20.5	35	43.5	48	41	72	53	45	0	46	48.5	26.5	56.5	34	21.5	48	28.5	22.5	41.5	33	30.5	38.5	84	15	40.5	66	38.5	28	59	27	41.5	60	36.5	25.5	65	26.5	39	40	43	28.5	24	20.5	33	33.5	56.5	38	36.5	
44.5	62.5	15	49	25	49	39.5	15.5	64	15	53.5	43.5	47.5	50.5	28	42.5	54	31.5	15	67	25.5	53	53.5	36	36.5	32.5	18	34	12.5	62.5	33	59.5	40	57	30	11	53	46	0	6.5	41.5	26.5	34	46.5	2	54.5	25.5	31.5	65	72.5	29.5	42	31	48.5	32	46.5	40	17	39	14.5	18	31.5	42.5	23	46.5	25	24	25	39.5	44	52.5	35	41.5	36.5	30	46.5	
47	65	21.5	51.5	27.5	51.5	37	18	66.5	21.5	56	46	50	53	30.5	45	51.5	34	12.5	69.5	28	55.5	56	38.5	34	35	15.5	36.5	6	65	35.5	62	37.5	59.5	27.5	8.5	55.5	48.5	6.5	0	44	24	36.5	49	8.5	57	28	25	67.5	75	32	39.5	33.5	51	29.5	49	42.5	14.5	41.5	17	15.5	34	45	20.5	49	31.5	30.5	27.5	42	46.5	55	37.5	44	34	32.5	49	
47	35	38.5	11.5	27.5	33.5	53	38	38.5	38.5	34	2	6	47	29.5	45	53.5	34	52.5	35.5	32	49.5	24	36.5	36	25	55.5	36.5	50	25	29.5	48	37.5	45.5	67.5	48.5	49.5	26.5	41.5	44	0	46	23.5	21	43.5	33	28	31	37.5	35	28	75.5	33.5	51	55.5	49	17.5	50.5	16.5	37	55.5	26	15	60.5	31	28.5	29.5	32.5	2	13.5	25	22.5	44	46	27.5	41	
67	65	33.5	41.5	47.5	63.5	33	38	68.5	33.5	64	44	40	73	44.5	65	33.5	54	22.5	65.5	32	75.5	54	58.5	10	35	25.5	56.5	30	55	55.5	78	17.5	75.5	37.5	23.5	75.5	56.5	26.5	24	46	0	28.5	51	28.5	63	48	21	67.5	65	48	49.5	53.5	71	35.5	69	32.5	29.5	31.5	37	25.5	36	35	30.5	61	23.5	24.5	37.5	48	38.5	55	47.5	64	26	42.5	69	
64.5	42.5	21	19	45	41	35.5	29.5	46	21	41.5	21.5	17.5	54.5	22	62.5	36	43.5	45	43	14.5	57	31.5	44	18.5	12.5	42	54	32.5	32.5	37	55.5	20	53	60	39	57	34	34	36.5	23.5	28.5	0	28.5	34	40.5	45.5	13.5	45	42.5	25.5	58	49	66.5	38	58.5	10	33	9	30.5	48	13.5	12.5	47	38.5	11	12	9	25.5	16	32.5	25	53.5	28.5	20	48.5	
42	30	43.5	11.5	27.5	28.5	58	43	33.5	43.5	29	19	15	42	34.5	40	58.5	15	57.5	30.5	37	44.5	19	31.5	41	30	60.5	31.5	55	20	29.5	43	42.5	40.5	72.5	53.5	44.5	21.5	46.5	49	21	51	28.5	0	48.5	28	21	36	32.5	30	33	80.5	28.5	46	60.5	44	22.5	55.5	21.5	42	60.5	31	20	65.5	26	33.5	34.5	37.5	23	18.5	20	27.5	39	51	32.5	36	
46.5	64.5	13	47	27	51	41.5	17.5	66	13	55.5	45.5	45.5	52.5	30	44.5	54	33.5	17	69	27.5	55	55.5	38	36.5	34.5	20	36	14.5	60.5	35	61.5	38	59	32	13	55	48	2	8.5	43.5	28.5	34	48.5	0	56.5	27.5	31.5	67	70.5	31.5	44	33	50.5	34	48.5	38	19	37	16.5	20	33.5	40.5	25	48.5	23	22	27	41.5	44	54.5	37	43.5	38.5	32	48.5	
30	22	55.5	23.5	35.5	25.5	70	51	25.5	55.5	1	31	27	34	46.5	28	70.5	37	65.5	22.5	49	36.5	21	36.5	53	42	68.5	24.5	63	8	41.5	35	54.5	32.5	80.5	61.5	36.5	28.5	54.5	57	33	63	40.5	28	56.5	0	31	48	24.5	22	45	92.5	31.5	34	72.5	32	34.5	67.5	33.5	50	68.5	43	32	73.5	28	45.5	46.5	49.5	35	30.5	22	39.5	13	63	44.5	8	
21	39	40.5	32.5	6.5	25.5	61	22	40.5	40.5	30	30	34	27	29.5	19	75.5	6	36.5	43.5	42	29.5	30	12.5	58	39	39.5	10.5	34	39	14.5	36	61.5	33.5	51.5	32.5	29.5	22.5	25.5	28	28	48	45.5	21	27.5	31	0	53	41.5	49	26	63.5	7.5	25	53.5	23	41.5	38.5	42.5	21	39.5	38	39	44.5	23	50.5	49.5	36.5	26	35.5	29	26.5	18	58	31.5	23	
72	50	18.5	26.5	52.5	48.5	28	37	53.5	18.5	49	29	25	62	29.5	70	28.5	51	37.5	50.5	17	64.5	39	51.5	11	20	34.5	61.5	19	40	44.5	63	12.5	60.5	52.5	31.5	64.5	41.5	31.5	25	31	21	13.5	36	31.5	48	53	0	52.5	50	33	50.5	56.5	74	30.5	66	17.5	25.5	16.5	38	40.5	21	20	39.5	46	8.5	9.5	22.5	33	23.5	40	32.5	61	21	27.5	56	
25.5	16.5	60	28	46	30	74.5	61.5	1	60	25.5	35.5	31.5	28.5	51	28.5	75	47.5	76	2	53.5	12	25.5	43	57.5	46.5	79	35	71.5	16.5	46	24.5	59	8	91	72	12	33	65	67.5	37.5	67.5	45	32.5	67	24.5	41.5	52.5	0	11.5	49.5	97	42	29.5	77	32.5	39	72	38	60.5	79	47.5	36.5	84	32.5	50	51	54	39.5	35	26.5	44	37.5	67.5	49	32.5	
28	14	57.5	25.5	51.5	27.5	72	61	12.5	57.5	23	33	29	26	48.5	34	72.5	45	81.5	9.5	51	23.5	23	40.5	55	44	78.5	42.5	69	14	43.5	13	56.5	19.5	96.5	75.5	23.5	30.5	72.5	75	35	65	42.5	30	70.5	22	49	50	11.5	0	47	94.5	45.5	24	74.5	30	36.5	69.5	35.5	62	86.5	45	34	83.5	30	47.5	48.5	51.5	37	32.5	24	41.5	35	65	46.5	30	
45	47	40.5	23.5	25.5	45.5	55	26	50.5	40.5	46	26	22	51	31.5	43	55.5	32	40.5	47.5	34	53.5	36	36.5	38	27	43.5	34.5	38	37	33.5	60	39.5	57.5	55.5	36.5	53.5	38.5	29.5	32	28	48	25.5	33	31.5	45	26	33	49.5	47	0	67.5	31.5	49	57.5	47	19.5	42.5	18.5	25	43.5	28	13	48.5	43	30.5	31.5	34.5	30	20.5	37	29.5	42	48	29.5	47	
82.5	94.5	57	71	63	87	42.5	53.5	98	57	91.5	73.5	69.5	88.5	66	80.5	28	69.5	33	95	61.5	91	83.5	74	45.5	64.5	36	72	45.5	84.5	71	97.5	42	95	18	39	91	84	42	39.5	75.5	49.5	58	80.5	44	92.5	63.5	50.5	97	94.5	67.5	0	69	86.5	40	84.5	62	45	61	52.5	26	65.5	64.5	31	84.5	53	54	63	77.5	68	84.5	73	79.5	45.5	68	84.5	
21.5	39.5	46	32	12	26	66.5	27.5	41	46	30.5	35.5	35.5	27.5	35	19.5	79	13.5	42	44	47.5	30	30.5	5	61.5	44.5	45	11	39.5	35.5	20	36.5	63	34	57	38	30	15	31	33.5	33.5	53.5	49	28.5	33	31.5	7.5	56.5	42	45.5	31.5	69	0	25.5	59	23.5	43	44	42	26.5	45	43.5	40.5	50	23.5	54	55	42	31.5	39	29.5	32	18.5	63.5	37	23.5	
4	32	63.5	49.5	29.5	33.5	84	45	28.5	63.5	33	53	53	20	52.5	12	96.5	31	59.5	31.5	65	17.5	43	30.5	79	62	62.5	18.5	57	38	37.5	11	80.5	21.5	74.5	55.5	17.5	40.5	48.5	51	51	71	66.5	46	50.5	34	25	74	29.5	24	49	86.5	25.5	0	76.5	16	60.5	61.5	59.5	44	62.5	61	58	67.5	36	71.5	72.5	59.5	49	56.5	42	49.5	21	81	54.5	26	
72.5	74.5	43	51	53	73	27.5	43.5	78	43	73.5	53.5	49.5	78.5	54	70.5	28	59.5	23	75	41.5	81	63.5	64	25.5	44.5	26	62	35.5	64.5	61	87.5	22	85	28	29	81	66	32	29.5	55.5	35.5	38	60.5	34	72.5	53.5	30.5	77	74.5	57.5	40	59	76.5	0	74.5	42	35	41	42.5	14	45.5	44.5	9	70.5	33	34	47	57.5	48	64.5	57	69.5	25.5	52	74.5	
12	16	61.5	41.5	27.5	31.5	82	43	31.5	61.5	31	49	45	4	50.5	4	88.5	29	57.5	30.5	63	20.5	39	28.5	71	60	60.5	16.5	55	30	35.5	27	72.5	24.5	72.5	53.5	20.5	38.5	46.5	49	49	69	58.5	44	48.5	32	23	66	32.5	30	47	84.5	23.5	16	74.5	0	52.5	59.5	51.5	42	60.5	59	50	65.5	34	63.5	64.5	57.5	47	48.5	40	47.5	19	79	52.5	24	
60.5	36.5	25	13	39	35	39.5	28.5	40	25	35.5	15.5	11.5	48.5	12	56.5	40	37.5	49	37	18.5	51	25.5	38	22.5	11.5	46	50	36.5	26.5	31	49.5	24	47	64	43	51	28	40	42.5	17.5	32.5	10	22.5	38	34.5	41.5	17.5	39	36.5	19.5	62	43	60.5	42	52.5	0	37	1	29.5	54	12.5	6.5	51	32.5	15	16	19	19.5	10	26.5	19	47.5	32.5	10	42.5	
57.5	69.5	32	46	38	62	42.5	28.5	73	32	66.5	48.5	44.5	63.5	41	55.5	43	44.5	18	70	36.5	66	58.5	49	25.5	39.5	21	47	20.5	59.5	46	72.5	27	70	33	6	66	59	17	14.5	50.5	29.5	33	55.5	19	67.5	38.5	25.5	72	69.5	42.5	45	44	61.5	35	59.5	37	0	36	27.5	21	40.5	39.5	26	59.5	28	29	38	52.5	43	59.5	48	54.5	35.5	43	59.5	
61.5	35.5	24	12	38	34	38.5	27.5	39	24	34.5	14.5	10.5	47.5	13	55.5	39	36.5	48	36	17.5	50	24.5	37	21.5	10.5	45	49	35.5	25.5	30	48.5	23	46	63	42	50	27	39	41.5	16.5	31.5	9	21.5	37	33.5	42.5	16.5	38	35.5	18.5	61	42	59.5	41	51.5	1	36	0	28.5	55	11.5	5.5	50	31.5	14	15	18	18.5	9	25.5	18	46.5	31.5	11	41.5	
40	58	29.5	38.5	20.5	44.5	50	1	59.5	29.5	49	39	37	46	23.5	38	60.5	27	25.5	62.5	31	48.5	49	31.5	43	18	28.5	29.5	23	52	28.5	55	44.5	52.5	40.5	21.5	48.5	41.5	14.5	17	37	37	30.5	42	16.5	50	21	38	60.5	62	25	52.5	26.5	44	42.5	42	29.5	27.5	28.5	0	28.5	17	32	33.5	42	35.5	36.5	25.5	35	35.5	48	30.5	37	47	25.5	42	
58.5	76.5	33	65	39	63	23.5	29.5	78	33	67.5	57.5	61.5	64.5	42	56.5	38	45.5	9	81	39.5	67	67.5	50	35.5	46.5	12	48	21.5	76.5	47	73.5	34	71	14	15	67	60	18	15.5	55.5	25.5	48	60.5	20	68.5	39.5	40.5	79	86.5	43.5	26	45	62.5	14	60.5	54	21	55	28.5	0	45.5	56.5	5	60.5	43	42	39	53.5	58	66.5	49	55.5	25.5	44	60.5	
57	45	28.5	21.5	37.5	43.5	43	16	48.5	28.5	44	24	20	57	24.5	55	43.5	44	42.5	45.5	22	59.5	34	46.5	26	1	45.5	46.5	40	35	39.5	58	27.5	55.5	57.5	38.5	59.5	36.5	31.5	34	26	36	13.5	31	33.5	43	38	21	47.5	45	28	65.5	43.5	61	45.5	59	12.5	40.5	11.5	17	45.5	0	15	50.5	41	18.5	19.5	22.5	28	18.5	35	27.5	54	36	22.5	51	
58	34	27.5	10.5	36.5	32.5	42	31	37.5	27.5	33	13	9	46	18.5	54	42.5	35	51.5	34.5	21	48.5	23	35.5	25	14	48.5	47.5	39	24	28.5	47	26.5	44.5	66.5	45.5	48.5	25.5	42.5	45	15	35	12.5	20	40.5	32	39	20	36.5	34	13	64.5	40.5	58	44.5	50	6.5	39.5	5.5	32	56.5	15	0	53.5	30	17.5	18.5	21.5	17	7.5	24	16.5	45	35	16.5	40	
63.5	81.5	38	60	44	68	28.5	34.5	83	38	72.5	62.5	58.5	69.5	47	61.5	37	50.5	14	84	44.5	72	72.5	55	34.5	51.5	17	53	26.5	73.5	52	78.5	31	76	19	20	72	65	23	20.5	60.5	30.5	47	65.5	25	73.5	44.5	39.5	84	83.5	48.5	31	50	67.5	9	65.5	51	26	50	33.5	5	50.5	53.5	0	65.5	42	43	44	58.5	57	71.5	54	60.5	30.5	49	65.5	
32	30	53.5	21.5	27.5	28.5	68	43	33.5	53.5	29	29	25	38	44.5	30	68.5	29	57.5	30.5	47	40.5	7	28.5	51	40	60.5	21.5	55	20	35.5	43	52.5	40.5	72.5	53.5	40.5	26.5	46.5	49	31	61	38.5	26	48.5	28	23	46	32.5	30	43	84.5	23.5	36	70.5	34	32.5	59.5	31.5	42	60.5	41	30	65.5	0	43.5	44.5	47.5	33	28.5	6	37.5	29	61	42.5	34	
69.5	47.5	10	24	50	46	30.5	34.5	51	10	46.5	26.5	22.5	59.5	27	67.5	31	48.5	40	48	14.5	62	36.5	49	13.5	17.5	37	59	27.5	37.5	42	60.5	15	58	55	34	62	39	25	31.5	28.5	23.5	11	33.5	23	45.5	50.5	8.5	50	47.5	30.5	53	54	71.5	33	63.5	15	28	14	35.5	43	18.5	17.5	42	43.5	0	1	20	30.5	21	37.5	30	58.5	23.5	25	53.5	
68.5	48.5	9	25	49	47	31.5	35.5	52	9	47.5	27.5	23.5	60.5	28	66.5	32	49.5	39	49	15.5	63	37.5	50	14.5	18.5	38	58	28.5	38.5	43	61.5	16	59	54	35	63	40	24	30.5	29.5	24.5	12	34.5	22	46.5	49.5	9.5	51	48.5	31.5	54	55	72.5	34	64.5	16	29	15	36.5	42	19.5	18.5	43	44.5	1	0	21	31.5	22	38.5	31	59.5	24.5	26	54.5	
55.5	51.5	30	28	36	50	44.5	26.5	55	30	50.5	30.5	26.5	61.5	31	53.5	45	42.5	36	52	23.5	64	40.5	47	27.5	21.5	39	45	33.5	41.5	44	64.5	29	62	51	32	64	43	25	27.5	32.5	37.5	9	37.5	27	49.5	36.5	22.5	54	51.5	34.5	63	42	59.5	47	57.5	19	38	18	25.5	39	22.5	21.5	44	47.5	20	21	0	34.5	25	41.5	34	52.5	37.5	29	57.5	
45	37	40.5	13.5	25.5	35.5	55	36	40.5	40.5	36	4	8	49	31.5	43	55.5	32	50.5	37.5	34	51.5	26	36.5	38	27	53.5	34.5	48	27	31.5	50	39.5	47.5	65.5	46.5	51.5	28.5	39.5	42	2	48	25.5	23	41.5	35	26	33	39.5	37	30	77.5	31.5	49	57.5	47	19.5	52.5	18.5	35	53.5	28	17	58.5	33	30.5	31.5	34.5	0	15.5	27	24.5	42	48	29.5	43	
54.5	32.5	31	9	35	31	45.5	34.5	36	31	31.5	11.5	7.5	44.5	22	52.5	46	33.5	55	33	24.5	47	21.5	34	28.5	17.5	52	44	42.5	22.5	27	45.5	30	43	70	49	47	24	44	46.5	13.5	38.5	16	18.5	44	30.5	35.5	23.5	35	32.5	20.5	68	39	56.5	48	48.5	10	43	9	35.5	58	18.5	7.5	57	28.5	21	22	25	15.5	0	22.5	9	43.5	38.5	20	38.5	
38	24	47.5	15.5	33.5	22.5	62	49	27.5	47.5	23	23	19	36	38.5	36	62.5	35	63.5	24.5	41	38.5	1	30.5	45	34	66.5	27.5	59	14	33.5	37	46.5	34.5	78.5	59.5	38.5	20.5	52.5	55	25	55	32.5	20	54.5	22	29	40	26.5	24	37	84.5	29.5	42	64.5	40	26.5	59.5	25.5	48	66.5	35	24	71.5	6	37.5	38.5	41.5	27	22.5	0	31.5	35	55	36.5	30	
45.5	41.5	40	18	26	40	54.5	31.5	45	40	40.5	20.5	16.5	51.5	31	43.5	55	32.5	46	42	33.5	54	30.5	37	37.5	26.5	49	35	43.5	31.5	34	54.5	39	52	61	42	54	33	35	37.5	22.5	47.5	25	27.5	37	39.5	26.5	32.5	44	41.5	29.5	73	32	49.5	57	47.5	19	48	18	30.5	49	27.5	16.5	54	37.5	30	31	34	24.5	9	31.5	0	42.5	47.5	29	47.5	
17	35	56.5	36.5	22.5	26.5	77	38	36.5	56.5	12	44	40	23	45.5	15	83.5	24	52.5	35.5	58	25.5	34	23.5	66	55	55.5	11.5	50	21	30.5	32	67.5	29.5	67.5	48.5	25.5	33.5	41.5	44	44	64	53.5	39	43.5	13	18	61	37.5	35	42	79.5	18.5	21	69.5	19	47.5	54.5	46.5	37	55.5	54	45	60.5	29	58.5	59.5	52.5	42	43.5	35	42.5	0	74	47.5	5	
77	65	33.5	41.5	57.5	63.5	23	48	68.5	33.5	64	44	40	77	44.5	75	23.5	64	27.5	65.5	32	79.5	54	66.5	16	35	30.5	66.5	40	55	59.5	78	12.5	75.5	37.5	33.5	79.5	56.5	36.5	34	46	26	28.5	51	38.5	63	58	21	67.5	65	48	45.5	63.5	81	25.5	79	32.5	35.5	31.5	47	25.5	36	35	30.5	61	23.5	24.5	37.5	48	38.5	55	47.5	74	0	42.5	71	
50.5	46.5	35	23	31	45	49.5	26.5	50	35	45.5	25.5	21.5	56.5	2	48.5	50	37.5	41	47	28.5	59	35.5	42	32.5	21.5	44	40	38.5	36.5	39	59.5	34	57	56	37	59	38	30	32.5	27.5	42.5	20	32.5	32	44.5	31.5	27.5	49	46.5	29.5	68	37	54.5	52	52.5	10	43	11	25.5	44	22.5	16.5	49	42.5	25	26	29	29.5	20	36.5	29	47.5	42.5	0	52.5	
22	30	61.5	31.5	27.5	31.5	78	43	33.5	61.5	7	39	35	28	50.5	20	78.5	29	57.5	30.5	57	30.5	29	28.5	61	50	60.5	16.5	55	16	35.5	37	62.5	34.5	72.5	53.5	30.5	36.5	46.5	49	41	69	48.5	36	48.5	8	23	56	32.5	30	47	84.5	23.5	26	74.5	24	42.5	59.5	41.5	42	60.5	51	40	65.5	34	53.5	54.5	57.5	43	38.5	30	47.5	5	71	52.5	0	
