Number of items: 75
Horizon: 15
Time limit: 750
Load limit: 4500
Initial item inventory level
30
160
273
60
170
178
116
70
201
10
180
126
56
22
55
198
14
69
30
156
58
168
273
255
176
20
23
153
78
98
33
75
12
198
243
94
94
99
154
22
178
176
222
234
54
297
49
99
35
219
91
66
170
30
174
159
294
33
184
122
180
97
73
156
70
65
96
142
97
36
44
148
96
177
52
Maximum inventory capacity per item
40
240
364
120
255
267
174
105
268
20
240
168
112
33
110
264
28
92
40
234
116
224
364
340
264
40
46
204
104
147
66
100
24
264
324
188
188
198
231
33
267
264
296
312
81
396
98
198
70
292
182
99
255
45
232
212
392
44
276
183
270
194
146
234
105
130
192
213
194
72
66
222
128
236
78
Reserve storage replenishment rate per item and per period
60	0	0	60	0	0	60	0	0	60	0	0	60	0	0	
480	0	0	480	0	0	480	0	0	480	0	0	480	0	0	
546	0	0	546	0	0	546	0	0	546	0	0	546	0	0	
360	0	0	360	0	0	360	0	0	360	0	0	360	0	0	
510	0	0	510	0	0	510	0	0	510	0	0	510	0	0	
534	0	0	534	0	0	534	0	0	534	0	0	534	0	0	
348	0	0	348	0	0	348	0	0	348	0	0	348	0	0	
210	0	0	210	0	0	210	0	0	210	0	0	210	0	0	
402	0	0	402	0	0	402	0	0	402	0	0	402	0	0	
60	0	0	60	0	0	60	0	0	60	0	0	60	0	0	
360	0	0	360	0	0	360	0	0	360	0	0	360	0	0	
252	0	0	252	0	0	252	0	0	252	0	0	252	0	0	
336	0	0	336	0	0	336	0	0	336	0	0	336	0	0	
66	0	0	66	0	0	66	0	0	66	0	0	66	0	0	
330	0	0	330	0	0	330	0	0	330	0	0	330	0	0	
396	0	0	396	0	0	396	0	0	396	0	0	396	0	0	
84	0	0	84	0	0	84	0	0	84	0	0	84	0	0	
138	0	0	138	0	0	138	0	0	138	0	0	138	0	0	
60	0	0	60	0	0	60	0	0	60	0	0	60	0	0	
468	0	0	468	0	0	468	0	0	468	0	0	468	0	0	
348	0	0	348	0	0	348	0	0	348	0	0	348	0	0	
336	0	0	336	0	0	336	0	0	336	0	0	336	0	0	
546	0	0	546	0	0	546	0	0	546	0	0	546	0	0	
510	0	0	510	0	0	510	0	0	510	0	0	510	0	0	
528	0	0	528	0	0	528	0	0	528	0	0	528	0	0	
120	0	0	120	0	0	120	0	0	120	0	0	120	0	0	
138	0	0	138	0	0	138	0	0	138	0	0	138	0	0	
306	0	0	306	0	0	306	0	0	306	0	0	306	0	0	
156	0	0	156	0	0	156	0	0	156	0	0	156	0	0	
294	0	0	294	0	0	294	0	0	294	0	0	294	0	0	
198	0	0	198	0	0	198	0	0	198	0	0	198	0	0	
150	0	0	150	0	0	150	0	0	150	0	0	150	0	0	
72	0	0	72	0	0	72	0	0	72	0	0	72	0	0	
396	0	0	396	0	0	396	0	0	396	0	0	396	0	0	
486	0	0	486	0	0	486	0	0	486	0	0	486	0	0	
564	0	0	564	0	0	564	0	0	564	0	0	564	0	0	
564	0	0	564	0	0	564	0	0	564	0	0	564	0	0	
594	0	0	594	0	0	594	0	0	594	0	0	594	0	0	
462	0	0	462	0	0	462	0	0	462	0	0	462	0	0	
66	0	0	66	0	0	66	0	0	66	0	0	66	0	0	
534	0	0	534	0	0	534	0	0	534	0	0	534	0	0	
528	0	0	528	0	0	528	0	0	528	0	0	528	0	0	
444	0	0	444	0	0	444	0	0	444	0	0	444	0	0	
468	0	0	468	0	0	468	0	0	468	0	0	468	0	0	
162	0	0	162	0	0	162	0	0	162	0	0	162	0	0	
594	0	0	594	0	0	594	0	0	594	0	0	594	0	0	
294	0	0	294	0	0	294	0	0	294	0	0	294	0	0	
594	0	0	594	0	0	594	0	0	594	0	0	594	0	0	
210	0	0	210	0	0	210	0	0	210	0	0	210	0	0	
438	0	0	438	0	0	438	0	0	438	0	0	438	0	0	
546	0	0	546	0	0	546	0	0	546	0	0	546	0	0	
198	0	0	198	0	0	198	0	0	198	0	0	198	0	0	
510	0	0	510	0	0	510	0	0	510	0	0	510	0	0	
90	0	0	90	0	0	90	0	0	90	0	0	90	0	0	
348	0	0	348	0	0	348	0	0	348	0	0	348	0	0	
318	0	0	318	0	0	318	0	0	318	0	0	318	0	0	
588	0	0	588	0	0	588	0	0	588	0	0	588	0	0	
66	0	0	66	0	0	66	0	0	66	0	0	66	0	0	
552	0	0	552	0	0	552	0	0	552	0	0	552	0	0	
366	0	0	366	0	0	366	0	0	366	0	0	366	0	0	
540	0	0	540	0	0	540	0	0	540	0	0	540	0	0	
582	0	0	582	0	0	582	0	0	582	0	0	582	0	0	
438	0	0	438	0	0	438	0	0	438	0	0	438	0	0	
468	0	0	468	0	0	468	0	0	468	0	0	468	0	0	
210	0	0	210	0	0	210	0	0	210	0	0	210	0	0	
390	0	0	390	0	0	390	0	0	390	0	0	390	0	0	
576	0	0	576	0	0	576	0	0	576	0	0	576	0	0	
426	0	0	426	0	0	426	0	0	426	0	0	426	0	0	
582	0	0	582	0	0	582	0	0	582	0	0	582	0	0	
216	0	0	216	0	0	216	0	0	216	0	0	216	0	0	
132	0	0	132	0	0	132	0	0	132	0	0	132	0	0	
444	0	0	444	0	0	444	0	0	444	0	0	444	0	0	
192	0	0	192	0	0	192	0	0	192	0	0	192	0	0	
354	0	0	354	0	0	354	0	0	354	0	0	354	0	0	
156	0	0	156	0	0	156	0	0	156	0	0	156	0	0	
Forward storage demand rate per item and per period
10	11	0	8	7	6	15	9	9	6	0	8	14	15	4	
80	125	97	42	72	139	93	107	118	44	56	73	48	53	26	
91	116	112	65	22	102	109	92	116	74	132	162	144	141	142	
60	86	65	89	51	40	72	29	98	25	68	56	70	49	44	
85	92	121	107	24	154	61	12	102	127	71	54	150	58	34	
89	57	80	36	69	98	72	103	119	164	135	73	87	106	137	
58	72	67	20	59	69	19	75	70	24	90	64	44	82	90	
35	50	31	64	54	42	17	16	34	23	21	32	60	14	36	
67	31	96	66	54	63	88	84	82	59	91	118	29	61	35	
10	8	8	9	13	3	9	13	13	8	5	13	10	7	6	
60	33	49	41	58	103	95	67	73	29	58	33	72	3	66	
42	75	32	58	19	29	47	35	43	66	58	17	52	54	21	
56	5	64	93	54	57	63	36	56	92	65	41	47	71	91	
11	2	11	5	10	15	4	18	3	8	9	14	6	9	3	
55	49	69	58	42	64	87	72	66	93	38	43	98	26	34	
66	53	62	85	74	74	98	6	69	65	67	74	49	68	20	
14	10	22	7	20	14	2	19	3	10	16	22	11	17	9	
23	32	24	36	18	37	11	19	29	29	20	28	13	25	30	
10	9	13	11	13	4	3	8	11	12	10	9	10	12	8	
78	66	65	125	76	128	65	56	95	131	42	106	27	106	72	
58	15	52	31	56	37	38	6	71	52	101	87	39	77	74	
56	18	12	70	80	75	72	77	22	64	73	22	81	46	61	
91	96	157	72	48	30	106	128	150	100	36	104	64	100	23	
85	82	66	45	21	32	81	135	66	68	44	77	113	140	81	
88	57	82	89	123	96	162	145	161	96	106	154	105	105	69	
20	23	15	14	11	10	28	15	23	35	13	24	29	6	13	
23	34	3	23	14	13	34	28	22	7	21	7	18	37	24	
51	47	18	36	68	54	43	69	71	90	93	34	34	70	66	
26	5	35	31	39	39	12	24	16	37	13	41	2	13	10	
49	52	33	46	67	30	30	38	32	56	38	58	10	31	38	
33	13	31	46	35	32	49	11	11	36	31	34	39	35	43	
25	7	23	47	20	36	34	16	13	24	36	22	18	31	6	
12	10	2	14	15	4	10	9	3	12	17	13	19	13	22	
66	37	112	119	69	96	78	102	69	62	60	16	64	49	102	
81	132	91	107	78	96	74	99	20	92	35	145	46	108	105	
94	150	72	45	17	145	83	94	110	84	124	96	110	133	141	
94	93	72	151	145	78	50	64	82	113	144	164	94	111	95	
99	51	112	51	77	98	149	63	83	41	140	108	127	116	113	
77	80	87	58	38	100	13	93	20	57	81	81	71	35	114	
11	11	10	2	10	10	3	13	20	15	2	7	3	6	9	
89	114	61	93	17	130	85	123	16	149	77	57	12	81	110	
88	80	86	130	45	109	70	37	113	125	54	62	72	96	70	
74	96	69	64	70	114	79	76	106	46	100	79	65	103	100	
78	42	63	106	88	74	53	108	36	36	144	114	90	122	31	
27	29	18	50	20	27	8	18	24	22	16	14	41	27	40	
99	95	77	50	78	70	166	139	148	169	113	123	90	98	85	
49	57	45	55	85	51	71	43	23	53	28	81	68	66	31	
99	106	100	81	106	41	90	163	153	89	40	90	18	69	40	
35	20	20	2	26	37	20	55	10	42	38	15	50	37	68	
73	80	41	32	40	65	102	84	137	92	47	52	93	45	52	
91	71	97	116	79	49	88	107	85	43	41	121	126	155	47	
33	33	20	52	23	35	14	58	34	20	30	46	34	28	41	
85	65	45	76	48	88	92	90	102	13	35	105	50	139	106	
15	19	9	25	15	17	13	17	22	1	12	11	28	16	13	
58	62	47	89	22	58	34	97	54	70	74	7	63	35	25	
53	79	37	84	62	102	54	76	55	50	60	68	77	54	77	
98	55	100	118	103	114	74	142	74	79	70	58	73	40	139	
11	2	13	11	9	6	8	13	9	12	2	14	2	12	10	
92	164	61	67	51	51	115	31	166	83	107	91	67	83	17	
61	77	69	42	51	51	21	56	101	52	90	77	88	55	25	
90	27	63	86	95	130	39	129	66	122	84	65	66	87	150	
97	94	125	92	81	162	152	117	16	127	122	68	95	75	7	
73	53	58	35	58	52	30	84	93	94	56	63	77	83	6	
78	34	81	65	89	67	107	49	55	136	32	87	118	82	107	
35	33	1	24	51	19	54	37	33	17	21	22	21	33	10	
65	76	106	76	36	59	34	104	117	62	36	33	80	47	57	
96	136	39	39	138	105	87	80	103	131	87	127	151	115	51	
71	43	69	127	62	53	75	131	45	81	49	46	58	16	22	
97	104	113	47	111	84	46	90	60	125	40	149	76	67	54	
36	28	41	69	53	39	38	51	49	35	22	28	47	53	44	
22	32	4	33	19	22	15	20	14	22	6	29	25	14	36	
74	80	57	26	29	104	29	107	110	117	73	56	82	86	12	
32	41	32	15	44	4	32	28	53	42	34	33	38	9	48	
59	93	25	88	92	64	41	82	48	29	59	51	84	44	30	
26	6	17	37	6	20	47	11	42	21	25	28	15	35	28	
Distance matrix
0	24	34.5	59	25	37.5	62	44	85.5	85	22	56	25	51.5	65	74	55.5	57.5	58.5	36	51	52.5	32.5	41	46	29.5	31	18	13.5	82	42	47.5	64	20.5	53	66	39.5	36	36	58.5	84	58	54	60.5	55	55.5	53	17	34	59.5	10.5	7	57.5	59	35	54.5	62.5	37.5	42	40	61	45	87.5	27	20.5	57	14	76.5	45.5	80.5	31	74	38.5	79.5	70	64.5	
24	0	18.5	43	1	21.5	46	20	69.5	69	2	40	39	35.5	49	58	39.5	33.5	42.5	12	35	36.5	16.5	25	30	18.5	7	42	22.5	66	26	28.5	48	29.5	37	50	23.5	30	20	42.5	68	38	38	44.5	39	35.5	37	41	18	43.5	29.5	31	41.5	37	29	38.5	46.5	26.5	34	24	45	31	63.5	31	19.5	39	38	54.5	29.5	60.5	15	52	37.5	63.5	54	48.5	
34.5	18.5	0	38.5	19.5	3	41.5	36.5	65	64.5	16.5	35.5	49.5	17	44.5	53.5	35	23	32	30.5	30.5	32	22	20.5	25.5	29	25.5	52.5	33	61.5	21.5	33	41.5	40	32.5	45.5	19	40.5	20.5	38	61.5	27.5	33.5	40	34.5	21	32.5	51.5	13.5	39	40	41.5	37	26.5	39.5	34	38	37	38.5	19.5	40.5	35.5	53	41.5	30	28.5	48.5	44	25	50	10.5	41.5	42	59	49.5	44	
59	43	38.5	0	44	41.5	3	63	34.5	34	41	3	74	55.5	14	23	9.5	53.5	52.5	55	20	26.5	46.5	30	35	53.5	50	77	57.5	31	41	63.5	43	64.5	52	7	33.5	65	45	12.5	33	53	23	44.5	24	55.5	42	76	33	43.5	64.5	66	41.5	52	64	8.5	46.5	61.5	69	29	40	66	28.5	66	54.5	54	73	34.5	29.5	30.5	30	37	72.5	28.5	19	18.5	
25	1	19.5	44	0	22.5	47	19	70.5	70	3	41	40	36.5	50	59	40.5	32.5	41.5	11	36	37.5	17.5	26	31	19.5	6	43	23.5	67	27	27.5	49	30.5	38	51	24.5	31	21	43.5	69	37	39	45.5	40	34.5	38	42	19	44.5	30.5	32	42.5	36	30	39.5	47.5	27.5	33	25	46	30	62.5	32	20.5	38	39	53.5	30.5	59.5	16	51	36.5	64.5	55	49.5	
37.5	21.5	3	41.5	22.5	0	44.5	33.5	68	67.5	19.5	38.5	52.5	14	47.5	56.5	38	20	29	33.5	33.5	35	25	23.5	28.5	32	28.5	55.5	36	64.5	24.5	30	38.5	43	29.5	48.5	22	41.5	23.5	41	58.5	24.5	36.5	37	37.5	18	35.5	54.5	16.5	38	43	44.5	40	23.5	42.5	37	35	40	35.5	22.5	41.5	32.5	50	44.5	33	25.5	51.5	41	28	47	13.5	38.5	39	58	52.5	47	
62	46	41.5	3	47	44.5	0	64	37.5	37	44	6	77	56.5	17	26	12.5	50.5	49.5	58	23	29.5	49.5	33	38	56.5	53	80	60.5	34	44	60.5	44	67.5	55	4	36.5	68	48	15.5	34	50	26	47.5	27	52.5	45	79	36	46.5	67.5	69	44.5	49	67	11.5	45.5	64.5	66	32	43	63	25.5	69	57.5	51	76	31.5	32.5	27.5	33	34	69.5	31.5	22	21.5	
44	20	36.5	63	19	33.5	64	0	65.5	71	22	60	31	19.5	69	72	59.5	13.5	22.5	8	55	48.5	28.5	45	40	26.5	13	38	42.5	74	34	8.5	32	35.5	23	60	41.5	20	30	62.5	52	18	52	30.5	51	15.5	33	39	38	31.5	45.5	49	33.5	17	21	58.5	28.5	18.5	14	44	35	11	43.5	29	35.5	19	42	34.5	45.5	40.5	35	32	17.5	51.5	74	56.5	
85.5	69.5	65	34.5	70.5	68	37.5	65.5	0	29.5	67.5	31.5	84.5	58	30.5	29.5	36	52	51	73.5	46.5	53	73	56.5	61.5	80	76.5	91.5	84	32.5	67.5	62	45.5	89	56.5	41.5	60	73.5	71.5	39	25.5	51.5	49.5	49	50.5	54	56.5	92.5	59.5	50	91	92.5	52	50.5	74.5	35	47	72	67.5	55.5	48.5	64.5	22	82.5	81	52.5	95.5	33	56	29	56.5	35.5	71	30	25.5	45	
85	69	64.5	34	70	67.5	37	71	29.5	0	67	31	90	63.5	30	29	35.5	57.5	56.5	79	46	52.5	72.5	56	61	79.5	76	97	83.5	3	67	67.5	51	90.5	62	41	59.5	79	71	38.5	31	57	49	54.5	50	59.5	62	98	59	55.5	90.5	92	57.5	56	80	34.5	52.5	77.5	73	55	54	70	27.5	88	80.5	58	99	38.5	55.5	34.5	56	41	76.5	35.5	25	44.5	
22	2	16.5	41	3	19.5	44	22	67.5	67	0	38	37	33.5	47	56	37.5	35.5	40.5	14	33	34.5	14.5	23	28	16.5	9	40	20.5	64	24	30.5	46	27.5	35	48	21.5	28	18	40.5	66	40	36	42.5	37	37.5	35	39	16	41.5	27.5	29	39.5	39	27	36.5	44.5	24.5	34	22	43	33	65.5	29	17.5	39	36	56.5	27.5	62.5	13	54	35.5	61.5	52	46.5	
56	40	35.5	3	41	38.5	6	60	31.5	31	38	0	71	52.5	11	20	6.5	56.5	49.5	52	17	23.5	43.5	27	32	50.5	47	74	54.5	28	38	66.5	40	61.5	49	10	30.5	62	42	9.5	30	54	20	41.5	21	56.5	39	73	30	40.5	61.5	63	38.5	55	61	5.5	43.5	58.5	68	26	37	69	31.5	63	51.5	53	70	37.5	26.5	31.5	27	40	69.5	25.5	16	15.5	
25	39	49.5	74	40	52.5	77	31	84.5	90	37	71	0	38.5	80	89	70.5	32.5	41.5	39	66	67.5	47.5	56	59	40.5	44	27	28.5	93	53	22.5	51	29.5	42	79	54.5	29	49	73.5	71	37	69	49.5	70	34.5	52	28	49	50.5	30.5	32	52.5	36	30	69.5	47.5	32.5	23	55	54	20	62.5	28	35.5	38	31	53.5	60.5	59.5	46	51	21.5	70.5	85	75.5	
51.5	35.5	17	55.5	36.5	14	56.5	19.5	58	63.5	33.5	52.5	38.5	0	61.5	64.5	52	6	15	27.5	47.5	41	31	37.5	32.5	34	32.5	45.5	50	66.5	26.5	16	24.5	43	15.5	52.5	34	27.5	27.5	55	44.5	10.5	44.5	23	43.5	4	25.5	46.5	30.5	24	53	56.5	26	9.5	28.5	51	21	26	21.5	36.5	27.5	18.5	36	36.5	43	11.5	49.5	27	38	33	27.5	24.5	25	44	66.5	49	
65	49	44.5	14	50	47.5	17	69	30.5	30	47	11	80	61.5	0	19	15.5	57.5	56.5	61	26	32.5	52.5	36	41	59.5	56	83	63.5	27	47	67.5	49	70.5	58	21	39.5	71	51	18.5	19	57	29	50.5	30	59.5	48	82	39	49.5	70.5	72	47.5	56	70	14.5	52.5	67.5	73	35	46	70	27.5	72	60.5	58	79	38.5	35.5	34.5	36	41	76.5	29.5	15	24.5	
74	58	53.5	23	59	56.5	26	72	29.5	29	56	20	89	64.5	19	0	24.5	58.5	57.5	70	35	41.5	61.5	45	50	68.5	65	92	72.5	26	56	68.5	52	79.5	63	30	48.5	80	60	27.5	32	58	38	55.5	39	60.5	57	91	48	56.5	79.5	81	56.5	57	79	23.5	53.5	76.5	74	44	55	71	28.5	81	69.5	59	88	39.5	44.5	35.5	45	42	77.5	36.5	4	33.5	
55.5	39.5	35	9.5	40.5	38	12.5	59.5	36	35.5	37.5	6.5	70.5	52	15.5	24.5	0	52	49	51.5	16.5	23	43	26.5	31.5	50	46.5	73.5	54	32.5	37.5	62	39.5	61	48.5	16.5	30	61.5	41.5	3	34.5	51.5	19.5	41	20.5	54	38.5	72.5	29.5	40	61	62.5	38	50.5	60.5	1	43	58	67.5	25.5	36.5	64.5	32	62.5	51	52.5	69.5	33	26	25	26.5	35.5	69	30	20.5	9	
57.5	33.5	23	53.5	32.5	20	50.5	13.5	52	57.5	35.5	56.5	32.5	6	57.5	58.5	52	0	9	21.5	41.5	35	25	31.5	26.5	28	26.5	39.5	44	60.5	20.5	10	18.5	37	9.5	46.5	28	21.5	21.5	49	38.5	4.5	38.5	17	37.5	2	19.5	40.5	28.5	18	47	50.5	20	3.5	22.5	53	15	20	15.5	32.5	21.5	12.5	30	30.5	37	5.5	43.5	21	32	27	31.5	18.5	19	38	62.5	43	
58.5	42.5	32	52.5	41.5	29	49.5	22.5	51	56.5	40.5	49.5	41.5	15	56.5	57.5	49	9	0	30.5	40.5	34	34	30.5	25.5	37	35.5	48.5	53	59.5	24.5	19	17.5	46	13.5	45.5	19	30.5	30.5	48	37.5	8.5	37.5	16	36.5	11	18.5	49.5	32.5	17	56	59.5	19	7.5	31.5	48	14	29	24.5	31.5	20.5	21.5	29	39.5	46	9.5	52.5	20	31	26	29.5	17.5	28	37	61.5	42	
36	12	30.5	55	11	33.5	58	8	73.5	79	14	52	39	27.5	61	70	51.5	21.5	30.5	0	47	48.5	28.5	37	42	30.5	5	46	34.5	78	38	16.5	40	41.5	31	62	35.5	28	32	54.5	60	26	50	38.5	51	23.5	41	47	30	39.5	41.5	43	41.5	25	29	50.5	36.5	26.5	22	36	43	19	51.5	37	31.5	27	50	42.5	41.5	48.5	27	40	25.5	59.5	66	60.5	
51	35	30.5	20	36	33.5	23	55	46.5	46	33	17	66	47.5	26	35	16.5	41.5	40.5	47	0	18.5	38.5	22	27	45.5	42	69	49.5	43	33	51.5	35	56.5	44	27	25.5	57	37	19.5	45	41	3	36.5	4	43.5	34	68	25	35.5	56.5	58	33.5	40	56	15.5	36.5	53.5	57	21	32	54	36.5	58	46.5	42	65	27.5	21.5	33.5	22	23	60.5	40.5	31	25.5	
52.5	36.5	32	26.5	37.5	35	29.5	48.5	53	52.5	34.5	23.5	67.5	41	32.5	41.5	23	35	34	48.5	18.5	0	40	23.5	28.5	47	43.5	70.5	51	49.5	34.5	45	28.5	58	39.5	33.5	27	56.5	38.5	26	43.5	34.5	21.5	32	22.5	37	35.5	69.5	26.5	33	58	59.5	35	33.5	57.5	22	30	55	50.5	22.5	31.5	47.5	35	59.5	48	35.5	66.5	26	23	32	23.5	23.5	54	43	37.5	32	
32.5	16.5	22	46.5	17.5	25	49.5	28.5	73	72.5	14.5	43.5	47.5	31	52.5	61.5	43	25	34	28.5	38.5	40	0	28.5	33.5	27	23.5	50.5	31	69.5	29.5	25	43.5	38	34.5	53.5	27	36.5	23.5	46	63.5	29.5	41.5	42	42.5	27	40.5	49.5	21.5	43	38	39.5	45	28.5	37.5	42	40	35	30.5	27.5	46.5	27.5	55	39.5	28	30.5	46.5	46	33	52	18.5	43.5	34	63	57.5	52	
41	25	20.5	30	26	23.5	33	45	56.5	56	23	27	56	37.5	36	45	26.5	31.5	30.5	37	22	23.5	28.5	0	5	35.5	32	59	39.5	53	23	41.5	35	46.5	34	37	15.5	47	27	29.5	55	31	25	31.5	26	33.5	12	58	15	30.5	46.5	48	28.5	30	46	25.5	31.5	43.5	47	1	32	44	46.5	48	36.5	32	55	37.5	16.5	43.5	12	35	50.5	50.5	41	35.5	
46	30	25.5	35	31	28.5	38	40	61.5	61	28	32	59	32.5	41	50	31.5	26.5	25.5	42	27	28.5	33.5	5	0	40.5	37	64	44.5	58	28	36.5	30	51.5	31	42	20.5	48	32	34.5	50	26	30	28.5	31	28.5	7	63	20	29.5	51.5	53	31.5	25	49	30.5	26.5	46.5	42	6	33	39	41.5	53	41.5	27	60	32.5	21.5	38.5	17	30	45.5	49.5	46	40.5	
29.5	18.5	29	53.5	19.5	32	56.5	26.5	80	79.5	16.5	50.5	40.5	34	59.5	68.5	50	28	37	30.5	45.5	47	27	35.5	40.5	0	25.5	47.5	28	76.5	36.5	18	46.5	35	37.5	60.5	34	29.5	30.5	53	66.5	32.5	48.5	45	49.5	30	47.5	46.5	28.5	46	35	36.5	48	31.5	30.5	49	43	8	23.5	34.5	49.5	20.5	58	36.5	25	33.5	43.5	49	40	55	25.5	46.5	27	66	64.5	59	
31	7	25.5	50	6	28.5	53	13	76.5	76	9	47	44	32.5	56	65	46.5	26.5	35.5	5	42	43.5	23.5	32	37	25.5	0	49	29.5	73	33	21.5	45	36.5	36	57	30.5	33	27	49.5	65	31	45	43.5	46	28.5	44	48	25	44.5	36.5	38	46.5	30	34	45.5	41.5	31.5	27	31	48	24	56.5	38	26.5	32	45	47.5	36.5	53.5	22	45	30.5	64.5	61	55.5	
18	42	52.5	77	43	55.5	80	38	91.5	97	40	74	27	45.5	83	92	73.5	39.5	48.5	46	69	70.5	50.5	59	64	47.5	49	0	31.5	100	60	29.5	58	36.5	49	84	57.5	36	54	76.5	78	44	72	56.5	73	41.5	59	1	52	57.5	28.5	11	59.5	43	37	72.5	54.5	39.5	30	58	61	27	69.5	35	38.5	45	4	60.5	63.5	66.5	49	58	28.5	77.5	88	82.5	
13.5	22.5	33	57.5	23.5	36	60.5	42.5	84	83.5	20.5	54.5	28.5	50	63.5	72.5	54	44	53	34.5	49.5	51	31	39.5	44.5	28	29.5	31.5	0	80.5	40.5	34	62.5	7	51.5	64.5	38	34.5	34.5	57	82.5	48.5	52.5	59	53.5	46	51.5	30.5	32.5	58	19	20.5	56	47.5	33.5	53	59	36	34.5	38.5	59.5	31.5	74	25.5	19	49.5	27.5	65	44	71	29.5	62.5	33	78	68.5	63	
82	66	61.5	31	67	64.5	34	74	32.5	3	64	28	93	66.5	27	26	32.5	60.5	59.5	78	43	49.5	69.5	53	58	76.5	73	100	80.5	0	64	70.5	54	87.5	65	38	56.5	82	68	35.5	34	60	46	57.5	47	62.5	65	99	56	58.5	87.5	89	60.5	59	83	31.5	55.5	80.5	76	52	57	73	30.5	89	77.5	61	96	41.5	52.5	37.5	53	44	79.5	38.5	22	41.5	
42	26	21.5	41	27	24.5	44	34	67.5	67	24	38	53	26.5	47	56	37.5	20.5	24.5	38	33	34.5	29.5	23	28	36.5	33	60	40.5	64	0	30.5	34	47.5	11	48	21.5	42	28	40.5	54	16	36	32.5	37	22.5	35	59	8	33.5	47.5	49	35.5	17	43	36.5	30.5	40.5	36	22	37	33	45.5	49	37.5	15	56	36.5	27.5	42.5	11	34	39.5	53.5	52	46.5	
47.5	28.5	33	63.5	27.5	30	60.5	8.5	62	67.5	30.5	66.5	22.5	16	67.5	68.5	62	10	19	16.5	51.5	45	25	41.5	36.5	18	21.5	29.5	34	70.5	30.5	0	28.5	27	19.5	56.5	38	11.5	26.5	59	48.5	14.5	48.5	27	47.5	12	29.5	30.5	38.5	28	37	40.5	30	13.5	12.5	63	25	10	5.5	42.5	31.5	2.5	40	20.5	27	15.5	33.5	31	42	37	41.5	28.5	9	48	72.5	53	
64	48	41.5	43	49	38.5	44	32	45.5	51	46	40	51	24.5	49	52	39.5	18.5	17.5	40	35	28.5	43.5	35	30	46.5	45	58	62.5	54	34	28.5	0	55.5	23	40	36.5	40	40	42.5	32	18	32	15.5	31	20.5	23	59	38	16.5	65.5	69	18.5	17	41	38.5	13.5	38.5	34	34	3	31	23.5	49	55.5	19	62	14.5	30.5	20.5	35	12	37.5	31.5	54	36.5	
20.5	29.5	40	64.5	30.5	43	67.5	35.5	89	90.5	27.5	61.5	29.5	43	70.5	79.5	61	37	46	41.5	56.5	58	38	46.5	51.5	35	36.5	36.5	7	87.5	47.5	27	55.5	0	46.5	71.5	45	33.5	41.5	64	75.5	41.5	59.5	54	60.5	39	56.5	37.5	39.5	55	26	27.5	57	40.5	34.5	60	52	37	27.5	45.5	58.5	24.5	67	32.5	26	42.5	34.5	58	51	64	36.5	55.5	26	75	75.5	70	
53	37	32.5	52	38	29.5	55	23	56.5	62	35	49	42	15.5	58	63	48.5	9.5	13.5	31	44	39.5	34.5	34	31	37.5	36	49	51.5	65	11	19.5	23	46.5	0	51	32.5	31	31	51.5	43	5	43	21.5	42	11.5	24	50	19	22.5	56.5	60	24.5	6	32	47.5	19.5	29.5	25	33	26	22	34.5	40	46.5	4	53	25.5	36.5	31.5	22	23	28.5	42.5	63	47.5	
66	50	45.5	7	51	48.5	4	60	41.5	41	48	10	79	52.5	21	30	16.5	46.5	45.5	62	27	33.5	53.5	37	42	60.5	57	84	64.5	38	48	56.5	40	71.5	51	0	40.5	68	52	19.5	30	46	30	43.5	31	48.5	49	83	40	44.5	71.5	73	46.5	45	69	15.5	41.5	66.5	62	36	43	59	21.5	73	61.5	47	80	27.5	36.5	23.5	37	30	65.5	29.5	26	25.5	
39.5	23.5	19	33.5	24.5	22	36.5	41.5	60	59.5	21.5	30.5	54.5	34	39.5	48.5	30	28	19	35.5	25.5	27	27	15.5	20.5	34	30.5	57.5	38	56.5	21.5	38	36.5	45	32.5	40.5	0	45.5	25.5	33	56.5	27.5	28.5	35	29.5	30	27.5	56.5	13.5	34	45	46.5	32	26.5	44.5	29	33	42	43.5	14.5	35.5	40.5	48	46.5	35	28.5	53.5	39	20	45	10.5	36.5	47	54	44.5	39	
36	30	40.5	65	31	41.5	68	20	73.5	79	28	62	29	27.5	71	80	61.5	21.5	30.5	28	57	56.5	36.5	47	48	29.5	33	36	34.5	82	42	11.5	40	33.5	31	68	45.5	0	38	64.5	60	26	60	38.5	59	23.5	41	37	40	39.5	41.5	43	41.5	25	1	60.5	36.5	21.5	6	46	43	9	51.5	27	31.5	27	40	42.5	51.5	48.5	37	40	15.5	59.5	76	64.5	
36	20	20.5	45	21	23.5	48	30	71.5	71	18	42	49	27.5	51	60	41.5	21.5	30.5	32	37	38.5	23.5	27	32	30.5	27	54	34.5	68	28	26.5	40	41.5	31	52	25.5	38	0	44.5	60	26	40	38.5	41	23.5	39	53	20	39.5	41.5	43	41.5	25	39	40.5	36.5	36.5	32	26	43	29	51.5	43	31.5	27	50	42.5	31.5	48.5	17	40	35.5	59.5	56	50.5	
58.5	42.5	38	12.5	43.5	41	15.5	62.5	39	38.5	40.5	9.5	73.5	55	18.5	27.5	3	49	48	54.5	19.5	26	46	29.5	34.5	53	49.5	76.5	57	35.5	40.5	59	42.5	64	51.5	19.5	33	64.5	44.5	0	37.5	48.5	22.5	44	23.5	51	41.5	75.5	32.5	43	64	65.5	41	47.5	63.5	4	44	61	64.5	28.5	39.5	61.5	29	65.5	54	49.5	72.5	30	29	22	29.5	32.5	68	33	23.5	6	
84	68	61.5	33	69	58.5	34	52	25.5	31	66	30	71	44.5	19	32	34.5	38.5	37.5	60	45	43.5	63.5	55	50	66.5	65	78	82.5	34	54	48.5	32	75.5	43	30	56.5	60	60	37.5	0	38	42	35.5	41	40.5	43	79	58	36.5	85.5	89	38.5	37	61	33.5	33.5	58.5	54	54	35	51	8.5	69	75.5	39	82	19.5	50.5	15.5	55	22	57.5	16.5	34	31.5	
58	38	27.5	53	37	24.5	50	18	51.5	57	40	54	37	10.5	57	58	51.5	4.5	8.5	26	41	34.5	29.5	31	26	32.5	31	44	48.5	60	16	14.5	18	41.5	5	46	27.5	26	26	48.5	38	0	38	16.5	37	6.5	19	45	24	17.5	51.5	55	19.5	1	27	52.5	14.5	24.5	20	32	21	17	29.5	35	41.5	1	48	20.5	31.5	26.5	27	18	23.5	37.5	62	42.5	
54	38	33.5	23	39	36.5	26	52	49.5	49	36	20	69	44.5	29	38	19.5	38.5	37.5	50	3	21.5	41.5	25	30	48.5	45	72	52.5	46	36	48.5	32	59.5	43	30	28.5	60	40	22.5	42	38	0	35.5	1	40.5	37	71	28	36.5	59.5	61	36.5	37	59	18.5	33.5	56.5	54	24	35	51	33.5	61	49.5	39	68	24.5	24.5	30.5	25	20	57.5	41.5	34	28.5	
60.5	44.5	40	44.5	45.5	37	47.5	30.5	49	54.5	42.5	41.5	49.5	23	50.5	55.5	41	17	16	38.5	36.5	32	42	31.5	28.5	45	43.5	56.5	59	57.5	32.5	27	15.5	54	21.5	43.5	35	38.5	38.5	44	35.5	16.5	35.5	0	34.5	19	21.5	57.5	34.5	1	64	67.5	3	15.5	39.5	40	2	37	32.5	30.5	18.5	29.5	27	47.5	54	17.5	60.5	18	15	24	31.5	15.5	36	35	55.5	40	
55	39	34.5	24	40	37.5	27	51	50.5	50	37	21	70	43.5	30	39	20.5	37.5	36.5	51	4	22.5	42.5	26	31	49.5	46	73	53.5	47	37	47.5	31	60.5	42	31	29.5	59	41	23.5	41	37	1	34.5	0	39.5	38	72	29	35.5	60.5	62	37.5	36	60	19.5	32.5	57.5	53	25	34	50	32.5	62	50.5	38	69	23.5	25.5	29.5	26	19	56.5	40.5	35	29.5	
55.5	35.5	21	55.5	34.5	18	52.5	15.5	54	59.5	37.5	56.5	34.5	4	59.5	60.5	54	2	11	23.5	43.5	37	27	33.5	28.5	30	28.5	41.5	46	62.5	22.5	12	20.5	39	11.5	48.5	30	23.5	23.5	51	40.5	6.5	40.5	19	39.5	0	21.5	42.5	30.5	20	49	52.5	22	5.5	24.5	55	17	22	17.5	34.5	23.5	14.5	32	32.5	39	7.5	45.5	23	34	29	31.5	20.5	21	40	64.5	45	
53	37	32.5	42	38	35.5	45	33	56.5	62	35	39	52	25.5	48	57	38.5	19.5	18.5	41	34	35.5	40.5	12	7	47.5	44	59	51.5	65	35	29.5	23	56.5	24	49	27.5	41	39	41.5	43	19	37	21.5	38	21.5	0	60	27	22.5	58.5	60	24.5	18	42	37.5	19.5	39.5	35	13	26	32	34.5	50	48.5	20	63	25.5	28.5	31.5	24	23	38.5	42.5	53	47.5	
17	41	51.5	76	42	54.5	79	39	92.5	98	39	73	28	46.5	82	91	72.5	40.5	49.5	47	68	69.5	49.5	58	63	46.5	48	1	30.5	99	59	30.5	59	37.5	50	83	56.5	37	53	75.5	79	45	71	57.5	72	42.5	60	0	51	58.5	27.5	10	60.5	44	38	71.5	55.5	40.5	31	57	62	28	70.5	36	37.5	46	3	61.5	62.5	67.5	48	59	29.5	78.5	87	81.5	
34	18	13.5	33	19	16.5	36	38	59.5	59	16	30	49	30.5	39	48	29.5	28.5	32.5	30	25	26.5	21.5	15	20	28.5	25	52	32.5	56	8	38.5	38	39.5	19	40	13.5	40	20	32.5	58	24	28	34.5	29	30.5	27	51	0	33.5	39.5	41	31.5	25	39	28.5	36.5	36.5	44	14	35	41	53.5	41	29.5	23	48	44.5	19.5	50.5	3	42	47.5	53.5	44	38.5	
59.5	43.5	39	43.5	44.5	38	46.5	31.5	50	55.5	41.5	40.5	50.5	24	49.5	56.5	40	18	17	39.5	35.5	33	43	30.5	29.5	46	44.5	57.5	58	58.5	33.5	28	16.5	55	22.5	44.5	34	39.5	39.5	43	36.5	17.5	36.5	1	35.5	20	22.5	58.5	33.5	0	65	66.5	2	16.5	40.5	39	3	38	33.5	29.5	19.5	30.5	28	48.5	55	18.5	61.5	19	14	25	30.5	16.5	37	36	54.5	41	
10.5	29.5	40	64.5	30.5	43	67.5	45.5	91	90.5	27.5	61.5	30.5	53	70.5	79.5	61	47	56	41.5	56.5	58	38	46.5	51.5	35	36.5	28.5	19	87.5	47.5	37	65.5	26	56.5	71.5	45	41.5	41.5	64	85.5	51.5	59.5	64	60.5	49	58.5	27.5	39.5	65	0	17.5	63	50.5	40.5	60	62	43	37.5	45.5	66.5	34.5	77	32.5	26	52.5	24.5	68	51	74	36.5	65.5	36	85	75.5	70	
7	31	41.5	66	32	44.5	69	49	92.5	92	29	63	32	56.5	72	81	62.5	50.5	59.5	43	58	59.5	39.5	48	53	36.5	38	11	20.5	89	49	40.5	69	27.5	60	73	46.5	43	43	65.5	89	55	61	67.5	62	52.5	60	10	41	66.5	17.5	0	64.5	54	42	61.5	65.5	44.5	41	47	68	38	80.5	34	27.5	56	7	71.5	52.5	77.5	38	69	39.5	86.5	77	71.5	
57.5	41.5	37	41.5	42.5	40	44.5	33.5	52	57.5	39.5	38.5	52.5	26	47.5	56.5	38	20	19	41.5	33.5	35	45	28.5	31.5	48	46.5	59.5	56	60.5	35.5	30	18.5	57	24.5	46.5	32	41.5	41.5	41	38.5	19.5	36.5	3	37.5	22	24.5	60.5	31.5	2	63	64.5	0	18.5	42.5	37	5	40	35.5	27.5	21.5	32.5	30	50.5	53	20.5	63.5	21	12	27	28.5	18.5	39	38	52.5	43	
59	37	26.5	52	36	23.5	49	17	50.5	56	39	55	36	9.5	56	57	50.5	3.5	7.5	25	40	33.5	28.5	30	25	31.5	30	43	47.5	59	17	13.5	17	40.5	6	45	26.5	25	25	47.5	37	1	37	15.5	36	5.5	18	44	25	16.5	50.5	54	18.5	0	26	51.5	13.5	23.5	19	31	20	16	28.5	34	40.5	2	47	19.5	30.5	25.5	28	17	22.5	36.5	61	41.5	
35	29	39.5	64	30	42.5	67	21	74.5	80	27	61	30	28.5	70	79	60.5	22.5	31.5	29	56	57.5	37.5	46	49	30.5	34	37	33.5	83	43	12.5	41	34.5	32	69	44.5	1	39	63.5	61	27	59	39.5	60	24.5	42	38	39	40.5	40.5	42	42.5	26	0	59.5	37.5	22.5	7	45	44	10	52.5	28	30.5	28	41	43.5	50.5	49.5	36	41	16.5	60.5	75	65.5	
54.5	38.5	34	8.5	39.5	37	11.5	58.5	35	34.5	36.5	5.5	69.5	51	14.5	23.5	1	53	48	50.5	15.5	22	42	25.5	30.5	49	45.5	72.5	53	31.5	36.5	63	38.5	60	47.5	15.5	29	60.5	40.5	4	33.5	52.5	18.5	40	19.5	55	37.5	71.5	28.5	39	60	61.5	37	51.5	59.5	0	42	57	66.5	24.5	35.5	65.5	33	61.5	50	51.5	68.5	34	25	26	25.5	36.5	68	29	19.5	10	
62.5	46.5	38	46.5	47.5	35	45.5	28.5	47	52.5	44.5	43.5	47.5	21	52.5	53.5	43	15	14	36.5	36.5	30	40	31.5	26.5	43	41.5	54.5	59	55.5	30.5	25	13.5	52	19.5	41.5	33	36.5	36.5	44	33.5	14.5	33.5	2	32.5	17	19.5	55.5	36.5	3	62	65.5	5	13.5	37.5	42	0	35	30.5	32.5	16.5	27.5	25	45.5	52	15.5	58.5	16	17	22	33.5	13.5	34	33	57.5	38	
37.5	26.5	37	61.5	27.5	40	64.5	18.5	72	77.5	24.5	58.5	32.5	26	67.5	76.5	58	20	29	26.5	53.5	55	35	43.5	46.5	8	31.5	39.5	36	80.5	40.5	10	38.5	37	29.5	66.5	42	21.5	36.5	61	58.5	24.5	56.5	37	57.5	22	39.5	40.5	36.5	38	43	44.5	40	23.5	22.5	57	35	0	15.5	42.5	41.5	12.5	50	30.5	33	25.5	43.5	41	48	47	33.5	38.5	19	58	72.5	63	
42	34	38.5	69	33	35.5	66	14	67.5	73	34	68	23	21.5	73	74	67.5	15.5	24.5	22	57	50.5	30.5	47	42	23.5	27	30	34.5	76	36	5.5	34	27.5	25	62	43.5	6	32	64.5	54	20	54	32.5	53	17.5	35	31	44	33.5	37.5	41	35.5	19	7	66.5	30.5	15.5	0	48	37	3	45.5	21	27.5	21	34	36.5	47.5	42.5	43	34	9.5	53.5	78	58.5	
40	24	19.5	29	25	22.5	32	44	55.5	55	22	26	55	36.5	35	44	25.5	32.5	31.5	36	21	22.5	27.5	1	6	34.5	31	58	38.5	52	22	42.5	34	45.5	33	36	14.5	46	26	28.5	54	32	24	30.5	25	34.5	13	57	14	29.5	45.5	47	27.5	31	45	24.5	32.5	42.5	48	0	31	45	47.5	47	35.5	33	54	38.5	15.5	44.5	11	36	51.5	49.5	40	34.5	
61	45	40.5	40	46	41.5	43	35	48.5	54	43	37	54	27.5	46	55	36.5	21.5	20.5	43	32	31.5	46.5	32	33	49.5	48	61	59.5	57	37	31.5	3	58.5	26	43	35.5	43	43	39.5	35	21	35	18.5	34	23.5	26	62	35	19.5	66.5	68	21.5	20	44	35.5	16.5	41.5	37	31	0	34	26.5	52	56.5	22	65	17.5	31.5	23.5	32	15	40.5	34.5	51	39.5	
45	31	35.5	66	30	32.5	63	11	64.5	70	33	69	20	18.5	70	71	64.5	12.5	21.5	19	54	47.5	27.5	44	39	20.5	24	27	31.5	73	33	2.5	31	24.5	22	59	40.5	9	29	61.5	51	17	51	29.5	50	14.5	32	28	41	30.5	34.5	38	32.5	16	10	65.5	27.5	12.5	3	45	34	0	42.5	18	24.5	18	31	33.5	44.5	39.5	44	31	6.5	50.5	75	55.5	
87.5	63.5	53	28.5	62.5	50	25.5	43.5	22	27.5	65.5	31.5	62.5	36	27.5	28.5	32	30	29	51.5	36.5	35	55	46.5	41.5	58	56.5	69.5	74	30.5	45.5	40	23.5	67	34.5	21.5	48	51.5	51.5	29	8.5	29.5	33.5	27	32.5	32	34.5	70.5	53.5	28	77	80.5	30	28.5	52.5	33	25	50	45.5	47.5	26.5	42.5	0	60.5	67	30.5	73.5	11	42	7	56.5	13.5	49	8	32.5	23	
27	31	41.5	66	32	44.5	69	29	82.5	88	29	63	28	36.5	72	81	62.5	30.5	39.5	37	58	59.5	39.5	48	53	36.5	38	35	25.5	89	49	20.5	49	32.5	40	73	46.5	27	43	65.5	69	35	61	47.5	62	32.5	50	36	41	48.5	32.5	34	50.5	34	28	61.5	45.5	30.5	21	47	52	18	60.5	0	27.5	36	39	51.5	52.5	57.5	38	49	19.5	68.5	77	71.5	
20.5	19.5	30	54.5	20.5	33	57.5	35.5	81	80.5	17.5	51.5	35.5	43	60.5	69.5	51	37	46	31.5	46.5	48	28	36.5	41.5	25	26.5	38.5	19	77.5	37.5	27	55.5	26	46.5	61.5	35	31.5	31.5	54	75.5	41.5	49.5	54	50.5	39	48.5	37.5	29.5	55	26	27.5	53	40.5	30.5	50	52	33	27.5	35.5	56.5	24.5	67	27.5	0	42.5	34.5	58	41	64	26.5	55.5	18	75	65.5	60	
57	39	28.5	54	38	25.5	51	19	52.5	58	39	53	38	11.5	58	59	52.5	5.5	9.5	27	42	35.5	30.5	32	27	33.5	32	45	49.5	61	15	15.5	19	42.5	4	47	28.5	27	27	49.5	39	1	39	17.5	38	7.5	20	46	23	18.5	52.5	56	20.5	2	28	51.5	15.5	25.5	21	33	22	18	30.5	36	42.5	0	49	21.5	32.5	27.5	26	19	24.5	38.5	63	43.5	
14	38	48.5	73	39	51.5	76	42	95.5	99	36	70	31	49.5	79	88	69.5	43.5	52.5	50	65	66.5	46.5	55	60	43.5	45	4	27.5	96	56	33.5	62	34.5	53	80	53.5	40	50	72.5	82	48	68	60.5	69	45.5	63	3	48	61.5	24.5	7	63.5	47	41	68.5	58.5	43.5	34	54	65	31	73.5	39	34.5	49	0	64.5	59.5	70.5	45	62	32.5	81.5	84	78.5	
76.5	54.5	44	34.5	53.5	41	31.5	34.5	33	38.5	56.5	37.5	53.5	27	38.5	39.5	33	21	20	42.5	27.5	26	46	37.5	32.5	49	47.5	60.5	65	41.5	36.5	31	14.5	58	25.5	27.5	39	42.5	42.5	30	19.5	20.5	24.5	18	23.5	23	25.5	61.5	44.5	19	68	71.5	21	19.5	43.5	34	16	41	36.5	38.5	17.5	33.5	11	51.5	58	21.5	64.5	0	33	8	47.5	4.5	40	19	43.5	24	
45.5	29.5	25	29.5	30.5	28	32.5	45.5	56	55.5	27.5	26.5	60.5	38	35.5	44.5	26	32	31	41.5	21.5	23	33	16.5	21.5	40	36.5	63.5	44	52.5	27.5	42	30.5	51	36.5	36.5	20	51.5	31.5	29	50.5	31.5	24.5	15	25.5	34	28.5	62.5	19.5	14	51	52.5	12	30.5	50.5	25	17	48	47.5	15.5	31.5	44.5	42	52.5	41	32.5	59.5	33	0	39	16.5	30.5	51	50	40.5	35	
80.5	60.5	50	30.5	59.5	47	27.5	40.5	29	34.5	62.5	31.5	59.5	33	34.5	35.5	25	27	26	48.5	33.5	32	52	43.5	38.5	55	53.5	66.5	71	37.5	42.5	37	20.5	64	31.5	23.5	45	48.5	48.5	22	15.5	26.5	30.5	24	29.5	29	31.5	67.5	50.5	25	74	77.5	27	25.5	49.5	26	22	47	42.5	44.5	23.5	39.5	7	57.5	64	27.5	70.5	8	39	0	51.5	10.5	46	15	39.5	16	
31	15	10.5	30	16	13.5	33	35	56.5	56	13	27	46	27.5	36	45	26.5	31.5	29.5	27	22	23.5	18.5	12	17	25.5	22	49	29.5	53	11	41.5	35	36.5	22	37	10.5	37	17	29.5	55	27	25	31.5	26	31.5	24	48	3	30.5	36.5	38	28.5	28	36	25.5	33.5	33.5	43	11	32	44	56.5	38	26.5	26	45	47.5	16.5	51.5	0	45	44.5	50.5	41	35.5	
74	52	41.5	37	51	38.5	34	32	35.5	41	54	40	51	24.5	41	42	35.5	18.5	17.5	40	23	23.5	43.5	35	30	46.5	45	58	62.5	44	34	28.5	12	55.5	23	30	36.5	40	40	32.5	22	18	20	15.5	19	20.5	23	59	42	16.5	65.5	69	18.5	17	41	36.5	13.5	38.5	34	36	15	31	13.5	49	55.5	19	62	4.5	30.5	10.5	45	0	37.5	21.5	46	26.5	
38.5	37.5	42	72.5	36.5	39	69.5	17.5	71	76.5	35.5	69.5	21.5	25	76.5	77.5	69	19	28	25.5	60.5	54	34	50.5	45.5	27	30.5	28.5	33	79.5	39.5	9	37.5	26	28.5	65.5	47	15.5	35.5	68	57.5	23.5	57.5	36	56.5	21	38.5	29.5	47.5	37	36	39.5	39	22.5	16.5	68	34	19	9.5	51.5	40.5	6.5	49	19.5	18	24.5	32.5	40	51	46	44.5	37.5	0	57	81.5	62	
79.5	63.5	59	28.5	64.5	58	31.5	51.5	30	35.5	61.5	25.5	70.5	44	29.5	36.5	30	38	37	59.5	40.5	43	63	50.5	49.5	66	64.5	77.5	78	38.5	53.5	48	31.5	75	42.5	29.5	54	59.5	59.5	33	16.5	37.5	41.5	35	40.5	40	42.5	78.5	53.5	36	85	86.5	38	36.5	60.5	29	33	58	53.5	49.5	34.5	50.5	8	68.5	75	38.5	81.5	19	50	15	50.5	21.5	57	0	34.5	31	
70	54	49.5	19	55	52.5	22	74	25.5	25	52	16	85	66.5	15	4	20.5	62.5	61.5	66	31	37.5	57.5	41	46	64.5	61	88	68.5	22	52	72.5	54	75.5	63	26	44.5	76	56	23.5	34	62	34	55.5	35	64.5	53	87	44	54.5	75.5	77	52.5	61	75	19.5	57.5	72.5	78	40	51	75	32.5	77	65.5	63	84	43.5	40.5	39.5	41	46	81.5	34.5	0	29.5	
64.5	48.5	44	18.5	49.5	47	21.5	56.5	45	44.5	46.5	15.5	75.5	49	24.5	33.5	9	43	42	60.5	25.5	32	52	35.5	40.5	59	55.5	82.5	63	41.5	46.5	53	36.5	70	47.5	25.5	39	64.5	50.5	6	31.5	42.5	28.5	40	29.5	45	47.5	81.5	38.5	41	70	71.5	43	41.5	65.5	10	38	63	58.5	34.5	39.5	55.5	23	71.5	60	43.5	78.5	24	35	16	35.5	26.5	62	31	29.5	0	
