Number of items: 75
Horizon: 3
Time limit: 750
Load limit: 4500
Initial item inventory level
26
91
148
166
68
82
50
136
68
73
96
53
30
82
30
140
38
168
24
23
25
174
66
52
15
87
174
100
98
39
21
72
92
118
41
106
18
170
74
66
198
50
56
33
100
198
60
34
130
182
14
54
92
158
93
32
40
10
82
58
98
184
77
49
39
84
138
36
51
73
160
10
196
68
42
Maximum inventory capacity per item
39
182
222
249
136
123
75
204
102
146
192
106
60
164
45
210
76
252
48
46
50
261
132
104
30
174
261
150
147
78
42
144
184
177
82
159
36
255
148
99
297
100
112
66
150
297
120
68
195
273
28
108
138
237
186
48
60
20
123
87
196
276
154
98
78
168
207
72
102
146
240
20
294
136
84
Reserve storage replenishment rate per item and per period
78	0	0	
546	0	0	
444	0	0	
498	0	0	
408	0	0	
246	0	0	
150	0	0	
408	0	0	
204	0	0	
438	0	0	
576	0	0	
318	0	0	
180	0	0	
492	0	0	
90	0	0	
420	0	0	
228	0	0	
504	0	0	
144	0	0	
138	0	0	
150	0	0	
522	0	0	
396	0	0	
312	0	0	
90	0	0	
522	0	0	
522	0	0	
300	0	0	
294	0	0	
234	0	0	
126	0	0	
432	0	0	
552	0	0	
354	0	0	
246	0	0	
318	0	0	
108	0	0	
510	0	0	
444	0	0	
198	0	0	
594	0	0	
300	0	0	
336	0	0	
198	0	0	
300	0	0	
594	0	0	
360	0	0	
204	0	0	
390	0	0	
546	0	0	
84	0	0	
324	0	0	
276	0	0	
474	0	0	
558	0	0	
96	0	0	
120	0	0	
60	0	0	
246	0	0	
174	0	0	
588	0	0	
552	0	0	
462	0	0	
294	0	0	
234	0	0	
504	0	0	
414	0	0	
216	0	0	
306	0	0	
438	0	0	
480	0	0	
60	0	0	
588	0	0	
408	0	0	
252	0	0	
Forward storage demand rate per item and per period
13	11	15	
91	80	134	
74	44	108	
83	44	116	
68	71	71	
41	25	37	
25	29	26	
68	67	60	
34	31	32	
73	103	125	
96	68	79	
53	48	53	
30	49	40	
82	76	55	
15	7	4	
70	45	73	
38	5	37	
84	26	159	
24	26	12	
23	34	30	
25	27	47	
87	72	71	
66	80	92	
52	17	26	
15	15	13	
87	129	79	
87	43	130	
50	45	28	
49	56	53	
39	48	49	
21	21	29	
72	96	35	
92	128	81	
59	65	76	
41	37	17	
53	44	15	
18	9	14	
85	74	72	
74	68	100	
33	12	22	
99	107	82	
50	48	73	
56	30	56	
33	25	39	
50	57	46	
99	140	43	
60	76	90	
34	10	38	
65	11	88	
91	153	43	
14	18	16	
54	8	87	
46	47	53	
79	58	114	
93	31	114	
16	12	14	
20	19	18	
10	8	12	
41	30	54	
29	49	39	
98	136	166	
92	78	131	
77	90	112	
49	50	64	
39	45	54	
84	104	90	
69	56	3	
36	28	28	
51	29	48	
73	62	78	
80	71	120	
10	9	16	
98	151	73	
68	20	86	
42	60	57	
Distance matrix
0	74	21.5	71	58.5	53.5	12.5	33	67.5	18.5	64.5	71	31	47	86.5	37.5	24.5	75	61.5	37	69	41.5	85	42	25.5	45	42.5	35.5	40	85	30	69.5	42	68.5	32	65.5	50	77	29.5	48	75	69.5	93.5	77	41	73	84	90	55	10	24	46	32.5	72.5	24.5	79.5	30.5	45.5	44.5	75	35.5	72	58.5	37.5	53.5	71	50	85.5	51	99.5	8	21	12	83	30.5	74	
74	0	70.5	3	57.5	32.5	71.5	57	36.5	67.5	51.5	3	85	69	30.5	78.5	73.5	41	54.5	71	47	60.5	31	74	64.5	49	73.5	80.5	64	11	74	46.5	74	47.5	84	34.5	34	3	86.5	68	19	46.5	37.5	31	75	43	10	16	61	74	68	40	71.5	43.5	91.5	36.5	79.5	44.5	71.5	41	80.5	26	37.5	46.5	32.5	25	44	29.5	55	31.5	82	75	66	33	69.5	38	
21.5	70.5	0	67.5	45	50	19	29.5	64	3	59	67.5	32.5	41.5	83	16	3	53.5	42	33.5	59.5	38	73.5	36.5	22	41.5	31	28	36.5	81.5	26.5	64	36.5	65	31.5	62	46.5	73.5	34	40.5	71.5	64	90	73.5	27.5	55.5	80.5	78.5	33.5	21.5	20.5	42.5	29	51	39	74	9	42	39	53.5	28	68.5	55	34	50	67.5	46.5	82	47.5	84	29.5	22.5	13.5	65.5	27	70.5	
71	3	67.5	0	60.5	29.5	68.5	54	33.5	64.5	50.5	0	82	68	27.5	81.5	70.5	44	57.5	68	50	57.5	34	73	61.5	46	76.5	83.5	61	14	71	45.5	73	44.5	87	31.5	31	6	85.5	69	16	45.5	34.5	28	78	46	13	19	64	71	65	37	68.5	46.5	90.5	35.5	76.5	41.5	70.5	44	83.5	23	34.5	43.5	29.5	22	41	26.5	52	34.5	79	72	63	36	66.5	35	
58.5	57.5	45	60.5	0	43	54	33.5	39	48	22	60.5	35.5	19.5	60	29	42	16.5	3	29.5	22.5	25	36.5	24.5	41	26.5	24	31	26.5	46.5	36.5	27	24.5	28	34.5	41	41.5	54.5	37	18.5	66.5	27	53	44.5	25.5	18.5	47.5	41.5	11.5	56.5	42.5	35.5	34	14	42	37	36	31	22	16.5	31	49.5	38	21	43	50.5	31.5	61	20.5	47	58.5	45.5	50.5	28.5	36	37.5	
53.5	32.5	50	29.5	43	0	51	36.5	26	47	33	29.5	64.5	50.5	45	64	53	26.5	40	50.5	32.5	40	41.5	55.5	44	28.5	59	66	43.5	43.5	53.5	16	55.5	15	69.5	24	13.5	35.5	68	51.5	33.5	16	52	35.5	60.5	28.5	42.5	46.5	46.5	53.5	47.5	19.5	51	29	73	38	59	24	53	26.5	66	30.5	5	26	0	29.5	23.5	44	34.5	52	61.5	54.5	45.5	33.5	49	32.5	
12.5	71.5	19	68.5	54	51	0	30.5	65	16	62	68.5	28.5	44.5	84	35	22	62.5	51	34.5	66.5	39	82.5	39.5	23	42.5	40	23	37.5	82.5	27.5	67	39.5	66	30.5	63	47.5	74.5	17	45.5	72.5	67	91	74.5	36.5	64.5	81.5	87.5	42.5	12.5	21.5	43.5	30	60	32	77	28	43	42	62.5	23	69.5	56	35	51	68.5	47.5	83	48.5	93	20.5	18.5	9.5	74.5	28	71.5	
33	57	29.5	54	33.5	36.5	30.5	0	50.5	26.5	47.5	54	44	14	69.5	39.5	32.5	42	30.5	30	48	24.5	62	35	23.5	28	34.5	41.5	7	68	33	52.5	35	51.5	45	48.5	33	60	47.5	15	58	52.5	76.5	60	36	44	67	67	22	33	27	29	30.5	39.5	52.5	62.5	38.5	28.5	32.5	42	41.5	55	41.5	20.5	36.5	54	33	68.5	34	72.5	41	34	25	54	28.5	57	
67.5	36.5	64	33.5	39	26	65	50.5	0	61	33	33.5	66.5	50.5	49	60	67	22.5	36	60.5	28.5	54	27.5	55.5	58	42.5	55	62	57.5	37.5	67.5	28	55.5	29	65.5	2	27.5	39.5	68	49.5	37.5	28	44	35.5	56.5	24.5	38.5	32.5	42.5	67.5	61.5	33.5	65	25	73	28	67	38	53	22.5	62	34.5	31	40	26	33.5	37.5	48	46.5	38	75.5	68.5	59.5	19.5	63	28.5	
18.5	67.5	3	64.5	48	47	16	26.5	61	0	58	64.5	29.5	40.5	80	19	6	56.5	45	30.5	62.5	35	76.5	35.5	19	38.5	34	31	33.5	78.5	23.5	63	35.5	62	34.5	59	43.5	70.5	33	41.5	68.5	63	87	70.5	30.5	58.5	77.5	81.5	36.5	18.5	17.5	39.5	26	54	38	73	12	39	38	56.5	31	65.5	52	31	47	64.5	43.5	79	44.5	87	26.5	19.5	10.5	68.5	24	67.5	
64.5	51.5	59	50.5	22	33	62	47.5	33	58	0	50.5	49.5	33.5	54	43	56	10.5	19	43.5	16.5	39	30.5	38.5	55	35.5	38	45	40.5	40.5	50.5	21	38.5	22	48.5	35	29.5	48.5	51	32.5	54.5	21	47	38.5	39.5	12.5	41.5	35.5	25.5	64.5	56.5	30.5	48	8	56	31	50	35	36	10.5	45	43.5	32	37	33	44.5	30.5	55	29.5	41	72.5	59.5	56.5	22.5	50	31.5	
71	3	67.5	0	60.5	29.5	68.5	54	33.5	64.5	50.5	0	82	68	27.5	81.5	70.5	44	57.5	68	50	57.5	34	73	61.5	46	76.5	83.5	61	14	71	45.5	73	44.5	87	31.5	31	6	85.5	69	16	45.5	34.5	28	78	46	13	19	64	71	65	37	68.5	46.5	90.5	35.5	76.5	41.5	70.5	44	83.5	23	34.5	43.5	29.5	22	41	26.5	52	34.5	79	72	63	36	66.5	35	
31	85	32.5	82	35.5	64.5	28.5	44	66.5	29.5	49.5	82	0	32	87.5	16.5	29.5	44	32.5	32	50	42.5	64	27	36.5	54	21.5	13.5	39	74	29	54.5	27	55.5	17	68.5	61	82	19.5	31	86	54.5	80.5	72	18	46	75	69	24	31	35	57	31.5	41.5	24.5	64.5	23.5	56.5	29.5	44	13.5	77	65.5	48.5	64.5	78	59	88.5	48	74.5	39	10	19	56	33.5	65	
47	69	41.5	68	19.5	50.5	44.5	14	50.5	40.5	33.5	68	32	0	71.5	25.5	38.5	28	16.5	26	34	26.5	48	21	37.5	38	20.5	27.5	7	58	33	38.5	21	39.5	31	52.5	47	66	33.5	1	72	38.5	64.5	56	22	30	59	53	8	47	39	43	30.5	25.5	38.5	48.5	32.5	42.5	18.5	28	27.5	61	49.5	34.5	50.5	62	43	72.5	32	58.5	55	42	39	40	32.5	49	
86.5	30.5	83	27.5	60	45	84	69.5	49	80	54	27.5	87.5	71.5	0	81	86	43.5	57	81.5	49.5	73	33.5	76.5	77	61.5	76	83	76.5	33.5	86.5	49	76.5	50	86.5	47	46.5	33.5	89	70.5	21.5	49	7	41.5	77.5	45.5	34.5	28.5	63.5	86.5	80.5	52.5	84	46	94	39	88	57	74	43.5	83	38.5	50	59	45	37.5	56.5	1	67.5	13	94.5	87.5	78.5	35.5	82	44.5	
37.5	78.5	16	81.5	29	64	35	39.5	60	19	43	81.5	16.5	25.5	81	0	13	37.5	26	25.5	43.5	36	57.5	20.5	32	47.5	15	12	32.5	67.5	22.5	48	20.5	49	15.5	62	62.5	75.5	18	24.5	87.5	48	74	65.5	11.5	39.5	68.5	62.5	17.5	37.5	28.5	56.5	25	35	23	58	7	52	23	37.5	12	70.5	59	50	64	71.5	52.5	82	41.5	68	39.5	26.5	29.5	49.5	27	58.5	
24.5	73.5	3	70.5	42	53	22	32.5	67	6	56	70.5	29.5	38.5	86	13	0	50.5	39	36.5	56.5	41	70.5	33.5	25	44.5	28	25	39.5	80.5	29.5	61	33.5	62	28.5	65	49.5	76.5	31	37.5	74.5	61	87	76.5	24.5	52.5	81.5	75.5	30.5	24.5	23.5	45.5	32	48	36	71	6	45	36	50.5	25	71.5	58	37	53	70.5	49.5	85	50.5	81	32.5	25.5	16.5	62.5	30	71.5	
75	41	53.5	44	16.5	26.5	62.5	42	22.5	56.5	10.5	44	44	28	43.5	37.5	50.5	0	13.5	38	6	33.5	20	33	49.5	30	32.5	39.5	35	30	45	10.5	33	11.5	43	24.5	25	38	45.5	27	50	10.5	36.5	28	34	2	31	25	20	65	51	29	42.5	2.5	50.5	20.5	44.5	29.5	30.5	0	39.5	33	21.5	37.5	26.5	34	25	44.5	24	30.5	67	54	63	12	44.5	21	
61.5	54.5	42	57.5	3	40	51	30.5	36	45	19	57.5	32.5	16.5	57	26	39	13.5	0	26.5	19.5	22	33.5	21.5	38	23.5	21	28	23.5	43.5	33.5	24	21.5	25	31.5	38	38.5	51.5	34	15.5	63.5	24	50	41.5	22.5	15.5	44.5	38.5	8.5	53.5	39.5	32.5	31	11	39	34	33	28	19	13.5	28	46.5	35	24	40	47.5	28.5	58	17.5	44	55.5	42.5	51.5	25.5	33	34.5	
37	71	33.5	68	29.5	50.5	34.5	30	60.5	30.5	43.5	68	32	26	81.5	25.5	36.5	38	26.5	0	44	36.5	58	5	27.5	42	20.5	27.5	33	68	33	48.5	5	49.5	31	62.5	47	74	33.5	25	72	48.5	74.5	66	22	40	69	63	18	37	31	43	30.5	35.5	38.5	58.5	32.5	42.5	23.5	38	27.5	69	55.5	34.5	50.5	68	47	82.5	42	68.5	45	38	29	50	32.5	59	
69	47	59.5	50	22.5	32.5	66.5	48	28.5	62.5	16.5	50	50	34	49.5	43.5	56.5	6	19.5	44	0	39.5	26	39	55.5	36	38.5	45.5	41	36	51	16.5	39	17.5	49	30.5	19	44	51.5	33	54	16.5	42.5	34	40	4	37	31	26	69	57	35	48.5	8.5	56.5	26.5	50.5	35.5	36.5	6	45.5	39	27.5	41.5	32.5	40	31	50.5	30	36.5	73	60	61	18	50.5	27	
41.5	60.5	38	57.5	25	40	39	24.5	54	35	39	57.5	42.5	26.5	73	36	41	33.5	22	36.5	39.5	0	53.5	31.5	32	31.5	31	38	31.5	63.5	41.5	44	31.5	45	41.5	52	36.5	63.5	44	25.5	61.5	44	70	61.5	32.5	35.5	64.5	58.5	18.5	41.5	35.5	32.5	39	31	49	54	43	32	29	33.5	38	58.5	45	24	40	57.5	36.5	72	37.5	64	49.5	42.5	33.5	45.5	37	54.5	
85	31	73.5	34	36.5	41.5	82.5	62	27.5	76.5	30.5	34	64	48	33.5	57.5	70.5	20	33.5	58	26	53.5	0	53	69.5	50	52.5	59.5	55	20	65	25.5	53	26.5	63	29.5	45	28	65.5	47	40	25.5	26.5	8	54	22	21	15	40	85	71	49	62.5	22.5	70.5	15.5	64.5	49.5	50.5	20	59.5	13	36.5	57.5	41.5	14	45	34.5	44	20.5	87	74	77	12	64.5	21	
42	74	36.5	73	24.5	55.5	39.5	35	55.5	35.5	38.5	73	27	21	76.5	20.5	33.5	33	21.5	5	39	31.5	53	0	32.5	43	15.5	22.5	28	63	28	43.5	0	44.5	26	57.5	52	71	28.5	20	77	43.5	69.5	61	17	35	64	58	13	42	34	48	25.5	30.5	33.5	53.5	27.5	47.5	18.5	33	22.5	66	54.5	39.5	55.5	67	48	77.5	37	63.5	50	37	34	45	27.5	54	
25.5	64.5	22	61.5	41	44	23	23.5	58	19	55	61.5	36.5	37.5	77	32	25	49.5	38	27.5	55.5	32	69.5	32.5	0	35.5	17	34	30.5	75.5	25.5	60	32.5	59	37.5	56	40.5	67.5	40	36.5	65.5	60	84	67.5	28.5	51.5	74.5	74.5	29.5	25.5	19.5	36.5	7	47	45	70	31	36	35	49.5	34	62.5	49	28	44	61.5	40.5	76	41.5	80	33.5	26.5	17.5	61.5	5	64.5	
45	49	41.5	46	26.5	28.5	42.5	28	42.5	38.5	35.5	46	54	38	61.5	47.5	44.5	30	23.5	42	36	31.5	50	43	35.5	0	42.5	49.5	35	60	45	40.5	43	41.5	53	40.5	25	52	55.5	37	50	40.5	66.5	52	44	32	59	55	30	45	39	21	42.5	27.5	60.5	50.5	50.5	20.5	40.5	30	49.5	47	33.5	17.5	28.5	46	25	60.5	6	60.5	53	46	37	42	40.5	49	
42.5	73.5	31	76.5	24	59	40	34.5	55	34	38	76.5	21.5	20.5	76	15	28	32.5	21	20.5	38.5	31	52.5	15.5	17	42.5	0	17	27.5	62.5	22.5	43	15.5	44	20.5	57	57.5	70.5	23	19.5	82.5	43	69	60.5	11.5	34.5	63.5	57.5	12.5	42.5	28.5	51.5	10	30	28	53	22	47	18	32.5	17	65.5	54	45	59	66.5	47.5	77	36.5	63	44.5	31.5	34.5	44.5	12	53.5	
35.5	80.5	28	83.5	31	66	23	41.5	62	31	45	83.5	13.5	27.5	83	12	25	39.5	28	27.5	45.5	38	59.5	22.5	34	49.5	17	0	34.5	69.5	24.5	50	22.5	51	7.5	64	64.5	77.5	6	26.5	89.5	50	76	67.5	13.5	41.5	70.5	64.5	19.5	29.5	30.5	58.5	27	37	15	60	19	54	25	39.5	0	72.5	61	52	66	73.5	54.5	84	43.5	70	31.5	23.5	32.5	51.5	29	60.5	
40	64	36.5	61	26.5	43.5	37.5	7	57.5	33.5	40.5	61	39	7	76.5	32.5	39.5	35	23.5	33	41	31.5	55	28	30.5	35	27.5	34.5	0	65	40	45.5	28	46.5	38	55.5	40	67	40.5	8	65	45.5	71.5	63	29	37	66	60	15	40	34	36	37.5	32.5	45.5	55.5	39.5	35.5	25.5	35	34.5	62	48.5	27.5	43.5	61	40	75.5	39	65.5	48	41	32	47	35.5	56	
85	11	81.5	14	46.5	43.5	82.5	68	37.5	78.5	40.5	14	74	58	33.5	67.5	80.5	30	43.5	68	36	63.5	20	63	75.5	60	62.5	69.5	65	0	75	35.5	63	36.5	73	39.5	45	8	75.5	57	30	35.5	26.5	28	64	32	1	5	50	85	79	51	72.5	32.5	80.5	25.5	74.5	55.5	60.5	30	69.5	33	46.5	57.5	43.5	34	55	34.5	54	20.5	93	84	77	22	74.5	31	
30	74	26.5	71	36.5	53.5	27.5	33	67.5	23.5	50.5	71	29	33	86.5	22.5	29.5	45	33.5	33	51	41.5	65	28	25.5	45	22.5	24.5	40	75	0	55.5	28	56.5	28	65.5	50	77	30.5	32	75	55.5	81.5	73	11	47	76	70	25	30	6	46	32.5	42.5	35.5	65.5	29.5	45.5	30.5	45	24.5	72	58.5	37.5	53.5	71	50	85.5	49	75.5	38	31	22	57	30.5	66	
69.5	46.5	64	45.5	27	16	67	52.5	28	63	21	45.5	54.5	38.5	49	48	61	10.5	24	48.5	16.5	44	25.5	43.5	60	40.5	43	50	45.5	35.5	55.5	0	43.5	1	53.5	30	29.5	43.5	56	37.5	49.5	0	42	33.5	44.5	12.5	36.5	30.5	30.5	69.5	61.5	35.5	53	13	61	26	55	40	41	10.5	50	38.5	11	42	16	39.5	35.5	50	34.5	36	77.5	64.5	61.5	17.5	55	26.5	
42	74	36.5	73	24.5	55.5	39.5	35	55.5	35.5	38.5	73	27	21	76.5	20.5	33.5	33	21.5	5	39	31.5	53	0	32.5	43	15.5	22.5	28	63	28	43.5	0	44.5	26	57.5	52	71	28.5	20	77	43.5	69.5	61	17	35	64	58	13	42	34	48	25.5	30.5	33.5	53.5	27.5	47.5	18.5	33	22.5	66	54.5	39.5	55.5	67	48	77.5	37	63.5	50	37	34	45	27.5	54	
68.5	47.5	65	44.5	28	15	66	51.5	29	62	22	44.5	55.5	39.5	50	49	62	11.5	25	49.5	17.5	45	26.5	44.5	59	41.5	44	51	46.5	36.5	56.5	1	44.5	0	54.5	31	28.5	44.5	57	38.5	48.5	1	43	34.5	45.5	13.5	37.5	31.5	31.5	68.5	62.5	34.5	54	14	62	27	56	39	42	11.5	51	39.5	10	41	15	40.5	36.5	51	35.5	37	76.5	65.5	60.5	18.5	56	27.5	
32	84	31.5	87	34.5	69.5	30.5	45	65.5	34.5	48.5	87	17	31	86.5	15.5	28.5	43	31.5	31	49	41.5	63	26	37.5	53	20.5	7.5	38	73	28	53.5	26	54.5	0	67.5	68	81	13.5	30	93	53.5	79.5	71	17	45	74	68	23	22	34	62	30.5	40.5	13.5	63.5	22.5	57.5	28.5	43	7.5	76	64.5	55.5	69.5	77	58	87.5	47	73.5	30	27	34	55	32.5	64	
65.5	34.5	62	31.5	41	24	63	48.5	2	59	35	31.5	68.5	52.5	47	62	65	24.5	38	62.5	30.5	52	29.5	57.5	56	40.5	57	64	55.5	39.5	65.5	30	57.5	31	67.5	0	25.5	37.5	70	51.5	35.5	30	46	37.5	58.5	26.5	40.5	34.5	44.5	65.5	59.5	31.5	63	27	75	30	69	36	55	24.5	64	32.5	29	38	24	31.5	35.5	46	46.5	40	73.5	66.5	57.5	21.5	61	30.5	
50	34	46.5	31	41.5	13.5	47.5	33	27.5	43.5	29.5	31	61	47	46.5	62.5	49.5	25	38.5	47	19	36.5	45	52	40.5	25	57.5	64.5	40	45	50	29.5	52	28.5	68	25.5	0	37	64.5	48	35	29.5	53.5	37	59	23	44	50	45	50	44	16	47.5	27.5	69.5	39.5	55.5	20.5	49.5	25	64.5	32	18.5	22.5	13.5	31	20	45.5	31	55.5	58	51	42	37	45.5	34	
77	3	73.5	6	54.5	35.5	74.5	60	39.5	70.5	48.5	6	82	66	33.5	75.5	76.5	38	51.5	74	44	63.5	28	71	67.5	52	70.5	77.5	67	8	77	43.5	71	44.5	81	37.5	37	0	83.5	65	22	43.5	34.5	34	72	40	7	13	58	77	71	43	74.5	40.5	88.5	33.5	82.5	47.5	68.5	38	77.5	29	40.5	49.5	35.5	28	47	32.5	58	28.5	85	78	69	30	72.5	39	
29.5	86.5	34	85.5	37	68	17	47.5	68	33	51	85.5	19.5	33.5	89	18	31	45.5	34	33.5	51.5	44	65.5	28.5	40	55.5	23	6	40.5	75.5	30.5	56	28.5	57	13.5	70	64.5	83.5	0	32.5	89.5	56	82	73.5	19.5	47.5	76.5	70.5	25.5	29.5	36.5	60.5	33	43	21	66	25	60	31	45.5	6	78.5	67	52	68	79.5	60.5	90	49.5	76	37.5	29.5	26.5	57.5	35	66.5	
48	68	40.5	69	18.5	51.5	45.5	15	49.5	41.5	32.5	69	31	1	70.5	24.5	37.5	27	15.5	25	33	25.5	47	20	36.5	37	19.5	26.5	8	57	32	37.5	20	38.5	30	51.5	48	65	32.5	0	73	37.5	63.5	55	21	29	58	52	7	48	38	44	29.5	24.5	37.5	47.5	31.5	41.5	17.5	27	26.5	60	48.5	35.5	51.5	61	42	71.5	31	57.5	54	41	40	39	31.5	48	
75	19	71.5	16	66.5	33.5	72.5	58	37.5	68.5	54.5	16	86	72	21.5	87.5	74.5	50	63.5	72	54	61.5	40	77	65.5	50	82.5	89.5	65	30	75	49.5	77	48.5	93	35.5	35	22	89.5	73	0	49.5	28.5	32	84	52	29	35	70	75	69	41	72.5	52.5	94.5	39.5	80.5	45.5	74.5	50	89.5	27	38.5	47.5	33.5	26	45	20.5	56	30.5	83	76	67	42	70.5	39	
69.5	46.5	64	45.5	27	16	67	52.5	28	63	21	45.5	54.5	38.5	49	48	61	10.5	24	48.5	16.5	44	25.5	43.5	60	40.5	43	50	45.5	35.5	55.5	0	43.5	1	53.5	30	29.5	43.5	56	37.5	49.5	0	42	33.5	44.5	12.5	36.5	30.5	30.5	69.5	61.5	35.5	53	13	61	26	55	40	41	10.5	50	38.5	11	42	16	39.5	35.5	50	34.5	36	77.5	64.5	61.5	17.5	55	26.5	
93.5	37.5	90	34.5	53	52	91	76.5	44	87	47	34.5	80.5	64.5	7	74	87	36.5	50	74.5	42.5	70	26.5	69.5	84	66.5	69	76	71.5	26.5	81.5	42	69.5	43	79.5	46	53.5	34.5	82	63.5	28.5	42	0	34.5	70.5	38.5	27.5	21.5	56.5	93.5	87.5	59.5	79	39	87	32	81	64	67	36.5	76	39.5	53	66	52	40.5	61.5	8	60.5	6	101.5	90.5	85.5	28.5	81	37.5	
77	31	73.5	28	44.5	35.5	74.5	60	35.5	70.5	38.5	28	72	56	41.5	65.5	76.5	28	41.5	66	34	61.5	8	61	67.5	52	60.5	67.5	63	28	73	33.5	61	34.5	71	37.5	37	34	73.5	55	32	33.5	34.5	0	62	30	29	23	48	77	71	43	70.5	30.5	78.5	23.5	72.5	47.5	58.5	28	67.5	5	40.5	49.5	35.5	6	47	42.5	52	28.5	85	78	69	20	72.5	29	
41	75	27.5	78	25.5	60.5	36.5	36	56.5	30.5	39.5	78	18	22	77.5	11.5	24.5	34	22.5	22	40	32.5	54	17	28.5	44	11.5	13.5	29	64	11	44.5	17	45.5	17	58.5	59	72	19.5	21	84	44.5	70.5	62	0	36	65	59	14	39	17	53	21.5	31.5	24.5	54.5	18.5	48.5	19.5	34	13.5	67	55.5	46.5	60.5	68	49	78.5	38	64.5	41	28	33	46	23.5	55	
73	43	55.5	46	18.5	28.5	64.5	44	24.5	58.5	12.5	46	46	30	45.5	39.5	52.5	2	15.5	40	4	35.5	22	35	51.5	32	34.5	41.5	37	32	47	12.5	35	13.5	45	26.5	23	40	47.5	29	52	12.5	38.5	30	36	0	33	27	22	67	53	31	44.5	4.5	52.5	22.5	46.5	31.5	32.5	2	41.5	35	23.5	39.5	28.5	36	27	46.5	26	32.5	69	56	65	14	46.5	23	
84	10	80.5	13	47.5	42.5	81.5	67	38.5	77.5	41.5	13	75	59	34.5	68.5	81.5	31	44.5	69	37	64.5	21	64	74.5	59	63.5	70.5	66	1	76	36.5	64	37.5	74	40.5	44	7	76.5	58	29	36.5	27.5	29	65	33	0	6	51	84	78	50	73.5	33.5	81.5	26.5	75.5	54.5	61.5	31	70.5	34	47.5	56.5	42.5	35	54	35.5	55	21.5	92	85	76	23	75.5	32	
90	16	78.5	19	41.5	46.5	87.5	67	32.5	81.5	35.5	19	69	53	28.5	62.5	75.5	25	38.5	63	31	58.5	15	58	74.5	55	57.5	64.5	60	5	70	30.5	58	31.5	68	34.5	50	13	70.5	52	35	30.5	21.5	23	59	27	6	0	45	90	76	54	67.5	27.5	75.5	20.5	69.5	54.5	55.5	25	64.5	28	41.5	62.5	46.5	29	50	29.5	49	15.5	92	79	82	17	69.5	26	
55	61	33.5	64	11.5	46.5	42.5	22	42.5	36.5	25.5	64	24	8	63.5	17.5	30.5	20	8.5	18	26	18.5	40	13	29.5	30	12.5	19.5	15	50	25	30.5	13	31.5	23	44.5	45	58	25.5	7	70	30.5	56.5	48	14	22	51	45	0	45	31	39	22.5	17.5	30.5	40.5	24.5	34.5	10.5	20	19.5	53	41.5	32.5	46.5	54	35	64.5	24	50.5	47	34	43	32	24.5	41	
10	74	21.5	71	56.5	53.5	12.5	33	67.5	18.5	64.5	71	31	47	86.5	37.5	24.5	65	53.5	37	69	41.5	85	42	25.5	45	42.5	29.5	40	85	30	69.5	42	68.5	22	65.5	50	77	29.5	48	75	69.5	93.5	77	39	67	84	90	45	0	24	46	32.5	62.5	29.5	79.5	30.5	45.5	44.5	65	29.5	72	58.5	37.5	53.5	71	50	85.5	51	95.5	18	21	12	77	30.5	74	
24	68	20.5	65	42.5	47.5	21.5	27	61.5	17.5	56.5	65	35	39	80.5	28.5	23.5	51	39.5	31	57	35.5	71	34	19.5	39	28.5	30.5	34	79	6	61.5	34	62.5	34	59.5	44	71	36.5	38	69	61.5	87.5	71	17	53	78	76	31	24	0	40	26.5	48.5	41.5	71.5	29.5	39.5	36.5	51	30.5	66	52.5	31.5	47.5	65	44	79.5	45	81.5	32	25	16	63	24.5	68	
46	40	42.5	37	35.5	19.5	43.5	29	33.5	39.5	30.5	37	57	43	52.5	56.5	45.5	29	32.5	43	35	32.5	49	48	36.5	21	51.5	58.5	36	51	46	35.5	48	34.5	62	31.5	16	43	60.5	44	41	35.5	59.5	43	53	31	50	54	39	46	40	0	43.5	26.5	65.5	45.5	51.5	16.5	45.5	29	58.5	38	24.5	18.5	19.5	37	4	51.5	27	59.5	54	47	38	41	41.5	40	
32.5	71.5	29	68.5	34	51	30	30.5	65	26	48	68.5	31.5	30.5	84	25	32	42.5	31	30.5	48.5	39	62.5	25.5	7	42.5	10	27	37.5	72.5	32.5	53	25.5	54	30.5	63	47.5	74.5	33	29.5	72.5	53	79	70.5	21.5	44.5	73.5	67.5	22.5	32.5	26.5	43.5	0	40	38	63	32	43	28	42.5	27	69.5	56	35	51	68.5	47.5	83	46.5	73	40.5	33.5	24.5	54.5	2	63.5	
72.5	43.5	51	46.5	14	29	60	39.5	25	54	8	46.5	41.5	25.5	46	35	48	2.5	11	35.5	8.5	31	22.5	30.5	47	27.5	30	37	32.5	32.5	42.5	13	30.5	14	40.5	27	27.5	40.5	43	24.5	52.5	13	39	30.5	31.5	4.5	33.5	27.5	17.5	62.5	48.5	26.5	40	0	48	23	42	27	28	2.5	37	35.5	24	35	29	36.5	22.5	47	21.5	33	64.5	51.5	60.5	14.5	42	23.5	
24.5	91.5	39	90.5	42	73	32	52.5	73	38	56	90.5	24.5	38.5	94	23	36	50.5	39	38.5	56.5	49	70.5	33.5	45	60.5	28	15	45.5	80.5	35.5	61	33.5	62	13.5	75	69.5	88.5	21	37.5	94.5	61	87	78.5	24.5	52.5	81.5	75.5	30.5	29.5	41.5	65.5	38	48	0	71	30	65	36	50.5	15	83.5	72	57	73	84.5	65.5	95	54.5	81	32.5	34.5	31.5	62.5	40	71.5	
79.5	36.5	74	35.5	37	38	77	62.5	28	73	31	35.5	64.5	48.5	39	58	71	20.5	34	58.5	26.5	54	15.5	53.5	70	50.5	53	60	55.5	25.5	65.5	26	53.5	27	63.5	30	39.5	33.5	66	47.5	39.5	26	32	23.5	54.5	22.5	26.5	20.5	40.5	79.5	71.5	45.5	63	23	71	0	65	50	51	20.5	60	28.5	37	52	38	29.5	45.5	40	44.5	26	87.5	74.5	71.5	12.5	65	21.5	
30.5	79.5	9	76.5	36	59	28	38.5	67	12	50	76.5	23.5	32.5	88	7	6	44.5	33	32.5	50.5	43	64.5	27.5	31	50.5	22	19	39.5	74.5	29.5	55	27.5	56	22.5	69	55.5	82.5	25	31.5	80.5	55	81	72.5	18.5	46.5	75.5	69.5	24.5	30.5	29.5	51.5	32	42	30	65	0	51	30	44.5	19	77.5	64	43	59	76.5	55.5	89	48.5	75	38.5	31.5	22.5	56.5	34	65.5	
45.5	44.5	42	41.5	31	24	43	28.5	38	39	35	41.5	56.5	42.5	57	52	45	29.5	28	42.5	35.5	32	49.5	47.5	36	20.5	47	54	35.5	55.5	45.5	40	47.5	39	57.5	36	20.5	47.5	60	41.5	45.5	40	64	47.5	48.5	31.5	54.5	54.5	34.5	45.5	39.5	16.5	43	27	65	50	51	0	45	29.5	54	42.5	29	18	24	41.5	20.5	56	26.5	60	53.5	46.5	37.5	41.5	41	44.5	
44.5	71.5	39	70.5	22	53	42	32.5	53	38	36	70.5	29.5	18.5	74	23	36	30.5	19	23.5	36.5	29	50.5	18.5	35	40.5	18	25	25.5	60.5	30.5	41	18.5	42	28.5	55	49.5	68.5	31	17.5	74.5	41	67	58.5	19.5	32.5	61.5	55.5	10.5	44.5	36.5	45.5	28	28	36	51	30	45	0	30.5	25	63.5	52	37	53	64.5	45.5	75	34.5	61	52.5	39.5	36.5	42.5	30	51.5	
75	41	53.5	44	16.5	26.5	62.5	42	22.5	56.5	10.5	44	44	28	43.5	37.5	50.5	0	13.5	38	6	33.5	20	33	49.5	30	32.5	39.5	35	30	45	10.5	33	11.5	43	24.5	25	38	45.5	27	50	10.5	36.5	28	34	2	31	25	20	65	51	29	42.5	2.5	50.5	20.5	44.5	29.5	30.5	0	39.5	33	21.5	37.5	26.5	34	25	44.5	24	30.5	67	54	63	12	44.5	21	
35.5	80.5	28	83.5	31	66	23	41.5	62	31	45	83.5	13.5	27.5	83	12	25	39.5	28	27.5	45.5	38	59.5	22.5	34	49.5	17	0	34.5	69.5	24.5	50	22.5	51	7.5	64	64.5	77.5	6	26.5	89.5	50	76	67.5	13.5	41.5	70.5	64.5	19.5	29.5	30.5	58.5	27	37	15	60	19	54	25	39.5	0	72.5	61	52	66	73.5	54.5	84	43.5	70	31.5	23.5	32.5	51.5	29	60.5	
72	26	68.5	23	49.5	30.5	69.5	55	34.5	65.5	43.5	23	77	61	38.5	70.5	71.5	33	46.5	69	39	58.5	13	66	62.5	47	65.5	72.5	62	33	72	38.5	66	39.5	76	32.5	32	29	78.5	60	27	38.5	39.5	5	67	35	34	28	53	72	66	38	69.5	35.5	83.5	28.5	77.5	42.5	63.5	33	72.5	0	35.5	44.5	30.5	1	42	37.5	53	33.5	80	73	64	25	67.5	34	
58.5	37.5	55	34.5	38	5	56	41.5	31	52	32	34.5	65.5	49.5	50	59	58	21.5	35	55.5	27.5	45	36.5	54.5	49	33.5	54	61	48.5	46.5	58.5	11	54.5	10	64.5	29	18.5	40.5	67	48.5	38.5	11	53	40.5	55.5	23.5	47.5	41.5	41.5	58.5	52.5	24.5	56	24	72	37	64	29	52	21.5	61	35.5	0	31	5	34.5	28.5	49	39.5	47	66.5	59.5	50.5	28.5	54	37.5	
37.5	46.5	34	43.5	21	26	35	20.5	40	31	37	43.5	48.5	34.5	59	50	37	37.5	24	34.5	41.5	24	57.5	39.5	28	17.5	45	52	27.5	57.5	37.5	42	39.5	41	55.5	38	22.5	49.5	52	35.5	47.5	42	66	49.5	46.5	39.5	56.5	62.5	32.5	37.5	31.5	18.5	35	35	57	52	43	18	37	37.5	52	44.5	31	0	26	43.5	22.5	58	23.5	68	45.5	38.5	29.5	49.5	33	46.5	
53.5	32.5	50	29.5	43	0	51	36.5	26	47	33	29.5	64.5	50.5	45	64	53	26.5	40	50.5	32.5	40	41.5	55.5	44	28.5	59	66	43.5	43.5	53.5	16	55.5	15	69.5	24	13.5	35.5	68	51.5	33.5	16	52	35.5	60.5	28.5	42.5	46.5	46.5	53.5	47.5	19.5	51	29	73	38	59	24	53	26.5	66	30.5	5	26	0	29.5	23.5	44	34.5	52	61.5	54.5	45.5	33.5	49	32.5	
71	25	67.5	22	50.5	29.5	68.5	54	33.5	64.5	44.5	22	78	62	37.5	71.5	70.5	34	47.5	68	40	57.5	14	67	61.5	46	66.5	73.5	61	34	71	39.5	67	40.5	77	31.5	31	28	79.5	61	26	39.5	40.5	6	68	36	35	29	54	71	65	37	68.5	36.5	84.5	29.5	76.5	41.5	64.5	34	73.5	1	34.5	43.5	29.5	0	41	36.5	52	34.5	79	72	63	26	66.5	35	
50	44	46.5	41	31.5	23.5	47.5	33	37.5	43.5	30.5	41	59	43	56.5	52.5	49.5	25	28.5	47	31	36.5	45	48	40.5	25	47.5	54.5	40	55	50	35.5	48	36.5	58	35.5	20	47	60.5	42	45	35.5	61.5	47	49	27	54	50	35	50	44	4	47.5	22.5	65.5	45.5	55.5	20.5	45.5	25	54.5	42	28.5	22.5	23.5	41	0	55.5	31	55.5	58	51	42	37	45.5	44	
85.5	29.5	82	26.5	61	44	83	68.5	48	79	55	26.5	88.5	72.5	1	82	85	44.5	58	82.5	50.5	72	34.5	77.5	76	60.5	77	84	75.5	34.5	85.5	50	77.5	51	87.5	46	45.5	32.5	90	71.5	20.5	50	8	42.5	78.5	46.5	35.5	29.5	64.5	85.5	79.5	51.5	83	47	95	40	89	56	75	44.5	84	37.5	49	58	44	36.5	55.5	0	66.5	14	93.5	86.5	77.5	36.5	81	45.5	
51	55	47.5	52	20.5	34.5	48.5	34	46.5	44.5	29.5	52	48	32	67.5	41.5	50.5	24	17.5	42	30	37.5	44	37	41.5	6	36.5	43.5	39	54	49	34.5	37	35.5	47	46.5	31	58	49.5	31	56	34.5	60.5	52	38	26	55	49	24	51	45	27	46.5	21.5	54.5	44.5	48.5	26.5	34.5	24	43.5	53	39.5	23.5	34.5	52	31	66.5	0	54.5	59	52	43	36	46.5	45	
99.5	31.5	84	34.5	47	52	93	72.5	38	87	41	34.5	74.5	58.5	13	68	81	30.5	44	68.5	36.5	64	20.5	63.5	80	60.5	63	70	65.5	20.5	75.5	36	63.5	37	73.5	40	55.5	28.5	76	57.5	30.5	36	6	28.5	64.5	32.5	21.5	15.5	50.5	95.5	81.5	59.5	73	33	81	26	75	60	61	30.5	70	33.5	47	68	52	34.5	55.5	14	54.5	0	97.5	84.5	91.5	22.5	75	31.5	
8	82	29.5	79	58.5	61.5	20.5	41	75.5	26.5	72.5	79	39	55	94.5	39.5	32.5	67	55.5	45	73	49.5	87	50	33.5	53	44.5	31.5	48	93	38	77.5	50	76.5	30	73.5	58	85	37.5	54	83	77.5	101.5	85	41	69	92	92	47	18	32	54	40.5	64.5	32.5	87.5	38.5	53.5	52.5	67	31.5	80	66.5	45.5	61.5	79	58	93.5	59	97.5	0	29	20	79	38.5	82	
21	75	22.5	72	45.5	54.5	18.5	34	68.5	19.5	59.5	72	10	42	87.5	26.5	25.5	54	42.5	38	60	42.5	74	37	26.5	46	31.5	23.5	41	84	31	64.5	37	65.5	27	66.5	51	78	29.5	41	76	64.5	90.5	78	28	56	85	79	34	21	25	47	33.5	51.5	34.5	74.5	31.5	46.5	39.5	54	23.5	73	59.5	38.5	54.5	72	51	86.5	52	84.5	29	0	9	66	31.5	75	
12	66	13.5	63	50.5	45.5	9.5	25	59.5	10.5	56.5	63	19	39	78.5	29.5	16.5	63	51.5	29	61	33.5	77	34	17.5	37	34.5	32.5	32	77	22	61.5	34	60.5	34	57.5	42	69	26.5	40	67	61.5	85.5	69	33	65	76	82	43	12	16	38	24.5	60.5	31.5	71.5	22.5	37.5	36.5	63	32.5	64	50.5	29.5	45.5	63	42	77.5	43	91.5	20	9	0	75	22.5	66	
83	33	65.5	36	28.5	33.5	74.5	54	19.5	68.5	22.5	36	56	40	35.5	49.5	62.5	12	25.5	50	18	45.5	12	45	61.5	42	44.5	51.5	47	22	57	17.5	45	18.5	55	21.5	37	30	57.5	39	42	17.5	28.5	20	46	14	23	17	32	77	63	41	54.5	14.5	62.5	12.5	56.5	41.5	42.5	12	51.5	25	28.5	49.5	33.5	26	37	36.5	36	22.5	79	66	75	0	56.5	9	
30.5	69.5	27	66.5	36	49	28	28.5	63	24	50	66.5	33.5	32.5	82	27	30	44.5	33	32.5	50.5	37	64.5	27.5	5	40.5	12	29	35.5	74.5	30.5	55	27.5	56	32.5	61	45.5	72.5	35	31.5	70.5	55	81	72.5	23.5	46.5	75.5	69.5	24.5	30.5	24.5	41.5	2	42	40	65	34	41	30	44.5	29	67.5	54	33	49	66.5	45.5	81	46.5	75	38.5	31.5	22.5	56.5	0	65.5	
74	38	70.5	35	37.5	32.5	71.5	57	28.5	67.5	31.5	35	65	49	44.5	58.5	71.5	21	34.5	59	27	54.5	21	54	64.5	49	53.5	60.5	56	31	66	26.5	54	27.5	64	30.5	34	39	66.5	48	39	26.5	37.5	29	55	23	32	26	41	74	68	40	63.5	23.5	71.5	21.5	65.5	44.5	51.5	21	60.5	34	37.5	46.5	32.5	35	44	45.5	45	31.5	82	75	66	9	65.5	0	
