Number of items: 75
Horizon: 3
Time limit: 750
Load limit: 4500
Initial item inventory level
126
64
196
89
21
98
110
146
75
57
142
80
76
62
46
110
44
36
26
44
48
80
93
83
70
56
70
30
184
104
98
154
59
72
75
176
27
33
77
158
128
65
58
34
110
56
150
16
18
164
114
99
43
78
26
126
180
162
69
90
44
128
96
130
120
170
184
126
172
22
136
68
76
72
35
Maximum inventory capacity per item
189
96
294
178
42
196
165
219
150
114
213
160
114
93
92
165
88
72
52
66
96
120
186
166
105
84
105
60
276
156
196
231
118
144
150
264
54
66
154
237
192
130
116
68
165
84
225
32
36
246
171
198
86
117
52
189
270
243
138
135
88
192
192
195
180
255
276
189
258
44
204
136
114
108
70
Reserve storage replenishment rate per item and per period
378	0	0	
192	0	0	
588	0	0	
534	0	0	
126	0	0	
588	0	0	
330	0	0	
438	0	0	
450	0	0	
342	0	0	
426	0	0	
480	0	0	
228	0	0	
186	0	0	
276	0	0	
330	0	0	
264	0	0	
216	0	0	
156	0	0	
132	0	0	
288	0	0	
240	0	0	
558	0	0	
498	0	0	
210	0	0	
168	0	0	
210	0	0	
180	0	0	
552	0	0	
312	0	0	
588	0	0	
462	0	0	
354	0	0	
432	0	0	
450	0	0	
528	0	0	
162	0	0	
198	0	0	
462	0	0	
474	0	0	
384	0	0	
390	0	0	
348	0	0	
204	0	0	
330	0	0	
168	0	0	
450	0	0	
96	0	0	
108	0	0	
492	0	0	
342	0	0	
594	0	0	
258	0	0	
234	0	0	
156	0	0	
378	0	0	
540	0	0	
486	0	0	
414	0	0	
270	0	0	
264	0	0	
384	0	0	
576	0	0	
390	0	0	
360	0	0	
510	0	0	
552	0	0	
378	0	0	
516	0	0	
132	0	0	
408	0	0	
408	0	0	
228	0	0	
216	0	0	
210	0	0	
Forward storage demand rate per item and per period
63	85	56	
32	27	23	
98	158	74	
89	94	79	
21	26	7	
98	67	96	
55	53	41	
73	47	105	
75	81	58	
57	62	19	
71	100	123	
80	32	74	
38	46	24	
31	37	23	
46	73	68	
55	42	20	
44	43	40	
36	43	9	
26	18	41	
22	24	21	
48	69	37	
40	44	45	
93	99	135	
83	63	43	
35	42	58	
28	16	23	
35	17	51	
30	20	35	
92	109	114	
52	41	32	
98	148	17	
77	94	97	
59	72	62	
72	29	107	
75	48	123	
88	36	38	
27	3	28	
33	44	8	
77	55	77	
79	14	74	
64	102	86	
65	81	69	
58	26	57	
34	24	15	
55	58	9	
28	25	39	
75	78	65	
16	8	12	
18	4	28	
82	29	120	
57	4	74	
99	99	84	
43	23	31	
39	29	42	
26	14	35	
63	39	25	
90	105	84	
81	81	77	
69	115	81	
45	49	63	
44	2	28	
64	63	42	
96	113	59	
65	41	35	
60	102	114	
85	54	115	
92	97	147	
63	75	59	
86	72	107	
22	21	3	
68	55	47	
68	49	83	
38	31	63	
36	38	56	
35	49	56	
Distance matrix
0	44	15	30	12	63	43.5	57.5	26.5	96.5	21	47.5	53.5	31.5	7.5	59.5	66.5	72	18.5	34	43	53.5	27.5	78	72	72	64	48.5	62.5	25	81.5	61	50	49.5	56	64.5	84.5	73.5	88.5	67	71.5	95.5	31.5	61	64	77	30.5	35	80.5	41	43	77.5	72	18	18	60	30.5	72.5	68.5	72	82.5	41	28.5	71	18	52.5	80	68.5	98.5	54.5	44	60	16	65	45.5	28.5	
44	0	31	36	34	33	57.5	13.5	24.5	64.5	35	3.5	67.5	14.5	38.5	21.5	74.5	84	27.5	12	43	17.5	23.5	38	84	74	32	12.5	48.5	21	59.5	65	26	61.5	50	66.5	66.5	67.5	62.5	49	39.5	65.5	39.5	45	62	39	40.5	11	50.5	45	1	33.5	54	26	28	36	15.5	38.5	82.5	54	68.5	3	32.5	65	28	58.5	36	52.5	62.5	66.5	32	56	28	21	25.5	32.5	
15	31	0	25	17	58	38.5	42.5	21.5	91.5	16	32.5	48.5	31.5	17.5	50.5	61.5	67	13.5	19	38	46.5	22.5	67	67	67	59	41.5	57.5	40	76.5	56	45	44.5	51	59.5	79.5	68.5	83.5	62	66.5	90.5	26.5	56	59	68	25.5	20	75.5	36	32	62.5	67	13	23	55	30.5	67.5	63.5	67	77.5	34	23.5	66	23	47.5	65	63.5	91.5	49.5	39	55	11	50	40.5	23.5	
30	36	25	0	32	43	23.5	27.5	21.5	76.5	11	32.5	33.5	46.5	32.5	35.5	46.5	52	23.5	44	23	31.5	22.5	52	52	52	44	31.5	42.5	55	61.5	41	30	29.5	36	44.5	64.5	53.5	68.5	47	51.5	75.5	11.5	41	44	53	10.5	45	60.5	21	37	47.5	52	18	38	40	45.5	52.5	48.5	52	62.5	39	13.5	51	38	32.5	50	48.5	76.5	34.5	24	40	16	35	25.5	13.5	
12	34	17	32	0	65	45.5	45.5	28.5	96.5	23	35.5	55.5	31.5	14.5	53.5	68.5	74	20.5	34	45	49.5	29.5	70	74	74	64	44.5	64.5	33	83.5	63	52	51.5	58	66.5	86.5	75.5	90.5	69	71.5	97.5	33.5	63	66	71	32.5	33	82.5	43	35	65.5	74	20	6	62	32.5	70.5	70.5	74	84.5	37	30.5	73	6	54.5	68	70.5	94.5	56.5	46	62	18	53	47.5	30.5	
63	33	58	43	65	0	26.5	19.5	50.5	45.5	44	29.5	36.5	45.5	65.5	17.5	49.5	55	56.5	43	34	23.5	49.5	19	55	55	1	28.5	29.5	52	40.5	44	27	32.5	31	47.5	47.5	48.5	43.5	30	20.5	46.5	39.5	26	43	20	38.5	42	31.5	34	34	14.5	35	51	59	3	46.5	19.5	51.5	35	49.5	36	46.5	46	59	35.5	17	33.5	43.5	37.5	33	37	49	12	31.5	46.5	
43.5	57.5	38.5	23.5	45.5	26.5	0	44	35	55	24.5	54	12	60	46	38	25	30.5	37	57.5	16.5	42	36	36.5	30.5	30.5	27.5	47	21	68.5	40	19.5	33.5	8	14.5	23	43	32	47	25.5	30	54	20	19.5	22.5	35.5	19	58.5	39	14.5	56.5	34	30.5	31.5	51.5	23.5	59	31	27	30.5	41	54.5	27	29.5	51.5	11	36.5	27	57	13	27.5	18.5	29.5	36.5	34	27	
57.5	13.5	42.5	27.5	45.5	19.5	44	0	31	51	36.5	10	54	26	50	8	61	70.5	39	23.5	29.5	4	30	24.5	70.5	60.5	18.5	9	35	32.5	46	51.5	12.5	48	36.5	53	53	54	49	35.5	26	52	26	31.5	48.5	25.5	27	22.5	37	31.5	14.5	20	40.5	39.5	39.5	22.5	27	25	69	40.5	55	16.5	29	51.5	39.5	45	22.5	39	49	53	18.5	42.5	41.5	7.5	12	29	
26.5	24.5	21.5	21.5	28.5	50.5	35	31	0	82	12.5	21	45	37	29	39	58	63.5	20	34.5	34.5	35	1	55.5	63.5	63.5	49.5	30	54	43.5	73	52.5	41.5	41	47.5	56	76	65	80	58.5	57	83	23	52.5	55.5	56.5	22	33.5	68	32.5	25.5	51	63.5	14.5	34.5	51.5	38	56	60	63.5	74	27.5	20	62.5	34.5	44	53.5	60	80	46	35.5	51.5	12.5	38.5	37	20	
96.5	64.5	91.5	76.5	96.5	45.5	55	51	82	0	77.5	61	45	77	99	49	38	28.5	90	74.5	65.5	55	81	30.5	28.5	36.5	44.5	60	46	83.5	27	47.5	58.5	51	52.5	44	24	35	20	41.5	37	1	73	47.5	44.5	31.5	72	73.5	28	67.5	65.5	31	36.5	84.5	90.5	48.5	78	36	30	36.5	26	67.5	80	37.5	90.5	54	28.5	40	2	46	64.5	48.5	82.5	43.5	63	80	
21	35	16	11	23	44	24.5	36.5	12.5	77.5	0	31.5	34.5	37.5	23.5	40.5	47.5	53	14.5	35	24	34.5	13.5	59	53	53	45	29.5	43.5	46	62.5	42	31	30.5	37	45.5	65.5	54.5	69.5	48	52.5	76.5	12.5	42	45	58	11.5	36	61.5	22	34	56.5	53	9	29	41	36.5	53.5	49.5	53	63.5	32	9.5	52	29	33.5	59	49.5	79.5	35.5	25	41	7	44	26.5	9.5	
47.5	3.5	32.5	32.5	35.5	29.5	54	10	21	61	31.5	0	64	16	40	18	71	80.5	29	13.5	39.5	14	20	34.5	80.5	70.5	28.5	9	45	22.5	56	61.5	22.5	58	46.5	63	63	64	59	45.5	36	62	36	41.5	58.5	35.5	37	12.5	47	41.5	4.5	30	50.5	29.5	29.5	32.5	17	35	79	50.5	65	6.5	29	61.5	29.5	55	32.5	49	59	63	28.5	52.5	31.5	17.5	22	29	
53.5	67.5	48.5	33.5	55.5	36.5	12	54	45	45	34.5	64	0	70	56	48	15	20.5	47	67.5	26.5	52	46	31.5	20.5	20.5	37.5	57	21	78.5	30	9.5	43.5	8	19.5	13	33	22	37	20.5	30	44	30	24.5	12.5	30.5	29	68.5	29	24.5	66.5	34	20.5	41.5	61.5	33.5	69	31	17	20.5	31	64.5	37	19.5	61.5	11	31.5	15	47	1	37.5	13.5	39.5	46.5	44	37	
31.5	14.5	31.5	46.5	31.5	45.5	60	26	37	77	37.5	16	70	0	34	34	83	88.5	35	14.5	55.5	30	36	50.5	88.5	86.5	44.5	25	61	18.5	72	77.5	38.5	66	62.5	79	79	80	75	61.5	52	78	48	57.5	74.5	51.5	47	13.5	63	57.5	15.5	46	66.5	34.5	25.5	48.5	1	51	85	66.5	81	17.5	45	77.5	25.5	69	48.5	65	75	71	44.5	68.5	32.5	33.5	38	45	
7.5	38.5	17.5	32.5	14.5	65.5	46	50	29	99	23.5	40	56	34	0	58	69	74.5	21	36.5	45.5	54	30	74.5	74.5	74.5	66.5	49	65	32.5	84	63.5	52.5	52	58.5	67	87	76	91	69.5	74	98	34	63.5	66.5	75.5	33	37.5	83	43.5	39.5	70	74.5	20.5	20.5	62.5	33	75	71	74.5	85	41.5	31	73.5	20.5	55	72.5	71	99	57	46.5	62.5	18.5	57.5	48	31	
59.5	21.5	50.5	35.5	53.5	17.5	38	8	39	49	40.5	18	48	34	58	0	59	66.5	47	31.5	27.5	12	38	22.5	66.5	58.5	16.5	17	33	40.5	44	49.5	15.5	44	34.5	51	51	52	47	33.5	24	50	34	29.5	46.5	23.5	35	30.5	35	29.5	22.5	18	38.5	47.5	47.5	20.5	35	23	63	38.5	53	24.5	37	49.5	47.5	43	20.5	37	47	49	21.5	40.5	45.5	5.5	20	37	
66.5	74.5	61.5	46.5	68.5	49.5	25	61	58	38	47.5	71	15	83	69	59	0	13.5	60	80.5	39.5	65	59	40.5	13.5	13.5	50.5	70	34	91.5	15	17.5	56.5	21	32.5	16	26	7	30	33.5	43	37	43	37.5	20.5	41.5	42	81.5	32	37.5	75.5	41	28.5	54.5	74.5	46.5	82	44	10	28.5	24	77.5	50	17.5	74.5	24	38.5	30	40	16	50.5	26.5	52.5	53.5	57	50	
72	84	67	52	74	55	30.5	70.5	63.5	28.5	53	80.5	20.5	88.5	74.5	66.5	13.5	0	65.5	86	45	70.5	64.5	50	0	14	56	75.5	39.5	97	28.5	23	62	26.5	38	21.5	21.5	20.5	25.5	39	48.5	27.5	48.5	43	26	49	47.5	87	37.5	43	85	50.5	34	60	80	52	87.5	49.5	5.5	34	19.5	83	55.5	23	80	29.5	48	35.5	30.5	21.5	56	32	58	63	62.5	55.5	
18.5	27.5	13.5	23.5	20.5	56.5	37	39	20	90	14.5	29	47	35	21	47	60	65.5	0	32.5	36.5	43	21	63.5	65.5	65.5	57.5	38	56	41.5	75	54.5	43.5	43	49.5	58	78	67	82	60.5	65	89	25	54.5	57.5	64.5	24	31.5	74	34.5	28.5	59	65.5	11.5	26.5	53.5	34	64	62	65.5	76	30.5	22	64.5	26.5	46	61.5	62	88	48	37.5	53.5	9.5	46.5	39	22	
34	12	19	44	34	43	57.5	23.5	34.5	74.5	35	13.5	67.5	14.5	36.5	31.5	80.5	86	32.5	0	53	27.5	33.5	48	86	84	42	22.5	58.5	21	69.5	75	36	63.5	60	76.5	76.5	77.5	72.5	59	49.5	75.5	45.5	55	72	49	44.5	1	60.5	55	13	43.5	64	32	28	46	15.5	48.5	82.5	64	78.5	15	42.5	75	28	66.5	46	62.5	72.5	68.5	42	66	30	31	35.5	42.5	
43	43	38	23	45	34	16.5	29.5	34.5	65.5	24	39.5	26.5	55.5	45.5	27.5	39.5	45	36.5	53	0	33.5	35.5	39	45	45	33	38.5	35.5	62	54.5	34	33	22.5	29	37.5	57.5	46.5	61.5	40	40.5	66.5	19.5	34	37	40	18.5	52	51.5	2	44	34.5	45	31	51	33	56.5	39.5	41.5	45	55.5	46	26.5	44	51	25.5	37	41.5	63.5	27.5	27	33	29	22	33.5	26.5	
53.5	17.5	46.5	31.5	49.5	23.5	42	4	35	55	34.5	14	52	30	54	12	65	70.5	43	27.5	33.5	0	34	28.5	70.5	64.5	22.5	13	39	36.5	50	55.5	16.5	48	40.5	57	57	58	53	39.5	30	56	22	35.5	52.5	29.5	23	26.5	41	35.5	18.5	24	44.5	41.5	43.5	26.5	31	29	67	44.5	59	20.5	33	55.5	43.5	49	26.5	43	53	53	22.5	46.5	39.5	11.5	8	33	
27.5	23.5	22.5	22.5	29.5	49.5	36	30	1	81	13.5	20	46	36	30	38	59	64.5	21	33.5	35.5	34	0	54.5	64.5	64.5	48.5	29	55	42.5	74	53.5	42.5	42	48.5	57	77	66	79	59.5	56	82	24	53.5	56.5	55.5	23	32.5	67	33.5	24.5	50	64.5	15.5	35.5	52.5	37	55	61	64.5	75	26.5	21	63.5	35.5	45	52.5	61	79	47	36.5	52.5	13.5	37.5	38	21	
78	38	67	52	70	19	36.5	24.5	55.5	30.5	59	34.5	31.5	50.5	74.5	22.5	40.5	50	63.5	48	39	28.5	54.5	0	50	40	18	33.5	19.5	57	25.5	31	32	32.5	26	32.5	32.5	33.5	28.5	11	10.5	31.5	50.5	21	28	1	51.5	47	16.5	41	39	4.5	20	64	64	22	51.5	9.5	46.5	20	34.5	41	53.5	31	64	29.5	2	18.5	28.5	32.5	38	18	64	17	36.5	53.5	
72	84	67	52	74	55	30.5	70.5	63.5	28.5	53	80.5	20.5	88.5	74.5	66.5	13.5	0	65.5	86	45	70.5	64.5	50	0	14	56	75.5	39.5	97	28.5	23	62	26.5	38	21.5	21.5	20.5	25.5	39	48.5	27.5	48.5	43	26	49	47.5	87	37.5	43	85	50.5	34	60	80	52	87.5	49.5	5.5	34	19.5	83	55.5	23	80	29.5	48	35.5	30.5	21.5	56	32	58	63	62.5	55.5	
72	74	67	52	74	55	30.5	60.5	63.5	36.5	53	70.5	20.5	86.5	74.5	58.5	13.5	14	65.5	84	45	64.5	64.5	40	14	0	54	69.5	39.5	93	28.5	23	62	26.5	38	21.5	26.5	20.5	30.5	39	46.5	37.5	48.5	43	26	41	47.5	83	37.5	43	75	40.5	34	60	80	52	87.5	45.5	10.5	34	24.5	77	55.5	23	80	29.5	38	35.5	34.5	21.5	56	32	58	53	62.5	55.5	
64	32	59	44	64	1	27.5	18.5	49.5	44.5	45	28.5	37.5	44.5	66.5	16.5	50.5	56	57.5	42	33	22.5	48.5	18	56	54	0	27.5	28.5	51	39.5	45	26	33.5	30	46.5	46.5	47.5	42.5	29	19.5	45.5	40.5	25	42	19	39.5	41	30.5	35	33	13.5	34	52	58	4	45.5	18.5	52.5	34	48.5	35	47.5	45	58	36.5	16	32.5	42.5	38.5	32	36	50	11	30.5	47.5	
48.5	12.5	41.5	31.5	44.5	28.5	47	9	30	60	29.5	9	57	25	49	17	70	75.5	38	22.5	38.5	13	29	33.5	75.5	69.5	27.5	0	44	31.5	55	60.5	21.5	53	45.5	62	62	63	58	44.5	35	61	35	40.5	57.5	34.5	34	21.5	46	40.5	13.5	29	49.5	36.5	38.5	31.5	26	34	72	49.5	64	15.5	20	60.5	38.5	54	31.5	48	58	58	27.5	51.5	34.5	16.5	21	20	
62.5	48.5	57.5	42.5	64.5	29.5	21	35	54	46	43.5	45	21	61	65	33	34	39.5	56	58.5	35.5	39	55	19.5	39.5	39.5	28.5	44	0	67.5	41	28.5	42.5	13	28.5	32	48	41	44	30.5	9	47	39	31.5	31.5	20.5	38	57.5	32	33.5	49.5	15	35.5	50.5	70.5	32.5	62	10	36	35.5	50	51.5	46	38.5	70.5	10	17.5	34	44	22	46.5	27.5	48.5	27.5	47	46	
25	21	40	55	33	52	68.5	32.5	43.5	83.5	46	22.5	78.5	18.5	32.5	40.5	91.5	97	41.5	21	62	36.5	42.5	57	97	93	51	31.5	67.5	0	78.5	84	45	74.5	69	85.5	85.5	86.5	81.5	68	58.5	84.5	56.5	64	81	58	55.5	20	69.5	64	22	52.5	73	43	27	55	19.5	57.5	93.5	73	87.5	24	51.5	84	27	77.5	55	71.5	81.5	79.5	51	75	41	40	44.5	51.5	
81.5	59.5	76.5	61.5	83.5	40.5	40	46	73	27	62.5	56	30	72	84	44	15	28.5	75	69.5	54.5	50	74	25.5	28.5	28.5	39.5	55	41	78.5	0	32.5	53.5	36	47.5	31	29	8	25	36.5	32	28	58	42.5	35.5	26.5	57	68.5	23	52.5	60.5	26	31.5	69.5	85.5	43.5	73	31	25	31.5	31	62.5	65	32.5	85.5	39	23.5	35	25	31	59.5	41.5	67.5	38.5	58	65	
61	65	56	41	63	44	19.5	51.5	52.5	47.5	42	61.5	9.5	77.5	63.5	49.5	17.5	23	54.5	75	34	55.5	53.5	31	23	23	45	60.5	28.5	84	32.5	0	51	15.5	27	15.5	35.5	24.5	39.5	28	37.5	46.5	37.5	32	3	32	36.5	74	31.5	32	66	31.5	11	49	69	41	76.5	36.5	19.5	11	33.5	68	44.5	22	69	18.5	29	24.5	45.5	10.5	45	21	47	44	51.5	44.5	
50	26	45	30	52	27	33.5	12.5	41.5	58.5	31	22.5	43.5	38.5	52.5	15.5	56.5	62	43.5	36	33	16.5	42.5	32	62	62	26	21.5	42.5	45	53.5	51	0	39.5	44	54.5	60.5	61.5	56.5	43	33.5	59.5	26.5	39	54	33	25.5	35	44.5	31	27	27.5	48	38	52	30	39.5	32.5	58.5	48	62.5	29	33.5	59	52	42.5	30	46.5	56.5	44.5	6	50	36	15	24.5	33.5	
49.5	61.5	44.5	29.5	51.5	32.5	8	48	41	51	30.5	58	8	66	52	44	21	26.5	43	63.5	22.5	48	42	32.5	26.5	26.5	33.5	53	13	74.5	36	15.5	39.5	0	15.5	19	39	28	43	21.5	22	50	26	20.5	18.5	31.5	25	64.5	35	20.5	62.5	28	26.5	37.5	57.5	29.5	65	23	23	26.5	37	60.5	33	25.5	57.5	3	30.5	23	53	9	33.5	14.5	35.5	40.5	40	33	
56	50	51	36	58	31	14.5	36.5	47.5	52.5	37	46.5	19.5	62.5	58.5	34.5	32.5	38	49.5	60	29	40.5	48.5	26	38	38	30	45.5	28.5	69	47.5	27	44	15.5	0	30.5	50.5	39.5	50.5	33	27.5	53.5	32.5	5	30	27	31.5	59	38.5	27	51	21.5	38	44	64	34	63.5	26.5	34.5	38	48.5	53	39.5	37	64	18.5	24	34.5	50.5	20.5	40	26	42	29	46.5	39.5	
64.5	66.5	59.5	44.5	66.5	47.5	23	53	56	44	45.5	63	13	79	67	51	16	21.5	58	76.5	37.5	57	57	32.5	21.5	21.5	46.5	62	32	85.5	31	15.5	54.5	19	30.5	0	34	23	38	31.5	39	45	41	35.5	18.5	33.5	40	75.5	16	35.5	67.5	33	26.5	52.5	72.5	44.5	80	38	18	26.5	32	69.5	48	20.5	72.5	22	30.5	28	42	14	48.5	24.5	50.5	45.5	55	48	
84.5	66.5	79.5	64.5	86.5	47.5	43	53	76	24	65.5	63	33	79	87	51	26	21.5	78	76.5	57.5	57	77	32.5	21.5	26.5	46.5	62	48	85.5	29	35.5	60.5	39	50.5	34	0	33	4	43.5	39	25	61	49.5	38.5	33.5	60	75.5	30	55.5	67.5	33	38.5	72.5	92.5	50.5	80	38	16	38.5	2	69.5	68	35.5	92.5	42	30.5	42	22	34	66.5	44.5	70.5	45.5	65	68	
73.5	67.5	68.5	53.5	75.5	48.5	32	54	65	35	54.5	64	22	80	76	52	7	20.5	67	77.5	46.5	58	66	33.5	20.5	20.5	47.5	63	41	86.5	8	24.5	61.5	28	39.5	23	33	0	33	40.5	40	36	50	44.5	27.5	34.5	49	76.5	31	44.5	68.5	34	35.5	61.5	81.5	51.5	81	39	17	35.5	31	70.5	57	24.5	81.5	31	31.5	37	33	23	57.5	33.5	59.5	46.5	64	57	
88.5	62.5	83.5	68.5	90.5	43.5	47	49	80	20	69.5	59	37	75	91	47	30	25.5	82	72.5	61.5	53	79	28.5	25.5	30.5	42.5	58	44	81.5	25	39.5	56.5	43	50.5	38	4	33	0	39.5	35	21	65	45.5	42.5	29.5	64	71.5	26	59.5	63.5	29	34.5	76.5	88.5	46.5	76	34	20	34.5	6	65.5	72	35.5	88.5	46	26.5	38	18	38	62.5	46.5	74.5	41.5	61	72	
67	49	62	47	69	30	25.5	35.5	58.5	41.5	48	45.5	20.5	61.5	69.5	33.5	33.5	39	60.5	59	40	39.5	59.5	11	39	39	29	44.5	30.5	68	36.5	28	43	21.5	33	31.5	43.5	40.5	39.5	0	21.5	42.5	43.5	32	31	10	42.5	58	27.5	38	50	15.5	31	55	75	33	62.5	20.5	35.5	31	45.5	52	50.5	38	75	24.5	13	29.5	39.5	21.5	49	7	53	28	47.5	50.5	
71.5	39.5	66.5	51.5	71.5	20.5	30	26	57	37	52.5	36	30	52	74	24	43	48.5	65	49.5	40.5	30	56	10.5	48.5	46.5	19.5	35	9	58.5	32	37.5	33.5	22	27.5	39	39	40	35	21.5	0	38	48	22.5	34.5	11.5	47	48.5	23	42.5	40.5	6	26.5	59.5	65.5	23.5	53	1	45	26.5	41	42.5	55	37.5	65.5	19	8.5	25	35	31	39.5	28.5	57.5	18.5	38	55	
95.5	65.5	90.5	75.5	97.5	46.5	54	52	83	1	76.5	62	44	78	98	50	37	27.5	89	75.5	66.5	56	82	31.5	27.5	37.5	45.5	61	47	84.5	28	46.5	59.5	50	53.5	45	25	36	21	42.5	38	0	72	48.5	45.5	32.5	71	74.5	29	66.5	66.5	32	37.5	83.5	91.5	49.5	79	37	29	37.5	27	68.5	79	38.5	91.5	53	29.5	41	3	45	65.5	49.5	81.5	44.5	64	79	
31.5	39.5	26.5	11.5	33.5	39.5	20	26	23	73	12.5	36	30	48	34	34	43	48.5	25	45.5	19.5	22	24	50.5	48.5	48.5	40.5	35	39	56.5	58	37.5	26.5	26	32.5	41	61	50	65	43.5	48	72	0	37.5	40.5	51.5	1	46.5	57	17.5	40.5	46	48.5	19.5	39.5	36.5	47	49	45	48.5	59	42.5	15	47.5	39.5	29	48.5	45	75	31	20.5	36.5	17.5	33.5	14	15	
61	45	56	41	63	26	19.5	31.5	52.5	47.5	42	41.5	24.5	57.5	63.5	29.5	37.5	43	54.5	55	34	35.5	53.5	21	43	43	25	40.5	31.5	64	42.5	32	39	20.5	5	35.5	49.5	44.5	45.5	32	22.5	48.5	37.5	0	35	22	36.5	54	33.5	32	46	16.5	37	49	69	29	58.5	21.5	39.5	37	51.5	48	44.5	42	69	23.5	19	35.5	45.5	25.5	45	31	47	24	43.5	44.5	
64	62	59	44	66	43	22.5	48.5	55.5	44.5	45	58.5	12.5	74.5	66.5	46.5	20.5	26	57.5	72	37	52.5	56.5	28	26	26	42	57.5	31.5	81	35.5	3	54	18.5	30	18.5	38.5	27.5	42.5	31	34.5	45.5	40.5	35	0	29	39.5	71	30.5	35	63	28.5	8	52	72	44	75.5	33.5	22.5	8	36.5	65	47.5	25	72	21.5	26	27.5	42.5	13.5	48	24	50	41	54.5	47.5	
77	39	68	53	71	20	35.5	25.5	56.5	31.5	58	35.5	30.5	51.5	75.5	23.5	41.5	49	64.5	49	40	29.5	55.5	1	49	41	19	34.5	20.5	58	26.5	32	33	31.5	27	33.5	33.5	34.5	29.5	10	11.5	32.5	51.5	22	29	0	52.5	48	17.5	42	40	5.5	21	65	65	23	52.5	10.5	45.5	21	35.5	42	54.5	32	65	30.5	3	19.5	29.5	31.5	39	17	63	18	37.5	54.5	
30.5	40.5	25.5	10.5	32.5	38.5	19	27	22	72	11.5	37	29	47	33	35	42	47.5	24	44.5	18.5	23	23	51.5	47.5	47.5	39.5	34	38	55.5	57	36.5	25.5	25	31.5	40	60	49	64	42.5	47	71	1	36.5	39.5	52.5	0	45.5	56	16.5	41.5	47	47.5	18.5	38.5	35.5	46	48	44	47.5	58	41.5	14	46.5	38.5	28	49.5	44	74	30	19.5	35.5	16.5	34.5	15	14	
35	11	20	45	33	42	58.5	22.5	33.5	73.5	36	12.5	68.5	13.5	37.5	30.5	81.5	87	31.5	1	52	26.5	32.5	47	87	83	41	21.5	57.5	20	68.5	74	35	64.5	59	75.5	75.5	76.5	71.5	58	48.5	74.5	46.5	54	71	48	45.5	0	59.5	54	12	42.5	63	33	27	45	14.5	47.5	83.5	63	77.5	14	41.5	74	27	67.5	45	61.5	71.5	69.5	41	65	31	30	34.5	41.5	
80.5	50.5	75.5	60.5	82.5	31.5	39	37	68	28	61.5	47	29	63	83	35	32	37.5	74	60.5	51.5	41	67	16.5	37.5	37.5	30.5	46	32	69.5	23	31.5	44.5	35	38.5	16	30	31	26	27.5	23	29	57	33.5	30.5	17.5	56	59.5	0	51.5	51.5	17	22.5	68.5	76.5	34.5	64	22	34	22.5	32	53.5	64	28.5	76.5	38	14.5	26	26	30	50.5	34.5	66.5	29.5	49	64	
41	45	36	21	43	34	14.5	31.5	32.5	67.5	22	41.5	24.5	57.5	43.5	29.5	37.5	43	34.5	55	2	35.5	33.5	41	43	43	35	40.5	33.5	64	52.5	32	31	20.5	27	35.5	55.5	44.5	59.5	38	42.5	66.5	17.5	32	35	42	16.5	54	51.5	0	46	36.5	43	29	49	31	56.5	41.5	39.5	43	53.5	48	24.5	42	49	23.5	39	39.5	65.5	25.5	25	31	27	24	31.5	24.5	
43	1	32	37	35	34	56.5	14.5	25.5	65.5	34	4.5	66.5	15.5	39.5	22.5	75.5	85	28.5	13	44	18.5	24.5	39	85	75	33	13.5	49.5	22	60.5	66	27	62.5	51	67.5	67.5	68.5	63.5	50	40.5	66.5	40.5	46	63	40	41.5	12	51.5	46	0	34.5	55	25	29	37	16.5	39.5	81.5	55	69.5	2	33.5	66	29	59.5	37	53.5	63.5	67.5	33	57	27	22	26.5	33.5	
77.5	33.5	62.5	47.5	65.5	14.5	34	20	51	31	56.5	30	34	46	70	18	41	50.5	59	43.5	34.5	24	50	4.5	50.5	40.5	13.5	29	15	52.5	26	31.5	27.5	28	21.5	33	33	34	29	15.5	6	32	46	16.5	28.5	5.5	47	42.5	17	36.5	34.5	0	20.5	59.5	59.5	17.5	47	5	49	20.5	35	36.5	49	31.5	59.5	25	2.5	19	29	33	33.5	22.5	61.5	12.5	32	49	
72	54	67	52	74	35	30.5	40.5	63.5	36.5	53	50.5	20.5	66.5	74.5	38.5	28.5	34	65.5	64	45	44.5	64.5	20	34	34	34	49.5	35.5	73	31.5	11	48	26.5	38	26.5	38.5	35.5	34.5	31	26.5	37.5	48.5	37	8	21	47.5	63	22.5	43	55	20.5	0	60	80	38	67.5	25.5	30.5	0	40.5	57	55.5	33	80	29.5	18	29.5	34.5	21.5	54	32	58	33	52.5	55.5	
18	26	13	18	20	51	31.5	39.5	14.5	84.5	9	29.5	41.5	34.5	20.5	47.5	54.5	60	11.5	32	31	41.5	15.5	64	60	60	52	36.5	50.5	43	69.5	49	38	37.5	44	52.5	72.5	61.5	76.5	55	59.5	83.5	19.5	49	52	65	18.5	33	68.5	29	25	59.5	60	0	26	48	33.5	60.5	56.5	60	70.5	23	16.5	59	26	40.5	62	56.5	86.5	42.5	32	48	2	47	33.5	16.5	
18	28	23	38	6	59	51.5	39.5	34.5	90.5	29	29.5	61.5	25.5	20.5	47.5	74.5	80	26.5	28	51	43.5	35.5	64	80	80	58	38.5	70.5	27	85.5	69	52	57.5	64	72.5	92.5	81.5	88.5	75	65.5	91.5	39.5	69	72	65	38.5	27	76.5	49	29	59.5	80	26	0	62	26.5	64.5	76.5	80	90.5	31	36.5	79	0	60.5	62	76.5	88.5	62.5	52	68	24	47	51.5	36.5	
60	36	55	40	62	3	23.5	22.5	51.5	48.5	41	32.5	33.5	48.5	62.5	20.5	46.5	52	53.5	46	33	26.5	52.5	22	52	52	4	31.5	32.5	55	43.5	41	30	29.5	34	44.5	50.5	51.5	46.5	33	23.5	49.5	36.5	29	44	23	35.5	45	34.5	31	37	17.5	38	48	62	0	49.5	22.5	48.5	38	52.5	39	43.5	49	62	32.5	20	36.5	46.5	34.5	36	40	46	15	34.5	43.5	
30.5	15.5	30.5	45.5	32.5	46.5	59	27	38	78	36.5	17	69	1	33	35	82	87.5	34	15.5	56.5	31	37	51.5	87.5	87.5	45.5	26	62	19.5	73	76.5	39.5	65	63.5	80	80	81	76	62.5	53	79	47	58.5	75.5	52.5	46	14.5	64	56.5	16.5	47	67.5	33.5	26.5	49.5	0	52	84	67.5	82	18.5	44	78.5	26.5	68	49.5	66	76	70	45.5	69.5	31.5	34.5	39	44	
72.5	38.5	67.5	52.5	70.5	19.5	31	25	56	36	53.5	35	31	51	75	23	44	49.5	64	48.5	39.5	29	55	9.5	49.5	45.5	18.5	34	10	57.5	31	36.5	32.5	23	26.5	38	38	39	34	20.5	1	37	49	21.5	33.5	10.5	48	47.5	22	41.5	39.5	5	25.5	60.5	64.5	22.5	52	0	46	25.5	40	41.5	54	36.5	64.5	20	7.5	24	34	32	38.5	27.5	58.5	17.5	37	54	
68.5	82.5	63.5	48.5	70.5	51.5	27	69	60	30	49.5	79	17	85	71	63	10	5.5	62	82.5	41.5	67	61	46.5	5.5	10.5	52.5	72	36	93.5	25	19.5	58.5	23	34.5	18	16	17	20	35.5	45	29	45	39.5	22.5	45.5	44	83.5	34	39.5	81.5	49	30.5	56.5	76.5	48.5	84	46	0	30.5	14	79.5	52	19.5	76.5	26	46.5	32	32	18	52.5	28.5	54.5	61.5	59	52	
72	54	67	52	74	35	30.5	40.5	63.5	36.5	53	50.5	20.5	66.5	74.5	38.5	28.5	34	65.5	64	45	44.5	64.5	20	34	34	34	49.5	35.5	73	31.5	11	48	26.5	38	26.5	38.5	35.5	34.5	31	26.5	37.5	48.5	37	8	21	47.5	63	22.5	43	55	20.5	0	60	80	38	67.5	25.5	30.5	0	40.5	57	55.5	33	80	29.5	18	29.5	34.5	21.5	54	32	58	33	52.5	55.5	
82.5	68.5	77.5	62.5	84.5	49.5	41	55	74	26	63.5	65	31	81	85	53	24	19.5	76	78.5	55.5	59	75	34.5	19.5	24.5	48.5	64	50	87.5	31	33.5	62.5	37	48.5	32	2	31	6	45.5	41	27	59	51.5	36.5	35.5	58	77.5	32	53.5	69.5	35	40.5	70.5	90.5	52.5	82	40	14	40.5	0	71.5	66	33.5	90.5	40	32.5	44	24	32	66.5	42.5	68.5	47.5	67	66	
41	3	34	39	37	36	54.5	16.5	27.5	67.5	32	6.5	64.5	17.5	41.5	24.5	77.5	83	30.5	15	46	20.5	26.5	41	83	77	35	15.5	51.5	24	62.5	68	29	60.5	53	69.5	69.5	70.5	65.5	52	42.5	68.5	42.5	48	65	42	41.5	14	53.5	48	2	36.5	57	23	31	39	18.5	41.5	79.5	57	71.5	0	35.5	68	31	61.5	39	55.5	65.5	65.5	35	59	25	24	28.5	35.5	
28.5	32.5	23.5	13.5	30.5	46.5	27	29	20	80	9.5	29	37	45	31	37	50	55.5	22	42.5	26.5	33	21	53.5	55.5	55.5	47.5	20	46	51.5	65	44.5	33.5	33	39.5	48	68	57	72	50.5	55	79	15	44.5	47.5	54.5	14	41.5	64	24.5	33.5	49	55.5	16.5	36.5	43.5	44	54	52	55.5	66	35.5	0	54.5	36.5	36	51.5	52	78	38	27.5	43.5	14.5	36.5	29	0	
71	65	66	51	73	46	29.5	51.5	62.5	37.5	52	61.5	19.5	77.5	73.5	49.5	17.5	23	64.5	75	44	55.5	63.5	31	23	23	45	60.5	38.5	84	32.5	22	59	25.5	37	20.5	35.5	24.5	35.5	38	37.5	38.5	47.5	42	25	32	46.5	74	28.5	42	66	31.5	33	59	79	49	78.5	36.5	19.5	33	33.5	68	54.5	0	79	28.5	29	34.5	35.5	20.5	55	31	57	44	61.5	54.5	
18	28	23	38	6	59	51.5	39.5	34.5	90.5	29	29.5	61.5	25.5	20.5	47.5	74.5	80	26.5	28	51	43.5	35.5	64	80	80	58	38.5	70.5	27	85.5	69	52	57.5	64	72.5	92.5	81.5	88.5	75	65.5	91.5	39.5	69	72	65	38.5	27	76.5	49	29	59.5	80	26	0	62	26.5	64.5	76.5	80	90.5	31	36.5	79	0	60.5	62	76.5	88.5	62.5	52	68	24	47	51.5	36.5	
52.5	58.5	47.5	32.5	54.5	35.5	11	45	44	54	33.5	55	11	69	55	43	24	29.5	46	66.5	25.5	49	45	29.5	29.5	29.5	36.5	54	10	77.5	39	18.5	42.5	3	18.5	22	42	31	46	24.5	19	53	29	23.5	21.5	30.5	28	67.5	38	23.5	59.5	25	29.5	40.5	60.5	32.5	68	20	26	29.5	40	61.5	36	28.5	60.5	0	27.5	26	54	12	36.5	17.5	38.5	37.5	43	36	
80	36	65	50	68	17	36.5	22.5	53.5	28.5	59	32.5	31.5	48.5	72.5	20.5	38.5	48	61.5	46	37	26.5	52.5	2	48	38	16	31.5	17.5	55	23.5	29	30	30.5	24	30.5	30.5	31.5	26.5	13	8.5	29.5	48.5	19	26	3	49.5	45	14.5	39	37	2.5	18	62	62	20	49.5	7.5	46.5	18	32.5	39	51.5	29	62	27.5	0	16.5	26.5	30.5	36	20	64	15	34.5	51.5	
68.5	52.5	63.5	48.5	70.5	33.5	27	39	60	40	49.5	49	15	65	71	37	30	35.5	62	62.5	41.5	43	61	18.5	35.5	35.5	32.5	48	34	71.5	35	24.5	46.5	23	34.5	28	42	37	38	29.5	25	41	45	35.5	27.5	19.5	44	61.5	26	39.5	53.5	19	29.5	56.5	76.5	36.5	66	24	32	29.5	44	55.5	52	34.5	76.5	26	16.5	0	38	14	52.5	28.5	54.5	31.5	51	52	
98.5	62.5	91.5	76.5	94.5	43.5	57	49	80	2	79.5	59	47	75	99	47	40	30.5	88	72.5	63.5	53	79	28.5	30.5	34.5	42.5	58	44	81.5	25	45.5	56.5	53	50.5	42	22	33	18	39.5	35	3	75	45.5	42.5	29.5	74	71.5	26	65.5	63.5	29	34.5	86.5	88.5	46.5	76	34	32	34.5	24	65.5	78	35.5	88.5	54	26.5	38	0	48	62.5	46.5	84.5	41.5	61	78	
54.5	66.5	49.5	34.5	56.5	37.5	13	53	46	46	35.5	63	1	71	57	49	16	21.5	48	68.5	27.5	53	47	32.5	21.5	21.5	38.5	58	22	79.5	31	10.5	44.5	9	20.5	14	34	23	38	21.5	31	45	31	25.5	13.5	31.5	30	69.5	30	25.5	67.5	33	21.5	42.5	62.5	34.5	70	32	18	21.5	32	65.5	38	20.5	62.5	12	30.5	14	48	0	38.5	14.5	40.5	45.5	45	38	
44	32	39	24	46	33	27.5	18.5	35.5	64.5	25	28.5	37.5	44.5	46.5	21.5	50.5	56	37.5	42	27	22.5	36.5	38	56	56	32	27.5	46.5	51	59.5	45	6	33.5	40	48.5	66.5	57.5	62.5	49	39.5	65.5	20.5	45	48	39	19.5	41	50.5	25	33	33.5	54	32	52	36	45.5	38.5	52.5	54	66.5	35	27.5	55	52	36.5	36	52.5	62.5	38.5	0	44	30	21	30.5	27.5	
60	56	55	40	62	37	18.5	42.5	51.5	48.5	41	52.5	13.5	68.5	62.5	40.5	26.5	32	53.5	66	33	46.5	52.5	18	32	32	36	51.5	27.5	75	41.5	21	50	14.5	26	24.5	44.5	33.5	46.5	7	28.5	49.5	36.5	31	24	17	35.5	65	34.5	31	57	22.5	32	48	68	40	69.5	27.5	28.5	32	42.5	59	43.5	31	68	17.5	20	28.5	46.5	14.5	44	0	46	35	50.5	43.5	
16	28	11	16	18	49	29.5	41.5	12.5	82.5	7	31.5	39.5	32.5	18.5	45.5	52.5	58	9.5	30	29	39.5	13.5	64	58	58	50	34.5	48.5	41	67.5	47	36	35.5	42	50.5	70.5	59.5	74.5	53	57.5	81.5	17.5	47	50	63	16.5	31	66.5	27	27	61.5	58	2	24	46	31.5	58.5	54.5	58	68.5	25	14.5	57	24	38.5	64	54.5	84.5	40.5	30	46	0	49	31.5	14.5	
65	21	50	35	53	12	36.5	7.5	38.5	43.5	44	17.5	46.5	33.5	57.5	5.5	53.5	63	46.5	31	22	11.5	37.5	17	63	53	11	16.5	27.5	40	38.5	44	15	40.5	29	45.5	45.5	46.5	41.5	28	18.5	44.5	33.5	24	41	18	34.5	30	29.5	24	22	12.5	33	47	47	15	34.5	17.5	61.5	33	47.5	24	36.5	44	47	37.5	15	31.5	41.5	45.5	21	35	49	0	19.5	36.5	
45.5	25.5	40.5	25.5	47.5	31.5	34	12	37	63	26.5	22	44	38	48	20	57	62.5	39	35.5	33.5	8	38	36.5	62.5	62.5	30.5	21	47	44.5	58	51.5	24.5	40	46.5	55	65	64	61	47.5	38	64	14	43.5	54.5	37.5	15	34.5	49	31.5	26.5	32	52.5	33.5	51.5	34.5	39	37	59	52.5	67	28.5	29	61.5	51.5	43	34.5	51	61	45	30.5	50.5	31.5	19.5	0	29	
28.5	32.5	23.5	13.5	30.5	46.5	27	29	20	80	9.5	29	37	45	31	37	50	55.5	22	42.5	26.5	33	21	53.5	55.5	55.5	47.5	20	46	51.5	65	44.5	33.5	33	39.5	48	68	57	72	50.5	55	79	15	44.5	47.5	54.5	14	41.5	64	24.5	33.5	49	55.5	16.5	36.5	43.5	44	54	52	55.5	66	35.5	0	54.5	36.5	36	51.5	52	78	38	27.5	43.5	14.5	36.5	29	0	
