Number of items: 75
Horizon: 9
Time limit: 750
Load limit: 4500
Initial item inventory level
48
67
43
22
186
64
152
147
24
132
246
219
288
132
246
180
87
128
194
148
195
24
52
14
39
84
26
87
31
86
177
36
134
270
44
20
273
270
12
53
170
40
93
71
47
129
32
219
158
20
153
186
252
23
192
124
240
60
34
54
192
57
90
82
132
40
22
67
216
135
19
148
138
78
26
Maximum inventory capacity per item
64
134
86
44
248
96
228
196
48
176
328
292
384
176
328
240
116
192
291
222
260
48
78
28
78
168
52
116
62
129
236
48
201
360
88
30
364
360
24
106
255
80
186
142
94
172
48
292
237
30
204
248
336
46
256
186
320
90
68
108
288
114
120
164
176
60
44
134
288
180
38
222
184
104
52
Reserve storage replenishment rate per item and per period
96	0	0	96	0	0	96	0	0	
402	0	0	402	0	0	402	0	0	
258	0	0	258	0	0	258	0	0	
132	0	0	132	0	0	132	0	0	
372	0	0	372	0	0	372	0	0	
192	0	0	192	0	0	192	0	0	
456	0	0	456	0	0	456	0	0	
294	0	0	294	0	0	294	0	0	
144	0	0	144	0	0	144	0	0	
264	0	0	264	0	0	264	0	0	
492	0	0	492	0	0	492	0	0	
438	0	0	438	0	0	438	0	0	
576	0	0	576	0	0	576	0	0	
264	0	0	264	0	0	264	0	0	
492	0	0	492	0	0	492	0	0	
360	0	0	360	0	0	360	0	0	
174	0	0	174	0	0	174	0	0	
384	0	0	384	0	0	384	0	0	
582	0	0	582	0	0	582	0	0	
444	0	0	444	0	0	444	0	0	
390	0	0	390	0	0	390	0	0	
144	0	0	144	0	0	144	0	0	
156	0	0	156	0	0	156	0	0	
84	0	0	84	0	0	84	0	0	
234	0	0	234	0	0	234	0	0	
504	0	0	504	0	0	504	0	0	
156	0	0	156	0	0	156	0	0	
174	0	0	174	0	0	174	0	0	
186	0	0	186	0	0	186	0	0	
258	0	0	258	0	0	258	0	0	
354	0	0	354	0	0	354	0	0	
72	0	0	72	0	0	72	0	0	
402	0	0	402	0	0	402	0	0	
540	0	0	540	0	0	540	0	0	
264	0	0	264	0	0	264	0	0	
60	0	0	60	0	0	60	0	0	
546	0	0	546	0	0	546	0	0	
540	0	0	540	0	0	540	0	0	
72	0	0	72	0	0	72	0	0	
318	0	0	318	0	0	318	0	0	
510	0	0	510	0	0	510	0	0	
240	0	0	240	0	0	240	0	0	
558	0	0	558	0	0	558	0	0	
426	0	0	426	0	0	426	0	0	
282	0	0	282	0	0	282	0	0	
258	0	0	258	0	0	258	0	0	
96	0	0	96	0	0	96	0	0	
438	0	0	438	0	0	438	0	0	
474	0	0	474	0	0	474	0	0	
60	0	0	60	0	0	60	0	0	
306	0	0	306	0	0	306	0	0	
372	0	0	372	0	0	372	0	0	
504	0	0	504	0	0	504	0	0	
138	0	0	138	0	0	138	0	0	
384	0	0	384	0	0	384	0	0	
372	0	0	372	0	0	372	0	0	
480	0	0	480	0	0	480	0	0	
180	0	0	180	0	0	180	0	0	
204	0	0	204	0	0	204	0	0	
324	0	0	324	0	0	324	0	0	
576	0	0	576	0	0	576	0	0	
342	0	0	342	0	0	342	0	0	
180	0	0	180	0	0	180	0	0	
492	0	0	492	0	0	492	0	0	
264	0	0	264	0	0	264	0	0	
120	0	0	120	0	0	120	0	0	
132	0	0	132	0	0	132	0	0	
402	0	0	402	0	0	402	0	0	
432	0	0	432	0	0	432	0	0	
270	0	0	270	0	0	270	0	0	
114	0	0	114	0	0	114	0	0	
444	0	0	444	0	0	444	0	0	
276	0	0	276	0	0	276	0	0	
156	0	0	156	0	0	156	0	0	
156	0	0	156	0	0	156	0	0	
Forward storage demand rate per item and per period
16	21	16	16	11	17	5	19	20	
67	64	74	83	48	83	72	58	56	
43	42	34	50	45	48	29	32	54	
22	24	26	13	15	25	13	24	15	
62	99	56	48	73	10	69	59	81	
32	47	51	47	31	29	50	7	25	
76	113	76	45	118	97	47	32	136	
49	7	55	70	63	55	60	47	59	
24	23	39	38	37	46	30	12	18	
44	64	30	47	29	78	25	46	59	
82	92	46	32	64	94	80	94	50	
73	41	117	29	67	80	73	91	47	
96	125	100	62	55	127	91	74	91	
44	10	59	44	41	7	52	87	36	
82	136	92	112	54	104	78	63	80	
60	32	70	65	68	60	41	44	14	
29	27	10	41	31	23	20	35	10	
64	95	104	76	86	72	54	73	101	
97	61	174	85	33	105	31	154	164	
74	136	45	74	76	110	139	24	90	
65	75	38	48	51	46	34	37	22	
24	23	20	10	11	20	32	38	23	
26	34	13	16	31	27	14	25	29	
14	27	11	18	20	15	16	5	1	
39	42	34	14	57	16	40	10	73	
84	136	80	123	69	11	149	38	50	
26	18	23	20	14	27	20	9	24	
29	16	49	26	7	42	17	28	23	
31	30	54	13	51	39	25	25	19	
43	35	22	42	16	59	71	39	35	
59	25	100	63	68	49	55	82	15	
12	11	11	9	13	12	14	10	7	
67	18	89	41	75	30	36	82	50	
90	46	56	56	103	124	113	105	107	
44	54	42	47	47	1	84	41	31	
10	13	1	13	11	15	6	8	16	
91	120	89	90	117	63	80	134	42	
90	38	49	114	101	76	33	161	50	
12	15	5	11	14	12	9	14	18	
53	58	19	21	67	60	39	53	22	
85	28	73	93	40	91	110	66	113	
40	17	63	73	41	40	63	22	27	
93	111	21	118	125	88	69	121	77	
71	41	81	21	74	84	33	127	120	
47	41	24	69	40	21	56	88	63	
43	63	46	41	33	24	21	44	38	
16	19	26	7	17	10	25	3	16	
73	80	24	32	75	63	112	114	61	
79	72	95	90	53	58	126	36	90	
10	2	10	8	11	18	5	6	6	
51	67	23	63	79	44	93	35	63	
62	83	48	63	86	87	93	43	68	
84	88	49	91	49	64	84	76	121	
23	12	19	31	9	18	42	25	13	
64	52	41	55	96	38	64	93	83	
62	90	69	24	51	52	77	100	66	
80	77	72	59	43	42	76	101	95	
30	24	8	40	17	35	9	48	33	
34	39	29	6	43	44	46	47	38	
54	30	84	81	90	45	45	80	46	
96	39	49	39	61	95	113	28	101	
57	59	100	67	29	18	66	56	12	
30	51	19	43	33	10	18	30	55	
82	121	103	57	48	11	83	98	42	
44	57	29	45	46	69	17	34	59	
20	8	15	21	4	21	30	24	16	
22	20	18	28	30	23	16	32	14	
67	47	22	90	94	76	47	58	121	
72	105	91	79	46	70	98	123	113	
45	70	54	21	84	10	49	30	62	
19	24	31	8	8	15	35	3	30	
74	29	119	66	72	53	128	85	67	
46	61	30	38	90	48	62	42	29	
26	15	22	24	20	17	46	34	30	
26	11	28	22	33	46	34	16	23	
Distance matrix
0	18.5	29	51.5	38.5	43.5	32	97.5	63	25.5	51	24	92	72	23.5	71.5	84.5	30	48.5	50	53	46	37.5	72.5	61	38.5	25.5	30	40.5	98.5	88.5	90	26.5	57	74	48.5	74.5	79	67.5	9	60	65	70	89	57.5	36.5	89	62	41	30.5	42	71.5	65.5	62.5	53.5	43.5	59	18	40.5	43.5	43	37	10	68.5	76.5	81	82	43	59	67.5	92	31	46.5	56	59.5	80	
18.5	0	32.5	35	38	47	35.5	89	66.5	31	54.5	32.5	79.5	59.5	33	75	88	33.5	52	41.5	56.5	45.5	29	54	50.5	42	29	26.5	26	88	92	81.5	30	60.5	57.5	52	62	82.5	71	17.5	63.5	56.5	73.5	72.5	39	40	92.5	65.5	30.5	34	45.5	75	69	64	43	47	62.5	36.5	44	47	28.5	34.5	18.5	68	80	84.5	79.5	38.5	62.5	69	89.5	34.5	50	55.5	47	83.5	
29	32.5	0	29.5	32.5	22.5	31	76.5	42	49.5	30	43	69	49	47.5	50.5	63.5	1	27.5	21	32	17	41.5	43.5	40	17.5	9.5	49	40.5	77.5	67.5	69	30.5	36	47	27.5	51.5	58	46.5	28	39	44	49	62	28.5	15.5	68	41	40	14.5	13	50.5	44.5	41.5	32.5	22.5	38	47	24.5	22.5	38	36	29	47.5	55.5	60	61	32	38	46.5	71	20	25.5	35	36.5	59	
51.5	35	29.5	0	15	40	21.5	56	35.5	28	37.5	29.5	46.5	26.5	30	72	69	28.5	55	8.5	55.5	12.5	16	21	17.5	45	26	23.5	13	55	65	48.5	27	31.5	24.5	55	29	59.5	66	44.5	58.5	23.5	58.5	39.5	6	27	59.5	46.5	12.5	21	16.5	62	68	31	10	50	29.5	35.5	11	30	10.5	16.5	43.5	35	67	57.5	46.5	10.5	39.5	36	56.5	22.5	47	22.5	14	58.5	
38.5	38	32.5	15	0	47	24.5	69	48.5	31	50.5	32.5	59.5	39.5	33	75	82	33.5	52	21.5	56.5	25.5	19	34	30.5	42	29	26.5	16	68	78	61.5	30	44.5	37.5	52	42	72.5	71	37.5	63.5	36.5	71.5	52.5	19	40	72.5	59.5	15.5	34	29.5	75	69	44	23	47	42.5	38.5	26	43	13.5	19.5	38.5	48	80	70.5	59.5	18.5	52.5	49	69.5	30.5	50	35.5	27	71.5	
43.5	47	22.5	40	47	0	45.5	64	31.5	64	19.5	57.5	54.5	34.5	62	40	53	23.5	17	41.5	21.5	39.5	54	29	30.5	5	24	61.5	51	63	57	56.5	45	25.5	32.5	17	37	47.5	36	42.5	28.5	31.5	38.5	47.5	34	25	57.5	30.5	50.5	29	35.5	40	34	31	38	12	27.5	61.5	39	22	48.5	50.5	43.5	37	45	49.5	50.5	46.5	27.5	36	60.5	34.5	15	29.5	32	48.5	
32	35.5	31	21.5	24.5	45.5	0	75.5	55	32.5	53	34	66	46	34.5	73.5	86.5	32	50.5	28	55	32	20.5	40.5	37	40.5	27.5	28	17.5	74.5	84.5	68	31.5	51	44	50.5	48.5	79	69.5	31	62	43	72	59	25.5	38.5	79	64	9	32.5	36	73.5	67.5	50.5	29.5	45.5	49	40	32.5	45.5	11	5	32	54.5	78.5	77	66	25	59	55.5	76	33	48.5	42	33.5	78	
97.5	89	76.5	56	69	64	75.5	0	44.5	82	56.5	83.5	15.5	35.5	84	34	13	77.5	51	57.5	50.5	61.5	70	35	46.5	61	78	77.5	67	1	9	17.5	81	50.5	33.5	51	33	28.5	40	96.5	47.5	42.5	37.5	18.5	50	71	18.5	45.5	66.5	77	65.5	36	38	45	54	56	48.5	89.5	67	64	64.5	70.5	97.5	39	31	26.5	25.5	64.5	48.5	40	15.5	76.5	59	51.5	48	27.5	
63	66.5	42	35.5	48.5	31.5	55	44.5	0	61.5	34	63	35	9	63.5	44.5	57.5	43	21.5	37	26	41	49.5	14.5	26	26.5	43.5	57	46.5	43.5	53.5	37	60.5	30	11	21.5	17.5	48	40.5	62	33	22	43	28	29.5	44.5	48	35	46	48.5	45	44.5	38.5	24.5	33.5	21.5	28	69	46.5	41.5	44	50	63	23.5	49.5	46	35	44	4	24.5	45	54	24.5	31	27.5	47	
25.5	31	49.5	28	31	64	32.5	82	61.5	0	63.5	20.5	72.5	52.5	2	92	95	50.5	69	34.5	73.5	38.5	22	47	43.5	59	46	14.5	19	81	91	74.5	33	57.5	50.5	69	55	85.5	88	29.5	80.5	49.5	84.5	65.5	32	53	85.5	72.5	23.5	49	42.5	88	86	57	36	64	55.5	21.5	39	56	21.5	27.5	30.5	61	93	83.5	72.5	31.5	65.5	62	82.5	43.5	67	48.5	40	84.5	
51	54.5	30	37.5	50.5	19.5	53	56.5	34	63.5	0	65	47	27	65.5	42.5	55.5	31	19.5	39	24	43	51.5	21.5	28	14.5	31.5	59	48.5	55.5	59.5	49	52.5	6	25	19.5	29.5	50	38.5	50	31	14	41	40	31.5	32.5	60	33	48	36.5	43	42.5	36.5	31.5	35.5	14.5	8	69	46.5	29.5	46	52	51	35.5	47.5	52	47	46	30	36.5	57	42	17.5	33	29.5	51	
24	32.5	43	29.5	32.5	57.5	34	83.5	63	20.5	65	0	74	54	22.5	85.5	96.5	44	62.5	36	67	40	23.5	48.5	45	52.5	39.5	6	20.5	82.5	92.5	76	34.5	59	52	62.5	56.5	87	81.5	15	74	51	84	67	33.5	50.5	87	74	25	44.5	44	85.5	79.5	58.5	37.5	57.5	57	28	40.5	57.5	23	29	14	62.5	90.5	85	74	33	67	63.5	84	45	60.5	50	41.5	86	
92	79.5	69	46.5	59.5	54.5	66	15.5	35	72.5	47	74	0	26	74.5	31.5	28.5	68	45.5	48	45	52	60.5	25.5	37	55.5	72.5	68	57.5	14.5	24.5	2	71.5	41	24	45.5	23.5	13	30.5	89	38	33	28	9	40.5	61.5	19	36	57	67.5	56	26.5	32.5	35.5	44.5	50.5	39	80	57.5	54.5	55	61	88	29.5	26.5	11	16	55	39	30.5	16	67	51.5	42	38.5	12	
72	59.5	49	26.5	39.5	34.5	46	35.5	9	52.5	27	54	26	0	54.5	51.5	48.5	48	30.5	28	35	32	40.5	5.5	17	35.5	52.5	48	37.5	34.5	44.5	28	51.5	21	2	30.5	8.5	39	45.5	69	38	13	38	19	20.5	41.5	39	26	37	47.5	36	41.5	47.5	15.5	24.5	30.5	19	60	37.5	34.5	35	41	68	14.5	46.5	37	26	35	13	15.5	36	47	31.5	22	18.5	38	
23.5	33	47.5	30	33	62	34.5	84	63.5	2	65.5	22.5	74.5	54.5	0	90	97	48.5	67	36.5	71.5	40.5	24	49	45.5	57	44	16.5	21	83	93	76.5	35	59.5	52.5	67	57	87.5	86	27.5	78.5	51.5	86.5	67.5	34	55	87.5	74.5	25.5	49	44.5	90	84	59	38	62	57.5	23.5	41	58	23.5	29.5	28.5	63	95	85.5	74.5	33.5	67.5	64	84.5	45.5	65	50.5	42	86.5	
71.5	75	50.5	72	75	40	73.5	34	44.5	92	42.5	85.5	31.5	51.5	90	0	21	51.5	25	71.5	24.5	67.5	84	51	62.5	35	52	91.5	83	35	25	31.5	73	48.5	49.5	25	49	20.5	14	70.5	21.5	56.5	21.5	34.5	66	53	25.5	33.5	82.5	57	63.5	18	12	49	70	30	50.5	89.5	67	50	80.5	78.5	71.5	45	5	22.5	33.5	74.5	40.5	44	28.5	62.5	33	57.5	64	21.5	
84.5	88	63.5	69	82	53	86.5	13	57.5	95	55.5	96.5	28.5	48.5	97	21	0	64.5	38	70.5	37.5	74.5	83	48	59.5	48	65	90.5	80	14	4	30.5	86	61.5	46.5	38	46	33.5	27	83.5	34.5	55.5	34.5	31.5	63	66	31.5	46.5	79.5	70	76.5	31	25	58	67	43	61.5	102.5	80	63	77.5	83.5	84.5	52	26	35.5	38.5	77.5	53.5	53	28.5	75.5	46	64.5	61	34.5	
30	33.5	1	28.5	33.5	23.5	32	77.5	43	50.5	31	44	68	48	48.5	51.5	64.5	0	28.5	20	33	16	42.5	42.5	39	18.5	10.5	50	39.5	76.5	68.5	70	31.5	37	46	28.5	50.5	59	47.5	29	40	45	50	61	27.5	16.5	69	42	39	15.5	12	51.5	45.5	42.5	31.5	23.5	39	48	25.5	23.5	37	37	30	48.5	56.5	61	62	33	39	47.5	72	21	26.5	36	35.5	60	
48.5	52	27.5	55	52	17	50.5	51	21.5	69	19.5	62.5	45.5	30.5	67	25	38	28.5	0	48.5	6.5	44.5	61	34	39.5	12	29	68.5	64	52	42	43.5	50	25.5	32.5	0	26	32.5	21	47.5	13.5	33.5	23.5	42.5	49	30	42.5	15.5	59.5	34	40.5	25	19	26	47	7	27.5	66.5	44	27	61.5	55.5	48.5	20	30	34.5	35.5	51.5	17.5	19	45.5	39.5	10	34.5	43	33.5	
50	41.5	21	8.5	21.5	41.5	28	57.5	37	34.5	39	36	48	28	36.5	71.5	70.5	20	48.5	0	53	4	22.5	22.5	19	38.5	30.5	30	19.5	56.5	66.5	50	33.5	33	26	48.5	30.5	61	67.5	49	60	25	60	41	7.5	28.5	61	48	19	29.5	8	63.5	65.5	32.5	11.5	43.5	31	42	19.5	31.5	17	23	50	36.5	68.5	59	48	17	41	37.5	58	29	46.5	24	15.5	60	
53	56.5	32	55.5	56.5	21.5	55	50.5	26	73.5	24	67	45	35	71.5	24.5	37.5	33	6.5	53	0	49	65.5	34.5	44	16.5	33.5	73	66.5	51.5	41.5	43	54.5	30	33	6.5	32.5	32	20.5	52	13	38	23	38	49.5	34.5	42	9	64	38.5	45	24.5	18.5	30.5	51.5	11.5	32	71	48.5	31.5	64	60	53	26.5	29.5	34	35	56	22	25.5	45	44	14.5	39	47.5	33	
46	45.5	17	12.5	25.5	39.5	32	61.5	41	38.5	43	40	52	32	40.5	67.5	74.5	16	44.5	4	49	0	26.5	26.5	23	34.5	26.5	34	23.5	60.5	70.5	54	37.5	37	30	44.5	34.5	65	63.5	45	56	29	64	45	11.5	32.5	65	52	23	31.5	4	67.5	61.5	36.5	15.5	39.5	35	46	23.5	35.5	21	27	46	40.5	72.5	63	52	21	45	41.5	62	33	42.5	28	19.5	64	
37.5	29	41.5	16	19	54	20.5	70	49.5	22	51.5	23.5	60.5	40.5	24	84	83	42.5	61	22.5	65.5	26.5	0	35	31.5	51	38	17.5	3	69	79	62.5	11	45.5	38.5	61	43	73.5	80	36.5	72.5	37.5	72.5	53.5	20	41	73.5	60.5	11.5	37	30.5	76	78	45	24	56	43.5	29.5	27	44	9.5	15.5	37.5	49	81	71.5	60.5	19.5	53.5	50	70.5	31.5	59	36.5	28	72.5	
72.5	54	43.5	21	34	29	40.5	35	14.5	47	21.5	48.5	25.5	5.5	49	51	48	42.5	34	22.5	34.5	26.5	35	0	11.5	34	47	42.5	32	34	44	27.5	46	15.5	3.5	34	8	38.5	45	63.5	37.5	7.5	37.5	18.5	15	36	38.5	25.5	31.5	42	30.5	41	47	10	19	29	13.5	54.5	32	29	29.5	35.5	62.5	14	46	36.5	25.5	29.5	18.5	15	35.5	41.5	26	16.5	13	37.5	
61	50.5	40	17.5	30.5	30.5	37	46.5	26	43.5	28	45	37	17	45.5	62.5	59.5	39	39.5	19	44	23	31.5	11.5	0	29.5	41.5	39	28.5	45.5	55.5	39	42.5	22	15	39.5	19.5	50	56.5	60	49	14	49	30	11.5	32.5	50	37	28	38.5	27	52.5	56.5	21.5	15.5	34.5	20	51	28.5	25.5	26	32	59	25.5	57.5	48	37	26	30	26.5	47	38	37.5	5	9.5	49	
38.5	42	17.5	45	42	5	40.5	61	26.5	59	14.5	52.5	55.5	35.5	57	35	48	18.5	12	38.5	16.5	34.5	51	34	29.5	0	19	58.5	54	62	52	53.5	40	20.5	37.5	12	38	42.5	31	37.5	23.5	28.5	33.5	52.5	39	20	52.5	25.5	49.5	24	30.5	35	29	26	37	7	22.5	56.5	34	17	51.5	45.5	38.5	32	40	44.5	45.5	41.5	22.5	31	55.5	29.5	10	24.5	33	43.5	
25.5	29	9.5	26	29	24	27.5	78	43.5	46	31.5	39.5	72.5	52.5	44	52	65	10.5	29	30.5	33.5	26.5	38	47	41.5	19	0	45.5	39	79	69	70.5	27	37.5	50.5	29	55	59.5	48	24.5	40.5	45.5	50.5	65.5	32	17	69.5	42.5	36.5	5	22.5	52	46	43	34	24	39.5	43.5	15	24	36.5	32.5	25.5	49	57	61.5	62.5	28.5	39.5	48	72.5	16.5	27	36.5	40	60.5	
30	26.5	49	23.5	26.5	61.5	28	77.5	57	14.5	59	6	68	48	16.5	91.5	90.5	50	68.5	30	73	34	17.5	42.5	39	58.5	45.5	0	14.5	76.5	86.5	70	28.5	53	46	68.5	50.5	81	87.5	21	80	45	80	61	27.5	48.5	81	68	19	44.5	38	83.5	85.5	52.5	31.5	63.5	51	22	34.5	51.5	17	23	20	56.5	88.5	79	68	27	61	57.5	78	39	66.5	44	35.5	80	
40.5	26	40.5	13	16	51	17.5	67	46.5	19	48.5	20.5	57.5	37.5	21	83	80	39.5	64	19.5	66.5	23.5	3	32	28.5	54	39	14.5	0	66	76	59.5	14	42.5	35.5	64	40	70.5	77	35.5	69.5	34.5	69.5	50.5	17	38	70.5	57.5	8.5	34	27.5	73	79	42	21	59	40.5	26.5	24	41	6.5	12.5	34.5	46	78	68.5	57.5	16.5	50.5	47	67.5	28.5	58	33.5	25	69.5	
98.5	88	77.5	55	68	63	74.5	1	43.5	81	55.5	82.5	14.5	34.5	83	35	14	76.5	52	56.5	51.5	60.5	69	34	45.5	62	79	76.5	66	0	10	16.5	80	49.5	32.5	52	32	27.5	39	97.5	46.5	41.5	36.5	17.5	49	70	17.5	44.5	65.5	76	64.5	35	39	44	53	57	47.5	88.5	66	63	63.5	69.5	96.5	38	30	25.5	24.5	63.5	47.5	39	14.5	75.5	60	50.5	47	26.5	
88.5	92	67.5	65	78	57	84.5	9	53.5	91	59.5	92.5	24.5	44.5	93	25	4	68.5	42	66.5	41.5	70.5	79	44	55.5	52	69	86.5	76	10	0	26.5	90	59.5	42.5	42	42	37.5	31	87.5	38.5	51.5	38.5	27.5	59	70	27.5	50.5	75.5	74	74.5	35	29	54	63	47	57.5	98.5	76	67	73.5	79.5	88.5	48	30	35.5	34.5	73.5	57.5	49	24.5	79.5	50	60.5	57	36.5	
90	81.5	69	48.5	61.5	56.5	68	17.5	37	74.5	49	76	2	28	76.5	31.5	30.5	70	43.5	50	43	54	62.5	27.5	39	53.5	70.5	70	59.5	16.5	26.5	0	73.5	43	26	43.5	25.5	11	32.5	89	40	35	30	11	42.5	63.5	21	38	59	69.5	58	28.5	30.5	37.5	46.5	48.5	41	82	59.5	56.5	57	63	90	31.5	28.5	9	18	57	41	32.5	18	69	51.5	44	40.5	10	
26.5	30	30.5	27	30	45	31.5	81	60.5	33	52.5	34.5	71.5	51.5	35	73	86	31.5	50	33.5	54.5	37.5	11	46	42.5	40	27	28.5	14	80	90	73.5	0	56.5	49.5	50	54	80.5	69	25.5	61.5	48.5	71.5	64.5	31	38	84.5	63.5	22.5	32	41.5	73	67	56	35	45	54.5	40.5	38	45	20.5	26.5	26.5	60	78	82.5	71.5	30.5	60.5	61	81.5	32.5	48	47.5	39	81.5	
57	60.5	36	31.5	44.5	25.5	51	50.5	30	57.5	6	59	41	21	59.5	48.5	61.5	37	25.5	33	30	37	45.5	15.5	22	20.5	37.5	53	42.5	49.5	59.5	43	56.5	0	19	25.5	23.5	54	44.5	56	37	8	47	34	25.5	38.5	54	39	42	42.5	41	48.5	42.5	25.5	29.5	20.5	2	65	42.5	35.5	40	46	57	29.5	53.5	52	41	40	34	30.5	51	48	23.5	27	23.5	53	
74	57.5	47	24.5	37.5	32.5	44	33.5	11	50.5	25	52	24	2	52.5	49.5	46.5	46	32.5	26	33	30	38.5	3.5	15	37.5	50.5	46	35.5	32.5	42.5	26	49.5	19	0	32.5	6.5	37	43.5	67	36	11	36	17	18.5	39.5	37	24	35	45.5	34	39.5	45.5	13.5	22.5	32.5	17	58	35.5	32.5	33	39	66	12.5	44.5	35	24	33	15	13.5	34	45	29.5	20	16.5	36	
48.5	52	27.5	55	52	17	50.5	51	21.5	69	19.5	62.5	45.5	30.5	67	25	38	28.5	0	48.5	6.5	44.5	61	34	39.5	12	29	68.5	64	52	42	43.5	50	25.5	32.5	0	26	32.5	21	47.5	13.5	33.5	23.5	42.5	49	30	42.5	15.5	59.5	34	40.5	25	19	26	47	7	27.5	66.5	44	27	61.5	55.5	48.5	20	30	34.5	35.5	51.5	17.5	19	45.5	39.5	10	34.5	43	33.5	
74.5	62	51.5	29	42	37	48.5	33	17.5	55	29.5	56.5	23.5	8.5	57	49	46	50.5	26	30.5	32.5	34.5	43	8	19.5	38	55	50.5	40	32	42	25.5	54	23.5	6.5	26	0	36.5	43	71.5	35.5	15.5	35.5	16.5	23	44	36.5	23.5	39.5	50	38.5	39	45	18	27	33	21.5	62.5	40	37	37.5	43.5	70.5	6	44	34.5	23.5	37.5	21.5	7	33.5	49.5	34	24.5	21	35.5	
79	82.5	58	59.5	72.5	47.5	79	28.5	48	85.5	50	87	13	39	87.5	20.5	33.5	59	32.5	61	32	65	73.5	38.5	50	42.5	59.5	81	70.5	27.5	37.5	11	80.5	54	37	32.5	36.5	0	21.5	78	29	46	29	22	53.5	60.5	32	41	70	64.5	69	25.5	19.5	48.5	57.5	37.5	52	93	70.5	57.5	68	74	79	42.5	25.5	2	29	68	48	43.5	29	70	40.5	55	51.5	1	
67.5	71	46.5	66	71	36	69.5	40	40.5	88	38.5	81.5	30.5	45.5	86	14	27	47.5	21	67.5	20.5	63.5	80	45	56.5	31	48	87.5	77	39	31	32.5	69	44.5	43.5	21	43	21.5	0	66.5	17.5	52.5	17.5	28.5	60	49	31.5	29.5	76.5	53	59.5	4	2	45	64	26	46.5	85.5	63	46	74.5	74.5	67.5	41	19	23.5	29.5	70.5	36.5	40	34.5	58.5	29	53.5	58	22.5	
9	17.5	28	44.5	37.5	42.5	31	96.5	62	29.5	50	15	89	69	27.5	70.5	83.5	29	47.5	49	52	45	36.5	63.5	60	37.5	24.5	21	35.5	97.5	87.5	89	25.5	56	67	47.5	71.5	78	66.5	0	59	64	69	82	48.5	35.5	88	61	40	29.5	41	70.5	64.5	61.5	52.5	42.5	58	27	39.5	42.5	38	36	1	67.5	75.5	80	81	42	58	66.5	91	30	45.5	55	56.5	79	
60	63.5	39	58.5	63.5	28.5	62	47.5	33	80.5	31	74	38	38	78.5	21.5	34.5	40	13.5	60	13	56	72.5	37.5	49	23.5	40.5	80	69.5	46.5	38.5	40	61.5	37	36	13.5	35.5	29	17.5	59	0	45	20	31	52.5	41.5	39	22	69	45.5	52	21.5	15.5	37.5	56.5	18.5	39	78	55.5	38.5	67	67	60	33.5	26.5	31	32	63	29	32.5	42	51	21.5	46	50.5	30	
65	56.5	44	23.5	36.5	31.5	43	42.5	22	49.5	14	51	33	13	51.5	56.5	55.5	45	33.5	25	38	29	37.5	7.5	14	28.5	45.5	45	34.5	41.5	51.5	35	48.5	8	11	33.5	15.5	46	52.5	64	45	0	45	26	17.5	38.5	46	33	34	44.5	33	48.5	50.5	17.5	21.5	28.5	6	57	34.5	31.5	32	38	65	21.5	53.5	44	33	32	26	22.5	43	44	31.5	19	15.5	45	
70	73.5	49	58.5	71.5	38.5	72	37.5	43	84.5	41	84	28	38	86.5	21.5	34.5	50	23.5	60	23	64	72.5	37.5	49	33.5	50.5	80	69.5	36.5	38.5	30	71.5	47	36	23.5	35.5	29	17.5	69	20	45	0	19	52.5	51.5	39	32	69	55.5	62	21.5	15.5	47.5	56.5	28.5	49	88	65.5	48.5	67	73	70	41.5	26.5	31	12	67	39	42.5	38	61	31.5	54	50.5	30	
89	72.5	62	39.5	52.5	47.5	59	18.5	28	65.5	40	67	9	19	67.5	34.5	31.5	61	42.5	41	38	45	53.5	18.5	30	52.5	65.5	61	50.5	17.5	27.5	11	64.5	34	17	42.5	16.5	22	28.5	82	31	26	19	0	33.5	54.5	22	29	50	60.5	49	24.5	30.5	28.5	37.5	47.5	32	73	50.5	47.5	48	54	81	22.5	29.5	20	7	48	32	23.5	19	60	44.5	35	31.5	21	
57.5	39	28.5	6	19	34	25.5	50	29.5	32	31.5	33.5	40.5	20.5	34	66	63	27.5	49	7.5	49.5	11.5	20	15	11.5	39	32	27.5	17	49	59	42.5	31	25.5	18.5	49	23	53.5	60	48.5	52.5	17.5	52.5	33.5	0	21	53.5	40.5	16.5	27	15.5	56	62	25	4	44	23.5	39.5	17	24	14.5	20.5	47.5	29	61	51.5	40.5	14.5	33.5	30	50.5	26.5	41	16.5	8	52.5	
36.5	40	15.5	27	40	25	38.5	71	44.5	53	32.5	50.5	61.5	41.5	55	53	66	16.5	30	28.5	34.5	32.5	41	36	32.5	20	17	48.5	38	70	70	63.5	38	38.5	39.5	30	44	60.5	49	35.5	41.5	38.5	51.5	54.5	21	0	70.5	43.5	37.5	22	28.5	53	47	44	17	25	40.5	54.5	32	25	35.5	41.5	36.5	50	58	62.5	61.5	35.5	40.5	49	71.5	27.5	28	37.5	29	61.5	
89	92.5	68	59.5	72.5	57.5	79	18.5	48	85.5	60	87	19	39	87.5	25.5	31.5	69	42.5	61	42	65	73.5	38.5	50	52.5	69.5	81	70.5	17.5	27.5	21	84.5	54	37	42.5	36.5	32	31.5	88	39	46	39	22	53.5	70.5	0	49	70	74.5	69	35.5	29.5	48.5	57.5	47.5	52	93	70.5	67.5	68	74	89	42.5	30.5	30	29	68	52	43.5	3	80	50.5	55	51.5	31	
62	65.5	41	46.5	59.5	30.5	64	45.5	35	72.5	33	74	36	26	74.5	33.5	46.5	42	15.5	48	9	52	60.5	25.5	37	25.5	42.5	68	57.5	44.5	50.5	38	63.5	39	24	15.5	23.5	41	29.5	61	22	33	32	29	40.5	43.5	49	0	57	47.5	54	33.5	27.5	35.5	44.5	20.5	39	80	57.5	40.5	55	61	62	29.5	38.5	43	36	55	31	30.5	46	53	23.5	42	38.5	42	
41	30.5	40	12.5	15.5	50.5	9	66.5	46	23.5	48	25	57	37	25.5	82.5	79.5	39	59.5	19	64	23	11.5	31.5	28	49.5	36.5	19	8.5	65.5	75.5	59	22.5	42	35	59.5	39.5	70	76.5	40	69	34	69	50	16.5	37.5	70	57	0	33.5	27	72.5	76.5	41.5	20.5	54.5	40	31	23.5	40.5	2	4	39	45.5	77.5	68	57	16	50	46.5	67	28	57.5	33	24.5	69	
30.5	34	14.5	21	34	29	32.5	77	48.5	49	36.5	44.5	67.5	47.5	49	57	70	15.5	34	29.5	38.5	31.5	37	42	38.5	24	5	44.5	34	76	74	69.5	32	42.5	45.5	34	50	64.5	53	29.5	45.5	44.5	55.5	60.5	27	22	74.5	47.5	33.5	0	27.5	57	51	48	31	29	44.5	48.5	10	29	31.5	37.5	30.5	54	62	66.5	67.5	31.5	44.5	53	77.5	21.5	32	41.5	35	65.5	
42	45.5	13	16.5	29.5	35.5	36	65.5	45	42.5	43	44	56	36	44.5	63.5	76.5	12	40.5	8	45	4	30.5	30.5	27	30.5	22.5	38	27.5	64.5	74.5	58	41.5	41	34	40.5	38.5	69	59.5	41	52	33	62	49	15.5	28.5	69	54	27	27.5	0	63.5	57.5	40.5	19.5	35.5	39	50	27.5	35.5	25	31	42	44.5	68.5	67	56	25	49	45.5	66	33	38.5	32	23.5	68	
71.5	75	50.5	62	75	40	73.5	36	44.5	88	42.5	85.5	26.5	41.5	90	18	31	51.5	25	63.5	24.5	67.5	76	41	52.5	35	52	83.5	73	35	35	28.5	73	48.5	39.5	25	39	25.5	4	70.5	21.5	48.5	21.5	24.5	56	53	35.5	33.5	72.5	57	63.5	0	6	49	60	30	50.5	89.5	67	50	70.5	76.5	71.5	45	23	27.5	31.5	70.5	40.5	44	36.5	62.5	33	57.5	54	26.5	
65.5	69	44.5	68	69	34	67.5	38	38.5	86	36.5	79.5	32.5	47.5	84	12	25	45.5	19	65.5	18.5	61.5	78	47	56.5	29	46	85.5	79	39	29	30.5	67	42.5	45.5	19	45	19.5	2	64.5	15.5	50.5	15.5	30.5	62	47	29.5	27.5	76.5	51	57.5	6	0	43	64	24	44.5	83.5	61	44	76.5	72.5	65.5	39	17	21.5	27.5	68.5	34.5	38	32.5	56.5	27	51.5	60	20.5	
62.5	64	41.5	31	44	31	50.5	45	24.5	57	31.5	58.5	35.5	15.5	59	49	58	42.5	26	32.5	30.5	36.5	45	10	21.5	26	43	52.5	42	44	54	37.5	56	25.5	13.5	26	18	48.5	45	61.5	37.5	17.5	47.5	28.5	25	44	48.5	35.5	41.5	48	40.5	49	43	0	29	19	23.5	64.5	42	39	39.5	45.5	62.5	24	54	46.5	35.5	39.5	28.5	25	45.5	51.5	16	26.5	23	47.5	
53.5	43	32.5	10	23	38	29.5	54	33.5	36	35.5	37.5	44.5	24.5	38	70	67	31.5	47	11.5	51.5	15.5	24	19	15.5	37	34	31.5	21	53	63	46.5	35	29.5	22.5	47	27	57.5	64	52.5	56.5	21.5	56.5	37.5	4	17	57.5	44.5	20.5	31	19.5	60	64	29	0	42	27.5	43.5	21	28	18.5	24.5	51.5	33	65	55.5	44.5	18.5	37.5	34	54.5	30.5	45	20.5	12	56.5	
43.5	47	22.5	50	47	12	45.5	56	21.5	64	14.5	57.5	50.5	30.5	62	30	43	23.5	7	43.5	11.5	39.5	56	29	34.5	7	24	63.5	59	57	47	48.5	45	20.5	32.5	7	33	37.5	26	42.5	18.5	28.5	28.5	47.5	44	25	47.5	20.5	54.5	29	35.5	30	24	19	42	0	22.5	61.5	39	22	56.5	50.5	43.5	27	35	39.5	40.5	46.5	17.5	26	50.5	34.5	3	29.5	38	38.5	
59	62.5	38	29.5	42.5	27.5	49	48.5	28	55.5	8	57	39	19	57.5	50.5	61.5	39	27.5	31	32	35	43.5	13.5	20	22.5	39.5	51	40.5	47.5	57.5	41	54.5	2	17	27.5	21.5	52	46.5	58	39	6	49	32	23.5	40.5	52	39	40	44.5	39	50.5	44.5	23.5	27.5	22.5	0	63	40.5	37.5	38	44	59	27.5	55.5	50	39	38	32	28.5	49	50	25.5	25	21.5	51	
18	36.5	47	35.5	38.5	61.5	40	89.5	69	21.5	69	28	80	60	23.5	89.5	102.5	48	66.5	42	71	46	29.5	54.5	51	56.5	43.5	22	26.5	88.5	98.5	82	40.5	65	58	66.5	62.5	93	85.5	27	78	57	88	73	39.5	54.5	93	80	31	48.5	50	89.5	83.5	64.5	43.5	61.5	63	0	46.5	61.5	29	35	28	68.5	94.5	91	80	39	73	69.5	90	49	64.5	56	47.5	92	
40.5	44	24.5	11	26	39	32.5	67	46.5	39	46.5	40.5	57.5	37.5	41	67	80	25.5	44	19.5	48.5	23.5	27	32	28.5	34	15	34.5	24	66	76	59.5	38	42.5	35.5	44	40	70.5	63	39.5	55.5	34.5	65.5	50.5	17	32	70.5	57.5	23.5	10	27.5	67	61	42	21	39	40.5	46.5	0	39	21.5	27.5	40.5	46	72	68.5	57.5	21.5	50.5	47	67.5	31.5	42	33.5	25	69.5	
43.5	47	22.5	30	43	22	45.5	64	41.5	56	29.5	57.5	54.5	34.5	58	50	63	23.5	27	31.5	31.5	35.5	44	29	25.5	17	24	51.5	41	63	67	56.5	45	35.5	32.5	27	37	57.5	46	42.5	38.5	31.5	48.5	47.5	24	25	67.5	40.5	40.5	29	35.5	50	44	39	28	22	37.5	61.5	39	0	38.5	44.5	43.5	43	55	59.5	54.5	38.5	37.5	44	64.5	34.5	25	30.5	16	58.5	
43	28.5	38	10.5	13.5	48.5	11	64.5	44	21.5	46	23	55	35	23.5	80.5	77.5	37	61.5	17	64	21	9.5	29.5	26	51.5	36.5	17	6.5	63.5	73.5	57	20.5	40	33	61.5	37.5	68	74.5	38	67	32	67	48	14.5	35.5	68	55	2	31.5	25	70.5	76.5	39.5	18.5	56.5	38	29	21.5	38.5	0	6	37	43.5	75.5	66	55	14	48	44.5	65	26	55.5	31	22.5	67	
37	34.5	36	16.5	19.5	50.5	5	70.5	50	27.5	52	29	61	41	29.5	78.5	83.5	37	55.5	23	60	27	15.5	35.5	32	45.5	32.5	23	12.5	69.5	79.5	63	26.5	46	39	55.5	43.5	74	74.5	36	67	38	73	54	20.5	41.5	74	61	4	37.5	31	76.5	72.5	45.5	24.5	50.5	44	35	27.5	44.5	6	0	37	49.5	81.5	72	61	20	54	50.5	71	32	53.5	37	28.5	73	
10	18.5	29	43.5	38.5	43.5	32	97.5	63	30.5	51	14	88	68	28.5	71.5	84.5	30	48.5	50	53	46	37.5	62.5	59	38.5	25.5	20	34.5	96.5	88.5	90	26.5	57	66	48.5	70.5	79	67.5	1	60	65	70	81	47.5	36.5	89	62	39	30.5	42	71.5	65.5	62.5	51.5	43.5	59	28	40.5	43.5	37	37	0	68.5	76.5	81	82	43	59	67.5	92	31	46.5	56	55.5	80	
68.5	68	47.5	35	48	37	54.5	39	23.5	61	35.5	62.5	29.5	14.5	63	45	52	48.5	20	36.5	26.5	40.5	49	14	25.5	32	49	56.5	46	38	48	31.5	60	29.5	12.5	20	6	42.5	41	67.5	33.5	21.5	41.5	22.5	29	50	42.5	29.5	45.5	54	44.5	45	39	24	33	27	27.5	68.5	46	43	43.5	49.5	68.5	0	50	40.5	29.5	43.5	27.5	1	39.5	55.5	30	30.5	27	41.5	
76.5	80	55.5	67	80	45	78.5	31	49.5	93	47.5	90.5	26.5	46.5	95	5	26	56.5	30	68.5	29.5	72.5	81	46	57.5	40	57	88.5	78	30	30	28.5	78	53.5	44.5	30	44	25.5	19	75.5	26.5	53.5	26.5	29.5	61	58	30.5	38.5	77.5	62	68.5	23	17	54	65	35	55.5	94.5	72	55	75.5	81.5	76.5	50	0	27.5	36.5	75.5	45.5	49	31.5	67.5	38	62.5	59	26.5	
81	84.5	60	57.5	70.5	49.5	77	26.5	46	83.5	52	85	11	37	85.5	22.5	35.5	61	34.5	59	34	63	71.5	36.5	48	44.5	61.5	79	68.5	25.5	35.5	9	82.5	52	35	34.5	34.5	2	23.5	80	31	44	31	20	51.5	62.5	30	43	68	66.5	67	27.5	21.5	46.5	55.5	39.5	50	91	68.5	59.5	66	72	81	40.5	27.5	0	27	66	50	41.5	27	72	42.5	53	49.5	1	
82	79.5	61	46.5	59.5	50.5	66	25.5	35	72.5	47	74	16	26	74.5	33.5	38.5	62	35.5	48	35	52	60.5	25.5	37	45.5	62.5	68	57.5	24.5	34.5	18	71.5	41	24	35.5	23.5	29	29.5	81	32	33	12	7	40.5	61.5	29	36	57	67.5	56	31.5	27.5	35.5	44.5	40.5	39	80	57.5	54.5	55	61	82	29.5	36.5	27	0	55	39	30.5	26	67	43.5	42	38.5	28	
43	38.5	32	10.5	18.5	46.5	25	64.5	44	31.5	46	33	55	35	33.5	74.5	77.5	33	51.5	17	56	21	19.5	29.5	26	41.5	28.5	27	16.5	63.5	73.5	57	30.5	40	33	51.5	37.5	68	70.5	42	63	32	67	48	14.5	35.5	68	55	16	31.5	25	70.5	68.5	39.5	18.5	46.5	38	39	21.5	38.5	14	20	43	43.5	75.5	66	55	0	48	44.5	65	12	49.5	31	22.5	67	
59	62.5	38	39.5	52.5	27.5	59	48.5	4	65.5	30	67	39	13	67.5	40.5	53.5	39	17.5	41	22	45	53.5	18.5	30	22.5	39.5	61	50.5	47.5	57.5	41	60.5	34	15	17.5	21.5	48	36.5	58	29	26	39	32	33.5	40.5	52	31	50	44.5	49	40.5	34.5	28.5	37.5	17.5	32	73	50.5	37.5	48	54	59	27.5	45.5	50	39	48	0	28.5	49	50	20.5	35	31.5	49	
67.5	69	46.5	36	49	36	55.5	40	24.5	62	36.5	63.5	30.5	15.5	64	44	53	47.5	19	37.5	25.5	41.5	50	15	26.5	31	48	57.5	47	39	49	32.5	61	30.5	13.5	19	7	43.5	40	66.5	32.5	22.5	42.5	23.5	30	49	43.5	30.5	46.5	53	45.5	44	38	25	34	26	28.5	69.5	47	44	44.5	50.5	67.5	1	49	41.5	30.5	44.5	28.5	0	40.5	56.5	29	31.5	28	42.5	
92	89.5	71	56.5	69.5	60.5	76	15.5	45	82.5	57	84	16	36	84.5	28.5	28.5	72	45.5	58	45	62	70.5	35.5	47	55.5	72.5	78	67.5	14.5	24.5	18	81.5	51	34	45.5	33.5	29	34.5	91	42	43	38	19	50.5	71.5	3	46	67	77.5	66	36.5	32.5	45.5	54.5	50.5	49	90	67.5	64.5	65	71	92	39.5	31.5	27	26	65	49	40.5	0	77	53.5	52	48.5	28	
31	34.5	20	22.5	30.5	34.5	33	76.5	54	43.5	42	45	67	47	45.5	62.5	75.5	21	39.5	29	44	33	31.5	41.5	38	29.5	16.5	39	28.5	75.5	79.5	69	32.5	48	45	39.5	49.5	70	58.5	30	51	44	61	60	26.5	27.5	80	53	28	21.5	33	62.5	56.5	51.5	30.5	34.5	50	49	31.5	34.5	26	32	31	55.5	67.5	72	67	12	50	56.5	77	0	37.5	43	34.5	71	
46.5	50	25.5	47	50	15	48.5	59	24.5	67	17.5	60.5	51.5	31.5	65	33	46	26.5	10	46.5	14.5	42.5	59	26	37.5	10	27	66.5	58	60	50	51.5	48	23.5	29.5	10	34	40.5	29	45.5	21.5	31.5	31.5	44.5	41	28	50.5	23.5	57.5	32	38.5	33	27	16	45	3	25.5	64.5	42	25	55.5	53.5	46.5	30	38	42.5	43.5	49.5	20.5	29	53.5	37.5	0	32.5	39	41.5	
56	55.5	35	22.5	35.5	29.5	42	51.5	31	48.5	33	50	42	22	50.5	57.5	64.5	36	34.5	24	39	28	36.5	16.5	5	24.5	36.5	44	33.5	50.5	60.5	44	47.5	27	20	34.5	24.5	55	53.5	55	46	19	54	35	16.5	37.5	55	42	33	41.5	32	57.5	51.5	26.5	20.5	29.5	25	56	33.5	30.5	31	37	56	30.5	62.5	53	42	31	35	31.5	52	43	32.5	0	14.5	54	
59.5	47	36.5	14	27	32	33.5	48	27.5	40	29.5	41.5	38.5	18.5	42	64	61	35.5	43	15.5	47.5	19.5	28	13	9.5	33	40	35.5	25	47	57	40.5	39	23.5	16.5	43	21	51.5	58	56.5	50.5	15.5	50.5	31.5	8	29	51.5	38.5	24.5	35	23.5	54	60	23	12	38	21.5	47.5	25	16	22.5	28.5	55.5	27	59	49.5	38.5	22.5	31.5	28	48.5	34.5	39	14.5	0	50.5	
80	83.5	59	58.5	71.5	48.5	78	27.5	47	84.5	51	86	12	38	86.5	21.5	34.5	60	33.5	60	33	64	72.5	37.5	49	43.5	60.5	80	69.5	26.5	36.5	10	81.5	53	36	33.5	35.5	1	22.5	79	30	45	30	21	52.5	61.5	31	42	69	65.5	68	26.5	20.5	47.5	56.5	38.5	51	92	69.5	58.5	67	73	80	41.5	26.5	1	28	67	49	42.5	28	71	41.5	54	50.5	0	
