Number of items: 75
Horizon: 3
Time limit: 750
Load limit: 4500
Initial item inventory level
142
64
32
16
21
58
73
198
51
36
52
52
79
38
172
20
174
32
102
34
130
42
102
76
166
60
52
106
90
148
79
100
34
75
78
26
158
154
82
40
21
78
93
198
160
43
72
166
49
32
110
32
98
80
30
30
82
144
82
14
49
88
88
58
170
59
122
53
44
54
71
172
34
91
44
Maximum inventory capacity per item
213
128
64
32
42
87
146
297
102
72
104
78
158
76
258
40
261
48
153
68
195
84
153
152
249
120
78
159
180
222
158
150
68
150
117
39
237
231
164
80
42
117
186
297
240
86
108
249
98
64
165
48
196
160
60
45
123
216
164
28
98
132
176
87
255
118
183
106
66
81
142
258
51
182
88
Reserve storage replenishment rate per item and per period
426	0	0	
384	0	0	
192	0	0	
96	0	0	
126	0	0	
174	0	0	
438	0	0	
594	0	0	
306	0	0	
216	0	0	
312	0	0	
156	0	0	
474	0	0	
228	0	0	
516	0	0	
120	0	0	
522	0	0	
96	0	0	
306	0	0	
204	0	0	
390	0	0	
252	0	0	
306	0	0	
456	0	0	
498	0	0	
360	0	0	
156	0	0	
318	0	0	
540	0	0	
444	0	0	
474	0	0	
300	0	0	
204	0	0	
450	0	0	
234	0	0	
78	0	0	
474	0	0	
462	0	0	
492	0	0	
240	0	0	
126	0	0	
234	0	0	
558	0	0	
594	0	0	
480	0	0	
258	0	0	
216	0	0	
498	0	0	
294	0	0	
192	0	0	
330	0	0	
96	0	0	
588	0	0	
480	0	0	
180	0	0	
90	0	0	
246	0	0	
432	0	0	
492	0	0	
84	0	0	
294	0	0	
264	0	0	
528	0	0	
174	0	0	
510	0	0	
354	0	0	
366	0	0	
318	0	0	
132	0	0	
162	0	0	
426	0	0	
516	0	0	
102	0	0	
546	0	0	
264	0	0	
Forward storage demand rate per item and per period
71	73	64	
64	69	57	
32	52	29	
16	13	22	
21	14	24	
29	46	37	
73	103	73	
99	53	89	
51	43	18	
36	48	25	
52	65	48	
26	40	43	
79	135	84	
38	34	27	
86	124	89	
20	25	27	
87	85	85	
16	11	21	
51	36	36	
34	23	20	
65	68	56	
42	38	33	
51	15	64	
76	44	21	
83	105	42	
60	53	107	
26	21	27	
53	24	49	
90	143	134	
74	113	112	
79	111	102	
50	46	30	
34	21	47	
75	27	138	
39	24	57	
13	5	22	
79	71	94	
77	69	67	
82	53	31	
40	46	43	
21	29	15	
39	63	12	
93	102	136	
99	89	115	
80	116	116	
43	21	11	
36	26	27	
83	143	108	
49	63	26	
32	23	19	
55	48	42	
16	8	18	
98	169	22	
80	16	73	
30	16	41	
15	15	9	
41	51	45	
72	29	43	
82	101	109	
14	15	4	
49	27	23	
44	40	57	
88	123	100	
29	24	36	
85	92	136	
59	13	47	
61	39	69	
53	27	43	
22	31	20	
27	36	28	
71	65	55	
86	89	84	
17	16	10	
91	76	95	
44	66	17	
Distance matrix
0	102.5	63.5	74.5	84	14.5	73.5	29.5	10	45	39.5	19.5	30.5	18	73	42.5	71.5	13.5	83	27.5	78	61	53.5	39	11.5	86.5	92	62.5	65.5	57.5	61.5	46.5	73.5	61	7	89.5	58	44.5	19.5	58	94	30	87	25	29.5	62	72.5	29	96	11.5	77	74.5	83	65	29.5	39.5	60.5	60.5	57	81.5	47	50.5	56	40	85	63	69.5	55.5	72.5	79	82.5	59	44.5	46.5	63	71.5	
102.5	0	39	28	18.5	88	29	73	92.5	57.5	63	83	72	84.5	29.5	60	31	89	19.5	75	24.5	41.5	49	63.5	91	16	10.5	40	37	45	41	56	29	41.5	95.5	13	44.5	58	83	44.5	8.5	72.5	15.5	77.5	73	40.5	30	73.5	6.5	91	25.5	28	19.5	37.5	73	63	42	42	45.5	21	55.5	52	46.5	62.5	17.5	39.5	33	47	30	23.5	20	43.5	58	56	39.5	31	
63.5	39	0	27	42.5	53	28	42	61.5	26.5	32	52	41	53.5	61.5	29	30	58	33.5	44	48.5	35.5	18	32.5	60	45	34.5	49	26	24	10	25	38	45.5	64.5	32	13.5	33	52	38.5	32.5	41.5	39.5	46.5	42	14.5	39	42.5	40.5	60	49.5	17	23.5	41.5	42	32	3	21	19.5	30	24.5	39	40.5	31.5	41.5	13.5	12	16	49	27.5	59	12.5	33	35	13.5	20	
74.5	28	27	0	31.5	64	1	61	80.5	45.5	51	71	60	72.5	42.5	48	3	73	22.5	63	37.5	29.5	37	51.5	79	34	23.5	32	25	33	29	44	27	30.5	81.5	21	32.5	34	71	32.5	21.5	60.5	28.5	65.5	61	28.5	28	61.5	29.5	71	38.5	16	12.5	30.5	61	49	30	30	33.5	19	43.5	30	30.5	50.5	30.5	27.5	21	35	38	16.5	48	31.5	34	36	27.5	19	
84	18.5	42.5	31.5	0	73.5	32.5	76.5	94	61	66.5	86.5	75.5	88	27	63.5	34.5	82.5	23	78.5	6	45	52.5	67	90.5	24.5	8	31.5	40.5	48.5	44.5	59.5	32.5	35	91	16.5	48	43.5	86.5	42	10	76	3	81	76.5	44	33.5	77	20	80.5	7	31.5	23	39	76.5	58.5	45.5	45.5	49	24.5	59	39.5	40	64	1	43	36.5	50.5	31.5	27	36.5	47	43.5	45.5	43	34.5	
14.5	88	53	64	73.5	0	63	15	24.5	34.5	29	29	40	32.5	62.5	32	61	13	72.5	27	67.5	50.5	43	28.5	21	76	81.5	52	55	47	49	36	63	50.5	21.5	79	47.5	34	29	47.5	81.5	34.5	76.5	29.5	29	51.5	62	33.5	85.5	11	66.5	64	72.5	54.5	19	29	50	50	46.5	71	36.5	40	45.5	29.5	74.5	52.5	59	45	62	68.5	72	46.5	34	36	52.5	61	
73.5	29	28	1	32.5	63	0	62	81.5	46.5	52	72	61	73.5	41.5	49	2	72	23.5	64	38.5	30.5	38	52.5	80	35	24.5	31	26	34	30	45	28	29.5	80.5	22	33.5	33	72	31.5	22.5	61.5	29.5	66.5	62	29.5	29	62.5	30.5	70	39.5	17	13.5	31.5	62	48	31	31	34.5	20	44.5	29	29.5	51.5	31.5	28.5	22	36	39	17.5	49	32.5	33	35	28.5	20	
29.5	73	42	61	76.5	15	62	0	39.5	45.5	44	36	25	37.5	77.5	43	64	28	67.5	28	82.5	65.5	42	31.5	36	79	68.5	67	60	58	34	49	72	65.5	36.5	66	42.5	49	36	62.5	66.5	25.5	73.5	30.5	26	48.5	73	26.5	74.5	26	81.5	51	57.5	69.5	34	44	45	55	53.5	64	43.5	55	60.5	44.5	75.5	47.5	46	30	77	61.5	87	31.5	49	51	47.5	54	
10	92.5	61.5	80.5	94	24.5	81.5	39.5	0	55	49.5	29.5	24.5	8	83	52.5	81.5	23.5	87	37.5	88	71	61.5	49	21.5	96.5	88	72.5	75.5	67.5	53.5	56.5	83.5	71	3	85.5	62	54.5	29.5	68	86	30	93	35	35.5	68	82.5	31	94	21.5	87	70.5	77	75	39.5	49.5	64.5	70.5	67	83.5	57	60.5	66	50	95	67	65.5	49.5	82.5	81	92.5	51	54.5	56.5	67	73.5	
45	57.5	26.5	45.5	61	34.5	46.5	45.5	55	0	29.5	55.5	44.5	57	58	32.5	48.5	43.5	52	47.5	63	46	26.5	36	51.5	63.5	53	47.5	44.5	42.5	18.5	31.5	56.5	46	52	50.5	27	29.5	55.5	43	51	45	58	50	45.5	33	57.5	46	59	41.5	62	35.5	42	50	39.5	24.5	29.5	39.5	38	48.5	2	35.5	41	5	60	32	30.5	19.5	57.5	46	67.5	14	29.5	31.5	32	38.5	
39.5	63	32	51	66.5	29	52	44	49.5	29.5	0	54	45	57.5	57.5	3	54	38	57.5	48	62.5	45.5	32	36.5	46	69	58.5	47	50	42	24	31	58	45.5	46.5	56	32.5	29	54	42.5	56.5	45.5	63.5	50.5	46	38.5	57	46.5	64.5	36	61.5	41	47.5	49.5	34	24	35	45	41.5	54	31.5	35	40.5	24.5	65.5	37.5	36	16	57	51.5	67	21.5	29	31	37.5	44	
19.5	83	52	71	86.5	29	72	36	29.5	55.5	54	0	11	27.5	87.5	53	74	28	77.5	28	92.5	75.5	52	41.5	8	89	78.5	77	70	68	44	59	82	75.5	26.5	76	52.5	59	0	72.5	76.5	20.5	83.5	25.5	26	58.5	83	21.5	84.5	26	91.5	61	67.5	79.5	44	54	55	65	63.5	74	53.5	65	70.5	54.5	85.5	57.5	56	40	87	71.5	97	41.5	59	61	57.5	64	
30.5	72	41	60	75.5	40	61	25	24.5	44.5	45	11	0	16.5	96.5	42	63	31	66.5	17	81.5	68.5	41	30.5	19	78	67.5	82	59	57	33	48	71	78.5	27.5	65	41.5	70	11	71.5	65.5	9.5	72.5	14.5	15	47.5	72	10.5	73.5	33	82.5	50	56.5	74.5	35	55	44	54	52.5	63	42.5	74	73.5	49.5	74.5	46.5	45	29	82	60.5	92	30.5	70	68	46.5	53	
18	84.5	53.5	72.5	88	32.5	73.5	37.5	8	57	57.5	27.5	16.5	0	91	54.5	75.5	31.5	79	29.5	94	79	53.5	43	29.5	90.5	80	80.5	71.5	69.5	45.5	60.5	83.5	79	11	77.5	54	62.5	27.5	76	78	22	85	27	27.5	60	84.5	23	86	29.5	95	62.5	69	83	47.5	57.5	56.5	66.5	65	75.5	55	68.5	74	58	87	59	57.5	41.5	90.5	73	100.5	43	62.5	64.5	59	65.5	
73	29.5	61.5	42.5	27	62.5	41.5	77.5	83	58	57.5	87.5	96.5	91	0	60.5	39.5	71.5	36	85.5	21	34	61.5	72	79.5	24.5	35	20.5	43.5	45.5	65.5	54.5	31.5	24	80	37.5	61	32.5	87.5	31	33	93	30	88	87.5	55	30.5	92	23	69.5	20	52.5	44	28	67.5	47.5	58.5	48.5	50	39.5	60	28.5	29	53	28	56	57.5	71.5	20.5	42	15.5	68	32.5	34.5	56	49.5	
42.5	60	29	48	63.5	32	49	43	52.5	32.5	3	53	42	54.5	60.5	0	51	41	54.5	45	65.5	48.5	29	33.5	49	66	55.5	50	47	45	21	34	59	48.5	49.5	53	29.5	32	53	45.5	53.5	42.5	60.5	47.5	43	35.5	60	43.5	61.5	39	64.5	38	44.5	52.5	37	27	32	42	40.5	51	30.5	38	43.5	27.5	62.5	34.5	33	13	60	48.5	70	18.5	32	34	34.5	41	
71.5	31	30	3	34.5	61	2	64	81.5	48.5	54	74	63	75.5	39.5	51	0	70	25.5	66	40.5	32.5	40	54.5	78	37	26.5	29	28	36	32	47	30	27.5	78.5	24	35.5	31	74	29.5	24.5	63.5	31.5	68.5	64	31.5	31	64.5	32.5	68	41.5	19	15.5	31.5	64	46	33	33	36.5	22	46.5	27	27.5	51.5	33.5	30.5	24	38	39	19.5	49	34.5	31	33	30.5	22	
13.5	89	58	73	82.5	13	72	28	23.5	43.5	38	28	31	31.5	71.5	41	70	0	81.5	14	76.5	59.5	52	37.5	20	85	84.5	61	64	56	50	45	72	59.5	20.5	82	56.5	43	28	56.5	82.5	31.5	85.5	28.5	16	60.5	71	32.5	90.5	2	75.5	67	73.5	63.5	28	38	59	59	55.5	80	45.5	49	54.5	38.5	83.5	61.5	62	46	71	77.5	81	47.5	43	45	61.5	70	
83	19.5	33.5	22.5	23	72.5	23.5	67.5	87	52	57.5	77.5	66.5	79	36	54.5	25.5	81.5	0	69.5	29	36	43.5	58	85.5	25.5	15	30.5	31.5	39.5	35.5	50.5	23.5	34	90	12.5	39	42.5	77.5	39	13	67	20	72	67.5	35	24.5	68	21	79.5	30	22.5	14	32	67.5	57.5	36.5	36.5	40	15.5	50	38.5	39	57	22	34	27.5	41.5	29.5	18	39.5	38	42.5	44.5	34	25.5	
27.5	75	44	63	78.5	27	64	28	37.5	47.5	48	28	17	29.5	85.5	45	66	14	69.5	0	84.5	71.5	44	33.5	34	81	70.5	75	62	60	36	51	74	73.5	34.5	68	44.5	57	28	70.5	68.5	17.5	75.5	22.5	2	50.5	75	18.5	76.5	16	85.5	53	59.5	77.5	38	52	47	57	55.5	66	45.5	63	68.5	52.5	77.5	49.5	48	32	85	63.5	95	33.5	57	59	49.5	56	
78	24.5	48.5	37.5	6	67.5	38.5	82.5	88	63	62.5	92.5	81.5	94	21	65.5	40.5	76.5	29	84.5	0	39	58.5	73	84.5	30.5	14	25.5	46.5	50.5	50.5	59.5	36.5	29	85	22.5	54	37.5	92.5	36	16	82	9	87	82.5	50	35.5	83	26	74.5	1	37.5	29	33	72.5	52.5	51.5	51.5	55	30.5	65	33.5	34	58	7	49	42.5	56.5	25.5	33	30.5	53	37.5	39.5	49	40.5	
61	41.5	35.5	29.5	45	50.5	30.5	65.5	71	46	45.5	75.5	68.5	79	34	48.5	32.5	59.5	36	71.5	39	0	45.5	60	67.5	47.5	37	23.5	31.5	33.5	37.5	42.5	34.5	22	68	34.5	41	20.5	75.5	3	35	69	42	74	69.5	37	33.5	70	43	57.5	38	24.5	26	26	55.5	35.5	38.5	36.5	38	32.5	48	16.5	5	41	44	36	29.5	43.5	33.5	30	43.5	40	20.5	22.5	36	27.5	
53.5	49	18	37	52.5	43	38	42	61.5	26.5	32	52	41	53.5	61.5	29	40	52	43.5	44	58.5	45.5	0	32.5	60	55	44.5	51	36	34	8	7	48	49.5	60.5	42	18.5	33	52	46.5	42.5	41.5	49.5	46.5	42	24.5	49	42.5	50.5	50	59.5	27	33.5	51.5	42	14	21	31	29.5	40	24.5	39	44.5	31.5	51.5	23.5	22	16	59	37.5	69	12.5	33	35	23.5	30	
39	63.5	32.5	51.5	67	28.5	52.5	31.5	49	36	36.5	41.5	30.5	43	72	33.5	54.5	37.5	58	33.5	73	60	32.5	0	45.5	69.5	59	61.5	50.5	48.5	24.5	39.5	62.5	60	46	56.5	33	43.5	41.5	57	57	31	64	36	31.5	39	63.5	32	65	35.5	74	41.5	48	64	31.5	38.5	35.5	45.5	44	54.5	34	49.5	55	39	66	38	36.5	20.5	71.5	52	81.5	22	43.5	45.5	38	44.5	
11.5	91	60	79	90.5	21	80	36	21.5	51.5	46	8	19	29.5	79.5	49	78	20	85.5	34	84.5	67.5	60	45.5	0	93	86.5	69	72	64	52	53	80	67.5	18.5	84	60.5	51	8	64.5	84.5	28.5	91.5	31.5	34	66.5	79	29.5	92.5	18	83.5	69	75.5	71.5	36	46	63	67	63.5	82	53.5	57	62.5	46.5	91.5	65.5	64	48	79	79.5	89	49.5	51	53	65.5	72	
86.5	16	45	34	24.5	76	35	79	96.5	63.5	69	89	78	90.5	24.5	66	37	85	25.5	81	30.5	47.5	55	69.5	93	0	16.5	34	43	51	47	62	35	37.5	93.5	19	50.5	46	89	44.5	14.5	78.5	21.5	83.5	79	46.5	36	79.5	17.5	83	31.5	34	25.5	41.5	79	61	48	48	51.5	27	61.5	42	42.5	66.5	23.5	45.5	39	53	34	29.5	34	49.5	46	48	45.5	37	
92	10.5	34.5	23.5	8	81.5	24.5	68.5	88	53	58.5	78.5	67.5	80	35	55.5	26.5	84.5	15	70.5	14	37	44.5	59	86.5	16.5	0	35.5	32.5	40.5	36.5	51.5	24.5	37	91	8.5	40	51.5	78.5	40	2	68	5	73	68.5	36	25.5	69	12	86.5	15	23.5	15	33	68.5	58.5	37.5	37.5	41	16.5	51	47.5	42	58	7	35	28.5	42.5	25.5	19	30.5	39	51.5	51.5	35	26.5	
62.5	40	49	32	31.5	52	31	67	72.5	47.5	47	77	82	80.5	20.5	50	29	61	30.5	75	25.5	23.5	51	61.5	69	34	35.5	0	33	35	51	44	11	13.5	69.5	33	50.5	22	77	20.5	33.5	82.5	34.5	77.5	77	44.5	10	81.5	41.5	59	24.5	38	29.5	17.5	57	37	48	38	39.5	19	49.5	18	18.5	42.5	32.5	45.5	43	57	20	31.5	30	53.5	22	24	45.5	39	
65.5	37	26	25	40.5	55	26	60	75.5	44.5	50	70	59	71.5	43.5	47	28	64	31.5	62	46.5	31.5	36	50.5	72	43	32.5	33	0	32	28	43	36	31.5	72.5	30	31.5	25	70	28.5	30.5	59.5	37.5	64.5	60	27.5	37	60.5	38.5	62	47.5	9	21.5	35.5	60	40	29	29	32.5	28	42.5	15	26.5	45.5	39.5	26.5	20	34	43	25.5	53	30.5	25	27	26.5	6	
57.5	45	24	33	48.5	47	34	58	67.5	42.5	42	68	57	69.5	45.5	45	36	56	39.5	60	50.5	33.5	34	48.5	64	51	40.5	35	32	0	26	39	44	33.5	64.5	38	29.5	13	68	30.5	38.5	57.5	45.5	62.5	58	25.5	45	58.5	46.5	54	49.5	23	29.5	37.5	52	32	27	3	30.5	36	40.5	23	28.5	37.5	47.5	24.5	12	32	45	33.5	55	28.5	13	11	24.5	26	
61.5	41	10	29	44.5	49	30	34	53.5	18.5	24	44	33	45.5	65.5	21	32	50	35.5	36	50.5	37.5	8	24.5	52	47	36.5	51	28	26	0	15	40	47.5	56.5	34	10.5	39	44	40.5	34.5	33.5	41.5	38.5	34	16.5	41	34.5	42.5	52	51.5	19	25.5	43.5	34	22	13	23	21.5	32	16.5	43	42.5	23.5	43.5	15.5	14	8	51	29.5	61	4.5	39	37	15.5	22	
46.5	56	25	44	59.5	36	45	49	56.5	31.5	31	59	48	60.5	54.5	34	47	45	50.5	51	59.5	42.5	7	39.5	53	62	51.5	44	43	39	15	0	55	42.5	53.5	49	25.5	26	59	39.5	49.5	48.5	56.5	53.5	49	31.5	54	49.5	57.5	43	58.5	34	40.5	46.5	41	7	28	38	36.5	47	31.5	32	37.5	26.5	58.5	30.5	29	23	54	44.5	64	19.5	26	28	30.5	37	
73.5	29	38	27	32.5	63	28	72	83.5	56.5	58	82	71	83.5	31.5	59	30	72	23.5	74	36.5	34.5	48	62.5	80	35	24.5	11	36	44	40	55	0	24.5	80.5	22	43.5	33	82	31.5	22.5	71.5	29.5	76.5	72	39.5	1	72.5	30.5	70	35.5	27	18.5	28.5	68	48	41	41	44.5	8	54.5	29	29.5	53.5	31.5	38.5	32	46	31	22.5	41	42.5	33	35	38.5	30	
61	41.5	45.5	30.5	35	50.5	29.5	65.5	71	46	45.5	75.5	78.5	79	24	48.5	27.5	59.5	34	73.5	29	22	49.5	60	67.5	37.5	37	13.5	31.5	33.5	47.5	42.5	24.5	0	68	34.5	49	20.5	75.5	19	35	79	38	76	75.5	43	23.5	80	43	57.5	28	34.5	22	4	55.5	35.5	46.5	36.5	38	32.5	48	16.5	17	41	36	44	39.5	53.5	23.5	18	33.5	50	20.5	22.5	44	37.5	
7	95.5	64.5	81.5	91	21.5	80.5	36.5	3	52	46.5	26.5	27.5	11	80	49.5	78.5	20.5	90	34.5	85	68	60.5	46	18.5	93.5	91	69.5	72.5	64.5	56.5	53.5	80.5	68	0	88.5	65	51.5	26.5	65	89	33	94	32	36.5	69	79.5	34	97	18.5	84	73.5	80	72	36.5	46.5	67.5	67.5	64	86.5	54	57.5	63	47	92	70	68.5	52.5	79.5	84	89.5	54	51.5	53.5	70	76.5	
89.5	13	32	21	16.5	79	22	66	85.5	50.5	56	76	65	77.5	37.5	53	24	82	12.5	68	22.5	34.5	42	56.5	84	19	8.5	33	30	38	34	49	22	34.5	88.5	0	37.5	49	76	37.5	6.5	65.5	13.5	70.5	66	33.5	23	66.5	14.5	84	23.5	21	12.5	30.5	66	56	35	35	38.5	14	48.5	45	39.5	55.5	15.5	32.5	26	40	17	16.5	33	36.5	49	49	32.5	24	
58	44.5	13.5	32.5	48	47.5	33.5	42.5	62	27	32.5	52.5	41.5	54	61	29.5	35.5	56.5	39	44.5	54	41	18.5	33	60.5	50.5	40	50.5	31.5	29.5	10.5	25.5	43.5	49	65	37.5	0	32.5	52.5	44	38	42	45	47	42.5	20	44.5	43	46	54.5	55	22.5	29	47	42.5	32.5	16.5	26.5	25	35.5	25	38.5	44	32	47	19	17.5	16.5	54.5	33	64.5	13	32.5	34.5	19	25.5	
44.5	58	33	34	43.5	34	33	49	54.5	29.5	29	59	70	62.5	32.5	32	31	43	42.5	57	37.5	20.5	33	43.5	51	46	51.5	22	25	13	39	26	33	20.5	51.5	49	32.5	0	59	17.5	51.5	64.5	46.5	59.5	59	26.5	32	63.5	55.5	41	36.5	34	42.5	24.5	39	19	30	16	21.5	41	31.5	10	15.5	24.5	44.5	27.5	25	45	32	38.5	42	41.5	0	2	27.5	31	
19.5	83	52	71	86.5	29	72	36	29.5	55.5	54	0	11	27.5	87.5	53	74	28	77.5	28	92.5	75.5	52	41.5	8	89	78.5	77	70	68	44	59	82	75.5	26.5	76	52.5	59	0	72.5	76.5	20.5	83.5	25.5	26	58.5	83	21.5	84.5	26	91.5	61	67.5	79.5	44	54	55	65	63.5	74	53.5	65	70.5	54.5	85.5	57.5	56	40	87	71.5	97	41.5	59	61	57.5	64	
58	44.5	38.5	32.5	42	47.5	31.5	62.5	68	43	42.5	72.5	71.5	76	31	45.5	29.5	56.5	39	70.5	36	3	46.5	57	64.5	44.5	40	20.5	28.5	30.5	40.5	39.5	31.5	19	65	37.5	44	17.5	72.5	0	38	72	45	73	72.5	40	30.5	73	46	54.5	35	27.5	29	23	52.5	32.5	41.5	33.5	35	35.5	45	13.5	2	38	43	39	32.5	46.5	30.5	33	40.5	43	17.5	19.5	39	30.5	
94	8.5	32.5	21.5	10	81.5	22.5	66.5	86	51	56.5	76.5	65.5	78	33	53.5	24.5	82.5	13	68.5	16	35	42.5	57	84.5	14.5	2	33.5	30.5	38.5	34.5	49.5	22.5	35	89	6.5	38	51.5	76.5	38	0	66	7	71	66.5	34	23.5	67	10	84.5	17	21.5	13	31	66.5	56.5	35.5	35.5	39	14.5	49	45.5	40	56	9	33	26.5	40.5	23.5	17	28.5	37	51.5	49.5	33	24.5	
30	72.5	41.5	60.5	76	34.5	61.5	25.5	30	45	45.5	20.5	9.5	22	93	42.5	63.5	31.5	67	17.5	82	69	41.5	31	28.5	78.5	68	82.5	59.5	57.5	33.5	48.5	71.5	79	33	65.5	42	64.5	20.5	72	66	0	73	5	15.5	48	72.5	1	74	31.5	83	50.5	57	75	35.5	55.5	44.5	54.5	53	63.5	43	70.5	74	50	75	47	45.5	29.5	82.5	61	92.5	31	64.5	66.5	47	53.5	
87	15.5	39.5	28.5	3	76.5	29.5	73.5	93	58	63.5	83.5	72.5	85	30	60.5	31.5	85.5	20	75.5	9	42	49.5	64	91.5	21.5	5	34.5	37.5	45.5	41.5	56.5	29.5	38	94	13.5	45	46.5	83.5	45	7	73	0	78	73.5	41	30.5	74	17	83.5	10	28.5	20	38	73.5	61.5	42.5	42.5	46	21.5	56	42.5	43	63	2	40	33.5	47.5	30.5	24	35.5	44	46.5	48.5	40	31.5	
25	77.5	46.5	65.5	81	29.5	66.5	30.5	35	50	50.5	25.5	14.5	27	88	47.5	68.5	28.5	72	22.5	87	74	46.5	36	31.5	83.5	73	77.5	64.5	62.5	38.5	53.5	76.5	76	32	70.5	47	59.5	25.5	73	71	5	78	0	20.5	53	77.5	4	79	26.5	88	55.5	62	80	40.5	54.5	49.5	59.5	58	68.5	48	65.5	71	55	80	52	50.5	34.5	87.5	66	97.5	36	59.5	61.5	52	58.5	
29.5	73	42	61	76.5	29	62	26	35.5	45.5	46	26	15	27.5	87.5	43	64	16	67.5	2	82.5	69.5	42	31.5	34	79	68.5	77	60	58	34	49	72	75.5	36.5	66	42.5	59	26	72.5	66.5	15.5	73.5	20.5	0	48.5	73	16.5	74.5	18	83.5	51	57.5	75.5	36	54	45	55	53.5	64	43.5	65	70.5	50.5	75.5	47.5	46	30	83	61.5	93	31.5	59	61	47.5	54	
62	40.5	14.5	28.5	44	51.5	29.5	48.5	68	33	38.5	58.5	47.5	60	55	35.5	31.5	60.5	35	50.5	50	37	24.5	39	66.5	46.5	36	44.5	27.5	25.5	16.5	31.5	39.5	43	69	33.5	20	26.5	58.5	40	34	48	41	53	48.5	0	40.5	49	42	58.5	51	18.5	25	43	48.5	36.5	17.5	22.5	5	31.5	31	32.5	38	38	43	1	13.5	22.5	50.5	29	60.5	19	26.5	28.5	1	21.5	
72.5	30	39	28	33.5	62	29	73	82.5	57.5	57	83	72	84.5	30.5	60	31	71	24.5	75	35.5	33.5	49	63.5	79	36	25.5	10	37	45	41	54	1	23.5	79.5	23	44.5	32	83	30.5	23.5	72.5	30.5	77.5	73	40.5	0	73.5	31.5	69	34.5	28	19.5	27.5	67	47	42	42	45.5	9	55.5	28	28.5	52.5	32.5	39.5	33	47	30	23.5	40	43.5	32	34	39.5	31	
29	73.5	42.5	61.5	77	33.5	62.5	26.5	31	46	46.5	21.5	10.5	23	92	43.5	64.5	32.5	68	18.5	83	70	42.5	32	29.5	79.5	69	81.5	60.5	58.5	34.5	49.5	72.5	80	34	66.5	43	63.5	21.5	73	67	1	74	4	16.5	49	73.5	0	75	30.5	84	51.5	58	76	36.5	56.5	45.5	55.5	54	64.5	44	69.5	75	51	76	48	46.5	30.5	83.5	62	93.5	32	63.5	65.5	48	54.5	
96	6.5	40.5	29.5	20	85.5	30.5	74.5	94	59	64.5	84.5	73.5	86	23	61.5	32.5	90.5	21	76.5	26	43	50.5	65	92.5	17.5	12	41.5	38.5	46.5	42.5	57.5	30.5	43	97	14.5	46	55.5	84.5	46	10	74	17	79	74.5	42	31.5	75	0	92.5	27	29.5	21	39	74.5	64.5	43.5	43.5	47	22.5	57	51.5	48	64	19	41	34.5	48.5	31.5	25	26.5	45	55.5	57.5	41	32.5	
11.5	91	60	71	80.5	11	70	26	21.5	41.5	36	26	33	29.5	69.5	39	68	2	79.5	16	74.5	57.5	50	35.5	18	83	86.5	59	62	54	52	43	70	57.5	18.5	84	54.5	41	26	54.5	84.5	31.5	83.5	26.5	18	58.5	69	30.5	92.5	0	73.5	69	75.5	61.5	26	36	57	57	53.5	78	43.5	47	52.5	36.5	81.5	59.5	64	48	69	75.5	79	49.5	41	43	59.5	68	
77	25.5	49.5	38.5	7	66.5	39.5	81.5	87	62	61.5	91.5	82.5	95	20	64.5	41.5	75.5	30	85.5	1	38	59.5	74	83.5	31.5	15	24.5	47.5	49.5	51.5	58.5	35.5	28	84	23.5	55	36.5	91.5	35	17	83	10	88	83.5	51	34.5	84	27	73.5	0	38.5	30	32	71.5	51.5	52.5	52.5	54	31.5	64	32.5	33	57	8	50	43.5	57.5	24.5	34	29.5	54	36.5	38.5	50	41.5	
74.5	28	17	16	31.5	64	17	51	70.5	35.5	41	61	50	62.5	52.5	38	19	67	22.5	53	37.5	24.5	27	41.5	69	34	23.5	38	9	23	19	34	27	34.5	73.5	21	22.5	34	61	27.5	21.5	50.5	28.5	55.5	51	18.5	28	51.5	29.5	69	38.5	0	12.5	30.5	51	41	20	20	23.5	19	33.5	24	29.5	40.5	30.5	17.5	11	25	38	16.5	48	21.5	34	34	17.5	3	
83	19.5	23.5	12.5	23	72.5	13.5	57.5	77	42	47.5	67.5	56.5	69	44	44.5	15.5	73.5	14	59.5	29	26	33.5	48	75.5	25.5	15	29.5	21.5	29.5	25.5	40.5	18.5	22	80	12.5	29	42.5	67.5	29	13	57	20	62	57.5	25	19.5	58	21	75.5	30	12.5	0	18	57.5	47.5	26.5	26.5	30	10.5	40	36.5	31	47	22	24	17.5	31.5	29.5	4	39.5	28	42.5	40.5	24	15.5	
65	37.5	41.5	30.5	39	54.5	31.5	69.5	75	50	49.5	79.5	74.5	83	28	52.5	31.5	63.5	32	77.5	33	26	51.5	64	71.5	41.5	33	17.5	35.5	37.5	43.5	46.5	28.5	4	72	30.5	47	24.5	79.5	23	31	75	38	80	75.5	43	27.5	76	39	61.5	32	30.5	18	0	59.5	39.5	44.5	40.5	42	28.5	52	20.5	21	45	40	42	35.5	49.5	27.5	14	37.5	46	24.5	26.5	42	33.5	
29.5	73	42	61	76.5	19	62	34	39.5	39.5	34	44	35	47.5	67.5	37	64	28	67.5	38	72.5	55.5	42	31.5	36	79	68.5	57	60	52	34	41	68	55.5	36.5	66	42.5	39	44	52.5	66.5	35.5	73.5	40.5	36	48.5	67	36.5	74.5	26	71.5	51	57.5	59.5	0	34	45	55	51.5	64	41.5	45	50.5	34.5	75.5	47.5	46	30	67	61.5	77	31.5	39	41	47.5	54	
39.5	63	32	49	58.5	29	48	44	49.5	24.5	24	54	55	57.5	47.5	27	46	38	57.5	52	52.5	35.5	14	38.5	46	61	58.5	37	40	32	22	7	48	35.5	46.5	56	32.5	19	54	32.5	56.5	55.5	61.5	54.5	54	36.5	47	56.5	64.5	36	51.5	41	47.5	39.5	34	0	35	35	31.5	54	26.5	25	30.5	19.5	59.5	37.5	36	30	47	51.5	57	26.5	19	21	37.5	44	
60.5	42	3	30	45.5	50	31	45	64.5	29.5	35	55	44	56.5	58.5	32	33	59	36.5	47	51.5	38.5	21	35.5	63	48	37.5	48	29	27	13	28	41	46.5	67.5	35	16.5	30	55	41.5	35.5	44.5	42.5	49.5	45	17.5	42	45.5	43.5	57	52.5	20	26.5	44.5	45	35	0	24	22.5	33	27.5	36	41.5	34.5	44.5	16.5	15	19	52	30.5	62	15.5	30	32	16.5	23	
60.5	42	21	30	45.5	50	31	55	70.5	39.5	45	65	54	66.5	48.5	42	33	59	36.5	57	51.5	36.5	31	45.5	67	48	37.5	38	29	3	23	38	41	36.5	67.5	35	26.5	16	65	33.5	35.5	54.5	42.5	59.5	55	22.5	42	55.5	43.5	57	52.5	20	26.5	40.5	55	35	24	0	27.5	33	37.5	26	31.5	40.5	44.5	21.5	9	29	48	30.5	58	25.5	16	14	21.5	23	
57	45.5	19.5	33.5	49	46.5	34.5	53.5	67	38	41.5	63.5	52.5	65	50	40.5	36.5	55.5	40	55.5	55	38	29.5	44	63.5	51.5	41	39.5	32.5	30.5	21.5	36.5	44.5	38	64	38.5	25	21.5	63.5	35	39	53	46	58	53.5	5	45.5	54	47	53.5	54	23.5	30	42	51.5	31.5	22.5	27.5	0	36.5	36	27.5	33	37	48	6	18.5	27.5	49.5	34	59.5	24	21.5	23.5	6	26.5	
81.5	21	30	19	24.5	71	20	64	83.5	48.5	54	74	63	75.5	39.5	51	22	80	15.5	66	30.5	32.5	40	54.5	82	27	16.5	19	28	36	32	47	8	32.5	86.5	14	35.5	41	74	35.5	14.5	63.5	21.5	68.5	64	31.5	9	64.5	22.5	78	31.5	19	10.5	28.5	64	54	33	33	36.5	0	46.5	37	37.5	53.5	23.5	30.5	24	38	31	14.5	41	34.5	41	43	30.5	22	
47	55.5	24.5	43.5	59	36.5	44.5	43.5	57	2	31.5	53.5	42.5	55	60	30.5	46.5	45.5	50	45.5	65	48	24.5	34	53.5	61.5	51	49.5	42.5	40.5	16.5	31.5	54.5	48	54	48.5	25	31.5	53.5	45	49	43	56	48	43.5	31	55.5	44	57	43.5	64	33.5	40	52	41.5	26.5	27.5	37.5	36	46.5	0	37.5	43	7	58	30	28.5	17.5	59.5	44	69.5	12	31.5	33.5	30	36.5	
50.5	52	39	30	39.5	40	29	55	60.5	35.5	35	65	74	68.5	28.5	38	27	49	38.5	63	33.5	16.5	39	49.5	57	42	47.5	18	15	23	43	32	29	16.5	57.5	45	38.5	10	65	13.5	45.5	70.5	42.5	65.5	65	32.5	28	69.5	51.5	47	32.5	24	36.5	20.5	45	25	36	26	27.5	37	37.5	0	11.5	30.5	40.5	33.5	35	49	28	34.5	38	45.5	10	12	33.5	21	
56	46.5	40.5	30.5	40	45.5	29.5	60.5	66	41	40.5	70.5	73.5	74	29	43.5	27.5	54.5	39	68.5	34	5	44.5	55	62.5	42.5	42	18.5	26.5	28.5	42.5	37.5	29.5	17	63	39.5	44	15.5	70.5	2	40	74	43	71	70.5	38	28.5	75	48	52.5	33	29.5	31	21	50.5	30.5	41.5	31.5	33	37.5	43	11.5	0	36	41	39	34.5	48.5	28.5	35	38.5	45	15.5	17.5	39	32.5	
40	62.5	31.5	50.5	64	29.5	51.5	44.5	50	5	24.5	54.5	49.5	58	53	27.5	51.5	38.5	57	52.5	58	41	31.5	39	46.5	66.5	58	42.5	45.5	37.5	23.5	26.5	53.5	41	47	55.5	32	24.5	54.5	38	56	50	63	55	50.5	38	52.5	51	64	36.5	57	40.5	47	45	34.5	19.5	34.5	40.5	37	53.5	7	30.5	36	0	65	37	35.5	24.5	52.5	51	62.5	19	24.5	26.5	37	43.5	
85	17.5	41.5	30.5	1	74.5	31.5	75.5	95	60	65.5	85.5	74.5	87	28	62.5	33.5	83.5	22	77.5	7	44	51.5	66	91.5	23.5	7	32.5	39.5	47.5	43.5	58.5	31.5	36	92	15.5	47	44.5	85.5	43	9	75	2	80	75.5	43	32.5	76	19	81.5	8	30.5	22	40	75.5	59.5	44.5	44.5	48	23.5	58	40.5	41	65	0	42	35.5	49.5	32.5	26	37.5	46	44.5	46.5	42	33.5	
63	39.5	13.5	27.5	43	52.5	28.5	47.5	67	32	37.5	57.5	46.5	59	56	34.5	30.5	61.5	34	49.5	49	36	23.5	38	65.5	45.5	35	45.5	26.5	24.5	15.5	30.5	38.5	44	70	32.5	19	27.5	57.5	39	33	47	40	52	47.5	1	39.5	48	41	59.5	50	17.5	24	42	47.5	37.5	16.5	21.5	6	30.5	30	33.5	39	37	42	0	12.5	21.5	49.5	28	59.5	18	27.5	29.5	0	20.5	
69.5	33	12	21	36.5	59	22	46	65.5	30.5	36	56	45	57.5	57.5	33	24	62	27.5	48	42.5	29.5	22	36.5	64	39	28.5	43	20	12	14	29	32	39.5	68.5	26	17.5	25	56	32.5	26.5	45.5	33.5	50.5	46	13.5	33	46.5	34.5	64	43.5	11	17.5	35.5	46	36	15	9	18.5	24	28.5	35	34.5	35.5	35.5	12.5	0	20	43	21.5	53	16.5	25	23	12.5	14	
55.5	47	16	35	50.5	45	36	30	49.5	19.5	16	40	29	41.5	71.5	13	38	46	41.5	32	56.5	43.5	16	20.5	48	53	42.5	57	34	32	8	23	46	53.5	52.5	40	16.5	45	40	46.5	40.5	29.5	47.5	34.5	30	22.5	47	30.5	48.5	48	57.5	25	31.5	49.5	30	30	19	29	27.5	38	17.5	49	48.5	24.5	49.5	21.5	20	0	57	35.5	67	5.5	45	43	21.5	28	
72.5	30	49	38	31.5	62	39	77	82.5	57.5	57	87	82	90.5	20.5	60	39	71	29.5	85	25.5	33.5	59	71.5	79	34	25.5	20	43	45	51	54	31	23.5	79.5	17	54.5	32	87	30.5	23.5	82.5	30.5	87.5	83	50.5	30	83.5	31.5	69	24.5	38	29.5	27.5	67	47	52	48	49.5	31	59.5	28	28.5	52.5	32.5	49.5	43	57	0	33.5	30	53.5	32	34	49.5	41	
79	23.5	27.5	16.5	27	68.5	17.5	61.5	81	46	51.5	71.5	60.5	73	42	48.5	19.5	77.5	18	63.5	33	30	37.5	52	79.5	29.5	19	31.5	25.5	33.5	29.5	44.5	22.5	18	84	16.5	33	38.5	71.5	33	17	61	24	66	61.5	29	23.5	62	25	75.5	34	16.5	4	14	61.5	51.5	30.5	30.5	34	14.5	44	34.5	35	51	26	28	21.5	35.5	33.5	0	43.5	32	38.5	40.5	28	19.5	
82.5	20	59	48	36.5	72	49	87	92.5	67.5	67	97	92	100.5	15.5	70	49	81	39.5	95	30.5	43.5	69	81.5	89	34	30.5	30	53	55	61	64	41	33.5	89.5	33	64.5	42	97	40.5	28.5	92.5	35.5	97.5	93	60.5	40	93.5	26.5	79	29.5	48	39.5	37.5	77	57	62	58	59.5	41	69.5	38	38.5	62.5	37.5	59.5	53	67	30	43.5	0	63.5	42	44	59.5	51	
59	43.5	12.5	31.5	47	46.5	32.5	31.5	51	14	21.5	41.5	30.5	43	68	18.5	34.5	47.5	38	33.5	53	40	12.5	22	49.5	49.5	39	53.5	30.5	28.5	4.5	19.5	42.5	50	54	36.5	13	41.5	41.5	43	37	31	44	36	31.5	19	43.5	32	45	49.5	54	21.5	28	46	31.5	26.5	15.5	25.5	24	34.5	12	45.5	45	19	46	18	16.5	5.5	53.5	32	63.5	0	41.5	39.5	18	24.5	
44.5	58	33	34	43.5	34	33	49	54.5	29.5	29	59	70	62.5	32.5	32	31	43	42.5	57	37.5	20.5	33	43.5	51	46	51.5	22	25	13	39	26	33	20.5	51.5	49	32.5	0	59	17.5	51.5	64.5	46.5	59.5	59	26.5	32	63.5	55.5	41	36.5	34	42.5	24.5	39	19	30	16	21.5	41	31.5	10	15.5	24.5	44.5	27.5	25	45	32	38.5	42	41.5	0	2	27.5	31	
46.5	56	35	36	45.5	36	35	51	56.5	31.5	31	61	68	64.5	34.5	34	33	45	44.5	59	39.5	22.5	35	45.5	53	48	51.5	24	27	11	37	28	35	22.5	53.5	49	34.5	2	61	19.5	49.5	66.5	48.5	61.5	61	28.5	34	65.5	57.5	43	38.5	34	40.5	26.5	41	21	32	14	23.5	43	33.5	12	17.5	26.5	46.5	29.5	23	43	34	40.5	44	39.5	2	0	29.5	33	
63	39.5	13.5	27.5	43	52.5	28.5	47.5	67	32	37.5	57.5	46.5	59	56	34.5	30.5	61.5	34	49.5	49	36	23.5	38	65.5	45.5	35	45.5	26.5	24.5	15.5	30.5	38.5	44	70	32.5	19	27.5	57.5	39	33	47	40	52	47.5	1	39.5	48	41	59.5	50	17.5	24	42	47.5	37.5	16.5	21.5	6	30.5	30	33.5	39	37	42	0	12.5	21.5	49.5	28	59.5	18	27.5	29.5	0	20.5	
71.5	31	20	19	34.5	61	20	54	73.5	38.5	44	64	53	65.5	49.5	41	22	70	25.5	56	40.5	27.5	30	44.5	72	37	26.5	39	6	26	22	37	30	37.5	76.5	24	25.5	31	64	30.5	24.5	53.5	31.5	58.5	54	21.5	31	54.5	32.5	68	41.5	3	15.5	33.5	54	44	23	23	26.5	22	36.5	21	32.5	43.5	33.5	20.5	14	28	41	19.5	51	24.5	31	33	20.5	0	
