Number of items: 75
Horizon: 12
Time limit: 750
Load limit: 4500
Initial item inventory level
25
60
116
147
102
23
148
170
134
267
196
195
54
54
48
92
51
198
74
51
49
82
183
150
54
64
57
111
166
237
75
66
28
294
213
28
195
81
60
30
138
108
57
77
22
141
176
114
111
94
231
34
30
234
36
69
96
42
87
171
240
90
102
57
10
183
33
297
54
78
41
180
95
146
102
Maximum inventory capacity per item
50
90
174
196
153
46
222
255
201
356
294
260
72
81
72
184
102
264
148
102
98
123
244
225
108
96
114
148
249
316
100
88
56
392
284
56
260
162
120
60
184
162
114
154
44
188
264
171
148
188
308
68
60
312
48
92
192
56
174
228
320
180
153
76
20
244
44
396
72
117
82
270
190
219
136
Reserve storage replenishment rate per item and per period
150	0	0	150	0	0	150	0	0	150	0	0	
180	0	0	180	0	0	180	0	0	180	0	0	
348	0	0	348	0	0	348	0	0	348	0	0	
294	0	0	294	0	0	294	0	0	294	0	0	
306	0	0	306	0	0	306	0	0	306	0	0	
138	0	0	138	0	0	138	0	0	138	0	0	
444	0	0	444	0	0	444	0	0	444	0	0	
510	0	0	510	0	0	510	0	0	510	0	0	
402	0	0	402	0	0	402	0	0	402	0	0	
534	0	0	534	0	0	534	0	0	534	0	0	
588	0	0	588	0	0	588	0	0	588	0	0	
390	0	0	390	0	0	390	0	0	390	0	0	
108	0	0	108	0	0	108	0	0	108	0	0	
162	0	0	162	0	0	162	0	0	162	0	0	
144	0	0	144	0	0	144	0	0	144	0	0	
552	0	0	552	0	0	552	0	0	552	0	0	
306	0	0	306	0	0	306	0	0	306	0	0	
396	0	0	396	0	0	396	0	0	396	0	0	
444	0	0	444	0	0	444	0	0	444	0	0	
306	0	0	306	0	0	306	0	0	306	0	0	
294	0	0	294	0	0	294	0	0	294	0	0	
246	0	0	246	0	0	246	0	0	246	0	0	
366	0	0	366	0	0	366	0	0	366	0	0	
450	0	0	450	0	0	450	0	0	450	0	0	
324	0	0	324	0	0	324	0	0	324	0	0	
192	0	0	192	0	0	192	0	0	192	0	0	
342	0	0	342	0	0	342	0	0	342	0	0	
222	0	0	222	0	0	222	0	0	222	0	0	
498	0	0	498	0	0	498	0	0	498	0	0	
474	0	0	474	0	0	474	0	0	474	0	0	
150	0	0	150	0	0	150	0	0	150	0	0	
132	0	0	132	0	0	132	0	0	132	0	0	
168	0	0	168	0	0	168	0	0	168	0	0	
588	0	0	588	0	0	588	0	0	588	0	0	
426	0	0	426	0	0	426	0	0	426	0	0	
168	0	0	168	0	0	168	0	0	168	0	0	
390	0	0	390	0	0	390	0	0	390	0	0	
486	0	0	486	0	0	486	0	0	486	0	0	
360	0	0	360	0	0	360	0	0	360	0	0	
180	0	0	180	0	0	180	0	0	180	0	0	
276	0	0	276	0	0	276	0	0	276	0	0	
324	0	0	324	0	0	324	0	0	324	0	0	
342	0	0	342	0	0	342	0	0	342	0	0	
462	0	0	462	0	0	462	0	0	462	0	0	
132	0	0	132	0	0	132	0	0	132	0	0	
282	0	0	282	0	0	282	0	0	282	0	0	
528	0	0	528	0	0	528	0	0	528	0	0	
342	0	0	342	0	0	342	0	0	342	0	0	
222	0	0	222	0	0	222	0	0	222	0	0	
564	0	0	564	0	0	564	0	0	564	0	0	
462	0	0	462	0	0	462	0	0	462	0	0	
204	0	0	204	0	0	204	0	0	204	0	0	
180	0	0	180	0	0	180	0	0	180	0	0	
468	0	0	468	0	0	468	0	0	468	0	0	
72	0	0	72	0	0	72	0	0	72	0	0	
138	0	0	138	0	0	138	0	0	138	0	0	
576	0	0	576	0	0	576	0	0	576	0	0	
84	0	0	84	0	0	84	0	0	84	0	0	
522	0	0	522	0	0	522	0	0	522	0	0	
342	0	0	342	0	0	342	0	0	342	0	0	
480	0	0	480	0	0	480	0	0	480	0	0	
540	0	0	540	0	0	540	0	0	540	0	0	
306	0	0	306	0	0	306	0	0	306	0	0	
114	0	0	114	0	0	114	0	0	114	0	0	
60	0	0	60	0	0	60	0	0	60	0	0	
366	0	0	366	0	0	366	0	0	366	0	0	
66	0	0	66	0	0	66	0	0	66	0	0	
594	0	0	594	0	0	594	0	0	594	0	0	
108	0	0	108	0	0	108	0	0	108	0	0	
234	0	0	234	0	0	234	0	0	234	0	0	
246	0	0	246	0	0	246	0	0	246	0	0	
540	0	0	540	0	0	540	0	0	540	0	0	
570	0	0	570	0	0	570	0	0	570	0	0	
438	0	0	438	0	0	438	0	0	438	0	0	
204	0	0	204	0	0	204	0	0	204	0	0	
Forward storage demand rate per item and per period
25	32	28	32	12	26	26	21	24	43	41	41	
30	38	35	23	30	23	26	19	30	49	16	21	
58	37	70	75	61	88	43	28	84	55	103	43	
49	17	25	15	79	19	37	21	52	53	52	14	
51	56	69	62	24	29	89	24	46	31	88	52	
23	32	29	19	23	22	20	23	26	19	27	31	
74	99	88	111	92	40	81	50	61	63	116	81	
85	90	117	64	116	76	97	88	54	89	108	127	
67	128	110	105	80	99	37	115	95	14	100	20	
89	104	155	26	113	115	73	50	149	57	102	83	
98	15	165	176	96	142	126	147	109	154	56	173	
65	94	72	36	60	79	77	113	109	34	70	62	
18	10	20	8	34	31	13	16	20	18	13	19	
27	29	39	24	13	23	22	26	25	29	35	33	
24	38	22	23	21	41	20	15	4	37	9	26	
92	87	74	66	102	86	119	135	51	114	125	56	
51	11	76	69	85	73	36	50	40	71	41	28	
66	0	37	70	47	56	30	21	110	55	31	22	
74	94	117	83	58	61	39	119	17	71	26	36	
51	63	45	55	85	54	11	79	71	21	35	27	
49	59	69	76	46	84	26	43	53	46	42	74	
41	11	26	71	38	44	21	71	62	48	19	45	
61	52	93	82	4	73	23	51	2	56	48	82	
75	72	132	30	69	123	65	50	70	95	22	91	
54	61	56	35	35	97	48	7	90	90	66	49	
32	32	17	7	28	30	26	32	51	38	44	26	
57	38	22	47	52	63	77	58	62	92	41	39	
37	57	45	9	61	32	28	27	35	5	61	58	
83	89	80	117	41	12	68	132	113	84	80	19	
79	38	96	49	60	104	113	43	117	37	114	27	
25	37	17	35	24	33	7	26	20	24	45	35	
22	8	36	18	16	23	18	14	14	7	15	36	
28	22	22	44	12	26	17	16	26	43	35	27	
98	118	66	107	153	112	117	97	136	81	107	68	
71	129	69	73	31	45	62	82	31	113	17	106	
28	29	30	28	22	21	27	32	28	11	46	33	
65	78	26	39	61	107	25	25	78	22	21	45	
81	77	92	14	111	23	29	72	71	62	44	135	
60	107	70	89	12	33	62	80	53	65	85	61	
30	16	29	17	14	30	45	29	10	25	21	28	
46	72	72	55	36	48	46	23	42	73	22	22	
54	58	45	62	90	61	60	51	61	35	61	33	
57	31	74	22	39	86	31	69	79	62	81	57	
77	72	101	41	44	107	82	60	82	18	137	112	
22	28	22	35	21	33	24	18	22	26	41	22	
47	22	72	54	27	36	49	33	27	18	52	64	
88	26	115	131	79	119	73	61	21	38	73	106	
57	65	47	90	93	84	45	79	57	8	57	72	
37	46	38	39	40	9	27	14	43	48	31	43	
94	146	127	61	158	111	66	117	98	50	110	112	
77	56	65	82	83	103	97	76	124	60	23	89	
34	30	56	30	12	34	14	38	51	54	42	51	
30	29	10	19	34	46	48	19	27	22	12	15	
78	80	112	64	12	16	86	90	63	17	118	4	
12	8	19	1	15	14	14	15	12	12	0	12	
23	18	39	11	25	23	24	29	26	37	11	23	
96	96	143	72	62	97	88	152	142	87	26	87	
14	18	14	5	17	17	16	1	14	19	13	12	
87	114	90	86	87	48	85	145	85	78	106	18	
57	69	70	59	84	66	45	58	84	65	72	47	
80	56	74	122	115	91	150	113	91	45	106	104	
90	103	56	14	71	112	146	127	57	73	116	75	
51	45	76	63	10	75	29	50	64	10	37	99	
19	3	24	19	5	12	14	26	16	30	24	33	
10	4	4	8	11	4	3	13	5	9	15	8	
61	72	63	94	52	82	84	80	43	110	56	59	
11	17	12	8	10	16	14	13	14	12	9	4	
99	76	91	122	138	116	123	30	178	51	54	170	
18	17	17	25	3	18	7	15	14	13	19	21	
39	40	28	30	18	39	21	61	16	14	41	25	
41	45	77	51	53	25	37	58	41	68	1	52	
90	52	127	94	143	114	24	48	75	140	43	92	
95	94	66	85	65	48	96	164	59	67	110	138	
73	83	72	101	52	61	49	54	127	110	64	77	
34	50	15	38	15	22	38	18	62	49	20	12	
Distance matrix
0	63	41	43.5	25	50	49.5	28	23	19	35.5	34	87	73.5	13	51	87	58.5	81	18	65.5	42	10.5	72	32.5	42.5	46	82.5	27	67.5	19	60	85	75.5	74.5	28.5	31	76	45.5	27	18	54.5	17.5	27	78	46.5	74.5	60	48.5	66.5	62	70.5	29.5	66	76.5	72.5	40.5	45.5	27	65.5	93.5	65.5	54	35.5	47.5	11.5	84.5	43.5	67.5	29.5	72.5	71	81.5	86.5	25	71	
63	0	44	51.5	72	47	17.5	69	74	78	61.5	37	30	36.5	66	44	40	26.5	44	51	28.5	45	58.5	35	64.5	40.5	51	29.5	50	30.5	62	33	42	38.5	37.5	68.5	34	39	51.5	40	79	42.5	75.5	50	39	24.5	37.5	3	46.5	29.5	25	26.5	67.5	29	39.5	35.5	56.5	43.5	60	31.5	38.5	31.5	43	61.5	35.5	69.5	27.5	53.5	30.5	57.5	35.5	34	20.5	25.5	72	8	
41	44	0	29.5	54	29	30.5	51	54	60	43.5	7	52	54.5	44	32	62	39.5	62	29	46.5	1	36.5	53	46.5	23.5	33	51.5	28	48.5	40	41	64	56.5	55.5	50.5	10	57	33.5	18	59	35.5	53.5	28	59	27.5	55.5	41	29.5	47.5	43	33.5	49.5	47	57.5	53.5	36.5	26.5	38	28.5	60.5	28.5	35	43.5	28.5	47.5	49.5	35.5	48.5	35.5	53.5	52	42.5	47.5	54	48	
43.5	51.5	29.5	0	46.5	21.5	38	43.5	48.5	52.5	36	22.5	49.5	58	46.5	35.5	59.5	47	65.5	31.5	54	30.5	39	60.5	39	31	25.5	49	30.5	54	42.5	46.5	61.5	64	63	43	19.5	64.5	26	20.5	53.5	37	54	30.5	58.5	35	63	48.5	33	55	50.5	31	42	54.5	65	59	31	34	40.5	26	58	26	32.5	36	36	50	47	28	56	38	61	59.5	40	45	46.5	45.5	
25	72	54	46.5	0	35	64.5	17	2	26	24.5	49	68	76.5	12	54	78	71.5	84	33	80.5	53	25.5	83	17.5	57.5	39	67.5	42	72.5	34	65	80	84.5	85.5	16.5	46	89	24.5	42	27	55.5	27.5	42	77	61.5	89.5	75	51.5	73.5	77	49.5	15.5	81	91.5	77.5	39.5	54.5	38	44.5	76.5	44.5	51	14.5	62.5	31.5	65.5	26.5	82.5	40.5	87.5	86	58.5	63.5	0	64	
50	47	29	21.5	35	0	49.5	32	37	41	24.5	34	43	51.5	47	29	53	46.5	59	38	65.5	28	45.5	58	27.5	32.5	4	42.5	33	47.5	41	40	55	59.5	60.5	31.5	31	64	14.5	23	42	30.5	42.5	33	52	46.5	74.5	50	26.5	48.5	62	24.5	30.5	64	76.5	52.5	19.5	29.5	33	19.5	51.5	19.5	26	24.5	37.5	48.5	40.5	16.5	57.5	30.5	62.5	69	33.5	38.5	35	39	
49.5	17.5	30.5	38	64.5	49.5	0	77.5	62.5	68.5	60	23.5	41.5	28	52.5	30.5	41.5	9	35.5	37.5	20	31.5	45	26.5	67	27	45.5	37	36.5	22	48.5	19.5	39.5	30	29	73	20.5	30.5	60	26.5	67.5	29	62	36.5	32.5	11	29	14.5	33	21	16.5	35	74	20.5	31	27	45	30	46.5	40	48	40	33.5	70	22	56	39	58	22	44	27	25.5	34	39	64.5	25.5	
28	69	51	43.5	17	32	77.5	0	19	9	21.5	58	65	73.5	29	51	75	68.5	81	44	91.5	50	36.5	80	14.5	54.5	36	64.5	45	69.5	33	62	77	81.5	82.5	8.5	59	86	21.5	55	10	52.5	19.5	45	74	70.5	102.5	72	48.5	70.5	90	46.5	7.5	86	100.5	74.5	36.5	51.5	35	41.5	73.5	41.5	48	11.5	59.5	25.5	62.5	23.5	79.5	37.5	84.5	91	55.5	60.5	17	61	
23	74	54	48.5	2	37	62.5	19	0	28	26.5	47	70	78.5	10	56	80	71.5	86	31	78.5	55	23.5	85	19.5	55.5	41	69.5	40	74.5	32	67	82	86.5	87.5	18.5	44	89	26.5	40	29	57.5	29.5	40	79	59.5	87.5	73	53.5	75.5	75	51.5	17.5	79	89.5	79.5	41.5	56.5	40	46.5	78.5	46.5	53	16.5	60.5	29.5	67.5	28.5	80.5	42.5	85.5	84	60.5	65.5	2	66	
19	78	60	52.5	26	41	68.5	9	28	0	30.5	53	74	82.5	32	60	84	77.5	90	37	84.5	59	29.5	89	23.5	61.5	45	73.5	46	78.5	38	71	86	90.5	91.5	17.5	50	95	30.5	46	1	61.5	28.5	46	83	65.5	93.5	79	57.5	79.5	81	55.5	16.5	85	95.5	83.5	45.5	60.5	44	50.5	82.5	50.5	57	20.5	66.5	30.5	71.5	32.5	86.5	46.5	91.5	90	64.5	69.5	26	70	
35.5	61.5	43.5	36	24.5	24.5	60	21.5	26.5	30.5	0	44.5	57.5	66	36.5	43.5	67.5	61	73.5	28.5	76	42.5	31	72.5	17	47	28.5	57	37.5	62	30.5	54.5	69.5	74	75	21	41.5	78.5	14	37.5	31.5	45	32	37.5	66.5	57	85	64.5	41	63	72.5	39	20	76.5	87	67	29	44	27.5	34	66	34	40.5	14	52	38	55	16	72	30	77	81.5	48	53	24.5	53.5	
34	37	7	22.5	49	34	23.5	58	47	53	44.5	0	59	47.5	37	25	61	32.5	55	22	39.5	8	29.5	46	51.5	16.5	30	56.5	21	41.5	33	34	59	49.5	48.5	57.5	3	50	40.5	11	52	28.5	46.5	21	52	20.5	48.5	34	22.5	40.5	36	40.5	56.5	40	50.5	46.5	29.5	19.5	31	35.5	67.5	35.5	28	50.5	21.5	40.5	56.5	42.5	41.5	28.5	46.5	45	49.5	54.5	49	45	
87	30	52	49.5	68	43	41.5	65	70	74	57.5	59	0	19.5	80	42	16	34.5	22	75	32.5	51	82.5	15	60.5	50.5	47	10.5	66	25.5	74	33	18	22.5	23.5	64.5	58	27	47.5	64	75	38.5	75.5	66	9	46.5	41.5	33	44.5	26.5	25	22.5	63.5	21	41.5	20.5	52.5	47.5	66	27.5	14.5	27.5	39	57.5	45.5	81.5	8.5	49.5	25.5	63.5	25.5	32	11.5	6.5	68	22	
73.5	36.5	54.5	58	76.5	51.5	28	73.5	78.5	82.5	66	47.5	19.5	0	76.5	50.5	29.5	37	35.5	61.5	24	55.5	69	30.5	69	51	55.5	9	60.5	34	72.5	41.5	31.5	34	33	73	44.5	34.5	56	50.5	83.5	47	84	60.5	28.5	35	33	33.5	53	35	20.5	31	72	24.5	35	1	61	54	70.5	36	28	36	47.5	66	46	80	11	58	6	68	31	29.5	20	13	76.5	30.5	
13	66	44	46.5	12	47	52.5	29	10	32	36.5	37	80	76.5	0	54	90	61.5	84	21	68.5	45	13.5	75	29.5	45.5	49	79.5	30	70.5	22	63	88	78.5	77.5	28.5	34	79	36.5	30	31	57.5	25.5	30	81	49.5	77.5	63	51.5	69.5	65	61.5	27.5	69	79.5	75.5	43.5	48.5	30	56.5	88.5	56.5	57	26.5	50.5	19.5	77.5	38.5	70.5	32.5	75.5	74	70.5	75.5	12	74	
51	44	32	35.5	54	29	30.5	51	56	60	43.5	25	42	50.5	54	0	52	39.5	58	39	46.5	33	46.5	53	46.5	28.5	33	41.5	38	46.5	50	39	54	56.5	55.5	50.5	22	57	33.5	28	61	29.5	61.5	38	51	27.5	55.5	41	30.5	47.5	43	23.5	49.5	47	57.5	51.5	38.5	31.5	48	18.5	50.5	18.5	3	43.5	28.5	57.5	39.5	35.5	48.5	45.5	53.5	52	32.5	37.5	54	38	
87	40	62	59.5	78	53	41.5	75	80	84	67.5	61	16	29.5	90	52	0	44.5	6	75	27.5	61	82.5	31	70.5	60.5	57	20.5	74	35.5	84	43	2	27.5	28.5	74.5	58	11	57.5	64	85	48.5	85.5	74	25	48.5	31.5	43	54.5	36.5	29	32.5	73.5	33	33.5	30.5	62.5	57.5	76	37.5	14.5	37.5	49	67.5	55.5	91.5	18.5	59.5	35.5	73.5	30.5	16	21.5	16.5	78	32	
58.5	26.5	39.5	47	71.5	46.5	9	68.5	71.5	77.5	61	32.5	34.5	37	61.5	39.5	44.5	0	44.5	46.5	29	40.5	54	35.5	64	36	50.5	34	45.5	31	57.5	28.5	46.5	39	38	68	29.5	39.5	51	35.5	76.5	38	71	45.5	41.5	20	38	23.5	42	30	25.5	26	67	29.5	40	36	54	39	55.5	31	43	31	42.5	61	31	65	32	53	31	53	36	34.5	25	30	71.5	30.5	
81	44	62	65.5	84	59	35.5	81	86	90	73.5	55	22	35.5	84	58	6	44.5	0	69	21.5	63	76.5	33	76.5	58.5	63	26.5	68	41.5	80	49	4	31.5	30.5	80.5	52	5	63.5	58	91	54.5	91.5	68	31	42.5	25.5	41	60.5	42.5	23	38.5	79.5	27	27.5	36.5	68.5	61.5	78	43.5	20.5	43.5	55	73.5	53.5	87.5	24.5	65.5	33.5	75.5	28.5	10	27.5	22.5	84	38	
18	51	29	31.5	33	38	37.5	44	31	37	28.5	22	75	61.5	21	39	75	46.5	69	0	53.5	30	13.5	60	35.5	30.5	34	70.5	15	55.5	17	48	73	63.5	62.5	41.5	19	64	31.5	15	36	42.5	30.5	15	66	34.5	62.5	48	36.5	54.5	50	56.5	42.5	54	64.5	60.5	28.5	33.5	9	51.5	81.5	51.5	42	36.5	35.5	24.5	72.5	31.5	55.5	17.5	60.5	59	65.5	70.5	33	59	
65.5	28.5	46.5	54	80.5	65.5	20	91.5	78.5	84.5	76	39.5	32.5	24	68.5	46.5	27.5	29	21.5	53.5	0	47.5	61	17.5	83	43	61.5	33	52.5	28	64.5	35.5	25.5	10	9	89	36.5	16.5	74	42.5	83.5	45	78	52.5	23.5	27	15	25.5	49	27	7.5	49	90	11.5	17	23	61	46	62.5	54	34	54	49.5	84	38	72	35	74	18	60	7	11.5	38	33	80.5	36.5	
42	45	1	30.5	53	28	31.5	50	55	59	42.5	8	51	55.5	45	33	61	40.5	63	30	47.5	0	37.5	54	45.5	24.5	32	50.5	29	49.5	41	42	63	57.5	56.5	49.5	11	58	32.5	19	60	36.5	54.5	29	60	28.5	56.5	42	30.5	48.5	44	32.5	48.5	48	58.5	54.5	37.5	27.5	39	27.5	59.5	27.5	34	42.5	29.5	48.5	48.5	34.5	49.5	36.5	54.5	53	41.5	46.5	53	47	
10.5	58.5	36.5	39	25.5	45.5	45	36.5	23.5	29.5	31	29.5	82.5	69	13.5	46.5	82.5	54	76.5	13.5	61	37.5	0	67.5	22	38	41.5	78	22.5	63	14.5	55.5	80.5	71	70	34	26.5	71.5	39	22.5	28.5	50	23	22.5	73.5	42	70	55.5	44	62	57.5	64	35	61.5	72	68	36	41	22.5	59	89	59	49.5	25	43	17	80	39	63	25	68	66.5	73	78	25.5	66.5	
72	35	53	60.5	83	58	26.5	80	85	89	72.5	46	15	30.5	75	53	31	35.5	33	60	17.5	54	67.5	0	75.5	49.5	62	25.5	59	34.5	71	42	33	27.5	26.5	79.5	43	28	62.5	49	90	51.5	84.5	59	6	33.5	26.5	32	55.5	33.5	10	37.5	78.5	6	28.5	29.5	67.5	52.5	69	42.5	29.5	42.5	54	72.5	44.5	78.5	23.5	64.5	24.5	66.5	24.5	23	26.5	21.5	83	37	
32.5	64.5	46.5	39	17.5	27.5	67	14.5	19.5	23.5	17	51.5	60.5	69	29.5	46.5	70.5	64	76.5	35.5	83	45.5	22	75.5	0	50	31.5	60	40.5	65	28.5	57.5	72.5	77	78	14	48.5	81.5	17	44.5	24.5	48	25	40.5	69.5	64	92	67.5	44	66	79.5	42	13	81.5	94	70	32	47	30.5	37	69	37	43.5	3	55	31	58	19	75	33	80	86.5	51	56	17.5	56.5	
42.5	40.5	23.5	31	57.5	32.5	27	54.5	55.5	61.5	47	16.5	50.5	51	45.5	28.5	60.5	36	58.5	30.5	43	24.5	38	49.5	50	0	36.5	50	29.5	45	41.5	37.5	62.5	53	52	54	13.5	53.5	37	19.5	60.5	32	55	29.5	55.5	24	52	37.5	6	44	39.5	32	53	43.5	54	50	38	3	39.5	27	59	27	31.5	47	25	49	48	39	45	37	50	48.5	41	46	57.5	46.5	
46	51	33	25.5	39	4	45.5	36	41	45	28.5	30	47	55.5	49	33	57	50.5	63	34	61.5	32	41.5	62	31.5	36.5	0	46.5	33	51.5	45	44	59	63.5	64.5	35.5	27	68	18.5	19	46	34.5	46.5	33	56	42.5	70.5	54	30.5	52.5	58	28.5	34.5	62	72.5	56.5	23.5	33.5	37	23.5	55.5	23.5	30	28.5	41.5	52.5	44.5	20.5	61.5	34.5	66.5	67	37.5	42.5	39	43	
82.5	29.5	51.5	49	67.5	42.5	37	64.5	69.5	73.5	57	56.5	10.5	9	79.5	41.5	20.5	34	26.5	70.5	33	50.5	78	25.5	60	50	46.5	0	65.5	25	73.5	32.5	22.5	27	28	64	53.5	31.5	47	59.5	74.5	38	75	65.5	19.5	44	42	32.5	44	26	29.5	22	63	31.5	44	10	52	47	65.5	27	19	27	38.5	57	45	81	2	49	15	63	30	36.5	11	4	67.5	21.5	
27	50	28	30.5	42	33	36.5	45	40	46	37.5	21	66	60.5	30	38	74	45.5	68	15	52.5	29	22.5	59	40.5	29.5	33	65.5	0	54.5	26	47	72	62.5	61.5	44.5	18	63	27.5	14	45	41.5	39.5	0	65	33.5	61.5	47	35.5	53.5	49	47.5	43.5	53	63.5	59.5	27.5	32.5	24	42.5	74.5	42.5	41	37.5	34.5	33.5	63.5	29.5	54.5	21.5	59.5	58	56.5	61.5	42	58	
67.5	30.5	48.5	54	72.5	47.5	22	69.5	74.5	78.5	62	41.5	25.5	34	70.5	46.5	35.5	31	41.5	55.5	28	49.5	63	34.5	65	45	51.5	25	54.5	0	66.5	37.5	37.5	38	37	69	38.5	38.5	52	44.5	79.5	43	80	54.5	34.5	29	37	27.5	49	1	24.5	27	68	28.5	39	35	57	48	64.5	32	34	32	43.5	62	40	74	23	54	30	62	35	33.5	14	21	72.5	26.5	
19	62	40	42.5	34	41	48.5	33	32	38	30.5	33	74	72.5	22	50	84	57.5	80	17	64.5	41	14.5	71	28.5	41.5	45	73.5	26	66.5	0	59	84	74.5	73.5	32.5	30	75	30.5	26	37	53.5	31.5	26	77	45.5	73.5	59	47.5	65.5	61	55.5	31.5	65	75.5	71.5	39.5	44.5	26	50.5	82.5	50.5	53	25.5	46.5	25.5	71.5	32.5	66.5	28.5	71.5	70	64.5	69.5	34	70	
60	33	41	46.5	65	40	19.5	62	67	71	54.5	34	33	41.5	63	39	43	28.5	49	48	35.5	42	55.5	42	57.5	37.5	44	32.5	47	37.5	59	0	45	45.5	44.5	61.5	31	46	44.5	37	72	35.5	72.5	47	42	21.5	44.5	30	41.5	36.5	32	19.5	60.5	36	46.5	42.5	49.5	40.5	57	24.5	41.5	24.5	36	54.5	32.5	66.5	30.5	46.5	37.5	54.5	42.5	41	23.5	28.5	65	29	
85	42	64	61.5	80	55	39.5	77	82	86	69.5	59	18	31.5	88	54	2	46.5	4	73	25.5	63	80.5	33	72.5	62.5	59	22.5	72	37.5	84	45	0	29.5	30.5	76.5	56	9	59.5	62	87	50.5	87.5	72	27	46.5	29.5	45	56.5	38.5	27	34.5	75.5	31	31.5	32.5	64.5	59.5	78	39.5	16.5	39.5	51	69.5	57.5	91.5	20.5	61.5	37.5	75.5	32.5	14	23.5	18.5	80	34	
75.5	38.5	56.5	64	84.5	59.5	30	81.5	86.5	90.5	74	49.5	22.5	34	78.5	56.5	27.5	39	31.5	63.5	10	57.5	71	27.5	77	53	63.5	27	62.5	38	74.5	45.5	29.5	0	1	81	46.5	26.5	64	52.5	91.5	55	88	62.5	31.5	37	25	35.5	59	37	17.5	39	80	21.5	27	33	69	56	72.5	44	26	44	55.5	74	48	82	25	66	28	70	3	21.5	28	23	84.5	38.5	
74.5	37.5	55.5	63	85.5	60.5	29	82.5	87.5	91.5	75	48.5	23.5	33	77.5	55.5	28.5	38	30.5	62.5	9	56.5	70	26.5	78	52	64.5	28	61.5	37	73.5	44.5	30.5	1	0	82	45.5	25.5	65	51.5	92.5	54	87	61.5	32.5	36	24	34.5	58	36	16.5	40	81	20.5	26	32	70	55	71.5	45	27	45	56.5	75	47	81	26	67	27	69	2	20.5	29	24	85.5	39.5	
28.5	68.5	50.5	43	16.5	31.5	73	8.5	18.5	17.5	21	57.5	64.5	73	28.5	50.5	74.5	68	80.5	41.5	89	49.5	34	79.5	14	54	35.5	64	44.5	69	32.5	61.5	76.5	81	82	0	54.5	85.5	21	50.5	18.5	52	11	44.5	73.5	70	98	71.5	48	70	85.5	46	1	85.5	100	74	36	51	34.5	41	73	41	47.5	11	59	17	62	23	79	37	84	90.5	55	60	16.5	60.5	
31	34	10	19.5	46	31	20.5	59	44	50	41.5	3	58	44.5	34	22	58	29.5	52	19	36.5	11	26.5	43	48.5	13.5	27	53.5	18	38.5	30	31	56	46.5	45.5	54.5	0	47	41.5	8	49	25.5	43.5	18	49	17.5	45.5	31	19.5	37.5	33	41.5	55.5	37	47.5	43.5	26.5	16.5	28	36.5	64.5	36.5	25	51.5	18.5	37.5	55.5	39.5	38.5	25.5	43.5	42	52.5	57.5	46	42	
76	39	57	64.5	89	64	30.5	86	89	95	78.5	50	27	34.5	79	57	11	39.5	5	64	16.5	58	71.5	28	81.5	53.5	68	31.5	63	38.5	75	46	9	26.5	25.5	85.5	47	0	68.5	53	94	55.5	88.5	63	34	37.5	20.5	36	59.5	37.5	18	43.5	84.5	22	22.5	33.5	71.5	56.5	73	48.5	25.5	48.5	60	78.5	48.5	82.5	29.5	70.5	28.5	70.5	23.5	5	32.5	27.5	89	43	
45.5	51.5	33.5	26	24.5	14.5	60	21.5	26.5	30.5	14	40.5	47.5	56	36.5	33.5	57.5	51	63.5	31.5	74	32.5	39	62.5	17	37	18.5	47	27.5	52	30.5	44.5	59.5	64	65	21	41.5	68.5	0	37.5	31.5	35	32	27.5	56.5	53	85	54.5	31	53	72.5	29	20	68.5	83	57	19	34	22.5	24	56	24	30.5	14	42	38	45	2	62	16	67	73.5	38	43	24.5	43.5	
27	40	18	20.5	42	23	26.5	55	40	46	37.5	11	64	50.5	30	28	64	35.5	58	15	42.5	19	22.5	49	44.5	19.5	19	59.5	14	44.5	26	37	62	52.5	51.5	50.5	8	53	37.5	0	45	31.5	39.5	14	55	23.5	51.5	37	25.5	43.5	39	47.5	51.5	43	53.5	49.5	22.5	22.5	24	42.5	70.5	42.5	31	47.5	24.5	33.5	61.5	35.5	44.5	21.5	49.5	48	56.5	61.5	42	48	
18	79	59	53.5	27	42	67.5	10	29	1	31.5	52	75	83.5	31	61	85	76.5	91	36	83.5	60	28.5	90	24.5	60.5	46	74.5	45	79.5	37	72	87	91.5	92.5	18.5	49	94	31.5	45	0	62.5	29.5	45	84	64.5	92.5	78	58.5	80.5	80	56.5	17.5	84	94.5	84.5	46.5	61.5	45	51.5	83.5	51.5	58	21.5	65.5	29.5	72.5	33.5	85.5	47.5	90.5	89	65.5	70.5	27	71	
54.5	42.5	35.5	37	55.5	30.5	29	52.5	57.5	61.5	45	28.5	38.5	47	57.5	29.5	48.5	38	54.5	42.5	45	36.5	50	51.5	48	32	34.5	38	41.5	43	53.5	35.5	50.5	55	54	52	25.5	55.5	35	31.5	62.5	0	63	41.5	47.5	26	54	39.5	32	44	41.5	20	51	45.5	56	48	40	35	51.5	11	47	11	26.5	45	7	61	36	37	47	49	52	50.5	29	34	55.5	34.5	
17.5	75.5	53.5	54	27.5	42.5	62	19.5	29.5	28.5	32	46.5	75.5	84	25.5	61.5	85.5	71	91.5	30.5	78	54.5	23	84.5	25	55	46.5	75	39.5	80	31.5	72.5	87.5	88	87	11	43.5	88.5	32	39.5	29.5	63	0	39.5	84.5	59	87	72.5	59	79	74.5	57	12	78.5	89	85	47	58	39.5	52	84	52	58.5	22	60	6	73	34	80	42	85	83.5	66	71	27.5	71.5	
27	50	28	30.5	42	33	36.5	45	40	46	37.5	21	66	60.5	30	38	74	45.5	68	15	52.5	29	22.5	59	40.5	29.5	33	65.5	0	54.5	26	47	72	62.5	61.5	44.5	18	63	27.5	14	45	41.5	39.5	0	65	33.5	61.5	47	35.5	53.5	49	47.5	43.5	53	63.5	59.5	27.5	32.5	24	42.5	74.5	42.5	41	37.5	34.5	33.5	63.5	29.5	54.5	21.5	59.5	58	56.5	61.5	42	58	
78	39	59	58.5	77	52	32.5	74	79	83	66.5	52	9	28.5	81	51	25	41.5	31	66	23.5	60	73.5	6	69.5	55.5	56	19.5	65	34.5	77	42	27	31.5	32.5	73.5	49	34	56.5	55	84	47.5	84.5	65	0	39.5	32.5	38	53.5	35.5	16	31.5	72.5	12	34.5	29.5	61.5	56.5	75	36.5	23.5	36.5	48	66.5	50.5	84.5	17.5	58.5	30.5	72.5	30.5	29	20.5	15.5	77	31	
46.5	24.5	27.5	35	61.5	46.5	11	70.5	59.5	65.5	57	20.5	46.5	35	49.5	27.5	48.5	20	42.5	34.5	27	28.5	42	33.5	64	24	42.5	44	33.5	29	45.5	21.5	46.5	37	36	70	17.5	37.5	53	23.5	64.5	26	59	33.5	39.5	0	36	21.5	30	28	23.5	24	69	27.5	38	34	42	27	43.5	33	55	33	30.5	63	19	53	44	55	29	41	34	32.5	37	42	61.5	32.5	
74.5	37.5	55.5	63	89.5	74.5	29	102.5	87.5	93.5	85	48.5	41.5	33	77.5	55.5	31.5	38	25.5	62.5	15	56.5	70	26.5	92	52	70.5	42	61.5	37	73.5	44.5	29.5	25	24	98	45.5	20.5	85	51.5	92.5	54	87	61.5	32.5	36	0	34.5	58	36	16.5	60	99	20.5	2	32	70	55	71.5	65	33	65	58.5	95	47	81	44	83	27	69	22	15.5	49	44	89.5	45.5	
60	3	41	48.5	75	50	14.5	72	73	79	64.5	34	33	33.5	63	41	43	23.5	41	48	25.5	42	55.5	32	67.5	37.5	54	32.5	47	27.5	59	30	45	35.5	34.5	71.5	31	36	54.5	37	78	39.5	72.5	47	38	21.5	34.5	0	43.5	26.5	22	29.5	70.5	26	36.5	32.5	55.5	40.5	57	34.5	41.5	34.5	44	64.5	32.5	66.5	30.5	56.5	27.5	54.5	32.5	31	23.5	28.5	75	11	
48.5	46.5	29.5	33	51.5	26.5	33	48.5	53.5	57.5	41	22.5	44.5	53	51.5	30.5	54.5	42	60.5	36.5	49	30.5	44	55.5	44	6	30.5	44	35.5	49	47.5	41.5	56.5	59	58	48	19.5	59.5	31	25.5	58.5	32	59	35.5	53.5	30	58	43.5	0	50	45.5	26	47	49.5	60	54	36	3	45.5	21	53	21	27.5	41	31	55	42	33	51	43	56	54.5	35	40	51.5	40.5	
66.5	29.5	47.5	55	73.5	48.5	21	70.5	75.5	79.5	63	40.5	26.5	35	69.5	47.5	36.5	30	42.5	54.5	27	48.5	62	33.5	66	44	52.5	26	53.5	1	65.5	36.5	38.5	37	36	70	37.5	37.5	53	43.5	80.5	44	79	53.5	35.5	28	36	26.5	50	0	23.5	28	69	27.5	38	34	58	47	63.5	33	35	33	44.5	63	39	73	24	55	29	61	34	32.5	15	22	73.5	27.5	
62	25	43	50.5	77	62	16.5	90	75	81	72.5	36	25	20.5	65	43	29	25.5	23	50	7.5	44	57.5	10	79.5	39.5	58	29.5	49	24.5	61	32	27	17.5	16.5	85.5	33	18	72.5	39	80	41.5	74.5	49	16	23.5	16.5	22	45.5	23.5	0	47.5	86.5	4	18.5	19.5	57.5	42.5	59	52.5	35.5	52.5	46	82.5	34.5	68.5	31.5	70.5	14.5	56.5	14.5	13	36.5	31.5	77	33	
70.5	26.5	33.5	31	49.5	24.5	35	46.5	51.5	55.5	39	40.5	22.5	31	61.5	23.5	32.5	26	38.5	56.5	49	32.5	64	37.5	42	32	28.5	22	47.5	27	55.5	19.5	34.5	39	40	46	41.5	43.5	29	47.5	56.5	20	57	47.5	31.5	24	60	29.5	26	28	47.5	0	45	43.5	58	32	34	29	47.5	9	31	9	20.5	39	27	63	20	31	37	45	42	48.5	13	18	49.5	18.5	
29.5	67.5	49.5	42	15.5	30.5	74	7.5	17.5	16.5	20	56.5	63.5	72	27.5	49.5	73.5	67	79.5	42.5	90	48.5	35	78.5	13	53	34.5	63	43.5	68	31.5	60.5	75.5	80	81	1	55.5	84.5	20	51.5	17.5	51	12	43.5	72.5	69	99	70.5	47	69	86.5	45	0	84.5	99	73	35	50	33.5	40	72	40	46.5	10	58	18	61	22	78	36	83	89.5	54	59	15.5	59.5	
66	29	47	54.5	81	64	20.5	86	79	85	76.5	40	21	24.5	69	47	33	29.5	27	54	11.5	48	61.5	6	81.5	43.5	62	31.5	53	28.5	65	36	31	21.5	20.5	85.5	37	22	68.5	43	84	45.5	78.5	53	12	27.5	20.5	26	49.5	27.5	4	43.5	84.5	0	22.5	23.5	61.5	46.5	63	48.5	35.5	48.5	50	78.5	38.5	72.5	29.5	70.5	18.5	60.5	18.5	17	32.5	27.5	81	37	
76.5	39.5	57.5	65	91.5	76.5	31	100.5	89.5	95.5	87	50.5	41.5	35	79.5	57.5	33.5	40	27.5	64.5	17	58.5	72	28.5	94	54	72.5	44	63.5	39	75.5	46.5	31.5	27	26	100	47.5	22.5	83	53.5	94.5	56	89	63.5	34.5	38	2	36.5	60	38	18.5	58	99	22.5	0	34	72	57	73.5	63	35	63	60.5	93	49	83	44	85	29	71	24	17.5	47	42	91.5	47.5	
72.5	35.5	53.5	59	77.5	52.5	27	74.5	79.5	83.5	67	46.5	20.5	1	75.5	51.5	30.5	36	36.5	60.5	23	54.5	68	29.5	70	50	56.5	10	59.5	35	71.5	42.5	32.5	33	32	74	43.5	33.5	57	49.5	84.5	48	85	59.5	29.5	34	32	32.5	54	34	19.5	32	73	23.5	34	0	62	53	69.5	37	29	37	48.5	67	45	79	12	59	5	67	30	28.5	21	14	77.5	31.5	
40.5	56.5	36.5	31	39.5	19.5	45	36.5	41.5	45.5	29	29.5	52.5	61	43.5	38.5	62.5	54	68.5	28.5	61	37.5	36	67.5	32	38	23.5	52	27.5	57	39.5	49.5	64.5	69	70	36	26.5	71.5	19	22.5	46.5	40	47	27.5	61.5	42	70	55.5	36	58	57.5	34	35	61.5	72	62	0	39	37.5	29	61	29	35.5	29	43	47	50	21	63	35	68	66.5	43	48	39.5	48.5	
45.5	43.5	26.5	34	54.5	29.5	30	51.5	56.5	60.5	44	19.5	47.5	54	48.5	31.5	57.5	39	61.5	33.5	46	27.5	41	52.5	47	3	33.5	47	32.5	48	44.5	40.5	59.5	56	55	51	16.5	56.5	34	22.5	61.5	35	58	32.5	56.5	27	55	40.5	3	47	42.5	29	50	46.5	57	53	39	0	42.5	24	56	24	30.5	44	28	52	45	36	48	40	53	51.5	38	43	54.5	43.5	
27	60	38	40.5	38	33	46.5	35	40	44	27.5	31	66	70.5	30	48	76	55.5	78	9	62.5	39	22.5	69	30.5	39.5	37	65.5	24	64.5	26	57	78	72.5	71.5	34.5	28	73	22.5	24	45	51.5	39.5	24	75	43.5	71.5	57	45.5	63.5	59	47.5	33.5	63	73.5	69.5	37.5	42.5	0	42.5	74.5	42.5	49	27.5	44.5	33.5	63.5	24.5	64.5	26.5	69.5	68	56.5	61.5	38	62	
65.5	31.5	28.5	26	44.5	19.5	40	41.5	46.5	50.5	34	35.5	27.5	36	56.5	18.5	37.5	31	43.5	51.5	54	27.5	59	42.5	37	27	23.5	27	42.5	32	50.5	24.5	39.5	44	45	41	36.5	48.5	24	42.5	51.5	11	52	42.5	36.5	33	65	34.5	21	33	52.5	9	40	48.5	63	37	29	24	42.5	0	36	0	15.5	34	18	58	25	26	42	40	47	53.5	18	23	44.5	23.5	
93.5	38.5	60.5	58	76.5	51.5	48	73.5	78.5	82.5	66	67.5	14.5	28	88.5	50.5	14.5	43	20.5	81.5	34	59.5	89	29.5	69	59	55.5	19	74.5	34	82.5	41.5	16.5	26	27	73	64.5	25.5	56	70.5	83.5	47	84	74.5	23.5	55	33	41.5	53	35	35.5	31	72	35.5	35	29	61	56	74.5	36	0	36	47.5	66	54	90	17	58	34	72	29	30.5	20	15	76.5	30.5	
65.5	31.5	28.5	26	44.5	19.5	40	41.5	46.5	50.5	34	35.5	27.5	36	56.5	18.5	37.5	31	43.5	51.5	54	27.5	59	42.5	37	27	23.5	27	42.5	32	50.5	24.5	39.5	44	45	41	36.5	48.5	24	42.5	51.5	11	52	42.5	36.5	33	65	34.5	21	33	52.5	9	40	48.5	63	37	29	24	42.5	0	36	0	15.5	34	18	58	25	26	42	40	47	53.5	18	23	44.5	23.5	
54	43	35	32.5	51	26	33.5	48	53	57	40.5	28	39	47.5	57	3	49	42.5	55	42	49.5	34	49.5	54	43.5	31.5	30	38.5	41	43.5	53	36	51	55.5	56.5	47.5	25	60	30.5	31	58	26.5	58.5	41	48	30.5	58.5	44	27.5	44.5	46	20.5	46.5	50	60.5	48.5	35.5	30.5	49	15.5	47.5	15.5	0	40.5	31.5	60.5	36.5	32.5	51.5	46.5	56.5	55	29.5	34.5	51	35	
35.5	61.5	43.5	36	14.5	24.5	70	11.5	16.5	20.5	14	50.5	57.5	66	26.5	43.5	67.5	61	73.5	36.5	84	42.5	25	72.5	3	47	28.5	57	37.5	62	25.5	54.5	69.5	74	75	11	51.5	78.5	14	47.5	21.5	45	22	37.5	66.5	63	95	64.5	41	63	82.5	39	10	78.5	93	67	29	44	27.5	34	66	34	40.5	0	52	28	55	16	72	30	77	83.5	48	53	14.5	53.5	
47.5	35.5	28.5	36	62.5	37.5	22	59.5	60.5	66.5	52	21.5	45.5	46	50.5	28.5	55.5	31	53.5	35.5	38	29.5	43	44.5	55	25	41.5	45	34.5	40	46.5	32.5	57.5	48	47	59	18.5	48.5	42	24.5	65.5	7	60	34.5	50.5	19	47	32.5	31	39	34.5	27	58	38.5	49	45	43	28	44.5	18	54	18	31.5	52	0	54	43	44	40	42	45	43.5	36	41	62.5	41.5	
11.5	69.5	47.5	50	31.5	48.5	56	25.5	29.5	30.5	38	40.5	81.5	80	19.5	57.5	91.5	65	87.5	24.5	72	48.5	17	78.5	31	49	52.5	81	33.5	74	25.5	66.5	91.5	82	81	17	37.5	82.5	38	33.5	29.5	61	6	33.5	84.5	53	81	66.5	55	73	68.5	63	18	72.5	83	79	47	52	33.5	58	90	58	60.5	28	54	0	79	40	74	36	79	77.5	72	77	31.5	77.5	
84.5	27.5	49.5	47	65.5	40.5	39	62.5	67.5	71.5	55	56.5	8.5	11	77.5	39.5	18.5	32	24.5	72.5	35	48.5	80	23.5	58	48	44.5	2	63.5	23	71.5	30.5	20.5	25	26	62	55.5	29.5	45	61.5	72.5	36	73	63.5	17.5	44	44	30.5	42	24	31.5	20	61	29.5	44	12	50	45	63.5	25	17	25	36.5	55	43	79	0	47	17	61	28	34.5	9	2	65.5	19.5	
43.5	53.5	35.5	28	26.5	16.5	58	23.5	28.5	32.5	16	42.5	49.5	58	38.5	35.5	59.5	53	65.5	31.5	74	34.5	39	64.5	19	39	20.5	49	29.5	54	32.5	46.5	61.5	66	67	23	39.5	70.5	2	35.5	33.5	37	34	29.5	58.5	55	83	56.5	33	55	70.5	31	22	70.5	85	59	21	36	24.5	26	58	26	32.5	16	44	40	47	0	64	14	69	75.5	40	45	26.5	45.5	
67.5	30.5	48.5	56	82.5	57.5	22	79.5	80.5	86.5	72	41.5	25.5	6	70.5	48.5	35.5	31	33.5	55.5	18	49.5	63	24.5	75	45	61.5	15	54.5	30	66.5	37.5	37.5	28	27	79	38.5	28.5	62	44.5	85.5	47	80	54.5	30.5	29	27	27.5	51	29	14.5	37	78	18.5	29	5	63	48	64.5	42	34	42	51.5	72	40	74	17	64	0	62	25	23.5	26	19	82.5	36.5	
29.5	57.5	35.5	38	40.5	30.5	44	37.5	42.5	46.5	30	28.5	63.5	68	32.5	45.5	73.5	53	75.5	17.5	60	36.5	25	66.5	33	37	34.5	63	21.5	62	28.5	54.5	75.5	70	69	37	25.5	70.5	16	21.5	47.5	49	42	21.5	72.5	41	69	54.5	43	61	56.5	45	36	60.5	71	67	35	40	26.5	40	72	40	46.5	30	42	36	61	14	62	0	67	65.5	54	59	40.5	59.5	
72.5	35.5	53.5	61	87.5	62.5	27	84.5	85.5	91.5	77	46.5	25.5	31	75.5	53.5	30.5	36	28.5	60.5	7	54.5	68	24.5	80	50	66.5	30	59.5	35	71.5	42.5	32.5	3	2	84	43.5	23.5	67	49.5	90.5	52	85	59.5	30.5	34	22	32.5	56	34	14.5	42	83	18.5	24	30	68	53	69.5	47	29	47	56.5	77	45	79	28	69	25	67	0	18.5	31	26	87.5	41.5	
71	34	52	59.5	86	69	25.5	91	84	90	81.5	45	32	29.5	74	52	16	34.5	10	59	11.5	53	66.5	23	86.5	48.5	67	36.5	58	33.5	70	41	14	21.5	20.5	90.5	42	5	73.5	48	89	50.5	83.5	58	29	32.5	15.5	31	54.5	32.5	13	48.5	89.5	17	17.5	28.5	66.5	51.5	68	53.5	30.5	53.5	55	83.5	43.5	77.5	34.5	75.5	23.5	65.5	18.5	0	37.5	32.5	86	42	
81.5	20.5	42.5	40	58.5	33.5	34	55.5	60.5	64.5	48	49.5	11.5	20	70.5	32.5	21.5	25	27.5	65.5	38	41.5	73	26.5	51	41	37.5	11	56.5	14	64.5	23.5	23.5	28	29	55	52.5	32.5	38	56.5	65.5	29	66	56.5	20.5	37	49	23.5	35	15	36.5	13	54	32.5	47	21	43	38	56.5	18	20	18	29.5	48	36	72	9	40	26	54	31	37.5	0	7	58.5	12.5	
86.5	25.5	47.5	45	63.5	38.5	39	60.5	65.5	69.5	53	54.5	6.5	13	75.5	37.5	16.5	30	22.5	70.5	33	46.5	78	21.5	56	46	42.5	4	61.5	21	69.5	28.5	18.5	23	24	60	57.5	27.5	43	61.5	70.5	34	71	61.5	15.5	42	44	28.5	40	22	31.5	18	59	27.5	42	14	48	43	61.5	23	15	23	34.5	53	41	77	2	45	19	59	26	32.5	7	0	63.5	17.5	
25	72	54	46.5	0	35	64.5	17	2	26	24.5	49	68	76.5	12	54	78	71.5	84	33	80.5	53	25.5	83	17.5	57.5	39	67.5	42	72.5	34	65	80	84.5	85.5	16.5	46	89	24.5	42	27	55.5	27.5	42	77	61.5	89.5	75	51.5	73.5	77	49.5	15.5	81	91.5	77.5	39.5	54.5	38	44.5	76.5	44.5	51	14.5	62.5	31.5	65.5	26.5	82.5	40.5	87.5	86	58.5	63.5	0	64	
71	8	48	45.5	64	39	25.5	61	66	70	53.5	45	22	30.5	74	38	32	30.5	38	59	36.5	47	66.5	37	56.5	46.5	43	21.5	58	26.5	70	29	34	38.5	39.5	60.5	42	43	43.5	48	71	34.5	71.5	58	31	32.5	45.5	11	40.5	27.5	33	18.5	59.5	37	47.5	31.5	48.5	43.5	62	23.5	30.5	23.5	35	53.5	41.5	77.5	19.5	45.5	36.5	59.5	41.5	42	12.5	17.5	64	0	
