Number of items: 75
Horizon: 12
Time limit: 750
Load limit: 4500
Initial item inventory level
240
26
87
40
70
189
94
60
178
57
92
58
34
219
14
48
213
97
83
51
178
34
61
252
154
33
78
22
94
75
90
243
162
73
38
32
92
148
279
135
31
39
47
282
23
168
136
108
40
44
132
43
79
11
100
165
35
37
33
78
50
172
184
69
255
24
87
70
17
50
240
162
279
39
34
Maximum inventory capacity per item
320
52
174
80
105
252
188
80
267
76
184
87
51
292
28
72
284
194
166
102
267
51
122
336
231
66
156
44
188
150
135
324
216
146
76
48
138
222
372
180
62
52
94
376
46
224
204
144
80
66
176
86
158
22
150
220
70
74
44
117
75
258
276
92
340
36
174
105
34
75
320
243
372
52
68
Reserve storage replenishment rate per item and per period
480	0	0	480	0	0	480	0	0	480	0	0	
156	0	0	156	0	0	156	0	0	156	0	0	
522	0	0	522	0	0	522	0	0	522	0	0	
240	0	0	240	0	0	240	0	0	240	0	0	
210	0	0	210	0	0	210	0	0	210	0	0	
378	0	0	378	0	0	378	0	0	378	0	0	
564	0	0	564	0	0	564	0	0	564	0	0	
120	0	0	120	0	0	120	0	0	120	0	0	
534	0	0	534	0	0	534	0	0	534	0	0	
114	0	0	114	0	0	114	0	0	114	0	0	
552	0	0	552	0	0	552	0	0	552	0	0	
174	0	0	174	0	0	174	0	0	174	0	0	
102	0	0	102	0	0	102	0	0	102	0	0	
438	0	0	438	0	0	438	0	0	438	0	0	
84	0	0	84	0	0	84	0	0	84	0	0	
144	0	0	144	0	0	144	0	0	144	0	0	
426	0	0	426	0	0	426	0	0	426	0	0	
582	0	0	582	0	0	582	0	0	582	0	0	
498	0	0	498	0	0	498	0	0	498	0	0	
306	0	0	306	0	0	306	0	0	306	0	0	
534	0	0	534	0	0	534	0	0	534	0	0	
102	0	0	102	0	0	102	0	0	102	0	0	
366	0	0	366	0	0	366	0	0	366	0	0	
504	0	0	504	0	0	504	0	0	504	0	0	
462	0	0	462	0	0	462	0	0	462	0	0	
198	0	0	198	0	0	198	0	0	198	0	0	
468	0	0	468	0	0	468	0	0	468	0	0	
132	0	0	132	0	0	132	0	0	132	0	0	
564	0	0	564	0	0	564	0	0	564	0	0	
450	0	0	450	0	0	450	0	0	450	0	0	
270	0	0	270	0	0	270	0	0	270	0	0	
486	0	0	486	0	0	486	0	0	486	0	0	
324	0	0	324	0	0	324	0	0	324	0	0	
438	0	0	438	0	0	438	0	0	438	0	0	
228	0	0	228	0	0	228	0	0	228	0	0	
96	0	0	96	0	0	96	0	0	96	0	0	
276	0	0	276	0	0	276	0	0	276	0	0	
444	0	0	444	0	0	444	0	0	444	0	0	
558	0	0	558	0	0	558	0	0	558	0	0	
270	0	0	270	0	0	270	0	0	270	0	0	
186	0	0	186	0	0	186	0	0	186	0	0	
78	0	0	78	0	0	78	0	0	78	0	0	
282	0	0	282	0	0	282	0	0	282	0	0	
564	0	0	564	0	0	564	0	0	564	0	0	
138	0	0	138	0	0	138	0	0	138	0	0	
336	0	0	336	0	0	336	0	0	336	0	0	
408	0	0	408	0	0	408	0	0	408	0	0	
216	0	0	216	0	0	216	0	0	216	0	0	
240	0	0	240	0	0	240	0	0	240	0	0	
132	0	0	132	0	0	132	0	0	132	0	0	
264	0	0	264	0	0	264	0	0	264	0	0	
258	0	0	258	0	0	258	0	0	258	0	0	
474	0	0	474	0	0	474	0	0	474	0	0	
66	0	0	66	0	0	66	0	0	66	0	0	
300	0	0	300	0	0	300	0	0	300	0	0	
330	0	0	330	0	0	330	0	0	330	0	0	
210	0	0	210	0	0	210	0	0	210	0	0	
222	0	0	222	0	0	222	0	0	222	0	0	
66	0	0	66	0	0	66	0	0	66	0	0	
234	0	0	234	0	0	234	0	0	234	0	0	
150	0	0	150	0	0	150	0	0	150	0	0	
516	0	0	516	0	0	516	0	0	516	0	0	
552	0	0	552	0	0	552	0	0	552	0	0	
138	0	0	138	0	0	138	0	0	138	0	0	
510	0	0	510	0	0	510	0	0	510	0	0	
72	0	0	72	0	0	72	0	0	72	0	0	
522	0	0	522	0	0	522	0	0	522	0	0	
210	0	0	210	0	0	210	0	0	210	0	0	
102	0	0	102	0	0	102	0	0	102	0	0	
150	0	0	150	0	0	150	0	0	150	0	0	
480	0	0	480	0	0	480	0	0	480	0	0	
486	0	0	486	0	0	486	0	0	486	0	0	
558	0	0	558	0	0	558	0	0	558	0	0	
78	0	0	78	0	0	78	0	0	78	0	0	
204	0	0	204	0	0	204	0	0	204	0	0	
Forward storage demand rate per item and per period
80	40	136	106	92	94	29	90	40	41	92	51	
26	36	40	43	16	5	17	23	33	27	36	26	
87	129	127	102	107	58	92	65	103	69	74	61	
40	54	43	10	16	16	44	24	72	40	38	34	
35	21	28	47	28	19	52	38	6	22	51	27	
63	29	84	67	40	98	24	56	19	98	71	93	
94	26	57	70	83	94	164	39	159	123	134	173	
20	21	20	17	24	37	26	32	28	17	11	28	
89	36	104	121	119	68	159	42	81	76	93	170	
19	15	30	31	19	18	23	20	3	11	6	19	
92	148	108	120	74	101	108	115	12	125	27	55	
29	25	34	22	14	24	21	13	33	40	17	23	
17	18	26	22	16	13	21	18	24	13	13	4	
73	56	57	70	81	81	93	58	89	80	92	85	
14	5	20	9	18	15	19	8	8	8	13	14	
24	46	35	23	17	7	15	6	26	20	3	29	
71	10	62	53	22	4	60	95	97	83	99	92	
97	90	151	6	111	84	175	51	87	119	161	76	
83	79	125	97	50	40	113	85	38	111	86	70	
51	46	65	68	51	42	81	57	26	91	49	60	
89	103	134	79	62	124	105	16	124	100	75	132	
17	13	2	3	20	22	22	16	18	11	15	5	
61	97	58	98	49	48	78	56	51	26	70	52	
84	58	78	99	100	115	102	96	58	91	59	98	
77	66	56	71	89	86	65	144	67	50	116	146	
33	39	25	48	16	56	43	23	21	30	38	48	
78	30	44	107	58	72	103	40	27	16	136	85	
22	36	13	22	16	13	18	12	36	27	33	6	
94	74	121	92	44	69	89	45	116	97	52	66	
75	67	66	24	138	61	22	87	36	57	57	72	
45	17	61	74	56	71	30	8	60	46	49	31	
81	65	118	127	26	118	83	83	140	74	121	140	
54	23	48	51	61	61	72	87	29	86	81	22	
73	62	98	69	56	44	53	53	64	95	98	74	
38	50	45	51	8	23	41	48	49	37	47	69	
16	8	16	15	4	16	26	28	16	13	28	21	
46	51	72	71	31	38	66	33	31	43	44	22	
74	73	111	78	58	53	70	49	14	59	87	27	
93	68	85	85	71	16	172	97	66	125	110	103	
45	63	44	25	48	33	51	16	59	46	25	39	
31	48	18	48	30	47	31	45	24	45	30	39	
13	13	14	13	20	12	5	6	14	9	20	13	
47	14	44	85	65	22	41	77	58	53	48	42	
94	97	71	64	56	8	93	65	32	134	87	106	
23	22	24	14	14	22	16	35	28	23	27	21	
56	24	25	75	41	12	65	75	20	32	64	44	
68	55	95	53	61	63	38	95	60	82	73	50	
36	39	41	13	37	49	54	24	28	6	34	33	
40	39	14	28	44	31	31	47	76	24	47	47	
22	18	21	31	32	14	23	34	23	24	16	13	
44	17	18	54	54	61	47	18	65	18	43	50	
43	66	39	26	17	60	42	48	33	72	69	25	
79	72	105	120	73	75	35	127	65	102	110	55	
11	15	13	11	3	17	3	10	11	16	8	5	
50	64	43	35	21	58	17	63	25	31	41	67	
55	44	84	23	58	91	63	73	73	63	37	30	
35	43	40	10	49	17	57	59	58	56	34	48	
37	34	44	23	18	39	15	53	66	33	54	25	
11	6	10	6	8	6	16	3	3	7	10	14	
39	72	60	64	41	18	43	22	29	31	58	19	
25	23	19	15	37	15	19	18	25	40	23	29	
86	125	39	50	18	57	123	17	60	93	101	67	
92	73	46	141	84	60	84	163	63	96	98	96	
23	15	41	20	1	29	19	19	36	8	9	25	
85	44	72	152	121	96	43	94	63	125	86	54	
12	4	18	10	7	11	17	15	11	21	5	6	
87	133	139	150	115	127	99	106	101	116	83	94	
35	12	51	35	26	34	21	4	20	37	41	63	
17	11	17	2	11	21	13	1	3	11	20	27	
25	43	29	41	25	15	22	35	12	20	18	24	
80	111	122	44	78	53	87	88	88	95	62	53	
81	133	109	123	116	42	91	116	116	67	97	108	
93	45	137	150	86	53	93	93	66	63	143	76	
13	20	7	11	14	3	10	15	18	22	18	11	
34	19	59	43	18	48	17	19	9	15	41	41	
Distance matrix
0	85.5	70	9.5	63	36.5	38	20	48	65	80.5	69.5	95	91	38	34.5	90	67	85	47	43	23.5	84.5	14.5	75.5	43	27	31.5	37.5	84	71.5	91.5	80	41	69	26	29	59.5	27	74.5	83	83.5	33	57	38.5	51.5	4	18	56.5	21.5	65.5	63.5	76.5	54	41.5	13	39	75.5	42.5	57	35	28.5	65	64.5	77	21	25.5	48.5	3	81.5	32.5	68	81	42	21.5	51	
85.5	0	19.5	80	26.5	53	51.5	69.5	41.5	24.5	39	20	19.5	23.5	51.5	55	14.5	27.5	9.5	42.5	46.5	66	15	75	14	46.5	62.5	58	52	30.5	38	18	34.5	48.5	25.5	63.5	60.5	30	62.5	35	6.5	16	56.5	32.5	51	38	85.5	71.5	33	68	20	22	23	35.5	48	76.5	50.5	14	47	32.5	54.5	61	24.5	25	12.5	68.5	64	39	86.5	28	57	21.5	8.5	47.5	68	38.5	
70	19.5	0	74.5	27	53.5	52	70	42	25	50.5	20.5	35	39	48	55.5	30	37	25	43	47	66.5	30.5	59.5	19.5	47	63	58.5	52.5	46	41.5	33.5	50	49	39	64	49	29.5	63	44.5	17	31.5	57	13	51.5	38.5	74	68	33.5	68.5	35.5	33.5	38.5	36	46.5	73	51	19.5	47.5	27	45	53.5	25	25.5	7	69	60.5	23.5	73	43.5	57.5	22	19	48	56.5	39	
9.5	80	74.5	0	57.5	29	32.5	24.5	52.5	55.5	85	74	95.5	95.5	42.5	31	90.5	71.5	85.5	51.5	47.5	14	89	19	80	37.5	31.5	34	28	88.5	76	94	84.5	45.5	73.5	30.5	33.5	64	31.5	79	77.5	88	27.5	61.5	43	56	13.5	22.5	59	12	70	68	81	58.5	46	17.5	43.5	80	47	61.5	39.5	33	69.5	69	73.5	30.5	30	53	12.5	86	37	62.5	79.5	46.5	26	49.5	
63	26.5	27	57.5	0	30.5	29	47	19	2	61.5	22.5	42	46	29	32.5	37	50	32	20	24	43.5	37.5	52.5	26.5	24	40	35.5	29.5	53	60.5	40.5	57	26	48	41	38	42.5	40	57.5	24	38.5	34	40	28.5	20.5	63	49	10.5	45.5	46.5	48.5	45.5	23	25.5	54	28	26.5	24.5	50	32	38.5	22	17.5	20	46	41.5	41.5	64	50.5	34.5	9	26	25	45.5	16	
36.5	53	53.5	29	30.5	0	5.5	23.5	25.5	28.5	88	49	68.5	72.5	45.5	2	63.5	76.5	58.5	36.5	40.5	15	64	34	53	10.5	16.5	5	1	79.5	87	67	83.5	42.5	74.5	17.5	44.5	69	11.5	84	50.5	65	5.5	66.5	30	47	34.5	25.5	32	17	73	75	72	49.5	47	25.5	34.5	53	46	76.5	48.5	40	48.5	44	46.5	17.5	33	70	35.5	77	36	35.5	52.5	31.5	37	22.5	
38	51.5	52	32.5	29	5.5	0	18	24	27	86.5	47.5	67	71	44	7.5	62	75	57	35	39	18.5	62.5	32.5	51.5	9	11	10.5	4.5	78	85.5	65.5	82	41	73	12	43	67.5	15	82.5	49	63.5	9	65	28.5	45.5	38	20	30.5	20.5	71.5	73.5	70.5	48	45.5	29	33	51.5	44.5	75	47	38.5	47	42.5	45	21	31.5	66.5	39	75.5	34.5	34	51	30	35.5	21	
20	69.5	70	24.5	47	23.5	18	0	42	45	80.5	65.5	85	89	38	25.5	80	67	75	47	43	36.5	80.5	14.5	69.5	27	7	28.5	22.5	84	71.5	83.5	80	41	69	6	29	59.5	33	74.5	67	81.5	27	57	38.5	51.5	24	2	48.5	36.5	65.5	63.5	76.5	54	41.5	23	39	69.5	42.5	57	35	28.5	65	60.5	63	39	25.5	48.5	23	81.5	32.5	52	69	42	21.5	39	
48	41.5	42	52.5	19	25.5	24	42	0	17	76.5	37.5	57	61	34	27.5	52	65	47	25	29	38.5	52.5	37.5	41.5	19	35	30.5	24.5	68	69.5	55.5	72	31	63	36	19	57.5	35	72.5	39	53.5	29	55	23.5	35.5	52	44	20.5	40.5	61.5	61.5	60.5	38	35.5	49	9	41.5	34.5	55	33	31.5	37	32.5	35	41	36.5	46.5	51	65.5	29.5	24	41	6	34.5	3	
65	24.5	25	55.5	2	28.5	27	45	17	0	59.5	20.5	40	44	27	30.5	35	48	30	18	22	41.5	35.5	50.5	24.5	22	38	33.5	27.5	51	58.5	38.5	55	24	46	39	36	40.5	38	55.5	22	36.5	32	38	26.5	18.5	61	47	8.5	43.5	44.5	46.5	43.5	21	23.5	52	26	24.5	22.5	48	30	36.5	20	15.5	18	44	39.5	41.5	62	48.5	32.5	7	24	23	43.5	14	
80.5	39	50.5	85	61.5	88	86.5	80.5	76.5	59.5	0	55	29.5	31.5	58.5	90	34.5	27.5	39.5	67.5	63.5	99	40	70	49	81.5	87.5	93	87	24.5	17	33	20.5	61.5	29.5	86.5	59.5	35	97.5	20	41.5	39	91.5	37.5	74	57	84.5	78.5	68	97	31	29	32	54.5	57	83.5	69.5	49	58	27.5	55.5	64	55.5	60	47.5	101.5	71	34	83.5	27	68	56.5	43.5	72.5	67	73.5	
69.5	20	20.5	74	22.5	49	47.5	65.5	37.5	20.5	55	0	35.5	39.5	47.5	51	30.5	41.5	25.5	38.5	42.5	62	31	59	20	42.5	58.5	54	48	46.5	46	34	50.5	44.5	41.5	59.5	48.5	34	58.5	49	17.5	32	52.5	31.5	47	34	73.5	67.5	29	64	40	38	39	31.5	44	72.5	46.5	20	43	31.5	44.5	53	20.5	21	13.5	64.5	60	21	72.5	44	53	17.5	19.5	43.5	56	34.5	
95	19.5	35	95.5	42	68.5	67	85	57	40	29.5	35.5	0	4	67	70.5	15	38	20	58	62	81.5	20.5	84.5	29.5	62	78	73.5	67.5	11	31.5	13.5	15	64	36	79	74	45.5	78	30.5	22	21.5	72	48	66.5	53.5	99	87	48.5	83.5	39.5	41.5	28.5	51	63.5	92	66	29.5	62.5	42	70	76.5	40	40.5	28	84	79.5	48.5	98	23.5	72.5	37	24	63	81.5	54	
91	23.5	39	95.5	46	72.5	71	89	61	44	31.5	39.5	4	0	69	74.5	19	38	24	62	66	85.5	24.5	80.5	33.5	66	82	77.5	71.5	7	27.5	17.5	11	68	40	83	70	45.5	82	30.5	26	25.5	76	48	70.5	57.5	95	89	52.5	87.5	41.5	39.5	32.5	55	67.5	94	70	33.5	66.5	38	66	74.5	44	44.5	32	88	81.5	44.5	94	27.5	76.5	41	28	67	77.5	58	
38	51.5	48	42.5	29	45.5	44	38	34	27	58.5	47.5	67	69	0	47.5	62	45	57	9	5	56.5	62.5	27.5	51.5	39	45	50.5	44.5	62	49.5	65.5	58	3	47	44	17	37.5	55	52.5	49	61.5	49	35	31.5	29.5	42	36	30.5	54.5	43.5	41.5	54.5	32	19.5	41	27	51.5	20.5	35	3	21.5	43	42.5	45	59	28.5	26.5	41	59.5	25.5	34	51	30	24.5	31	
34.5	55	55.5	31	32.5	2	7.5	25.5	27.5	30.5	90	51	70.5	74.5	47.5	0	65.5	78.5	60.5	38.5	42.5	17	66	34	55	12.5	18.5	3	3	81.5	89	69	85.5	44.5	76.5	19.5	46.5	71	13.5	86	52.5	67	7.5	68.5	32	49	36.5	27.5	34	19	75	77	74	51.5	49	27.5	36.5	55	48	76.5	50.5	42	50.5	46	48.5	19.5	35	68	37.5	79	38	37.5	54.5	33.5	39	24.5	
90	14.5	30	90.5	37	63.5	62	80	52	35	34.5	30.5	15	19	62	65.5	0	33	15	53	57	76.5	15.5	79.5	24.5	57	73	68.5	62.5	26	31.5	13.5	30	59	31	74	69	40.5	73	30.5	17	16.5	67	43	61.5	48.5	94	82	43.5	78.5	34.5	36.5	23.5	46	58.5	87	61	24.5	57.5	37	65	71.5	35	35.5	23	79	74.5	43.5	93	23.5	67.5	32	19	58	76.5	49	
67	27.5	37	71.5	50	76.5	75	67	65	48	27.5	41.5	38	38	45	78.5	33	0	18	54	50	85.5	31.5	56.5	37.5	70	74	81.5	75.5	31	18.5	36.5	27	48	2	73	46	21.5	84	21.5	30	30.5	80	24	60.5	43.5	71	65	56.5	83.5	17.5	15.5	23.5	41	43.5	70	56	37.5	44.5	14	42	50.5	42	46.5	36	88	57.5	20.5	70	28.5	54.5	45	32	59	53.5	62	
85	9.5	25	85.5	32	58.5	57	75	47	30	39.5	25.5	20	24	57	60.5	15	18	0	48	52	71.5	15.5	74.5	19.5	52	68	63.5	57.5	31	36.5	18.5	35	54	16	69	64	35.5	68	35.5	12	16.5	62	38	56.5	43.5	89	77	38.5	73.5	29.5	31.5	23.5	41	53.5	82	56	19.5	52.5	32	60	66.5	30	30.5	18	74	69.5	38.5	88	28.5	62.5	27	14	53	71.5	44	
47	42.5	43	51.5	20	36.5	35	47	25	18	67.5	38.5	58	62	9	38.5	53	54	48	0	4	49.5	53.5	36.5	42.5	30	46	41.5	35.5	69	58.5	56.5	67	6	56	47	26	46.5	46	61.5	40	54.5	40	44	34.5	36.5	51	45	21.5	51.5	52.5	50.5	61.5	39	28.5	50	34	42.5	29.5	44	12	30.5	38	33.5	36	52	37.5	35.5	50	66.5	34.5	25	42	31	33.5	22	
43	46.5	47	47.5	24	40.5	39	43	29	22	63.5	42.5	62	66	5	42.5	57	50	52	4	0	53.5	57.5	32.5	46.5	34	50	45.5	39.5	67	54.5	60.5	63	2	52	49	22	42.5	50	57.5	44	58.5	44	40	36.5	34.5	47	41	25.5	55.5	48.5	46.5	59.5	37	24.5	46	32	46.5	25.5	40	8	26.5	42	37.5	40	56	33.5	31.5	46	64.5	30.5	29	46	35	29.5	26	
23.5	66	66.5	14	43.5	15	18.5	36.5	38.5	41.5	99	62	81.5	85.5	56.5	17	76.5	85.5	71.5	49.5	53.5	0	77	33	66	23.5	29.5	20	14	92.5	90	80	96.5	55.5	87.5	30.5	47.5	78	19.5	93	63.5	78	13.5	75.5	43	60	27.5	36.5	45	2	84	82	85	62.5	60	31.5	47.5	66	59	75.5	53.5	47	61.5	57	59.5	20.5	44	67	26.5	90	49	48.5	65.5	44.5	40	35.5	
84.5	15	30.5	89	37.5	64	62.5	80.5	52.5	35.5	40	31	20.5	24.5	62.5	66	15.5	31.5	15.5	53.5	57.5	77	0	74	25	57.5	73.5	69	63	31.5	31	19	35.5	59.5	31.5	74.5	63.5	39	73.5	34	17.5	1	67.5	41.5	62	49	88.5	82.5	44	79	35	33	8	46.5	59	87.5	61.5	25	58	31.5	59.5	68	35.5	36	23.5	79.5	75	38	87.5	29	68	32.5	19.5	58.5	71	49.5	
14.5	75	59.5	19	52.5	34	32.5	14.5	37.5	50.5	70	59	84.5	80.5	27.5	34	79.5	56.5	74.5	36.5	32.5	33	74	0	65	32.5	21.5	31	33	73.5	61	81	69.5	30.5	58.5	20.5	18.5	49	31.5	64	72.5	73	37.5	46.5	28	41	18.5	12.5	46	31	55	53	66	43.5	31	17.5	28.5	65	32	46.5	24.5	18	54.5	54	66.5	35.5	15	38	17.5	71	22	57.5	70.5	31.5	11	40.5	
75.5	14	19.5	80	26.5	53	51.5	69.5	41.5	24.5	49	20	29.5	33.5	51.5	55	24.5	37.5	19.5	42.5	46.5	66	25	65	0	46.5	62.5	58	52	40.5	42	28	44.5	48.5	35.5	63.5	54.5	16	62.5	45	11.5	26	56.5	32.5	51	38	79.5	71.5	33	68	34	34	33	35.5	48	76.5	50.5	0	47	27.5	50.5	59	24.5	25	12.5	68.5	64	29	78.5	38	57	21.5	13.5	47.5	62	38.5	
43	46.5	47	37.5	24	10.5	9	27	19	22	81.5	42.5	62	66	39	12.5	57	70	52	30	34	23.5	57.5	32.5	46.5	0	20	15.5	9.5	73	80.5	60.5	77	36	68	21	38	62.5	20	77.5	44	58.5	14	60	23.5	40.5	43	29	25.5	25.5	66.5	68.5	65.5	43	40.5	34	28	46.5	39.5	70	42	33.5	42	37.5	40	26	26.5	61.5	44	70.5	29.5	29	46	25	30.5	16	
27	62.5	63	31.5	40	16.5	11	7	35	38	87.5	58.5	78	82	45	18.5	73	74	68	46	50	29.5	73.5	21.5	62.5	20	0	21.5	15.5	89	78.5	76.5	87	48	76	1	36	66.5	26	81.5	60	74.5	20	64	39.5	56.5	31	9	41.5	31.5	72.5	70.5	81.5	59	48.5	30	44	62.5	49.5	64	42	35.5	58	53.5	56	32	32.5	55.5	30	86.5	39.5	45	62	41	28.5	32	
31.5	58	58.5	34	35.5	5	10.5	28.5	30.5	33.5	93	54	73.5	77.5	50.5	3	68.5	81.5	63.5	41.5	45.5	20	69	31	58	15.5	21.5	0	6	84.5	88	72	88.5	47.5	79.5	22.5	45.5	74	16.5	89	55.5	70	10.5	71.5	35	52	35.5	30.5	37	22	78	80	77	54.5	52	30.5	39.5	58	51	73.5	51.5	45	53.5	49	51.5	22.5	38	65	34.5	82	41	40.5	57.5	36.5	38	27.5	
37.5	52	52.5	28	29.5	1	4.5	22.5	24.5	27.5	87	48	67.5	71.5	44.5	3	62.5	75.5	57.5	35.5	39.5	14	63	33	52	9.5	15.5	6	0	78.5	86	66	82.5	41.5	73.5	16.5	43.5	68	10.5	83	49.5	64	4.5	65.5	29	46	33.5	24.5	31	16	72	74	71	48.5	46	24.5	33.5	52	45	75.5	47.5	39	47.5	43	45.5	16.5	32	69	34.5	76	35	34.5	51.5	30.5	36	21.5	
84	30.5	46	88.5	53	79.5	78	84	68	51	24.5	46.5	11	7	62	81.5	26	31	31	69	67	92.5	31.5	73.5	40.5	73	89	84.5	78.5	0	20.5	24.5	4	65	33	90	63	38.5	89	23.5	33	32.5	83	41	77.5	60.5	88	82	59.5	94.5	34.5	32.5	35.5	58	60.5	87	73	40.5	61.5	31	59	67.5	51	51.5	39	95	74.5	37.5	87	30.5	71.5	48	35	74	70.5	65	
71.5	38	41.5	76	60.5	87	85.5	71.5	69.5	58.5	17	46	31.5	27.5	49.5	89	31.5	18.5	36.5	58.5	54.5	90	31	61	42	80.5	78.5	88	86	20.5	0	20	16.5	52.5	20.5	77.5	50.5	26	88.5	3	40.5	30	90.5	28.5	65	48	75.5	69.5	63	88	22	20	23	45.5	48	74.5	60.5	42	49	18.5	46.5	55	46.5	51	46.5	92.5	62	25	74.5	10	59	55.5	42.5	63.5	58	72.5	
91.5	18	33.5	94	40.5	67	65.5	83.5	55.5	38.5	33	34	13.5	17.5	65.5	69	13.5	36.5	18.5	56.5	60.5	80	19	81	28	60.5	76.5	72	66	24.5	20	0	28.5	62.5	34.5	77.5	70.5	44	76.5	17	20.5	20	70.5	46.5	65	52	95.5	85.5	47	82	38	40	27	49.5	62	90.5	64.5	28	61	38.5	66.5	75	38.5	39	26.5	82.5	78	45	94.5	10	71	35.5	22.5	61.5	78	52.5	
80	34.5	50	84.5	57	83.5	82	80	72	55	20.5	50.5	15	11	58	85.5	30	27	35	67	63	96.5	35.5	69.5	44.5	77	87	88.5	82.5	4	16.5	28.5	0	61	29	86	59	34.5	93	19.5	37	36.5	87	37	73.5	56.5	84	78	63.5	96.5	30.5	28.5	31.5	54	56.5	83	69	44.5	57.5	27	55	63.5	55	55.5	43	99	70.5	33.5	83	26.5	67.5	52	39	72	66.5	69	
41	48.5	49	45.5	26	42.5	41	41	31	24	61.5	44.5	64	68	3	44.5	59	48	54	6	2	55.5	59.5	30.5	48.5	36	48	47.5	41.5	65	52.5	62.5	61	0	50	47	20	40.5	52	55.5	46	60.5	46	38	34.5	32.5	45	39	27.5	57.5	46.5	44.5	57.5	35	22.5	44	30	48.5	23.5	38	6	24.5	44	39.5	42	58	31.5	29.5	44	62.5	28.5	31	48	33	27.5	28	
69	25.5	39	73.5	48	74.5	73	69	63	46	29.5	41.5	36	40	47	76.5	31	2	16	56	52	87.5	31.5	58.5	35.5	68	76	79.5	73.5	33	20.5	34.5	29	50	0	75	48	23.5	84	23.5	28	32.5	78	26	62.5	45.5	73	67	54.5	85.5	19.5	17.5	25.5	43	45.5	72	58	35.5	46.5	16	44	52.5	44	46.5	34	90	59.5	22.5	72	30.5	56.5	43	30	61	55.5	60	
26	63.5	64	30.5	41	17.5	12	6	36	39	86.5	59.5	79	83	44	19.5	74	73	69	47	49	30.5	74.5	20.5	63.5	21	1	22.5	16.5	90	77.5	77.5	86	47	75	0	35	65.5	27	80.5	61	75.5	21	63	40.5	57.5	30	8	42.5	32.5	71.5	69.5	82.5	60	47.5	29	45	63.5	48.5	63	41	34.5	59	54.5	57	33	31.5	54.5	29	87.5	38.5	46	63	42	27.5	33	
29	60.5	49	33.5	38	44.5	43	29	19	36	59.5	48.5	74	70	17	46.5	69	46	64	26	22	47.5	63.5	18.5	54.5	38	36	45.5	43.5	63	50.5	70.5	59	20	48	35	0	38.5	46	53.5	58	62.5	48	36	22.5	30.5	33	27	35.5	45.5	44.5	42.5	55.5	33	20.5	32	10	54.5	21.5	36	14	12.5	44	43.5	54	50	19.5	27.5	32	60.5	16.5	43	60	13	15.5	22	
59.5	30	29.5	64	42.5	69	67.5	59.5	57.5	40.5	35	34	45.5	45.5	37.5	71	40.5	21.5	35.5	46.5	42.5	78	39	49	16	62.5	66.5	74	68	38.5	26	44	34.5	40.5	23.5	65.5	38.5	0	76.5	29	27.5	38	72.5	16.5	53	36	63.5	57.5	49	76	20	18	31	33.5	36	62.5	48.5	16	37	11.5	34.5	43	34.5	39	28.5	80.5	50	13	62.5	36	47	37.5	29.5	51.5	46	54.5	
27	62.5	63	31.5	40	11.5	15	33	35	38	97.5	58.5	78	82	55	13.5	73	84	68	46	50	19.5	73.5	31.5	62.5	20	26	16.5	10.5	89	88.5	76.5	93	52	84	27	46	76.5	0	91.5	60	74.5	6	74	39.5	56.5	31	35	41.5	21.5	82.5	80.5	81.5	59	56.5	14	44	62.5	55.5	74	52	45.5	58	53.5	56	22	42.5	65.5	30	86.5	45.5	45	62	41	38.5	32	
74.5	35	44.5	79	57.5	84	82.5	74.5	72.5	55.5	20	49	30.5	30.5	52.5	86	30.5	21.5	35.5	61.5	57.5	93	34	64	45	77.5	81.5	89	83	23.5	3	17	19.5	55.5	23.5	80.5	53.5	29	91.5	0	37.5	33	87.5	31.5	68	51	78.5	72.5	64	91	25	23	26	48.5	51	77.5	63.5	45	52	21.5	49.5	58	49.5	54	43.5	95.5	65	28	77.5	7	62	52.5	39.5	66.5	61	69.5	
83	6.5	17	77.5	24	50.5	49	67	39	22	41.5	17.5	22	26	49	52.5	17	30	12	40	44	63.5	17.5	72.5	11.5	44	60	55.5	49.5	33	40.5	20.5	37	46	28	61	58	27.5	60	37.5	0	18.5	54	30	48.5	35.5	83	69	30.5	65.5	26.5	28.5	25.5	33	45.5	74	48	11.5	44.5	26	52	58.5	22	22.5	10	66	61.5	36.5	84	30.5	54.5	19	2	45	65.5	36	
83.5	16	31.5	88	38.5	65	63.5	81.5	53.5	36.5	39	32	21.5	25.5	61.5	67	16.5	30.5	16.5	54.5	58.5	78	1	73	26	58.5	74.5	70	64	32.5	30	20	36.5	60.5	32.5	75.5	62.5	38	74.5	33	18.5	0	68.5	40.5	63	50	87.5	81.5	45	80	34	32	7	47.5	60	86.5	62.5	26	59	30.5	58.5	67	36.5	37	24.5	80.5	74	37	86.5	30	69	33.5	20.5	59.5	70	50.5	
33	56.5	57	27.5	34	5.5	9	27	29	32	91.5	52.5	72	76	49	7.5	67	80	62	40	44	13.5	67.5	37.5	56.5	14	20	10.5	4.5	83	90.5	70.5	87	46	78	21	48	72.5	6	87.5	54	68.5	0	70	33.5	50.5	33	29	35.5	15.5	76.5	78.5	75.5	53	50.5	20	38	56.5	49.5	80	52	43.5	52	47.5	50	16	36.5	71.5	34	80.5	39.5	39	56	35	40.5	26	
57	32.5	13	61.5	40	66.5	65	57	55	38	37.5	31.5	48	48	35	68.5	43	24	38	44	40	75.5	41.5	46.5	32.5	60	64	71.5	65.5	41	28.5	46.5	37	38	26	63	36	16.5	74	31.5	30	40.5	70	0	50.5	33.5	61	55	46.5	73.5	22.5	20.5	33.5	31	33.5	60	46	32.5	34.5	14	32	40.5	32	36.5	20	78	47.5	10.5	60	38.5	44.5	35	32	49	43.5	52	
38.5	51	51.5	43	28.5	30	28.5	38.5	23.5	26.5	74	47	66.5	70.5	31.5	32	61.5	60.5	56.5	34.5	36.5	43	62	28	51	23.5	39.5	35	29	77.5	65	65	73.5	34.5	62.5	40.5	22.5	53	39.5	68	48.5	63	33.5	50.5	0	45	42.5	36.5	30	45	59	57	70	47.5	35	41.5	32.5	51	36	50.5	28.5	10	46.5	42	44.5	45.5	29	42	41.5	75	6	33.5	50.5	29.5	25	20.5	
51.5	38	38.5	56	20.5	47	45.5	51.5	35.5	18.5	57	34	53.5	57.5	29.5	49	48.5	43.5	43.5	36.5	34.5	60	49	41	38	40.5	56.5	52	46	60.5	48	52	56.5	32.5	45.5	57.5	30.5	36	56.5	51	35.5	50	50.5	33.5	45	0	55.5	49.5	27	62	42	40	53	30.5	28	54.5	40.5	38	29	33.5	26.5	35	33.5	29	31.5	62.5	42	25	54.5	58	39	20.5	37.5	41.5	38	32.5	
4	85.5	74	13.5	63	34.5	38	24	52	61	84.5	73.5	99	95	42	36.5	94	71	89	51	47	27.5	88.5	18.5	79.5	43	31	35.5	33.5	88	75.5	95.5	84	45	73	30	33	63.5	31	78.5	83	87.5	33	61	42.5	55.5	0	22	60.5	25.5	69.5	67.5	80.5	58	45.5	17	43	79.5	46.5	61	39	32.5	69	68.5	79	17	29.5	52.5	1	85.5	36.5	68	85	46	25.5	55	
18	71.5	68	22.5	49	25.5	20	2	44	47	78.5	67.5	87	89	36	27.5	82	65	77	45	41	36.5	82.5	12.5	71.5	29	9	30.5	24.5	82	69.5	85.5	78	39	67	8	27	57.5	35	72.5	69	81.5	29	55	36.5	49.5	22	0	50.5	34.5	63.5	61.5	74.5	52	39.5	21	37	71.5	40.5	55	33	26.5	63	62.5	65	39	23.5	46.5	21	79.5	30.5	54	71	40	19.5	41	
56.5	33	33.5	59	10.5	32	30.5	48.5	20.5	8.5	68	29	48.5	52.5	30.5	34	43.5	56.5	38.5	21.5	25.5	45	44	46	33	25.5	41.5	37	31	59.5	63	47	63.5	27.5	54.5	42.5	35.5	49	41.5	64	30.5	45	35.5	46.5	30	27	60.5	50.5	0	47	53	55	52	29.5	15	55.5	29.5	33	14	48.5	31.5	40	28.5	24	26.5	47.5	43	40	59.5	57	36	15.5	32.5	26.5	43	17.5	
21.5	68	68.5	12	45.5	17	20.5	36.5	40.5	43.5	97	64	83.5	87.5	54.5	19	78.5	83.5	73.5	51.5	55.5	2	79	31	68	25.5	31.5	22	16	94.5	88	82	96.5	57.5	85.5	32.5	45.5	76	21.5	91	65.5	80	15.5	73.5	45	62	25.5	34.5	47	0	82	80	87	64.5	58	29.5	49.5	68	59	73.5	51.5	45	63.5	59	61.5	22.5	42	65	24.5	92	49	50.5	67.5	46.5	38	37.5	
65.5	20	35.5	70	46.5	73	71.5	65.5	61.5	44.5	31	40	39.5	41.5	43.5	75	34.5	17.5	29.5	52.5	48.5	84	35	55	34	66.5	72.5	78	72	34.5	22	38	30.5	46.5	19.5	71.5	44.5	20	82.5	25	26.5	34	76.5	22.5	59	42	69.5	63.5	53	82	0	2	27	39.5	42	68.5	54.5	34	43	12.5	40.5	49	40.5	45	32.5	86.5	56	19	68.5	32	53	41.5	28.5	57.5	52	58.5	
63.5	22	33.5	68	48.5	75	73.5	63.5	61.5	46.5	29	38	41.5	39.5	41.5	77	36.5	15.5	31.5	50.5	46.5	82	33	53	34	68.5	70.5	80	74	32.5	20	40	28.5	44.5	17.5	69.5	42.5	18	80.5	23	28.5	32	78.5	20.5	57	40	67.5	61.5	55	80	2	0	25	37.5	40	66.5	52.5	34	41	10.5	38.5	47	38.5	43	34.5	84.5	54	17	66.5	30	51	43.5	30.5	55.5	50	60.5	
76.5	23	38.5	81	45.5	72	70.5	76.5	60.5	43.5	32	39	28.5	32.5	54.5	74	23.5	23.5	23.5	61.5	59.5	85	8	66	33	65.5	81.5	77	71	35.5	23	27	31.5	57.5	25.5	82.5	55.5	31	81.5	26	25.5	7	75.5	33.5	70	53	80.5	74.5	52	87	27	25	0	50.5	53	79.5	65.5	33	54	23.5	51.5	60	43.5	44	31.5	87.5	67	30	79.5	33	64	40.5	27.5	66.5	63	57.5	
54	35.5	36	58.5	23	49.5	48	54	38	21	54.5	31.5	51	55	32	51.5	46	41	41	39	37	62.5	46.5	43.5	35.5	43	59	54.5	48.5	58	45.5	49.5	54	35	43	60	33	33.5	59	48.5	33	47.5	53	31	47.5	30.5	58	52	29.5	64.5	39.5	37.5	50.5	0	30.5	57	43	35.5	31.5	31	29	37.5	31	26.5	29	65	44.5	22.5	57	55.5	41.5	14	35	44	40.5	35	
41.5	48	46.5	46	25.5	47	45.5	41.5	35.5	23.5	57	44	63.5	67.5	19.5	49	58.5	43.5	53.5	28.5	24.5	60	59	31	48	40.5	48.5	52	46	60.5	48	62	56.5	22.5	45.5	47.5	20.5	36	56.5	51	45.5	60	50.5	33.5	35	28	45.5	39.5	15	58	42	40	53	30.5	0	44.5	30.5	48	1	33.5	16.5	25	41.5	39	41.5	62.5	32	25	44.5	58	29	30.5	47.5	33.5	28	32.5	
13	76.5	73	17.5	54	25.5	29	23	49	52	83.5	72.5	92	94	41	27.5	87	70	82	50	46	31.5	87.5	17.5	76.5	34	30	30.5	24.5	87	74.5	90.5	83	44	72	29	32	62.5	14	77.5	74	86.5	20	60	41.5	54.5	17	21	55.5	29.5	68.5	66.5	79.5	57	44.5	0	42	76.5	45.5	60	38	31.5	68	67.5	70	34	28.5	51.5	16	84.5	35.5	59	76	45	24.5	46	
39	50.5	51	43.5	28	34.5	33	39	9	26	69.5	46.5	66	70	27	36.5	61	56	56	34	32	47.5	61.5	28.5	50.5	28	44	39.5	33.5	73	60.5	64.5	69	30	58	45	10	48.5	44	63.5	48	62.5	38	46	32.5	40.5	43	37	29.5	49.5	54.5	52.5	65.5	43	30.5	42	0	50.5	31.5	46	24	22.5	46	41.5	44	50	29.5	37.5	42	70.5	26.5	33	50	3	25.5	12	
75.5	14	19.5	80	26.5	53	51.5	69.5	41.5	24.5	49	20	29.5	33.5	51.5	55	24.5	37.5	19.5	42.5	46.5	66	25	65	0	46.5	62.5	58	52	40.5	42	28	44.5	48.5	35.5	63.5	54.5	16	62.5	45	11.5	26	56.5	32.5	51	38	79.5	71.5	33	68	34	34	33	35.5	48	76.5	50.5	0	47	27.5	50.5	59	24.5	25	12.5	68.5	64	29	78.5	38	57	21.5	13.5	47.5	62	38.5	
42.5	47	47.5	47	24.5	46	44.5	42.5	34.5	22.5	58	43	62.5	66.5	20.5	48	57.5	44.5	52.5	29.5	25.5	59	58	32	47	39.5	49.5	51	45	61.5	49	61	57.5	23.5	46.5	48.5	21.5	37	55.5	52	44.5	59	49.5	34.5	36	29	46.5	40.5	14	59	43	41	54	31.5	1	45.5	31.5	47	0	34.5	17.5	26	42.5	38	40.5	61.5	33	26	45.5	59	30	29.5	46.5	34.5	29	31.5	
57	32.5	27	61.5	50	76.5	75	57	55	48	27.5	31.5	42	38	35	76.5	37	14	32	44	40	75.5	31.5	46.5	27.5	70	64	73.5	75.5	31	18.5	38.5	27	38	16	63	36	11.5	74	21.5	26	30.5	80	14	50.5	33.5	61	55	48.5	73.5	12.5	10.5	23.5	31	33.5	60	46	27.5	34.5	0	32	40.5	32	36.5	34	78	47.5	10.5	60	28.5	44.5	45	24	49	43.5	58	
35	54.5	45	39.5	32	48.5	47	35	33	30	55.5	44.5	70	66	3	50.5	65	42	60	12	8	53.5	59.5	24.5	50.5	42	42	51.5	47.5	59	46.5	66.5	55	6	44	41	14	34.5	52	49.5	52	58.5	52	32	28.5	26.5	39	33	31.5	51.5	40.5	38.5	51.5	29	16.5	38	24	50.5	17.5	32	0	18.5	40	39.5	48	56	25.5	23.5	38	56.5	22.5	37	54	27	21.5	34	
28.5	61	53.5	33	38.5	40	38.5	28.5	31.5	36.5	64	53	76.5	74.5	21.5	42	71.5	50.5	66.5	30.5	26.5	47	68	18	59	33.5	35.5	45	39	67.5	55	75	63.5	24.5	52.5	34.5	12.5	43	45.5	58	58.5	67	43.5	40.5	10	35	32.5	26.5	40	45	49	47	60	37.5	25	31.5	22.5	59	26	40.5	18.5	0	48.5	48	54.5	49.5	19	32	31.5	65	4	43.5	60.5	25.5	15	30.5	
65	24.5	25	69.5	22	48.5	47	65	37	20	55.5	20.5	40	44	43	50.5	35	42	30	38	42	61.5	35.5	54.5	24.5	42	58	53.5	47.5	51	46.5	38.5	55	44	44	59	44	34.5	58	49.5	22	36.5	52	32	46.5	33.5	69	63	28.5	63.5	40.5	38.5	43.5	31	41.5	68	46	24.5	42.5	32	40	48.5	0	20.5	18	64	55.5	23.5	68	48.5	52.5	17	24	43	51.5	34	
64.5	25	25.5	69	17.5	44	42.5	60.5	32.5	15.5	60	21	40.5	44.5	42.5	46	35.5	46.5	30.5	33.5	37.5	57	36	54	25	37.5	53.5	49	43	51.5	51	39	55.5	39.5	46.5	54.5	43.5	39	53.5	54	22.5	37	47.5	36.5	42	29	68.5	62.5	24	59	45	43	44	26.5	39	67.5	41.5	25	38	36.5	39.5	48	20.5	0	18.5	59.5	55	28	67.5	49	48	12.5	24.5	38.5	51	29.5	
77	12.5	7	73.5	20	46.5	45	63	35	18	47.5	13.5	28	32	45	48.5	23	36	18	36	40	59.5	23.5	66.5	12.5	40	56	51.5	45.5	39	46.5	26.5	43	42	34	57	54	28.5	56	43.5	10	24.5	50	20	44.5	31.5	79	65	26.5	61.5	32.5	34.5	31.5	29	41.5	70	44	12.5	40.5	34	48	54.5	18	18.5	0	62	57.5	30.5	80	36.5	50.5	15	12	41	61.5	32	
21	68.5	69	30.5	46	17.5	21	39	41	44	101.5	64.5	84	88	59	19.5	79	88	74	52	56	20.5	79.5	35.5	68.5	26	32	22.5	16.5	95	92.5	82.5	99	58	90	33	50	80.5	22	95.5	66	80.5	16	78	45.5	62.5	17	39	47.5	22.5	86.5	84.5	87.5	65	62.5	34	50	68.5	61.5	78	56	49.5	64	59.5	62	0	46.5	69.5	18	92.5	51.5	51	68	47	42.5	38	
25.5	64	60.5	30	41.5	33	31.5	25.5	36.5	39.5	71	60	79.5	81.5	28.5	35	74.5	57.5	69.5	37.5	33.5	44	75	15	64	26.5	32.5	38	32	74.5	62	78	70.5	31.5	59.5	31.5	19.5	50	42.5	65	61.5	74	36.5	47.5	29	42	29.5	23.5	43	42	56	54	67	44.5	32	28.5	29.5	64	33	47.5	25.5	19	55.5	55	57.5	46.5	0	39	28.5	72	23	46.5	63.5	32.5	4	33.5	
48.5	39	23.5	53	41.5	70	66.5	48.5	46.5	41.5	34	21	48.5	44.5	26.5	68	43.5	20.5	38.5	35.5	31.5	67	38	38	29	61.5	55.5	65	69	37.5	25	45	33.5	29.5	22.5	54.5	27.5	13	65.5	28	36.5	37	71.5	10.5	42	25	52.5	46.5	40	65	19	17	30	22.5	25	51.5	37.5	29	26	10.5	23.5	32	23.5	28	30.5	69.5	39	0	51.5	35	36	36.5	34.5	40.5	35	49.5	
3	86.5	73	12.5	64	35.5	39	23	51	62	83.5	72.5	98	94	41	37.5	93	70	88	50	46	26.5	87.5	17.5	78.5	44	30	34.5	34.5	87	74.5	94.5	83	44	72	29	32	62.5	30	77.5	84	86.5	34	60	41.5	54.5	1	21	59.5	24.5	68.5	66.5	79.5	57	44.5	16	42	78.5	45.5	60	38	31.5	68	67.5	80	18	28.5	51.5	0	84.5	35.5	69	84	45	24.5	54	
81.5	28	43.5	86	50.5	77	75.5	81.5	65.5	48.5	27	44	23.5	27.5	59.5	79	23.5	28.5	28.5	66.5	64.5	90	29	71	38	70.5	86.5	82	76	30.5	10	10	26.5	62.5	30.5	87.5	60.5	36	86.5	7	30.5	30	80.5	38.5	75	58	85.5	79.5	57	92	32	30	33	55.5	58	84.5	70.5	38	59	28.5	56.5	65	48.5	49	36.5	92.5	72	35	84.5	0	69	45.5	32.5	71.5	68	62.5	
32.5	57	57.5	37	34.5	36	34.5	32.5	29.5	32.5	68	53	72.5	76.5	25.5	38	67.5	54.5	62.5	34.5	30.5	49	68	22	57	29.5	39.5	41	35	71.5	59	71	67.5	28.5	56.5	38.5	16.5	47	45.5	62	54.5	69	39.5	44.5	6	39	36.5	30.5	36	49	53	51	64	41.5	29	35.5	26.5	57	30	44.5	22.5	4	52.5	48	50.5	51.5	23	36	35.5	69	0	39.5	56.5	29.5	19	26.5	
68	21.5	22	62.5	9	35.5	34	52	24	7	56.5	17.5	37	41	34	37.5	32	45	27	25	29	48.5	32.5	57.5	21.5	29	45	40.5	34.5	48	55.5	35.5	52	31	43	46	43	37.5	45	52.5	19	33.5	39	35	33.5	20.5	68	54	15.5	50.5	41.5	43.5	40.5	14	30.5	59	33	21.5	29.5	45	37	43.5	17	12.5	15	51	46.5	36.5	69	45.5	39.5	0	21	30	50.5	21	
81	8.5	19	79.5	26	52.5	51	69	41	24	43.5	19.5	24	28	51	54.5	19	32	14	42	46	65.5	19.5	70.5	13.5	46	62	57.5	51.5	35	42.5	22.5	39	48	30	63	60	29.5	62	39.5	2	20.5	56	32	50.5	37.5	85	71	32.5	67.5	28.5	30.5	27.5	35	47.5	76	50	13.5	46.5	24	54	60.5	24	24.5	12	68	63.5	34.5	84	32.5	56.5	21	0	47	67.5	38	
42	47.5	48	46.5	25	31.5	30	42	6	23	72.5	43.5	63	67	30	33.5	58	59	53	31	35	44.5	58.5	31.5	47.5	25	41	36.5	30.5	74	63.5	61.5	72	33	61	42	13	51.5	41	66.5	45	59.5	35	49	29.5	41.5	46	40	26.5	46.5	57.5	55.5	66.5	44	33.5	45	3	47.5	34.5	49	27	25.5	43	38.5	41	47	32.5	40.5	45	71.5	29.5	30	47	0	28.5	9	
21.5	68	56.5	26	45.5	37	35.5	21.5	34.5	43.5	67	56	81.5	77.5	24.5	39	76.5	53.5	71.5	33.5	29.5	40	71	11	62	30.5	28.5	38	36	70.5	58	78	66.5	27.5	55.5	27.5	15.5	46	38.5	61	65.5	70	40.5	43.5	25	38	25.5	19.5	43	38	52	50	63	40.5	28	24.5	25.5	62	29	43.5	21.5	15	51.5	51	61.5	42.5	4	35	24.5	68	19	50.5	67.5	28.5	0	37.5	
51	38.5	39	49.5	16	22.5	21	39	3	14	73.5	34.5	54	58	31	24.5	49	62	44	22	26	35.5	49.5	40.5	38.5	16	32	27.5	21.5	65	72.5	52.5	69	28	60	33	22	54.5	32	69.5	36	50.5	26	52	20.5	32.5	55	41	17.5	37.5	58.5	60.5	57.5	35	32.5	46	12	38.5	31.5	58	34	30.5	34	29.5	32	38	33.5	49.5	54	62.5	26.5	21	38	9	37.5	0	
