Number of items: 75
Horizon: 12
Time limit: 750
Load limit: 4500
Initial item inventory level
102
66
126
90
114
11
174
38
67
249
20
28
152
90
147
88
21
79
213
46
126
138
69
49
116
90
174
183
39
72
48
258
62
70
40
78
42
118
291
95
52
165
261
231
258
30
19
102
225
47
22
38
170
186
98
29
61
96
52
158
60
19
25
188
10
118
99
98
41
182
279
111
188
176
76
Maximum inventory capacity per item
136
99
189
180
171
22
261
76
134
332
40
42
228
135
196
132
42
158
284
92
189
207
138
98
174
135
232
244
52
108
96
344
124
140
80
104
56
177
388
190
104
220
348
308
344
45
38
153
300
94
44
76
255
248
147
58
122
192
104
237
80
38
50
282
20
177
132
147
82
273
372
148
282
264
152
Reserve storage replenishment rate per item and per period
204	0	0	204	0	0	204	0	0	204	0	0	
198	0	0	198	0	0	198	0	0	198	0	0	
378	0	0	378	0	0	378	0	0	378	0	0	
540	0	0	540	0	0	540	0	0	540	0	0	
342	0	0	342	0	0	342	0	0	342	0	0	
66	0	0	66	0	0	66	0	0	66	0	0	
522	0	0	522	0	0	522	0	0	522	0	0	
228	0	0	228	0	0	228	0	0	228	0	0	
402	0	0	402	0	0	402	0	0	402	0	0	
498	0	0	498	0	0	498	0	0	498	0	0	
120	0	0	120	0	0	120	0	0	120	0	0	
84	0	0	84	0	0	84	0	0	84	0	0	
456	0	0	456	0	0	456	0	0	456	0	0	
270	0	0	270	0	0	270	0	0	270	0	0	
294	0	0	294	0	0	294	0	0	294	0	0	
264	0	0	264	0	0	264	0	0	264	0	0	
126	0	0	126	0	0	126	0	0	126	0	0	
474	0	0	474	0	0	474	0	0	474	0	0	
426	0	0	426	0	0	426	0	0	426	0	0	
276	0	0	276	0	0	276	0	0	276	0	0	
378	0	0	378	0	0	378	0	0	378	0	0	
414	0	0	414	0	0	414	0	0	414	0	0	
414	0	0	414	0	0	414	0	0	414	0	0	
294	0	0	294	0	0	294	0	0	294	0	0	
348	0	0	348	0	0	348	0	0	348	0	0	
270	0	0	270	0	0	270	0	0	270	0	0	
348	0	0	348	0	0	348	0	0	348	0	0	
366	0	0	366	0	0	366	0	0	366	0	0	
78	0	0	78	0	0	78	0	0	78	0	0	
216	0	0	216	0	0	216	0	0	216	0	0	
288	0	0	288	0	0	288	0	0	288	0	0	
516	0	0	516	0	0	516	0	0	516	0	0	
372	0	0	372	0	0	372	0	0	372	0	0	
420	0	0	420	0	0	420	0	0	420	0	0	
240	0	0	240	0	0	240	0	0	240	0	0	
156	0	0	156	0	0	156	0	0	156	0	0	
84	0	0	84	0	0	84	0	0	84	0	0	
354	0	0	354	0	0	354	0	0	354	0	0	
582	0	0	582	0	0	582	0	0	582	0	0	
570	0	0	570	0	0	570	0	0	570	0	0	
312	0	0	312	0	0	312	0	0	312	0	0	
330	0	0	330	0	0	330	0	0	330	0	0	
522	0	0	522	0	0	522	0	0	522	0	0	
462	0	0	462	0	0	462	0	0	462	0	0	
516	0	0	516	0	0	516	0	0	516	0	0	
90	0	0	90	0	0	90	0	0	90	0	0	
114	0	0	114	0	0	114	0	0	114	0	0	
306	0	0	306	0	0	306	0	0	306	0	0	
450	0	0	450	0	0	450	0	0	450	0	0	
282	0	0	282	0	0	282	0	0	282	0	0	
132	0	0	132	0	0	132	0	0	132	0	0	
228	0	0	228	0	0	228	0	0	228	0	0	
510	0	0	510	0	0	510	0	0	510	0	0	
372	0	0	372	0	0	372	0	0	372	0	0	
294	0	0	294	0	0	294	0	0	294	0	0	
174	0	0	174	0	0	174	0	0	174	0	0	
366	0	0	366	0	0	366	0	0	366	0	0	
576	0	0	576	0	0	576	0	0	576	0	0	
312	0	0	312	0	0	312	0	0	312	0	0	
474	0	0	474	0	0	474	0	0	474	0	0	
120	0	0	120	0	0	120	0	0	120	0	0	
114	0	0	114	0	0	114	0	0	114	0	0	
150	0	0	150	0	0	150	0	0	150	0	0	
564	0	0	564	0	0	564	0	0	564	0	0	
60	0	0	60	0	0	60	0	0	60	0	0	
354	0	0	354	0	0	354	0	0	354	0	0	
198	0	0	198	0	0	198	0	0	198	0	0	
294	0	0	294	0	0	294	0	0	294	0	0	
246	0	0	246	0	0	246	0	0	246	0	0	
546	0	0	546	0	0	546	0	0	546	0	0	
558	0	0	558	0	0	558	0	0	558	0	0	
222	0	0	222	0	0	222	0	0	222	0	0	
564	0	0	564	0	0	564	0	0	564	0	0	
528	0	0	528	0	0	528	0	0	528	0	0	
456	0	0	456	0	0	456	0	0	456	0	0	
Forward storage demand rate per item and per period
34	34	19	50	48	44	40	29	19	19	31	55	
33	61	35	33	39	31	23	50	18	32	46	41	
63	23	13	82	45	50	18	57	72	50	35	7	
90	110	87	102	52	71	90	79	114	157	109	105	
57	46	27	66	32	17	74	59	1	86	83	55	
11	16	7	7	6	9	8	13	10	12	12	15	
87	138	68	63	104	79	92	169	33	15	126	91	
38	30	36	59	61	14	19	22	52	18	28	12	
67	49	30	75	111	55	74	74	96	35	82	36	
83	58	93	53	56	83	60	94	42	158	63	50	
20	20	17	8	13	21	24	4	16	11	28	29	
14	19	11	15	5	23	8	0	5	15	10	22	
76	93	77	30	32	113	92	78	49	101	107	81	
45	38	57	3	17	67	43	32	34	21	50	20	
49	57	56	30	50	46	47	49	27	58	16	11	
44	10	42	26	61	56	33	81	63	38	31	67	
21	17	30	16	24	20	20	25	20	17	9	27	
79	78	59	71	61	30	119	87	83	72	111	7	
71	82	74	107	67	15	65	43	53	85	45	38	
46	46	42	70	36	40	42	64	37	13	50	24	
63	82	40	47	115	91	40	78	81	94	58	50	
69	30	58	103	11	66	45	53	62	58	60	126	
69	88	50	24	71	65	55	115	58	45	116	93	
49	77	21	75	60	40	27	48	53	33	17	48	
58	35	44	57	92	71	72	91	53	27	43	94	
45	52	35	13	63	48	70	30	38	46	38	44	
58	79	100	22	36	47	99	70	20	81	41	57	
61	32	66	30	48	8	61	57	70	69	53	102	
13	18	11	16	20	19	6	8	11	5	23	17	
36	32	35	47	46	25	59	38	27	64	34	63	
48	43	73	34	50	58	21	49	35	56	56	55	
86	91	111	92	93	49	43	54	83	124	78	56	
62	26	55	76	26	47	58	55	66	32	26	66	
70	78	29	78	38	111	60	78	82	64	97	103	
40	71	18	41	20	38	23	63	62	29	13	78	
26	35	39	40	32	24	28	9	34	45	40	27	
14	8	17	21	8	17	13	7	16	13	14	13	
59	76	96	49	43	79	77	86	89	42	45	64	
97	141	35	117	119	48	128	145	150	157	86	79	
95	77	143	67	98	99	100	109	102	113	91	156	
52	51	49	55	60	62	67	46	41	35	68	45	
55	87	63	57	77	71	60	52	8	86	41	41	
87	72	125	125	92	66	169	109	50	128	1	149	
77	110	63	105	77	94	70	47	117	72	61	123	
86	78	122	91	141	104	56	90	86	78	100	127	
15	27	15	12	13	12	13	15	9	3	8	11	
19	7	4	7	20	18	11	19	15	18	33	16	
51	68	72	75	47	39	69	84	24	60	29	59	
75	64	16	59	60	55	65	35	61	32	34	77	
47	44	52	82	32	35	61	41	68	13	47	50	
22	30	35	35	17	4	12	39	38	35	20	29	
38	31	46	25	35	35	58	60	40	36	62	36	
85	159	97	76	46	114	70	101	128	109	87	116	
62	76	68	39	52	39	65	15	75	63	88	73	
49	45	42	48	76	19	48	72	17	41	57	85	
29	13	20	36	30	28	27	32	40	48	44	47	
61	76	37	68	41	80	49	13	59	54	41	90	
96	138	71	74	60	49	63	107	65	143	60	114	
52	86	90	45	79	96	16	29	92	63	35	33	
79	72	135	63	84	20	107	91	73	89	63	99	
20	26	29	38	20	20	21	18	28	21	15	24	
19	18	5	10	13	8	12	24	8	19	27	19	
25	27	35	24	30	18	25	46	15	46	12	8	
94	88	45	20	147	91	71	54	147	120	131	30	
10	11	13	8	17	4	7	4	8	10	8	10	
59	106	56	70	50	46	68	74	95	84	24	62	
33	51	24	39	11	15	29	26	36	30	55	30	
49	49	61	61	64	43	40	66	68	38	30	21	
41	63	29	66	71	59	33	54	57	43	62	76	
91	120	139	100	29	126	108	91	78	35	122	57	
93	131	114	29	118	92	107	76	68	80	143	70	
37	50	34	63	59	19	23	17	52	42	30	44	
94	77	56	113	131	62	107	81	77	103	170	114	
88	26	41	99	49	48	101	128	145	53	21	44	
76	41	95	67	44	69	98	104	56	129	85	106	
Distance matrix
0	25	70.5	42.5	20.5	75.5	31	76.5	31	86	80.5	41.5	12.5	56.5	27	29	42.5	50	88.5	40.5	71.5	67.5	59	48	66	44.5	51	37	85.5	69.5	77.5	63.5	51.5	44.5	58.5	54.5	83.5	25	45	66	18	59.5	75.5	43.5	31	45.5	45	79	38.5	46	53	16	82.5	41.5	31	39.5	64.5	71.5	76.5	55.5	16	63	75.5	87.5	52	58.5	10	60	25	42	75	53	46	42	90.5	28	
25	0	49.5	22.5	40.5	70.5	34	71.5	34	69	69.5	23.5	32.5	51.5	2	36	37.5	35	81.5	35.5	66.5	62.5	46	43	61	25.5	34	32	80.5	64.5	52.5	58.5	46.5	39.5	53.5	49.5	78.5	40	40	61	7	50.5	54.5	38.5	26	40.5	40	66	33.5	41	48	9	57.5	23.5	26	30.5	59.5	66.5	71.5	50.5	21	58	70.5	82.5	43	53.5	25	45	20	37	70	32	41	37	85.5	33	
70.5	49.5	0	32	54	49	43.5	38	43.5	23.5	24	33	62	18	47.5	45.5	32	24.5	36	34	23	27	15.5	26.5	43.5	30	23.5	37.5	49	35	7	21	33	30	44	16	51	49.5	29.5	33.5	56.5	15	9	31	43.5	25	29.5	20.5	36	28.5	21.5	56.5	12	33	41.5	35	40	23	58	39	58.5	36.5	49	47	22.5	36	64.5	14.5	49.5	32.5	24.5	21.5	31.5	32.5	44	46.5	
42.5	22.5	32	0	22	77	11.5	66	11.5	51.5	52	1	30	36	20.5	13.5	20	17.5	64	22	51	55	28.5	29.5	71.5	8	16.5	20.5	77	63	35	49	61	38	74	48	79	17.5	52.5	61.5	29.5	33	37	49	26.5	57	52.5	48.5	24	51.5	44.5	31.5	40	1	46.5	13	68	51	86	67	26.5	64.5	77	75	25.5	64	32.5	27.5	32.5	55.5	52.5	14.5	61.5	45.5	72	14.5	
20.5	40.5	54	22	0	91	28.5	88	28.5	73.5	74	23	8	58	42.5	15.5	42	39.5	86	44	73	77	50.5	51.5	81.5	30	38.5	42.5	99	85	57	71	67	60	74	70	99	24.5	60.5	81.5	33.5	55	59	59	46.5	61	60.5	70.5	46	61.5	66.5	31.5	62	23	46.5	35	80	73	92	71	31.5	78.5	91	97	47.5	74	25.5	49.5	40.5	57.5	74.5	36.5	61.5	57.5	94	31.5	
75.5	70.5	49	77	91	0	86.5	27	86.5	33.5	39	78	83	57	72.5	90.5	73	69.5	13	71	42	38	60.5	63.5	21.5	75	68.5	72.5	26	30	42	44	32	55	19	45	24	90.5	40.5	31.5	63.5	60	44	44	66.5	36	40.5	40.5	69	41.5	48.5	61.5	37	78	46.5	80	25	42	17	26	71.5	28.5	0	28	67.5	29	75.5	59.5	60.5	37.5	40.5	66.5	31.5	47.5	31	83.5	
31	34	43.5	11.5	28.5	86.5	0	77.5	0	63	63.5	12.5	36.5	47.5	32	20	31.5	29	75.5	33.5	62.5	66.5	40	41	77	19.5	28	32	88.5	74.5	46.5	60.5	62.5	49.5	69.5	59.5	90.5	24	56	73	29	44.5	48.5	54.5	38	56.5	56	60	35.5	57	56	27	51.5	12.5	42	24.5	75.5	62.5	87.5	66.5	15	74	86.5	86.5	37	69.5	31	39	36	53	64	26	57	53	83.5	3	
76.5	71.5	38	66	88	27	77.5	0	77.5	22.5	28	67	84	52	73.5	79.5	66	58.5	30	68	37	39	49.5	60.5	22.5	64	57.5	71.5	37	31	31	45	33	56	20	46	35	83.5	41.5	32.5	64.5	49	33	45	67.5	37	41.5	29.5	70	42.5	49.5	62.5	26	67	47.5	69	26	37	28	27	72.5	29.5	27	39	56.5	30	76.5	48.5	61.5	38.5	33.5	55.5	32.5	48.5	38	80.5	
31	34	43.5	11.5	28.5	86.5	0	77.5	0	63	63.5	12.5	36.5	47.5	32	20	31.5	29	75.5	33.5	62.5	66.5	40	41	77	19.5	28	32	88.5	74.5	46.5	60.5	62.5	49.5	69.5	59.5	90.5	24	56	73	29	44.5	48.5	54.5	38	56.5	56	60	35.5	57	56	27	51.5	12.5	42	24.5	75.5	62.5	87.5	66.5	15	74	86.5	86.5	37	69.5	31	39	36	53	64	26	57	53	83.5	3	
86	69	23.5	51.5	73.5	33.5	63	22.5	63	0	13.5	52.5	81.5	37.5	67	65	51.5	44	20.5	53.5	22.5	26.5	35	46	20	49.5	43	57	33.5	24.5	16.5	30.5	42.5	49.5	29.5	39.5	35.5	69	49	28	74	34.5	18.5	50.5	63	46.5	49	15	55.5	48	41	72	11.5	52.5	57	54.5	29.5	22.5	42.5	36.5	78	31	33.5	31.5	42	35.5	84	34	69	48	19	41	42	52	28.5	66	
80.5	69.5	24	52	74	39	63.5	28	63.5	13.5	0	53	82	38	67.5	65.5	52	44.5	26	54	23	27	35.5	46.5	31.5	50	43.5	57.5	39	11	17	31	37	50	22	40	41	69.5	45.5	28.5	68.5	35	19	49	63.5	41	45.5	15.5	56	46.5	41.5	66.5	12	53	51.5	55	16	23	42	31	76.5	31.5	39	37	42.5	34	80.5	34.5	65.5	42.5	19.5	41.5	36.5	52.5	34	66.5	
41.5	23.5	33	1	23	78	12.5	67	12.5	52.5	53	0	31	37	21.5	14.5	21	18.5	65	23	52	56	29.5	30.5	72.5	9	17.5	21.5	78	64	36	50	62	39	75	49	80	18.5	53.5	62.5	30.5	34	38	50	27.5	58	53.5	49.5	25	52.5	45.5	32.5	41	0	47.5	14	69	52	87	68	27.5	65.5	78	76	26.5	65	33.5	28.5	33.5	56.5	53.5	15.5	62.5	46.5	73	15.5	
12.5	32.5	62	30	8	83	36.5	84	36.5	81.5	82	31	0	64	34.5	23.5	50	47.5	94	48	79	75	58.5	55.5	73.5	38	46.5	44.5	93	77	65	71	59	52	66	62	91	32.5	52.5	73.5	25.5	63	67	51	38.5	53	52.5	78.5	46	53.5	60.5	23.5	70	31	38.5	43	72	79	84	63	23.5	70.5	83	95	55.5	66	17.5	57.5	32.5	49.5	82.5	44.5	53.5	49.5	98	35.5	
56.5	51.5	18	36	58	57	47.5	52	47.5	37.5	38	37	64	0	51.5	49.5	36	28.5	50	38	37	41	19.5	30.5	47.5	34	27.5	41.5	63	49	21	35	33	34	40	34	65	53.5	26.5	47.5	44.5	3	23	13	47.5	27	26.5	34.5	40	27.5	30.5	42.5	26	37	27.5	39	46	37	58	37	52.5	44.5	57	61	26.5	40	56.5	18.5	41.5	23.5	38.5	25.5	27.5	28.5	58	50.5	
27	2	47.5	20.5	42.5	72.5	32	73.5	32	67	67.5	21.5	34.5	51.5	0	34	35.5	33	79.5	37.5	66.5	64.5	44	45	63	23.5	32	34	82.5	66.5	50.5	60.5	48.5	41.5	55.5	51.5	80.5	38	42	63	9	48.5	52.5	40.5	28	42.5	42	64	35.5	43	50	11	55.5	21.5	28	28.5	61.5	66.5	73.5	52.5	23	60	72.5	84.5	41	55.5	27	43	22	39	68	30	43	39	87.5	35	
29	36	45.5	13.5	15.5	90.5	20	79.5	20	65	65.5	14.5	23.5	49.5	34	0	33.5	31	77.5	35.5	64.5	68.5	42	43	85	21.5	30	34	90.5	76.5	48.5	62.5	74.5	51.5	87.5	61.5	92.5	16	66	75	43	46.5	50.5	62.5	40	70.5	66	62	37.5	65	58	45	53.5	14.5	60	26.5	81.5	64.5	99.5	80.5	35	78	90.5	88.5	39	77.5	31	41	46	69	66	28	75	59	85.5	23	
42.5	37.5	32	20	42	73	31.5	66	31.5	51.5	52	21	50	36	35.5	33.5	0	17.5	64	2	51	55	28.5	29.5	63.5	18	16.5	25.5	77	63	35	49	49	38	56	48	79	37.5	42.5	61.5	30.5	33	37	41	31.5	43	42.5	48.5	4	43.5	44.5	28.5	40	21	28.5	23	62	51	74	53	38.5	60.5	73	75	25.5	56	42.5	27.5	27.5	39.5	52.5	14.5	43.5	39.5	72	34.5	
50	35	24.5	17.5	39.5	69.5	29	58.5	29	44	44.5	18.5	47.5	28.5	33	31	17.5	0	56.5	19.5	43.5	47.5	21	22	64	15.5	1	23	69.5	55.5	27.5	41.5	51.5	30.5	58.5	40.5	71.5	35	45	54	38	25.5	29.5	41.5	29	45.5	45	41	21.5	44	37	36	32.5	18.5	31	20.5	60.5	43.5	76.5	55.5	44	57	69.5	67.5	18	56.5	50	20	35	42	45	3	46	38	64.5	32	
88.5	81.5	36	64	86	13	75.5	30	75.5	20.5	26	65	94	50	79.5	77.5	64	56.5	0	66	35	39	47.5	58.5	34.5	62	55.5	69.5	31	37	29	43	45	62	32	52	33	81.5	53.5	40.5	76.5	47	31	57	75.5	49	53.5	27.5	68	54.5	53.5	74.5	24	65	59.5	67	38	35	30	39	84.5	41.5	13	29	54.5	42	88.5	46.5	73.5	50.5	31.5	53.5	44.5	60.5	26	78.5	
40.5	35.5	34	22	44	71	33.5	68	33.5	53.5	54	23	48	38	37.5	35.5	2	19.5	66	0	53	57	30.5	31.5	61.5	20	18.5	27.5	79	65	37	51	47	40	54	50	79	39.5	40.5	61.5	28.5	35	39	39	31.5	41	40.5	50.5	2	41.5	46.5	26.5	42	23	26.5	25	60	53	72	51	36.5	58.5	71	77	27.5	54	40.5	29.5	25.5	37.5	54.5	16.5	41.5	37.5	74	36.5	
71.5	66.5	23	51	73	42	62.5	37	62.5	22.5	23	52	79	37	66.5	64.5	51	43.5	35	53	0	4	34.5	45.5	32.5	49	42.5	56.5	48	34	16	30	28	49	25	39	50	68.5	36.5	32.5	59.5	34	18	40	62.5	32	36.5	19.5	55	37.5	40.5	57.5	11	52	42.5	54	31	0	43	16	67.5	29.5	42	46	41.5	13	71.5	33.5	56.5	33.5	23.5	40.5	27.5	43.5	43	65.5	
67.5	62.5	27	55	77	38	66.5	39	66.5	26.5	27	56	75	41	64.5	68.5	55	47.5	39	57	4	0	38.5	49.5	28.5	53	46.5	60.5	48	32	20	34	24	47	21	37	46	72.5	32.5	28.5	55.5	38	22	36	58.5	28	32.5	23.5	59	33.5	40.5	53.5	15	56	38.5	58	27	4	39	12	63.5	25.5	38	50	45.5	9	67.5	37.5	52.5	29.5	27.5	44.5	23.5	39.5	47	69.5	
59	46	15.5	28.5	50.5	60.5	40	49.5	40	35	35.5	29.5	58.5	19.5	44	42	28.5	21	47.5	30.5	34.5	38.5	0	23	55	26.5	20	34	60.5	46.5	18.5	32.5	40.5	26.5	47.5	31.5	62.5	46	34	45	47	16.5	20.5	32.5	40	34.5	34	32	32.5	35	28	45	23.5	29.5	30	31.5	51.5	34.5	65.5	44.5	55	48	60.5	58.5	19	47.5	59	1	44	31	36	18	35	17	55.5	43	
48	43	26.5	29.5	51.5	63.5	41	60.5	41	46	46.5	30.5	55.5	30.5	45	43	29.5	22	58.5	31.5	45.5	49.5	23	0	54	27.5	21	35	71.5	57.5	29.5	43.5	39.5	32.5	46.5	42.5	71.5	47	33	54	36	27.5	31.5	31.5	39	33.5	33	43	33.5	34	39	34	34.5	30.5	17	32.5	52.5	45.5	64.5	43.5	44	51	63.5	69.5	4	46.5	48	22	33	30	47	19	34	30	66.5	44	
66	61	43.5	71.5	81.5	21.5	77	22.5	77	20	31.5	72.5	73.5	47.5	63	85	63.5	64	34.5	61.5	32.5	28.5	55	54	0	69.5	63	63	31.5	20.5	36.5	34.5	22.5	45.5	9.5	35.5	29.5	81	31	22	54	50.5	38.5	34.5	57	26.5	31	35	59.5	32	39	52	31.5	72.5	37	70.5	15.5	32.5	22.5	16.5	62	19	21.5	33.5	58	19.5	66	54	51	28	31	61	22	38	36.5	74	
44.5	25.5	30	8	30	75	19.5	64	19.5	49.5	50	9	38	34	23.5	21.5	18	15.5	62	20	49	53	26.5	27.5	69.5	0	14.5	18.5	75	61	33	47	59	36	68	46	77	25.5	50.5	59.5	32.5	31	35	47	24.5	55	50.5	46.5	22	49.5	42.5	30.5	38	9	40.5	5	66	49	84	65	34.5	62.5	75	73	23.5	62	40.5	25.5	30.5	51.5	50.5	12.5	55.5	43.5	70	22.5	
51	34	23.5	16.5	38.5	68.5	28	57.5	28	43	43.5	17.5	46.5	27.5	32	30	16.5	1	55.5	18.5	42.5	46.5	20	21	63	14.5	0	22	68.5	54.5	26.5	40.5	52.5	29.5	59.5	39.5	70.5	34	44	53	39	24.5	28.5	40.5	28	46.5	44	40	20.5	43	36	37	31.5	17.5	32	19.5	59.5	42.5	77.5	56.5	43	56	68.5	66.5	17	55.5	49	19	34	43	44	2	47	37	63.5	31	
37	32	37.5	20.5	42.5	72.5	32	71.5	32	57	57.5	21.5	44.5	41.5	34	34	25.5	23	69.5	27.5	56.5	60.5	34	35	63	18.5	22	0	82.5	66.5	40.5	54.5	48.5	41.5	55.5	51.5	80.5	38	42	63	25	38.5	42.5	40.5	6	42.5	42	54	29.5	43	50	23	45.5	21.5	28	23.5	61.5	56.5	73.5	52.5	33	60	72.5	80.5	31	55.5	37	33	12	39	58	20	43	39	77.5	35	
85.5	80.5	49	77	99	26	88.5	37	88.5	33.5	39	78	93	63	82.5	90.5	77	69.5	31	79	48	48	60.5	71.5	31.5	75	68.5	82.5	0	40	42	54	42	65	29	55	2	94.5	50.5	41.5	73.5	60	44	54	76.5	46	50.5	40.5	79	51.5	58.5	71.5	37	78	56.5	80	35	48	9	36	81.5	38.5	26	2	67.5	39	85.5	59.5	70.5	47.5	44.5	66.5	41.5	57.5	5	91.5	
69.5	64.5	35	63	85	30	74.5	31	74.5	24.5	11	64	77	49	66.5	76.5	63	55.5	37	65	34	32	46.5	57.5	20.5	61	54.5	66.5	40	0	28	38	26	49	11	39	38	80.5	34.5	25.5	57.5	46	30	38	60.5	30	34.5	26.5	63	35.5	42.5	55.5	23	64	40.5	66	5	34	31	20	65.5	22.5	30	42	53.5	23	69.5	45.5	54.5	31.5	30.5	52.5	25.5	41.5	45	77.5	
77.5	52.5	7	35	57	42	46.5	31	46.5	16.5	17	36	65	21	50.5	48.5	35	27.5	29	37	16	20	18.5	29.5	36.5	33	26.5	40.5	42	28	0	14	26	33	39	23	44	52.5	32.5	26.5	59.5	18	2	34	46.5	32	32.5	13.5	39	31.5	24.5	61.5	5	36	46.5	38	33	16	51	32	61.5	29.5	42	40	25.5	29	67.5	17.5	52.5	35.5	17.5	24.5	31.5	35.5	37	49.5	
63.5	58.5	21	49	71	44	60.5	45	60.5	30.5	31	50	71	35	60.5	62.5	49	41.5	43	51	30	34	32.5	43.5	34.5	47	40.5	54.5	54	38	14	0	12	43	27	33	52	66.5	28.5	34.5	51.5	32	12	32	54.5	24	28.5	27.5	53	29.5	36.5	49.5	19	50	34.5	52	33	30	45	24	59.5	31.5	44	54	39.5	27	63.5	31.5	48.5	25.5	31.5	38.5	19.5	35.5	51	63.5	
51.5	46.5	33	61	67	32	62.5	33	62.5	42.5	37	62	59	33	48.5	74.5	49	51.5	45	47	28	24	40.5	39.5	22.5	59	52.5	48.5	42	26	26	12	0	31	15	21	40	66.5	16.5	22.5	39.5	36	24	20	42.5	12	16.5	35.5	45	17.5	24.5	37.5	31	62	22.5	56	21	28	33	12	47.5	19.5	32	44	43.5	15	51.5	41.5	36.5	13.5	31.5	50.5	7.5	23.5	47	59.5	
44.5	39.5	30	38	60	55	49.5	56	49.5	49.5	50	39	52	34	41.5	51.5	38	30.5	62	40	49	47	26.5	32.5	45.5	36	29.5	41.5	65	49	33	43	31	0	38	34	63	55.5	24.5	45.5	32.5	31	35	23	35.5	25	24.5	46.5	38	25.5	32.5	30.5	38	39	15.5	41	44	49	56	35	40.5	42.5	55	67	28.5	38	44.5	25.5	29.5	21.5	50.5	27.5	25.5	21.5	70	52.5	
58.5	53.5	44	74	74	19	69.5	20	69.5	29.5	22	75	66	40	55.5	87.5	56	58.5	32	54	25	21	47.5	46.5	9.5	68	59.5	55.5	29	11	39	27	15	38	0	28	27	73.5	23.5	14.5	46.5	43	39	27	49.5	19	23.5	27.5	52	24.5	31.5	44.5	34	75	29.5	63	6	25	20	9	54.5	11.5	19	31	50.5	12	58.5	48.5	43.5	20.5	23.5	61.5	14.5	30.5	34	66.5	
54.5	49.5	16	48	70	45	59.5	46	59.5	39.5	40	49	62	34	51.5	61.5	48	40.5	52	50	39	37	31.5	42.5	35.5	46	39.5	51.5	55	39	23	33	21	34	28	0	53	65.5	19.5	35.5	42.5	31	25	23	45.5	9	19.5	36.5	48	20.5	27.5	40.5	28	49	25.5	51	34	39	46	25	50.5	32.5	45	57	38.5	28	54.5	30.5	39.5	16.5	40.5	37.5	15.5	26.5	60	62.5	
83.5	78.5	51	79	99	24	90.5	35	90.5	35.5	41	80	91	65	80.5	92.5	79	71.5	33	79	50	46	62.5	71.5	29.5	77	70.5	80.5	2	38	44	52	40	63	27	53	0	96.5	48.5	39.5	71.5	62	46	52	74.5	44	48.5	42.5	77	49.5	56.5	69.5	39	80	54.5	82	33	50	7	34	79.5	36.5	24	4	69.5	37	83.5	61.5	68.5	45.5	46.5	68.5	39.5	55.5	7	91.5	
25	40	49.5	17.5	24.5	90.5	24	83.5	24	69	69.5	18.5	32.5	53.5	38	16	37.5	35	81.5	39.5	68.5	72.5	46	47	81	25.5	34	38	94.5	80.5	52.5	66.5	66.5	55.5	73.5	65.5	96.5	0	60	79	33	50.5	54.5	58.5	44	60.5	60	66	41.5	61	62	31	57.5	18.5	46	30.5	79.5	68.5	91.5	70.5	31	78	90.5	92.5	43	73.5	15	45	40	57	70	32	61	57	89.5	27	
45	40	29.5	52.5	60.5	40.5	56	41.5	56	49	45.5	53.5	52.5	26.5	42	66	42.5	45	53.5	40.5	36.5	32.5	34	33	31	50.5	44	42	50.5	34.5	32.5	28.5	16.5	24.5	23.5	19.5	48.5	60	0	31	33	29.5	34.5	13.5	36	10.5	0	44	38.5	1	8	31	37.5	53.5	16	49.5	29.5	36.5	41.5	20.5	41	28	40.5	52.5	37	23.5	45	35	30	3	40	42	11	17	55.5	53	
66	61	33.5	61.5	81.5	31.5	73	32.5	73	28	28.5	62.5	73.5	47.5	63	75	61.5	54	40.5	61.5	32.5	28.5	45	54	22	59.5	53	63	41.5	25.5	26.5	34.5	22.5	45.5	14.5	35.5	39.5	79	31	0	54	44.5	28.5	34.5	57	26.5	31	13	59.5	32	39	52	21.5	62.5	37	64.5	20.5	32.5	32.5	16.5	62	3	31.5	43.5	52	19.5	66	44	51	28	9	51	22	38	46.5	74	
18	7	56.5	29.5	33.5	63.5	29	64.5	29	74	68.5	30.5	25.5	44.5	9	43	30.5	38	76.5	28.5	59.5	55.5	47	36	54	32.5	39	25	73.5	57.5	59.5	51.5	39.5	32.5	46.5	42.5	71.5	33	33	54	0	47.5	61.5	31.5	19	33.5	33	67	26.5	34	41	2	64.5	30.5	19	27.5	52.5	59.5	64.5	43.5	14	51	63.5	75.5	40	46.5	18	48	13	30	63	39	34	30	78.5	26	
59.5	50.5	15	33	55	60	44.5	49	44.5	34.5	35	34	63	3	48.5	46.5	33	25.5	47	35	34	38	16.5	27.5	50.5	31	24.5	38.5	60	46	18	32	36	31	43	31	62	50.5	29.5	44.5	47.5	0	20	16	44.5	30	29.5	31.5	37	30.5	27.5	45.5	23	34	30.5	36	49	34	61	40	55.5	47.5	60	58	23.5	43	59.5	15.5	44.5	26.5	35.5	22.5	30.5	31.5	55	47.5	
75.5	54.5	9	37	59	44	48.5	33	48.5	18.5	19	38	67	23	52.5	50.5	37	29.5	31	39	18	22	20.5	31.5	38.5	35	28.5	42.5	44	30	2	12	24	35	39	25	46	54.5	34.5	28.5	61.5	20	0	36	48.5	34	34.5	15.5	41	33.5	26.5	61.5	7	38	46.5	40	35	18	53	34	63.5	31.5	44	42	27.5	31	69.5	19.5	54.5	37.5	19.5	26.5	31.5	37.5	39	51.5	
43.5	38.5	31	49	59	44	54.5	45	54.5	50.5	49	50	51	13	40.5	62.5	41	41.5	57	39	40	36	32.5	31.5	34.5	47	40.5	40.5	54	38	34	32	20	23	27	23	52	58.5	13.5	34.5	31.5	16	36	0	34.5	14	13.5	47.5	37	14.5	21.5	29.5	39	50	14.5	48	33	40	45	24	39.5	31.5	44	56	35.5	27	43.5	31.5	28.5	10.5	43.5	38.5	14.5	15.5	59	51.5	
31	26	43.5	26.5	46.5	66.5	38	67.5	38	63	63.5	27.5	38.5	47.5	28	40	31.5	29	75.5	31.5	62.5	58.5	40	39	57	24.5	28	6	76.5	60.5	46.5	54.5	42.5	35.5	49.5	45.5	74.5	44	36	57	19	44.5	48.5	34.5	0	36.5	36	60	29.5	37	44	17	51.5	27.5	22	29.5	55.5	62.5	67.5	46.5	27	54	66.5	78.5	37	49.5	31	39	6	33	64	26	37	33	81.5	39	
45.5	40.5	25	57	61	36	56.5	37	56.5	46.5	41	58	53	27	42.5	70.5	43	45.5	49	41	32	28	34.5	33.5	26.5	55	46.5	42.5	46	30	32	24	12	25	19	9	44	60.5	10.5	26.5	33.5	30	34	14	36.5	0	10.5	39.5	39	11.5	18.5	31.5	37	58	16.5	50	25	32	37	16	41.5	23.5	36	48	37.5	19	45.5	35.5	30.5	7.5	35.5	46.5	6.5	17.5	51	53.5	
45	40	29.5	52.5	60.5	40.5	56	41.5	56	49	45.5	53.5	52.5	26.5	42	66	42.5	45	53.5	40.5	36.5	32.5	34	33	31	50.5	44	42	50.5	34.5	32.5	28.5	16.5	24.5	23.5	19.5	48.5	60	0	31	33	29.5	34.5	13.5	36	10.5	0	44	38.5	1	8	31	37.5	53.5	16	49.5	29.5	36.5	41.5	20.5	41	28	40.5	52.5	37	23.5	45	35	30	3	40	42	11	17	55.5	53	
79	66	20.5	48.5	70.5	40.5	60	29.5	60	15	15.5	49.5	78.5	34.5	64	62	48.5	41	27.5	50.5	19.5	23.5	32	43	35	46.5	40	54	40.5	26.5	13.5	27.5	35.5	46.5	27.5	36.5	42.5	66	44	13	67	31.5	15.5	47.5	60	39.5	44	0	52.5	45	38	65	8.5	49.5	50	51.5	31.5	19.5	45.5	29.5	75	16	40.5	38.5	39	32.5	79	31	64	41	4	38	35	49	35.5	63	
38.5	33.5	36	24	46	69	35.5	70	35.5	55.5	56	25	46	40	35.5	37.5	4	21.5	68	2	55	59	32.5	33.5	59.5	22	20.5	29.5	79	63	39	53	45	38	52	48	77	41.5	38.5	59.5	26.5	37	41	37	29.5	39	38.5	52.5	0	39.5	46.5	24.5	44	25	24.5	27	58	55	70	49	34.5	56.5	69	79	29.5	52	38.5	31.5	23.5	35.5	56.5	18.5	39.5	35.5	76	38.5	
46	41	28.5	51.5	61.5	41.5	57	42.5	57	48	46.5	52.5	53.5	27.5	43	65	43.5	44	54.5	41.5	37.5	33.5	35	34	32	49.5	43	43	51.5	35.5	31.5	29.5	17.5	25.5	24.5	20.5	49.5	61	1	32	34	30.5	33.5	14.5	37	11.5	1	45	39.5	0	7	32	36.5	52.5	17	50.5	30.5	37.5	42.5	21.5	42	29	41.5	53.5	38	24.5	46	34	31	4	41	41	12	18	56.5	54	
53	48	21.5	44.5	66.5	48.5	56	49.5	56	41	41.5	45.5	60.5	30.5	50	58	44.5	37	53.5	46.5	40.5	40.5	28	39	39	42.5	36	50	58.5	42.5	24.5	36.5	24.5	32.5	31.5	27.5	56.5	62	8	39	41	27.5	26.5	21.5	44	18.5	8	38	46.5	7	0	39	29.5	45.5	24	47.5	37.5	40.5	49.5	28.5	49	36	48.5	60.5	35	31.5	53	27	38	11	42	34	19	25	61.5	59	
16	9	56.5	31.5	31.5	61.5	27	62.5	27	72	66.5	32.5	23.5	42.5	11	45	28.5	36	74.5	26.5	57.5	53.5	45	34	52	30.5	37	23	71.5	55.5	61.5	49.5	37.5	30.5	44.5	40.5	69.5	31	31	52	2	45.5	61.5	29.5	17	31.5	31	65	24.5	32	39	0	66.5	32.5	17	25.5	50.5	57.5	62.5	41.5	12	49	61.5	73.5	38	44.5	16	46	11	28	61	39	32	28	76.5	24	
82.5	57.5	12	40	62	37	51.5	26	51.5	11.5	12	41	70	26	55.5	53.5	40	32.5	24	42	11	15	23.5	34.5	31.5	38	31.5	45.5	37	23	5	19	31	38	34	28	39	57.5	37.5	21.5	64.5	23	7	39	51.5	37	37.5	8.5	44	36.5	29.5	66.5	0	41	51.5	43	28	11	46	27	66.5	24.5	37	35	30.5	24	72.5	22.5	57.5	40.5	12.5	29.5	36.5	40.5	32	54.5	
41.5	23.5	33	1	23	78	12.5	67	12.5	52.5	53	0	31	37	21.5	14.5	21	18.5	65	23	52	56	29.5	30.5	72.5	9	17.5	21.5	78	64	36	50	62	39	75	49	80	18.5	53.5	62.5	30.5	34	38	50	27.5	58	53.5	49.5	25	52.5	45.5	32.5	41	0	47.5	14	69	52	87	68	27.5	65.5	78	76	26.5	65	33.5	28.5	33.5	56.5	53.5	15.5	62.5	46.5	73	15.5	
31	26	41.5	46.5	46.5	46.5	42	47.5	42	57	51.5	47.5	38.5	27.5	28	60	28.5	31	59.5	26.5	42.5	38.5	30	17	37	40.5	32	28	56.5	40.5	46.5	34.5	22.5	15.5	29.5	25.5	54.5	46	16	37	19	30.5	46.5	14.5	22	16.5	16	50	24.5	17	24	17	51.5	47.5	0	35.5	35.5	42.5	47.5	26.5	27	34	46.5	58.5	21	29.5	31	31	16	13	46	34	17	13	61.5	39	
39.5	30.5	35	13	35	80	24.5	69	24.5	54.5	55	14	43	39	28.5	26.5	23	20.5	67	25	54	58	31.5	32.5	70.5	5	19.5	23.5	80	66	38	52	56	41	63	51	82	30.5	49.5	64.5	27.5	36	40	48	29.5	50	49.5	51.5	27	50.5	47.5	25.5	43	14	35.5	0	69	54	81	60	35.5	67.5	80	78	28.5	63	39.5	30.5	29.5	46.5	55.5	17.5	50.5	46.5	75	27.5	
64.5	59.5	40	68	80	25	75.5	26	75.5	29.5	16	69	72	46	61.5	81.5	62	60.5	38	60	31	27	51.5	52.5	15.5	66	59.5	61.5	35	5	33	33	21	44	6	34	33	79.5	29.5	20.5	52.5	49	35	33	55.5	25	29.5	31.5	58	30.5	37.5	50.5	28	69	35.5	69	0	31	26	15	60.5	17.5	25	37	56.5	18	64.5	50.5	49.5	26.5	29.5	57.5	20.5	36.5	40	72.5	
71.5	66.5	23	51	73	42	62.5	37	62.5	22.5	23	52	79	37	66.5	64.5	51	43.5	35	53	0	4	34.5	45.5	32.5	49	42.5	56.5	48	34	16	30	28	49	25	39	50	68.5	36.5	32.5	59.5	34	18	40	62.5	32	36.5	19.5	55	37.5	40.5	57.5	11	52	42.5	54	31	0	43	16	67.5	29.5	42	46	41.5	13	71.5	33.5	56.5	33.5	23.5	40.5	27.5	43.5	43	65.5	
76.5	71.5	58	86	92	17	87.5	28	87.5	42.5	42	87	84	58	73.5	99.5	74	76.5	30	72	43	39	65.5	64.5	22.5	84	77.5	73.5	9	31	51	45	33	56	20	46	7	91.5	41.5	32.5	64.5	61	53	45	67.5	37	41.5	45.5	70	42.5	49.5	62.5	46	87	47.5	81	26	43	0	27	72.5	29.5	17	11	68.5	30	76.5	66.5	61.5	38.5	41.5	75.5	32.5	48.5	14	84.5	
55.5	50.5	39	67	71	26	66.5	27	66.5	36.5	31	68	63	37	52.5	80.5	53	55.5	39	51	16	12	44.5	43.5	16.5	65	56.5	52.5	36	20	32	24	12	35	9	25	34	70.5	20.5	16.5	43.5	40	34	24	46.5	16	20.5	29.5	49	21.5	28.5	41.5	27	68	26.5	60	15	16	27	0	51.5	13.5	26	38	47.5	3	55.5	45.5	40.5	17.5	25.5	56.5	11.5	27.5	41	63.5	
16	21	58.5	26.5	31.5	71.5	15	72.5	15	78	76.5	27.5	23.5	52.5	23	35	38.5	44	84.5	36.5	67.5	63.5	55	44	62	34.5	43	33	81.5	65.5	61.5	59.5	47.5	40.5	54.5	50.5	79.5	31	41	62	14	55.5	63.5	39.5	27	41.5	41	75	34.5	42	49	12	66.5	27.5	27	35.5	60.5	67.5	72.5	51.5	0	59	71.5	83.5	48	54.5	16	54	21	38	71	41	42	38	86.5	12	
63	58	36.5	64.5	78.5	28.5	74	29.5	74	31	31.5	65.5	70.5	44.5	60	78	60.5	57	41.5	58.5	29.5	25.5	48	51	19	62.5	56	60	38.5	22.5	29.5	31.5	19.5	42.5	11.5	32.5	36.5	78	28	3	51	47.5	31.5	31.5	54	23.5	28	16	56.5	29	36	49	24.5	65.5	34	67.5	17.5	29.5	29.5	13.5	59	0	28.5	40.5	55	16.5	63	47	48	25	12	54	19	35	43.5	71	
75.5	70.5	49	77	91	0	86.5	27	86.5	33.5	39	78	83	57	72.5	90.5	73	69.5	13	71	42	38	60.5	63.5	21.5	75	68.5	72.5	26	30	42	44	32	55	19	45	24	90.5	40.5	31.5	63.5	60	44	44	66.5	36	40.5	40.5	69	41.5	48.5	61.5	37	78	46.5	80	25	42	17	26	71.5	28.5	0	28	67.5	29	75.5	59.5	60.5	37.5	40.5	66.5	31.5	47.5	31	83.5	
87.5	82.5	47	75	97	28	86.5	39	86.5	31.5	37	76	95	61	84.5	88.5	75	67.5	29	77	46	50	58.5	69.5	33.5	73	66.5	80.5	2	42	40	54	44	67	31	57	4	92.5	52.5	43.5	75.5	58	42	56	78.5	48	52.5	38.5	79	53.5	60.5	73.5	35	76	58.5	78	37	46	11	38	83.5	40.5	28	0	65.5	41	87.5	57.5	72.5	49.5	42.5	64.5	43.5	59.5	3	89.5	
52	43	22.5	25.5	47.5	67.5	37	56.5	37	42	42.5	26.5	55.5	26.5	41	39	25.5	18	54.5	27.5	41.5	45.5	19	4	58	23.5	17	31	67.5	53.5	25.5	39.5	43.5	28.5	50.5	38.5	69.5	43	37	52	40	23.5	27.5	35.5	37	37.5	37	39	29.5	38	35	38	30.5	26.5	21	28.5	56.5	41.5	68.5	47.5	48	55	67.5	65.5	0	50.5	52	18	37	34	43	15	38	34	62.5	40	
58.5	53.5	36	64	74	29	69.5	30	69.5	35.5	34	65	66	40	55.5	77.5	56	56.5	42	54	13	9	47.5	46.5	19.5	62	55.5	55.5	39	23	29	27	15	38	12	28	37	73.5	23.5	19.5	46.5	43	31	27	49.5	19	23.5	32.5	52	24.5	31.5	44.5	24	65	29.5	63	18	13	30	3	54.5	16.5	29	41	50.5	0	58.5	46.5	43.5	20.5	28.5	53.5	14.5	30.5	44	66.5	
10	25	64.5	32.5	25.5	75.5	31	76.5	31	84	80.5	33.5	17.5	56.5	27	31	42.5	50	88.5	40.5	71.5	67.5	59	48	66	40.5	49	37	85.5	69.5	67.5	63.5	51.5	44.5	58.5	54.5	83.5	15	45	66	18	59.5	69.5	43.5	31	45.5	45	79	38.5	46	53	16	72.5	33.5	31	39.5	64.5	71.5	76.5	55.5	16	63	75.5	87.5	52	58.5	0	60	25	42	75	47	46	42	90.5	28	
60	45	14.5	27.5	49.5	59.5	39	48.5	39	34	34.5	28.5	57.5	18.5	43	41	27.5	20	46.5	29.5	33.5	37.5	1	22	54	25.5	19	33	59.5	45.5	17.5	31.5	41.5	25.5	48.5	30.5	61.5	45	35	44	48	15.5	19.5	31.5	39	35.5	35	31	31.5	34	27	46	22.5	28.5	31	30.5	50.5	33.5	66.5	45.5	54	47	59.5	57.5	18	46.5	60	0	45	32	35	17	36	18	54.5	42	
25	20	49.5	32.5	40.5	60.5	36	61.5	36	69	65.5	33.5	32.5	41.5	22	46	27.5	35	73.5	25.5	56.5	52.5	44	33	51	30.5	34	12	70.5	54.5	52.5	48.5	36.5	29.5	43.5	39.5	68.5	40	30	51	13	44.5	54.5	28.5	6	30.5	30	64	23.5	31	38	11	57.5	33.5	16	29.5	49.5	56.5	61.5	40.5	21	48	60.5	72.5	37	43.5	25	45	0	27	60	32	31	27	75.5	33	
42	37	32.5	55.5	57.5	37.5	53	38.5	53	48	42.5	56.5	49.5	23.5	39	69	39.5	42	50.5	37.5	33.5	29.5	31	30	28	51.5	43	39	47.5	31.5	35.5	25.5	13.5	21.5	20.5	16.5	45.5	57	3	28	30	26.5	37.5	10.5	33	7.5	3	41	35.5	4	11	28	40.5	56.5	13	46.5	26.5	33.5	38.5	17.5	38	25	37.5	49.5	34	20.5	42	32	27	0	37	45	8	14	52.5	50	
75	70	24.5	52.5	74.5	40.5	64	33.5	64	19	19.5	53.5	82.5	38.5	68	66	52.5	45	31.5	54.5	23.5	27.5	36	47	31	50.5	44	58	44.5	30.5	17.5	31.5	31.5	50.5	23.5	40.5	46.5	70	40	9	63	35.5	19.5	43.5	64	35.5	40	4	56.5	41	42	61	12.5	53.5	46	55.5	29.5	23.5	41.5	25.5	71	12	40.5	42.5	43	28.5	75	35	60	37	0	42	31	47	39.5	67	
53	32	21.5	14.5	36.5	66.5	26	55.5	26	41	41.5	15.5	44.5	25.5	30	28	14.5	3	53.5	16.5	40.5	44.5	18	19	61	12.5	2	20	66.5	52.5	24.5	38.5	50.5	27.5	61.5	37.5	68.5	32	42	51	39	22.5	26.5	38.5	26	46.5	42	38	18.5	41	34	39	29.5	15.5	34	17.5	57.5	40.5	75.5	56.5	41	54	66.5	64.5	15	53.5	47	17	32	45	42	0	49	35	61.5	29	
46	41	31.5	61.5	61.5	31.5	57	32.5	57	42	36.5	62.5	53.5	27.5	43	75	43.5	46	44.5	41.5	27.5	23.5	35	34	22	55.5	47	43	41.5	25.5	31.5	19.5	7.5	25.5	14.5	15.5	39.5	61	11	22	34	30.5	31.5	14.5	37	6.5	11	35	39.5	12	19	32	36.5	62.5	17	50.5	20.5	27.5	32.5	11.5	42	19	31.5	43.5	38	14.5	46	36	31	8	31	49	0	18	46.5	54	
42	37	32.5	45.5	57.5	47.5	53	48.5	53	52	52.5	46.5	49.5	28.5	39	59	39.5	38	60.5	37.5	43.5	39.5	17	30	38	43.5	37	39	57.5	41.5	35.5	35.5	23.5	21.5	30.5	26.5	55.5	57	17	38	30	31.5	37.5	15.5	33	17.5	17	49	35.5	18	25	28	40.5	46.5	13	46.5	36.5	43.5	48.5	27.5	38	35	47.5	59.5	34	30.5	42	18	27	14	47	35	18	0	62.5	50	
90.5	85.5	44	72	94	31	83.5	38	83.5	28.5	34	73	98	58	87.5	85.5	72	64.5	26	74	43	47	55.5	66.5	36.5	70	63.5	77.5	5	45	37	51	47	70	34	60	7	89.5	55.5	46.5	78.5	55	39	59	81.5	51	55.5	35.5	76	56.5	61.5	76.5	32	73	61.5	75	40	43	14	41	86.5	43.5	31	3	62.5	44	90.5	54.5	75.5	52.5	39.5	61.5	46.5	62.5	0	86.5	
28	33	46.5	14.5	31.5	83.5	3	80.5	3	66	66.5	15.5	35.5	50.5	35	23	34.5	32	78.5	36.5	65.5	69.5	43	44	74	22.5	31	35	91.5	77.5	49.5	63.5	59.5	52.5	66.5	62.5	91.5	27	53	74	26	47.5	51.5	51.5	39	53.5	53	63	38.5	54	59	24	54.5	15.5	39	27.5	72.5	65.5	84.5	63.5	12	71	83.5	89.5	40	66.5	28	42	33	50	67	29	54	50	86.5	0	
