Number of items: 75
Horizon: 6
Time limit: 750
Load limit: 4500
Initial item inventory level
37
46
270
252
180
104
12
166
46
104
273
102
160
26
144
100
64
90
94
22
90
216
66
153
77
76
270
246
141
25
88
78
28
114
219
118
180
85
146
294
36
75
201
258
198
16
15
15
170
76
225
74
17
40
56
267
38
234
130
54
96
132
180
33
216
207
13
27
87
222
74
93
111
69
34
Maximum inventory capacity per item
74
69
360
336
240
156
24
249
69
156
364
153
240
39
192
150
96
120
141
33
135
288
99
204
154
114
360
328
188
50
176
117
42
171
292
177
240
170
219
392
48
150
268
344
264
32
30
30
255
114
300
148
34
60
112
356
76
312
195
81
128
176
240
66
288
276
26
54
116
296
111
186
148
92
68
Reserve storage replenishment rate per item and per period
222	0	0	222	0	0	
138	0	0	138	0	0	
540	0	0	540	0	0	
504	0	0	504	0	0	
360	0	0	360	0	0	
312	0	0	312	0	0	
72	0	0	72	0	0	
498	0	0	498	0	0	
138	0	0	138	0	0	
312	0	0	312	0	0	
546	0	0	546	0	0	
306	0	0	306	0	0	
480	0	0	480	0	0	
78	0	0	78	0	0	
288	0	0	288	0	0	
300	0	0	300	0	0	
192	0	0	192	0	0	
180	0	0	180	0	0	
282	0	0	282	0	0	
66	0	0	66	0	0	
270	0	0	270	0	0	
432	0	0	432	0	0	
198	0	0	198	0	0	
306	0	0	306	0	0	
462	0	0	462	0	0	
228	0	0	228	0	0	
540	0	0	540	0	0	
492	0	0	492	0	0	
282	0	0	282	0	0	
150	0	0	150	0	0	
528	0	0	528	0	0	
234	0	0	234	0	0	
84	0	0	84	0	0	
342	0	0	342	0	0	
438	0	0	438	0	0	
354	0	0	354	0	0	
360	0	0	360	0	0	
510	0	0	510	0	0	
438	0	0	438	0	0	
588	0	0	588	0	0	
72	0	0	72	0	0	
450	0	0	450	0	0	
402	0	0	402	0	0	
516	0	0	516	0	0	
396	0	0	396	0	0	
96	0	0	96	0	0	
90	0	0	90	0	0	
90	0	0	90	0	0	
510	0	0	510	0	0	
228	0	0	228	0	0	
450	0	0	450	0	0	
444	0	0	444	0	0	
102	0	0	102	0	0	
120	0	0	120	0	0	
336	0	0	336	0	0	
534	0	0	534	0	0	
228	0	0	228	0	0	
468	0	0	468	0	0	
390	0	0	390	0	0	
162	0	0	162	0	0	
192	0	0	192	0	0	
264	0	0	264	0	0	
360	0	0	360	0	0	
198	0	0	198	0	0	
432	0	0	432	0	0	
414	0	0	414	0	0	
78	0	0	78	0	0	
162	0	0	162	0	0	
174	0	0	174	0	0	
444	0	0	444	0	0	
222	0	0	222	0	0	
558	0	0	558	0	0	
222	0	0	222	0	0	
138	0	0	138	0	0	
204	0	0	204	0	0	
Forward storage demand rate per item and per period
37	44	58	40	45	36	
23	14	15	17	34	43	
90	137	137	83	66	39	
84	52	47	30	94	106	
60	46	81	24	78	62	
52	49	21	16	58	30	
12	7	17	12	10	7	
83	97	37	73	102	75	
23	31	21	22	30	29	
52	48	39	85	12	51	
91	127	99	165	109	67	
51	54	80	90	43	51	
80	42	105	74	72	72	
13	12	1	10	20	23	
48	5	23	44	26	63	
50	82	45	56	26	28	
32	40	32	52	35	34	
30	27	26	26	29	36	
47	38	61	61	32	76	
11	15	14	9	6	12	
45	23	45	60	59	43	
72	81	116	83	78	63	
33	28	60	22	49	50	
51	38	57	63	14	68	
77	98	67	46	28	72	
38	37	59	42	64	48	
90	133	94	29	56	77	
82	34	124	70	156	45	
47	7	28	69	80	22	
25	17	24	4	11	21	
88	141	94	100	94	119	
39	20	26	76	52	49	
14	12	10	13	16	16	
57	79	34	19	12	85	
73	47	132	56	75	105	
59	50	80	49	68	45	
60	29	12	53	58	74	
85	89	80	68	101	79	
73	24	100	88	103	38	
98	139	116	29	158	181	
12	15	17	6	7	14	
75	100	69	37	75	46	
67	97	110	82	80	93	
86	55	34	119	85	120	
66	96	45	39	60	63	
16	12	22	14	19	17	
15	9	9	16	21	13	
15	22	12	2	11	3	
85	100	72	62	69	120	
38	28	64	44	56	63	
75	78	136	60	21	49	
74	79	17	92	50	57	
17	8	13	26	14	9	
20	24	20	18	21	34	
56	65	23	77	38	39	
89	107	81	56	95	130	
38	44	38	39	37	41	
78	95	142	21	90	87	
65	38	65	56	91	78	
27	44	8	15	21	39	
32	34	9	21	2	20	
44	76	45	37	50	77	
60	95	26	51	87	6	
33	17	59	38	14	32	
72	61	41	81	84	82	
69	101	88	81	56	55	
13	12	8	7	8	8	
27	23	16	23	37	17	
29	47	32	57	36	24	
74	108	113	89	49	71	
37	40	51	23	7	45	
93	121	44	34	88	178	
37	36	10	22	29	26	
23	24	41	21	24	22	
34	4	41	36	51	47	
Distance matrix
0	58	32.5	82.5	93.5	9.5	29	20.5	31.5	72.5	8.5	47	60	39	91.5	85.5	28.5	64	53.5	71.5	33.5	51	57	82	24	54.5	91	30	17.5	77	82.5	46	85.5	50	34	31	27.5	48	83.5	92.5	37	66	81	30	99.5	57.5	63.5	81	70.5	28	59.5	79	26.5	17	31	64.5	40	51.5	72.5	36.5	44	53	39	10.5	53	60.5	23	64	46.5	64	21	79	78	80	41	42.5	
58	0	59.5	44.5	53.5	62.5	57	53.5	34.5	19.5	51.5	45	28	27	35.5	31.5	41.5	32	38.5	39.5	58.5	41	25	50	68	37.5	41	58	50.5	35	50.5	46	31.5	42	58	59	50.5	44	43.5	54.5	45	26	31	38	47.5	34.5	31.5	49	21.5	64	27.5	43	59.5	75	61	32.5	52	34.5	34.5	39.5	48	21	37	63.5	39	28.5	41	32	29.5	32	39	47	34	48	19	49.5	
32.5	59.5	0	70	79	33	28.5	32	49	40	24	40.5	67.5	56.5	61	57	44	73.5	39	89	1	26.5	74.5	75.5	18.5	48	66.5	27.5	35	60.5	80	21.5	57	37.5	8.5	26.5	35	29.5	69	80	40.5	41.5	56.5	47.5	73	35	79	86.5	42	19.5	73	68.5	26	25.5	11.5	68	7.5	51	60	46	33.5	70.5	48.5	32	34.5	72	40.5	73.5	56	63.5	38.5	78.5	59.5	77.5	58.5	20	
82.5	44.5	70	0	29	87	73.5	78	59	30	76	55.5	42.5	51.5	9	17	66	36.5	49	29	69	51.5	29.5	25.5	78.5	48	16.5	72.5	75	25.5	30	56.5	17	52.5	68.5	71.5	75	54.5	1	30	65.5	36.5	21.5	62.5	23	45	31	36.5	32	74.5	37	23.5	76	85.5	71.5	38	62.5	51	30	64	58.5	35.5	61.5	88	49.5	38	65.5	36.5	54	38.5	63.5	28.5	24.5	27.5	43.5	60	
93.5	53.5	79	29	0	98	82.5	89	70	39	87	64.5	51.5	62.5	20	26	77	47.5	58	30	78	60.5	40.5	29.5	87.5	57	20.5	81.5	86	34.5	29	65.5	26	61.5	77.5	80.5	84	63.5	28	1	74.5	45.5	30.5	73.5	6	54	42	30.5	41	83.5	48	32.5	85	94.5	80.5	47	71.5	60	39	75	67.5	46.5	72.5	99	58.5	49	76.5	47.5	65	47.5	74.5	32.5	33.5	31.5	54.5	69	
9.5	62.5	33	87	98	0	33.5	25	36	63	13	51.5	64.5	43.5	84	80	33	68.5	58	76	32	49.5	61.5	86.5	31.5	59	89.5	34.5	22	81.5	87	44.5	80	54.5	26.5	35.5	32	52.5	88	97	41.5	64.5	79.5	34.5	96	58	68	85.5	65	32.5	64	83.5	31	26.5	29.5	69	30.5	56	77	41	48.5	57.5	43.5	1	57.5	65	27.5	68.5	51	68.5	25.5	83.5	82.5	84.5	45.5	43	
29	57	28.5	73.5	82.5	33.5	0	24.5	30.5	43.5	22.5	44	59	38	64.5	60.5	27.5	63	42.5	70.5	27.5	30	56	79	37	51.5	70	1	21.5	64	81.5	25	60.5	41	27	2	26.5	33	72.5	83.5	36	45	60	29	76.5	38.5	62.5	80	45.5	33	58.5	72	30.5	44	30	63.5	21	50.5	63.5	35.5	37	52	38	34.5	38	59.5	22	63	45.5	63	20	78	63	79	40	23.5	
20.5	53.5	32	78	89	25	24.5	0	27	52	14	42.5	55.5	34.5	73	69	24	59.5	49	67	31	38.5	52.5	77.5	40.5	50	78.5	25.5	3	72.5	78	33.5	69	45.5	30.5	26.5	23	41.5	79	88	32.5	53.5	68.5	25.5	85	47	59	76.5	54	28.5	55	74.5	6	37.5	33.5	60	24.5	47	68	32	39.5	48.5	34.5	26	46.5	56	18.5	59.5	42	59.5	16.5	74.5	71.5	75.5	36.5	32	
31.5	34.5	49	59	70	36	30.5	27	0	41	25	23.5	36.5	15.5	62	58	15	40.5	30	48	50	32.5	33.5	58.5	55.5	31	67.5	31.5	24	53.5	59	37.5	58	26.5	49.5	32.5	24	29.5	60	69	18.5	42.5	57.5	11.5	74	34	40	57.5	43	39.5	36	55.5	33	48.5	52.5	41	43.5	28	49	5	25.5	29.5	15.5	37	29.5	37	14.5	40.5	23	40.5	12.5	55.5	54.5	56.5	17.5	39	
72.5	19.5	40	30	39	63	43.5	52	41	0	64	25.5	27.5	33.5	21	17	44	33.5	19	51	39	21.5	40.5	35.5	48.5	18	26.5	42.5	55	20.5	40	26.5	17	22.5	38.5	41.5	45	24.5	29	40	35.5	6.5	16.5	42.5	33	15	39	46.5	2	44.5	33	28.5	46	55.5	41.5	28	32.5	21	20	36	28.5	34.5	33.5	62	19.5	32	49.5	33.5	26	23.5	51.5	38.5	19.5	37.5	31.5	30	
8.5	51.5	24	76	87	13	22.5	14	25	64	0	40.5	53.5	32.5	85	79	22	57.5	47	65	25	44.5	50.5	75.5	32.5	48	84.5	23.5	11	70.5	76	39.5	79	43.5	32.5	24.5	21	41.5	77	86	30.5	59.5	74.5	23.5	93	51	57	74.5	64	21.5	53	72.5	20	25.5	29.5	58	31.5	45	66	30	37.5	46.5	32.5	14	46.5	54	16.5	57.5	40	57.5	14.5	72.5	71.5	73.5	34.5	36	
47	45	40.5	55.5	64.5	51.5	44	42.5	23.5	25.5	40.5	0	47	26	46.5	42.5	30.5	51	24.5	58.5	39.5	22	44	61	49	33.5	52	43	39.5	46	65.5	27	42.5	3	39	42	39.5	25	54.5	65.5	34	27	42	27	58.5	20.5	50.5	68	27.5	45	46.5	54	46.5	56	42	51.5	33	36.5	45.5	28.5	29	40	8	52.5	6	47.5	30	51	33.5	49	28	64	45	63	28	30.5	
60	28	67.5	42.5	51.5	64.5	59	55.5	36.5	27.5	53.5	47	0	29	33.5	29.5	43.5	24	46.5	31.5	66.5	49	17	42	76	39.5	39	60	52.5	33	42.5	54	29.5	50	66	61	52.5	52	41.5	52.5	47	34	29	40	45.5	42.5	23.5	41	29.5	68	19.5	39	61.5	77	69	24.5	60	36.5	32.5	41.5	54	7	39	65.5	47	20.5	43	24	31.5	4	41	39	32	40	21	57.5	
39	27	56.5	51.5	62.5	43.5	38	34.5	15.5	33.5	32.5	26	29	0	54.5	50.5	22.5	33	27.5	40.5	57.5	40	26	51	63	23.5	60	39	31.5	46	51.5	45	50.5	29	57	40	31.5	37	52.5	61.5	26	35	50	19	66.5	31.5	32.5	50	35.5	47	28.5	48	40.5	56	60	33.5	51	20.5	41.5	20.5	33	22	18	44.5	32	29.5	22	33	15.5	33	20	48	47	49	10	46.5	
91.5	35.5	61	9	20	84	64.5	73	62	21	85	46.5	33.5	54.5	0	8	65	29.5	40	32	60	42.5	36.5	16.5	69.5	39	7.5	63.5	76	16.5	21	47.5	8	43.5	59.5	62.5	66	45.5	8	21	56.5	27.5	12.5	63.5	14	36	30	27.5	23	65.5	34	14.5	67	76.5	62.5	29	53.5	42	21	57	49.5	40.5	54.5	83	40.5	33	70.5	29.5	47	29.5	72.5	19.5	15.5	18.5	52.5	51	
85.5	31.5	57	17	26	80	60.5	69	58	17	79	42.5	29.5	50.5	8	0	61	25.5	36	38	56	38.5	32.5	22.5	65.5	35	13.5	59.5	72	12.5	27	43.5	0	39.5	55.5	58.5	62	41.5	16	27	52.5	23.5	8.5	59.5	20	32	22	33.5	19	61.5	30	15.5	63	72.5	58.5	25	49.5	38	17	53	45.5	36.5	50.5	79	36.5	29	66.5	25.5	43	25.5	66.5	25.5	11.5	24.5	46.5	47	
28.5	41.5	44	66	77	33	27.5	24	15	44	22	30.5	43.5	22.5	65	61	0	47.5	37	55	43	30.5	40.5	65.5	52.5	38	70.5	28.5	21	60.5	66	30.5	61	33.5	42.5	29.5	21	31.5	67	76	20.5	45.5	60.5	13.5	77	39	47	64.5	46	36.5	43	62.5	30	45.5	45.5	48	36.5	35	56	20	27.5	36.5	22.5	34	36.5	44	11.5	47.5	30	47.5	9.5	62.5	61.5	63.5	24.5	34	
64	32	73.5	36.5	47.5	68.5	63	59.5	40.5	33.5	57.5	51	24	33	29.5	25.5	47.5	0	52.5	25.5	72.5	55	7	36	82	43.5	35	64	56.5	13	36.5	60	25.5	54	72	65	56.5	58	37.5	46.5	51	40	17	44	41.5	48.5	17.5	35	35.5	72	18.5	33	65.5	81	75	23.5	66	40.5	31.5	45.5	58	17	43	69.5	53	19.5	47	0	35.5	28	45	33	14	34	25	63.5	
53.5	38.5	39	49	58	58	42.5	49	30	19	47	24.5	46.5	27.5	40	36	37	52.5	0	60	38	20.5	45.5	54.5	47.5	27	45.5	41.5	46	39.5	59	25.5	36	21.5	37.5	40.5	44	23.5	48	59	34.5	20.5	35.5	33.5	52	4	52	65.5	21	43.5	48	47.5	45	54.5	40.5	47	31.5	30	39	35	27.5	41.5	32.5	59	18.5	49	36.5	52.5	35	42.5	34.5	57.5	38.5	56.5	29.5	29	
71.5	39.5	89	29	30	76	70.5	67	48	51	65	58.5	31.5	40.5	32	38	55	25.5	60	0	90	72.5	18.5	23.5	95.5	51	32.5	71.5	64	38.5	11	77.5	38	61.5	89.5	72.5	64	69.5	30	29	58.5	57.5	42.5	51.5	34	64	20	17.5	53	79.5	26	30.5	73	88.5	92.5	31	83.5	48	39	53	65.5	24.5	50.5	77	64.5	27	54.5	25.5	43	35.5	52.5	20.5	39.5	21.5	32.5	79	
33.5	58.5	1	69	78	32	27.5	31	50	39	25	39.5	66.5	57.5	60	56	43	72.5	38	90	0	25.5	75.5	74.5	17.5	47	65.5	26.5	34	59.5	79	20.5	56	36.5	7.5	25.5	34	28.5	68	79	39.5	40.5	55.5	46.5	72	34	78	85.5	41	18.5	72	67.5	25	24.5	10.5	67	6.5	50	59	45	32.5	71.5	47.5	31	33.5	71	41.5	72.5	55	62.5	39.5	77.5	58.5	76.5	59.5	19	
51	41	26.5	51.5	60.5	49.5	30	38.5	32.5	21.5	44.5	22	49	40	42.5	38.5	30.5	55	20.5	72.5	25.5	0	58	57	35	29.5	48	29	41.5	42	61.5	13	38.5	19	25	28	31.5	3	50.5	61.5	14	23	38	21	54.5	16.5	60.5	68	23.5	31	54.5	50	32.5	42	28	49.5	19	32.5	41.5	27.5	7	54	30	48.5	16	53.5	34	55	37.5	45	32	60	41	59	42	16.5	
57	25	74.5	29.5	40.5	61.5	56	52.5	33.5	40.5	50.5	44	17	26	36.5	32.5	40.5	7	45.5	18.5	75.5	58	0	29	81	36.5	38	57	49.5	20	29.5	63	32.5	47	79	58	49.5	55	30.5	39.5	44	43	24	37	46.5	49.5	10.5	28	42.5	65	11.5	26	58.5	74	78	16.5	73	33.5	24.5	38.5	51	10	36	62.5	50	12.5	40	7	28.5	21	38	26	21	27	18	64.5	
82	50	75.5	25.5	29.5	86.5	79	77.5	58.5	35.5	75.5	61	42	51	16.5	22.5	65.5	36	54.5	23.5	74.5	57	29	0	84	53.5	9	78	74.5	31	30.5	62	22.5	58	74	77	74.5	60	24.5	30.5	69	42	27	62	23.5	50.5	30.5	33	37.5	80	36.5	29	81.5	91	77	41.5	68	56.5	35.5	63.5	64	35	61	87.5	55	37.5	65	36	53.5	44	63	3	30	2	43	65.5	
24	68	18.5	78.5	87.5	31.5	37	40.5	55.5	48.5	32.5	49	76	63	69.5	65.5	52.5	82	47.5	95.5	17.5	35	81	84	0	56.5	75	36	41.5	69	88.5	30	65.5	46	12	35	43.5	38	77.5	88.5	49	50	65	54	81.5	43.5	87.5	95	50.5	28	81.5	77	34.5	7	15	76.5	16	59.5	68.5	54.5	42	77	57	30.5	43	80.5	47	82	64.5	72	45	87	68	86	65	28.5	
54.5	37.5	48	48	57	59	51.5	50	31	18	48	33.5	39.5	23.5	39	35	38	43.5	27	51	47	29.5	36.5	53.5	56.5	0	44.5	50.5	47	38.5	58	34.5	35	30.5	46.5	49.5	47	32.5	47	58	41.5	19.5	34.5	34.5	51	23	43	60.5	20	52.5	39	46.5	54	63.5	49.5	44	40.5	3	38	36	36.5	32.5	33.5	60	27.5	40	37.5	43.5	8	41.5	35.5	56.5	37.5	55.5	20.5	38	
91	41	66.5	16.5	20.5	89.5	70	78.5	67.5	26.5	84.5	52	39	60	7.5	13.5	70.5	35	45.5	32.5	65.5	48	38	9	75	44.5	0	69	81.5	22	21.5	53	13.5	49	65	68	71.5	51	15.5	21.5	62	33	18	69	14.5	41.5	35.5	28	28.5	71	39.5	20	72.5	82	68	34.5	59	47.5	26.5	62.5	55	44	60	88.5	46	38.5	74	35	52.5	35	72	12	21	11	52	56.5	
30	58	27.5	72.5	81.5	34.5	1	25.5	31.5	42.5	23.5	43	60	39	63.5	59.5	28.5	64	41.5	71.5	26.5	29	57	78	36	50.5	69	0	22.5	63	82.5	24	59.5	40	26	1	27.5	32	71.5	82.5	37	44	59	30	75.5	37.5	63.5	81	44.5	32	59.5	71	31.5	43	29	64.5	20	51.5	62.5	36.5	36	53	39	35.5	37	60.5	23	64	46.5	64	21	79	62	80	41	22.5	
17.5	50.5	35	75	86	22	21.5	3	24	55	11	39.5	52.5	31.5	76	72	21	56.5	46	64	34	41.5	49.5	74.5	41.5	47	81.5	22.5	0	69.5	75	36.5	72	42.5	33.5	23.5	20	40.5	76	85	29.5	56.5	71.5	22.5	88	50	56	73.5	57	25.5	52	71.5	9	34.5	36.5	57	27.5	44	65	29	36.5	45.5	31.5	23	45.5	53	15.5	56.5	39	56.5	13.5	71.5	70.5	72.5	33.5	35	
77	35	60.5	25.5	34.5	81.5	64	72.5	53.5	20.5	70.5	46	33	46	16.5	12.5	60.5	13	39.5	38.5	59.5	42	20	31	69	38.5	22	63	69.5	0	35.5	47	12.5	43	59	62	65.5	45	24.5	35.5	56	27	4	57	28.5	35.5	30.5	42	22.5	65	31.5	24	66.5	76	62	28.5	53	41.5	20.5	56.5	49	30	54	82.5	40	32.5	60	13	46.5	29	58	34	1	33	38	50.5	
82.5	50.5	80	30	29	87	81.5	78	59	40	76	65.5	42.5	51.5	21	27	66	36.5	59	11	79	61.5	29.5	30.5	88.5	58	21.5	82.5	75	35.5	0	66.5	27	62.5	78.5	81.5	75	64.5	29	30	69.5	46.5	31.5	62.5	23	55	31	28.5	42	84.5	37	33.5	84	95.5	81.5	42	72.5	59	40	64	68.5	35.5	61.5	88	59.5	38	65.5	36.5	54	46.5	63.5	31.5	34.5	32.5	43.5	70	
46	46	21.5	56.5	65.5	44.5	25	33.5	37.5	26.5	39.5	27	54	45	47.5	43.5	30.5	60	25.5	77.5	20.5	13	63	62	30	34.5	53	24	36.5	47	66.5	0	43.5	24	20	23	26.5	16	55.5	66.5	27	28	43	34	59.5	21.5	65.5	73	28.5	26	59.5	55	27.5	37	23	54.5	14	37.5	46.5	32.5	20	59	35	43.5	21	58.5	23	60	42.5	50	25	65	46	64	47	11.5	
85.5	31.5	57	17	26	80	60.5	69	58	17	79	42.5	29.5	50.5	8	0	61	25.5	36	38	56	38.5	32.5	22.5	65.5	35	13.5	59.5	72	12.5	27	43.5	0	39.5	55.5	58.5	62	41.5	16	27	52.5	23.5	8.5	59.5	20	32	22	33.5	19	61.5	30	15.5	63	72.5	58.5	25	49.5	38	17	53	45.5	36.5	50.5	79	36.5	29	66.5	25.5	43	25.5	66.5	25.5	11.5	24.5	46.5	47	
50	42	37.5	52.5	61.5	54.5	41	45.5	26.5	22.5	43.5	3	50	29	43.5	39.5	33.5	54	21.5	61.5	36.5	19	47	58	46	30.5	49	40	42.5	43	62.5	24	39.5	0	36	39	42.5	22	51.5	62.5	33	24	39	30	55.5	17.5	53.5	69	24.5	42	49.5	51	43.5	53	39	50.5	30	33.5	42.5	31.5	26	43	11	55.5	3	50.5	33	54	36.5	46	31	61	42	60	31	27.5	
34	58	8.5	68.5	77.5	26.5	27	30.5	49.5	38.5	32.5	39	66	57	59.5	55.5	42.5	72	37.5	89.5	7.5	25	79	74	12	46.5	65	26	33.5	59	78.5	20	55.5	36	0	25	33.5	28	67.5	78.5	39	40	55	46	71.5	33.5	77.5	85	40.5	18	71.5	67	24.5	19	3	66.5	6	49.5	58.5	44.5	32	73	47	25.5	33	70.5	43	72	54.5	62	45	77	58	76	65	18.5	
31	59	26.5	71.5	80.5	35.5	2	26.5	32.5	41.5	24.5	42	61	40	62.5	58.5	29.5	65	40.5	72.5	25.5	28	58	77	35	49.5	68	1	23.5	62	81.5	23	58.5	39	25	0	28.5	31	70.5	81.5	38	43	58	31	74.5	36.5	64.5	82	43.5	31	60.5	70	32.5	42	28	65.5	19	52.5	61.5	37.5	35	54	40	36.5	36	61.5	24	65	47.5	65	22	80	61	79	42	21.5	
27.5	50.5	35	75	84	32	26.5	23	24	45	21	39.5	52.5	31.5	66	62	21	56.5	44	64	34	31.5	49.5	74.5	43.5	47	71.5	27.5	20	65.5	75	26.5	62	42.5	33.5	28.5	0	34.5	74	85	29.5	46.5	61.5	22.5	78	40	56	73.5	47	35.5	52	71.5	29	44.5	36.5	57	27.5	44	65	29	36.5	45.5	31.5	33	39.5	53	15.5	56.5	39	56.5	13.5	71.5	64.5	72.5	33.5	15	
48	44	29.5	54.5	63.5	52.5	33	41.5	29.5	24.5	41.5	25	52	37	45.5	41.5	31.5	58	23.5	69.5	28.5	3	55	60	38	32.5	51	32	40.5	45	64.5	16	41.5	22	28	31	34.5	0	53.5	64.5	11	26	41	18	57.5	19.5	61.5	71	26.5	34	57.5	53	35.5	45	31	52.5	22	35.5	44.5	30.5	4	51	33	51.5	19	56.5	31	58	40.5	48	29	63	44	62	39	19.5	
83.5	43.5	69	1	28	88	72.5	79	60	29	77	54.5	41.5	52.5	8	16	67	37.5	48	30	68	50.5	30.5	24.5	77.5	47	15.5	71.5	76	24.5	29	55.5	16	51.5	67.5	70.5	74	53.5	0	29	64.5	35.5	20.5	63.5	22	44	32	35.5	31	73.5	38	22.5	75	84.5	70.5	37	61.5	50	29	65	57.5	36.5	62.5	89	48.5	39	66.5	37.5	55	37.5	64.5	27.5	23.5	26.5	44.5	59	
92.5	54.5	80	30	1	97	83.5	88	69	40	86	65.5	52.5	61.5	21	27	76	46.5	59	29	79	61.5	39.5	30.5	88.5	58	21.5	82.5	85	35.5	30	66.5	27	62.5	78.5	81.5	85	64.5	29	0	75.5	46.5	31.5	72.5	7	55	41	31.5	42	84.5	47	33.5	86	95.5	81.5	48	72.5	61	40	74	68.5	45.5	71.5	98	59.5	48	75.5	46.5	64	48.5	73.5	33.5	34.5	32.5	53.5	70	
37	45	40.5	65.5	74.5	41.5	36	32.5	18.5	35.5	30.5	34	47	26	56.5	52.5	20.5	51	34.5	58.5	39.5	14	44	69	49	41.5	62	37	29.5	56	69.5	27	52.5	33	39	38	29.5	11	64.5	75.5	0	37	52	7	68.5	30.5	50.5	68	37.5	45	46.5	64	38.5	54	42	51.5	33	38.5	55.5	23.5	7	40	26	42.5	30	47.5	20	51	33.5	51	18	66	55	67	28	30.5	
66	26	41.5	36.5	45.5	64.5	45	53.5	42.5	6.5	59.5	27	34	35	27.5	23.5	45.5	40	20.5	57.5	40.5	23	43	42	50	19.5	33	44	56.5	27	46.5	28	23.5	24	40	43	46.5	26	35.5	46.5	37	0	23	44	39.5	16.5	45.5	53	8.5	46	39.5	35	47.5	57	43	34.5	34	22.5	26.5	37.5	30	39	35	63.5	21	38.5	49	40	27.5	30	47	45	26	44	25	31.5	
81	31	56.5	21.5	30.5	79.5	60	68.5	57.5	16.5	74.5	42	29	50	12.5	8.5	60.5	17	35.5	42.5	55.5	38	24	27	65	34.5	18	59	71.5	4	31.5	43	8.5	39	55	58	61.5	41	20.5	31.5	52	23	0	59	24.5	31.5	30.5	38	18.5	61	29.5	20	62.5	72	58	24.5	49	37.5	16.5	52.5	45	34	50	78.5	36	28.5	64	17	42.5	25	62	30	3	29	42	46.5	
30	38	47.5	62.5	73.5	34.5	29	25.5	11.5	42.5	23.5	27	40	19	63.5	59.5	13.5	44	33.5	51.5	46.5	21	37	62	54	34.5	69	30	22.5	57	62.5	34	59.5	30	46	31	22.5	18	63.5	72.5	7	44	59	0	75.5	37.5	43.5	61	44.5	38	39.5	59	31.5	47	49	44.5	40	31.5	52.5	16.5	14	33	19	35.5	33	40.5	13	44	26.5	44	11	59	58	60	21	37.5	
99.5	47.5	73	23	6	96	76.5	85	74	33	93	58.5	45.5	66.5	14	20	77	41.5	52	34	72	54.5	46.5	23.5	81.5	51	14.5	75.5	88	28.5	23	59.5	20	55.5	71.5	74.5	78	57.5	22	7	68.5	39.5	24.5	75.5	0	48	42	24.5	35	77.5	46	26.5	79	88.5	74.5	41	65.5	54	33	69	61.5	52.5	66.5	95	52.5	45	82.5	41.5	59	41.5	80.5	26.5	27.5	25.5	60.5	63	
57.5	34.5	35	45	54	58	38.5	47	34	15	51	20.5	42.5	31.5	36	32	39	48.5	4	64	34	16.5	49.5	50.5	43.5	23	41.5	37.5	50	35.5	55	21.5	32	17.5	33.5	36.5	40	19.5	44	55	30.5	16.5	31.5	37.5	48	0	54	61.5	17	39.5	48	43.5	41	50.5	36.5	43	27.5	26	35	31	23.5	45.5	28.5	57	14.5	47	40.5	48.5	31	38.5	38.5	53.5	34.5	52.5	33.5	25	
63.5	31.5	79	31	42	68	62.5	59	40	39	57	50.5	23.5	32.5	30	22	47	17.5	52	20	78	60.5	10.5	30.5	87.5	43	35.5	63.5	56	30.5	31	65.5	22	53.5	77.5	64.5	56	61.5	32	41	50.5	45.5	30.5	43.5	42	54	0	29.5	41	71.5	18	27.5	65	80.5	80.5	23	71.5	40	31	45	57.5	16.5	42.5	69	56.5	19	46.5	17.5	35	27.5	44.5	27.5	31.5	28.5	24.5	69	
81	49	86.5	36.5	30.5	85.5	80	76.5	57.5	46.5	74.5	68	41	50	27.5	33.5	64.5	35	65.5	17.5	85.5	68	28	33	95	60.5	28	81	73.5	42	28.5	73	33.5	69	85	82	73.5	71	35.5	31.5	68	53	38	61	24.5	61.5	29.5	0	48.5	89	35.5	40	82.5	98	88	40.5	79	57.5	46.5	62.5	75	34	60	86.5	66	36.5	64	35	52.5	45	62	30	41	31	42	76.5	
70.5	21.5	42	32	41	65	45.5	54	43	2	64	27.5	29.5	35.5	23	19	46	35.5	21	53	41	23.5	42.5	37.5	50.5	20	28.5	44.5	57	22.5	42	28.5	19	24.5	40.5	43.5	47	26.5	31	42	37.5	8.5	18.5	44.5	35	17	41	48.5	0	46.5	35	30.5	48	57.5	43.5	30	34.5	23	22	38	30.5	36.5	35.5	64	21.5	34	51.5	35.5	28	25.5	51.5	40.5	21.5	39.5	31.5	32	
28	64	19.5	74.5	83.5	32.5	33	28.5	39.5	44.5	21.5	45	68	47	65.5	61.5	36.5	72	43.5	79.5	18.5	31	65	80	28	52.5	71	32	25.5	65	84.5	26	61.5	42	18	31	35.5	34	73.5	84.5	45	46	61	38	77.5	39.5	71.5	89	46.5	0	67.5	73	30.5	35	21	72.5	12	55.5	64.5	44.5	38	61	47	33.5	39	68.5	31	72	54.5	68	29	83	64	82	49	24.5	
59.5	27.5	73	37	48	64	58.5	55	36	33	53	46.5	19.5	28.5	34	30	43	18.5	48	26	72	54.5	11.5	36.5	81.5	39	39.5	59.5	52	31.5	37	59.5	30	49.5	71.5	60.5	52	57.5	38	47	46.5	39.5	29.5	39.5	46	48	18	35.5	35	67.5	0	33.5	61	76.5	74.5	5	65.5	36	13	41	53.5	12.5	38.5	65	52.5	1	42.5	18.5	31	23.5	40.5	33.5	32.5	34.5	20.5	63	
79	43	68.5	23.5	32.5	83.5	72	74.5	55.5	28.5	72.5	54	39	48	14.5	15.5	62.5	33	47.5	30.5	67.5	50	26	29	77	46.5	20	71	71.5	24	33.5	55	15.5	51	67	70	71.5	53	22.5	33.5	64	35	20	59	26.5	43.5	27.5	40	30.5	73	33.5	0	74.5	84	70	36.5	61	49.5	28.5	60.5	57	32	58	84.5	48	34.5	62	33	50.5	37	60	32	23	31	40	58.5	
26.5	59.5	26	76	85	31	30.5	6	33	46	20	46.5	61.5	40.5	67	63	30	65.5	45	73	25	32.5	58.5	81.5	34.5	54	72.5	31.5	9	66.5	84	27.5	63	43.5	24.5	32.5	29	35.5	75	86	38.5	47.5	62.5	31.5	79	41	65	82.5	48	30.5	61	74.5	0	41.5	27.5	66	18.5	53	66	38	39.5	54.5	40.5	32	40.5	62	24.5	65.5	48	65.5	22.5	80.5	65.5	81.5	42.5	26	
17	75	25.5	85.5	94.5	26.5	44	37.5	48.5	55.5	25.5	56	77	56	76.5	72.5	45.5	81	54.5	88.5	24.5	42	74	91	7	63.5	82	43	34.5	76	95.5	37	72.5	53	19	42	44.5	45	84.5	95.5	54	57	72	47	88.5	50.5	80.5	98	57.5	35	76.5	84	41.5	0	22	81.5	23	66.5	75.5	53.5	49	70	56	27.5	50	77.5	40	81	63.5	79	38	94	75	93	58	35.5	
31	61	11.5	71.5	80.5	29.5	30	33.5	52.5	41.5	29.5	42	69	60	62.5	58.5	45.5	75	40.5	92.5	10.5	28	78	77	15	49.5	68	29	36.5	62	81.5	23	58.5	39	3	28	36.5	31	70.5	81.5	42	43	58	49	74.5	36.5	80.5	88	43.5	21	74.5	70	27.5	22	0	69.5	9	52.5	61.5	47.5	35	74	50	28.5	36	73.5	44	75	57.5	65	42	80	61	79	62	21.5	
64.5	32.5	68	38	47	69	63.5	60	41	28	58	51.5	24.5	33.5	29	25	48	23.5	47	31	67	49.5	16.5	41.5	76.5	44	34.5	64.5	57	28.5	42	54.5	25	50.5	66.5	65.5	57	52.5	37	48	51.5	34.5	24.5	44.5	41	43	23	40.5	30	72.5	5	36.5	66	81.5	69.5	0	60.5	41	8	46	56.5	17.5	43.5	70	47.5	4	47.5	23.5	36	28.5	45.5	38.5	27.5	39.5	25.5	58	
40	52	7.5	62.5	71.5	30.5	21	24.5	43.5	32.5	31.5	33	60	51	53.5	49.5	36.5	66	31.5	83.5	6.5	19	73	68	16	40.5	59	20	27.5	53	72.5	14	49.5	30	6	19	27.5	22	61.5	72.5	33	34	49	40	65.5	27.5	71.5	79	34.5	12	65.5	61	18.5	23	9	60.5	0	43.5	52.5	38.5	26	67	41	29.5	27	64.5	37	66	48.5	56	39	71	52	70	59	12.5	
51.5	34.5	51	51	60	56	50.5	47	28	21	45	36.5	36.5	20.5	42	38	35	40.5	30	48	50	32.5	33.5	56.5	59.5	3	47.5	51.5	44	41.5	59	37.5	38	33.5	49.5	52.5	44	35.5	50	61	38.5	22.5	37.5	31.5	54	26	40	57.5	23	55.5	36	49.5	53	66.5	52.5	41	43.5	0	41	33	39.5	29.5	30.5	57	30.5	37	34.5	40.5	5	40.5	32.5	55.5	40.5	56.5	17.5	41	
72.5	34.5	60	30	39	77	63.5	68	49	20	66	45.5	32.5	41.5	21	17	56	31.5	39	39	59	41.5	24.5	35.5	68.5	38	26.5	62.5	65	20.5	40	46.5	17	42.5	58.5	61.5	65	44.5	29	40	55.5	26.5	16.5	52.5	33	35	31	46.5	22	64.5	13	28.5	66	75.5	61.5	8	52.5	41	0	54	48.5	25.5	51.5	78	39.5	12	55.5	31.5	44	28.5	53.5	38.5	19.5	37.5	33.5	50	
36.5	39.5	46	64	75	41	35.5	32	5	36	30	28.5	41.5	20.5	57	53	20	45.5	35	53	45	27.5	38.5	63.5	54.5	36	62.5	36.5	29	56.5	64	32.5	53	31.5	44.5	37.5	29	30.5	65	74	23.5	37.5	52.5	16.5	69	31	45	62.5	38	44.5	41	60.5	38	53.5	47.5	46	38.5	33	54	0	30.5	34.5	20.5	42	30.5	42	19.5	45.5	28	45.5	17.5	60.5	55.5	61.5	22.5	36	
44	48	33.5	58.5	67.5	48.5	37	39.5	25.5	28.5	37.5	29	54	33	49.5	45.5	27.5	58	27.5	65.5	32.5	7	51	64	42	36.5	55	36	36.5	49	68.5	20	45.5	26	32	35	36.5	4	57.5	68.5	7	30	45	14	61.5	23.5	57.5	75	30.5	38	53.5	57	39.5	49	35	56.5	26	39.5	48.5	30.5	0	47	33	49.5	23	54.5	27	58	40.5	52	25	67	48	66	35	23.5	
53	21	70.5	35.5	46.5	57.5	52	48.5	29.5	34.5	46.5	40	7	22	40.5	36.5	36.5	17	41.5	24.5	71.5	54	10	35	77	32.5	44	53	45.5	30	35.5	59	36.5	43	73	54	45.5	51	36.5	45.5	40	39	34	33	52.5	45.5	16.5	34	36.5	61	12.5	32	54.5	70	74	17.5	67	29.5	25.5	34.5	47	0	32	58.5	46	13.5	36	17	24.5	11	34	32	31	33	14	60.5	
39	37	48.5	61.5	72.5	43.5	38	34.5	15.5	33.5	32.5	8	39	18	54.5	50.5	22.5	43	32.5	50.5	47.5	30	36	61	57	33.5	60	39	31.5	54	61.5	35	50.5	11	47	40	31.5	33	62.5	71.5	26	35	50	19	66.5	28.5	42.5	60	35.5	47	38.5	58	40.5	56	50	43.5	41	30.5	51.5	20.5	33	32	0	44.5	14	39.5	22	43	25.5	43	20	58	53	59	20	38.5	
10.5	63.5	32	88	99	1	34.5	26	37	62	14	52.5	65.5	44.5	83	79	34	69.5	59	77	31	48.5	62.5	87.5	30.5	60	88.5	35.5	23	82.5	88	43.5	79	55.5	25.5	36.5	33	51.5	89	98	42.5	63.5	78.5	35.5	95	57	69	86.5	64	33.5	65	84.5	32	27.5	28.5	70	29.5	57	78	42	49.5	58.5	44.5	0	56.5	66	28.5	69.5	52	69.5	26.5	84.5	81.5	85.5	46.5	42	
53	39	34.5	49.5	58.5	57.5	38	46.5	29.5	19.5	46.5	6	47	32	40.5	36.5	36.5	53	18.5	64.5	33.5	16	50	55	43	27.5	46	37	45.5	40	59.5	21	36.5	3	33	36	39.5	19	48.5	59.5	30	21	36	33	52.5	14.5	56.5	66	21.5	39	52.5	48	40.5	50	36	47.5	27	30.5	39.5	30.5	23	46	14	56.5	0	51.5	36	53	35.5	43	34	58	39	57	34	24.5	
60.5	28.5	72	38	49	65	59.5	56	37	32	54	47.5	20.5	29.5	33	29	44	19.5	49	27	71	53.5	12.5	37.5	80.5	40	38.5	60.5	53	32.5	38	58.5	29	50.5	70.5	61.5	53	56.5	39	48	47.5	38.5	28.5	40.5	45	47	19	36.5	34	68.5	1	34.5	62	77.5	73.5	4	64.5	37	12	42	54.5	13.5	39.5	66	51.5	0	43.5	19.5	32	24.5	41.5	34.5	31.5	35.5	21.5	62	
23	41	40.5	65.5	76.5	27.5	22	18.5	14.5	49.5	16.5	30	43	22	70.5	66.5	11.5	47	36.5	54.5	41.5	34	40	65	47	37.5	74	23	15.5	60	65.5	23	66.5	33	43	24	15.5	31	66.5	75.5	20	49	64	13	82.5	40.5	46.5	64	51.5	31	42.5	62	24.5	40	44	47.5	37	34.5	55.5	19.5	27	36	22	28.5	36	43.5	0	47	29.5	47	2	62	61	63	24	30.5	
64	32	73.5	36.5	47.5	68.5	63	59.5	40.5	33.5	57.5	51	24	33	29.5	25.5	47.5	0	52.5	25.5	72.5	55	7	36	82	43.5	35	64	56.5	13	36.5	60	25.5	54	72	65	56.5	58	37.5	46.5	51	40	17	44	41.5	48.5	17.5	35	35.5	72	18.5	33	65.5	81	75	23.5	66	40.5	31.5	45.5	58	17	43	69.5	53	19.5	47	0	35.5	28	45	33	14	34	25	63.5	
46.5	29.5	56	54	65	51	45.5	42	23	26	40	33.5	31.5	15.5	47	43	30	35.5	35	43	55	37.5	28.5	53.5	64.5	8	52.5	46.5	39	46.5	54	42.5	43	36.5	54.5	47.5	39	40.5	55	64	33.5	27.5	42.5	26.5	59	31	35	52.5	28	54.5	31	50.5	48	63.5	57.5	36	48.5	5	44	28	40.5	24.5	25.5	52	35.5	32	29.5	35.5	0	35.5	27.5	50.5	45.5	51.5	12.5	46	
64	32	63.5	38.5	47.5	68.5	63	59.5	40.5	23.5	57.5	49	4	33	29.5	25.5	47.5	28	42.5	35.5	62.5	45	21	44	72	41.5	35	64	56.5	29	46.5	50	25.5	46	62	65	56.5	48	37.5	48.5	51	30	25	44	41.5	38.5	27.5	45	25.5	68	23.5	37	65.5	79	65	28.5	56	40.5	28.5	45.5	52	11	43	69.5	43	24.5	47	28	35.5	0	45	43	28	44	25	53.5	
21	39	38.5	63.5	74.5	25.5	20	16.5	12.5	51.5	14.5	28	41	20	72.5	66.5	9.5	45	34.5	52.5	39.5	32	38	63	45	35.5	72	21	13.5	58	63.5	25	66.5	31	45	22	13.5	29	64.5	73.5	18	47	62	11	80.5	38.5	44.5	62	51.5	29	40.5	60	22.5	38	42	45.5	39	32.5	53.5	17.5	25	34	20	26.5	34	41.5	2	45	27.5	45	0	60	59	61	22	28.5	
79	47	78.5	28.5	32.5	83.5	78	74.5	55.5	38.5	72.5	64	39	48	19.5	25.5	62.5	33	57.5	20.5	77.5	60	26	3	87	56.5	12	79	71.5	34	31.5	65	25.5	61	77	80	71.5	63	27.5	33.5	66	45	30	59	26.5	53.5	27.5	30	40.5	83	33.5	32	80.5	94	80	38.5	71	55.5	38.5	60.5	67	32	58	84.5	58	34.5	62	33	50.5	43	60	0	33	1	40	68.5	
78	34	59.5	24.5	33.5	82.5	63	71.5	54.5	19.5	71.5	45	32	47	15.5	11.5	61.5	14	38.5	39.5	58.5	41	21	30	68	37.5	21	62	70.5	1	34.5	46	11.5	42	58	61	64.5	44	23.5	34.5	55	26	3	58	27.5	34.5	31.5	41	21.5	64	32.5	23	65.5	75	61	27.5	52	40.5	19.5	55.5	48	31	53	81.5	39	31.5	61	14	45.5	28	59	33	0	32	39	49.5	
80	48	77.5	27.5	31.5	84.5	79	75.5	56.5	37.5	73.5	63	40	49	18.5	24.5	63.5	34	56.5	21.5	76.5	59	27	2	86	55.5	11	80	72.5	33	32.5	64	24.5	60	76	79	72.5	62	26.5	32.5	67	44	29	60	25.5	52.5	28.5	31	39.5	82	34.5	31	81.5	93	79	39.5	70	56.5	37.5	61.5	66	33	59	85.5	57	35.5	63	34	51.5	44	61	1	32	0	41	67.5	
41	19	58.5	43.5	54.5	45.5	40	36.5	17.5	31.5	34.5	28	21	10	52.5	46.5	24.5	25	29.5	32.5	59.5	42	18	43	65	20.5	52	41	33.5	38	43.5	47	46.5	31	65	42	33.5	39	44.5	53.5	28	25	42	21	60.5	33.5	24.5	42	31.5	49	20.5	40	42.5	58	62	25.5	59	17.5	33.5	22.5	35	14	20	46.5	34	21.5	24	25	12.5	25	22	40	39	41	0	48.5	
42.5	49.5	20	60	69	43	23.5	32	39	30	36	30.5	57.5	46.5	51	47	34	63.5	29	79	19	16.5	64.5	65.5	28.5	38	56.5	22.5	35	50.5	70	11.5	47	27.5	18.5	21.5	15	19.5	59	70	30.5	31.5	46.5	37.5	63	25	69	76.5	32	24.5	63	58.5	26	35.5	21.5	58	12.5	41	50	36	23.5	60.5	38.5	42	24.5	62	30.5	63.5	46	53.5	28.5	68.5	49.5	67.5	48.5	0	
