Number of items: 75
Horizon: 15
Time limit: 750
Load limit: 4500
Initial item inventory level
68
42
35
255
66
70
22
111
68
80
27
171
12
176
28
114
35
76
16
112
128
141
126
54
98
240
198
30
159
58
141
80
29
92
88
249
81
28
267
57
95
166
67
246
39
276
182
168
88
190
36
82
96
110
216
160
48
168
49
79
13
106
180
74
213
255
70
62
118
104
92
57
52
16
30
Maximum inventory capacity per item
102
84
70
340
88
105
44
148
102
160
54
228
24
264
42
171
70
114
32
168
192
188
189
108
196
320
297
40
212
87
188
120
58
138
132
332
162
56
356
114
190
249
134
328
78
368
273
224
132
285
72
123
128
165
288
240
64
252
98
158
26
159
270
111
284
340
105
124
177
156
138
76
78
32
40
Reserve storage replenishment rate per item and per period
204	0	0	204	0	0	204	0	0	204	0	0	204	0	0	
252	0	0	252	0	0	252	0	0	252	0	0	252	0	0	
210	0	0	210	0	0	210	0	0	210	0	0	210	0	0	
510	0	0	510	0	0	510	0	0	510	0	0	510	0	0	
132	0	0	132	0	0	132	0	0	132	0	0	132	0	0	
210	0	0	210	0	0	210	0	0	210	0	0	210	0	0	
132	0	0	132	0	0	132	0	0	132	0	0	132	0	0	
222	0	0	222	0	0	222	0	0	222	0	0	222	0	0	
204	0	0	204	0	0	204	0	0	204	0	0	204	0	0	
480	0	0	480	0	0	480	0	0	480	0	0	480	0	0	
162	0	0	162	0	0	162	0	0	162	0	0	162	0	0	
342	0	0	342	0	0	342	0	0	342	0	0	342	0	0	
72	0	0	72	0	0	72	0	0	72	0	0	72	0	0	
528	0	0	528	0	0	528	0	0	528	0	0	528	0	0	
84	0	0	84	0	0	84	0	0	84	0	0	84	0	0	
342	0	0	342	0	0	342	0	0	342	0	0	342	0	0	
210	0	0	210	0	0	210	0	0	210	0	0	210	0	0	
228	0	0	228	0	0	228	0	0	228	0	0	228	0	0	
96	0	0	96	0	0	96	0	0	96	0	0	96	0	0	
336	0	0	336	0	0	336	0	0	336	0	0	336	0	0	
384	0	0	384	0	0	384	0	0	384	0	0	384	0	0	
282	0	0	282	0	0	282	0	0	282	0	0	282	0	0	
378	0	0	378	0	0	378	0	0	378	0	0	378	0	0	
324	0	0	324	0	0	324	0	0	324	0	0	324	0	0	
588	0	0	588	0	0	588	0	0	588	0	0	588	0	0	
480	0	0	480	0	0	480	0	0	480	0	0	480	0	0	
594	0	0	594	0	0	594	0	0	594	0	0	594	0	0	
60	0	0	60	0	0	60	0	0	60	0	0	60	0	0	
318	0	0	318	0	0	318	0	0	318	0	0	318	0	0	
174	0	0	174	0	0	174	0	0	174	0	0	174	0	0	
282	0	0	282	0	0	282	0	0	282	0	0	282	0	0	
240	0	0	240	0	0	240	0	0	240	0	0	240	0	0	
174	0	0	174	0	0	174	0	0	174	0	0	174	0	0	
276	0	0	276	0	0	276	0	0	276	0	0	276	0	0	
264	0	0	264	0	0	264	0	0	264	0	0	264	0	0	
498	0	0	498	0	0	498	0	0	498	0	0	498	0	0	
486	0	0	486	0	0	486	0	0	486	0	0	486	0	0	
168	0	0	168	0	0	168	0	0	168	0	0	168	0	0	
534	0	0	534	0	0	534	0	0	534	0	0	534	0	0	
342	0	0	342	0	0	342	0	0	342	0	0	342	0	0	
570	0	0	570	0	0	570	0	0	570	0	0	570	0	0	
498	0	0	498	0	0	498	0	0	498	0	0	498	0	0	
402	0	0	402	0	0	402	0	0	402	0	0	402	0	0	
492	0	0	492	0	0	492	0	0	492	0	0	492	0	0	
234	0	0	234	0	0	234	0	0	234	0	0	234	0	0	
552	0	0	552	0	0	552	0	0	552	0	0	552	0	0	
546	0	0	546	0	0	546	0	0	546	0	0	546	0	0	
336	0	0	336	0	0	336	0	0	336	0	0	336	0	0	
264	0	0	264	0	0	264	0	0	264	0	0	264	0	0	
570	0	0	570	0	0	570	0	0	570	0	0	570	0	0	
216	0	0	216	0	0	216	0	0	216	0	0	216	0	0	
246	0	0	246	0	0	246	0	0	246	0	0	246	0	0	
192	0	0	192	0	0	192	0	0	192	0	0	192	0	0	
330	0	0	330	0	0	330	0	0	330	0	0	330	0	0	
432	0	0	432	0	0	432	0	0	432	0	0	432	0	0	
480	0	0	480	0	0	480	0	0	480	0	0	480	0	0	
96	0	0	96	0	0	96	0	0	96	0	0	96	0	0	
504	0	0	504	0	0	504	0	0	504	0	0	504	0	0	
294	0	0	294	0	0	294	0	0	294	0	0	294	0	0	
474	0	0	474	0	0	474	0	0	474	0	0	474	0	0	
78	0	0	78	0	0	78	0	0	78	0	0	78	0	0	
318	0	0	318	0	0	318	0	0	318	0	0	318	0	0	
540	0	0	540	0	0	540	0	0	540	0	0	540	0	0	
222	0	0	222	0	0	222	0	0	222	0	0	222	0	0	
426	0	0	426	0	0	426	0	0	426	0	0	426	0	0	
510	0	0	510	0	0	510	0	0	510	0	0	510	0	0	
210	0	0	210	0	0	210	0	0	210	0	0	210	0	0	
372	0	0	372	0	0	372	0	0	372	0	0	372	0	0	
354	0	0	354	0	0	354	0	0	354	0	0	354	0	0	
312	0	0	312	0	0	312	0	0	312	0	0	312	0	0	
276	0	0	276	0	0	276	0	0	276	0	0	276	0	0	
114	0	0	114	0	0	114	0	0	114	0	0	114	0	0	
156	0	0	156	0	0	156	0	0	156	0	0	156	0	0	
96	0	0	96	0	0	96	0	0	96	0	0	96	0	0	
60	0	0	60	0	0	60	0	0	60	0	0	60	0	0	
Forward storage demand rate per item and per period
34	30	47	28	50	31	32	55	24	16	28	25	35	37	24	
42	64	48	2	51	35	45	36	18	29	43	41	31	48	54	
35	22	47	34	48	37	31	47	32	42	40	35	44	58	7	
85	56	108	109	96	116	116	127	48	125	59	126	70	51	143	
22	32	29	21	35	19	36	10	11	7	12	24	23	20	28	
35	56	47	14	22	8	35	30	43	55	44	39	9	39	40	
22	29	34	20	20	35	20	17	15	13	21	32	42	33	31	
37	56	68	45	47	39	53	57	10	35	35	3	51	54	53	
34	32	30	7	34	28	35	43	33	19	32	26	17	15	27	
80	95	78	31	74	101	59	50	48	57	77	90	117	59	96	
27	20	26	30	35	32	40	38	28	11	17	32	28	29	33	
57	31	71	66	90	57	47	62	46	73	19	79	36	28	65	
12	15	7	13	22	15	8	13	14	11	15	14	13	15	11	
88	111	103	67	101	73	82	174	172	81	33	155	127	89	129	
14	11	8	15	1	22	14	19	13	4	18	5	9	18	11	
57	85	5	61	34	80	58	31	80	62	80	26	28	59	44	
35	32	49	27	12	33	8	14	28	36	16	6	32	22	30	
38	37	32	40	31	18	47	70	25	47	48	69	15	20	46	
16	19	20	16	16	11	16	25	20	14	0	16	12	18	14	
56	64	68	39	33	48	57	66	43	11	39	43	12	51	80	
64	40	31	61	55	84	26	52	41	76	61	107	84	66	92	
47	31	17	18	68	42	74	75	27	58	15	88	44	29	87	
63	96	69	77	55	90	91	55	109	21	38	71	10	112	54	
54	75	40	66	81	55	33	71	40	41	59	77	17	23	80	
98	89	123	21	122	99	125	127	109	145	127	148	28	107	147	
80	67	52	78	57	64	53	33	136	118	103	50	39	135	122	
99	71	54	49	93	124	93	109	43	88	64	126	140	187	92	
10	6	13	5	12	10	16	14	10	7	4	9	1	3	12	
53	38	80	12	47	23	93	46	95	78	6	62	35	54	59	
29	12	42	42	50	25	20	46	44	33	15	49	34	19	40	
47	34	85	72	39	64	38	10	52	38	52	57	48	14	65	
40	32	60	25	43	35	43	43	38	12	48	57	34	36	22	
29	37	46	31	11	28	32	17	27	36	8	43	43	28	30	
46	8	23	20	26	9	68	44	58	36	60	30	12	41	71	
44	32	47	35	19	41	31	43	67	67	47	53	47	48	44	
83	82	42	39	80	64	83	84	159	9	67	93	63	107	20	
81	57	74	126	104	72	121	61	82	81	109	126	22	99	70	
28	35	52	6	35	33	18	29	15	21	22	13	24	12	54	
89	94	87	105	38	70	119	90	152	76	114	116	86	161	91	
57	65	27	39	28	1	42	53	53	76	77	92	59	16	99	
95	183	117	100	27	101	91	93	93	94	66	149	172	63	31	
83	14	66	89	69	141	57	81	116	51	79	151	94	111	71	
67	23	100	123	58	58	12	34	63	75	74	63	76	84	20	
82	71	62	131	108	30	96	86	86	90	124	94	116	77	86	
39	47	19	66	45	51	18	53	39	55	32	31	57	70	31	
92	99	44	168	57	41	36	70	138	95	44	124	112	86	29	
91	136	77	79	117	60	58	92	67	82	35	24	67	87	100	
56	82	74	65	71	75	73	86	21	101	65	86	83	87	67	
44	31	17	37	41	72	62	55	51	30	70	61	13	47	66	
95	127	138	155	111	103	153	58	94	95	77	69	54	139	159	
36	57	19	29	52	59	27	7	48	28	10	7	54	13	10	
41	51	46	39	36	50	60	76	46	35	44	52	37	54	54	
32	43	20	13	53	51	52	53	31	35	44	30	22	25	52	
55	18	53	51	80	26	13	82	64	55	20	87	11	18	15	
72	48	78	118	54	67	98	71	82	57	37	112	56	107	59	
80	85	56	60	110	90	60	95	107	72	85	98	124	122	89	
16	17	14	21	25	11	29	18	23	9	15	21	28	18	7	
84	75	52	44	118	98	130	83	129	29	75	94	127	87	46	
49	1	5	30	24	39	18	49	59	67	25	59	44	62	38	
79	90	134	70	95	77	86	64	106	53	106	44	85	38	86	
13	24	11	12	16	14	2	6	13	16	19	7	16	23	10	
53	49	70	31	26	29	53	36	40	50	78	81	84	28	55	
90	83	28	98	138	173	85	64	43	146	118	80	166	111	65	
37	32	18	8	45	24	33	43	40	43	14	48	10	25	26	
71	81	68	59	69	40	55	28	25	18	83	35	73	105	74	
85	72	120	65	81	114	129	42	149	35	94	37	161	79	96	
35	25	60	14	34	59	9	64	63	32	27	41	30	43	14	
62	47	15	32	75	11	46	43	61	60	92	94	52	44	61	
59	57	64	59	47	20	61	105	92	26	17	98	107	29	15	
52	31	87	48	47	59	35	12	29	52	43	10	10	74	53	
46	64	57	85	51	28	20	76	62	46	19	45	26	39	31	
19	14	17	32	14	16	5	9	9	19	19	16	10	10	28	
26	8	18	37	3	20	28	30	25	17	18	17	25	13	12	
16	21	17	21	11	13	12	14	16	10	26	16	1	23	27	
10	11	13	12	11	9	13	10	2	5	13	4	9	9	9	
Distance matrix
0	86.5	45	49	64.5	16	31	77.5	71.5	27.5	33	3	64.5	89.5	17	37	65	52.5	90.5	60.5	30	53.5	65.5	68.5	35	73	38	74	79.5	33.5	58	43	82.5	26	85.5	56.5	88.5	57.5	95.5	68.5	27	31	45	86	37	6	38	27.5	43.5	58	75	34	13	71	64.5	54	36.5	48	40	15	57	71.5	55	82.5	8.5	83	29	50	59.5	28.5	87.5	39	64	57.5	13	20.5	
86.5	0	43.5	39.5	24	72.5	57.5	41	17	61	55.5	85.5	22	29	71.5	51.5	23.5	36	8	28	58.5	35	23	20	53.5	30.5	50.5	14.5	7	55	30.5	45.5	36	62.5	1	32	10	31	13	20	61.5	57.5	43.5	17.5	51.5	82.5	50.5	61	45	30.5	13.5	54.5	75.5	17.5	24	34.5	52	40.5	48.5	73.5	31.5	15	33.5	26	80	30.5	59.5	38.5	29	60	21	49.5	24.5	31	75.5	68	
45	43.5	0	16	35.5	39	34	82.5	28.5	27.5	22	48	65.5	70.5	38	42	50	37.5	49.5	29.5	25	56.5	34.5	31.5	20	72	37	41	50.5	21.5	37	22	77.5	29	44.5	43.5	51.5	12.5	54.5	41.5	28	36	50	59	38	41	37	27.5	36.5	47	30	21	38	44	25.5	51	41.5	53	15	40	58	58.5	50	67.5	46.5	72	26	25	30.5	26.5	62.5	6	61	12.5	38	34.5	
49	39.5	16	0	31.5	45	18	76.5	24.5	33.5	28	52	61.5	66.5	44	36	46	33.5	45.5	25.5	31	52.5	30.5	27.5	26	68	33	37	46.5	27.5	33	6	73.5	35	40.5	39.5	47.5	8.5	50.5	37.5	34	30	44	55	34	45	33	33.5	32.5	43	26	27	42	40	21.5	47	35.5	47	21	46	54	54.5	46	63.5	52.5	68	32	21	26.5	32.5	58.5	22	57	8.5	42	40.5	
64.5	24	35.5	31.5	0	64.5	45.5	57	7	53	47.5	67.5	44	51	63.5	31.5	30.5	28	30	20	50.5	33	1	4	45.5	52.5	42.5	21.5	31	47	22.5	37.5	58	54.5	25	8	32	23	35	22	53.5	35.5	29.5	39.5	41.5	60.5	42.5	53	37	27.5	10.5	46.5	57.5	24.5	16	31.5	36	27.5	40.5	65.5	36.5	39	30.5	48	68	52.5	51.5	30.5	21	52	43	41.5	41.5	23	57.5	60	
16	72.5	39	45	64.5	0	37	83.5	57.5	26.5	39	19	70.5	95.5	1	43	71	58.5	78.5	58.5	34	59.5	63.5	60.5	19	79	44	70	79.5	39.5	64	49	88.5	10	73.5	62.5	80.5	41.5	83.5	70.5	33	37	51	88	43	10	44	33.5	49.5	64	59	40	19	73	54.5	60	42.5	54	34	31	63	77.5	61	88.5	19.5	89	13	54	59.5	34.5	91.5	45	70	41.5	19	31.5	
31	57.5	34	18	45.5	37	0	58.5	42.5	51.5	34	34	45.5	70.5	38	18	46	33.5	63.5	41.5	41	34.5	46.5	45.5	44	54	19	55	60.5	29.5	39	12	63.5	47	58.5	37.5	65.5	26.5	68.5	49.5	28	12	26	67	18	27	19	23.5	24.5	39	44	35	24	52	39.5	35	17.5	29	39	46	38	52.5	36	63.5	34.5	64	50	31	40.5	24.5	68.5	30	45	26.5	24	46.5	
77.5	41	82.5	76.5	57	83.5	58.5	0	56	100	80.5	80.5	27	12	84.5	44.5	42.5	55	37	63	87.5	36	58	59	92.5	20.5	55.5	51.5	42	76	55.5	70.5	5	93.5	42	49	39	70	32	51	74.5	48.5	42.5	33.5	54.5	73.5	55.5	70	56	45.5	52.5	81.5	70.5	48.5	63	41.5	49	35.5	87.5	92.5	34.5	34	42.5	25	81	20.5	96.5	67.5	62	71	30	76.5	31.5	70	70.5	93	
71.5	17	28.5	24.5	7	57.5	42.5	56	0	46	40.5	70.5	39	44	56.5	36.5	23.5	21	23	13	43.5	30	6	3	38.5	45.5	35.5	14.5	24	40	15.5	30.5	51	47.5	18	15	25	16	28	15	46.5	42.5	28.5	32.5	36.5	67.5	35.5	46	30	20.5	3.5	39.5	60.5	17.5	9	24.5	37	30.5	33.5	58.5	31.5	32	23.5	41	65	45.5	44.5	23.5	14	45	36	34.5	34.5	16	60.5	53	
27.5	61	27.5	33.5	53	26.5	51.5	100	46	0	29.5	30.5	83	88	25.5	59.5	67.5	55	67	47	22.5	74	52	49	7.5	89.5	54.5	58.5	68	34	54.5	39.5	95	16.5	62	61	69	30	72	59	35.5	53.5	67.5	76.5	55.5	28.5	54.5	40	54	64.5	47.5	28.5	35.5	61.5	43	68.5	59	70.5	22.5	22.5	75.5	76	67.5	85	19	89.5	13.5	42.5	48	39	80	33.5	78.5	30	35.5	7	
33	55.5	22	28	47.5	39	34	80.5	40.5	29.5	0	36	67.5	82.5	40	40	62	49.5	61.5	41.5	27	56.5	46.5	43.5	22	76	41	53	62.5	28.5	49	34	85.5	31	56.5	55.5	63.5	24.5	66.5	53.5	6	34	48	71	40	29	41	30.5	46.5	59	42	1	26	56	37.5	57	39.5	51	7	42	60	70.5	58	79.5	36.5	84	28	37	42.5	31.5	74.5	28	67	24.5	26	36.5	
3	85.5	48	52	67.5	19	34	80.5	70.5	30.5	36	0	67.5	92.5	20	40	68	55.5	91.5	63.5	33	56.5	68.5	71.5	32	76	41	77	82.5	36.5	61	46	85.5	29	86.5	59.5	91.5	54.5	96.5	71.5	30	34	48	89	40	9	41	30.5	46.5	61	72	37	16	74	67.5	57	39.5	51	43	12	60	74.5	58	85.5	11.5	86	32	53	62.5	31.5	90.5	42	67	54.5	16	23.5	
64.5	22	65.5	61.5	44	70.5	45.5	27	39	83	67.5	67.5	0	39	71.5	31.5	29.5	42	30	50	74.5	23	45	42	75.5	22.5	42.5	36.5	15	63	42.5	57.5	32	80.5	21	36	32	53	35	38	61.5	35.5	29.5	35.5	41.5	60.5	42.5	57	43	32.5	35.5	68.5	57.5	35.5	46	28.5	36	22.5	70.5	79.5	21.5	7	29.5	32	68	32.5	81.5	54.5	49	58	37	63.5	18.5	53	57.5	80	
89.5	29	70.5	66.5	51	95.5	70.5	12	44	88	82.5	92.5	39	0	96.5	56.5	50.5	63	25	55	85.5	48	50	47	80.5	32.5	67.5	41.5	36	82	57.5	72.5	7	89.5	30	59	27	58	20	47	86.5	60.5	54.5	29.5	66.5	85.5	67.5	82	68	57.5	40.5	81.5	82.5	44.5	51	53.5	61	47.5	75.5	100.5	46.5	44	54.5	33	93	32.5	86.5	65.5	56	83	28	76.5	43.5	58	82.5	95	
17	71.5	38	44	63.5	1	38	84.5	56.5	25.5	40	20	71.5	96.5	0	44	72	59.5	77.5	57.5	33	60.5	62.5	59.5	18	80	45	69	78.5	40.5	65	50	89.5	9	72.5	63.5	79.5	40.5	82.5	69.5	34	38	52	87	44	11	45	34.5	50.5	65	58	39	20	72	53.5	61	43.5	55	33	32	64	78.5	62	89.5	20.5	90	12	53	58.5	35.5	90.5	44	71	40.5	20	32.5	
37	51.5	42	36	31.5	43	18	44.5	36.5	59.5	40	40	31.5	56.5	44	0	32	19.5	57.5	27.5	47	20.5	32.5	35.5	58	40	15	41	46.5	35.5	25	30	49.5	53	52.5	23.5	55.5	35.5	62.5	35.5	34	8	12	53	14	33	15	29.5	15.5	25	38	41	30	38	31.5	21	8.5	15	47	52	24	38.5	22	49.5	40.5	50	56	27	26.5	30.5	54.5	36	31	35.5	30	52.5	
65	23.5	50	46	30.5	71	46	42.5	23.5	67.5	62	68	29.5	50.5	72	32	0	42.5	29.5	34.5	65	23.5	29.5	26.5	60	38	43	9	30.5	61.5	37	52	47.5	69	24.5	36.5	31.5	37.5	34.5	26.5	62	36	30	39	42	61	43	57.5	43.5	33	20	61	58	6	30.5	29	36.5	23	55	80	8	36.5	30	47.5	68.5	48	66	45	35.5	58.5	42.5	56	29	37.5	58	74.5	
52.5	36	37.5	33.5	28	58.5	33.5	55	21	55	49.5	55.5	42	63	59.5	19.5	42.5	0	42	8	52.5	31	27	24	47.5	50.5	30.5	33.5	43	49	29.5	39.5	60	56.5	37	34	44	25	47	34	49.5	23.5	22.5	51.5	29.5	48.5	30.5	45	31	35.5	22.5	48.5	45.5	36.5	12	31.5	24	25.5	42.5	67.5	34.5	49	32.5	60	56	60.5	53.5	32.5	7	46	55	43.5	41.5	25	45.5	62	
90.5	8	49.5	45.5	30	78.5	63.5	37	23	67	61.5	91.5	30	25	77.5	57.5	29.5	42	0	34	64.5	41	29	26	59.5	26.5	56.5	20.5	15	61	36.5	51.5	32	68.5	9	38	2	37	9	26	67.5	61.5	49.5	13.5	57.5	86.5	56.5	67	51	36.5	19.5	60.5	81.5	23.5	30	40.5	58	46.5	54.5	79.5	37.5	23	39.5	22	86	26.5	65.5	44.5	35	66	17	55.5	30.5	37	81.5	74	
60.5	28	29.5	25.5	20	58.5	41.5	63	13	47	41.5	63.5	50	55	57.5	27.5	34.5	8	34	0	44.5	39	19	16	39.5	56.5	36.5	25.5	35	41	21.5	31.5	62	48.5	29	28	36	17	39	26	47.5	31.5	30.5	43.5	37.5	56.5	36.5	47	31	31.5	14.5	40.5	53.5	28.5	4	35.5	32	33.5	34.5	59.5	42.5	43	34.5	52	64	56.5	45.5	24.5	1	46	47	35.5	45.5	17	53.5	54	
30	58.5	25	31	50.5	34	41	87.5	43.5	22.5	27	33	74.5	85.5	33	47	65	52.5	64.5	44.5	0	63.5	49.5	46.5	15	83	48	56	65.5	31.5	52	37	92.5	24	59.5	58.5	66.5	27.5	69.5	56.5	33	41	55	74	47	26	48	37.5	51.5	62	45	26	17	59	40.5	64	46.5	58	20	35	67	73.5	65	82.5	33.5	87	21	40	45.5	36.5	77.5	31	74	27.5	17	29.5	
53.5	35	56.5	52.5	33	59.5	34.5	36	30	74	56.5	56.5	23	48	60.5	20.5	23.5	31	41	39	63.5	0	34	33	66.5	31.5	31.5	32.5	38	52	31.5	46.5	41	69.5	36	25	43	44	46	15	50.5	24.5	18.5	44.5	30.5	49.5	31.5	46	32	21.5	26.5	57.5	46.5	29.5	37	17.5	25	11.5	61.5	68.5	15.5	30	18.5	41	57	41.5	72.5	43.5	38	47	46	52.5	22.5	44	46.5	69	
65.5	23	34.5	30.5	1	63.5	46.5	58	6	52	46.5	68.5	45	50	62.5	32.5	29.5	27	29	19	49.5	34	0	3	44.5	51.5	41.5	20.5	30	46	21.5	36.5	57	53.5	24	9	31	22	34	21	52.5	36.5	30.5	38.5	42.5	61.5	41.5	52	36	26.5	9.5	45.5	58.5	23.5	15	30.5	37	28.5	39.5	64.5	37.5	38	29.5	47	69	51.5	50.5	29.5	20	51	42	40.5	40.5	22	58.5	59	
68.5	20	31.5	27.5	4	60.5	45.5	59	3	49	43.5	71.5	42	47	59.5	35.5	26.5	24	26	16	46.5	33	3	0	41.5	48.5	38.5	17.5	27	43	18.5	33.5	54	50.5	21	12	28	19	31	18	49.5	39.5	31.5	35.5	39.5	64.5	38.5	49	33	23.5	6.5	42.5	61.5	20.5	12	27.5	40	31.5	36.5	61.5	34.5	35	26.5	44	68	48.5	47.5	26.5	17	48	39	37.5	37.5	19	61.5	56	
35	53.5	20	26	45.5	19	44	92.5	38.5	7.5	22	32	75.5	80.5	18	58	60	47.5	59.5	39.5	15	66.5	44.5	41.5	0	82	47	51	60.5	26.5	47	32	87.5	9	54.5	53.5	61.5	22.5	64.5	51.5	28	54	60	69	48	29	47	32.5	46.5	57	40	21	32	54	35.5	61	53.5	67	15	20	68	68.5	60	77.5	26.5	82	6	35	40.5	31.5	72.5	26	71	22.5	32	14.5	
73	30.5	72	68	52.5	79	54	20.5	45.5	89.5	76	76	22.5	32.5	80	40	38	50.5	26.5	56.5	83	31.5	51.5	48.5	82	0	51	43	37.5	71.5	51	66	25.5	89	31.5	44.5	28.5	59.5	26.5	46.5	70	44	38	13	50	69	51	65.5	51.5	41	42	77	66	44	52.5	37	44.5	31	77	88	30	29.5	38	25.5	76.5	26	88	63	57.5	66.5	30.5	72	27	59.5	66	88.5	
38	50.5	37	33	42.5	44	19	55.5	35.5	54.5	41	41	42.5	67.5	45	15	43	30.5	56.5	36.5	48	31.5	41.5	38.5	47	51	0	48	57.5	36.5	36	31	60.5	54	51.5	34.5	58.5	24.5	61.5	46.5	35	7	23	64	1	34	0	30.5	21.5	36	37	42	31	49	32.5	32	14.5	26	42	53	35	49.5	33	60.5	41.5	61	53	12	37.5	31.5	65.5	37	42	24.5	31	53.5	
74	14.5	41	37	21.5	70	55	51.5	14.5	58.5	53	77	36.5	41.5	69	41	9	33.5	20.5	25.5	56	32.5	20.5	17.5	51	43	48	0	21.5	52.5	28	43	48.5	60	15.5	29.5	22.5	28.5	25.5	17.5	59	45	39	30	49	70	48	58.5	42.5	28	11	52	67	3	21.5	32	45.5	32	46	71	17	29.5	31	38.5	77.5	43	57	36	26.5	57.5	33.5	47	32	28.5	67	65.5	
79.5	7	50.5	46.5	31	79.5	60.5	42	24	68	62.5	82.5	15	36	78.5	46.5	30.5	43	15	35	65.5	38	30	27	60.5	37.5	57.5	21.5	0	62	37.5	52.5	43	69.5	6	39	17	38	20	27	68.5	50.5	44.5	24.5	56.5	75.5	57.5	68	52	37.5	20.5	61.5	72.5	24.5	31	41.5	51	37.5	55.5	80.5	36.5	8	40.5	33	83	37.5	66.5	45.5	36	67	28	56.5	31.5	38	72.5	75	
33.5	55	21.5	27.5	47	39.5	29.5	76	40	34	28.5	36.5	63	82	40.5	35.5	61.5	49	61	41	31.5	52	46	43	26.5	71.5	36.5	52.5	62	0	48.5	33.5	81	35.5	56	55	63	24	66	53	30.5	29.5	43.5	70.5	35.5	29.5	36.5	6	42	56.5	41.5	27.5	26.5	55.5	37	52.5	35	46.5	21.5	46.5	55.5	70	53.5	79	37	81.5	32.5	36.5	42	5	74	27.5	62.5	24	26.5	41	
58	30.5	37	33	22.5	64	39	55.5	15.5	54.5	49	61	42.5	57.5	65	25	37	29.5	36.5	21.5	52	31.5	21.5	18.5	47	51	36	28	37.5	48.5	0	39	60.5	56	31.5	30.5	38.5	24.5	41.5	28.5	55	29	13	46	35	54	36	50.5	36.5	34	17	48	51	31	17.5	32	29.5	26	42	67	35	45.5	33	54.5	61.5	59	53	32	22.5	51.5	49.5	43	42	24.5	51	61.5	
43	45.5	22	6	37.5	49	12	70.5	30.5	39.5	34	46	57.5	72.5	50	30	52	39.5	51.5	31.5	37	46.5	36.5	33.5	32	66	31	43	52.5	33.5	39	0	75.5	41	46.5	45.5	53.5	14.5	56.5	43.5	40	24	38	61	30	39	31	35.5	36.5	49	32	33	36	46	27.5	47	29.5	41	27	52	50	60.5	48	69.5	46.5	74	38	27	32.5	36.5	64.5	28	57	14.5	36	46.5	
82.5	36	77.5	73.5	58	88.5	63.5	5	51	95	85.5	85.5	32	7	89.5	49.5	47.5	60	32	62	92.5	41	57	54	87.5	25.5	60.5	48.5	43	81	60.5	75.5	0	96.5	37	54	34	65	27	54	79.5	53.5	47.5	36.5	59.5	78.5	60.5	75	61	50.5	47.5	86.5	75.5	51.5	58	46.5	54	40.5	82.5	97.5	39.5	39	47.5	30	86	25.5	93.5	72.5	63	76	35	81.5	36.5	65	75.5	98	
26	62.5	29	35	54.5	10	47	93.5	47.5	16.5	31	29	80.5	89.5	9	53	69	56.5	68.5	48.5	24	69.5	53.5	50.5	9	89	54	60	69.5	35.5	56	41	96.5	0	63.5	62.5	70.5	31.5	73.5	60.5	37	47	61	78	53	20	54	41.5	55.5	66	49	30	29	63	44.5	70	52.5	64	24	29	73	77.5	69	86.5	29.5	91	3	44	49.5	40.5	81.5	35	80	31.5	29	23.5	
85.5	1	44.5	40.5	25	73.5	58.5	42	18	62	56.5	86.5	21	30	72.5	52.5	24.5	37	9	29	59.5	36	24	21	54.5	31.5	51.5	15.5	6	56	31.5	46.5	37	63.5	0	33	11	32	14	21	62.5	56.5	44.5	18.5	52.5	81.5	51.5	62	46	31.5	14.5	55.5	76.5	18.5	25	35.5	53	41.5	49.5	74.5	32.5	14	34.5	27	81	31.5	60.5	39.5	30	61	22	50.5	25.5	32	76.5	69	
56.5	32	43.5	39.5	8	62.5	37.5	49	15	61	55.5	59.5	36	59	63.5	23.5	36.5	34	38	28	58.5	25	9	12	53.5	44.5	34.5	29.5	39	55	30.5	45.5	54	62.5	33	0	40	31	43	30	53.5	27.5	21.5	47.5	33.5	52.5	34.5	49	35	29.5	18.5	54.5	49.5	32.5	24	25.5	28	19.5	48.5	71.5	28.5	43	26.5	54	60	54.5	59.5	38.5	29	50	51	49.5	35.5	31	49.5	68	
88.5	10	51.5	47.5	32	80.5	65.5	39	25	69	63.5	91.5	32	27	79.5	55.5	31.5	44	2	36	66.5	43	31	28	61.5	28.5	58.5	22.5	17	63	38.5	53.5	34	70.5	11	40	0	39	11	28	69.5	59.5	51.5	15.5	59.5	84.5	58.5	69	53	38.5	21.5	62.5	81.5	25.5	32	42.5	60	46.5	56.5	81.5	39.5	25	41.5	24	88	28.5	67.5	46.5	37	68	19	57.5	32.5	39	81.5	76	
57.5	31	12.5	8.5	23	41.5	26.5	70	16	30	24.5	54.5	53	58	40.5	35.5	37.5	25	37	17	27.5	44	22	19	22.5	59.5	24.5	28.5	38	24	24.5	14.5	65	31.5	32	31	39	0	42	29	30.5	31.5	37.5	46.5	25.5	51.5	24.5	30	24	34.5	17.5	23.5	44.5	31.5	13	38.5	31	44.5	17.5	42.5	45.5	46	37.5	55	49	59.5	28.5	12.5	18	29	50	18.5	48.5	0	44.5	37	
95.5	13	54.5	50.5	35	83.5	68.5	32	28	72	66.5	96.5	35	20	82.5	62.5	34.5	47	9	39	69.5	46	34	31	64.5	26.5	61.5	25.5	20	66	41.5	56.5	27	73.5	14	43	11	42	0	31	72.5	66.5	54.5	13.5	62.5	91.5	61.5	72	56	41.5	24.5	65.5	86.5	28.5	35	45.5	63	51.5	59.5	84.5	42.5	28	44.5	13	91	21.5	70.5	49.5	40	71	8	60.5	35.5	42	86.5	79	
68.5	20	41.5	37.5	22	70.5	49.5	51	15	59	53.5	71.5	38	47	69.5	35.5	26.5	34	26	26	56.5	15	21	18	51.5	46.5	46.5	17.5	27	53	28.5	43.5	54	60.5	21	30	28	29	31	0	59.5	39.5	33.5	35.5	45.5	64.5	46.5	59	43	28.5	11.5	52.5	61.5	20.5	22	32.5	40	26.5	46.5	71.5	30.5	35	31.5	44	72	48.5	57.5	36.5	27	58	39	47.5	37.5	29	61.5	66	
27	61.5	28	34	53.5	33	28	74.5	46.5	35.5	6	30	61.5	86.5	34	34	62	49.5	67.5	47.5	33	50.5	52.5	49.5	28	70	35	59	68.5	30.5	55	40	79.5	37	62.5	53.5	69.5	30.5	72.5	59.5	0	28	42	77	34	23	35	24.5	40.5	55	48	7	20	62	43.5	51	33.5	45	13	42	54	68.5	52	79.5	30.5	80	34	43	48.5	25.5	80.5	34	61	30.5	20	42.5	
31	57.5	36	30	35.5	37	12	48.5	42.5	53.5	34	34	35.5	60.5	38	8	36	23.5	61.5	31.5	41	24.5	36.5	39.5	54	44	7	45	50.5	29.5	29	24	53.5	47	56.5	27.5	59.5	31.5	66.5	39.5	28	0	16	57	6	27	7	23.5	14.5	29	44	35	24	42	35.5	25	7.5	19	41	46	28	42.5	26	53.5	34.5	54	50	19	30.5	24.5	58.5	30	35	31.5	24	46.5	
45	43.5	50	44	29.5	51	26	42.5	28.5	67.5	48	48	29.5	54.5	52	12	30	22.5	49.5	30.5	55	18.5	30.5	31.5	60	38	23	39	44.5	43.5	13	38	47.5	61	44.5	21.5	51.5	37.5	54.5	33.5	42	16	0	51	22	41	23	37.5	23.5	23	30	49	38	36	30.5	19	16.5	13	55	60	22	36.5	20	47.5	48.5	48	64	35	29.5	38.5	52.5	44	29	37.5	38	60.5	
86	17.5	59	55	39.5	88	67	33.5	32.5	76.5	71	89	35.5	29.5	87	53	39	51.5	13.5	43.5	74	44.5	38.5	35.5	69	13	64	30	24.5	70.5	46	61	36.5	78	18.5	47.5	15.5	46.5	13.5	35.5	77	57	51	0	63	82	64	76.5	60.5	46	29	70	79	33	39.5	50	57.5	44	64	89	43	32.5	49	26.5	89.5	31	75	54	44.5	75.5	21.5	65	40	46.5	79	83.5	
37	51.5	38	34	41.5	43	18	54.5	36.5	55.5	40	40	41.5	66.5	44	14	42	29.5	57.5	37.5	47	30.5	42.5	39.5	48	50	1	49	56.5	35.5	35	30	59.5	53	52.5	33.5	59.5	25.5	62.5	45.5	34	6	22	63	0	33	1	29.5	20.5	35	38	41	30	48	33.5	31	13.5	25	43	52	34	48.5	32	59.5	40.5	60	54	13	36.5	30.5	64.5	36	41	25.5	30	52.5	
6	82.5	41	45	60.5	10	27	73.5	67.5	28.5	29	9	60.5	85.5	11	33	61	48.5	86.5	56.5	26	49.5	61.5	64.5	29	69	34	70	75.5	29.5	54	39	78.5	20	81.5	52.5	84.5	51.5	91.5	64.5	23	27	41	82	33	0	34	23.5	39.5	54	69	30	9	67	60.5	50	32.5	44	36	21	53	67.5	51	78.5	9.5	79	23	46	55.5	24.5	83.5	35	60	51.5	9	21.5	
38	50.5	37	33	42.5	44	19	55.5	35.5	54.5	41	41	42.5	67.5	45	15	43	30.5	56.5	36.5	48	31.5	41.5	38.5	47	51	0	48	57.5	36.5	36	31	60.5	54	51.5	34.5	58.5	24.5	61.5	46.5	35	7	23	64	1	34	0	30.5	21.5	36	37	42	31	49	32.5	32	14.5	26	42	53	35	49.5	33	60.5	41.5	61	53	12	37.5	31.5	65.5	37	42	24.5	31	53.5	
27.5	61	27.5	33.5	53	33.5	23.5	70	46	40	30.5	30.5	57	82	34.5	29.5	57.5	45	67	47	37.5	46	52	49	32.5	65.5	30.5	58.5	68	6	50.5	35.5	75	41.5	62	49	69	30	72	59	24.5	23.5	37.5	76.5	29.5	23.5	30.5	0	36	50.5	47.5	31.5	20.5	61.5	43	46.5	29	40.5	27.5	42.5	49.5	64	47.5	75	31	75.5	38.5	42.5	48	1	80	31.5	56.5	30	20.5	43	
43.5	45	36.5	32.5	37	49.5	24.5	56	30	54	46.5	46.5	43	68	50.5	15.5	43.5	31	51	31	51.5	32	36	33	46.5	51.5	21.5	42.5	52	42	36.5	36.5	61	55.5	46	35	53	24	56	43	40.5	14.5	23.5	60.5	20.5	39.5	21.5	36	0	36.5	31.5	47.5	36.5	45.5	27	32.5	7	26.5	41.5	58.5	35.5	50	33.5	61	47	61.5	52.5	31.5	32	37	64	42.5	42.5	24	36.5	59	
58	30.5	47	43	27.5	64	39	45.5	20.5	64.5	59	61	32.5	57.5	65	25	33	35.5	36.5	31.5	62	21.5	26.5	23.5	57	41	36	28	37.5	56.5	34	49	50.5	66	31.5	29.5	38.5	34.5	41.5	28.5	55	29	23	46	35	54	36	50.5	36.5	0	17	58	51	31	27.5	4	29.5	10	52	73	25	39.5	3	50.5	61.5	51	63	42	32.5	51.5	49.5	53	32	34.5	51	71.5	
75	13.5	30	26	10.5	59	44	52.5	3.5	47.5	42	72	35.5	40.5	58	38	20	22.5	19.5	14.5	45	26.5	9.5	6.5	40	42	37	11	20.5	41.5	17	32	47.5	49	14.5	18.5	21.5	17.5	24.5	11.5	48	44	30	29	38	69	37	47.5	31.5	17	0	41	62	14	10.5	21	38.5	27	35	60	28	28.5	20	37.5	66.5	42	46	25	15.5	46.5	32.5	36	31	17.5	62	54.5	
34	54.5	21	27	46.5	40	35	81.5	39.5	28.5	1	37	68.5	81.5	39	41	61	48.5	60.5	40.5	26	57.5	45.5	42.5	21	77	42	52	61.5	27.5	48	33	86.5	30	55.5	54.5	62.5	23.5	65.5	52.5	7	35	49	70	41	30	42	31.5	47.5	58	41	0	27	55	36.5	58	40.5	52	6	41	61	69.5	59	78.5	37.5	83	27	36	41.5	32.5	73.5	27	68	23.5	27	35.5	
13	75.5	38	42	57.5	19	24	70.5	60.5	35.5	26	16	57.5	82.5	20	30	58	45.5	81.5	53.5	17	46.5	58.5	61.5	32	66	31	67	72.5	26.5	51	36	75.5	29	76.5	49.5	81.5	44.5	86.5	61.5	20	24	38	79	30	9	31	20.5	36.5	51	62	27	0	64	57.5	47	29.5	41	33	28	50	64.5	48	75.5	16.5	76	32	43	52.5	21.5	80.5	32	57	44.5	0	28.5	
71	17.5	44	40	24.5	73	52	48.5	17.5	61.5	56	74	35.5	44.5	72	38	6	36.5	23.5	28.5	59	29.5	23.5	20.5	54	44	49	3	24.5	55.5	31	46	51.5	63	18.5	32.5	25.5	31.5	28.5	20.5	62	42	36	33	48	67	49	61.5	45.5	31	14	55	64	0	24.5	35	42.5	29	49	74	14	32.5	34	41.5	74.5	46	60	39	29.5	60.5	36.5	50	35	31.5	64	68.5	
64.5	24	25.5	21.5	16	54.5	39.5	63	9	43	37.5	67.5	46	51	53.5	31.5	30.5	12	30	4	40.5	37	15	12	35.5	52.5	32.5	21.5	31	37	17.5	27.5	58	44.5	25	24	32	13	35	22	43.5	35.5	30.5	39.5	33.5	60.5	32.5	43	27	27.5	10.5	36.5	57.5	24.5	0	31.5	34	37.5	30.5	55.5	38.5	39	30.5	48	62	52.5	41.5	20.5	5	42	43	31.5	41.5	13	57.5	50	
54	34.5	51	47	31.5	60	35	41.5	24.5	68.5	57	57	28.5	53.5	61	21	29	31.5	40.5	35.5	64	17.5	30.5	27.5	61	37	32	32	41.5	52.5	32	47	46.5	70	35.5	25.5	42.5	38.5	45.5	32.5	51	25	19	50	31	50	32	46.5	32.5	4	21	58	47	35	31.5	0	25.5	6	56	69	21	35.5	1	46.5	57.5	47	67	44	36.5	47.5	51.5	53	28	38.5	47	69.5	
36.5	52	41.5	35.5	36	42.5	17.5	49	37	59	39.5	39.5	36	61	43.5	8.5	36.5	24	58	32	46.5	25	37	40	53.5	44.5	14.5	45.5	51	35	29.5	29.5	54	52.5	53	28	60	31	63	40	33.5	7.5	16.5	57.5	13.5	32.5	14.5	29	7	29.5	38.5	40.5	29.5	42.5	34	25.5	0	19.5	46.5	51.5	28.5	43	26.5	54	40	54.5	55.5	26.5	31	30	59	35.5	35.5	31	29.5	52	
48	40.5	53	47	27.5	54	29	35.5	30.5	70.5	51	51	22.5	47.5	55	15	23	25.5	46.5	33.5	58	11.5	28.5	31.5	67	31	26	32	37.5	46.5	26	41	40.5	64	41.5	19.5	46.5	44.5	51.5	26.5	45	19	13	44	25	44	26	40.5	26.5	10	27	52	41	29	37.5	6	19.5	0	58	63	15	29.5	7	40.5	51.5	41	67	38	32.5	41.5	45.5	47	22	44.5	41	63.5	
40	48.5	15	21	40.5	34	39	87.5	33.5	22.5	7	43	70.5	75.5	33	47	55	42.5	54.5	34.5	20	61.5	39.5	36.5	15	77	42	46	55.5	21.5	42	27	82.5	24	49.5	48.5	56.5	17.5	59.5	46.5	13	41	55	64	43	36	42	27.5	41.5	52	35	6	33	49	30.5	56	46.5	58	0	35	63	63.5	55	72.5	41.5	77	21	30	35.5	26.5	67.5	21	66	17.5	33	29.5	
15	73.5	40	46	65.5	31	46	92.5	58.5	22.5	42	12	79.5	100.5	32	52	80	67.5	79.5	59.5	35	68.5	64.5	61.5	20	88	53	71	80.5	46.5	67	52	97.5	29	74.5	71.5	81.5	42.5	84.5	71.5	42	46	60	89	52	21	53	42.5	58.5	73	60	41	28	74	55.5	69	51.5	63	35	0	72	86.5	70	97.5	23.5	98	26	55	60.5	43.5	92.5	46	79	42.5	28	29.5	
57	31.5	58	54	36.5	63	38	34.5	31.5	75.5	60	60	21.5	46.5	64	24	8	34.5	37.5	42.5	67	15.5	37.5	34.5	68	30	35	17	36.5	55.5	35	50	39.5	73	32.5	28.5	39.5	45.5	42.5	30.5	54	28	22	43	34	53	35	49.5	35.5	25	28	61	50	14	38.5	21	28.5	15	63	72	0	28.5	22	39.5	60.5	40	74	47	41.5	50.5	44.5	56	21	45.5	50	72.5	
71.5	15	58.5	54.5	39	77.5	52.5	34	32	76	70.5	74.5	7	44	78.5	38.5	36.5	49	23	43	73.5	30	38	35	68.5	29.5	49.5	29.5	8	70	45.5	60.5	39	77.5	14	43	25	46	28	35	68.5	42.5	36.5	32.5	48.5	67.5	49.5	64	50	39.5	28.5	69.5	64.5	32.5	39	35.5	43	29.5	63.5	86.5	28.5	0	36.5	39	75	39.5	74.5	53.5	44	65	36	64.5	25.5	46	64.5	83	
55	33.5	50	46	30.5	61	36	42.5	23.5	67.5	58	58	29.5	54.5	62	22	30	32.5	39.5	34.5	65	18.5	29.5	26.5	60	38	33	31	40.5	53.5	33	48	47.5	69	34.5	26.5	41.5	37.5	44.5	31.5	52	26	20	49	32	51	33	47.5	33.5	3	20	59	48	34	30.5	1	26.5	7	55	70	22	36.5	0	47.5	58.5	48	66	45	35.5	48.5	52.5	54	29	37.5	48	70.5	
82.5	26	67.5	63.5	48	88.5	63.5	25	41	85	79.5	85.5	32	33	89.5	49.5	47.5	60	22	52	82.5	41	47	44	77.5	25.5	60.5	38.5	33	79	54.5	69.5	30	86.5	27	54	24	55	13	44	79.5	53.5	47.5	26.5	59.5	78.5	60.5	75	61	50.5	37.5	78.5	75.5	41.5	48	46.5	54	40.5	72.5	97.5	39.5	39	47.5	0	86	30.5	83.5	62.5	53	76	5	73.5	36.5	55	75.5	92	
8.5	80	46.5	52.5	68	19.5	34.5	81	65	19	36.5	11.5	68	93	20.5	40.5	68.5	56	86	64	33.5	57	69	68	26.5	76.5	41.5	77.5	83	37	61.5	46.5	86	29.5	81	60	88	49	91	72	30.5	34.5	48.5	89.5	40.5	9.5	41.5	31	47	61.5	66.5	37.5	16.5	74.5	62	57.5	40	51.5	41.5	23.5	60.5	75	58.5	86	0	86.5	32.5	53.5	63	32	91	42.5	67.5	49	16.5	12	
83	30.5	72	68	52.5	89	64	20.5	45.5	89.5	84	86	32.5	32.5	90	50	48	60.5	26.5	56.5	87	41.5	51.5	48.5	82	26	61	43	37.5	81.5	59	74	25.5	91	31.5	54.5	28.5	59.5	21.5	48.5	80	54	48	31	60	79	61	75.5	61.5	51	42	83	76	46	52.5	47	54.5	41	77	98	40	39.5	48	30.5	86.5	0	88	67	57.5	76.5	29.5	78	37	59.5	76	96.5	
29	59.5	26	32	51.5	13	50	96.5	44.5	13.5	28	32	81.5	86.5	12	56	66	53.5	65.5	45.5	21	72.5	50.5	47.5	6	88	53	57	66.5	32.5	53	38	93.5	3	60.5	59.5	67.5	28.5	70.5	57.5	34	50	64	75	54	23	53	38.5	52.5	63	46	27	32	60	41.5	67	55.5	67	21	26	74	74.5	66	83.5	32.5	88	0	41	46.5	37.5	78.5	32	77	28.5	32	20.5	
50	38.5	25	21	30.5	54	31	67.5	23.5	42.5	37	53	54.5	65.5	53	27	45	32.5	44.5	24.5	40	43.5	29.5	26.5	35	63	12	36	45.5	36.5	32	27	72.5	44	39.5	38.5	46.5	12.5	49.5	36.5	43	19	35	54	13	46	12	42.5	31.5	42	25	36	43	39	20.5	44	26.5	38	30	55	47	53.5	45	62.5	53.5	67	41	0	25.5	41.5	57.5	31	54	12.5	43	49.5	
59.5	29	30.5	26.5	21	59.5	40.5	62	14	48	42.5	62.5	49	56	58.5	26.5	35.5	7	35	1	45.5	38	20	17	40.5	57.5	37.5	26.5	36	42	22.5	32.5	63	49.5	30	29	37	18	40	27	48.5	30.5	29.5	44.5	36.5	55.5	37.5	48	32	32.5	15.5	41.5	52.5	29.5	5	36.5	31	32.5	35.5	60.5	41.5	44	35.5	53	63	57.5	46.5	25.5	0	47	48	36.5	46.5	18	52.5	55	
28.5	60	26.5	32.5	52	34.5	24.5	71	45	39	31.5	31.5	58	83	35.5	30.5	58.5	46	66	46	36.5	47	51	48	31.5	66.5	31.5	57.5	67	5	51.5	36.5	76	40.5	61	50	68	29	71	58	25.5	24.5	38.5	75.5	30.5	24.5	31.5	1	37	51.5	46.5	32.5	21.5	60.5	42	47.5	30	41.5	26.5	43.5	50.5	65	48.5	76	32	76.5	37.5	41.5	47	0	79	32.5	57.5	29	21.5	44	
87.5	21	62.5	58.5	43	91.5	68.5	30	36	80	74.5	90.5	37	28	90.5	54.5	42.5	55	17	47	77.5	46	42	39	72.5	30.5	65.5	33.5	28	74	49.5	64.5	35	81.5	22	51	19	50	8	39	80.5	58.5	52.5	21.5	64.5	83.5	65.5	80	64	49.5	32.5	73.5	80.5	36.5	43	51.5	59	45.5	67.5	92.5	44.5	36	52.5	5	91	29.5	78.5	57.5	48	79	0	68.5	41.5	50	80.5	87	
39	49.5	6	22	41.5	45	30	76.5	34.5	33.5	28	42	63.5	76.5	44	36	56	43.5	55.5	35.5	31	52.5	40.5	37.5	26	72	37	47	56.5	27.5	43	28	81.5	35	50.5	49.5	57.5	18.5	60.5	47.5	34	30	44	65	36	35	37	31.5	42.5	53	36	27	32	50	31.5	53	35.5	47	21	46	56	64.5	54	73.5	42.5	78	32	31	36.5	32.5	68.5	0	63	18.5	32	40.5	
64	24.5	61	57	41.5	70	45	31.5	34.5	78.5	67	67	18.5	43.5	71	31	29	41.5	30.5	45.5	74	22.5	40.5	37.5	71	27	42	32	31.5	62.5	42	57	36.5	80	25.5	35.5	32.5	48.5	35.5	37.5	61	35	29	40	41	60	42	56.5	42.5	32	31	68	57	35	41.5	28	35.5	22	66	79	21	25.5	29	36.5	67.5	37	77	54	46.5	57.5	41.5	63	0	48.5	57	79.5	
57.5	31	12.5	8.5	23	41.5	26.5	70	16	30	24.5	54.5	53	58	40.5	35.5	37.5	25	37	17	27.5	44	22	19	22.5	59.5	24.5	28.5	38	24	24.5	14.5	65	31.5	32	31	39	0	42	29	30.5	31.5	37.5	46.5	25.5	51.5	24.5	30	24	34.5	17.5	23.5	44.5	31.5	13	38.5	31	44.5	17.5	42.5	45.5	46	37.5	55	49	59.5	28.5	12.5	18	29	50	18.5	48.5	0	44.5	37	
13	75.5	38	42	57.5	19	24	70.5	60.5	35.5	26	16	57.5	82.5	20	30	58	45.5	81.5	53.5	17	46.5	58.5	61.5	32	66	31	67	72.5	26.5	51	36	75.5	29	76.5	49.5	81.5	44.5	86.5	61.5	20	24	38	79	30	9	31	20.5	36.5	51	62	27	0	64	57.5	47	29.5	41	33	28	50	64.5	48	75.5	16.5	76	32	43	52.5	21.5	80.5	32	57	44.5	0	28.5	
20.5	68	34.5	40.5	60	31.5	46.5	93	53	7	36.5	23.5	80	95	32.5	52.5	74.5	62	74	54	29.5	69	59	56	14.5	88.5	53.5	65.5	75	41	61.5	46.5	98	23.5	69	68	76	37	79	66	42.5	46.5	60.5	83.5	52.5	21.5	53.5	43	59	71.5	54.5	35.5	28.5	68.5	50	69.5	52	63.5	29.5	29.5	72.5	83	70.5	92	12	96.5	20.5	49.5	55	44	87	40.5	79.5	37	28.5	0	
