Number of items: 75
Horizon: 3
Time limit: 750
Load limit: 4500
Initial item inventory level
37
22
91
174
43
13
10
57
104
36
108
45
50
24
44
156
182
13
188
53
74
44
17
94
50
63
48
100
89
89
38
36
45
17
70
178
102
22
74
30
76
74
19
26
130
84
124
92
88
172
80
94
31
136
30
25
59
80
80
174
74
64
126
46
24
148
30
42
30
56
46
48
16
48
49
Maximum inventory capacity per item
74
33
182
261
86
26
20
114
156
54
162
90
75
36
88
234
273
26
282
106
148
66
34
188
100
126
72
150
178
178
76
72
90
34
105
267
153
44
111
60
114
111
38
52
195
168
186
184
176
258
160
141
62
204
60
50
118
160
160
261
111
128
189
92
36
222
45
84
45
112
92
96
32
96
98
Reserve storage replenishment rate per item and per period
222	0	0	
66	0	0	
546	0	0	
522	0	0	
258	0	0	
78	0	0	
60	0	0	
342	0	0	
312	0	0	
108	0	0	
324	0	0	
270	0	0	
150	0	0	
72	0	0	
264	0	0	
468	0	0	
546	0	0	
78	0	0	
564	0	0	
318	0	0	
444	0	0	
132	0	0	
102	0	0	
564	0	0	
300	0	0	
378	0	0	
144	0	0	
300	0	0	
534	0	0	
534	0	0	
228	0	0	
216	0	0	
270	0	0	
102	0	0	
210	0	0	
534	0	0	
306	0	0	
132	0	0	
222	0	0	
180	0	0	
228	0	0	
222	0	0	
114	0	0	
156	0	0	
390	0	0	
504	0	0	
372	0	0	
552	0	0	
528	0	0	
516	0	0	
480	0	0	
282	0	0	
186	0	0	
408	0	0	
180	0	0	
150	0	0	
354	0	0	
480	0	0	
480	0	0	
522	0	0	
222	0	0	
384	0	0	
378	0	0	
276	0	0	
72	0	0	
444	0	0	
90	0	0	
252	0	0	
90	0	0	
336	0	0	
276	0	0	
288	0	0	
96	0	0	
288	0	0	
294	0	0	
Forward storage demand rate per item and per period
37	44	58	
11	9	18	
91	67	137	
87	135	132	
43	18	25	
13	7	4	
10	6	8	
57	75	59	
52	49	21	
18	27	22	
54	57	45	
45	51	52	
25	22	31	
12	11	11	
44	23	47	
78	18	77	
91	127	99	
13	14	11	
94	166	80	
53	52	27	
74	67	67	
22	3	18	
17	25	29	
94	52	125	
50	82	45	
63	73	65	
24	39	26	
50	84	46	
89	109	32	
89	117	116	
38	69	55	
36	22	41	
45	23	45	
17	18	5	
35	40	38	
89	55	76	
51	77	63	
22	24	27	
37	29	10	
30	11	28	
38	37	59	
37	47	21	
19	6	11	
26	31	11	
65	35	52	
84	50	123	
62	81	44	
92	42	79	
88	141	94	
86	56	137	
80	157	107	
47	64	41	
31	35	43	
68	40	22	
30	24	28	
25	25	36	
59	50	80	
80	76	96	
80	71	78	
87	83	91	
37	34	8	
64	88	77	
63	24	63	
46	74	85	
12	15	17	
74	54	82	
15	7	15	
42	60	60	
15	20	6	
56	22	77	
46	54	68	
48	43	46	
16	12	22	
48	8	62	
49	55	69	
Distance matrix
0	58	53	59.5	5	29	85	44	87	29	77	23	98	72	23	41	21	47	18	30	79.5	42.5	16.5	28	80.5	28.5	9	45.5	80	84	47	81.5	31.5	51	15.5	38	69.5	15	58.5	92.5	19	91	47.5	65.5	75.5	45	51	19.5	77	46	75.5	82.5	49	41	54.5	83	95	27.5	51.5	34	12	66.5	70.5	36.5	40.5	66	68.5	49.5	56	11.5	83.5	70	4	63.5	50	2	
58	0	5	32.5	63	47	37	32	35	57	45	41	44	40	61	51	69	45	56	62	47.5	49.5	69.5	64	48.5	41.5	57	38.5	22	38	45	25.5	60.5	41	68.5	46	37.5	53	33.5	54.5	47	41	44.5	31.5	21.5	43	41	42.5	25	46	21.5	50.5	9	29	37.5	39	37	50.5	40.5	42	50	34.5	36.5	29.5	51.5	26	36.5	32.5	36	64.5	43.5	12	62	31.5	42	60	
53	5	0	27.5	58	42	42	27	40	52	40	36	49	35	56	54	64	40	51	67	42.5	50.5	64.5	69	43.5	36.5	52	33.5	27	43	40	30.5	59.5	46	63.5	41	32.5	48	38.5	55.5	42	46	49.5	28.5	26.5	38	44	37.5	30	51	26.5	45.5	4	24	32.5	44	42	45.5	45.5	37	45	29.5	33.5	24.5	48.5	31	31.5	27.5	41	59.5	46.5	17	57	26.5	43	55	
59.5	32.5	27.5	0	64.5	48.5	35.5	33.5	33.5	56.5	51.5	42.5	42.5	46.5	62.5	44.5	64.5	38.5	57.5	55.5	54	43	69	57.5	55	43	58.5	40	20.5	36.5	38.5	24	54	34.5	70	47.5	44	54.5	27	53	48.5	39.5	38	30	20	40.5	34.5	44	23.5	39.5	20	57	23.5	30.5	31	37.5	35.5	52	34	43.5	51.5	41	35	31	45	19.5	43	34	29.5	66	42	20.5	63.5	38	35.5	61.5	
5	63	58	64.5	0	34	90	49	88	34	82	28	97	77	28	46	26	52	23	25	84.5	47.5	21.5	23	85.5	33.5	14	50.5	75	89	52	78.5	36.5	54	20.5	43	74.5	20	61.5	97.5	24	94	42.5	70.5	74.5	50	56	24.5	78	49	74.5	87.5	54	46	59.5	88	90	32.5	48.5	39	17	71.5	75.5	41.5	45.5	69	73.5	54.5	59	16.5	88.5	75	1	68.5	55	3	
29	47	42	48.5	34	0	66	33	64	28	66	6	73	61	32	12	40	36	27	41	68.5	31.5	40.5	43	69.5	17.5	28	34.5	51	67	36	54.5	35.5	30	39.5	27	58.5	24	37.5	81.5	18	70	23.5	54.5	50.5	34	40	13.5	54	17	50.5	71.5	38	30	43.5	68	66	21.5	24.5	23	21	55.5	59.5	25.5	29.5	45	57.5	38.5	35	35.5	72.5	51	33	52.5	39	31	
85	37	42	35.5	90	66	0	51	2	66	38	68	17	37	72	54	74	48	77	65	30.5	52.5	78.5	67	29.5	66.5	84	49.5	15	1	48	13.5	63.5	44	79.5	57	30.5	80	36.5	27.5	74	14	47.5	29.5	19.5	50	44	69.5	18	49	19.5	37.5	44	54	40.5	2	10	67.5	43.5	61	77	31.5	24.5	56.5	54.5	29	26.5	45.5	39	83.5	16.5	25	89	31.5	45	87	
44	32	27	33.5	49	33	51	0	49	43	51	27	58	46	47	45	55	31	42	56	53.5	41.5	55.5	58	54.5	27.5	43	24.5	36	52	31	39.5	50.5	35	54.5	32	43.5	39	27.5	66.5	33	55	38.5	39.5	35.5	29	35	28.5	39	40	35.5	56.5	23	3	28.5	53	51	36.5	34.5	28	36	40.5	44.5	15.5	39.5	30	42.5	23.5	30	50.5	57.5	36	48	37.5	34	46	
87	35	40	33.5	88	64	2	49	0	64	36	70	15	39	70	52	72	46	75	63	28.5	50.5	76.5	65	27.5	64.5	84	47.5	13	3	46	11.5	61.5	42	77.5	55	28.5	78	34.5	25.5	74	12	45.5	27.5	17.5	48	42	71.5	16	47	17.5	35.5	44	52	38.5	4	8	65.5	41.5	59	79	31.5	22.5	56.5	52.5	27	24.5	43.5	37	81.5	14.5	23	89	29.5	43	89	
29	57	52	56.5	34	28	66	43	64	0	76	22	73	71	32	30	40	44	27	31	78.5	33.5	40.5	33	79.5	27.5	28	44.5	51	67	44	54.5	29.5	30	39.5	37	68.5	24	37.5	83.5	10	70	18.5	60.5	50.5	44	40	18.5	54	25	50.5	81.5	48	40	51.5	68	66	26.5	24.5	33	21	65.5	65.5	35.5	35.5	45	67.5	48.5	35	35.5	72.5	51	33	62.5	41	31	
77	45	40	51.5	82	66	38	51	36	76	0	60	21	5	80	78	88	64	75	93	21.5	74.5	88.5	95	22.5	60.5	76	57.5	43	39	64	41.5	83.5	72	87.5	65	21.5	72	64.5	29.5	66	32	75.5	47.5	47.5	62	68	61.5	46	77	47.5	19.5	36	48	56.5	40	28	69.5	71.5	61	69	18.5	42.5	48.5	72.5	57	30.5	51.5	67	83.5	35.5	53	81	25.5	67	79	
23	41	36	42.5	28	6	68	27	70	22	60	0	79	55	26	18	34	30	21	47	62.5	25.5	34.5	49	63.5	11.5	22	28.5	57	67	30	60.5	29.5	34	33.5	21	52.5	18	41.5	75.5	12	74	29.5	48.5	56.5	28	34	7.5	60	23	56.5	65.5	32	24	37.5	66	72	15.5	30.5	17	15	49.5	53.5	19.5	23.5	49	51.5	32.5	39	29.5	66.5	53	27	46.5	33	25	
98	44	49	42.5	97	73	17	58	15	73	21	79	0	26	79	61	81	55	84	72	22.5	59.5	85.5	74	21.5	73.5	93	56.5	22	18	55	20.5	70.5	51	86.5	64	32.5	87	43.5	14.5	83	11	54.5	36.5	26.5	57	51	82.5	25	56	26.5	24.5	53	61	47.5	19	7	74.5	50.5	68	90	35.5	31.5	65.5	61.5	36	33.5	52.5	46	90.5	18.5	32	98	38.5	52	100	
72	40	35	46.5	77	61	37	46	39	71	5	55	26	0	75	73	83	59	70	98	16.5	69.5	83.5	100	17.5	55.5	71	52.5	48	36	59	46.5	78.5	73	82.5	60	16.5	67	65.5	24.5	61	33	80.5	42.5	52.5	57	63	56.5	49	78	52.5	14.5	31	43	51.5	35	33	64.5	76.5	56	64	13.5	37.5	43.5	67.5	58	25.5	46.5	68	78.5	30.5	52	76	20.5	62	74	
23	61	56	62.5	28	32	72	47	70	32	80	26	79	75	0	36	34	50	5	27	82.5	39.5	34.5	29	83.5	31.5	22	48.5	57	73	50	60.5	30.5	36	33.5	41	72.5	8	43.5	89.5	22	76	24.5	66.5	56.5	48	46	22.5	60	31	56.5	85.5	52	44	57.5	74	72	30.5	30.5	37	11	69.5	71.5	39.5	41.5	51	71.5	52.5	41	29.5	78.5	57	27	66.5	47	25	
41	51	54	44.5	46	12	54	45	52	30	78	18	61	73	36	0	38	32	39	29	74.5	21.5	42.5	31	73.5	29.5	40	38.5	39	55	32	42.5	27.5	18	43.5	31	70.5	36	25.5	71.5	30	58	11.5	48.5	38.5	34	28	25.5	42	5	38.5	81.5	50	42	39.5	56	54	31.5	12.5	35	33	67.5	53.5	37.5	23.5	33	65.5	44.5	23	47.5	60.5	39	45	64.5	29	43	
21	69	64	64.5	26	40	74	55	72	40	88	34	81	83	34	38	0	52	29	19	90.5	41.5	32.5	21	91.5	39.5	12	56.5	59	75	52	62.5	32.5	38	31.5	49	80.5	26	45.5	91.5	30	78	26.5	68.5	58.5	54	48	30.5	62	33	58.5	93.5	60	52	59.5	76	74	38.5	32.5	45	23	77.5	73.5	47.5	43.5	53	79.5	60.5	43	27.5	80.5	59	25	74.5	49	23	
47	45	40	38.5	52	36	48	31	46	44	64	30	55	59	50	32	52	0	45	43	66.5	30.5	56.5	45	67.5	30.5	46	32.5	33	49	0	36.5	41.5	22	57.5	35	56.5	42	19.5	65.5	36	52	25.5	42.5	32.5	2	4	31.5	36	27	32.5	69.5	36	28	33.5	50	48	39.5	21.5	31	39	53.5	47.5	23.5	32.5	27	55.5	36.5	9	53.5	54.5	33	51	50.5	3	49	
18	56	51	57.5	23	27	77	42	75	27	75	21	84	70	5	39	29	45	0	32	77.5	40.5	29.5	34	78.5	26.5	17	43.5	62	78	45	65.5	29.5	41	28.5	36	67.5	3	48.5	90.5	17	81	29.5	63.5	61.5	43	49	17.5	65	36	61.5	80.5	47	39	52.5	79	77	25.5	35.5	32	6	64.5	68.5	34.5	38.5	56	66.5	47.5	46	24.5	81.5	62	22	61.5	48	20	
30	62	67	55.5	25	41	65	56	63	31	93	47	72	98	27	29	19	43	32	0	85.5	32.5	18.5	2	84.5	46.5	31	49.5	50	66	43	53.5	23.5	29	19.5	42	85.5	35	36.5	82.5	41	69	17.5	59.5	49.5	45	39	45.5	53	24	49.5	92.5	71	59	50.5	67	65	37.5	23.5	46	38	88.5	64.5	58.5	34.5	44	76.5	55.5	34	23.5	71.5	50	26	81.5	40	28	
79.5	47.5	42.5	54	84.5	68.5	30.5	53.5	28.5	78.5	21.5	62.5	22.5	16.5	82.5	74.5	90.5	66.5	77.5	85.5	0	73	91	87.5	1	63	78.5	60	35.5	31.5	66.5	34	84	64.5	90	67.5	24	74.5	57	33	68.5	24.5	68	50	40	64.5	64.5	64	38.5	69.5	40	27	38.5	50.5	59	32.5	20.5	72	64	63.5	71.5	21	45	51	75	49.5	33	54	59.5	86	32	45.5	83.5	28	65.5	81.5	
42.5	49.5	50.5	43	47.5	31.5	52.5	41.5	50.5	33.5	74.5	25.5	59.5	69.5	39.5	21.5	41.5	30.5	40.5	32.5	73	0	46	34.5	72	14	41.5	37	37.5	53.5	30.5	41	31	16.5	47	29.5	67	37.5	24	70	31.5	56.5	15	47	37	32.5	26.5	27	40.5	16.5	37	80	46.5	38.5	38	54.5	52.5	35	9	31.5	34.5	64	52	34	2	31.5	64	43	21.5	49	59	37.5	46.5	61	27.5	44.5	
16.5	69.5	64.5	69	21.5	40.5	78.5	55.5	76.5	40.5	88.5	34.5	85.5	83.5	34.5	42.5	32.5	56.5	29.5	18.5	91	46	0	20.5	92	40	20.5	57	63.5	79.5	56.5	67	37	42.5	1	49.5	81	26.5	50	96	30.5	82.5	31	73	63	56.5	52.5	31	66.5	37.5	63	94	60.5	52.5	64	80.5	78.5	39	37	45.5	23.5	78	78	48	48	57.5	80	61	47.5	5	85	63.5	20.5	75	53.5	18.5	
28	64	69	57.5	23	43	67	58	65	33	95	49	74	100	29	31	21	45	34	2	87.5	34.5	20.5	0	86.5	48.5	33	51.5	52	68	45	55.5	25.5	31	21.5	44	87.5	37	38.5	84.5	43	71	19.5	61.5	51.5	47	41	47.5	55	26	51.5	94.5	73	61	52.5	69	67	39.5	25.5	48	40	90.5	66.5	60.5	36.5	46	78.5	57.5	36	25.5	73.5	52	24	83.5	42	26	
80.5	48.5	43.5	55	85.5	69.5	29.5	54.5	27.5	79.5	22.5	63.5	21.5	17.5	83.5	73.5	91.5	67.5	78.5	84.5	1	72	92	86.5	0	64	79.5	61	34.5	30.5	67.5	33	83	63.5	91	68.5	25	75.5	56	32	69.5	23.5	67	49	39	65.5	63.5	65	37.5	68.5	39	28	39.5	51.5	60	31.5	19.5	73	63	64.5	72.5	22	44	52	74	48.5	34	55	58.5	87	31	44.5	84.5	29	64.5	82.5	
28.5	41.5	36.5	43	33.5	17.5	66.5	27.5	64.5	27.5	60.5	11.5	73.5	55.5	31.5	29.5	39.5	30.5	26.5	46.5	63	14	40	48.5	64	0	27.5	29	51.5	67.5	30.5	55	35	30.5	39	21.5	53	23.5	38	76	17.5	70.5	29	49	51	28.5	34.5	13	54.5	30.5	51	66	32.5	24.5	38	66.5	66.5	21	23	17.5	20.5	50	54	20	12	45.5	52	33	35.5	35	67	51.5	32.5	47	33.5	30.5	
9	57	52	58.5	14	28	84	43	84	28	76	22	93	71	22	40	12	46	17	31	78.5	41.5	20.5	33	79.5	27.5	0	44.5	71	83	46	74.5	30.5	50	19.5	37	68.5	14	57.5	91.5	18	90	38.5	64.5	70.5	44	50	18.5	74	45	70.5	81.5	48	40	53.5	82	86	26.5	44.5	33	11	65.5	69.5	35.5	39.5	65	67.5	48.5	55	15.5	82.5	69	13	62.5	49	11	
45.5	38.5	33.5	40	50.5	34.5	49.5	24.5	47.5	44.5	57.5	28.5	56.5	52.5	48.5	38.5	56.5	32.5	43.5	49.5	60	37	57	51.5	61	29	44.5	0	34.5	50.5	32.5	38	48	28.5	56	33.5	50	40.5	13	67	34.5	53.5	32	44	34	30.5	28.5	30	37.5	33.5	34	63	29.5	21.5	35	51.5	49.5	38	28	29.5	37.5	47	49	9	39	28.5	49	30	23.5	52	56	34.5	49.5	44	29.5	47.5	
80	22	27	20.5	75	51	15	36	13	51	43	57	22	48	57	39	59	33	62	50	35.5	37.5	63.5	52	34.5	51.5	71	34.5	0	16	33	3.5	48.5	29	64.5	42	35.5	65	21.5	32.5	61	19	32.5	14.5	4.5	35	29	60.5	3	34	4.5	42.5	31	39	25.5	17	15	52.5	28.5	46	68	38.5	14.5	43.5	39.5	14	26.5	30.5	24	68.5	21.5	10	76	31.5	30	78	
84	38	43	36.5	89	67	1	52	3	67	39	67	18	36	73	55	75	49	78	66	31.5	53.5	79.5	68	30.5	67.5	83	50.5	16	0	49	14.5	64.5	45	80.5	58	31.5	79	37.5	28.5	73	15	48.5	30.5	20.5	51	45	68.5	19	50	20.5	38.5	43	55	41.5	1	11	68.5	44.5	62	76	30.5	25.5	55.5	55.5	30	27.5	46.5	40	84.5	17.5	26	88	32.5	46	86	
47	45	40	38.5	52	36	48	31	46	44	64	30	55	59	50	32	52	0	45	43	66.5	30.5	56.5	45	67.5	30.5	46	32.5	33	49	0	36.5	41.5	22	57.5	35	56.5	42	19.5	65.5	36	52	25.5	42.5	32.5	2	4	31.5	36	27	32.5	69.5	36	28	33.5	50	48	39.5	21.5	31	39	53.5	47.5	23.5	32.5	27	55.5	36.5	9	53.5	54.5	33	51	50.5	3	49	
81.5	25.5	30.5	24	78.5	54.5	13.5	39.5	11.5	54.5	41.5	60.5	20.5	46.5	60.5	42.5	62.5	36.5	65.5	53.5	34	41	67	55.5	33	55	74.5	38	3.5	14.5	36.5	0	52	32.5	68	45.5	34	68.5	25	31	64.5	17.5	36	18	8	38.5	32.5	64	6.5	37.5	8	41	34.5	42.5	29	15.5	13.5	56	32	49.5	71.5	37	11	47	43	17.5	25	34	27.5	72	20	13.5	79.5	30	33.5	81.5	
31.5	60.5	59.5	54	36.5	35.5	63.5	50.5	61.5	29.5	83.5	29.5	70.5	78.5	30.5	27.5	32.5	41.5	29.5	23.5	84	31	37	25.5	83	35	30.5	48	48.5	64.5	41.5	52	0	27.5	38	40.5	76	26.5	35	81	25.5	67.5	16	58	48	43.5	37.5	26	51.5	22.5	48	89	55.5	47.5	49	65.5	63.5	34	22	40.5	23.5	73	63	43	33	42.5	75	54	32.5	38	70	48.5	35.5	70	38.5	33.5	
51	41	46	34.5	54	30	44	35	42	30	72	34	51	73	36	18	38	22	41	29	64.5	16.5	42.5	31	63.5	30.5	50	28.5	29	45	22	32.5	27.5	0	43.5	13	64.5	44	15.5	61.5	40	48	11.5	38.5	28.5	24	18	35.5	32	13	28.5	71.5	50	38	29.5	46	44	31.5	7.5	17	43	67.5	43.5	37.5	18.5	23	55.5	34.5	13	47.5	50.5	29	55	60.5	19	53	
15.5	68.5	63.5	70	20.5	39.5	79.5	54.5	77.5	39.5	87.5	33.5	86.5	82.5	33.5	43.5	31.5	57.5	28.5	19.5	90	47	1	21.5	91	39	19.5	56	64.5	80.5	57.5	68	38	43.5	0	48.5	80	25.5	51	97	29.5	83.5	32	74	64	55.5	53.5	30	67.5	38.5	64	93	59.5	51.5	65	81.5	79.5	38	38	44.5	22.5	77	79	47	49	58.5	79	60	48.5	4	86	64.5	19.5	74	54.5	17.5	
38	46	41	47.5	43	27	57	32	55	37	65	21	64	60	41	31	49	35	36	42	67.5	29.5	49.5	44	68.5	21.5	37	33.5	42	58	35	45.5	40.5	13	48.5	0	57.5	33	28.5	74.5	27	61	24.5	51.5	41.5	33	31	22.5	45	26	41.5	70.5	37	29	42.5	59	57	30.5	20.5	4	30	54.5	56.5	24.5	31.5	36	56.5	37.5	26	44.5	63.5	42	42	51.5	32	40	
69.5	37.5	32.5	44	74.5	58.5	30.5	43.5	28.5	68.5	21.5	52.5	32.5	16.5	72.5	70.5	80.5	56.5	67.5	85.5	24	67	81	87.5	25	53	68.5	50	35.5	31.5	56.5	34	76	64.5	80	57.5	0	64.5	57	37	58.5	29.5	68	40	40	54.5	60.5	54	38.5	69.5	40	27	28.5	40.5	49	32.5	25.5	62	64	53.5	61.5	3	35	41	65	49.5	23	44	59.5	76	14	45.5	73.5	18	59.5	71.5	
15	53	48	54.5	20	24	80	39	78	24	72	18	87	67	8	36	26	42	3	35	74.5	37.5	26.5	37	75.5	23.5	14	40.5	65	79	42	68.5	26.5	44	25.5	33	64.5	0	51.5	87.5	14	84	32.5	60.5	64.5	40	46	14.5	68	39	64.5	77.5	44	36	49.5	78	80	22.5	38.5	29	3	61.5	65.5	31.5	35.5	59	63.5	44.5	49	21.5	78.5	65	19	58.5	45	17	
58.5	33.5	38.5	27	61.5	37.5	36.5	27.5	34.5	37.5	64.5	41.5	43.5	65.5	43.5	25.5	45.5	19.5	48.5	36.5	57	24	50	38.5	56	38	57.5	13	21.5	37.5	19.5	25	35	15.5	51	28.5	57	51.5	0	54	47.5	40.5	19	31	21	21.5	15.5	43	24.5	20.5	21	64	42.5	30.5	22	38.5	36.5	39	15	32.5	50.5	60	36	22	26	15.5	48	27	10.5	55	43	21.5	62.5	53	16.5	60.5	
92.5	54.5	55.5	53	97.5	81.5	27.5	66.5	25.5	83.5	29.5	75.5	14.5	24.5	89.5	71.5	91.5	65.5	90.5	82.5	33	70	96	84.5	32	76	91.5	67	32.5	28.5	65.5	31	81	61.5	97	74.5	37	87.5	54	0	81.5	21.5	65	47	37	67.5	61.5	77	35.5	66.5	37	10	51.5	63.5	58	29.5	17.5	85	61	76.5	84.5	34	42	64	72	46.5	44	63	56.5	99	29	42.5	96.5	41	62.5	94.5	
19	47	42	48.5	24	18	74	33	74	10	66	12	83	61	22	30	30	36	17	41	68.5	31.5	30.5	43	69.5	17.5	18	34.5	61	73	36	64.5	25.5	40	29.5	27	58.5	14	47.5	81.5	0	80	28.5	54.5	60.5	34	40	8.5	64	35	60.5	71.5	38	30	43.5	72	76	16.5	34.5	23	11	55.5	59.5	25.5	29.5	55	57.5	38.5	45	25.5	72.5	59	23	52.5	39	21	
91	41	46	39.5	94	70	14	55	12	70	32	74	11	33	76	58	78	52	81	69	24.5	56.5	82.5	71	23.5	70.5	90	53.5	19	15	52	17.5	67.5	48	83.5	61	29.5	84	40.5	21.5	80	0	51.5	33.5	23.5	54	48	75.5	22	53	23.5	31.5	50	58	44.5	16	4	71.5	47.5	65	83	32.5	28.5	62.5	58.5	33	30.5	49.5	43	87.5	15.5	29	95	35.5	49	93	
47.5	44.5	49.5	38	42.5	23.5	47.5	38.5	45.5	18.5	75.5	29.5	54.5	80.5	24.5	11.5	26.5	25.5	29.5	17.5	68	15	31	19.5	67	29	38.5	32	32.5	48.5	25.5	36	16	11.5	32	24.5	68	32.5	19	65	28.5	51.5	0	42	32	27.5	21.5	28	35.5	6.5	32	75	53.5	41.5	33	49.5	47.5	20	6	28.5	35.5	71	47	41	17	26.5	59	38	16.5	36	54	32.5	43.5	64	22.5	45.5	
65.5	31.5	28.5	30	70.5	54.5	29.5	39.5	27.5	60.5	47.5	48.5	36.5	42.5	66.5	48.5	68.5	42.5	63.5	59.5	50	47	73	61.5	49	49	64.5	44	14.5	30.5	42.5	18	58	38.5	74	51.5	40	60.5	31	47	54.5	33.5	42	0	10	44.5	38.5	50	17.5	43.5	10	53	24.5	36.5	35	31.5	29.5	58	38	49.5	57.5	37	29	37	49	23.5	39	40	33.5	72	36	19.5	69.5	34	39.5	67.5	
75.5	21.5	26.5	20	74.5	50.5	19.5	35.5	17.5	50.5	47.5	56.5	26.5	52.5	56.5	38.5	58.5	32.5	61.5	49.5	40	37	63	51.5	39	51	70.5	34	4.5	20.5	32.5	8	48	28.5	64	41.5	40	64.5	21	37	60.5	23.5	32	10	0	34.5	28.5	60	7.5	33.5	0	47	30.5	38.5	25	21.5	19.5	52	28	45.5	67.5	43	19	43	39	13.5	31	30	23.5	68	26	9.5	75.5	36	29.5	77.5	
45	43	38	40.5	50	34	50	29	48	44	62	28	57	57	48	34	54	2	43	45	64.5	32.5	56.5	47	65.5	28.5	44	30.5	35	51	2	38.5	43.5	24	55.5	33	54.5	40	21.5	67.5	34	54	27.5	44.5	34.5	0	6	29.5	38	29	34.5	67.5	34	26	35.5	52	50	37.5	23.5	29	37	51.5	49.5	21.5	34.5	29	53.5	34.5	11	51.5	56.5	35	49	48.5	5	47	
51	41	44	34.5	56	40	44	35	42	40	68	34	51	63	46	28	48	4	49	39	64.5	26.5	52.5	41	63.5	34.5	50	28.5	29	45	4	32.5	37.5	18	53.5	31	60.5	46	15.5	61.5	40	48	21.5	38.5	28.5	6	0	35.5	32	23	28.5	71.5	40	32	29.5	46	44	41.5	17.5	35	43	57.5	43.5	27.5	28.5	23	55.5	34.5	5	57.5	50.5	29	55	54.5	1	53	
19.5	42.5	37.5	44	24.5	13.5	69.5	28.5	71.5	18.5	61.5	7.5	82.5	56.5	22.5	25.5	30.5	31.5	17.5	45.5	64	27	31	47.5	65	13	18.5	30	60.5	68.5	31.5	64	26	35.5	30	22.5	54	14.5	43	77	8.5	75.5	28	50	60	29.5	35.5	0	61.5	30.5	60	67	33.5	25.5	39	67.5	75.5	8	34	18.5	11.5	51	55	21	25	50.5	53	34	40.5	26	68	54.5	23.5	48	34.5	21.5	
77	25	30	23.5	78	54	18	39	16	54	46	60	25	49	60	42	62	36	65	53	38.5	40.5	66.5	55	37.5	54.5	74	37.5	3	19	36	6.5	51.5	32	67.5	45	38.5	68	24.5	35.5	64	22	35.5	17.5	7.5	38	32	61.5	0	37	7.5	45.5	34	42	28.5	20	18	55.5	31.5	49	69	41.5	17.5	46.5	42.5	17	29.5	33.5	27	71.5	24.5	13	79	34.5	33	79	
46	46	51	39.5	49	17	49	40	47	25	77	23	56	78	31	5	33	27	36	24	69.5	16.5	37.5	26	68.5	30.5	45	33.5	34	50	27	37.5	22.5	13	38.5	26	69.5	39	20.5	66.5	35	53	6.5	43.5	33.5	29	23	30.5	37	0	33.5	76.5	55	43	34.5	51	49	26.5	7.5	30	38	72.5	48.5	42.5	18.5	28	60.5	39.5	18	42.5	55.5	34	50	65.5	24	48	
75.5	21.5	26.5	20	74.5	50.5	19.5	35.5	17.5	50.5	47.5	56.5	26.5	52.5	56.5	38.5	58.5	32.5	61.5	49.5	40	37	63	51.5	39	51	70.5	34	4.5	20.5	32.5	8	48	28.5	64	41.5	40	64.5	21	37	60.5	23.5	32	10	0	34.5	28.5	60	7.5	33.5	0	47	30.5	38.5	25	21.5	19.5	52	28	45.5	67.5	43	19	43	39	13.5	31	30	23.5	68	26	9.5	75.5	36	29.5	77.5	
82.5	50.5	45.5	57	87.5	71.5	37.5	56.5	35.5	81.5	19.5	65.5	24.5	14.5	85.5	81.5	93.5	69.5	80.5	92.5	27	80	94	94.5	28	66	81.5	63	42.5	38.5	69.5	41	89	71.5	93	70.5	27	77.5	64	10	71.5	31.5	75	53	47	67.5	71.5	67	45.5	76.5	47	0	41.5	53.5	62	39.5	27.5	75	71	66.5	74.5	24	48	54	78	56.5	36	57	66.5	89	39	52.5	86.5	31	72.5	84.5	
49	9	4	23.5	54	38	44	23	44	48	36	32	53	31	52	50	60	36	47	71	38.5	46.5	60.5	73	39.5	32.5	48	29.5	31	43	36	34.5	55.5	50	59.5	37	28.5	44	42.5	51.5	38	50	53.5	24.5	30.5	34	40	33.5	34	55	30.5	41.5	0	20	28.5	42	46	41.5	49.5	33	41	25.5	29.5	20.5	44.5	35	27.5	23.5	45	55.5	42.5	21	53	22.5	39	51	
41	29	24	30.5	46	30	54	3	52	40	48	24	61	43	44	42	52	28	39	59	50.5	38.5	52.5	61	51.5	24.5	40	21.5	39	55	28	42.5	47.5	38	51.5	29	40.5	36	30.5	63.5	30	58	41.5	36.5	38.5	26	32	25.5	42	43	38.5	53.5	20	0	25.5	54	54	33.5	37.5	25	33	37.5	41.5	12.5	36.5	33	39.5	20.5	33	47.5	54.5	39	45	34.5	31	43	
54.5	37.5	32.5	31	59.5	43.5	40.5	28.5	38.5	51.5	56.5	37.5	47.5	51.5	57.5	39.5	59.5	33.5	52.5	50.5	59	38	64	52.5	60	38	53.5	35	25.5	41.5	33.5	29	49	29.5	65	42.5	49	49.5	22	58	43.5	44.5	33	35	25	35.5	29.5	39	28.5	34.5	25	62	28.5	25.5	0	42.5	40.5	47	29	38.5	46.5	46	40	26	40	19.5	48	5	24.5	61	47	25.5	58.5	43	30.5	56.5	
83	39	44	37.5	88	68	2	53	4	68	40	66	19	35	74	56	76	50	79	67	32.5	54.5	80.5	69	31.5	66.5	82	51.5	17	1	50	15.5	65.5	46	81.5	59	32.5	78	38.5	29.5	72	16	49.5	31.5	21.5	52	46	67.5	20	51	21.5	39.5	42	54	42.5	0	12	69.5	45.5	63	75	29.5	26.5	54.5	56.5	31	28.5	47.5	41	85.5	18.5	27	87	31.5	47	85	
95	37	42	35.5	90	66	10	51	8	66	28	72	7	33	72	54	74	48	77	65	20.5	52.5	78.5	67	19.5	66.5	86	49.5	15	11	48	13.5	63.5	44	79.5	57	25.5	80	36.5	17.5	76	4	47.5	29.5	19.5	50	44	75.5	18	49	19.5	27.5	46	54	40.5	12	0	67.5	43.5	61	83	28.5	24.5	58.5	54.5	29	26.5	45.5	39	83.5	11.5	25	91	31.5	45	93	
27.5	50.5	45.5	52	32.5	21.5	67.5	36.5	65.5	26.5	69.5	15.5	74.5	64.5	30.5	31.5	38.5	39.5	25.5	37.5	72	35	39	39.5	73	21	26.5	38	52.5	68.5	39.5	56	34	31.5	38	30.5	62	22.5	39	85	16.5	71.5	20	58	52	37.5	41.5	8	55.5	26.5	52	75	41.5	33.5	47	69.5	67.5	0	26	26.5	19.5	59	63	29	33	46.5	61	42	36.5	34	74	52.5	31.5	56	42.5	29.5	
51.5	40.5	45.5	34	48.5	24.5	43.5	34.5	41.5	24.5	71.5	30.5	50.5	76.5	30.5	12.5	32.5	21.5	35.5	23.5	64	9	37	25.5	63	23	44.5	28	28.5	44.5	21.5	32	22	7.5	38	20.5	64	38.5	15	61	34.5	47.5	6	38	28	23.5	17.5	34	31.5	7.5	28	71	49.5	37.5	29	45.5	43.5	26	0	24.5	41.5	67	43	37	11	22.5	55	34	12.5	42	50	28.5	49.5	60	18.5	51.5	
34	42	37	43.5	39	23	61	28	59	33	61	17	68	56	37	35	45	31	32	46	63.5	31.5	45.5	48	64.5	17.5	33	29.5	46	62	31	49.5	40.5	17	44.5	4	53.5	29	32.5	76.5	23	65	28.5	49.5	45.5	29	35	18.5	49	30	45.5	66.5	33	25	38.5	63	61	26.5	24.5	0	26	50.5	54.5	20.5	29.5	40	52.5	33.5	30	40.5	67.5	46	38	47.5	34	36	
12	50	45	51.5	17	21	77	36	79	21	69	15	90	64	11	33	23	39	6	38	71.5	34.5	23.5	40	72.5	20.5	11	37.5	68	76	39	71.5	23.5	43	22.5	30	61.5	3	50.5	84.5	11	83	35.5	57.5	67.5	37	43	11.5	69	38	67.5	74.5	41	33	46.5	75	83	19.5	41.5	26	0	58.5	62.5	28.5	32.5	58	60.5	41.5	48	18.5	75.5	62	16	55.5	42	14	
66.5	34.5	29.5	41	71.5	55.5	31.5	40.5	31.5	65.5	18.5	49.5	35.5	13.5	69.5	67.5	77.5	53.5	64.5	88.5	21	64	78	90.5	22	50	65.5	47	38.5	30.5	53.5	37	73	67.5	77	54.5	3	61.5	60	34	55.5	32.5	71	37	43	51.5	57.5	51	41.5	72.5	43	24	25.5	37.5	46	29.5	28.5	59	67	50.5	58.5	0	32	38	62	52.5	20	41	62.5	73	17	46.5	70.5	15	56.5	68.5	
70.5	36.5	33.5	35	75.5	59.5	24.5	44.5	22.5	65.5	42.5	53.5	31.5	37.5	71.5	53.5	73.5	47.5	68.5	64.5	45	52	78	66.5	44	54	69.5	49	14.5	25.5	47.5	11	63	43.5	79	56.5	35	65.5	36	42	59.5	28.5	47	29	19	49.5	43.5	55	17.5	48.5	19	48	29.5	41.5	40	26.5	24.5	63	43	54.5	62.5	32	0	42	54	28.5	34	45	38.5	77	31	24.5	74.5	29	44.5	72.5	
36.5	29.5	24.5	31	41.5	25.5	56.5	15.5	56.5	35.5	48.5	19.5	65.5	43.5	39.5	37.5	47.5	23.5	34.5	58.5	51	34	48	60.5	52	20	35.5	9	43.5	55.5	23.5	47	43	37.5	47	24.5	41	31.5	22	64	25.5	62.5	41	37	43	21.5	27.5	21	46.5	42.5	43	54	20.5	12.5	26	54.5	58.5	29	37	20.5	28.5	38	42	0	32	37.5	40	21	32.5	43	55	41.5	40.5	35	26.5	38.5	
40.5	51.5	48.5	45	45.5	29.5	54.5	39.5	52.5	35.5	72.5	23.5	61.5	67.5	41.5	23.5	43.5	32.5	38.5	34.5	75	2	48	36.5	74	12	39.5	39	39.5	55.5	32.5	43	33	18.5	49	31.5	65	35.5	26	72	29.5	58.5	17	49	39	34.5	28.5	25	42.5	18.5	39	78	44.5	36.5	40	56.5	54.5	33	11	29.5	32.5	62	54	32	0	33.5	64	45	23.5	47	61	39.5	44.5	59	29.5	42.5	
66	26	31	19.5	69	45	29	30	27	45	57	49	36	58	51	33	53	27	56	44	49.5	31.5	57.5	46	48.5	45.5	65	28.5	14	30	27	17.5	42.5	23	58.5	36	49.5	59	15.5	46.5	55	33	26.5	23.5	13.5	29	23	50.5	17	28	13.5	56.5	35	33	19.5	31	29	46.5	22.5	40	58	52.5	28.5	37.5	33.5	0	40.5	24.5	18	62.5	35.5	14	70	45.5	24	68	
68.5	36.5	31.5	43	73.5	57.5	26.5	42.5	24.5	67.5	30.5	51.5	33.5	25.5	71.5	65.5	79.5	55.5	66.5	76.5	33	64	80	78.5	34	52	67.5	49	26.5	27.5	55.5	25	75	55.5	79	56.5	23	63.5	48	44	57.5	30.5	59	39	31	53.5	55.5	53	29.5	60.5	31	36	27.5	39.5	48	28.5	26.5	61	55	52.5	60.5	20	34	40	64	40.5	0	43	50.5	75	33	36.5	72.5	5	56.5	70.5	
49.5	32.5	27.5	34	54.5	38.5	45.5	23.5	43.5	48.5	51.5	32.5	52.5	46.5	52.5	44.5	60.5	36.5	47.5	55.5	54	43	61	57.5	55	33	48.5	30	30.5	46.5	36.5	34	54	34.5	60	37.5	44	44.5	27	63	38.5	49.5	38	40	30	34.5	34.5	34	33.5	39.5	30	57	23.5	20.5	5	47.5	45.5	42	34	33.5	41.5	41	45	21	45	24.5	43	0	29.5	56	52	30.5	53.5	38	35.5	51.5	
56	36	41	29.5	59	35	39	30	37	35	67	39	46	68	41	23	43	9	46	34	59.5	21.5	47.5	36	58.5	35.5	55	23.5	24	40	9	27.5	32.5	13	48.5	26	59.5	49	10.5	56.5	45	43	16.5	33.5	23.5	11	5	40.5	27	18	23.5	66.5	45	33	24.5	41	39	36.5	12.5	30	48	62.5	38.5	32.5	23.5	18	50.5	29.5	0	52.5	45.5	24	60	55.5	6	58	
11.5	64.5	59.5	66	16.5	35.5	83.5	50.5	81.5	35.5	83.5	29.5	90.5	78.5	29.5	47.5	27.5	53.5	24.5	23.5	86	49	5	25.5	87	35	15.5	52	68.5	84.5	53.5	72	38	47.5	4	44.5	76	21.5	55	99	25.5	87.5	36	72	68	51.5	57.5	26	71.5	42.5	68	89	55.5	47.5	61	85.5	83.5	34	42	40.5	18.5	73	77	43	47	62.5	75	56	52.5	0	90	68.5	15.5	70	56.5	13.5	
83.5	43.5	46.5	42	88.5	72.5	16.5	57.5	14.5	72.5	35.5	66.5	18.5	30.5	78.5	60.5	80.5	54.5	81.5	71.5	32	59	85	73.5	31	67	82.5	56	21.5	17.5	54.5	20	70	50.5	86	63.5	14	78.5	43	29	72.5	15.5	54	36	26	56.5	50.5	68	24.5	55.5	26	39	42.5	54.5	47	18.5	11.5	74	50	67.5	75.5	17	31	55	61	35.5	33	52	45.5	90	0	31.5	87.5	32	51.5	85.5	
70	12	17	20.5	75	51	25	36	23	51	53	53	32	52	57	39	59	33	62	50	45.5	37.5	63.5	52	44.5	51.5	69	34.5	10	26	33	13.5	48.5	29	64.5	42	45.5	65	21.5	42.5	59	29	32.5	19.5	9.5	35	29	54.5	13	34	9.5	52.5	21	39	25.5	27	25	52.5	28.5	46	62	46.5	24.5	41.5	39.5	14	36.5	30.5	24	68.5	31.5	0	74	41.5	30	72	
4	62	57	63.5	1	33	89	48	89	33	81	27	98	76	27	45	25	51	22	26	83.5	46.5	20.5	24	84.5	32.5	13	49.5	76	88	51	79.5	35.5	55	19.5	42	73.5	19	62.5	96.5	23	95	43.5	69.5	75.5	49	55	23.5	79	50	75.5	86.5	53	45	58.5	87	91	31.5	49.5	38	16	70.5	74.5	40.5	44.5	70	72.5	53.5	60	15.5	87.5	74	0	67.5	54	2	
63.5	31.5	26.5	38	68.5	52.5	31.5	37.5	29.5	62.5	25.5	46.5	38.5	20.5	66.5	64.5	74.5	50.5	61.5	81.5	28	61	75	83.5	29	47	62.5	44	31.5	32.5	50.5	30	70	60.5	74	51.5	18	58.5	53	41	52.5	35.5	64	34	36	48.5	54.5	48	34.5	65.5	36	31	22.5	34.5	43	31.5	31.5	56	60	47.5	55.5	15	29	35	59	45.5	5	38	55.5	70	32	41.5	67.5	0	53.5	65.5	
50	42	43	35.5	55	39	45	34	43	41	67	33	52	62	47	29	49	3	48	40	65.5	27.5	53.5	42	64.5	33.5	49	29.5	30	46	3	33.5	38.5	19	54.5	32	59.5	45	16.5	62.5	39	49	22.5	39.5	29.5	5	1	34.5	33	24	29.5	72.5	39	31	30.5	47	45	42.5	18.5	34	42	56.5	44.5	26.5	29.5	24	56.5	35.5	6	56.5	51.5	30	54	53.5	0	52	
2	60	55	61.5	3	31	87	46	89	31	79	25	100	74	25	43	23	49	20	28	81.5	44.5	18.5	26	82.5	30.5	11	47.5	78	86	49	81.5	33.5	53	17.5	40	71.5	17	60.5	94.5	21	93	45.5	67.5	77.5	47	53	21.5	79	48	77.5	84.5	51	43	56.5	85	93	29.5	51.5	36	14	68.5	72.5	38.5	42.5	68	70.5	51.5	58	13.5	85.5	72	2	65.5	52	0	
