Number of items: 75
Horizon: 15
Time limit: 750
Load limit: 4500
Initial item inventory level
37
159
29
96
51
118
57
90
45
75
30
77
62
114
258
194
59
18
84
222
24
297
54
81
27
156
186
44
130
258
18
42
68
84
84
74
87
48
34
297
108
108
177
62
273
184
118
174
64
267
148
17
78
114
204
10
71
48
75
210
146
180
25
216
99
297
88
126
12
22
108
130
186
190
20
Maximum inventory capacity per item
74
212
58
128
102
177
76
135
90
100
40
154
124
152
344
291
118
36
168
296
36
396
108
162
54
234
248
88
195
344
36
56
102
126
112
148
174
96
51
396
162
162
236
124
364
276
177
232
128
356
222
34
117
171
272
20
142
72
150
280
219
240
50
288
198
396
176
168
24
33
144
195
248
285
40
Reserve storage replenishment rate per item and per period
222	0	0	222	0	0	222	0	0	222	0	0	222	0	0	
318	0	0	318	0	0	318	0	0	318	0	0	318	0	0	
174	0	0	174	0	0	174	0	0	174	0	0	174	0	0	
192	0	0	192	0	0	192	0	0	192	0	0	192	0	0	
306	0	0	306	0	0	306	0	0	306	0	0	306	0	0	
354	0	0	354	0	0	354	0	0	354	0	0	354	0	0	
114	0	0	114	0	0	114	0	0	114	0	0	114	0	0	
270	0	0	270	0	0	270	0	0	270	0	0	270	0	0	
270	0	0	270	0	0	270	0	0	270	0	0	270	0	0	
150	0	0	150	0	0	150	0	0	150	0	0	150	0	0	
60	0	0	60	0	0	60	0	0	60	0	0	60	0	0	
462	0	0	462	0	0	462	0	0	462	0	0	462	0	0	
372	0	0	372	0	0	372	0	0	372	0	0	372	0	0	
228	0	0	228	0	0	228	0	0	228	0	0	228	0	0	
516	0	0	516	0	0	516	0	0	516	0	0	516	0	0	
582	0	0	582	0	0	582	0	0	582	0	0	582	0	0	
354	0	0	354	0	0	354	0	0	354	0	0	354	0	0	
108	0	0	108	0	0	108	0	0	108	0	0	108	0	0	
504	0	0	504	0	0	504	0	0	504	0	0	504	0	0	
444	0	0	444	0	0	444	0	0	444	0	0	444	0	0	
72	0	0	72	0	0	72	0	0	72	0	0	72	0	0	
594	0	0	594	0	0	594	0	0	594	0	0	594	0	0	
324	0	0	324	0	0	324	0	0	324	0	0	324	0	0	
486	0	0	486	0	0	486	0	0	486	0	0	486	0	0	
162	0	0	162	0	0	162	0	0	162	0	0	162	0	0	
468	0	0	468	0	0	468	0	0	468	0	0	468	0	0	
372	0	0	372	0	0	372	0	0	372	0	0	372	0	0	
264	0	0	264	0	0	264	0	0	264	0	0	264	0	0	
390	0	0	390	0	0	390	0	0	390	0	0	390	0	0	
516	0	0	516	0	0	516	0	0	516	0	0	516	0	0	
108	0	0	108	0	0	108	0	0	108	0	0	108	0	0	
84	0	0	84	0	0	84	0	0	84	0	0	84	0	0	
204	0	0	204	0	0	204	0	0	204	0	0	204	0	0	
252	0	0	252	0	0	252	0	0	252	0	0	252	0	0	
168	0	0	168	0	0	168	0	0	168	0	0	168	0	0	
444	0	0	444	0	0	444	0	0	444	0	0	444	0	0	
522	0	0	522	0	0	522	0	0	522	0	0	522	0	0	
288	0	0	288	0	0	288	0	0	288	0	0	288	0	0	
102	0	0	102	0	0	102	0	0	102	0	0	102	0	0	
594	0	0	594	0	0	594	0	0	594	0	0	594	0	0	
324	0	0	324	0	0	324	0	0	324	0	0	324	0	0	
324	0	0	324	0	0	324	0	0	324	0	0	324	0	0	
354	0	0	354	0	0	354	0	0	354	0	0	354	0	0	
372	0	0	372	0	0	372	0	0	372	0	0	372	0	0	
546	0	0	546	0	0	546	0	0	546	0	0	546	0	0	
552	0	0	552	0	0	552	0	0	552	0	0	552	0	0	
354	0	0	354	0	0	354	0	0	354	0	0	354	0	0	
348	0	0	348	0	0	348	0	0	348	0	0	348	0	0	
384	0	0	384	0	0	384	0	0	384	0	0	384	0	0	
534	0	0	534	0	0	534	0	0	534	0	0	534	0	0	
444	0	0	444	0	0	444	0	0	444	0	0	444	0	0	
102	0	0	102	0	0	102	0	0	102	0	0	102	0	0	
234	0	0	234	0	0	234	0	0	234	0	0	234	0	0	
342	0	0	342	0	0	342	0	0	342	0	0	342	0	0	
408	0	0	408	0	0	408	0	0	408	0	0	408	0	0	
60	0	0	60	0	0	60	0	0	60	0	0	60	0	0	
426	0	0	426	0	0	426	0	0	426	0	0	426	0	0	
144	0	0	144	0	0	144	0	0	144	0	0	144	0	0	
450	0	0	450	0	0	450	0	0	450	0	0	450	0	0	
420	0	0	420	0	0	420	0	0	420	0	0	420	0	0	
438	0	0	438	0	0	438	0	0	438	0	0	438	0	0	
360	0	0	360	0	0	360	0	0	360	0	0	360	0	0	
150	0	0	150	0	0	150	0	0	150	0	0	150	0	0	
432	0	0	432	0	0	432	0	0	432	0	0	432	0	0	
594	0	0	594	0	0	594	0	0	594	0	0	594	0	0	
594	0	0	594	0	0	594	0	0	594	0	0	594	0	0	
528	0	0	528	0	0	528	0	0	528	0	0	528	0	0	
252	0	0	252	0	0	252	0	0	252	0	0	252	0	0	
72	0	0	72	0	0	72	0	0	72	0	0	72	0	0	
66	0	0	66	0	0	66	0	0	66	0	0	66	0	0	
216	0	0	216	0	0	216	0	0	216	0	0	216	0	0	
390	0	0	390	0	0	390	0	0	390	0	0	390	0	0	
372	0	0	372	0	0	372	0	0	372	0	0	372	0	0	
570	0	0	570	0	0	570	0	0	570	0	0	570	0	0	
120	0	0	120	0	0	120	0	0	120	0	0	120	0	0	
Forward storage demand rate per item and per period
37	44	43	48	18	60	14	9	49	47	62	22	63	23	43	
53	57	60	18	39	49	6	28	70	61	96	70	32	53	32	
29	48	25	24	15	13	33	41	25	30	27	12	6	33	32	
32	21	47	22	29	14	40	28	39	29	43	48	42	43	7	
51	60	46	81	64	41	43	52	24	55	63	58	17	53	48	
59	43	83	31	92	70	76	85	70	57	63	60	88	88	70	
19	23	28	32	6	22	12	19	32	5	8	23	18	12	22	
45	35	38	26	66	51	13	38	48	35	65	57	34	39	48	
45	11	12	36	59	42	72	67	8	48	63	50	32	29	39	
25	39	2	18	27	33	0	36	35	14	21	43	47	9	8	
10	6	4	5	17	3	14	8	10	9	8	7	15	1	8	
77	74	77	64	62	70	59	83	124	75	39	96	95	88	99	
62	54	34	83	29	62	55	18	68	86	94	78	30	61	105	
38	37	34	9	53	54	35	26	28	45	40	33	37	33	42	
86	71	84	116	67	28	44	86	94	82	42	77	74	113	127	
97	83	137	103	41	77	106	122	119	61	91	21	63	109	99	
59	64	70	61	41	64	33	50	61	27	68	89	58	60	68	
18	25	24	24	8	13	16	16	2	8	4	15	29	12	17	
84	68	95	34	5	79	118	83	113	83	104	18	54	89	81	
74	70	58	105	35	72	69	56	64	69	85	98	77	141	122	
12	12	6	12	15	12	8	6	14	3	5	23	10	13	23	
99	87	136	158	68	99	90	189	88	95	91	102	83	84	86	
54	59	15	44	36	34	77	71	33	52	38	92	84	52	39	
81	49	86	78	39	89	47	107	109	140	74	92	32	72	67	
27	21	36	50	50	31	38	16	37	42	28	15	27	50	13	
78	64	56	101	69	136	79	124	110	120	59	108	12	27	93	
62	83	102	77	32	25	52	30	70	51	48	26	92	99	40	
44	32	44	25	21	28	57	25	27	69	47	23	78	13	43	
65	79	41	74	65	91	57	80	57	100	37	36	73	60	78	
86	56	37	69	56	85	100	29	12	125	81	147	98	8	54	
18	33	9	4	14	23	11	31	31	15	26	15	32	19	23	
14	16	7	11	14	23	18	12	23	11	17	13	21	15	7	
34	28	42	40	19	31	39	43	40	25	31	37	32	31	21	
42	46	48	21	22	26	38	32	24	55	54	26	14	46	52	
28	28	15	27	15	18	37	14	30	8	15	22	24	15	44	
74	109	99	99	104	40	60	60	55	73	34	64	121	87	66	
87	69	44	35	141	37	131	51	92	35	56	93	79	70	134	
48	57	22	62	32	38	29	39	57	26	44	38	72	58	28	
17	10	9	14	12	9	18	16	22	21	18	29	23	29	31	
99	59	48	65	167	112	114	71	115	107	41	79	140	102	69	
54	103	100	56	66	88	39	69	68	100	65	43	54	62	69	
54	60	39	60	85	66	46	43	76	22	49	64	51	69	4	
59	65	34	94	80	41	68	45	32	30	57	61	69	105	50	
62	59	25	92	41	54	82	73	39	38	36	68	99	65	84	
91	45	149	78	114	138	101	102	59	39	146	36	28	88	89	
92	44	78	167	49	16	82	29	73	113	120	68	157	157	114	
59	43	52	38	77	23	68	81	27	47	60	55	85	89	15	
58	74	60	63	63	64	52	97	68	62	34	77	50	57	73	
64	75	90	68	89	38	62	68	19	42	51	65	73	49	60	
89	52	75	87	153	76	95	128	147	101	90	157	141	144	103	
74	83	101	61	95	67	66	88	89	30	93	110	68	45	44	
17	5	19	13	18	23	24	15	12	11	5	17	21	24	13	
39	24	61	46	50	49	53	32	43	23	20	61	4	19	18	
57	25	71	72	104	57	30	28	77	73	48	67	83	63	53	
68	122	63	57	69	60	83	1	76	90	76	70	79	58	95	
10	17	2	5	10	10	4	11	16	7	12	8	7	5	12	
71	38	43	44	74	101	11	51	56	65	73	127	56	98	71	
24	28	21	29	19	22	18	41	34	16	21	19	5	32	11	
75	100	99	30	70	115	72	58	76	42	106	96	59	64	82	
70	120	107	58	18	57	80	79	70	90	56	74	61	85	37	
73	91	109	68	23	42	56	61	68	115	85	102	35	34	87	
60	93	55	37	24	39	96	80	113	21	63	57	53	62	61	
25	31	12	17	14	12	11	25	46	28	32	32	17	31	37	
72	37	76	33	57	112	91	32	56	71	81	22	94	64	67	
99	99	130	44	76	107	107	79	102	79	18	134	44	177	84	
99	93	44	191	38	45	69	9	71	107	59	178	105	48	73	
88	20	137	79	31	74	67	80	93	68	101	72	109	113	101	
42	55	55	37	36	58	72	46	35	51	20	33	61	40	33	
12	3	11	14	15	15	7	13	18	15	3	13	16	15	6	
11	3	14	9	6	11	18	7	6	8	5	5	16	13	9	
36	20	39	34	37	38	20	35	67	54	38	67	44	47	41	
65	58	73	18	39	87	42	52	74	96	83	48	55	82	50	
62	79	59	58	83	45	44	48	88	27	91	42	64	51	51	
95	69	138	130	117	36	60	49	127	46	35	89	90	126	111	
20	26	20	13	31	20	21	27	16	20	23	25	18	31	30	
Distance matrix
0	65	14.5	43	74.5	68.5	66.5	4	83	78.5	72.5	17	95	33.5	58	72	43	65	26.5	16	67	68	22	81.5	27	63.5	17.5	75	83	19.5	56.5	38.5	59	79	92	88	67	64.5	5.5	48	22	18.5	49.5	69.5	12	74.5	10.5	35.5	70.5	16.5	47.5	44	13.5	60.5	72	40.5	80	74.5	66.5	11.5	25	26	27.5	88	14.5	67.5	70.5	31	30	26	79	18	28.5	67.5	51.5	23.5	
65	0	74.5	52	20.5	31.5	31.5	69	22	21.5	22.5	72	30	61.5	37	37	28	30	68.5	79	2	27	47	38.5	42	28.5	57.5	40	42	69.5	21.5	48.5	36	44	33	37	32	30.5	65.5	47	73	76.5	19.5	34.5	77	20.5	70.5	45.5	24.5	66.5	37.5	29	73.5	25.5	37	40.5	25	39.5	31.5	71.5	60	69	67.5	37	54.5	32.5	29.5	46	65	69	44	53	66.5	27.5	21.5	53.5	
14.5	74.5	0	42.5	66	78	76	18.5	72.5	72	68	26.5	80.5	27	57.5	81.5	52.5	60.5	12	30.5	76.5	57.5	31.5	89	36.5	73	27	84.5	92.5	29	66	48	56.5	88.5	83.5	87.5	76.5	56	9	37.5	28.5	4	59	79	26.5	66	4	45	70	26	57	53.5	1	70	81.5	50	75.5	84	76	3	34.5	29.5	13	87.5	24	77	80	40.5	20.5	24.5	88.5	27.5	32	63	61	33	
43	52	42.5	0	37.5	53.5	69.5	47	44	43.5	39.5	40	52	23.5	29	75	46	32	30.5	41	50	29	21	60.5	30	58.5	35.5	62	64	37.5	59.5	33.5	28	78	55	59	70	27.5	43.5	5	35	38.5	52.5	72.5	45	37.5	46.5	36.5	41.5	40.5	44.5	47	43.5	63.5	65	41.5	47	77.5	65.5	45.5	32	31	29.5	59	32.5	70.5	51.5	34	27	31	68	31	28.5	34.5	54.5	31.5	
74.5	20.5	66	37.5	0	22	44	76.5	12.5	12	2	63.5	20.5	47	22.5	51.5	37.5	15.5	54	64.5	18.5	12.5	56.5	29	51.5	27	63	30.5	32.5	61	34	42	21.5	46.5	23.5	27.5	46.5	16	75	32.5	58.5	62	25	49	68.5	0	70	45	4	64	33	36.5	67	40	33.5	40	15.5	46	34	69	55.5	54.5	53	27.5	64	43	20	49.5	50.5	54.5	36.5	62.5	52	13	23	57	
68.5	31.5	78	53.5	22	0	30	72.5	18.5	10	24	75.5	26.5	63	38.5	35.5	31.5	31.5	70	80.5	29.5	28.5	50.5	35	45.5	5	61	36.5	38.5	73	12	52	37.5	42.5	29.5	33.5	30.5	32	69	48.5	74.5	78	23	33	80.5	22	74	49	26	70	41	32.5	77	24	35.5	44	21.5	38	30	75	63.5	70.5	69	33.5	58	31	2	49.5	66.5	70.5	42.5	56.5	68	29	25	57	
66.5	31.5	76	69.5	44	30	0	70.5	35.5	40	44	73.5	28.5	85	54.5	13.5	29.5	51.5	88	82.5	33.5	50.5	48.5	15	43.5	25	59	21.5	24.5	71	18	50	55.5	20.5	31.5	29.5	8.5	54	67	70.5	88.5	80	21	11	78.5	44	72	47	42	68	39	30.5	75	12	18.5	42	36.5	16	18	73	61.5	82.5	89	29.5	56	1	32	47.5	88.5	92.5	20.5	54.5	80	49	23	55	
4	69	18.5	47	76.5	72.5	70.5	0	83	82.5	76.5	21	91	37.5	62	76	47	69	30.5	12	71	68	26	85.5	31	67.5	21.5	79	87	23.5	60.5	42.5	63	83	94	92	71	66.5	9.5	48	18	22.5	53.5	73.5	8	76.5	14.5	39.5	74.5	20.5	51.5	48	17.5	64.5	76	44.5	84	78.5	70.5	15.5	29	30	31.5	92	18.5	71.5	74.5	35	26	22	83	22	32.5	71.5	55.5	27.5	
83	22	72.5	44	12.5	18.5	35.5	83	0	8.5	14.5	70	12	53.5	29	45	44	22	60.5	71	20	19	65	20.5	60	23.5	69.5	22	24	67.5	30.5	48.5	28	38	15	19	40	22.5	81.5	39	65	68.5	37.5	42.5	75	12.5	76.5	51.5	16.5	70.5	39.5	43	73.5	31.5	25	46.5	3	37.5	25.5	75.5	62	61	59.5	19	72.5	34.5	16.5	56	57	61	28	69	58.5	19.5	35.5	63.5	
78.5	21.5	72	43.5	12	10	40	82.5	8.5	0	14	69.5	16.5	53	28.5	45.5	41.5	21.5	60	70.5	19.5	18.5	60.5	25	55.5	15	69	26.5	28.5	67	22	48	27.5	42.5	19.5	23.5	40.5	22	79	38.5	64.5	68	33	43	74.5	12	76	51	16	70	39	42.5	73	34	29.5	46	11.5	42	30	75	61.5	60.5	59	23.5	68	39	8	55.5	56.5	60.5	32.5	66.5	58	19	35	63	
72.5	22.5	68	39.5	2	24	44	76.5	14.5	14	0	65.5	22.5	49	24.5	49.5	35.5	17.5	56	66.5	20.5	14.5	54.5	31	49.5	29	65	32.5	34.5	63	34	44	23.5	48.5	25.5	29.5	44.5	18	73	34.5	60.5	64	23	47	70.5	2	72	47	2	66	35	36.5	69	38	35.5	42	17.5	48	36	71	57.5	56.5	55	29.5	62	45	22	51.5	52.5	56.5	38.5	60.5	54	15	21	59	
17	72	26.5	40	63.5	75.5	73.5	21	70	69.5	65.5	0	78	24.5	55	79	50	58	26.5	33	74	55	29	86.5	34	70.5	24.5	82	90	26.5	63.5	45.5	54	86	81	85	74	53.5	17.5	35	31	30.5	56.5	76.5	29	63.5	22.5	42.5	67.5	23.5	54.5	51	25.5	67.5	79	47.5	73	81.5	73.5	23.5	32	9	25.5	85	21.5	74.5	77.5	38	23	27	86	25	29.5	60.5	58.5	30.5	
95	30	80.5	52	20.5	26.5	28.5	91	12	16.5	22.5	78	0	61.5	37	33	52	30	68.5	79	28	27	73	13.5	68	31.5	77.5	20	12	75.5	38.5	56.5	36	26	3	7	28	30.5	89.5	47	73	76.5	45.5	30.5	83	20.5	84.5	59.5	24.5	78.5	47.5	51	81.5	34.5	23	54.5	15	25.5	28.5	83.5	70	69	67.5	7	80.5	27.5	24.5	64	65	69	16	77	66.5	27.5	43.5	71.5	
33.5	61.5	27	23.5	47	63	85	37.5	53.5	53	49	24.5	61.5	0	38.5	90.5	61.5	41.5	15	25.5	59.5	38.5	40.5	70	45.5	68	34	71.5	73.5	14	75	43	37.5	87.5	64.5	68.5	85.5	37	34	18.5	19.5	23	68	88	29.5	47	31	46	51	17	54	62.5	28	79	74.5	51	56.5	87	75	30	31.5	15.5	14	68.5	33	84	61	45.5	11.5	15.5	77.5	36.5	5	44	70	38	
58	37	57.5	29	22.5	38.5	54.5	62	29	28.5	24.5	55	37	38.5	0	60	31	17	45.5	56	35	14	40	45.5	35	43.5	50.5	47	49	52.5	44.5	33.5	1	63	40	44	55	12.5	58.5	24	50	53.5	37.5	57.5	60	22.5	61.5	36.5	26.5	55.5	29.5	32	58.5	48.5	50	31.5	32	62.5	50.5	60.5	47	46	44.5	44	47.5	55.5	36.5	39	42	46	53	46	43.5	19.5	39.5	46.5	
72	37	81.5	75	51.5	35.5	13.5	76	45	45.5	49.5	79	33	90.5	60	0	35	57	93.5	88	39	60	54	28.5	49	30.5	64.5	27	25	76.5	23.5	55.5	61	7	34	30	9	61.5	72.5	80	94	85.5	26.5	6.5	84	51.5	77.5	52.5	47.5	73.5	44.5	36	80.5	17.5	24	47.5	42	11.5	23.5	78.5	67	88	94.5	30	61.5	14.5	37.5	53	98	98	21	60	85.5	54.5	28.5	60.5	
43	28	52.5	46	37.5	31.5	29.5	47	44	41.5	35.5	50	52	61.5	31	35	0	22	64.5	59	30	25	25	44.5	20	26.5	35.5	38	46	47.5	19.5	26.5	32	42	55	51	30	32.5	43.5	49	65	56.5	12.5	32.5	55	37.5	48.5	23.5	33.5	44.5	15.5	1	51.5	23.5	35	18.5	43	37.5	29.5	49.5	38	59	65.5	51	32.5	30.5	33.5	24	67	69	42	31	56.5	30.5	14.5	31.5	
65	30	60.5	32	15.5	31.5	51.5	69	22	21.5	17.5	58	30	41.5	17	57	22	0	48.5	59	28	3	47	38.5	42	36.5	57.5	40	42	55.5	41.5	36.5	16	56	33	37	52	10.5	65.5	27	53	56.5	34.5	54.5	63	15.5	64.5	39.5	19.5	58.5	27.5	21	61.5	45.5	43	34.5	25	55.5	43.5	63.5	50	49	47.5	37	54.5	52.5	29.5	44	45	49	46	53	46.5	12.5	36.5	51.5	
26.5	68.5	12	30.5	54	70	88	30.5	60.5	60	56	26.5	68.5	15	45.5	93.5	64.5	48.5	0	22.5	66.5	45.5	43.5	77	48.5	75	39	78.5	80.5	29	78	50	44.5	94.5	71.5	75.5	88.5	44	21	25.5	16.5	8	71	91	26.5	54	16	53	58	32	61	65.5	13	82	81.5	58	63.5	94	82	15	38.5	17.5	1	75.5	36	89	68	52.5	8.5	12.5	84.5	39.5	20	51	73	45	
16	79	30.5	41	64.5	80.5	82.5	12	71	70.5	66.5	33	79	25.5	56	88	59	59	22.5	0	77	56	38	87.5	43	79.5	33.5	89	91	35.5	72.5	54.5	55	95	82	86	83	54.5	21.5	36	6	30.5	65.5	85.5	4	64.5	26.5	51.5	68.5	32.5	63.5	60	29.5	76.5	88	56.5	74	90.5	82.5	27.5	41	28	21.5	86	30.5	83.5	78.5	47	14	10	95	34	30.5	61.5	67.5	39.5	
67	2	76.5	50	18.5	29.5	33.5	71	20	19.5	20.5	74	28	59.5	35	39	30	28	66.5	77	0	25	49	36.5	44	30.5	59.5	38	40	71.5	23.5	50.5	34	46	31	35	34	28.5	67.5	45	71	74.5	21.5	36.5	79	18.5	72.5	47.5	22.5	68.5	39.5	31	75.5	27.5	39	42.5	23	41.5	33.5	73.5	62	67	65.5	35	56.5	34.5	27.5	48	63	67	44	55	64.5	25.5	23.5	55.5	
68	27	57.5	29	12.5	28.5	50.5	68	19	18.5	14.5	55	27	38.5	14	60	25	3	45.5	56	25	0	50	35.5	45	33.5	54.5	37	39	52.5	40.5	33.5	13	53	30	34	55	7.5	66.5	24	50	53.5	37.5	57.5	60	12.5	61.5	36.5	16.5	55.5	24.5	24	58.5	46.5	40	31.5	22	52.5	40.5	60.5	47	46	44.5	34	57.5	49.5	26.5	41	42	46	43	54	43.5	9.5	35.5	48.5	
22	47	31.5	21	56.5	50.5	48.5	26	65	60.5	54.5	29	73	40.5	40	54	25	47	43.5	38	49	50	0	63.5	9	45.5	14.5	57	65	26.5	38.5	20.5	41	61	74	70	49	46.5	22.5	26	44	35.5	31.5	51.5	34	56.5	27.5	17.5	52.5	23.5	29.5	26	30.5	42.5	54	22.5	62	56.5	48.5	28.5	17	38	44.5	70	11.5	49.5	52.5	13	48	48	61	10	35.5	49.5	33.5	10.5	
81.5	38.5	89	60.5	29	35	15	85.5	20.5	25	31	86.5	13.5	70	45.5	28.5	44.5	38.5	77	87.5	36.5	35.5	63.5	0	58.5	40	74	28.5	25.5	84	33	65	44.5	35.5	16.5	20.5	23.5	39	82	55.5	81.5	85	36	26	91.5	29	87	62	33	83	54	45.5	90	27	31.5	57	23.5	31	33	88	76.5	77.5	76	20.5	71	14	33	62.5	73.5	77.5	29.5	69.5	75	36	38	70	
27	42	36.5	30	51.5	45.5	43.5	31	60	55.5	49.5	34	68	45.5	35	49	20	42	48.5	43	44	45	9	58.5	0	40.5	19.5	52	60	31.5	33.5	15.5	36	56	69	65	44	41.5	27.5	35	49	40.5	26.5	46.5	39	51.5	32.5	12.5	47.5	28.5	24.5	21	35.5	37.5	49	17.5	57	51.5	43.5	33.5	22	43	49.5	65	16.5	44.5	47.5	4	53	53	56	15	40.5	44.5	28.5	15.5	
63.5	28.5	73	58.5	27	5	25	67.5	23.5	15	29	70.5	31.5	68	43.5	30.5	26.5	36.5	75	79.5	30.5	33.5	45.5	40	40.5	0	56	33.5	41.5	68	7	47	42.5	37.5	34.5	38.5	25.5	37	64	53.5	79.5	77	18	28	75.5	27	69	44	31	65	36	27.5	72	19	30.5	39	26.5	33	25	70	58.5	75.5	74	38.5	53	26	7	44.5	71.5	75.5	37.5	51.5	73	34	20	52	
17.5	57.5	27	35.5	63	61	59	21.5	69.5	69	65	24.5	77.5	34	50.5	64.5	35.5	57.5	39	33.5	59.5	54.5	14.5	74	19.5	56	0	67.5	75.5	22	49	31	51.5	71.5	80.5	80.5	59.5	53	18	34.5	39.5	31	42	62	29.5	63	23	28	63	19	40	36.5	26	53	64.5	33	72.5	67	59	24	17.5	33.5	40	80.5	3	60	63	23.5	37.5	41.5	71.5	10.5	31	60	44	16	
75	40	84.5	62	30.5	36.5	21.5	79	22	26.5	32.5	82	20	71.5	47	27	38	40	78.5	89	38	37	57	28.5	52	33.5	67.5	0	32	79.5	26.5	58.5	46	34	23	27	22	40.5	75.5	57	83	86.5	29.5	24.5	87	30.5	80.5	55.5	34.5	76.5	47.5	39	83.5	20.5	3	50.5	25	29.5	26.5	81.5	70	79	77.5	27	64.5	22.5	34.5	56	75	79	34	63	76.5	37.5	31.5	63.5	
83	42	92.5	64	32.5	38.5	24.5	87	24	28.5	34.5	90	12	73.5	49	25	46	42	80.5	91	40	39	65	25.5	60	41.5	75.5	32	0	87.5	34.5	66.5	48	32	9	5	16	42.5	83.5	59	85	88.5	37.5	22.5	95	32.5	88.5	63.5	36.5	84.5	55.5	47	91.5	28.5	35	58.5	27	27.5	34.5	89.5	78	81	79.5	5	72.5	25.5	36.5	64	77	81	4	71	78.5	39.5	39.5	71.5	
19.5	69.5	29	37.5	61	73	71	23.5	67.5	67	63	26.5	75.5	14	52.5	76.5	47.5	55.5	29	35.5	71.5	52.5	26.5	84	31.5	68	22	79.5	87.5	0	61	43	51.5	83.5	78.5	82.5	71.5	51	20	32.5	33.5	33	54	74	31.5	61	25	40	65	3	52	48.5	28	65	76.5	45	70.5	79	71	26	29.5	29.5	28	82.5	19	72	75	35.5	25.5	29.5	83.5	22.5	9	58	56	28	
56.5	21.5	66	59.5	34	12	18	60.5	30.5	22	34	63.5	38.5	75	44.5	23.5	19.5	41.5	78	72.5	23.5	40.5	38.5	33	33.5	7	49	26.5	34.5	61	0	40	45.5	30.5	41.5	39.5	18.5	44	57	60.5	78.5	70	11	21	68.5	34	62	37	32	58	29	20.5	65	12	23.5	32	31.5	26	18	63	51.5	72.5	79	39.5	46	19	14	37.5	78.5	82.5	30.5	44.5	70	39	13	45	
38.5	48.5	48	33.5	42	52	50	42.5	48.5	48	44	45.5	56.5	43	33.5	55.5	26.5	36.5	50	54.5	50.5	33.5	20.5	65	15.5	47	31	58.5	66.5	43	40	0	32.5	62.5	59.5	63.5	50.5	32	39	28.5	54.5	52	33	53	50.5	42	44	3	46	40	31	27.5	47	44	55.5	24	51.5	58	50	45	33.5	50.5	49	63.5	28	51	54	19.5	46.5	50.5	62.5	26.5	48	39	35	27	
59	36	56.5	28	21.5	37.5	55.5	63	28	27.5	23.5	54	36	37.5	1	61	32	16	44.5	55	34	13	41	44.5	36	42.5	51.5	46	48	51.5	45.5	32.5	0	62	39	43	56	11.5	59.5	23	49	52.5	38.5	58.5	59	21.5	60.5	35.5	25.5	54.5	28.5	33	57.5	49.5	49	30.5	31	61.5	49.5	59.5	46	45	43.5	43	48.5	56.5	35.5	40	41	45	52	47	42.5	18.5	40.5	47.5	
79	44	88.5	78	46.5	42.5	20.5	83	38	42.5	48.5	86	26	87.5	63	7	42	56	94.5	95	46	53	61	35.5	56	37.5	71.5	34	32	83.5	30.5	62.5	62	0	29	33	16	56.5	79.5	73	99	92.5	33.5	13.5	91	46.5	84.5	59.5	50.5	80.5	51.5	43	87.5	24.5	31	54.5	41	18.5	30.5	85.5	74	95	93.5	33	68.5	21.5	44.5	60	91	95	28	67	92.5	53.5	35.5	67.5	
92	33	83.5	55	23.5	29.5	31.5	94	15	19.5	25.5	81	3	64.5	40	34	55	33	71.5	82	31	30	74	16.5	69	34.5	80.5	23	9	78.5	41.5	59.5	39	29	0	4	25	33.5	92.5	50	76	79.5	46.5	31.5	86	23.5	87.5	62.5	27.5	81.5	50.5	54	84.5	37.5	26	57.5	18	28.5	31.5	86.5	73	72	70.5	4	81.5	30.5	27.5	67	68	72	13	80	69.5	30.5	46.5	74.5	
88	37	87.5	59	27.5	33.5	29.5	92	19	23.5	29.5	85	7	68.5	44	30	51	37	75.5	86	35	34	70	20.5	65	38.5	80.5	27	5	82.5	39.5	63.5	43	33	4	0	21	37.5	88.5	54	80	83.5	42.5	27.5	90	27.5	91.5	66.5	31.5	85.5	54.5	52	88.5	33.5	30	61.5	22	32.5	35.5	90.5	77	76	74.5	0	77.5	30.5	31.5	69	72	76	9	76	73.5	34.5	44.5	76.5	
67	32	76.5	70	46.5	30.5	8.5	71	40	40.5	44.5	74	28	85.5	55	9	30	52	88.5	83	34	55	49	23.5	44	25.5	59.5	22	16	71.5	18.5	50.5	56	16	25	21	0	56.5	67.5	75	89	80.5	21.5	6.5	79	46.5	72.5	47.5	42.5	68.5	39.5	31	75.5	12.5	19	42.5	37	11.5	18.5	73.5	62	83	89.5	21	56.5	9.5	32.5	48	93	93	12	55	80.5	49.5	23.5	55.5	
64.5	30.5	56	27.5	16	32	54	66.5	22.5	22	18	53.5	30.5	37	12.5	61.5	32.5	10.5	44	54.5	28.5	7.5	46.5	39	41.5	37	53	40.5	42.5	51	44	32	11.5	56.5	33.5	37.5	56.5	0	65	22.5	48.5	52	39	59	58.5	16	60	35	20	54	17	31.5	57	50	43.5	30	25.5	56	44	59	45.5	44.5	43	37.5	54	53	30	39.5	40.5	44.5	46.5	52.5	42	13	39	47	
5.5	65.5	9	43.5	75	69	67	9.5	81.5	79	73	17.5	89.5	34	58.5	72.5	43.5	65.5	21	21.5	67.5	66.5	22.5	82	27.5	64	18	75.5	83.5	20	57	39	59.5	79.5	92.5	88.5	67.5	65	0	46.5	27.5	13	50	70	17.5	75	5	36	71	17	48	44.5	8	61	72.5	41	80.5	75	67	6	25.5	26.5	22	88.5	15	68	71	31.5	29.5	31.5	79.5	18.5	29	68	52	24	
48	47	37.5	5	32.5	48.5	70.5	48	39	38.5	34.5	35	47	18.5	24	80	49	27	25.5	36	45	24	26	55.5	35	53.5	34.5	57	59	32.5	60.5	28.5	23	73	50	54	75	22.5	46.5	0	30	33.5	57.5	77.5	40	32.5	41.5	31.5	36.5	35.5	39.5	48	38.5	66.5	60	36.5	42	72.5	60.5	40.5	27	26	24.5	54	37.5	69.5	46.5	31	22	26	63	34	23.5	29.5	55.5	28.5	
22	73	28.5	35	58.5	74.5	88.5	18	65	64.5	60.5	31	73	19.5	50	94	65	53	16.5	6	71	50	44	81.5	49	79.5	39.5	83	85	33.5	78.5	54.5	49	99	76	80	89	48.5	27.5	30	0	24.5	71.5	91.5	10	58.5	32.5	57.5	62.5	36.5	65.5	66	29.5	82.5	86	62.5	68	96.5	86.5	31.5	43	22	15.5	80	36.5	89.5	72.5	53	8	4	89	40	24.5	55.5	73.5	45.5	
18.5	76.5	4	38.5	62	78	80	22.5	68.5	68	64	30.5	76.5	23	53.5	85.5	56.5	56.5	8	30.5	74.5	53.5	35.5	85	40.5	77	31	86.5	88.5	33	70	52	52.5	92.5	79.5	83.5	80.5	52	13	33.5	24.5	0	63	83	30.5	62	8	49	66	30	61	57.5	5	74	85.5	54	71.5	88	80	7	38.5	25.5	9	83.5	28	81	76	44.5	16.5	20.5	92.5	31.5	28	59	65	37	
49.5	19.5	59	52.5	25	23	21	53.5	37.5	33	23	56.5	45.5	68	37.5	26.5	12.5	34.5	71	65.5	21.5	37.5	31.5	36	26.5	18	42	29.5	37.5	54	11	33	38.5	33.5	46.5	42.5	21.5	39	50	57.5	71.5	63	0	24	61.5	25	55	30	21	51	22	13.5	58	15	26.5	25	34.5	29	21	56	44.5	65.5	72	42.5	39	22	25	30.5	75.5	75.5	33.5	37.5	63	32	2	38	
69.5	34.5	79	72.5	49	33	11	73.5	42.5	43	47	76.5	30.5	88	57.5	6.5	32.5	54.5	91	85.5	36.5	57.5	51.5	26	46.5	28	62	24.5	22.5	74	21	53	58.5	13.5	31.5	27.5	6.5	59	70	77.5	91.5	83	24	0	81.5	49	75	50	45	71	42	33.5	78	15	21.5	45	39.5	5	21	76	64.5	85.5	92	27.5	59	12	35	50.5	95.5	95.5	18.5	57.5	83	52	26	58	
12	77	26.5	45	68.5	80.5	78.5	8	75	74.5	70.5	29	83	29.5	60	84	55	63	26.5	4	79	60	34	91.5	39	75.5	29.5	87	95	31.5	68.5	50.5	59	91	86	90	79	58.5	17.5	40	10	30.5	61.5	81.5	0	68.5	22.5	47.5	72.5	28.5	59.5	56	25.5	72.5	84	52.5	78	86.5	78.5	23.5	37	32	25.5	90	26.5	79.5	82.5	43	18	14	91	30	34.5	65.5	63.5	35.5	
74.5	20.5	66	37.5	0	22	44	76.5	12.5	12	2	63.5	20.5	47	22.5	51.5	37.5	15.5	54	64.5	18.5	12.5	56.5	29	51.5	27	63	30.5	32.5	61	34	42	21.5	46.5	23.5	27.5	46.5	16	75	32.5	58.5	62	25	49	68.5	0	70	45	4	64	33	36.5	67	40	33.5	40	15.5	46	34	69	55.5	54.5	53	27.5	64	43	20	49.5	50.5	54.5	36.5	62.5	52	13	23	57	
10.5	70.5	4	46.5	70	74	72	14.5	76.5	76	72	22.5	84.5	31	61.5	77.5	48.5	64.5	16	26.5	72.5	61.5	27.5	87	32.5	69	23	80.5	88.5	25	62	44	60.5	84.5	87.5	91.5	72.5	60	5	41.5	32.5	8	55	75	22.5	70	0	41	74	22	53	49.5	3	66	77.5	46	79.5	80	72	1	30.5	31.5	17	91.5	20	73	76	36.5	24.5	28.5	84.5	23.5	34	67	57	29	
35.5	45.5	45	36.5	45	49	47	39.5	51.5	51	47	42.5	59.5	46	36.5	52.5	23.5	39.5	53	51.5	47.5	36.5	17.5	62	12.5	44	28	55.5	63.5	40	37	3	35.5	59.5	62.5	66.5	47.5	35	36	31.5	57.5	49	30	50	47.5	45	41	0	49	37	28	24.5	44	41	52.5	21	54.5	55	47	42	30.5	51.5	52	66.5	25	48	51	16.5	49.5	53.5	59.5	23.5	49	42	32	24	
70.5	24.5	70	41.5	4	26	42	74.5	16.5	16	2	67.5	24.5	51	26.5	47.5	33.5	19.5	58	68.5	22.5	16.5	52.5	33	47.5	31	63	34.5	36.5	65	32	46	25.5	50.5	27.5	31.5	42.5	20	71	36.5	62.5	66	21	45	72.5	4	74	49	0	68	37	34.5	71	36	37.5	44	19.5	50	38	73	59.5	58.5	57	31.5	60	43	24	51.5	54.5	58.5	40.5	58.5	56	17	19	59	
16.5	66.5	26	40.5	64	70	68	20.5	70.5	70	66	23.5	78.5	17	55.5	73.5	44.5	58.5	32	32.5	68.5	55.5	23.5	83	28.5	65	19	76.5	84.5	3	58	40	54.5	80.5	81.5	85.5	68.5	54	17	35.5	36.5	30	51	71	28.5	64	22	37	68	0	49	45.5	25	62	73.5	42	73.5	76	68	23	26.5	32.5	31	85.5	16	69	72	32.5	28.5	32.5	80.5	19.5	12	61	53	25	
47.5	37.5	57	44.5	33	41	39	51.5	39.5	39	35	54.5	47.5	54	29.5	44.5	15.5	27.5	61	63.5	39.5	24.5	29.5	54	24.5	36	40	47.5	55.5	52	29	31	28.5	51.5	50.5	54.5	39.5	17	48	39.5	65.5	61	22	42	59.5	33	53	28	37	49	0	16.5	56	33	44.5	23	42.5	47	39	54	42.5	61.5	60	54.5	37	40	43	28.5	57.5	61.5	51.5	35.5	59	30	24	36	
44	29	53.5	47	36.5	32.5	30.5	48	43	42.5	36.5	51	51	62.5	32	36	1	21	65.5	60	31	24	26	45.5	21	27.5	36.5	39	47	48.5	20.5	27.5	33	43	54	52	31	31.5	44.5	48	66	57.5	13.5	33.5	56	36.5	49.5	24.5	34.5	45.5	16.5	0	52.5	24.5	36	19.5	44	38.5	30.5	50.5	39	60	66.5	52	33.5	31.5	34.5	25	66	70	43	32	57.5	31.5	15.5	32.5	
13.5	73.5	1	43.5	67	77	75	17.5	73.5	73	69	25.5	81.5	28	58.5	80.5	51.5	61.5	13	29.5	75.5	58.5	30.5	90	35.5	72	26	83.5	91.5	28	65	47	57.5	87.5	84.5	88.5	75.5	57	8	38.5	29.5	5	58	78	25.5	67	3	44	71	25	56	52.5	0	69	80.5	49	76.5	83	75	2	33.5	30.5	14	88.5	23	76	79	39.5	21.5	25.5	87.5	26.5	33	64	60	32	
60.5	25.5	70	63.5	40	24	12	64.5	31.5	34	38	67.5	34.5	79	48.5	17.5	23.5	45.5	82	76.5	27.5	46.5	42.5	27	37.5	19	53	20.5	28.5	65	12	44	49.5	24.5	37.5	33.5	12.5	50	61	66.5	82.5	74	15	15	72.5	40	66	41	36	62	33	24.5	69	0	17.5	36	30.5	20	6	67	55.5	76.5	83	33.5	50	13	26	41.5	84.5	86.5	24.5	48.5	74	43	17	49	
72	37	81.5	65	33.5	35.5	18.5	76	25	29.5	35.5	79	23	74.5	50	24	35	43	81.5	88	39	40	54	31.5	49	30.5	64.5	3	35	76.5	23.5	55.5	49	31	26	30	19	43.5	72.5	60	86	85.5	26.5	21.5	84	33.5	77.5	52.5	37.5	73.5	44.5	36	80.5	17.5	0	47.5	28	26.5	23.5	78.5	67	82	80.5	30	61.5	19.5	37.5	53	78	82	31	60	79.5	40.5	28.5	60.5	
40.5	40.5	50	41.5	40	44	42	44.5	46.5	46	42	47.5	54.5	51	31.5	47.5	18.5	34.5	58	56.5	42.5	31.5	22.5	57	17.5	39	33	50.5	58.5	45	32	24	30.5	54.5	57.5	61.5	42.5	30	41	36.5	62.5	54	25	45	52.5	40	46	21	44	42	23	19.5	49	36	47.5	0	49.5	50	42	47	35.5	56.5	57	61.5	30	43	46	21.5	54.5	58.5	54.5	28.5	54	37	27	29	
80	25	75.5	47	15.5	21.5	36.5	84	3	11.5	17.5	73	15	56.5	32	42	43	25	63.5	74	23	22	62	23.5	57	26.5	72.5	25	27	70.5	31.5	51.5	31	41	18	22	37	25.5	80.5	42	68	71.5	34.5	39.5	78	15.5	79.5	54.5	19.5	73.5	42.5	44	76.5	30.5	28	49.5	0	40.5	28.5	78.5	65	64	62.5	22	69.5	37.5	19.5	59	60	64	31	68	61.5	22.5	36.5	66.5	
74.5	39.5	84	77.5	46	38	16	78.5	37.5	42	48	81.5	25.5	87	62.5	11.5	37.5	55.5	94	90.5	41.5	52.5	56.5	31	51.5	33	67	29.5	27.5	79	26	58	61.5	18.5	28.5	32.5	11.5	56	75	72.5	96.5	88	29	5	86.5	46	80	55	50	76	47	38.5	83	20	26.5	50	40.5	0	26	81	69.5	90.5	93	32.5	64	17	40	55.5	90.5	94.5	23.5	62.5	88	53	31	63	
66.5	31.5	76	65.5	34	30	18	70.5	25.5	30	36	73.5	28.5	75	50.5	23.5	29.5	43.5	82	82.5	33.5	40.5	48.5	33	43.5	25	59	26.5	34.5	71	18	50	49.5	30.5	31.5	35.5	18.5	44	67	60.5	86.5	80	21	21	78.5	34	72	47	38	68	39	30.5	75	6	23.5	42	28.5	26	0	73	61.5	82.5	81	35.5	56	19	32	47.5	78.5	82.5	30.5	54.5	80	41	23	55	
11.5	71.5	3	45.5	69	75	73	15.5	75.5	75	71	23.5	83.5	30	60.5	78.5	49.5	63.5	15	27.5	73.5	60.5	28.5	88	33.5	70	24	81.5	89.5	26	63	45	59.5	85.5	86.5	90.5	73.5	59	6	40.5	31.5	7	56	76	23.5	69	1	42	73	23	54	50.5	2	67	78.5	47	78.5	81	73	0	31.5	32.5	16	90.5	21	74	77	37.5	23.5	27.5	85.5	24.5	35	66	58	30	
25	60	34.5	32	55.5	63.5	61.5	29	62	61.5	57.5	32	70	31.5	47	67	38	50	38.5	41	62	47	17	76.5	22	58.5	17.5	70	78	29.5	51.5	33.5	46	74	73	77	62	45.5	25.5	27	43	38.5	44.5	64.5	37	55.5	30.5	30.5	59.5	26.5	42.5	39	33.5	55.5	67	35.5	65	69.5	61.5	31.5	0	39	37.5	77	14.5	62.5	65.5	26	35	39	74	7	36.5	52.5	46.5	18.5	
26	69	29.5	31	54.5	70.5	82.5	30	61	60.5	56.5	9	69	15.5	46	88	59	49	17.5	28	67	46	38	77.5	43	75.5	33.5	79	81	29.5	72.5	50.5	45	95	72	76	83	44.5	26.5	26	22	25.5	65.5	85.5	32	54.5	31.5	51.5	58.5	32.5	61.5	60	30.5	76.5	82	56.5	64	90.5	82.5	32.5	39	0	16.5	76	30.5	83.5	68.5	47	14	18	85	34	20.5	51.5	67.5	39.5	
27.5	67.5	13	29.5	53	69	89	31.5	59.5	59	55	25.5	67.5	14	44.5	94.5	65.5	47.5	1	21.5	65.5	44.5	44.5	76	49.5	74	40	77.5	79.5	28	79	49	43.5	93.5	70.5	74.5	89.5	43	22	24.5	15.5	9	72	92	25.5	53	17	52	57	31	60	66.5	14	83	80.5	57	62.5	93	81	16	37.5	16.5	0	74.5	37	90	67	51.5	7.5	11.5	83.5	40.5	19	50	74	44	
88	37	87.5	59	27.5	33.5	29.5	92	19	23.5	29.5	85	7	68.5	44	30	51	37	75.5	86	35	34	70	20.5	65	38.5	80.5	27	5	82.5	39.5	63.5	43	33	4	0	21	37.5	88.5	54	80	83.5	42.5	27.5	90	27.5	91.5	66.5	31.5	85.5	54.5	52	88.5	33.5	30	61.5	22	32.5	35.5	90.5	77	76	74.5	0	77.5	30.5	31.5	69	72	76	9	76	73.5	34.5	44.5	76.5	
14.5	54.5	24	32.5	64	58	56	18.5	72.5	68	62	21.5	80.5	33	47.5	61.5	32.5	54.5	36	30.5	56.5	57.5	11.5	71	16.5	53	3	64.5	72.5	19	46	28	48.5	68.5	81.5	77.5	56.5	54	15	37.5	36.5	28	39	59	26.5	64	20	25	60	16	37	33.5	23	50	61.5	30	69.5	64	56	21	14.5	30.5	37	77.5	0	57	60	20.5	40.5	40.5	68.5	7.5	28	57	41	13	
67.5	32.5	77	70.5	43	31	1	71.5	34.5	39	45	74.5	27.5	84	55.5	14.5	30.5	52.5	89	83.5	34.5	49.5	49.5	14	44.5	26	60	22.5	25.5	72	19	51	56.5	21.5	30.5	30.5	9.5	53	68	69.5	89.5	81	22	12	79.5	43	73	48	43	69	40	31.5	76	13	19.5	43	37.5	17	19	74	62.5	83.5	90	30.5	57	0	33	48.5	87.5	91.5	21.5	55.5	81	50	24	56	
70.5	29.5	80	51.5	20	2	32	74.5	16.5	8	22	77.5	24.5	61	36.5	37.5	33.5	29.5	68	78.5	27.5	26.5	52.5	33	47.5	7	63	34.5	36.5	75	14	54	35.5	44.5	27.5	31.5	32.5	30	71	46.5	72.5	76	25	35	82.5	20	76	51	24	72	43	34.5	79	26	37.5	46	19.5	40	32	77	65.5	68.5	67	31.5	60	33	0	51.5	64.5	68.5	40.5	58.5	66	27	27	59	
31	46	40.5	34	49.5	49.5	47.5	35	56	55.5	51.5	38	64	45.5	39	53	24	44	52.5	47	48	41	13	62.5	4	44.5	23.5	56	64	35.5	37.5	19.5	40	60	67	69	48	39.5	31.5	31	53	44.5	30.5	50.5	43	49.5	36.5	16.5	51.5	32.5	28.5	25	39.5	41.5	53	21.5	59	55.5	47.5	37.5	26	47	51.5	69	20.5	48.5	51.5	0	49	53	60	19	44.5	46.5	32.5	19.5	
30	65	20.5	27	50.5	66.5	88.5	26	57	56.5	52.5	23	65	11.5	42	98	67	45	8.5	14	63	42	48	73.5	53	71.5	37.5	75	77	25.5	78.5	46.5	41	91	68	72	93	40.5	29.5	22	8	16.5	75.5	95.5	18	50.5	24.5	49.5	54.5	28.5	57.5	66	21.5	84.5	78	54.5	60	90.5	78.5	23.5	35	14	7.5	72	40.5	87.5	64.5	49	0	4	81	42	16.5	47.5	73.5	41.5	
26	69	24.5	31	54.5	70.5	92.5	22	61	60.5	56.5	27	69	15.5	46	98	69	49	12.5	10	67	46	48	77.5	53	75.5	41.5	79	81	29.5	82.5	50.5	45	95	72	76	93	44.5	31.5	26	4	20.5	75.5	95.5	14	54.5	28.5	53.5	58.5	32.5	61.5	70	25.5	86.5	82	58.5	64	94.5	82.5	27.5	39	18	11.5	76	40.5	91.5	68.5	53	4	0	85	44	20.5	51.5	77.5	45.5	
79	44	88.5	68	36.5	42.5	20.5	83	28	32.5	38.5	86	16	77.5	53	21	42	46	84.5	95	44	43	61	29.5	56	37.5	71.5	34	4	83.5	30.5	62.5	52	28	13	9	12	46.5	79.5	63	89	92.5	33.5	18.5	91	36.5	84.5	59.5	40.5	80.5	51.5	43	87.5	24.5	31	54.5	31	23.5	30.5	85.5	74	85	83.5	9	68.5	21.5	40.5	60	81	85	0	67	82.5	43.5	35.5	67.5	
18	53	27.5	31	62.5	56.5	54.5	22	69	66.5	60.5	25	77	36.5	46	60	31	53	39.5	34	55	54	10	69.5	15	51.5	10.5	63	71	22.5	44.5	26.5	47	67	80	76	55	52.5	18.5	34	40	31.5	37.5	57.5	30	62.5	23.5	23.5	58.5	19.5	35.5	32	26.5	48.5	60	28.5	68	62.5	54.5	24.5	7	34	40.5	76	7.5	55.5	58.5	19	42	44	67	0	31.5	55.5	39.5	11.5	
28.5	66.5	32	28.5	52	68	80	32.5	58.5	58	54	29.5	66.5	5	43.5	85.5	56.5	46.5	20	30.5	64.5	43.5	35.5	75	40.5	73	31	76.5	78.5	9	70	48	42.5	92.5	69.5	73.5	80.5	42	29	23.5	24.5	28	63	83	34.5	52	34	49	56	12	59	57.5	33	74	79.5	54	61.5	88	80	35	36.5	20.5	19	73.5	28	81	66	44.5	16.5	20.5	82.5	31.5	0	49	65	37	
67.5	27.5	63	34.5	13	29	49	71.5	19.5	19	15	60.5	27.5	44	19.5	54.5	30.5	12.5	51	61.5	25.5	9.5	49.5	36	44.5	34	60	37.5	39.5	58	39	39	18.5	53.5	30.5	34.5	49.5	13	68	29.5	55.5	59	32	52	65.5	13	67	42	17	61	30	31.5	64	43	40.5	37	22.5	53	41	66	52.5	51.5	50	34.5	57	50	27	46.5	47.5	51.5	43.5	55.5	49	0	34	54	
51.5	21.5	61	54.5	23	25	23	55.5	35.5	35	21	58.5	43.5	70	39.5	28.5	14.5	36.5	73	67.5	23.5	35.5	33.5	38	28.5	20	44	31.5	39.5	56	13	35	40.5	35.5	46.5	44.5	23.5	39	52	55.5	73.5	65	2	26	63.5	23	57	32	19	53	24	15.5	60	17	28.5	27	36.5	31	23	58	46.5	67.5	74	44.5	41	24	27	32.5	73.5	77.5	35.5	39.5	65	34	0	40	
23.5	53.5	33	31.5	57	57	55	27.5	63.5	63	59	30.5	71.5	38	46.5	60.5	31.5	51.5	45	39.5	55.5	48.5	10.5	70	15.5	52	16	63.5	71.5	28	45	27	47.5	67.5	74.5	76.5	55.5	47	24	28.5	45.5	37	38	58	35.5	57	29	24	59	25	36	32.5	32	49	60.5	29	66.5	63	55	30	18.5	39.5	44	76.5	13	56	59	19.5	41.5	45.5	67.5	11.5	37	54	40	0	
