Number of items: 75
Horizon: 3
Time limit: 750
Load limit: 4500
Initial item inventory level
174
162
82
82
66
108
116
15
90
87
33
89
74
20
73
91
56
190
40
160
130
44
96
66
31
84
106
198
108
98
61
186
178
81
152
82
156
22
78
84
48
178
80
83
78
164
66
72
32
47
136
17
26
86
32
52
23
42
85
89
48
138
27
52
74
93
156
144
158
92
20
28
52
37
46
Maximum inventory capacity per item
261
243
164
123
132
162
174
30
135
174
66
178
148
30
146
182
112
285
80
240
195
66
144
99
62
168
159
297
162
196
122
279
267
162
228
164
234
44
117
168
96
267
160
166
117
246
99
144
64
94
204
34
39
172
48
104
46
84
170
178
96
207
54
78
111
186
234
216
237
184
30
56
104
74
69
Reserve storage replenishment rate per item and per period
522	0	0	
486	0	0	
492	0	0	
246	0	0	
396	0	0	
324	0	0	
348	0	0	
90	0	0	
270	0	0	
522	0	0	
198	0	0	
534	0	0	
444	0	0	
60	0	0	
438	0	0	
546	0	0	
336	0	0	
570	0	0	
240	0	0	
480	0	0	
390	0	0	
132	0	0	
288	0	0	
198	0	0	
186	0	0	
504	0	0	
318	0	0	
594	0	0	
324	0	0	
588	0	0	
366	0	0	
558	0	0	
534	0	0	
486	0	0	
456	0	0	
492	0	0	
468	0	0	
132	0	0	
234	0	0	
504	0	0	
288	0	0	
534	0	0	
480	0	0	
498	0	0	
234	0	0	
492	0	0	
198	0	0	
432	0	0	
192	0	0	
282	0	0	
408	0	0	
102	0	0	
78	0	0	
516	0	0	
96	0	0	
312	0	0	
138	0	0	
252	0	0	
510	0	0	
534	0	0	
288	0	0	
414	0	0	
162	0	0	
156	0	0	
222	0	0	
558	0	0	
468	0	0	
432	0	0	
474	0	0	
552	0	0	
60	0	0	
168	0	0	
312	0	0	
222	0	0	
138	0	0	
Forward storage demand rate per item and per period
87	73	13	
81	14	92	
82	122	116	
41	36	24	
66	86	93	
54	64	36	
58	71	69	
15	16	17	
45	69	50	
87	26	91	
33	33	19	
89	109	94	
74	60	106	
10	8	11	
73	67	91	
91	56	121	
56	67	26	
95	119	72	
40	43	38	
80	101	104	
65	117	71	
22	37	13	
48	55	61	
33	21	45	
31	31	26	
84	96	56	
53	98	66	
99	86	81	
54	55	71	
98	112	56	
61	84	82	
93	111	13	
89	81	111	
81	54	49	
76	82	142	
82	70	114	
78	109	38	
22	36	16	
39	65	53	
84	88	121	
48	52	53	
89	16	26	
80	53	74	
83	134	31	
39	69	32	
82	85	66	
33	45	20	
72	53	85	
32	12	40	
47	66	52	
68	74	48	
17	13	9	
13	19	17	
86	76	102	
16	14	4	
52	47	46	
23	28	27	
42	21	25	
85	100	120	
89	162	124	
48	55	15	
69	16	44	
27	35	24	
26	20	20	
37	34	62	
93	82	111	
78	87	61	
72	94	91	
79	79	51	
92	46	58	
10	9	10	
28	18	34	
52	33	51	
37	37	35	
23	15	26	
Distance matrix
0	79	16	82.5	68	45	84.5	33.5	15	48	62	54.5	47.5	28	51.5	41	79	67	11	27	73	51	3.5	27.5	72.5	28.5	32.5	73.5	18	52.5	77.5	44.5	25.5	30.5	54	81.5	23	48	88	69	70.5	46	75.5	76.5	46	65	27.5	81.5	65.5	48.5	18.5	92	97.5	59	20	74.5	51.5	69	75	67.5	51	39.5	58	51	60	58.5	52	50	26	47	37	40.5	23.5	68.5	87	45.5	
79	0	75	33.5	33	56	41.5	67.5	84	47	31	38.5	53.5	73	35.5	60	22	34	90	66	28	40	77.5	71.5	28.5	72.5	68.5	27.5	67	48.5	23.5	56.5	75.5	70.5	47	34.5	78	53	23	32	30.5	55	25.5	35.5	55	36	71.5	40.5	29.5	52.5	62.5	19	18.5	42	69	26.5	49.5	32	26	33.5	50	61.5	43	40	39	42.5	31	51	75	46	64	54.5	77.5	32.5	34	55.5	
16	75	0	78.5	64	29	80.5	29.5	21	44	58	50.5	41.5	12	47.5	37	65	63	27	23	69	47	14.5	23.5	66.5	24.5	31.5	65.5	14	48.5	61.5	40.5	26.5	33.5	40	77.5	29	44	84	65	66.5	38	63.5	72.5	42	61	23.5	77.5	61.5	44.5	14.5	82	81.5	55	16	70.5	47.5	65	69	61.5	43	35.5	54	47	56	54.5	48	34	38	43	33	36.5	19.5	64.5	83	33.5	
82.5	33.5	78.5	0	44.5	67.5	32	79	87.5	50.5	34.5	42	65	84.5	39	71.5	33.5	45.5	93.5	69.5	39.5	43.5	81	75	40	84	80	39	70.5	60	35	68	87	82	58.5	1	89.5	64.5	24.5	43.5	42	66.5	37	24	66.5	47.5	75	29	33	64	66	20.5	15	53.5	72.5	38	59	43.5	37.5	45	61.5	67	54.5	43.5	42.5	54	34.5	62.5	86.5	49.5	75.5	58	81	36	30.5	67	
68	33	64	44.5	0	47	52.5	58.5	73	36	30	27.5	44.5	64	24.5	51	11	25	79	55	5	29	66.5	60.5	19.5	63.5	59.5	18.5	56	39.5	14.5	47.5	66.5	61.5	38	45.5	69	44	34	1	26.5	46	16.5	44.5	46	3	60.5	49.5	33.5	43.5	51.5	30	29.5	33	58	22.5	40.5	23	7	24.5	41	52.5	34	29	8	33.5	16	42	66	35	55	43.5	66.5	36.5	45	46.5	
45	56	29	67.5	47	0	75.5	16.5	30	47	63	55.5	12.5	17	58.5	24	36	38	34	28	42	54	41.5	22.5	37.5	16.5	12.5	36.5	27	27.5	32.5	25.5	19.5	14.5	11	68.5	22	17	57	46	49.5	9	34.5	83.5	19	50	22.5	78.5	64.5	31.5	31.5	53	52.5	26	25	45.5	38.5	36	40	32.5	14	30.5	37	54	55	41.5	63	5	19	48	8	39.5	21.5	61.5	68	4.5	
84.5	41.5	80.5	32	52.5	75.5	0	83	89.5	52.5	36.5	44	73	92.5	41	75.5	41.5	53.5	95.5	71.5	47.5	45.5	83	77	48	88	88	47	72.5	68	43	74	95	90	66.5	31	97.5	72.5	32.5	51.5	50	74.5	45	8	74.5	49.5	77	3	35	68	68	28.5	23	61.5	74.5	46	61	51.5	45.5	53	69.5	69	62.5	45.5	44.5	58	36.5	70.5	94.5	51.5	83.5	60	83	38	31.5	75	
33.5	67.5	29.5	79	58.5	16.5	83	0	38.5	46.5	60.5	53	24	33.5	50	35.5	47.5	49.5	44.5	25.5	53.5	49.5	32	6	49	33	29	48	21.5	39	44	37	36	31	22.5	80	38.5	28.5	68.5	57.5	61	20.5	46	75	30.5	61.5	6	80	64	43	15	64.5	64	37.5	23.5	57	50	47.5	51.5	44	25.5	38	48.5	49.5	58.5	53	50.5	16.5	35.5	45.5	24.5	39	32	67	79.5	12	
15	84	21	87.5	73	30	89.5	38.5	0	53	67	59.5	42.5	33	56.5	46	66	68	26	32	72	56	13.5	32.5	67.5	33.5	27.5	66.5	23	57.5	62.5	49.5	30.5	24.5	41	86.5	8	47	87	74	75.5	39	64.5	81.5	49	70	32.5	86.5	70.5	53.5	23.5	83	82.5	56	25	75.5	56.5	66	70	62.5	44	44.5	63	56	65	63.5	57	35	29	52	38	45.5	28.5	73.5	92	34.5	
48	47	44	50.5	36	47	52.5	46.5	53	0	30	22.5	44.5	56	19.5	39	33	35	59	35	39	19	46.5	40.5	34.5	51.5	59.5	33.5	36	35.5	29.5	37.5	58.5	61.5	38	49.5	61	44	54	37	38.5	46	31.5	44.5	44	33	40.5	49.5	33.5	31.5	31.5	50	49.5	33	38	42.5	24.5	33	37	29.5	41	32.5	10	19	28	26.5	20	42	66	1	55	23.5	46.5	36.5	55	46.5	
62	31	58	34.5	30	63	36.5	60.5	67	30	0	21.5	60.5	70	18.5	53	29	39	73	49	35	23	60.5	54.5	35.5	65.5	75.5	34.5	50	49.5	30.5	51.5	72.5	77.5	54	33.5	75	60	40	31	27.5	62	32.5	28.5	58	27	54.5	33.5	17.5	45.5	45.5	36	35.5	49	52	31.5	38.5	39	33	40.5	57	46.5	40	23	22	35.5	14	58	82	29	69	37.5	60.5	20.5	39	62.5	
54.5	38.5	50.5	42	27.5	55.5	44	53	59.5	22.5	21.5	0	53	62.5	3	45.5	26.5	31.5	65.5	41.5	32.5	15.5	53	47	18	58	68	19	42.5	42	23	44	65	70	46.5	41	67.5	52.5	47.5	28.5	30	54.5	21	36	50.5	24.5	47	41	25	38	38	43.5	43	41.5	44.5	34	31	31.5	30.5	33	49.5	39	32.5	15.5	19.5	28	11.5	50.5	74.5	21.5	61.5	30	53	28	46.5	55	
47.5	53.5	41.5	65	44.5	12.5	73	24	42.5	44.5	60.5	53	0	29.5	54	21.5	33.5	35.5	46.5	30.5	39.5	51.5	46	30	35	29	25	34	35.5	25	30	23	32	27	8.5	66	34.5	14.5	54.5	43.5	47	11.5	32	79	16.5	47.5	30	76	62	29	31	50.5	50	23.5	37.5	43	36	33.5	37.5	30	11.5	28	34.5	51.5	52.5	39	54.5	7.5	31.5	45.5	20.5	37	34	59	65.5	12	
28	73	12	84.5	64	17	92.5	33.5	33	56	70	62.5	29.5	0	59.5	41	53	55	39	35	59	59	26.5	35.5	54.5	28.5	19.5	53.5	26	44.5	49.5	42.5	26.5	21.5	28	85.5	29	34	74	63	66.5	26	51.5	84.5	36	67	35.5	89.5	73.5	48.5	26.5	70	69.5	43	28	62.5	55.5	53	57	49.5	31	47.5	54	59	68	58.5	60	22	26	55	25	48.5	31.5	76.5	85	21.5	
51.5	35.5	47.5	39	24.5	58.5	41	50	56.5	19.5	18.5	3	54	59.5	0	42.5	29.5	28.5	62.5	38.5	29.5	12.5	50	44	21	55	69	22	39.5	39	26	41	62	73	49.5	38	64.5	49.5	44.5	25.5	27	57.5	24	33	47.5	21.5	44	38	22	35	35	46.5	46	40.5	41.5	31	28	30.5	31.5	34	52.5	36	29.5	12.5	16.5	25	8.5	53.5	77.5	18.5	58.5	27	50	25	43.5	58	
41	60	37	71.5	51	24	75.5	35.5	46	39	53	45.5	21.5	41	42.5	0	40	42	52	28	46	42	39.5	33.5	41.5	40.5	36.5	40.5	29	31.5	36.5	29.5	43.5	38.5	13	72.5	46	7	61	50	53.5	23	38.5	67.5	5	54	33.5	72.5	56.5	35.5	24.5	57	56.5	30	31	49.5	42.5	40	44	36.5	10	30.5	41	42	51	45.5	43	19	43	38	32	31.5	39.5	59.5	72	23.5	
79	22	65	33.5	11	36	41.5	47.5	66	33	29	26.5	33.5	53	29.5	40	0	14	70	54	6	30	77.5	53.5	8.5	52.5	48.5	7.5	63	28.5	3.5	36.5	55.5	50.5	27	34.5	58	33	23	10	15.5	35	5.5	49.5	35	14	53.5	44.5	30.5	32.5	62.5	19	18.5	22	61	11.5	29.5	12	4	13.5	30	41.5	23	30	19	22.5	27	31	55	34	44	40.5	57.5	27.5	34	35.5	
67	34	63	45.5	25	38	53.5	49.5	68	35	39	31.5	35.5	55	28.5	42	14	0	72	54	20	16	65.5	55.5	15.5	54.5	50.5	14.5	55	30.5	10.5	38.5	57.5	52.5	29	46.5	60	35	35	24	27.5	37	12.5	53.5	37	28	55.5	56.5	42.5	34.5	50.5	31	30.5	24	57	23.5	31.5	2	18	15.5	32	43.5	25	16	33	24.5	29	33	57	34	46	42.5	59.5	39.5	46	37.5	
11	90	27	93.5	79	34	95.5	44.5	26	59	73	65.5	46.5	39	62.5	52	70	72	0	38	76	62	14.5	38.5	71.5	39.5	31.5	70.5	29	61.5	66.5	55.5	36.5	23.5	45	92.5	34	51	91	80	81.5	43	68.5	87.5	53	76	38.5	92.5	76.5	59.5	29.5	87	86.5	60	31	79.5	62.5	70	74	66.5	48	50.5	69	62	71	69.5	63	39	15	58	42	51.5	34.5	79.5	98	38.5	
27	66	23	69.5	55	28	71.5	25.5	32	35	49	41.5	30.5	35	38.5	28	54	54	38	0	60	38	25.5	19.5	55.5	30.5	40.5	54.5	15	39.5	50.5	31.5	37.5	42.5	29	68.5	40	35	75	56	57.5	19	52.5	63.5	33	52	19.5	68.5	52.5	35.5	10.5	71	70.5	44	17	61.5	38.5	54	58	50.5	32	26.5	45	38	47	45.5	39	23	47	34	34	27.5	25.5	55.5	74	27.5	
73	28	69	39.5	5	42	47.5	53.5	72	39	35	32.5	39.5	59	29.5	46	6	20	76	60	0	34	71.5	59.5	14.5	58.5	54.5	13.5	61	34.5	9.5	42.5	61.5	56.5	33	40.5	64	39	29	4	21.5	41	11.5	49.5	41	8	59.5	50.5	36.5	38.5	56.5	25	24.5	28	63	17.5	35.5	18	2	19.5	36	47.5	29	34	13	28.5	21	37	61	40	50	46.5	63.5	33.5	40	41.5	
51	40	47	43.5	29	54	45.5	49.5	56	19	23	15.5	51.5	59	12.5	42	30	16	62	38	34	0	49.5	43.5	31.5	54.5	66.5	30.5	39	38.5	26.5	40.5	61.5	68.5	45	42.5	64	49	49	30	31.5	53	28.5	37.5	47	26	43.5	42.5	26.5	34.5	34.5	47	46.5	40	41	35.5	27.5	18	34	31.5	48	35.5	29	0	21	24.5	13	49	73	18	58	26.5	49.5	29.5	48	53.5	
3.5	77.5	14.5	81	66.5	41.5	83	32	13.5	46.5	60.5	53	46	26.5	50	39.5	77.5	65.5	14.5	25.5	71.5	49.5	0	26	71	27	31	72	16.5	51	74	43	24	27	52.5	80	21.5	46.5	86.5	67.5	69	44.5	74	75	44.5	63.5	26	80	64	47	17	90.5	94	57.5	18.5	73	50	67.5	73.5	66	49.5	38	56.5	49.5	58.5	57	50.5	46.5	29.5	45.5	35.5	39	22	67	85.5	44	
27.5	71.5	23.5	75	60.5	22.5	77	6	32.5	40.5	54.5	47	30	35.5	44	33.5	53.5	55.5	38.5	19.5	59.5	43.5	26	0	55	31	35	54	15.5	45	50	37	38	37	28.5	74	40.5	34.5	74.5	61.5	63	26.5	52	69	36.5	57.5	0	74	58	41	9	70.5	70	43.5	17.5	63	44	53.5	57.5	50	31.5	32	50.5	43.5	52.5	51	44.5	22.5	41.5	39.5	30.5	33	26	61	79.5	18	
72.5	28.5	66.5	40	19.5	37.5	48	49	67.5	34.5	35.5	18	35	54.5	21	41.5	8.5	15.5	71.5	55.5	14.5	31.5	71	55	0	54	50	1	60.5	30	5	38	57	52	28.5	41	59.5	34.5	29.5	18.5	22	36.5	3	54	36.5	22.5	55	51	37	34	56	25.5	25	23.5	62.5	18	31	13.5	12.5	15	31.5	43	24.5	31.5	27.5	24	29.5	32.5	56.5	35.5	45.5	42	59	34	40.5	37	
28.5	72.5	24.5	84	63.5	16.5	88	33	33.5	51.5	65.5	58	29	28.5	55	40.5	52.5	54.5	39.5	30.5	58.5	54.5	27	31	54	0	24	53	21.5	44	49	42	31	26	27.5	85	33.5	33.5	73.5	62.5	66	25.5	51	80	35.5	66.5	31	85	69	48	22	69.5	69	42.5	23.5	62	55	52.5	56.5	49	30.5	43	53.5	54.5	63.5	58	55.5	21.5	30.5	50.5	24.5	44	5	72	84.5	21	
32.5	68.5	31.5	80	59.5	12.5	88	29	27.5	59.5	75.5	68	25	19.5	69	36.5	48.5	50.5	31.5	40.5	54.5	66.5	31	35	50	24	0	49	35.5	40	45	38	7	12	23.5	81	19.5	29.5	69.5	58.5	62	21.5	47	94	31.5	62.5	35	91	77	44	36	65.5	65	38.5	37.5	58	51	48.5	52.5	45	26.5	43	49.5	66.5	67.5	54	69.5	17.5	16.5	60.5	20.5	52	29	74	80.5	17	
73.5	27.5	65.5	39	18.5	36.5	47	48	66.5	33.5	34.5	19	34	53.5	22	40.5	7.5	14.5	70.5	54.5	13.5	30.5	72	54	1	53	49	0	61.5	29	4	37	56	51	27.5	40	58.5	33.5	28.5	17.5	21	35.5	2	55	35.5	21.5	54	50	36	33	57	24.5	24	22.5	61.5	17	30	12.5	11.5	14	30.5	42	23.5	30.5	26.5	23	30.5	31.5	55.5	34.5	44.5	41	58	33	39.5	36	
18	67	14	70.5	56	27	72.5	21.5	23	36	50	42.5	35.5	26	39.5	29	63	55	29	15	61	39	16.5	15.5	60.5	21.5	35.5	61.5	0	40.5	59.5	32.5	28.5	41.5	38	69.5	31	36	76	57	58.5	34	61.5	64.5	34	53	15.5	69.5	53.5	36.5	6.5	80	79.5	47	2	62.5	39.5	57	63	55.5	39	27.5	46	39	48	46.5	40	32	44	35	19	28.5	16.5	56.5	75	31.5	
52.5	48.5	48.5	60	39.5	27.5	68	39	57.5	35.5	49.5	42	25	44.5	39	31.5	28.5	30.5	61.5	39.5	34.5	38.5	51	45	30	44	40	29	40.5	0	25	28	47	42	18.5	61	49.5	24.5	49.5	38.5	42	26.5	27	64	26.5	42.5	45	69	53	4	36	45.5	45	18.5	42.5	38	31	28.5	32.5	25	21.5	33	29.5	38.5	47.5	34	39.5	22.5	46.5	34.5	35.5	12	49	54	60.5	27	
77.5	23.5	61.5	35	14.5	32.5	43	44	62.5	29.5	30.5	23	30	49.5	26	36.5	3.5	10.5	66.5	50.5	9.5	26.5	74	50	5	49	45	4	59.5	25	0	33	52	47	23.5	36	54.5	29.5	24.5	13.5	17	31.5	2	51	31.5	17.5	50	46	32	29	59	20.5	20	18.5	57.5	13	26	8.5	7.5	10	26.5	38	19.5	26.5	22.5	19	30.5	27.5	51.5	30.5	40.5	37	54	29	35.5	32	
44.5	56.5	40.5	68	47.5	25.5	74	37	49.5	37.5	51.5	44	23	42.5	41	29.5	36.5	38.5	55.5	31.5	42.5	40.5	43	37	38	42	38	37	32.5	28	33	0	45	40	16.5	69	47.5	22.5	57.5	46.5	50	24.5	35	66	24.5	50.5	37	71	55	32	28	53.5	53	26.5	34.5	46	39	36.5	40.5	33	19.5	5	37.5	40.5	49.5	42	41.5	20.5	44.5	36.5	33.5	30	43	58	68.5	25	
25.5	75.5	26.5	87	66.5	19.5	95	36	30.5	58.5	72.5	65	32	26.5	62	43.5	55.5	57.5	36.5	37.5	61.5	61.5	24	38	57	31	7	56	28.5	47	52	45	0	19	30.5	88	26.5	36.5	76.5	65.5	69	28.5	54	87	38.5	69.5	38	92	76	51	29	72.5	72	45.5	30.5	65	58	55.5	59.5	52	33.5	50	56.5	61.5	70.5	61	62.5	24.5	23.5	57.5	27.5	51	34	79	87.5	24	
30.5	70.5	33.5	82	61.5	14.5	90	31	24.5	61.5	77.5	70	27	21.5	73	38.5	50.5	52.5	23.5	42.5	56.5	68.5	27	37	52	26	12	51	41.5	42	47	40	19	0	25.5	83	16.5	31.5	71.5	60.5	64	23.5	49	98	33.5	64.5	37	93	79	46	44	67.5	67	40.5	39.5	60	53	50.5	54.5	47	28.5	45	51.5	68.5	69.5	56	77.5	19.5	8.5	62.5	22.5	54	31	76	82.5	19	
54	47	40	58.5	38	11	66.5	22.5	41	38	54	46.5	8.5	28	49.5	13	27	29	45	29	33	45	52.5	28.5	28.5	27.5	23.5	27.5	38	18.5	23.5	16.5	30.5	25.5	0	59.5	33	6	48	37	40.5	10	25.5	74.5	8	41	28.5	69.5	55.5	22.5	37.5	44	43.5	17	36	36.5	29.5	27	31	23.5	3	21.5	28	45	46	32.5	54	6	30	39	19	30.5	32.5	52.5	59	10.5	
81.5	34.5	77.5	1	45.5	68.5	31	80	86.5	49.5	33.5	41	66	85.5	38	72.5	34.5	46.5	92.5	68.5	40.5	42.5	80	74	41	85	81	40	69.5	61	36	69	88	83	59.5	0	90.5	65.5	25.5	44.5	43	67.5	38	23	67.5	46.5	74	28	32	65	65	21.5	16	54.5	71.5	39	58	44.5	38.5	46	62.5	66	55.5	42.5	41.5	55	33.5	63.5	87.5	48.5	76.5	57	80	35	31.5	68	
23	78	29	89.5	69	22	97.5	38.5	8	61	75	67.5	34.5	29	64.5	46	58	60	34	40	64	64	21.5	40.5	59.5	33.5	19.5	58.5	31	49.5	54.5	47.5	26.5	16.5	33	90.5	0	39	79	68	71.5	31	56.5	89.5	41	72	40.5	94.5	78.5	53.5	31.5	75	74.5	48	33	67.5	60.5	58	62	54.5	36	52.5	59	64	73	63.5	65	27	21	60	30	53.5	36.5	81.5	90	26.5	
48	53	44	64.5	44	17	72.5	28.5	47	44	60	52.5	14.5	34	49.5	7	33	35	51	35	39	49	46.5	34.5	34.5	33.5	29.5	33.5	36	24.5	29.5	22.5	36.5	31.5	6	65.5	39	0	54	43	46.5	16	31.5	74.5	2	47	34.5	75.5	61.5	28.5	31.5	50	49.5	23	38	42.5	35.5	33	37	29.5	3	27.5	34	49	52	38.5	50	12	36	45	25	36.5	38.5	58.5	65	16.5	
88	23	84	24.5	34	57	32.5	68.5	87	54	40	47.5	54.5	74	44.5	61	23	35	91	75	29	49	86.5	74.5	29.5	73.5	69.5	28.5	76	49.5	24.5	57.5	76.5	71.5	48	25.5	79	54	0	33	31.5	56	26.5	34.5	56	37	74.5	35.5	36.5	53.5	71.5	4	9.5	43	78	27.5	50.5	33	27	34.5	51	62.5	44	49	42	43.5	40	52	76	55	65	61.5	78.5	33.5	25	56.5	
69	32	65	43.5	1	46	51.5	57.5	74	37	31	28.5	43.5	63	25.5	50	10	24	80	56	4	30	67.5	61.5	18.5	62.5	58.5	17.5	57	38.5	13.5	46.5	65.5	60.5	37	44.5	68	43	33	0	25.5	45	15.5	45.5	45	4	61.5	50.5	34.5	42.5	52.5	29	28.5	32	59	21.5	39.5	22	6	23.5	40	51.5	33	30	9	32.5	17	41	65	36	54	44.5	67.5	37.5	44	45.5	
70.5	30.5	66.5	42	26.5	49.5	50	61	75.5	38.5	27.5	30	47	66.5	27	53.5	15.5	27.5	81.5	57.5	21.5	31.5	69	63	22	66	62	21	58.5	42	17	50	69	64	40.5	43	71.5	46.5	31.5	25.5	0	48.5	19	42	48.5	29.5	63	47	31	46	54	27.5	27	35.5	60.5	4	43	25.5	19.5	27	43.5	55	36.5	31.5	30.5	36	22.5	44.5	68.5	37.5	57.5	46	69	34	42.5	49	
46	55	38	66.5	46	9	74.5	20.5	39	46	62	54.5	11.5	26	57.5	23	35	37	43	19	41	53	44.5	26.5	36.5	25.5	21.5	35.5	34	26.5	31.5	24.5	28.5	23.5	10	67.5	31	16	56	45	48.5	0	33.5	82.5	18	49	26.5	77.5	63.5	30.5	29.5	52	51.5	25	34	44.5	37.5	35	39	31.5	13	29.5	36	53	54	40.5	58	4	28	47	17	38.5	30.5	60.5	67	8.5	
75.5	25.5	63.5	37	16.5	34.5	45	46	64.5	31.5	32.5	21	32	51.5	24	38.5	5.5	12.5	68.5	52.5	11.5	28.5	74	52	3	51	47	2	61.5	27	2	35	54	49	25.5	38	56.5	31.5	26.5	15.5	19	33.5	0	53	33.5	19.5	52	48	34	31	59	22.5	22	20.5	59.5	15	28	10.5	9.5	12	28.5	40	21.5	28.5	24.5	21	32.5	29.5	53.5	32.5	42.5	39	56	31	37.5	34	
76.5	35.5	72.5	24	44.5	83.5	8	75	81.5	44.5	28.5	36	79	84.5	33	67.5	49.5	53.5	87.5	63.5	49.5	37.5	75	69	54	80	94	55	64.5	64	51	66	87	98	74.5	23	89.5	74.5	34.5	45.5	42	82.5	53	0	72.5	41.5	69	5	27	60	60	36.5	31	65.5	66.5	46	53	55.5	51.5	59	77.5	61	54.5	37.5	36.5	50	28.5	78.5	102.5	43.5	83.5	52	75	30	23.5	83	
46	55	42	66.5	46	19	74.5	30.5	49	44	58	50.5	16.5	36	47.5	5	35	37	53	33	41	47	44.5	36.5	36.5	35.5	31.5	35.5	34	26.5	31.5	24.5	38.5	33.5	8	67.5	41	2	56	45	48.5	18	33.5	72.5	0	49	36.5	77.5	61.5	30.5	29.5	52	51.5	25	36	44.5	37.5	35	39	31.5	5	29.5	36	47	54	40.5	48	14	38	43	27	36.5	40.5	60.5	67	18.5	
65	36	61	47.5	3	50	49.5	61.5	70	33	27	24.5	47.5	67	21.5	54	14	28	76	52	8	26	63.5	57.5	22.5	66.5	62.5	21.5	53	42.5	17.5	50.5	69.5	64.5	41	46.5	72	47	37	4	29.5	49	19.5	41.5	49	0	57.5	46.5	30.5	46.5	48.5	33	32.5	36	55	25.5	41.5	26	10	27.5	44	49.5	37	26	5	36.5	13	45	69	32	58	40.5	63.5	33.5	48	49.5	
27.5	71.5	23.5	75	60.5	22.5	77	6	32.5	40.5	54.5	47	30	35.5	44	33.5	53.5	55.5	38.5	19.5	59.5	43.5	26	0	55	31	35	54	15.5	45	50	37	38	37	28.5	74	40.5	34.5	74.5	61.5	63	26.5	52	69	36.5	57.5	0	74	58	41	9	70.5	70	43.5	17.5	63	44	53.5	57.5	50	31.5	32	50.5	43.5	52.5	51	44.5	22.5	41.5	39.5	30.5	33	26	61	79.5	18	
81.5	40.5	77.5	29	49.5	78.5	3	80	86.5	49.5	33.5	41	76	89.5	38	72.5	44.5	56.5	92.5	68.5	50.5	42.5	80	74	51	85	91	50	69.5	69	46	71	92	93	69.5	28	94.5	75.5	35.5	50.5	47	77.5	48	5	77.5	46.5	74	0	32	65	65	31.5	26	64.5	71.5	49	58	54.5	48.5	56	72.5	66	59.5	42.5	41.5	55	33.5	73.5	97.5	48.5	86.5	57	80	35	28.5	78	
65.5	29.5	61.5	33	33.5	64.5	35	64	70.5	33.5	17.5	25	62	73.5	22	56.5	30.5	42.5	76.5	52.5	36.5	26.5	64	58	37	69	77	36	53.5	53	32	55	76	79	55.5	32	78.5	61.5	36.5	34.5	31	63.5	34	27	61.5	30.5	58	32	0	49	49	32.5	32	50.5	55.5	35	42	40.5	34.5	42	58.5	50	43.5	26.5	25.5	39	17.5	59.5	83.5	32.5	72.5	41	64	3	37.5	64	
48.5	52.5	44.5	64	43.5	31.5	68	43	53.5	31.5	45.5	38	29	48.5	35	35.5	32.5	34.5	59.5	35.5	38.5	34.5	47	41	34	48	44	33	36.5	4	29	32	51	46	22.5	65	53.5	28.5	53.5	42.5	46	30.5	31	60	30.5	46.5	41	65	49	0	32	49.5	49	22.5	38.5	42	35	32.5	36.5	29	25.5	33	33.5	34.5	43.5	38	35.5	26.5	50.5	30.5	39.5	8	47	52	64.5	31	
18.5	62.5	14.5	66	51.5	31.5	68	15	23.5	31.5	45.5	38	31	26.5	35	24.5	62.5	50.5	29.5	10.5	56.5	34.5	17	9	56	22	36	57	6.5	36	59	28	29	44	37.5	65	31.5	31.5	71.5	52.5	54	29.5	59	60	29.5	48.5	9	65	49	32	0	75.5	79	42.5	8.5	58	35	52.5	58.5	51	34.5	23	41.5	34.5	43.5	42	35.5	31.5	44.5	30.5	25.5	24	17	52	70.5	27	
92	19	82	20.5	30	53	28.5	64.5	83	50	36	43.5	50.5	70	46.5	57	19	31	87	71	25	47	90.5	70.5	25.5	69.5	65.5	24.5	80	45.5	20.5	53.5	72.5	67.5	44	21.5	75	50	4	29	27.5	52	22.5	36.5	52	33	70.5	31.5	32.5	49.5	75.5	0	5.5	39	78	23.5	46.5	29	23	30.5	47	58.5	40	47	38	39.5	44	48	72	51	61	57.5	74.5	29.5	21	52.5	
97.5	18.5	81.5	15	29.5	52.5	23	64	82.5	49.5	35.5	43	50	69.5	46	56.5	18.5	30.5	86.5	70.5	24.5	46.5	94	70	25	69	65	24	79.5	45	20	53	72	67	43.5	16	74.5	49.5	9.5	28.5	27	51.5	22	31	51.5	32.5	70	26	32	49	79	5.5	0	38.5	77.5	23	46	28.5	22.5	30	46.5	58	39.5	46.5	37.5	39	45.5	47.5	71.5	50.5	60.5	57	74	29	15.5	52	
59	42	55	53.5	33	26	61.5	37.5	56	33	49	41.5	23.5	43	40.5	30	22	24	60	44	28	40	57.5	43.5	23.5	42.5	38.5	22.5	47	18.5	18.5	26.5	45.5	40.5	17	54.5	48	23	43	32	35.5	25	20.5	65.5	25	36	43.5	64.5	50.5	22.5	42.5	39	38.5	0	49	31.5	24.5	22	26	18.5	20	31.5	23	40	41	27.5	41	21	45	34	34	30.5	47.5	47.5	54	25.5	
20	69	16	72.5	58	25	74.5	23.5	25	38	52	44.5	37.5	28	41.5	31	61	57	31	17	63	41	18.5	17.5	62.5	23.5	37.5	61.5	2	42.5	57.5	34.5	30.5	39.5	36	71.5	33	38	78	59	60.5	34	59.5	66.5	36	55	17.5	71.5	55.5	38.5	8.5	78	77.5	49	0	64.5	41.5	59	65	57.5	39	29.5	48	41	50	48.5	42	30	44	37	17	30.5	18.5	58.5	77	29.5	
74.5	26.5	70.5	38	22.5	45.5	46	57	75.5	42.5	31.5	34	43	62.5	31	49.5	11.5	23.5	79.5	61.5	17.5	35.5	73	63	18	62	58	17	62.5	38	13	46	65	60	36.5	39	67.5	42.5	27.5	21.5	4	44.5	15	46	44.5	25.5	63	49	35	42	58	23.5	23	31.5	64.5	0	39	21.5	15.5	23	39.5	51	32.5	35.5	30.5	32	26.5	40.5	64.5	41.5	53.5	50	67	32	38.5	45	
51.5	49.5	47.5	59	40.5	38.5	61	50	56.5	24.5	38.5	31	36	55.5	28	42.5	29.5	31.5	62.5	38.5	35.5	27.5	50	44	31	55	51	30	39.5	31	26	39	58	53	29.5	58	60.5	35.5	50.5	39.5	43	37.5	28	53	37.5	41.5	44	58	42	35	35	46.5	46	24.5	41.5	39	0	29.5	33.5	26	32.5	36	30.5	27.5	36.5	35	28.5	33.5	57.5	23.5	46.5	27	50	45	61.5	38	
69	32	65	43.5	23	36	51.5	47.5	66	33	39	31.5	33.5	53	30.5	40	12	2	70	54	18	18	67.5	53.5	13.5	52.5	48.5	12.5	57	28.5	8.5	36.5	55.5	50.5	27	44.5	58	33	33	22	25.5	35	10.5	55.5	35	26	53.5	54.5	40.5	32.5	52.5	29	28.5	22	59	21.5	29.5	0	16	13.5	30	41.5	23	18	31	22.5	31	31	55	34	44	40.5	57.5	37.5	44	35.5	
75	26	69	37.5	7	40	45.5	51.5	70	37	33	30.5	37.5	57	31.5	44	4	18	74	58	2	34	73.5	57.5	12.5	56.5	52.5	11.5	63	32.5	7.5	40.5	59.5	54.5	31	38.5	62	37	27	6	19.5	39	9.5	51.5	39	10	57.5	48.5	34.5	36.5	58.5	23	22.5	26	65	15.5	33.5	16	0	17.5	34	45.5	27	34	15	26.5	23	35	59	38	48	44.5	61.5	31.5	38	39.5	
67.5	33.5	61.5	45	24.5	32.5	53	44	62.5	29.5	40.5	33	30	49.5	34	36.5	13.5	15.5	66.5	50.5	19.5	31.5	66	50	15	49	45	14	55.5	25	10	33	52	47	23.5	46	54.5	29.5	34.5	23.5	27	31.5	12	59	31.5	27.5	50	56	42	29	51	30.5	30	18.5	57.5	23	26	13.5	17.5	0	26.5	38	19.5	31.5	32.5	9	34.5	27.5	51.5	30.5	40.5	37	54	39	45.5	32	
51	50	43	61.5	41	14	69.5	25.5	44	41	57	49.5	11.5	31	52.5	10	30	32	48	32	36	48	49.5	31.5	31.5	30.5	26.5	30.5	39	21.5	26.5	19.5	33.5	28.5	3	62.5	36	3	51	40	43.5	13	28.5	77.5	5	44	31.5	72.5	58.5	25.5	34.5	47	46.5	20	39	39.5	32.5	30	34	26.5	0	24.5	31	48	49	35.5	53	9	33	42	22	33.5	35.5	55.5	62	13.5	
39.5	61.5	35.5	67	52.5	30.5	69	38	44.5	32.5	46.5	39	28	47.5	36	30.5	41.5	43.5	50.5	26.5	47.5	35.5	38	32	43	43	43	42	27.5	33	38	5	50	45	21.5	66	52.5	27.5	62.5	51.5	55	29.5	40	61	29.5	49.5	32	66	50	33	23	58.5	58	31.5	29.5	51	36	41.5	45.5	38	24.5	0	42.5	35.5	44.5	43	36.5	25.5	49.5	31.5	38.5	25	38	53	71.5	30	
58	43	54	54.5	34	37	62.5	48.5	63	10	40	32.5	34.5	54	29.5	41	23	25	69	45	29	29	56.5	50.5	24.5	53.5	49.5	23.5	46	29.5	19.5	37.5	56.5	51.5	28	55.5	59	34	44	33	36.5	36	21.5	54.5	36	37	50.5	59.5	43.5	33.5	41.5	40	39.5	23	48	32.5	30.5	23	27	19.5	31	42.5	0	29	38	28.5	30	32	56	11	45	33.5	56.5	46.5	55	36.5	
51	40	47	43.5	29	54	45.5	49.5	56	19	23	15.5	51.5	59	12.5	42	30	16	62	38	34	0	49.5	43.5	31.5	54.5	66.5	30.5	39	38.5	26.5	40.5	61.5	68.5	45	42.5	64	49	49	30	31.5	53	28.5	37.5	47	26	43.5	42.5	26.5	34.5	34.5	47	46.5	40	41	35.5	27.5	18	34	31.5	48	35.5	29	0	21	24.5	13	49	73	18	58	26.5	49.5	29.5	48	53.5	
60	39	56	42.5	8	55	44.5	58.5	65	28	22	19.5	52.5	68	16.5	51	19	33	71	47	13	21	58.5	52.5	27.5	63.5	67.5	26.5	48	47.5	22.5	49.5	70.5	69.5	46	41.5	73	52	42	9	30.5	54	24.5	36.5	54	5	52.5	41.5	25.5	43.5	43.5	38	37.5	41	50	30.5	36.5	31	15	32.5	49	44.5	38	21	0	33.5	8	50	74	27	63	35.5	58.5	28.5	47	54.5	
58.5	42.5	54.5	54	33.5	41.5	58	53	63.5	26.5	35.5	28	39	58.5	25	45.5	22.5	24.5	69.5	45.5	28.5	24.5	57	51	24	58	54	23	46.5	34	19	42	61	56	32.5	55	63.5	38.5	43.5	32.5	36	40.5	21	50	40.5	36.5	51	55	39	38	42	39.5	39	27.5	48.5	32	35	22.5	26.5	9	35.5	43	28.5	24.5	33.5	0	25.5	36.5	60.5	25.5	49.5	34	57	42	54.5	41	
52	31	48	34.5	16	63	36.5	50.5	57	20	14	11.5	54.5	60	8.5	43	27	29	63	39	21	13	50.5	44.5	29.5	55.5	69.5	30.5	40	39.5	30.5	41.5	62.5	77.5	54	33.5	65	50	40	17	22.5	58	32.5	28.5	48	13	44.5	33.5	17.5	35.5	35.5	44	45.5	41	42	26.5	28.5	31	23	34.5	53	36.5	30	13	8	25.5	0	58	78	19	59	27.5	50.5	20.5	39	62.5	
50	51	34	62.5	42	5	70.5	16.5	35	42	58	50.5	7.5	22	53.5	19	31	33	39	23	37	49	46.5	22.5	32.5	21.5	17.5	31.5	32	22.5	27.5	20.5	24.5	19.5	6	63.5	27	12	52	41	44.5	4	29.5	78.5	14	45	22.5	73.5	59.5	26.5	31.5	48	47.5	21	30	40.5	33.5	31	35	27.5	9	25.5	32	49	50	36.5	58	0	24	43	13	34.5	26.5	56.5	63	4.5	
26	75	38	86.5	66	19	94.5	35.5	29	66	82	74.5	31.5	26	77.5	43	55	57	15	47	61	73	29.5	41.5	56.5	30.5	16.5	55.5	44	46.5	51.5	44.5	23.5	8.5	30	87.5	21	36	76	65	68.5	28	53.5	102.5	38	69	41.5	97.5	83.5	50.5	44.5	72	71.5	45	44	64.5	57.5	55	59	51.5	33	49.5	56	73	74	60.5	78	24	0	67	27	58.5	35.5	80.5	87	23.5	
47	46	43	49.5	35	48	51.5	45.5	52	1	29	21.5	45.5	55	18.5	38	34	34	58	34	40	18	45.5	39.5	35.5	50.5	60.5	34.5	35	34.5	30.5	36.5	57.5	62.5	39	48.5	60	45	55	36	37.5	47	32.5	43.5	43	32	39.5	48.5	32.5	30.5	30.5	51	50.5	34	37	41.5	23.5	34	38	30.5	42	31.5	11	18	27	25.5	19	43	67	0	54	22.5	45.5	35.5	54	47.5	
37	64	33	75.5	55	8	83.5	24.5	38	55	69	61.5	20.5	25	58.5	32	44	46	42	34	50	58	35.5	30.5	45.5	24.5	20.5	44.5	19	35.5	40.5	33.5	27.5	22.5	19	76.5	30	25	65	54	57.5	17	42.5	83.5	27	58	30.5	86.5	72.5	39.5	25.5	61	60.5	34	17	53.5	46.5	44	48	40.5	22	38.5	45	58	63	49.5	59	13	27	54	0	47.5	29.5	69.5	76	12.5	
40.5	54.5	36.5	58	43.5	39.5	60	39	45.5	23.5	37.5	30	37	48.5	27	31.5	40.5	42.5	51.5	27.5	46.5	26.5	39	33	42	44	52	41	28.5	12	37	30	51	54	30.5	57	53.5	36.5	61.5	44.5	46	38.5	39	52	36.5	40.5	33	57	41	8	24	57.5	57	30.5	30.5	50	27	40.5	44.5	37	33.5	25	33.5	26.5	35.5	34	27.5	34.5	58.5	22.5	47.5	0	39	44	62.5	39	
23.5	77.5	19.5	81	66.5	21.5	83	32	28.5	46.5	60.5	53	34	31.5	50	39.5	57.5	59.5	34.5	25.5	63.5	49.5	22	26	59	5	29	58	16.5	49	54	43	34	31	32.5	80	36.5	38.5	78.5	67.5	69	30.5	56	75	40.5	63.5	26	80	64	47	17	74.5	74	47.5	18.5	67	50	57.5	61.5	54	35.5	38	56.5	49.5	58.5	57	50.5	26.5	35.5	45.5	29.5	39	0	67	85.5	26	
68.5	32.5	64.5	36	36.5	61.5	38	67	73.5	36.5	20.5	28	59	76.5	25	59.5	27.5	39.5	79.5	55.5	33.5	29.5	67	61	34	72	74	33	56.5	54	29	58	79	76	52.5	35	81.5	58.5	33.5	37.5	34	60.5	31	30	60.5	33.5	61	35	3	52	52	29.5	29	47.5	58.5	32	45	37.5	31.5	39	55.5	53	46.5	29.5	28.5	42	20.5	56.5	80.5	35.5	69.5	44	67	0	40.5	61	
87	34	83	30.5	45	68	31.5	79.5	92	55	39	46.5	65.5	85	43.5	72	34	46	98	74	40	48	85.5	79.5	40.5	84.5	80.5	39.5	75	60.5	35.5	68.5	87.5	82.5	59	31.5	90	65	25	44	42.5	67	37.5	23.5	67	48	79.5	28.5	37.5	64.5	70.5	21	15.5	54	77	38.5	61.5	44	38	45.5	62	71.5	55	48	47	54.5	39	63	87	54	76	62.5	85.5	40.5	0	67.5	
45.5	55.5	33.5	67	46.5	4.5	75	12	34.5	46.5	62.5	55	12	21.5	58	23.5	35.5	37.5	38.5	27.5	41.5	53.5	44	18	37	21	17	36	31.5	27	32	25	24	19	10.5	68	26.5	16.5	56.5	45.5	49	8.5	34	83	18.5	49.5	18	78	64	31	27	52.5	52	25.5	29.5	45	38	35.5	39.5	32	13.5	30	36.5	53.5	54.5	41	62.5	4.5	23.5	47.5	12.5	39	26	61	67.5	0	
