Number of items: 75
Horizon: 6
Time limit: 750
Load limit: 4500
Initial item inventory level
83
267
126
11
111
123
213
51
63
134
86
134
54
70
81
279
95
267
105
225
196
104
60
10
98
28
91
94
34
182
77
276
276
94
282
38
64
285
86
142
12
43
190
186
94
196
54
86
252
32
75
54
172
20
36
90
164
83
43
98
37
81
219
123
24
164
16
117
174
182
73
264
70
225
53
Maximum inventory capacity per item
166
356
189
22
148
164
284
68
126
201
129
201
81
140
108
372
190
356
140
300
294
156
120
20
147
42
182
141
68
273
154
368
368
188
376
57
128
380
129
213
24
86
285
248
141
294
81
172
336
64
150
81
258
40
72
135
246
166
86
147
74
162
292
164
48
246
32
156
261
273
146
352
105
300
106
Reserve storage replenishment rate per item and per period
498	0	0	498	0	0	
534	0	0	534	0	0	
378	0	0	378	0	0	
66	0	0	66	0	0	
222	0	0	222	0	0	
246	0	0	246	0	0	
426	0	0	426	0	0	
102	0	0	102	0	0	
378	0	0	378	0	0	
402	0	0	402	0	0	
258	0	0	258	0	0	
402	0	0	402	0	0	
162	0	0	162	0	0	
420	0	0	420	0	0	
162	0	0	162	0	0	
558	0	0	558	0	0	
570	0	0	570	0	0	
534	0	0	534	0	0	
210	0	0	210	0	0	
450	0	0	450	0	0	
588	0	0	588	0	0	
312	0	0	312	0	0	
360	0	0	360	0	0	
60	0	0	60	0	0	
294	0	0	294	0	0	
84	0	0	84	0	0	
546	0	0	546	0	0	
282	0	0	282	0	0	
204	0	0	204	0	0	
546	0	0	546	0	0	
462	0	0	462	0	0	
552	0	0	552	0	0	
552	0	0	552	0	0	
564	0	0	564	0	0	
564	0	0	564	0	0	
114	0	0	114	0	0	
384	0	0	384	0	0	
570	0	0	570	0	0	
258	0	0	258	0	0	
426	0	0	426	0	0	
72	0	0	72	0	0	
258	0	0	258	0	0	
570	0	0	570	0	0	
372	0	0	372	0	0	
282	0	0	282	0	0	
588	0	0	588	0	0	
162	0	0	162	0	0	
516	0	0	516	0	0	
504	0	0	504	0	0	
192	0	0	192	0	0	
450	0	0	450	0	0	
162	0	0	162	0	0	
516	0	0	516	0	0	
120	0	0	120	0	0	
216	0	0	216	0	0	
270	0	0	270	0	0	
492	0	0	492	0	0	
498	0	0	498	0	0	
258	0	0	258	0	0	
294	0	0	294	0	0	
222	0	0	222	0	0	
486	0	0	486	0	0	
438	0	0	438	0	0	
246	0	0	246	0	0	
144	0	0	144	0	0	
492	0	0	492	0	0	
96	0	0	96	0	0	
234	0	0	234	0	0	
522	0	0	522	0	0	
546	0	0	546	0	0	
438	0	0	438	0	0	
528	0	0	528	0	0	
210	0	0	210	0	0	
450	0	0	450	0	0	
318	0	0	318	0	0	
Forward storage demand rate per item and per period
83	102	61	111	27	120	
89	115	26	104	112	119	
63	97	44	84	52	39	
11	7	11	10	9	10	
37	26	28	43	40	28	
41	21	60	47	56	71	
71	106	71	54	35	20	
17	13	9	18	20	11	
63	62	75	96	25	79	
67	65	87	74	60	29	
43	45	52	57	32	36	
67	129	50	88	122	93	
27	28	41	43	12	38	
70	110	14	41	24	127	
27	20	10	21	43	27	
93	19	94	64	14	87	
95	140	155	71	79	168	
89	98	141	89	9	96	
35	24	40	40	30	38	
75	106	67	11	82	111	
98	148	85	147	104	184	
52	76	62	58	77	60	
60	85	18	73	66	13	
10	11	5	5	15	9	
49	41	74	46	50	9	
14	15	18	15	5	14	
91	100	47	34	97	34	
47	88	41	40	30	46	
34	21	33	29	29	54	
91	145	67	47	153	44	
77	77	78	92	127	100	
92	72	19	52	81	178	
92	67	65	30	97	7	
94	45	33	69	72	35	
94	161	154	142	103	121	
19	11	18	5	34	22	
64	72	37	26	54	63	
95	115	65	122	124	97	
43	80	67	23	31	44	
71	20	47	64	78	82	
12	15	3	11	8	10	
43	40	28	18	41	26	
95	61	101	95	82	93	
62	3	8	57	111	69	
47	78	40	61	13	59	
98	86	146	37	140	146	
27	49	34	7	18	24	
86	155	30	110	65	32	
84	138	86	119	52	129	
32	28	31	16	30	21	
75	8	52	110	96	97	
27	28	23	35	22	47	
86	68	85	72	131	60	
20	17	11	5	4	16	
36	40	19	55	52	7	
45	19	63	70	47	17	
82	57	59	127	58	46	
83	111	44	37	117	42	
43	84	28	63	9	62	
49	50	29	29	33	57	
37	59	56	58	41	34	
81	104	66	49	31	35	
73	78	41	130	51	12	
41	47	35	33	46	40	
24	21	33	29	17	34	
82	54	44	82	105	79	
16	20	10	20	14	23	
39	19	44	47	30	58	
87	105	131	145	94	49	
91	56	142	58	115	51	
73	57	92	63	108	76	
88	149	108	82	100	30	
35	46	51	38	60	58	
75	71	72	59	72	79	
53	64	89	55	44	76	
Distance matrix
0	39.5	31.5	80	19.5	43.5	56	39	4.5	52	39	70.5	56	48	89	34	48.5	43	85.5	35	73.5	34.5	50.5	31.5	21.5	60	28	12	66.5	66.5	39	2	30.5	29.5	35.5	40.5	40	59	34.5	25	57	57.5	89.5	73.5	64	29	48.5	25.5	68	58	66.5	54	58	39	29	51	85.5	73	41.5	42.5	70	70	57	32.5	23.5	35.5	83.5	50.5	58.5	9	20.5	49.5	25.5	54	57	57	
39.5	0	36	40.5	34	28	40.5	23.5	39	23.5	36.5	55	40.5	32.5	61.5	41.5	9	32.5	50	40.5	52	41	35	44	26	44.5	17.5	31.5	49	51	23.5	41.5	45	44	30	35	35.5	43.5	41	50.5	41.5	38	56	58	48.5	46.5	33	50	52.5	42.5	29	26.5	22.5	36.5	46.5	24.5	60	57.5	26	33	30.5	54.5	41.5	43	18	30	68	25	43	48.5	25	34	20	38.5	41.5	41.5	
31.5	36	0	48.5	26	40	52.5	35.5	31	26.5	29.5	67	52.5	40.5	69.5	29.5	35	35.5	58	28.5	60	29	43	32	10	56.5	24.5	23.5	57	63	35.5	33.5	33	34	32	9	23.5	55.5	29	38.5	53.5	46	64	70	60.5	34.5	45	38	64.5	50.5	37	34.5	30.5	29.5	34.5	27.5	68	69.5	38	11	38.5	66.5	51.5	31	20	32	80	23	55	40.5	11	46	22	50.5	53.5	53.5	
80	40.5	48.5	0	60.5	36.5	24	41	75.5	28	41	24.5	24	32	21	46	31.5	37	9.5	45	11.5	45.5	29.5	48.5	58.5	20	52	68	13.5	38.5	41	78	49.5	50.5	44.5	39.5	40	31	45.5	55	33	22.5	15.5	51.5	26	51	31.5	54.5	42	22	13.5	26	22	41	51	29	19.5	47	38.5	37.5	10	20	23	47.5	56.5	44.5	31.5	29.5	21.5	71	59.5	30.5	54.5	26	33	23	
19.5	34	26	60.5	0	38	50.5	33.5	19	38.5	33.5	65	50.5	42.5	81.5	31.5	43	37.5	70	30.5	68	31	45	12	16	54.5	22.5	11.5	61	61	33.5	21.5	35	10	30	35	25.5	53.5	15	34.5	51.5	52	76	68	58.5	36.5	43	30	62.5	52.5	49	46.5	42.5	33.5	28.5	39.5	80	67.5	36	33	50.5	64.5	51.5	33	18	30	78	35	53	28.5	15	44	20	48.5	51.5	51.5	
43.5	28	40	36.5	38	0	19.5	22.5	43	45.5	42.5	29	14.5	31.5	47.5	57.5	37	36.5	44	58.5	32	63	29	50	30	18.5	21.5	35.5	25	25	12.5	45.5	59	48	34	49	61.5	17.5	53	58.5	15.5	26	48	32	22.5	62.5	5	54	26.5	21.5	35	37.5	41.5	42.5	52.5	44.5	44	31.5	20	51	31.5	28.5	20.5	69	22	34	42	49	15	52.5	29	18	24	12.5	15.5	15.5	
56	40.5	52.5	24	50.5	19.5	0	35	55.5	32	45	46.5	32	36	45	50	35.5	41	33.5	49	35.5	49.5	33.5	52.5	42.5	34	34	48	32.5	42.5	25	58	53.5	54.5	46.5	43.5	44	35	49.5	59	33	26.5	39.5	49.5	40	55	24.5	58.5	44	2	17.5	30	26	45	55	33	43.5	49	32.5	41.5	14	44	1	51.5	34.5	46.5	55.5	33.5	30.5	65	41.5	30.5	36.5	30	33	33	
39	23.5	35.5	41	33.5	22.5	35	0	38.5	29	38	49.5	35	9	62	47	32.5	32	50.5	46	52.5	46.5	29.5	45.5	25.5	39	17	31	45.5	45.5	18	41	50.5	43.5	29.5	40.5	41	38	46.5	54	36	36.5	56.5	52.5	43	52	27.5	49.5	47	37	29.5	15	19	38	48	30	60.5	52	20.5	38.5	31	49	36	48.5	17.5	29.5	62.5	30.5	37.5	48	24.5	28.5	19.5	33	36	36	
4.5	39	31	75.5	19	43	55.5	38.5	0	51.5	38.5	70	55.5	47.5	88.5	33.5	48	42.5	85	34.5	73	34	50	31	21	59.5	27.5	11.5	66	66	38.5	6.5	30	29	35	40	35.5	58.5	34	24.5	56.5	57	89	73	63.5	28.5	48	25	67.5	57.5	64	53.5	57.5	38.5	28.5	50.5	85	72.5	41	42	65.5	69.5	56.5	28	23	35	83	50	58	13.5	20	49	25	53.5	56.5	56.5	
52	23.5	26.5	28	38.5	45.5	32	29	51.5	0	19	52.5	42	20	49	24	14.5	9	37.5	23	39.5	23.5	22.5	26.5	36.5	38	24	44	36.5	66.5	39	54	27.5	28.5	22.5	17.5	18	59	23.5	33	59	25.5	43.5	75.5	54	29	44.5	32.5	70	30	16.5	14	10	19	29	1	47.5	75	31.5	15.5	18	48	31	25.5	30.5	22.5	59.5	7.5	34.5	49	37.5	33.5	32.5	54	59	51	
39	36.5	29.5	41	33.5	42.5	45	38	38.5	19	0	65.5	55	33	62	27	27.5	28	50.5	26	52.5	26.5	35.5	29.5	25.5	51	27	31	49.5	65.5	38	41	30.5	31.5	30.5	20.5	21	58	26.5	36	56	38.5	56.5	72.5	63	32	47.5	35.5	67	43	29.5	27	23	0	32	20	60.5	72	40.5	18.5	31	61	44	28.5	22.5	30.5	72.5	15.5	47.5	48	24.5	46.5	24.5	53	56	56	
70.5	55	67	24.5	65	29	46.5	49.5	70	52.5	65.5	0	36.5	56.5	30.5	70.5	56	61.5	15	69.5	31	70	54	73	57	40.5	48.5	62.5	38	22	39.5	72.5	74	75	61	64	64.5	19.5	70	79.5	17.5	47	25	29	24.5	75.5	34	79	23.5	46.5	38	50.5	46.5	65.5	75.5	53.5	29	28.5	47	62	34.5	30.5	47.5	72	49	61	39	54	44	79.5	56	45	51	24.5	17.5	27.5	
56	40.5	52.5	24	50.5	14.5	32	35	55.5	42	55	36.5	0	44	45	60	45.5	49	33.5	59	35.5	59.5	41.5	62.5	42.5	4	34	48	32.5	32.5	25	58	63.5	60.5	46.5	53.5	54	25	59.5	69	23	36.5	39.5	39.5	30	65	19.5	66.5	34	34	27.5	40	36	55	65	43	43.5	39	32.5	51.5	24	36	33	61.5	34.5	46.5	49.5	43.5	29.5	65	41.5	30.5	36.5	20	23	23	
48	32.5	40.5	32	42.5	31.5	36	9	47.5	20	33	56.5	44	0	53	38	23.5	29	41.5	37	43.5	37.5	26.5	40.5	34.5	42	26	40	40.5	54.5	27	50	41.5	42.5	36.5	31.5	32	47	37.5	47	45	29.5	47.5	61.5	52	43	36.5	46.5	56	34	20.5	6	10	33	43	21	51.5	61	29.5	29.5	22	52	35	39.5	26.5	36.5	63.5	21.5	38.5	57	33.5	37.5	28.5	42	45	45	
89	61.5	69.5	21	81.5	47.5	45	62	88.5	49	62	30.5	45	53	0	67	52.5	58	15.5	66	27.5	66.5	50.5	69.5	75.5	41	67	81	34.5	30.5	58	91	70.5	71.5	65.5	60.5	61	38	66.5	76	36	43.5	11.5	32.5	37	72	52.5	75.5	21	43	34.5	47	43	62	72	50	15.5	32	59.5	58.5	31	31	44	68.5	67.5	65.5	22.5	50.5	42.5	92	74.5	51.5	69.5	43	36	44	
34	41.5	29.5	46	31.5	57.5	50	47	33.5	24	27	70.5	60	38	67	0	32.5	33	55.5	1	57.5	11.5	40.5	19.5	35.5	56	42	22	54.5	80.5	53	36	15.5	21.5	35.5	20.5	6	73	16.5	21	71	43.5	61.5	87.5	72	17	62.5	20.5	82	48	34.5	32	28	27	5	25	65.5	87	49.5	18.5	36	66	49	13.5	37.5	35.5	77.5	20.5	52.5	37	34.5	51.5	39.5	68	71	69	
48.5	9	35	31.5	43	37	35.5	32.5	48	14.5	27.5	56	45.5	23.5	52.5	32.5	0	23.5	41	31.5	43	32	26	35	35	41.5	26.5	40.5	40	60	32.5	50.5	36	37	31	26	26.5	52.5	32	41.5	50.5	29	47	67	57.5	37.5	42	41	61.5	33.5	20	17.5	13.5	27.5	37.5	15.5	51	66.5	35	24	21.5	51.5	34.5	34	27	31	63	16	38	57.5	34	37	29	47.5	50.5	50.5	
43	32.5	35.5	37	37.5	36.5	41	32	42.5	9	28	61.5	49	29	58	33	23.5	0	46.5	32	48.5	32.5	31.5	35.5	29.5	47	15	35	45.5	59.5	32	45	36.5	37.5	31.5	26.5	27	52	32.5	42	50	34.5	52.5	66.5	57	38	41.5	41.5	61	39	25.5	23	19	28	38	8	56.5	66	34.5	24.5	27	57	40	34.5	21.5	31.5	68.5	16.5	43.5	52	28.5	42.5	23.5	47	50	50	
85.5	50	58	9.5	70	44	33.5	50.5	85	37.5	50.5	15	33.5	41.5	15.5	55.5	41	46.5	0	54.5	16	55	39	58	68	29.5	61.5	77.5	23	33	50.5	87.5	59	60	54	49	49.5	30.5	55	64.5	32.5	32	10	44	25.5	60.5	41	64	36.5	31.5	23	35.5	31.5	50.5	60.5	38.5	14	41.5	48	47	19.5	19.5	32.5	57	64	54	26	39	31	80.5	69	40	64	35.5	32.5	32.5	
35	40.5	28.5	45	30.5	58.5	49	46	34.5	23	26	69.5	59	37	66	1	31.5	32	54.5	0	56.5	10.5	39.5	18.5	36.5	55	43	23	53.5	81.5	54	37	14.5	20.5	34.5	19.5	5	74	15.5	20	72	42.5	60.5	88.5	71	16	61.5	19.5	83	47	33.5	31	27	26	6	24	64.5	88	48.5	17.5	35	65	48	12.5	38.5	34.5	76.5	19.5	51.5	36	35.5	50.5	40.5	69	72	68	
73.5	52	60	11.5	68	32	35.5	52.5	73	39.5	52.5	31	35.5	43.5	27.5	57.5	43	48.5	16	56.5	0	57	41	60	60	31.5	51.5	65.5	25	35	42.5	75.5	61	62	56	51	51.5	27.5	57	66.5	25.5	34	22	42	32.5	62.5	37	66	36.5	33.5	25	37.5	33.5	52.5	62.5	40.5	26	41.5	50	49	21.5	26.5	34.5	59	52	56	38	41	33	82.5	59	42	54	27.5	25.5	30.5	
34.5	41	29	45.5	31	63	49.5	46.5	34	23.5	26.5	70	59.5	37.5	66.5	11.5	32	32.5	55	10.5	57	0	40	19	39	55.5	47.5	31.5	54	84	56.5	36.5	4	21	35	20	5.5	76.5	16	15.5	76.5	43	61	93	71.5	11.5	62	9	87.5	47.5	34	31.5	27.5	26.5	16.5	24.5	65	92.5	49	18	35.5	65.5	48.5	8	43	35	77	20	52	31.5	40	51	45	71.5	76.5	68.5	
50.5	35	43	29.5	45	29	33.5	29.5	50	22.5	35.5	54	41.5	26.5	50.5	40.5	26	31.5	39	39.5	41	40	0	43	37	39.5	28.5	42.5	38	52	24.5	52.5	44	45	39	34	34.5	44.5	40	49.5	42.5	27	45	59	49.5	45.5	34	49	53.5	31.5	18	20.5	16.5	35.5	45.5	23.5	49	58.5	9	32	19.5	49.5	32.5	42	29	39	61	24	36	59.5	36	35	31	39.5	42.5	42.5	
31.5	44	32	48.5	12	50	52.5	45.5	31	26.5	29.5	73	62.5	40.5	69.5	19.5	35	35.5	58	18.5	60	19	43	0	28	58.5	34.5	23.5	57	73	45.5	33.5	23	2	38	23	13.5	65.5	3	28.5	63.5	46	64	80	70.5	24.5	55	28	74.5	50.5	37	34.5	30.5	29.5	24.5	27.5	68	79.5	48	21	38.5	68.5	51.5	21	30	38	80	23	55	40.5	27	54	32	60.5	63.5	63.5	
21.5	26	10	58.5	16	30	42.5	25.5	21	36.5	25.5	57	42.5	34.5	75.5	35.5	35	29.5	68	36.5	60	39	37	28	0	46.5	14.5	13.5	53	53	25.5	23.5	37	26	22	19	33.5	45.5	31	36.5	43.5	44	74	60	50.5	40.5	35	32	54.5	44.5	47	40.5	40.5	25.5	30.5	37.5	72	59.5	28	21	48.5	56.5	43.5	41	10	22	70	33	45	30.5	1	36	12	40.5	43.5	43.5	
60	44.5	56.5	20	54.5	18.5	34	39	59.5	38	51	40.5	4	42	41	56	41.5	47	29.5	55	31.5	55.5	39.5	58.5	46.5	0	38	52	28.5	36.5	29	62	59.5	60.5	50.5	49.5	50	29	55.5	65	27	32.5	35.5	43.5	34	61	23.5	64.5	38	32	23.5	36	32	51	61	39	39.5	43	36.5	47.5	20	40	33	57.5	38.5	50.5	51.5	39.5	31.5	69	45.5	34.5	40.5	24	27	27	
28	17.5	24.5	52	22.5	21.5	34	17	27.5	24	27	48.5	34	26	67	42	26.5	15	61.5	43	51.5	47.5	28.5	34.5	14.5	38	0	20	44.5	44.5	17	30	43.5	32.5	18.5	33.5	42	37	37.5	43	35	35.5	67.5	51.5	42	47	26.5	38.5	46	36	40.5	32	34	27	37	23	63.5	51	19.5	35.5	42	48	35	49.5	6.5	18.5	61.5	31.5	36.5	37	13.5	27.5	8.5	32	35	35	
12	31.5	23.5	68	11.5	35.5	48	31	11.5	44	31	62.5	48	40	81	22	40.5	35	77.5	23	65.5	31.5	42.5	23.5	13.5	52	20	0	58.5	58.5	31	14	27.5	21.5	27.5	32.5	28	51	26.5	27	49	49.5	81.5	65.5	56	31	40.5	22.5	60	50	56.5	46	50	31	17	43	77.5	65	33.5	34.5	58	62	49	35.5	15.5	27.5	75.5	42.5	50.5	21	12.5	41.5	17.5	46	49	49	
66.5	49	57	13.5	61	25	32.5	45.5	66	36.5	49.5	38	32.5	40.5	34.5	54.5	40	45.5	23	53.5	25	54	38	57	53	28.5	44.5	58.5	0	38	35.5	68.5	58	59	53	48	48.5	30.5	54	63.5	28.5	31	29	45	35.5	59.5	30	63	39.5	30.5	22	34.5	30.5	49.5	59.5	37.5	33	44.5	43	46	18.5	33.5	31.5	56	45	53	45	38	30	75.5	52	39	47	25.5	28.5	28.5	
66.5	51	63	38.5	61	25	42.5	45.5	66	66.5	65.5	22	32.5	54.5	30.5	80.5	60	59.5	33	81.5	35	84	52	73	53	36.5	44.5	58.5	38	0	35.5	68.5	82	71	57	72	78.5	15.5	76	81.5	13.5	49	23	15	20.5	85.5	30	77	9.5	44.5	52	60.5	60.5	65.5	75.5	67.5	19	14.5	43	74	48.5	26.5	43.5	86	45	57	25	68	40	75.5	52	41	47	20.5	13.5	23.5	
39	23.5	35.5	41	33.5	12.5	25	18	38.5	39	38	39.5	25	27	58	53	32.5	32	50.5	54	42.5	56.5	24.5	45.5	25.5	29	17	31	35.5	35.5	0	41	54.5	43.5	29.5	44.5	51	28	48.5	54	26	26.5	56.5	42.5	33	58	17.5	49.5	37	27	29.5	33	33	38	48	40	54.5	42	15.5	46.5	31	39	26	58.5	17.5	29.5	52.5	40.5	27.5	48	24.5	18.5	19.5	23	26	26	
2	41.5	33.5	78	21.5	45.5	58	41	6.5	54	41	72.5	58	50	91	36	50.5	45	87.5	37	75.5	36.5	52.5	33.5	23.5	62	30	14	68.5	68.5	41	0	32.5	31.5	37.5	42.5	38	61	36.5	27	59	59.5	91.5	75.5	66	31	50.5	27.5	70	60	66.5	56	60	41	31	53	87.5	75	43.5	44.5	68	72	59	30.5	25.5	37.5	85.5	52.5	60.5	7	22.5	51.5	27.5	56	59	59	
30.5	45	33	49.5	35	59	53.5	50.5	30	27.5	30.5	74	63.5	41.5	70.5	15.5	36	36.5	59	14.5	61	4	44	23	37	59.5	43.5	27.5	58	82	54.5	32.5	0	25	39	24	9.5	74.5	20	19.5	72.5	47	65	89	75.5	15.5	64	5	83.5	51.5	38	35.5	31.5	30.5	20.5	28.5	69	88.5	53	22	39.5	69.5	52.5	12	39	39	81	24	56	35.5	36	55	41	69.5	72.5	72.5	
29.5	44	34	50.5	10	48	54.5	43.5	29	28.5	31.5	75	60.5	42.5	71.5	21.5	37	37.5	60	20.5	62	21	45	2	26	60.5	32.5	21.5	59	71	43.5	31.5	25	0	40	25	15.5	63.5	5	30.5	61.5	48	66	78	68.5	26.5	53	30	72.5	52.5	39	36.5	32.5	31.5	26.5	29.5	70	77.5	46	23	40.5	70.5	53.5	23	28	40	82	25	57	38.5	25	54	30	58.5	61.5	61.5	
35.5	30	32	44.5	30	34	46.5	29.5	35	22.5	30.5	61	46.5	36.5	65.5	35.5	31	31.5	54	34.5	56	35	39	38	22	50.5	18.5	27.5	53	57	29.5	37.5	39	40	0	29	29.5	49.5	35	44.5	47.5	42	60	64	54.5	40.5	39	44	58.5	46.5	33	30.5	26.5	30.5	40.5	23.5	64	63.5	32	27	34.5	60.5	47.5	37	12	0	74	15	49	44.5	21	40	10	44.5	47.5	47.5	
40.5	35	9	39.5	35	49	43.5	40.5	40	17.5	20.5	64	53.5	31.5	60.5	20.5	26	26.5	49	19.5	51	20	34	23	19	49.5	33.5	32.5	48	72	44.5	42.5	24	25	29	0	14.5	64.5	20	29.5	62.5	37	55	79	65.5	25.5	54	29	73.5	41.5	28	25.5	21.5	20.5	25.5	18.5	59	78.5	43	2	29.5	59.5	42.5	22	29	29	71	14	46	45.5	20	45	31	59.5	62.5	62.5	
40	35.5	23.5	40	25.5	61.5	44	41	35.5	18	21	64.5	54	32	61	6	26.5	27	49.5	5	51.5	5.5	34.5	13.5	33.5	50	42	28	48.5	78.5	51	38	9.5	15.5	29.5	14.5	0	71	10.5	15	73	37.5	55.5	91.5	66	11	56.5	14.5	82	42	28.5	26	22	21	11	19	59.5	87	43.5	12.5	30	60	43	7.5	41.5	29.5	71.5	14.5	46.5	31	34.5	45.5	39.5	66	73	63	
59	43.5	55.5	31	53.5	17.5	35	38	58.5	59	58	19.5	25	47	38	73	52.5	52	30.5	74	27.5	76.5	44.5	65.5	45.5	29	37	51	30.5	15.5	28	61	74.5	63.5	49.5	64.5	71	0	68.5	74	2	41.5	36.5	22.5	5	78	22.5	69.5	17	37	44.5	53	53	58	68	60	34.5	22	35.5	66.5	41	11	36	78.5	37.5	49.5	32.5	60.5	32.5	68	44.5	33.5	39.5	13	2	16	
34.5	41	29	45.5	15	53	49.5	46.5	34	23.5	26.5	70	59.5	37.5	66.5	16.5	32	32.5	55	15.5	57	16	40	3	31	55.5	37.5	26.5	54	76	48.5	36.5	20	5	35	20	10.5	68.5	0	25.5	66.5	43	61	83	71.5	21.5	58	25	77.5	47.5	34	31.5	27.5	26.5	21.5	24.5	65	82.5	49	18	35.5	65.5	48.5	18	33	35	77	20	52	41.5	30	51	35	63.5	66.5	66.5	
25	50.5	38.5	55	34.5	58.5	59	54	24.5	33	36	79.5	69	47	76	21	41.5	42	64.5	20	66.5	15.5	49.5	28.5	36.5	65	43	27	63.5	81.5	54	27	19.5	30.5	44.5	29.5	15	74	25.5	0	72	52.5	70.5	88.5	79	4	63.5	24.5	83	57	43.5	41	37	36	26	34	74.5	88	56.5	27.5	45	75	58	12.5	38.5	44.5	86.5	29.5	61.5	34	35.5	60.5	40.5	69	72	72	
57	41.5	53.5	33	51.5	15.5	33	36	56.5	59	56	17.5	23	45	36	71	50.5	50	32.5	72	25.5	76.5	42.5	63.5	43.5	27	35	49	28.5	13.5	26	59	72.5	61.5	47.5	62.5	73	2	66.5	72	0	39.5	36.5	20.5	7	76	20.5	67.5	15	35	46.5	51	55	56	66	58	32.5	20	33.5	64.5	43	13	34	80.5	35.5	47.5	30.5	62.5	30.5	66	42.5	31.5	37.5	11	0	14	
57.5	38	46	22.5	52	26	26.5	36.5	57	25.5	38.5	47	36.5	29.5	43.5	43.5	29	34.5	32	42.5	34	43	27	46	44	32.5	35.5	49.5	31	49	26.5	59.5	47	48	42	37	37.5	41.5	43	52.5	39.5	0	38	56	46.5	48.5	31	52	50.5	24.5	9	23.5	19.5	38.5	48.5	26.5	42	55.5	34	35	12.5	42.5	25.5	45	36	42	54	27	29	66.5	43	8	38	36.5	39.5	39.5	
89.5	56	64	15.5	76	48	39.5	56.5	89	43.5	56.5	25	39.5	47.5	11.5	61.5	47	52.5	10	60.5	22	61	45	64	74	35.5	67.5	81.5	29	23	56.5	91.5	65	66	60	55	55.5	36.5	61	70.5	36.5	38	0	38	31.5	66.5	47	70	32.5	37.5	29	41.5	37.5	56.5	66.5	44.5	4	37.5	54	53	25.5	25.5	38.5	63	68	60	22	45	37	86.5	75	46	70	41.5	36.5	38.5	
73.5	58	70	51.5	68	32	49.5	52.5	73	75.5	72.5	29	39.5	61.5	32.5	87.5	67	66.5	44	88.5	42	93	59	80	60	43.5	51.5	65.5	45	15	42.5	75.5	89	78	64	79	91.5	22.5	83	88.5	20.5	56	38	0	27.5	92.5	37	84	11.5	51.5	65	67.5	71.5	72.5	82.5	74.5	34	6.5	50	81	61.5	33.5	50.5	99	52	64	22	79	47	82.5	59	48	54	27.5	20.5	30.5	
64	48.5	60.5	26	58.5	22.5	40	43	63.5	54	63	24.5	30	52	37	72	57.5	57	25.5	71	32.5	71.5	49.5	70.5	50.5	34	42	56	35.5	20.5	33	66	75.5	68.5	54.5	65.5	66	5	71.5	79	7	46.5	31.5	27.5	0	77	27.5	74.5	22	42	39.5	52	48	63	73	55	35.5	27	40.5	63.5	36	6	41	73.5	42.5	54.5	37.5	55.5	37.5	73	49.5	38.5	44.5	18	7	21	
29	46.5	34.5	51	36.5	62.5	55	52	28.5	29	32	75.5	65	43	72	17	37.5	38	60.5	16	62.5	11.5	45.5	24.5	40.5	61	47	31	59.5	85.5	58	31	15.5	26.5	40.5	25.5	11	78	21.5	4	76	48.5	66.5	92.5	77	0	67.5	20.5	87	53	39.5	37	33	32	22	30	70.5	92	54.5	23.5	41	71	54	8.5	42.5	40.5	82.5	25.5	57.5	32	39.5	56.5	44.5	73	76	74	
48.5	33	45	31.5	43	5	24.5	27.5	48	44.5	47.5	34	19.5	36.5	52.5	62.5	42	41.5	41	61.5	37	62	34	55	35	23.5	26.5	40.5	30	30	17.5	50.5	64	53	39	54	56.5	22.5	58	63.5	20.5	31	47	37	27.5	67.5	0	59	31.5	26.5	30	42.5	38.5	47.5	57.5	45.5	49	36.5	25	54	26.5	33.5	25.5	64	27	39	47	46	10	57.5	34	23	29	17.5	20.5	20.5	
25.5	50	38	54.5	30	54	58.5	49.5	25	32.5	35.5	79	66.5	46.5	75.5	20.5	41	41.5	64	19.5	66	9	49	28	32	64.5	38.5	22.5	63	77	49.5	27.5	5	30	44	29	14.5	69.5	25	24.5	67.5	52	70	84	74.5	20.5	59	0	78.5	56.5	43	40.5	36.5	35.5	25.5	33.5	74	83.5	52	27	44.5	74.5	57.5	17	34	44	86	29	61	34.5	31	60	36	64.5	67.5	67.5	
68	52.5	64.5	42	62.5	26.5	44	47	67.5	70	67	23.5	34	56	21	82	61.5	61	36.5	83	36.5	87.5	53.5	74.5	54.5	38	46	60	39.5	9.5	37	70	83.5	72.5	58.5	73.5	82	17	77.5	83	15	50.5	32.5	11.5	22	87	31.5	78.5	0	46	55.5	62	64	67	77	69	28.5	11	44.5	75.5	52	28	45	89.5	46.5	58.5	21.5	71.5	41.5	77	53.5	42.5	48.5	22	15	25	
58	42.5	50.5	22	52.5	21.5	2	37	57.5	30	43	46.5	34	34	43	48	33.5	39	31.5	47	33.5	47.5	31.5	50.5	44.5	32	36	50	30.5	44.5	27	60	51.5	52.5	46.5	41.5	42	37	47.5	57	35	24.5	37.5	51.5	42	53	26.5	56.5	46	0	15.5	28	24	43	53	31	41.5	51	34.5	39.5	12	42	1	49.5	36.5	46.5	53.5	31.5	28.5	67	43.5	32.5	38.5	32	35	35	
66.5	29	37	13.5	49	35	17.5	29.5	64	16.5	29.5	38	27.5	20.5	34.5	34.5	20	25.5	23	33.5	25	34	18	37	47	23.5	40.5	56.5	22	52	29.5	66.5	38	39	33	28	28.5	44.5	34	43.5	46.5	9	29	65	39.5	39.5	30	43	55.5	15.5	0	14.5	10.5	29.5	39.5	17.5	33	60.5	27	26	3.5	33.5	16.5	36	45	33	45	18	20	59.5	48	17	43	39.5	46.5	36.5	
54	26.5	34.5	26	46.5	37.5	30	15	53.5	14	27	50.5	40	6	47	32	17.5	23	35.5	31	37.5	31.5	20.5	34.5	40.5	36	32	46	34.5	60.5	33	56	35.5	36.5	30.5	25.5	26	53	31.5	41	51	23.5	41.5	67.5	52	37	42.5	40.5	62	28	14.5	0	4	27	37	15	45.5	67	29.5	23.5	16	46	29	33.5	32.5	30.5	57.5	15.5	32.5	57	39.5	31.5	34.5	48	51	49	
58	22.5	30.5	22	42.5	41.5	26	19	57.5	10	23	46.5	36	10	43	28	13.5	19	31.5	27	33.5	27.5	16.5	30.5	40.5	32	34	50	30.5	60.5	33	60	31.5	32.5	26.5	21.5	22	53	27.5	37	55	19.5	37.5	71.5	48	33	38.5	36.5	64	24	10.5	4	0	23	33	11	41.5	69	25.5	19.5	12	42	25	29.5	36.5	26.5	53.5	11.5	28.5	53	41.5	27.5	36.5	48	55	45	
39	36.5	29.5	41	33.5	42.5	45	38	38.5	19	0	65.5	55	33	62	27	27.5	28	50.5	26	52.5	26.5	35.5	29.5	25.5	51	27	31	49.5	65.5	38	41	30.5	31.5	30.5	20.5	21	58	26.5	36	56	38.5	56.5	72.5	63	32	47.5	35.5	67	43	29.5	27	23	0	32	20	60.5	72	40.5	18.5	31	61	44	28.5	22.5	30.5	72.5	15.5	47.5	48	24.5	46.5	24.5	53	56	56	
29	46.5	34.5	51	28.5	52.5	55	48	28.5	29	32	75.5	65	43	72	5	37.5	38	60.5	6	62.5	16.5	45.5	24.5	30.5	61	37	17	59.5	75.5	48	31	20.5	26.5	40.5	25.5	11	68	21.5	26	66	48.5	66.5	82.5	73	22	57.5	25.5	77	53	39.5	37	33	32	0	30	70.5	82	50.5	23.5	41	71	54	18.5	32.5	40.5	82.5	25.5	57.5	38	29.5	56.5	34.5	63	66	66	
51	24.5	27.5	29	39.5	44.5	33	30	50.5	1	20	53.5	43	21	50	25	15.5	8	38.5	24	40.5	24.5	23.5	27.5	37.5	39	23	43	37.5	67.5	40	53	28.5	29.5	23.5	18.5	19	60	24.5	34	58	26.5	44.5	74.5	55	30	45.5	33.5	69	31	17.5	15	11	20	30	0	48.5	74	32.5	16.5	19	49	32	26.5	29.5	23.5	60.5	8.5	35.5	50	36.5	34.5	31.5	55	58	52	
85.5	60	68	19.5	80	44	43.5	60.5	85	47.5	60.5	29	43.5	51.5	15.5	65.5	51	56.5	14	64.5	26	65	49	68	72	39.5	63.5	77.5	33	19	54.5	87.5	69	70	64	59	59.5	34.5	65	74.5	32.5	42	4	34	35.5	70.5	49	74	28.5	41.5	33	45.5	41.5	60.5	70.5	48.5	0	33.5	58	57	29.5	29.5	42.5	67	64	64	26	49	41	90.5	71	50	66	39.5	32.5	42.5	
73	57.5	69.5	47	67.5	31.5	49	52	72.5	75	72	28.5	39	61	32	87	66.5	66	41.5	88	41.5	92.5	58.5	79.5	59.5	43	51	65	44.5	14.5	42	75	88.5	77.5	63.5	78.5	87	22	82.5	88	20	55.5	37.5	6.5	27	92	36.5	83.5	11	51	60.5	67	69	72	82	74	33.5	0	49.5	80.5	57	33	50	94.5	51.5	63.5	21.5	76.5	46.5	82	58.5	47.5	53.5	27	20	30	
41.5	26	38	38.5	36	20	32.5	20.5	41	31.5	40.5	47	32.5	29.5	59.5	49.5	35	34.5	48	48.5	50	49	9	48	28	36.5	19.5	33.5	43	43	15.5	43.5	53	46	32	43	43.5	35.5	49	56.5	33.5	34	54	50	40.5	54.5	25	52	44.5	34.5	27	29.5	25.5	40.5	50.5	32.5	58	49.5	0	41	28.5	46.5	33.5	51	20	32	60	33	35	50.5	27	26	22	30.5	33.5	33.5	
42.5	33	11	37.5	33	51	41.5	38.5	42	15.5	18.5	62	51.5	29.5	58.5	18.5	24	24.5	47	17.5	49	18	32	21	21	47.5	35.5	34.5	46	74	46.5	44.5	22	23	27	2	12.5	66.5	18	27.5	64.5	35	53	81	63.5	23.5	54	27	75.5	39.5	26	23.5	19.5	18.5	23.5	16.5	57	80.5	41	0	27.5	57.5	40.5	20	31	27	69	12	44	43.5	22	43	33	61.5	64.5	60.5	
70	30.5	38.5	10	50.5	31.5	14	31	65.5	18	31	34.5	24	22	31	36	21.5	27	19.5	35	21.5	35.5	19.5	38.5	48.5	20	42	58	18.5	48.5	31	68	39.5	40.5	34.5	29.5	30	41	35.5	45	43	12.5	25.5	61.5	36	41	26.5	44.5	52	12	3.5	16	12	31	41	19	29.5	57	28.5	27.5	0	30	13	37.5	46.5	34.5	41.5	19.5	16.5	61	49.5	20.5	44.5	36	43	33	
70	54.5	66.5	20	64.5	28.5	44	49	69.5	48	61	30.5	36	52	31	66	51.5	57	19.5	65	26.5	65.5	49.5	68.5	56.5	40	48	62	33.5	26.5	39	72	69.5	70.5	60.5	59.5	60	11	65.5	75	13	42.5	25.5	33.5	6	71	33.5	74.5	28	42	33.5	46	42	61	71	49	29.5	33	46.5	57.5	30	0	43	67.5	48.5	60.5	41.5	49.5	41.5	79	55.5	44.5	50.5	24	13	27	
57	41.5	51.5	23	51.5	20.5	1	36	56.5	31	44	47.5	33	35	44	49	34.5	40	32.5	48	34.5	48.5	32.5	51.5	43.5	33	35	49	31.5	43.5	26	59	52.5	53.5	47.5	42.5	43	36	48.5	58	34	25.5	38.5	50.5	41	54	25.5	57.5	45	1	16.5	29	25	44	54	32	42.5	50	33.5	40.5	13	43	0	50.5	35.5	47.5	54.5	32.5	29.5	66	42.5	31.5	37.5	31	34	34	
32.5	43	31	47.5	33	69	51.5	48.5	28	25.5	28.5	72	61.5	39.5	68.5	13.5	34	34.5	57	12.5	59	8	42	21	41	57.5	49.5	35.5	56	86	58.5	30.5	12	23	37	22	7.5	78.5	18	12.5	80.5	45	63	99	73.5	8.5	64	17	89.5	49.5	36	33.5	29.5	28.5	18.5	26.5	67	94.5	51	20	37.5	67.5	50.5	0	49	37	79	22	54	23.5	42	53	47	73.5	80.5	70.5	
23.5	18	20	56.5	18	22	34.5	17.5	23	30.5	22.5	49	34.5	26.5	67.5	37.5	27	21.5	64	38.5	52	43	29	30	10	38.5	6.5	15.5	45	45	17.5	25.5	39	28	12	29	41.5	37.5	33	38.5	35.5	36	68	52	42.5	42.5	27	34	46.5	36.5	45	32.5	36.5	22.5	32.5	29.5	64	51.5	20	31	46.5	48.5	35.5	49	0	12	62	27	37	32.5	9	28	2	32.5	35.5	35.5	
35.5	30	32	44.5	30	34	46.5	29.5	35	22.5	30.5	61	46.5	36.5	65.5	35.5	31	31.5	54	34.5	56	35	39	38	22	50.5	18.5	27.5	53	57	29.5	37.5	39	40	0	29	29.5	49.5	35	44.5	47.5	42	60	64	54.5	40.5	39	44	58.5	46.5	33	30.5	26.5	30.5	40.5	23.5	64	63.5	32	27	34.5	60.5	47.5	37	12	0	74	15	49	44.5	21	40	10	44.5	47.5	47.5	
83.5	68	80	31.5	78	42	55.5	62.5	83	59.5	72.5	39	49.5	63.5	22.5	77.5	63	68.5	26	76.5	38	77	61	80	70	51.5	61.5	75.5	45	25	52.5	85.5	81	82	74	71	71.5	32.5	77	86.5	30.5	54	22	22	37.5	82.5	47	86	21.5	53.5	45	57.5	53.5	72.5	82.5	60.5	26	21.5	60	69	41.5	41.5	54.5	79	62	74	0	61	53	92.5	69	58	64	37.5	30.5	40.5	
50.5	25	23	29.5	35	49	33.5	30.5	50	7.5	15.5	54	43.5	21.5	50.5	20.5	16	16.5	39	19.5	41	20	24	23	33	39.5	31.5	42.5	38	68	40.5	52.5	24	25	15	14	14.5	60.5	20	29.5	62.5	27	45	79	55.5	25.5	46	29	71.5	31.5	18	15.5	11.5	15.5	25.5	8.5	49	76.5	33	12	19.5	49.5	32.5	22	27	15	61	0	36	45.5	34	35	25	55.5	62.5	52.5	
58.5	43	55	21.5	53	15	30.5	37.5	58	34.5	47.5	44	29.5	38.5	42.5	52.5	38	43.5	31	51.5	33	52	36	55	45	31.5	36.5	50.5	30	40	27.5	60.5	56	57	49	46	46.5	32.5	52	61.5	30.5	29	37	47	37.5	57.5	10	61	41.5	28.5	20	32.5	28.5	47.5	57.5	35.5	41	46.5	35	44	16.5	41.5	29.5	54	37	49	53	36	0	67.5	44	33	39	27.5	30.5	30.5	
9	48.5	40.5	71	28.5	52.5	65	48	13.5	49	48	79.5	65	57	92	37	57.5	52	80.5	36	82.5	31.5	59.5	40.5	30.5	69	37	21	75.5	75.5	48	7	35.5	38.5	44.5	45.5	31	68	41.5	34	66	66.5	86.5	82.5	73	32	57.5	34.5	77	67	59.5	57	53	48	38	50	90.5	82	50.5	43.5	61	79	66	23.5	32.5	44.5	92.5	45.5	67.5	0	29.5	58.5	34.5	63	66	66	
20.5	25	11	59.5	15	29	41.5	24.5	20	37.5	24.5	56	41.5	33.5	74.5	34.5	34	28.5	69	35.5	59	40	36	27	1	45.5	13.5	12.5	52	52	24.5	22.5	36	25	21	20	34.5	44.5	30	35.5	42.5	43	75	59	49.5	39.5	34	31	53.5	43.5	48	39.5	41.5	24.5	29.5	36.5	71	58.5	27	22	49.5	55.5	42.5	42	9	21	69	34	44	29.5	0	35	11	39.5	42.5	42.5	
49.5	34	46	30.5	44	18	30.5	28.5	49	33.5	46.5	45	30.5	37.5	51.5	51.5	37	42.5	40	50.5	42	51	35	54	36	34.5	27.5	41.5	39	41	18.5	51.5	55	54	40	45	45.5	33.5	51	60.5	31.5	8	46	48	38.5	56.5	23	60	42.5	32.5	17	31.5	27.5	46.5	56.5	34.5	50	47.5	26	43	20.5	44.5	31.5	53	28	40	58	35	33	58.5	35	0	30	28.5	31.5	31.5	
25.5	20	22	54.5	20	24	36.5	19.5	25	32.5	24.5	51	36.5	28.5	69.5	39.5	29	23.5	64	40.5	54	45	31	32	12	40.5	8.5	17.5	47	47	19.5	27.5	41	30	10	31	39.5	39.5	35	40.5	37.5	38	70	54	44.5	44.5	29	36	48.5	38.5	43	34.5	36.5	24.5	34.5	31.5	66	53.5	22	33	44.5	50.5	37.5	47	2	10	64	25	39	34.5	11	30	0	34.5	37.5	37.5	
54	38.5	50.5	26	48.5	12.5	30	33	53.5	54	53	24.5	20	42	43	68	47.5	47	35.5	69	27.5	71.5	39.5	60.5	40.5	24	32	46	25.5	20.5	23	56	69.5	58.5	44.5	59.5	66	13	63.5	69	11	36.5	41.5	27.5	18	73	17.5	64.5	22	32	39.5	48	48	53	63	55	39.5	27	30.5	61.5	36	24	31	73.5	32.5	44.5	37.5	55.5	27.5	63	39.5	28.5	34.5	0	11	3	
57	41.5	53.5	33	51.5	15.5	33	36	56.5	59	56	17.5	23	45	36	71	50.5	50	32.5	72	25.5	76.5	42.5	63.5	43.5	27	35	49	28.5	13.5	26	59	72.5	61.5	47.5	62.5	73	2	66.5	72	0	39.5	36.5	20.5	7	76	20.5	67.5	15	35	46.5	51	55	56	66	58	32.5	20	33.5	64.5	43	13	34	80.5	35.5	47.5	30.5	62.5	30.5	66	42.5	31.5	37.5	11	0	14	
57	41.5	53.5	23	51.5	15.5	33	36	56.5	51	56	27.5	23	45	44	69	50.5	50	32.5	68	30.5	68.5	42.5	63.5	43.5	27	35	49	28.5	23.5	26	59	72.5	61.5	47.5	62.5	63	16	66.5	72	14	39.5	38.5	30.5	21	74	20.5	67.5	25	35	36.5	49	45	56	66	52	42.5	30	33.5	60.5	33	27	34	70.5	35.5	47.5	40.5	52.5	30.5	66	42.5	31.5	37.5	3	14	0	
