Number of items: 75
Horizon: 9
Time limit: 750
Load limit: 4500
Initial item inventory level
237
93
17
148
82
192
94
78
20
70
58
57
54
37
106
21
16
83
75
90
86
78
26
47
142
171
154
148
110
88
114
48
267
240
172
276
123
16
189
158
88
31
188
138
117
126
68
288
219
43
45
28
150
98
66
153
46
39
38
222
154
57
38
189
55
194
38
20
279
80
30
38
123
92
291
Maximum inventory capacity per item
316
124
34
222
164
288
188
104
40
140
116
114
72
74
159
42
32
166
100
180
172
156
39
94
213
228
231
222
165
176
171
72
356
320
258
368
164
32
252
237
132
62
282
184
156
168
136
384
292
86
60
42
200
147
88
204
69
78
76
296
231
114
57
252
110
291
76
40
372
120
40
76
164
184
388
Reserve storage replenishment rate per item and per period
474	0	0	474	0	0	474	0	0	
186	0	0	186	0	0	186	0	0	
102	0	0	102	0	0	102	0	0	
444	0	0	444	0	0	444	0	0	
492	0	0	492	0	0	492	0	0	
576	0	0	576	0	0	576	0	0	
564	0	0	564	0	0	564	0	0	
156	0	0	156	0	0	156	0	0	
120	0	0	120	0	0	120	0	0	
420	0	0	420	0	0	420	0	0	
348	0	0	348	0	0	348	0	0	
342	0	0	342	0	0	342	0	0	
108	0	0	108	0	0	108	0	0	
222	0	0	222	0	0	222	0	0	
318	0	0	318	0	0	318	0	0	
126	0	0	126	0	0	126	0	0	
96	0	0	96	0	0	96	0	0	
498	0	0	498	0	0	498	0	0	
150	0	0	150	0	0	150	0	0	
540	0	0	540	0	0	540	0	0	
516	0	0	516	0	0	516	0	0	
468	0	0	468	0	0	468	0	0	
78	0	0	78	0	0	78	0	0	
282	0	0	282	0	0	282	0	0	
426	0	0	426	0	0	426	0	0	
342	0	0	342	0	0	342	0	0	
462	0	0	462	0	0	462	0	0	
444	0	0	444	0	0	444	0	0	
330	0	0	330	0	0	330	0	0	
528	0	0	528	0	0	528	0	0	
342	0	0	342	0	0	342	0	0	
144	0	0	144	0	0	144	0	0	
534	0	0	534	0	0	534	0	0	
480	0	0	480	0	0	480	0	0	
516	0	0	516	0	0	516	0	0	
552	0	0	552	0	0	552	0	0	
246	0	0	246	0	0	246	0	0	
96	0	0	96	0	0	96	0	0	
378	0	0	378	0	0	378	0	0	
474	0	0	474	0	0	474	0	0	
264	0	0	264	0	0	264	0	0	
186	0	0	186	0	0	186	0	0	
564	0	0	564	0	0	564	0	0	
276	0	0	276	0	0	276	0	0	
234	0	0	234	0	0	234	0	0	
252	0	0	252	0	0	252	0	0	
408	0	0	408	0	0	408	0	0	
576	0	0	576	0	0	576	0	0	
438	0	0	438	0	0	438	0	0	
258	0	0	258	0	0	258	0	0	
90	0	0	90	0	0	90	0	0	
84	0	0	84	0	0	84	0	0	
300	0	0	300	0	0	300	0	0	
294	0	0	294	0	0	294	0	0	
132	0	0	132	0	0	132	0	0	
306	0	0	306	0	0	306	0	0	
138	0	0	138	0	0	138	0	0	
234	0	0	234	0	0	234	0	0	
228	0	0	228	0	0	228	0	0	
444	0	0	444	0	0	444	0	0	
462	0	0	462	0	0	462	0	0	
342	0	0	342	0	0	342	0	0	
114	0	0	114	0	0	114	0	0	
378	0	0	378	0	0	378	0	0	
330	0	0	330	0	0	330	0	0	
582	0	0	582	0	0	582	0	0	
228	0	0	228	0	0	228	0	0	
120	0	0	120	0	0	120	0	0	
558	0	0	558	0	0	558	0	0	
240	0	0	240	0	0	240	0	0	
60	0	0	60	0	0	60	0	0	
228	0	0	228	0	0	228	0	0	
246	0	0	246	0	0	246	0	0	
552	0	0	552	0	0	552	0	0	
582	0	0	582	0	0	582	0	0	
Forward storage demand rate per item and per period
79	129	117	105	87	35	32	17	68	
31	4	19	38	30	49	20	18	59	
17	20	11	6	16	23	15	14	17	
74	69	62	33	6	124	80	53	26	
82	68	72	110	54	105	95	81	59	
96	135	168	168	139	122	107	80	87	
94	126	103	128	130	118	147	59	165	
26	6	8	10	20	28	22	17	29	
20	8	15	17	15	36	20	15	22	
70	122	53	68	26	59	70	91	67	
58	15	11	74	40	31	65	45	40	
57	58	80	77	64	37	53	71	34	
18	5	25	15	9	19	13	24	26	
37	39	40	60	57	39	24	23	27	
53	74	25	44	37	52	28	76	96	
21	6	17	24	16	16	9	27	26	
16	18	24	25	9	9	19	13	6	
83	125	112	120	14	33	81	163	82	
25	22	32	9	30	32	4	30	43	
90	64	83	104	91	122	121	152	157	
86	86	30	60	93	105	46	146	4	
78	22	106	63	53	82	2	68	57	
13	11	20	19	2	16	12	6	9	
47	40	25	38	31	39	69	24	28	
71	26	52	48	97	48	74	99	22	
57	93	8	27	58	49	66	72	88	
77	111	36	95	123	28	36	54	8	
74	81	77	87	113	54	84	68	107	
55	30	31	18	69	29	70	47	57	
88	125	37	70	57	148	82	80	127	
57	59	78	77	62	18	34	46	51	
24	10	32	25	15	27	36	28	24	
89	109	63	127	88	155	97	94	137	
80	93	115	57	101	45	100	56	52	
86	91	78	64	68	135	69	108	141	
92	94	110	93	84	8	47	48	88	
41	29	25	40	56	19	36	14	77	
16	6	16	26	10	15	18	17	16	
63	42	77	95	73	64	43	32	115	
79	81	45	13	53	91	54	47	8	
44	43	78	69	63	41	45	20	61	
31	34	24	41	10	29	17	39	13	
94	57	48	69	121	90	74	114	118	
46	64	33	54	70	50	54	36	63	
39	12	11	37	32	24	23	36	49	
42	28	36	37	49	40	47	47	18	
68	68	29	77	50	43	84	50	44	
96	86	99	95	73	73	101	130	160	
73	130	54	112	69	46	67	76	86	
43	59	49	33	37	35	22	25	20	
15	18	10	12	23	19	16	1	14	
14	20	4	10	9	9	12	20	17	
50	52	47	59	34	32	10	30	47	
49	40	19	37	55	68	92	31	36	
22	17	5	21	7	43	35	27	10	
51	36	33	45	34	95	32	51	33	
23	29	5	41	18	40	28	20	37	
39	56	26	46	53	34	36	17	19	
38	6	37	70	72	28	49	41	10	
74	52	106	55	50	73	106	63	28	
77	40	56	65	101	72	140	36	32	
57	30	84	35	45	75	60	30	80	
19	10	20	20	12	20	21	30	13	
63	118	90	44	74	45	48	36	69	
55	38	41	65	41	74	53	62	40	
97	87	165	78	108	125	45	51	70	
38	22	20	29	40	46	38	14	65	
20	16	15	19	21	36	25	11	33	
93	50	52	33	94	56	39	112	90	
40	47	43	18	67	46	61	38	30	
10	6	7	10	8	12	18	6	5	
38	18	44	63	47	60	48	42	59	
41	71	47	35	22	24	37	24	18	
92	80	134	111	111	63	95	154	4	
97	175	73	125	76	76	191	174	135	
Distance matrix
0	70.5	65	18.5	24.5	79.5	42.5	28	37	52	94.5	61.5	84.5	97.5	55	75.5	50	56.5	74.5	52.5	5.5	29.5	65.5	77.5	36	67.5	70	37.5	75.5	83.5	87	33	43	27.5	37	69.5	4	65	85.5	68	64	18	33	72	21	26	66.5	44.5	27.5	37	61.5	38.5	30	61	32.5	78.5	51	63	40.5	54.5	78.5	61.5	46.5	40.5	68.5	29	55	52	100.5	51	71.5	17	11.5	72.5	59.5	64	
70.5	0	39.5	84	80	9	62	68.5	57.5	32.5	30	9	14	37	25.5	31	50.5	42	30	28	71	55	39	33	56.5	23	25.5	53	31	39	22.5	43.5	53.5	73	67.5	25	74.5	39.5	29	36.5	24.5	86.5	71.5	27.5	51.5	76.5	38	60	63	47.5	43	64	50.5	43.5	68	26	41.5	18.5	64	40	34	37	42	64	36	69.5	49.5	52.5	34	41.5	33	87.5	67	32	45	40.5	
65	39.5	0	56.5	50.5	30.5	32.5	47	38	33	35.5	46.5	25.5	42.5	40	54.5	25	23.5	15.5	37.5	65.5	45.5	14.5	62.5	39	52.5	55	37.5	60.5	46.5	28	38	32	47.5	38	54.5	69	0	34.5	17	41	57	42	57	46	49	23.5	30.5	47.5	38	18.5	36.5	45	4	42.5	21.5	14	48	34.5	25.5	41.5	28.5	28.5	34.5	21.5	46	20	23	39.5	14	28.5	58	61.5	7.5	20.5	21	
18.5	84	56.5	0	6	77	34	41.5	50.5	65.5	82	75	72	89	68.5	89	61.5	70	62	66	13	43	61	91	49.5	81	83.5	51	89	93	74.5	46.5	56.5	39	24.5	83	22.5	56.5	81	63.5	77.5	28.5	18.5	85.5	34.5	35.5	70	52	41	50.5	65	48	43.5	60.5	44	68	64.5	76.5	36	68	88	75	60	46	68	42.5	56.5	39.5	86	64.5	75	29.5	25	54	67	67.5	
24.5	80	50.5	6	0	71	28	37.5	48.5	71.5	76	81	66	83	74.5	95	55.5	64	56	72	19	49	55	97	49.5	87	89.5	53	95	87	68.5	52.5	52.5	33	18.5	89	28.5	50.5	75	57.5	81.5	22.5	12.5	91.5	40.5	29.5	64	46	43	56.5	59	42	49.5	54.5	38	62	64.5	82.5	30	66	82	69	64	40	62	36.5	50.5	33.5	80	64.5	69	23.5	31	48	61	61.5	
79.5	9	30.5	77	71	0	53	67.5	58.5	41.5	21	18	5	28	34.5	40	45.5	39	21	37	80	64	30	42	59.5	32	34.5	58	40	32	13.5	52.5	52.5	68	58.5	34	83.5	30.5	20	27.5	31.5	77.5	62.5	36.5	60.5	69.5	29	51	68	56.5	34	57	59.5	34.5	63	17	44.5	27.5	55	41	27	34	49	55	27	66.5	40.5	43.5	25	44.5	24	78.5	76	23	36	31.5	
42.5	62	32.5	34	28	53	0	24.5	30.5	55.5	58	69	48	65	62.5	77	37.5	46	38	60	43	33	37	85	31.5	75	77.5	35	83	69	50.5	40.5	34.5	25	15.5	77	46.5	32.5	57	39.5	63.5	34.5	19.5	79.5	28.5	26.5	46	28	15	40.5	41	24	37.5	36.5	10	44	46.5	70.5	2	48	64	51	46	22	44	23.5	32.5	15.5	62	46.5	51	35.5	39	30	43	43.5	
28	68.5	47	41.5	37.5	67.5	24.5	0	35	50	72.5	59.5	62.5	79.5	53	73.5	48	54.5	52.5	50.5	28.5	27.5	51.5	75.5	34	65.5	68	35.5	73.5	81.5	65	31	41	30.5	25	67.5	32	47	71.5	54	62	44	29	70	19	34	60.5	42.5	25.5	35	55.5	36.5	28	51	30.5	58.5	49	61	26.5	52.5	76.5	59.5	44.5	36.5	58.5	1	47	30	76.5	49	65.5	45	24.5	44.5	57.5	58	
37	57.5	38	50.5	48.5	58.5	30.5	35	0	39	63.5	48.5	53.5	70.5	42	62.5	37	43.5	43.5	39.5	37.5	21.5	42.5	64.5	1	54.5	57	24.5	62.5	70.5	56	20	30	39.5	36	56.5	41	38	62.5	45	51	55	40	59	18	43	51.5	31.5	29.5	24	46.5	30.5	7	42	34.5	49.5	38	50	32.5	41.5	65.5	48.5	33.5	32.5	49.5	36	38	15	67.5	38	56.5	54	33.5	35.5	46.5	49	
52	32.5	33	65.5	71.5	41.5	55.5	50	39	0	48.5	23.5	38.5	55.5	17	37.5	32	23.5	28.5	14.5	52.5	36.5	32.5	39.5	38	29.5	32	34.5	37.5	45.5	41	25	35	54.5	61	31.5	56	33	47.5	16	26	70	65	34	33	58	28.5	41.5	44.5	29	28.5	45.5	32	33	49.5	34.5	23	25	57.5	21.5	40.5	23.5	23.5	47.5	30.5	51	37	46	52.5	23	33.5	69	48.5	25.5	26.5	12	
94.5	30	35.5	82	76	21	58	72.5	63.5	48.5	0	39	16	13	45.5	19	50.5	44	26	48	95	71	35	33	64.5	33	30.5	63	35	11	13.5	67.5	57.5	73	63.5	25	96.5	35.5	15	32.5	36.5	82.5	67.5	31.5	75.5	74.5	34	56	73	63.5	39	62	70.5	39.5	68	22	49.5	37.5	60	46	22	39	54	60	32	71.5	45.5	48.5	10	49.5	29	83.5	89	28	41	36.5	
61.5	9	46.5	75	81	18	69	59.5	48.5	23.5	39	0	23	44	16.5	22	41.5	33	39	19	62	46	42	24	47.5	14	16.5	44	22	30	31.5	34.5	44.5	64	76.5	16	65.5	46.5	32	39.5	15.5	79.5	80.5	18.5	42.5	67.5	33	51	54	38.5	38	55	41.5	42.5	59	35	32.5	9.5	67	31	25	28	33	57	35	60.5	46.5	61.5	43	32.5	28	78.5	58	41	36	35.5	
84.5	14	25.5	72	66	5	48	62.5	53.5	38.5	16	23	0	23	35.5	35	40.5	34	16	38	85	61	25	43	54.5	33	35.5	53	45	27	8.5	57.5	47.5	63	53.5	39	86.5	25.5	15	22.5	26.5	72.5	57.5	41.5	65.5	64.5	24	46	63	53.5	29	52	60.5	29.5	58	12	39.5	32.5	50	36	22	29	44	50	22	61.5	35.5	38.5	20	39.5	19	73.5	79	18	31	26.5	
97.5	37	42.5	89	83	28	65	79.5	70.5	55.5	13	44	23	0	52.5	32	57.5	51	33	55	98	78	42	20	71.5	40	37.5	70	22	24	20.5	70.5	64.5	80	70.5	32	101.5	42.5	22	39.5	43.5	89.5	74.5	29.5	78.5	81.5	41	63	80	70.5	46	69	77.5	46.5	75	29	56.5	40.5	67	53	29	46	61	67	39	78.5	52.5	55.5	3	56.5	36	90.5	94	35	48	43.5	
55	25.5	40	68.5	74.5	34.5	62.5	53	42	17	45.5	16.5	35.5	52.5	0	30.5	35	26.5	30.5	12.5	55.5	39.5	35.5	32.5	41	22.5	25	37.5	30.5	38.5	38	28	38	57.5	68	24.5	59	40	40.5	33	19	73	72	27	36	61	26.5	44.5	47.5	32	31.5	48.5	35	36	52.5	31.5	26	18	60.5	24.5	33.5	21.5	26.5	50.5	28.5	54	40	53	49.5	26	26.5	72	51.5	32.5	29.5	29	
75.5	31	54.5	89	95	40	77	73.5	62.5	37.5	19	22	35	32	30.5	0	55.5	47	45	33	76	60	54	18	61.5	18	15.5	58	16	8	32.5	48.5	58.5	78	82.5	6	79.5	54.5	34	51.5	29.5	93.5	86.5	12.5	56.5	81.5	47	65	68	52.5	52	69	55.5	56.5	73	41	46.5	18.5	79	45	29	42	47	71	49	74.5	60.5	67.5	29	46.5	42	92.5	72	47	50	49.5	
50	50.5	25	61.5	55.5	45.5	37.5	48	37	32	50.5	41.5	40.5	57.5	35	55.5	0	36.5	30.5	32.5	50.5	34.5	29.5	57.5	36	47.5	50	32.5	55.5	61.5	43	23	33	52.5	43	49.5	54	25	49.5	32	44	62	47	52	31	54	38.5	35.5	42.5	27	33.5	41.5	30	29	47.5	36.5	31	43	39.5	34.5	56.5	41.5	26.5	39.5	36.5	49	5	28	54.5	31	43.5	63	46.5	22.5	35.5	36	
56.5	42	23.5	70	64	39	46	54.5	43.5	23.5	44	33	34	51	26.5	47	36.5	0	24	24	57	41	9	49	42.5	39	41.5	39	47	55	36.5	29.5	39.5	59	51.5	41	60.5	23.5	43	25.5	35.5	70.5	55.5	43.5	37.5	62.5	32	44	49	33.5	5	50	36.5	27.5	54	30	27.5	34.5	48	2	50	33	28	48	30	55.5	33.5	36.5	48	27.5	37	71.5	53	16	3	29.5	
74.5	30	15.5	62	56	21	38	52.5	43.5	28.5	26	39	16	33	30.5	45	30.5	24	0	22	75	51	15	53	44.5	43	45.5	43	55	37	18.5	47.5	37.5	53	43.5	49	76.5	15.5	25	12.5	31.5	62.5	47.5	51.5	55.5	54.5	8	36	53	43.5	19	42	50.5	19.5	48	12	29.5	42.5	40	26	32	13	34	40	6	51.5	25.5	28.5	30	29.5	19	63.5	69	8	21	16.5	
52.5	28	37.5	66	72	37	60	50.5	39.5	14.5	48	19	38	55	12.5	33	32.5	24	22	0	53	37	33	35	38.5	25	27.5	35	33	41	40.5	25.5	35.5	55	65.5	27	56.5	37.5	43	30.5	21.5	70.5	69.5	29.5	33.5	58.5	14	42	45	29.5	29	46	32.5	33.5	50	34	23.5	20.5	58	22	36	9	24	48	16	51.5	37.5	50.5	52	23.5	29	69.5	49	30	27	26.5	
5.5	71	65.5	13	19	80	43	28.5	37.5	52.5	95	62	85	98	55.5	76	50.5	57	75	53	0	30	66	78	36.5	68	70.5	38	76	84	87.5	33.5	43.5	28	37.5	70	9.5	65.5	86	68.5	64.5	23.5	31.5	72.5	21.5	26.5	67	45	28	37.5	62	39	30.5	61.5	33	79	51.5	63.5	41	55	79	62	47	41	69	29.5	55.5	52.5	99	51.5	72	22.5	12	67	60	64.5	
29.5	55	45.5	43	49	64	33	27.5	21.5	36.5	71	46	61	78	39.5	60	34.5	41	51	37	30	0	50	62	20.5	52	54.5	22	60	68	63.5	17.5	27.5	32	38.5	54	33.5	45.5	70	52.5	48.5	47.5	42.5	56.5	10.5	35.5	51	29	22	21.5	46	9	14.5	45.5	27	57	35.5	47.5	35	39	63	46	31	11	53	28.5	39.5	28.5	75	35.5	56	46.5	26	43	44	48.5	
65.5	39	14.5	61	55	30	37	51.5	42.5	32.5	35	42	25	42	35.5	54	29.5	9	15	33	66	50	0	58	43.5	48	50.5	42	56	46	27.5	38.5	36.5	52	42.5	50	69.5	14.5	34	16.5	40.5	61.5	46.5	52.5	46.5	53.5	23	35	52	42.5	4	41	45.5	18.5	47	21	28.5	43.5	39	11	41	28	33	39	21	50.5	24.5	27.5	39	28.5	28	62.5	62	7	6	20.5	
77.5	33	62.5	91	97	42	85	75.5	64.5	39.5	33	24	43	20	32.5	18	57.5	49	53	35	78	62	58	0	63.5	20	17.5	60	2	26	40.5	50.5	60.5	80	90.5	12	81.5	62.5	38	55.5	31.5	95.5	94.5	9.5	58.5	83.5	49	67	70	54.5	54	71	57.5	58.5	75	49	48.5	20.5	83	47	31	44	49	73	51	76.5	62.5	75.5	23	48.5	44	94.5	74	55	52	51.5	
36	56.5	39	49.5	49.5	59.5	31.5	34	1	38	64.5	47.5	54.5	71.5	41	61.5	36	42.5	44.5	38.5	36.5	20.5	43.5	63.5	0	53.5	56	23.5	61.5	69.5	57	19	29	38.5	37	55.5	40	39	63.5	46	50	54	41	58	17	42	52.5	30.5	28.5	23	47.5	29.5	6	43	33.5	50.5	37	49	33.5	40.5	64.5	47.5	32.5	31.5	50.5	35	39	16	68.5	37	57.5	53	32.5	36.5	45.5	50	
67.5	23	52.5	81	87	32	75	65.5	54.5	29.5	33	14	33	40	22.5	18	47.5	39	43	25	68	52	48	20	53.5	0	12.5	50	18	26	30.5	40.5	50.5	70	80.5	12	71.5	52.5	18	45.5	21.5	85.5	84.5	14.5	48.5	73.5	39	57	60	44.5	44	61	47.5	48.5	65	39	38.5	10.5	73	37	11	34	39	63	41	66.5	52.5	65.5	37	38.5	34	84.5	64	45	42	41.5	
70	25.5	55	83.5	89.5	34.5	77.5	68	57	32	30.5	16.5	35.5	37.5	25	15.5	50	41.5	45.5	27.5	70.5	54.5	50.5	17.5	56	12.5	0	52.5	15.5	23.5	33	43	53	72.5	83	9.5	74	55	30.5	48	24	88	87	12	51	76	41.5	59.5	62.5	47	46.5	63.5	50	51	67.5	41.5	41	13	75.5	39.5	23.5	36.5	41.5	65.5	43.5	69	55	68	34.5	41	36.5	87	66.5	47.5	44.5	44	
37.5	53	37.5	51	53	58	35	35.5	24.5	34.5	63	44	53	70	37.5	58	32.5	39	43	35	38	22	42	60	23.5	50	52.5	0	58	66	55.5	15.5	25.5	40	40.5	52	41.5	37.5	62	44.5	46.5	55.5	44.5	54.5	18.5	43.5	49	7	30	19.5	44	31	17.5	41.5	35	49	33.5	45.5	37	37	61	44	29	33	49	36.5	37.5	25.5	67	33.5	54	54.5	34	35	42	46.5	
75.5	31	60.5	89	95	40	83	73.5	62.5	37.5	35	22	45	22	30.5	16	55.5	47	55	33	76	60	56	2	61.5	18	15.5	58	0	24	42.5	48.5	58.5	78	92.5	10	79.5	60.5	36	53.5	29.5	93.5	96.5	7.5	56.5	81.5	47	65	68	52.5	52	69	55.5	56.5	73	49	46.5	18.5	81	45	29	42	47	71	49	74.5	60.5	77.5	25	46.5	42	92.5	72	57	50	49.5	
83.5	39	46.5	93	87	32	69	81.5	70.5	45.5	11	30	27	24	38.5	8	61.5	55	37	41	84	68	46	26	69.5	26	23.5	66	24	0	24.5	56.5	66.5	84	74.5	14	87.5	46.5	26	43.5	37.5	93.5	78.5	20.5	64.5	85.5	45	67	76	60.5	50	73	63.5	50.5	79	33	54.5	26.5	71	53	33	50	55	71	43	82.5	56.5	59.5	21	54.5	40	94.5	80	39	52	47.5	
87	22.5	28	74.5	68.5	13.5	50.5	65	56	41	13.5	31.5	8.5	20.5	38	32.5	43	36.5	18.5	40.5	87.5	63.5	27.5	40.5	57	30.5	33	55.5	42.5	24.5	0	60	50	65.5	56	36.5	89	28	12.5	25	29	75	60	39	68	67	26.5	48.5	65.5	56	31.5	54.5	63	32	60.5	14.5	42	24	52.5	38.5	19.5	31.5	46.5	52.5	24.5	64	38	41	17.5	42	21.5	76	81.5	20.5	33.5	29	
33	43.5	38	46.5	52.5	52.5	40.5	31	20	25	67.5	34.5	57.5	70.5	28	48.5	23	29.5	47.5	25.5	33.5	17.5	38.5	50.5	19	40.5	43	15.5	48.5	56.5	60	0	10	35.5	50	42.5	37	38	58.5	41	37	51	54	45	14	39	39.5	22.5	25.5	4	34.5	26.5	13	34	30.5	51.5	24	36	38.5	27.5	51.5	34.5	19.5	28.5	41.5	32	28	35	71.5	24	44.5	50	29.5	39.5	32.5	37	
43	53.5	32	56.5	52.5	52.5	34.5	41	30	35	57.5	44.5	47.5	64.5	38	58.5	33	39.5	37.5	35.5	43.5	27.5	36.5	60.5	29	50.5	53	25.5	58.5	66.5	50	10	0	45.5	40	52.5	47	32	56.5	39	47	59	44	55	24	49	45.5	32.5	35.5	6	40.5	36.5	23	36	40.5	43.5	34	46	36.5	37.5	61.5	44.5	29.5	36.5	43.5	42	32	25	61.5	34	50.5	60	39.5	29.5	42.5	43	
27.5	73	47.5	39	33	68	25	30.5	39.5	54.5	73	64	63	80	57.5	78	52.5	59	53	55	28	32	52	80	38.5	70	72.5	40	78	84	65.5	35.5	45.5	0	20.5	72	31.5	47.5	72	54.5	66.5	39.5	24.5	74.5	23.5	31.5	61	43	30	39.5	56	39	32.5	51.5	35	59	53.5	65.5	27	57	79	64	49	37	59	31.5	47.5	30.5	77	53.5	66	40.5	24	45	58	58.5	
37	67.5	38	24.5	18.5	58.5	15.5	25	36	61	63.5	76.5	53.5	70.5	68	82.5	43	51.5	43.5	65.5	37.5	38.5	42.5	90.5	37	80.5	83	40.5	92.5	74.5	56	50	40	20.5	0	86.5	39	38	62.5	45	69	25	10	89	38	11	51.5	33.5	30.5	46	46.5	29.5	43	42	25.5	49.5	52	80	17.5	53.5	69.5	56.5	51.5	27.5	49.5	24	38	21	67.5	52	56.5	26	31.5	35.5	48.5	49	
69.5	25	54.5	83	89	34	77	67.5	56.5	31.5	25	16	39	32	24.5	6	49.5	41	49	27	70	54	50	12	55.5	12	9.5	52	10	14	36.5	42.5	52.5	72	86.5	0	73.5	54.5	30	47.5	23.5	87.5	92.5	6.5	50.5	75.5	41	59	62	46.5	46	63	49.5	50.5	67	43	40.5	12.5	75	39	23	36	41	65	43	68.5	54.5	71.5	35	40.5	36	86.5	66	53	44	43.5	
4	74.5	69	22.5	28.5	83.5	46.5	32	41	56	96.5	65.5	86.5	101.5	59	79.5	54	60.5	76.5	56.5	9.5	33.5	69.5	81.5	40	71.5	74	41.5	79.5	87.5	89	37	47	31.5	39	73.5	0	69	89.5	72	68	14	33	76	25	30	70.5	48.5	31.5	41	65.5	42.5	34	65	36.5	82.5	55	67	44.5	58.5	82.5	65.5	50.5	44.5	72.5	33	59	54	100.5	55	75.5	13	15.5	68.5	63.5	68	
65	39.5	0	56.5	50.5	30.5	32.5	47	38	33	35.5	46.5	25.5	42.5	40	54.5	25	23.5	15.5	37.5	65.5	45.5	14.5	62.5	39	52.5	55	37.5	60.5	46.5	28	38	32	47.5	38	54.5	69	0	34.5	17	41	57	42	57	46	49	23.5	30.5	47.5	38	18.5	36.5	45	4	42.5	21.5	14	48	34.5	25.5	41.5	28.5	28.5	34.5	21.5	46	20	23	39.5	14	28.5	58	61.5	7.5	20.5	21	
85.5	29	34.5	81	75	20	57	71.5	62.5	47.5	15	32	15	22	40.5	34	49.5	43	25	43	86	70	34	38	63.5	18	30.5	62	36	26	12.5	58.5	56.5	72	62.5	30	89.5	34.5	0	31.5	35.5	81.5	66.5	32.5	66.5	73.5	33	55	72	62.5	38	61	65.5	38.5	67	21	48.5	28.5	59	45	7	38	53	59	31	70.5	44.5	47.5	19	48.5	28	82.5	82	27	40	35.5	
68	36.5	17	63.5	57.5	27.5	39.5	54	45	16	32.5	39.5	22.5	39.5	33	51.5	32	25.5	12.5	30.5	68.5	52.5	16.5	55.5	46	45.5	48	44.5	53.5	43.5	25	41	39	54.5	45	47.5	72	17	31.5	0	38	64	49	50	49	56	20.5	37.5	54.5	45	20.5	43.5	48	21	49.5	18.5	31	41	41.5	27.5	38.5	25.5	35.5	41.5	18.5	53	27	30	36.5	31	25.5	65	64.5	9.5	22.5	4	
64	24.5	41	77.5	81.5	31.5	63.5	62	51	26	36.5	15.5	26.5	43.5	19	29.5	44	35.5	31.5	21.5	64.5	48.5	40.5	31.5	50	21.5	24	46.5	29.5	37.5	29	37	47	66.5	69	23.5	68	41	35.5	38	0	82	73	26	45	70	35.5	53.5	56.5	41	40.5	57.5	44	45	61.5	27.5	35	17	65.5	33.5	32.5	30.5	35.5	59.5	37.5	63	49	54	40.5	35	30.5	81	60.5	33.5	38.5	38	
18	86.5	57	28.5	22.5	77.5	34.5	44	55	70	82.5	79.5	72.5	89.5	73	93.5	62	70.5	62.5	70.5	23.5	47.5	61.5	95.5	54	85.5	88	55.5	93.5	93.5	75	51	59	39.5	25	87.5	14	57	81.5	64	82	0	19	90	39	36	70.5	52.5	45.5	55	65.5	48.5	48	61	44.5	68.5	69	81	36.5	72.5	88.5	75.5	64.5	46.5	68.5	43	57	40	86.5	69	75.5	1	29.5	54.5	67.5	68	
33	71.5	42	18.5	12.5	62.5	19.5	29	40	65	67.5	80.5	57.5	74.5	72	86.5	47	55.5	47.5	69.5	31.5	42.5	46.5	94.5	41	84.5	87	44.5	96.5	78.5	60	54	44	24.5	10	92.5	33	42	66.5	49	73	19	0	95	44	21	55.5	37.5	34.5	50	50.5	33.5	47	46	29.5	53.5	56	84	21.5	57.5	73.5	60.5	55.5	31.5	53.5	28	42	25	71.5	56	60.5	20	30.5	39.5	52.5	53	
72	27.5	57	85.5	91.5	36.5	79.5	70	59	34	31.5	18.5	41.5	29.5	27	12.5	52	43.5	51.5	29.5	72.5	56.5	52.5	9.5	58	14.5	12	54.5	7.5	20.5	39	45	55	74.5	89	6.5	76	57	32.5	50	26	90	95	0	53	78	43.5	61.5	64.5	49	48.5	65.5	52	53	69.5	45.5	43	15	77.5	41.5	25.5	38.5	43.5	67.5	45.5	71	57	74	32.5	43	38.5	89	68.5	55.5	46.5	46	
21	51.5	46	34.5	40.5	60.5	28.5	19	18	33	75.5	42.5	65.5	78.5	36	56.5	31	37.5	55.5	33.5	21.5	10.5	46.5	58.5	17	48.5	51	18.5	56.5	64.5	68	14	24	23.5	38	50.5	25	46	66.5	49	45	39	44	53	0	27	47.5	25.5	13.5	18	42.5	19.5	11	42	18.5	59.5	32	44	26.5	35.5	59.5	42.5	27.5	21.5	49.5	20	36	33	81.5	32	52.5	38	17.5	51.5	40.5	45	
26	76.5	49	35.5	29.5	69.5	26.5	34	43	58	74.5	67.5	64.5	81.5	61	81.5	54	62.5	54.5	58.5	26.5	35.5	53.5	83.5	42	73.5	76	43.5	81.5	85.5	67	39	49	31.5	11	75.5	30	49	73.5	56	70	36	21	78	27	0	62.5	44.5	33.5	43	57.5	40.5	36	53	36.5	60.5	57	69	28.5	60.5	80.5	67.5	52.5	38.5	60.5	35	49	32	78.5	57	67.5	37	22.5	46.5	59.5	60	
66.5	38	23.5	70	64	29	46	60.5	51.5	28.5	34	33	24	41	26.5	47	38.5	32	8	14	67	51	23	49	52.5	39	41.5	49	47	45	26.5	39.5	45.5	61	51.5	41	70.5	23.5	33	20.5	35.5	70.5	55.5	43.5	47.5	62.5	0	44	59	43.5	27	50	46.5	27.5	56	20	37.5	34.5	48	34	40	5	38	48	2	59.5	33.5	36.5	38	37.5	27	71.5	63	16	29	24.5	
44.5	60	30.5	52	46	51	28	42.5	31.5	41.5	56	51	46	63	44.5	65	35.5	44	36	42	45	29	35	67	30.5	57	59.5	7	65	67	48.5	22.5	32.5	43	33.5	59	48.5	30.5	55	37.5	53.5	52.5	37.5	61.5	25.5	44.5	44	0	37	26.5	39	32	24.5	34.5	38	42	40.5	52.5	30	44	62	49	36	30	42	41.5	30.5	18.5	60	40.5	49	53.5	41	28	41	41.5	
27.5	63	47.5	41	43	68	15	25.5	29.5	44.5	73	54	63	80	47.5	68	42.5	49	53	45	28	22	52	70	28.5	60	62.5	30	68	76	65.5	25.5	35.5	30	30.5	62	31.5	47.5	72	54.5	56.5	45.5	34.5	64.5	13.5	33.5	59	37	0	29.5	54	31	22.5	51.5	5	59	43.5	55.5	13	47	71	54	39	33	59	26.5	47.5	30.5	77	43.5	64	44.5	24	45	52	56.5	
37	47.5	38	50.5	56.5	56.5	40.5	35	24	29	63.5	38.5	53.5	70.5	32	52.5	27	33.5	43.5	29.5	37.5	21.5	42.5	54.5	23	44.5	47	19.5	52.5	60.5	56	4	6	39.5	46	46.5	41	38	62.5	45	41	55	50	49	18	43	43.5	26.5	29.5	0	38.5	30.5	17	38	34.5	49.5	28	40	42.5	31.5	55.5	38.5	23.5	32.5	45.5	36	32	31	67.5	28	48.5	54	33.5	35.5	36.5	41	
61.5	43	18.5	65	59	34	41	55.5	46.5	28.5	39	38	29	46	31.5	52	33.5	5	19	29	62	46	4	54	47.5	44	46.5	44	52	50	31.5	34.5	40.5	56	46.5	46	65.5	18.5	38	20.5	40.5	65.5	50.5	48.5	42.5	57.5	27	39	54	38.5	0	45	41.5	22.5	51	25	32.5	39.5	43	7	45	32	33	43	25	54.5	28.5	31.5	43	32.5	32	66.5	58	11	2	24.5	
38.5	64	36.5	48	42	57	24	36.5	30.5	45.5	62	55	52	69	48.5	69	41.5	50	42	46	39	9	41	71	29.5	61	63.5	31	69	73	54.5	26.5	36.5	39	29.5	63	42.5	36.5	61	43.5	57.5	48.5	33.5	65.5	19.5	40.5	50	32	31	30.5	45	0	23.5	40.5	34	48	44.5	56.5	26	48	68	55	40	2	48	37.5	36.5	19.5	66	44.5	55	49.5	35	34	47	47.5	
30	50.5	45	43.5	49.5	59.5	37.5	28	7	32	70.5	41.5	60.5	77.5	35	55.5	30	36.5	50.5	32.5	30.5	14.5	45.5	57.5	6	47.5	50	17.5	55.5	63.5	63	13	23	32.5	43	49.5	34	45	65.5	48	44	48	47	52	11	36	46.5	24.5	22.5	17	41.5	23.5	0	41	27.5	56.5	31	43	35.5	34.5	58.5	41.5	26.5	25.5	48.5	29	35	22	74.5	31	51.5	47	26.5	42.5	39.5	44	
61	43.5	4	60.5	54.5	34.5	36.5	51	42	33	39.5	42.5	29.5	46.5	36	56.5	29	27.5	19.5	33.5	61.5	45.5	18.5	58.5	43	48.5	51	41.5	56.5	50.5	32	34	36	51.5	42	50.5	65	4	38.5	21	45	61	46	53	42	53	27.5	34.5	51.5	38	22.5	40.5	41	0	46.5	25.5	10	44	38.5	29.5	45.5	32.5	32.5	38.5	25.5	50	24	27	43.5	10	32.5	62	57.5	11.5	24.5	25	
32.5	68	42.5	44	38	63	10	30.5	34.5	49.5	68	59	58	75	52.5	73	47.5	54	48	50	33	27	47	75	33.5	65	67.5	35	73	79	60.5	30.5	40.5	35	25.5	67	36.5	42.5	67	49.5	61.5	44.5	29.5	69.5	18.5	36.5	56	38	5	34.5	51	34	27.5	46.5	0	54	48.5	60.5	8	52	74	59	44	32	54	31.5	42.5	25.5	72	48.5	61	45.5	29	40	53	53.5	
78.5	26	21.5	68	62	17	44	58.5	49.5	34.5	22	35	12	29	31.5	41	36.5	30	12	34	79	57	21	49	50.5	39	41.5	49	49	33	14.5	51.5	43.5	59	49.5	43	82.5	21.5	21	18.5	27.5	68.5	53.5	45.5	59.5	60.5	20	42	59	49.5	25	48	56.5	25.5	54	0	35.5	36.5	46	32	28	25	40	46	18	57.5	31.5	34.5	26	35.5	7	69.5	75	14	27	22.5	
51	41.5	14	64.5	64.5	44.5	46.5	49	38	23	49.5	32.5	39.5	56.5	26	46.5	31	27.5	29.5	23.5	51.5	35.5	28.5	48.5	37	38.5	41	33.5	46.5	54.5	42	24	34	53.5	52	40.5	55	14	48.5	31	35	69	56	43	32	57	37.5	40.5	43.5	28	32.5	44.5	31	10	48.5	35.5	0	34	48.5	25.5	49.5	32.5	22.5	46.5	35.5	50	34	37	53.5	0	42.5	68	47.5	21.5	30.5	35	
63	18.5	48	76.5	82.5	27.5	70.5	61	50	25	37.5	9.5	32.5	40.5	18	18.5	43	34.5	42.5	20.5	63.5	47.5	43.5	20.5	49	10.5	13	45.5	18.5	26.5	24	36	46	65.5	80	12.5	67	48	28.5	41	17	81	84	15	44	69	34.5	52.5	55.5	40	39.5	56.5	43	44	60.5	36.5	34	0	68.5	32.5	21.5	29.5	34.5	58.5	36.5	62	48	65	41.5	34	29.5	80	59.5	44.5	37.5	37	
40.5	64	34.5	36	30	55	2	26.5	32.5	57.5	60	67	50	67	60.5	79	39.5	48	40	58	41	35	39	83	33.5	73	75.5	37	81	71	52.5	38.5	36.5	27	17.5	75	44.5	34.5	59	41.5	65.5	36.5	21.5	77.5	26.5	28.5	48	30	13	42.5	43	26	35.5	38.5	8	46	48.5	68.5	0	50	66	53	48	24	46	25.5	34.5	17.5	64	48.5	53	37.5	37	32	45	45.5	
54.5	40	25.5	68	66	41	48	52.5	41.5	21.5	46	31	36	53	24.5	45	34.5	2	26	22	55	39	11	47	40.5	37	39.5	37	45	53	38.5	27.5	37.5	57	53.5	39	58.5	25.5	45	27.5	33.5	72.5	57.5	41.5	35.5	60.5	34	44	47	31.5	7	48	34.5	29.5	52	32	25.5	32.5	50	0	48	31	26	50	32	53.5	35.5	38.5	50	25.5	39	71.5	51	18	5	31.5	
78.5	34	41.5	88	82	27	64	76.5	65.5	40.5	22	25	22	29	33.5	29	56.5	50	32	36	79	63	41	31	64.5	11	23.5	61	29	33	19.5	51.5	61.5	79	69.5	23	82.5	41.5	7	38.5	32.5	88.5	73.5	25.5	59.5	80.5	40	62	71	55.5	45	68	58.5	45.5	74	28	49.5	21.5	66	48	0	45	50	66	38	77.5	51.5	54.5	26	49.5	35	89.5	75	34	47	42.5	
61.5	37	28.5	75	69	34	51	59.5	48.5	23.5	39	28	29	46	21.5	42	41.5	33	13	9	62	46	28	44	47.5	34	36.5	44	42	50	31.5	34.5	44.5	64	56.5	36	65.5	28.5	38	25.5	30.5	75.5	60.5	38.5	42.5	67.5	5	49	54	38.5	32	55	41.5	32.5	59	25	32.5	29.5	53	31	45	0	33	53	7	60.5	38.5	41.5	43	32.5	32	76.5	58	21	34	29.5	
46.5	42	28.5	60	64	49	46	44.5	33.5	23.5	54	33	44	61	26.5	47	26.5	28	34	24	47	31	33	49	32.5	39	41.5	29	47	55	46.5	19.5	29.5	49	51.5	41	50.5	28.5	53	35.5	35.5	64.5	55.5	43.5	27.5	52.5	38	36	39	23.5	33	40	26.5	32.5	44	40	22.5	34.5	48	26	50	33	0	42	40	45.5	31.5	36.5	58	22.5	43	63.5	43	26	31	35.5	
40.5	64	34.5	46	40	55	22	36.5	32.5	47.5	60	57	50	67	50.5	71	39.5	48	40	48	41	11	39	73	31.5	63	65.5	33	71	71	52.5	28.5	36.5	37	27.5	65	44.5	34.5	59	41.5	59.5	46.5	31.5	67.5	21.5	38.5	48	30	33	32.5	43	2	25.5	38.5	32	46	46.5	58.5	24	50	66	53	42	0	46	35.5	34.5	17.5	64	46.5	53	47.5	37	32	45	45.5	
68.5	36	21.5	68	62	27	44	58.5	49.5	30.5	32	35	22	39	28.5	49	36.5	30	6	16	69	53	21	51	50.5	41	43.5	49	49	43	24.5	41.5	43.5	59	49.5	43	72.5	21.5	31	18.5	37.5	68.5	53.5	45.5	49.5	60.5	2	42	59	45.5	25	48	48.5	25.5	54	18	35.5	36.5	46	32	38	7	40	46	0	57.5	31.5	34.5	36	35.5	25	69.5	65	14	27	22.5	
29	69.5	46	42.5	36.5	66.5	23.5	1	36	51	71.5	60.5	61.5	78.5	54	74.5	49	55.5	51.5	51.5	29.5	28.5	50.5	76.5	35	66.5	69	36.5	74.5	82.5	64	32	42	31.5	24	68.5	33	46	70.5	53	63	43	28	71	20	35	59.5	41.5	26.5	36	54.5	37.5	29	50	31.5	57.5	50	62	25.5	53.5	77.5	60.5	45.5	35.5	57.5	0	46	29	75.5	50	64.5	44	25.5	43.5	56.5	57	
55	49.5	20	56.5	50.5	40.5	32.5	47	38	37	45.5	46.5	35.5	52.5	40	60.5	5	33.5	25.5	37.5	55.5	39.5	24.5	62.5	39	52.5	55	37.5	60.5	56.5	38	28	32	47.5	38	54.5	59	20	44.5	27	49	57	42	57	36	49	33.5	30.5	47.5	32	28.5	36.5	35	24	42.5	31.5	34	48	34.5	35.5	51.5	38.5	31.5	34.5	31.5	46	0	23	49.5	34	38.5	58	51.5	17.5	30.5	31	
52	52.5	23	39.5	33.5	43.5	15.5	30	15	46	48.5	61.5	38.5	55.5	53	67.5	28	36.5	28.5	50.5	52.5	28.5	27.5	75.5	16	65.5	68	25.5	77.5	59.5	41	35	25	30.5	21	71.5	54	23	47.5	30	54	40	25	74	33	32	36.5	18.5	30.5	31	31.5	19.5	22	27	25.5	34.5	37	65	17.5	38.5	54.5	41.5	36.5	17.5	34.5	29	23	0	52.5	37	41.5	41	46.5	20.5	33.5	34	
100.5	34	39.5	86	80	25	62	76.5	67.5	52.5	10	43	20	3	49.5	29	54.5	48	30	52	99	75	39	23	68.5	37	34.5	67	25	21	17.5	71.5	61.5	77	67.5	35	100.5	39.5	19	36.5	40.5	86.5	71.5	32.5	81.5	78.5	38	60	77	67.5	43	66	74.5	43.5	72	26	53.5	41.5	64	50	26	43	58	64	36	75.5	49.5	52.5	0	53.5	33	87.5	93	32	45	40.5	
51	41.5	14	64.5	64.5	44.5	46.5	49	38	23	49.5	32.5	39.5	56.5	26	46.5	31	27.5	29.5	23.5	51.5	35.5	28.5	48.5	37	38.5	41	33.5	46.5	54.5	42	24	34	53.5	52	40.5	55	14	48.5	31	35	69	56	43	32	57	37.5	40.5	43.5	28	32.5	44.5	31	10	48.5	35.5	0	34	48.5	25.5	49.5	32.5	22.5	46.5	35.5	50	34	37	53.5	0	42.5	68	47.5	21.5	30.5	35	
71.5	33	28.5	75	69	24	51	65.5	56.5	33.5	29	28	19	36	26.5	42	43.5	37	19	29	72	56	28	44	57.5	34	36.5	54	42	40	21.5	44.5	50.5	66	56.5	36	75.5	28.5	28	25.5	30.5	75.5	60.5	38.5	52.5	67.5	27	49	64	48.5	32	55	51.5	32.5	61	7	42.5	29.5	53	39	35	32	43	53	25	64.5	38.5	41.5	33	42.5	0	76.5	68	21	34	29.5	
17	87.5	58	29.5	23.5	78.5	35.5	45	54	69	83.5	78.5	73.5	90.5	72	92.5	63	71.5	63.5	69.5	22.5	46.5	62.5	94.5	53	84.5	87	54.5	92.5	94.5	76	50	60	40.5	26	86.5	13	58	82.5	65	81	1	20	89	38	37	71.5	53.5	44.5	54	66.5	49.5	47	62	45.5	69.5	68	80	37.5	71.5	89.5	76.5	63.5	47.5	69.5	44	58	41	87.5	68	76.5	0	28.5	55.5	68.5	69	
11.5	67	61.5	25	31	76	39	24.5	33.5	48.5	89	58	79	94	51.5	72	46.5	53	69	49	12	26	62	74	32.5	64	66.5	34	72	80	81.5	29.5	39.5	24	31.5	66	15.5	61.5	82	64.5	60.5	29.5	30.5	68.5	17.5	22.5	63	41	24	33.5	58	35	26.5	57.5	29	75	47.5	59.5	37	51	75	58	43	37	65	25.5	51.5	46.5	93	47.5	68	28.5	0	61	56	60.5	
72.5	32	7.5	54	48	23	30	44.5	35.5	25.5	28	41	18	35	32.5	47	22.5	16	8	30	67	43	7	55	36.5	45	47.5	35	57	39	20.5	39.5	29.5	45	35.5	53	68.5	7.5	27	9.5	33.5	54.5	39.5	55.5	51.5	46.5	16	28	45	35.5	11	34	42.5	11.5	40	14	21.5	44.5	32	18	34	21	26	32	14	43.5	17.5	20.5	32	21.5	21	55.5	61	0	13	13.5	
59.5	45	20.5	67	61	36	43	57.5	46.5	26.5	41	36	31	48	29.5	50	35.5	3	21	27	60	44	6	52	45.5	42	44.5	42	50	52	33.5	32.5	42.5	58	48.5	44	63.5	20.5	40	22.5	38.5	67.5	52.5	46.5	40.5	59.5	29	41	52	36.5	2	47	39.5	24.5	53	27	30.5	37.5	45	5	47	34	31	45	27	56.5	30.5	33.5	45	30.5	34	68.5	56	13	0	26.5	
64	40.5	21	67.5	61.5	31.5	43.5	58	49	12	36.5	35.5	26.5	43.5	29	49.5	36	29.5	16.5	26.5	64.5	48.5	20.5	51.5	50	41.5	44	46.5	49.5	47.5	29	37	43	58.5	49	43.5	68	21	35.5	4	38	68	53	46	45	60	24.5	41.5	56.5	41	24.5	47.5	44	25	53.5	22.5	35	37	45.5	31.5	42.5	29.5	35.5	45.5	22.5	57	31	34	40.5	35	29.5	69	60.5	13.5	26.5	0	
