Number of items: 75
Horizon: 12
Time limit: 750
Load limit: 4500
Initial item inventory level
66
104
48
44
288
39
25
112
60
126
294
164
114
96
141
30
96
168
41
64
36
44
22
51
63
134
219
72
17
25
87
294
198
42
44
37
132
82
93
100
69
273
73
183
144
146
27
89
68
297
96
46
186
38
94
166
99
98
26
78
117
51
50
78
36
129
213
37
285
95
42
96
80
23
190
Maximum inventory capacity per item
99
156
64
88
384
52
50
168
120
189
392
246
152
192
188
40
144
252
82
128
48
88
33
68
126
201
292
96
34
50
116
392
264
84
88
74
176
123
124
150
92
364
146
244
192
219
54
178
136
396
128
92
279
76
188
249
132
196
39
117
156
102
75
104
48
172
284
74
380
190
56
144
120
46
285
Reserve storage replenishment rate per item and per period
198	0	0	198	0	0	198	0	0	198	0	0	
312	0	0	312	0	0	312	0	0	312	0	0	
96	0	0	96	0	0	96	0	0	96	0	0	
264	0	0	264	0	0	264	0	0	264	0	0	
576	0	0	576	0	0	576	0	0	576	0	0	
78	0	0	78	0	0	78	0	0	78	0	0	
150	0	0	150	0	0	150	0	0	150	0	0	
336	0	0	336	0	0	336	0	0	336	0	0	
360	0	0	360	0	0	360	0	0	360	0	0	
378	0	0	378	0	0	378	0	0	378	0	0	
588	0	0	588	0	0	588	0	0	588	0	0	
492	0	0	492	0	0	492	0	0	492	0	0	
228	0	0	228	0	0	228	0	0	228	0	0	
576	0	0	576	0	0	576	0	0	576	0	0	
282	0	0	282	0	0	282	0	0	282	0	0	
60	0	0	60	0	0	60	0	0	60	0	0	
288	0	0	288	0	0	288	0	0	288	0	0	
504	0	0	504	0	0	504	0	0	504	0	0	
246	0	0	246	0	0	246	0	0	246	0	0	
384	0	0	384	0	0	384	0	0	384	0	0	
72	0	0	72	0	0	72	0	0	72	0	0	
264	0	0	264	0	0	264	0	0	264	0	0	
66	0	0	66	0	0	66	0	0	66	0	0	
102	0	0	102	0	0	102	0	0	102	0	0	
378	0	0	378	0	0	378	0	0	378	0	0	
402	0	0	402	0	0	402	0	0	402	0	0	
438	0	0	438	0	0	438	0	0	438	0	0	
144	0	0	144	0	0	144	0	0	144	0	0	
102	0	0	102	0	0	102	0	0	102	0	0	
150	0	0	150	0	0	150	0	0	150	0	0	
174	0	0	174	0	0	174	0	0	174	0	0	
588	0	0	588	0	0	588	0	0	588	0	0	
396	0	0	396	0	0	396	0	0	396	0	0	
252	0	0	252	0	0	252	0	0	252	0	0	
264	0	0	264	0	0	264	0	0	264	0	0	
222	0	0	222	0	0	222	0	0	222	0	0	
264	0	0	264	0	0	264	0	0	264	0	0	
246	0	0	246	0	0	246	0	0	246	0	0	
186	0	0	186	0	0	186	0	0	186	0	0	
300	0	0	300	0	0	300	0	0	300	0	0	
138	0	0	138	0	0	138	0	0	138	0	0	
546	0	0	546	0	0	546	0	0	546	0	0	
438	0	0	438	0	0	438	0	0	438	0	0	
366	0	0	366	0	0	366	0	0	366	0	0	
288	0	0	288	0	0	288	0	0	288	0	0	
438	0	0	438	0	0	438	0	0	438	0	0	
162	0	0	162	0	0	162	0	0	162	0	0	
534	0	0	534	0	0	534	0	0	534	0	0	
408	0	0	408	0	0	408	0	0	408	0	0	
594	0	0	594	0	0	594	0	0	594	0	0	
192	0	0	192	0	0	192	0	0	192	0	0	
276	0	0	276	0	0	276	0	0	276	0	0	
558	0	0	558	0	0	558	0	0	558	0	0	
228	0	0	228	0	0	228	0	0	228	0	0	
564	0	0	564	0	0	564	0	0	564	0	0	
498	0	0	498	0	0	498	0	0	498	0	0	
198	0	0	198	0	0	198	0	0	198	0	0	
588	0	0	588	0	0	588	0	0	588	0	0	
78	0	0	78	0	0	78	0	0	78	0	0	
234	0	0	234	0	0	234	0	0	234	0	0	
234	0	0	234	0	0	234	0	0	234	0	0	
306	0	0	306	0	0	306	0	0	306	0	0	
150	0	0	150	0	0	150	0	0	150	0	0	
156	0	0	156	0	0	156	0	0	156	0	0	
72	0	0	72	0	0	72	0	0	72	0	0	
258	0	0	258	0	0	258	0	0	258	0	0	
426	0	0	426	0	0	426	0	0	426	0	0	
222	0	0	222	0	0	222	0	0	222	0	0	
570	0	0	570	0	0	570	0	0	570	0	0	
570	0	0	570	0	0	570	0	0	570	0	0	
84	0	0	84	0	0	84	0	0	84	0	0	
288	0	0	288	0	0	288	0	0	288	0	0	
240	0	0	240	0	0	240	0	0	240	0	0	
138	0	0	138	0	0	138	0	0	138	0	0	
570	0	0	570	0	0	570	0	0	570	0	0	
Forward storage demand rate per item and per period
33	48	24	31	62	47	4	30	45	32	35	45	
52	38	83	13	50	71	61	46	52	17	51	44	
16	16	9	17	1	20	7	11	10	7	26	8	
44	18	67	33	42	35	57	44	61	53	49	39	
96	94	154	45	180	127	149	121	113	163	110	164	
13	6	5	20	6	7	10	9	6	11	13	14	
25	34	14	20	10	23	23	10	29	28	30	37	
56	83	46	44	53	28	69	25	48	46	84	18	
60	88	66	63	66	80	45	60	83	3	40	106	
63	58	43	7	76	64	41	62	103	46	43	64	
98	66	64	33	103	12	62	122	56	83	91	44	
82	40	92	118	53	71	18	71	56	140	137	43	
38	21	19	41	43	20	48	47	48	41	42	57	
96	43	97	80	138	52	71	136	25	84	49	74	
47	45	73	48	44	18	10	51	61	47	54	37	
10	15	17	11	14	15	10	9	10	7	3	6	
48	80	72	44	54	77	35	63	79	41	34	61	
84	55	66	114	80	75	99	102	50	90	102	133	
41	59	30	64	50	20	4	74	41	22	32	38	
64	39	66	94	37	32	83	74	64	67	60	38	
12	7	11	13	8	5	5	13	13	16	15	11	
44	44	26	64	23	31	28	58	41	61	30	51	
11	9	6	8	7	15	0	11	14	10	17	12	
17	17	20	7	8	1	18	28	23	8	27	15	
63	58	52	33	109	93	59	85	44	65	82	87	
67	105	54	73	85	34	77	93	27	61	83	87	
73	103	105	112	121	78	19	64	131	45	125	86	
24	16	27	24	28	3	17	18	27	12	30	27	
17	14	21	13	31	15	12	20	17	21	16	25	
25	36	37	17	21	20	32	16	2	28	21	11	
29	35	23	31	41	4	38	22	27	22	22	26	
98	90	28	52	109	99	76	140	92	138	92	85	
66	22	53	109	54	48	41	37	44	51	79	56	
42	35	29	63	43	24	71	37	75	2	28	29	
44	38	32	53	51	69	35	10	77	40	45	14	
37	21	18	69	20	5	50	11	33	45	56	36	
44	8	38	58	28	74	47	29	64	57	45	48	
41	43	27	29	23	39	45	21	65	24	42	60	
31	31	39	30	11	52	44	38	20	23	9	27	
50	46	43	35	46	47	25	90	19	42	84	61	
23	22	23	19	23	8	6	23	17	31	28	13	
91	70	63	49	97	101	107	24	110	114	94	98	
73	59	48	17	45	132	113	120	73	43	86	43	
61	51	38	47	45	57	95	84	93	60	86	40	
48	36	22	40	78	46	81	31	61	47	59	73	
73	106	105	80	99	60	62	80	113	104	105	81	
27	24	23	21	32	10	35	12	17	39	26	19	
89	72	77	76	82	50	92	79	124	71	42	104	
68	16	64	81	86	125	34	70	26	65	69	118	
99	145	105	177	24	161	139	43	150	102	107	40	
32	58	22	26	46	14	50	28	51	26	4	37	
46	63	70	56	17	64	50	57	42	48	43	52	
93	64	156	63	80	107	72	89	169	73	70	96	
38	43	32	30	65	64	21	13	42	16	51	51	
94	97	90	107	109	121	84	79	44	93	53	113	
83	83	17	65	99	138	83	95	96	139	94	70	
33	54	29	39	28	28	23	23	49	35	47	20	
98	126	36	118	111	88	58	124	117	142	131	86	
13	14	7	12	18	21	7	13	7	4	19	16	
39	41	39	37	54	61	47	41	57	33	46	31	
39	16	40	44	51	59	34	63	36	25	31	1	
51	75	66	57	51	39	65	36	72	52	26	48	
25	27	22	32	19	24	27	27	12	45	31	12	
26	38	10	48	27	37	19	25	37	14	24	16	
12	9	8	16	10	18	15	15	5	10	9	12	
43	42	25	23	28	37	52	54	28	72	2	55	
71	81	44	128	49	95	46	87	130	101	21	81	
37	16	40	48	28	36	42	38	17	36	21	26	
95	155	35	73	55	108	164	144	91	16	103	94	
95	93	140	35	105	50	89	71	69	99	38	53	
14	15	12	20	18	11	9	10	5	9	17	7	
48	52	58	27	48	73	41	43	37	65	57	12	
40	56	50	22	42	42	63	34	11	41	8	36	
23	20	28	18	21	18	32	27	30	20	31	25	
95	66	76	14	175	98	74	48	134	81	49	60	
Distance matrix
0	20	16	24	41	48.5	71.5	50.5	30.5	65	61.5	8	43.5	5	45	30	21	21	85	54	42.5	48	41.5	46.5	65.5	33	28	22	59	34.5	36	33	21	8	53.5	76	91.5	48.5	69.5	81	31.5	48	26.5	83.5	4	76	40	72.5	33	59	6.5	42	52.5	36	60.5	36.5	62	71.5	61.5	42.5	34.5	90.5	61	79	56.5	66.5	97	33.5	61	59.5	31	81.5	49	76.5	102.5	39	
20	0	16	34	41	46.5	53.5	50.5	30.5	65	43.5	18	43.5	25	25	10	39	1	85	54	32.5	42	23.5	28.5	65.5	33	28	38	59	30.5	36	33	1	28	51.5	74	73.5	48.5	65.5	69	28.5	48	26.5	83.5	24	64	40	72.5	33	59	21.5	42	52.5	16	60.5	23.5	48	53.5	61.5	42.5	34.5	74.5	61	61	38.5	58.5	83	33.5	59	59.5	31	81.5	49	58.5	82.5	31	
16	16	0	30	27	34.5	57.5	36.5	21.5	51	47.5	14	29.5	21	29	26	37	17	71	40	28.5	34	32.5	32.5	51.5	19	14	38	45	25.5	22	19	17	24	39.5	62	77.5	34.5	55.5	67	42.5	34	12.5	69.5	20	62	26	58.5	17	45	17.5	28	38.5	32	46.5	37.5	48	57.5	47.5	28.5	20.5	76.5	47	65	42.5	52.5	83	19.5	47	45.5	17	67.5	35	62.5	86.5	23	
24	34	30	0	55	42.5	49.5	64.5	30.5	71	39.5	16	57.5	29	21	26	25	35	91	52	28.5	38	19.5	24.5	79.5	47	42	24	73	26.5	50	43	35	32	47.5	70	69.5	62.5	61.5	65	14.5	48	40.5	87.5	28	60	46	86.5	33	73	25.5	56	48.5	20	70.5	14.5	44	49.5	69.5	56.5	46.5	70.5	75	57	34.5	54.5	79	47.5	55	73.5	45	79.5	57	54.5	78.5	27	
41	41	27	55	0	30.5	32.5	31.5	46.5	46	22.5	39	24.5	46	34	49	58	42	66	35	36.5	31	37.5	32.5	46.5	24	19	57	40	44.5	17	34	42	49	30.5	53	52.5	29.5	44.5	48	47.5	7	22.5	64.5	45	43	31	53.5	44	40	42.5	23	31.5	43	41.5	42.5	27	32.5	42.5	23.5	30.5	53.5	42	40	22.5	37.5	62	29.5	38	40.5	10	62.5	30	37.5	61.5	40	
48.5	46.5	34.5	42.5	30.5	0	25	44	36	46.5	15	46.5	37	53.5	21.5	36.5	45.5	45.5	66.5	27.5	24	18.5	25	20	59	31.5	26.5	44.5	52.5	32	29.5	33.5	45.5	56.5	23	45.5	45	42	37	40.5	35	23.5	30	63	52.5	35.5	26.5	64	33.5	52.5	50	35.5	24	30.5	46	30	19.5	25	45	34	32	46	50.5	32.5	8	30	54.5	33	30.5	53	24.5	55	32.5	30	54	27.5	
71.5	53.5	57.5	49.5	32.5	25	0	21	43	23.5	12	65.5	30	68.5	28.5	43.5	52.5	52.5	43.5	19.5	31	25.5	32	27	38	40.5	45.5	51.5	39.5	39	37.5	40.5	52.5	65.5	20	22.5	22	23	14	17.5	42	25.5	47	40	69.5	12.5	33.5	41	40.5	29.5	67	31.5	21	37.5	23	37	11.5	0	22	31	39	23	27.5	9.5	17	5	31.5	40	12.5	44	42.5	32	24.5	7	31	34.5	
50.5	50.5	36.5	64.5	31.5	44	21	0	56	30.5	33	48.5	19	55.5	49.5	60.5	71.5	51.5	50.5	34.5	52	46.5	53	48	31	33.5	28.5	72.5	24.5	60	16.5	43.5	51.5	58.5	39	41.5	43	2	35	38.5	63	38.5	32	49	54.5	33.5	40.5	38	53.5	24.5	52	12.5	38	58.5	26	58	32.5	21	27	28	40	44	26.5	30.5	38	16	52.5	39	31.5	25	21.5	47	29.5	28	52	55.5	
30.5	30.5	21.5	30.5	46.5	36	43	56	0	64.5	33	28.5	49	35.5	14.5	24.5	33.5	31.5	84.5	45.5	22	31.5	11	18	71	38.5	33.5	32.5	64.5	4	41.5	36.5	31.5	38.5	41	63.5	63	54	55	58.5	23	41.5	32	81	34.5	53.5	39.5	78	26.5	64.5	32	47.5	42	18.5	64	18	37.5	43	63	48	40	64	66.5	50.5	28	48	72.5	39	48.5	65	36.5	73	50.5	48	72	20.5	
65	65	51	71	46	46.5	23.5	30.5	64.5	0	33.5	63	33.5	70	50	65	74	66	50	41	52.5	47	53.5	48.5	30.5	48	43	73	24	60.5	31	58	66	73	41.5	29	28.5	28.5	25.5	24	63.5	47	46.5	46.5	69	11	55	37.5	62	6	66.5	27	42.5	59	30.5	58.5	33	23.5	31.5	42.5	54.5	29.5	4	14	38.5	28.5	38	53.5	34	24.5	36	38.5	44	18.5	37.5	56	
61.5	43.5	47.5	39.5	22.5	15	12	33	33	33.5	0	55.5	30	58.5	18.5	33.5	42.5	42.5	53.5	14.5	21	15.5	22	17	48	30.5	35.5	41.5	49.5	29	32.5	30.5	42.5	55.5	8	32.5	32	35	24	27.5	32	15.5	37	50	59.5	22.5	23.5	51	30.5	39.5	57	36.5	9	27.5	33	27	6.5	12	32	19	29	33	37.5	19.5	7	17	41.5	30	17.5	54	32.5	42	19.5	17	41	24.5	
8	18	14	16	39	46.5	65.5	48.5	28.5	63	55.5	0	41.5	13	37	28	29	19	83	52	40.5	46	35.5	40.5	63.5	31	26	30	57	32.5	34	31	19	16	51.5	74	85.5	46.5	67.5	79	30.5	46	24.5	81.5	12	74	38	70.5	31	57	9.5	40	50.5	34	58.5	30.5	60	65.5	59.5	40.5	32.5	86.5	59	73	50.5	64.5	95	31.5	59	57.5	29	79.5	47	70.5	94.5	37	
43.5	43.5	29.5	57.5	24.5	37	30	19	49	33.5	30	41.5	0	48.5	46.5	53.5	64.5	44.5	53.5	27.5	49	41.5	50	45	34	26.5	21.5	65.5	27.5	53	9.5	36.5	44.5	51.5	32	44.5	50	17	38	45.5	60	31.5	25	52	47.5	40.5	33.5	41	46.5	27.5	45	10.5	31	55.5	29	55	29.5	30	30	21	33	51	29.5	37.5	35	35	59.5	32	29.5	28	14.5	50	22.5	35	59	52.5	
5	25	21	29	46	53.5	68.5	55.5	35.5	70	58.5	13	48.5	0	40	35	16	26	90	59	47.5	53	38.5	43.5	70.5	38	33	17	64	39.5	41	38	26	3	58.5	81	88.5	53.5	74.5	84	28.5	53	31.5	88.5	1	79	45	77.5	38	64	11.5	47	57.5	39	65.5	33.5	63	68.5	66.5	47.5	39.5	89.5	66	76	53.5	71.5	98	38.5	66	64.5	36	86.5	54	73.5	97.5	44	
45	25	29	21	34	21.5	28.5	49.5	14.5	50	18.5	37	46.5	40	0	15	24	24	70	31	7.5	17	3.5	3.5	64.5	32	37	23	66	10.5	49	22	24	37	26.5	49	48.5	51.5	40.5	44	13.5	27	33.5	66.5	41	39	25	67.5	12	56	38.5	53	27.5	9	49.5	8.5	23	28.5	48.5	37.5	25.5	49.5	54	36	13.5	33.5	58	26.5	34	70.5	44	58.5	36	33.5	57.5	6	
30	10	26	26	49	36.5	43.5	60.5	24.5	65	33.5	28	53.5	35	15	0	29	9	85	46	22.5	32	13.5	18.5	75.5	43	38	28	69	20.5	46	37	9	38	41.5	64	63.5	58.5	55.5	59	18.5	42	36.5	81.5	34	54	40	82.5	27	69	31.5	52	42.5	6	64.5	13.5	38	43.5	63.5	52.5	40.5	64.5	69	51	28.5	48.5	73	41.5	49	69.5	41	73.5	51	48.5	72.5	21	
21	39	37	25	58	45.5	52.5	71.5	33.5	74	42.5	29	64.5	16	24	29	0	38	94	55	31.5	41	22.5	27.5	86.5	54	49	1	80	29.5	57	46	38	13	50.5	73	72.5	69.5	64.5	68	12.5	51	47.5	90.5	17	63	49	91.5	36	80	27.5	63	51.5	23	73.5	17.5	47	52.5	72.5	61.5	49.5	73.5	78	60	37.5	57.5	82	50.5	58	80.5	52	82.5	60	57.5	81.5	30	
21	1	17	35	42	45.5	52.5	51.5	31.5	66	42.5	19	44.5	26	24	9	38	0	86	55	31.5	41	22.5	27.5	66.5	34	29	37	60	29.5	37	34	0	29	50.5	73	72.5	49.5	64.5	68	27.5	49	27.5	84.5	25	63	41	73.5	34	60	22.5	43	51.5	15	61.5	22.5	47	52.5	62.5	43.5	35.5	73.5	62	60	37.5	57.5	82	34.5	58	60.5	32	82.5	50	57.5	81.5	30	
85	85	71	91	66	66.5	43.5	50.5	84.5	50	53.5	83	53.5	90	70	85	94	86	0	61	72.5	67	73.5	68.5	35.5	68	63	93	34	80.5	51	78	86	93	61.5	39	23.5	48.5	45.5	34	83.5	67	66.5	31.5	89	39	75	32.5	82	44	86.5	47	62.5	79	50.5	78.5	53	43.5	51.5	62.5	74.5	24.5	46	36	58.5	48.5	12	73.5	54	29.5	56	33.5	64	38.5	17.5	76	
54	54	40	52	35	27.5	19.5	34.5	45.5	41	14.5	52	27.5	59	31	46	55	55	61	0	33.5	28	34.5	29.5	49.5	37	32	54	43	41.5	18	43	55	62	22.5	40	39.5	32.5	31.5	35	44.5	28	35.5	57.5	58	30	36	56.5	43	43	55.5	26	23.5	40	40.5	39.5	8	19.5	39.5	31.5	41.5	40.5	45	27	19.5	24.5	49	42.5	25	43.5	25	49.5	5	24.5	48.5	37	
42.5	32.5	28.5	28.5	36.5	24	31	52	22	52.5	21	40.5	49	47.5	7.5	22.5	31.5	31.5	72.5	33.5	0	19.5	11	4	67	34.5	35.5	30.5	66.5	18	43.5	24.5	31.5	44.5	29	51.5	51	54	43	46.5	21	29.5	34	69	46.5	41.5	27.5	70	19.5	58.5	44	49.5	30	16.5	52	16	25.5	31	51	40	28	52	56.5	38.5	16	36	60.5	29	36.5	67	38.5	61	38.5	36	60	13.5	
48	42	34	38	31	18.5	25.5	46.5	31.5	47	15.5	46	41.5	53	17	32	41	41	67	28	19.5	0	20.5	15.5	61.5	15	20	40	57	27.5	34	29	41	54	23.5	46	45.5	46.5	37.5	41	30.5	24	29.5	63.5	52	36	8	64.5	29	53	49.5	40	24.5	26	46.5	25.5	20	25.5	45.5	34.5	27.5	46.5	51	33	10.5	30.5	55	28.5	31	57.5	29	55.5	33	30.5	54.5	23	
41.5	23.5	32.5	19.5	37.5	25	32	53	11	53.5	22	35.5	50	38.5	3.5	13.5	22.5	22.5	73.5	34.5	11	20.5	0	7	68	35.5	40.5	21.5	69.5	7	52.5	25.5	22.5	35.5	30	52.5	52	55	44	47.5	12	30.5	37	70	39.5	42.5	28.5	71	15.5	59.5	37	56.5	31	7.5	53	7	26.5	32	52	41	29	53	57.5	39.5	17	37	61.5	30	37.5	74	47.5	62	39.5	37	61	9.5	
46.5	28.5	32.5	24.5	32.5	20	27	48	18	48.5	17	40.5	45	43.5	3.5	18.5	27.5	27.5	68.5	29.5	4	15.5	7	0	63	30.5	35.5	26.5	64.5	14	47.5	20.5	27.5	40.5	25	47.5	47	50	39	42.5	17	25.5	32	65	44.5	37.5	23.5	66	15.5	54.5	42	51.5	26	12.5	48	12	21.5	27	47	36	24	48	52.5	34.5	12	32	56.5	25	32.5	69	42.5	57	34.5	32	56	9.5	
65.5	65.5	51.5	79.5	46.5	59	38	31	71	30.5	48	63.5	34	70.5	64.5	75.5	86.5	66.5	35.5	49.5	67	61.5	68	63	0	48.5	43.5	87.5	14.5	75	31.5	58.5	66.5	73.5	54	31.5	28	29	40	28.5	78	53.5	47	34	69.5	33.5	55.5	23	68.5	24.5	67	27.5	53	73.5	31	73	47.5	38	32	43	55	29	26.5	30.5	53	43	37.5	54	46.5	6	36.5	32	44.5	33	37	70.5	
33	33	19	47	24	31.5	40.5	33.5	38.5	48	30.5	31	26.5	38	32	43	54	34	68	37	34.5	15	35.5	30.5	48.5	0	5	55	42	42.5	19	26	34	41	36.5	59	60.5	31.5	52.5	56	45.5	31	14.5	66.5	37	51	7	55.5	36	42	34.5	25	35.5	41	43.5	40.5	35	40.5	44.5	25.5	22.5	61.5	44	48	25.5	45.5	70	21.5	44	42.5	14	64.5	32	45.5	69.5	38	
28	28	14	42	19	26.5	45.5	28.5	33.5	43	35.5	26	21.5	33	37	38	49	29	63	32	35.5	20	40.5	35.5	43.5	5	0	50	37	37.5	14	21	29	36	31.5	54	65.5	26.5	47.5	59	50.5	26	9.5	61.5	32	54	12	50.5	31	37	29.5	20	30.5	44	38.5	45.5	40	45.5	39.5	20.5	17.5	66.5	39	53	30.5	44.5	75	16.5	39	37.5	9	59.5	27	50.5	74.5	37	
22	38	38	24	57	44.5	51.5	72.5	32.5	73	41.5	30	65.5	17	23	28	1	37	93	54	30.5	40	21.5	26.5	87.5	55	50	0	81	28.5	58	45	37	14	49.5	72	71.5	70.5	63.5	67	11.5	50	48.5	89.5	18	62	48	90.5	35	79	28.5	64	50.5	22	72.5	16.5	46	51.5	71.5	60.5	48.5	72.5	77	59	36.5	56.5	81	49.5	57	81.5	53	81.5	59	56.5	80.5	29	
59	59	45	73	40	52.5	39.5	24.5	64.5	24	49.5	57	27.5	64	66	69	80	60	34	43	66.5	57	69.5	64.5	14.5	42	37	81	0	68.5	25	52	60	67	47.5	17	34.5	22.5	33.5	22	79.5	47	40.5	32.5	63	35	49	21.5	62	18	60.5	21	46.5	75	24.5	74.5	49	39.5	25.5	36.5	48.5	35.5	20	32	54.5	40.5	44	47.5	40	8.5	30	30.5	38	34.5	43.5	68	
34.5	30.5	25.5	26.5	44.5	32	39	60	4	60.5	29	32.5	53	39.5	10.5	20.5	29.5	29.5	80.5	41.5	18	27.5	7	14	75	42.5	37.5	28.5	68.5	0	45.5	32.5	29.5	42.5	37	59.5	59	58	51	54.5	19	37.5	36	77	38.5	49.5	35.5	78	22.5	66.5	36	51.5	38	14.5	60	14	33.5	39	59	48	36	60	64.5	46.5	24	44	68.5	37	44.5	69	40.5	69	46.5	44	68	16.5	
36	36	22	50	17	29.5	37.5	16.5	41.5	31	32.5	34	9.5	41	49	46	57	37	51	18	43.5	34	52.5	47.5	31.5	19	14	58	25	45.5	0	29	37	44	24.5	42	57.5	14.5	35.5	47	62.5	24	17.5	49.5	40	42	26	38.5	39	25	37.5	8	23.5	52	26.5	57.5	26	37.5	27.5	13.5	25.5	56.5	27	45	37.5	32.5	63	24.5	27	25.5	7	47.5	13	42.5	66.5	45	
33	33	19	43	34	33.5	40.5	43.5	36.5	58	30.5	31	36.5	38	22	37	46	34	78	43	24.5	29	25.5	20.5	58.5	26	21	45	52	32.5	29	0	34	41	38.5	61	60.5	41.5	52.5	56	35.5	39	19.5	76.5	37	51	33	65.5	34	52	34.5	35	39.5	31	53.5	30.5	35	40.5	54.5	35.5	27.5	61.5	54	48	25.5	45.5	70	26.5	46	52.5	24	70.5	42	45.5	69.5	28	
21	1	17	35	42	45.5	52.5	51.5	31.5	66	42.5	19	44.5	26	24	9	38	0	86	55	31.5	41	22.5	27.5	66.5	34	29	37	60	29.5	37	34	0	29	50.5	73	72.5	49.5	64.5	68	27.5	49	27.5	84.5	25	63	41	73.5	34	60	22.5	43	51.5	15	61.5	22.5	47	52.5	62.5	43.5	35.5	73.5	62	60	37.5	57.5	82	34.5	58	60.5	32	82.5	50	57.5	81.5	30	
8	28	24	32	49	56.5	65.5	58.5	38.5	73	55.5	16	51.5	3	37	38	13	29	93	62	44.5	54	35.5	40.5	73.5	41	36	14	67	42.5	44	41	29	0	61.5	84	85.5	56.5	77.5	81	25.5	56	34.5	91.5	4	76	48	80.5	41	67	14.5	50	60.5	36	68.5	30.5	60	65.5	69.5	50.5	42.5	86.5	69	73	50.5	70.5	95	41.5	69	67.5	39	89.5	57	70.5	94.5	43	
53.5	51.5	39.5	47.5	30.5	23	20	39	41	41.5	8	51.5	32	58.5	26.5	41.5	50.5	50.5	61.5	22.5	29	23.5	30	25	54	36.5	31.5	49.5	47.5	37	24.5	38.5	50.5	61.5	0	40.5	40	37	32	35.5	40	23.5	35	58	57.5	30.5	31.5	59	38.5	47.5	55	30.5	1	35.5	41	35	14.5	20	40	11	37	41	45.5	27.5	15	25	49.5	38	25.5	48	24.5	50	27.5	25	49	32.5	
76	74	62	70	53	45.5	22.5	41.5	63.5	29	32.5	74	44.5	81	49	64	73	73	39	40	51.5	46	52.5	47.5	31.5	59	54	72	17	59.5	42	61	73	84	40.5	0	17.5	39.5	24.5	5	62.5	46	57.5	35.5	80	18	54	36.5	61	35	77.5	38	41.5	58	33.5	57.5	32	22.5	32.5	51.5	59.5	18.5	33	15	37.5	27.5	27	60.5	33	25.5	47	27.5	45	17.5	26.5	55	
91.5	73.5	77.5	69.5	52.5	45	22	43	63	28.5	32	85.5	50	88.5	48.5	63.5	72.5	72.5	23.5	39.5	51	45.5	52	47	28	60.5	65.5	71.5	34.5	59	57.5	60.5	72.5	85.5	40	17.5	0	45	24	12.5	62	45.5	67	20	89.5	17.5	53.5	19	60.5	34.5	87	51.5	41	57.5	33	57	31.5	22	32	51	59	1	32.5	14.5	37	27	11.5	60	32.5	34	62.5	10	44.5	17	11	54.5	
48.5	48.5	34.5	62.5	29.5	42	23	2	54	28.5	35	46.5	17	53.5	51.5	58.5	69.5	49.5	48.5	32.5	54	46.5	55	50	29	31.5	26.5	70.5	22.5	58	14.5	41.5	49.5	56.5	37	39.5	45	0	33	40.5	65	36.5	30	47	52.5	35.5	38.5	36	51.5	22.5	50	10.5	36	60.5	24	60	34.5	23	25	26	38	46	24.5	32.5	40	18	54.5	37	29.5	23	19.5	45	27.5	30	54	57.5	
69.5	65.5	55.5	61.5	44.5	37	14	35	55	25.5	24	67.5	38	74.5	40.5	55.5	64.5	64.5	45.5	31.5	43	37.5	44	39	40	52.5	47.5	63.5	33.5	51	35.5	52.5	64.5	77.5	32	24.5	24	33	0	19.5	54	37.5	51	42	73.5	14.5	45.5	43	52.5	31.5	71	31.5	33	49.5	9	49	23.5	14	8	43	51	25	29.5	11.5	29	19	33.5	52	24.5	34	40.5	34	36.5	7	33	46.5	
81	69	67	65	48	40.5	17.5	38.5	58.5	24	27.5	79	45.5	84	44	59	68	68	34	35	46.5	41	47.5	42.5	28.5	56	59	67	22	54.5	47	56	68	81	35.5	5	12.5	40.5	19.5	0	57.5	41	62.5	30.5	85	13	49	31.5	56	30	82.5	43	36.5	53	28.5	52.5	27	17.5	27.5	46.5	54.5	13.5	28	10	32.5	22.5	22	55.5	28	30.5	52	22.5	40	12.5	21.5	50	
31.5	28.5	42.5	14.5	47.5	35	42	63	23	63.5	32	30.5	60	28.5	13.5	18.5	12.5	27.5	83.5	44.5	21	30.5	12	17	78	45.5	50.5	11.5	79.5	19	62.5	35.5	27.5	25.5	40	62.5	62	65	54	57.5	0	40.5	47	80	29.5	52.5	38.5	81	25.5	69.5	25	66.5	41	12.5	63	7	36.5	42	62	51	39	63	67.5	49.5	27	47	71.5	40	47.5	84	57.5	72	49.5	47	71	19.5	
48	48	34	48	7	23.5	25.5	38.5	41.5	47	15.5	46	31.5	53	27	42	51	49	67	28	29.5	24	30.5	25.5	53.5	31	26	50	47	37.5	24	39	49	56	23.5	46	45.5	36.5	37.5	41	40.5	0	29.5	63.5	52	36	32	60.5	39	47	49.5	30	24.5	36	46.5	35.5	20	25.5	45.5	30.5	37.5	46.5	49	33	15.5	30.5	55	36.5	31	47.5	17	55.5	33	30.5	54.5	33	
26.5	26.5	12.5	40.5	22.5	30	47	32	32	46.5	37	24.5	25	31.5	33.5	36.5	47.5	27.5	66.5	35.5	34	29.5	37	32	47	14.5	9.5	48.5	40.5	36	17.5	19.5	27.5	34.5	35	57.5	67	30	51	62.5	47	29.5	0	65	30.5	57.5	21.5	54	29.5	40.5	28	23.5	34	42.5	42	42	41.5	47	43	24	8	68	42.5	54.5	32	48	76.5	7	42.5	41	12.5	63	30.5	52	76	35.5	
83.5	83.5	69.5	87.5	64.5	63	40	49	81	46.5	50	81.5	52	88.5	66.5	81.5	90.5	84.5	31.5	57.5	69	63.5	70	65	34	66.5	61.5	89.5	32.5	77	49.5	76.5	84.5	91.5	58	35.5	20	47	42	30.5	80	63.5	65	0	87.5	35.5	71.5	31	78.5	42.5	85	45.5	59	75.5	49	75	49.5	40	50	61	73	21	44.5	32.5	55	45	19.5	72	50.5	28	54.5	30	62.5	35	19	72.5	
4	24	20	28	45	52.5	69.5	54.5	34.5	69	59.5	12	47.5	1	41	34	17	25	89	58	46.5	52	39.5	44.5	69.5	37	32	18	63	38.5	40	37	25	4	57.5	80	89.5	52.5	73.5	85	29.5	52	30.5	87.5	0	80	44	76.5	37	63	10.5	46	56.5	40	64.5	34.5	64	69.5	65.5	46.5	38.5	90.5	65	77	54.5	70.5	99	37.5	65	63.5	35	85.5	53	74.5	98.5	43	
76	64	62	60	43	35.5	12.5	33.5	53.5	11	22.5	74	40.5	79	39	54	63	63	39	30	41.5	36	42.5	37.5	33.5	51	54	62	35	49.5	42	51	63	76	30.5	18	17.5	35.5	14.5	13	52.5	36	57.5	35.5	80	0	44	36.5	51	17	77.5	38	31.5	48	23.5	47.5	22	12.5	22.5	41.5	49.5	18.5	15	3	27.5	17.5	27	50.5	23	35.5	47	27.5	35	7.5	26.5	45	
40	40	26	46	31	26.5	33.5	40.5	39.5	55	23.5	38	33.5	45	25	40	49	41	75	36	27.5	8	28.5	23.5	55.5	7	12	48	49	35.5	26	33	41	48	31.5	54	53.5	38.5	45.5	49	38.5	32	21.5	71.5	44	44	0	62.5	37	49	41.5	32	32.5	34	50.5	33.5	28	33.5	51.5	32.5	29.5	54.5	51	41	18.5	38.5	63	28.5	39	49.5	21	63.5	39	38.5	62.5	31	
72.5	72.5	58.5	86.5	53.5	64	41	38	78	37.5	51	70.5	41	77.5	67.5	82.5	91.5	73.5	32.5	56.5	70	64.5	71	66	23	55.5	50.5	90.5	21.5	78	38.5	65.5	73.5	80.5	59	36.5	19	36	43	31.5	81	60.5	54	31	76.5	36.5	62.5	0	75.5	31.5	74	34.5	60	76.5	38	76	50.5	41	39	50	62	18	33.5	33.5	56	46	30.5	61	51.5	17	43.5	9	51.5	36	30	73.5	
33	33	17	33	44	33.5	40.5	53.5	26.5	62	30.5	31	46.5	38	12	27	36	34	82	43	19.5	29	15.5	15.5	68.5	36	31	35	62	22.5	39	34	34	41	38.5	61	60.5	51.5	52.5	56	25.5	39	29.5	78.5	37	51	37	75.5	0	62	34.5	45	39.5	21	61.5	20.5	35	40.5	60.5	45.5	37.5	61.5	64	48	25.5	45.5	70	36.5	46	62.5	34	70.5	48	45.5	69.5	6	
59	59	45	73	40	52.5	29.5	24.5	64.5	6	39.5	57	27.5	64	56	69	80	60	44	43	58.5	53	59.5	54.5	24.5	42	37	79	18	66.5	25	52	60	67	47.5	35	34.5	22.5	31.5	30	69.5	47	40.5	42.5	63	17	49	31.5	62	0	60.5	21	46.5	65	24.5	64.5	39	29.5	25.5	36.5	48.5	35.5	2	20	44.5	34.5	44	47.5	40	18.5	30	40.5	38	24.5	43.5	62	
6.5	21.5	17.5	25.5	42.5	50	67	52	32	66.5	57	9.5	45	11.5	38.5	31.5	27.5	22.5	86.5	55.5	44	49.5	37	42	67	34.5	29.5	28.5	60.5	36	37.5	34.5	22.5	14.5	55	77.5	87	50	71	82.5	25	49.5	28	85	10.5	77.5	41.5	74	34.5	60.5	0	43.5	54	37.5	62	32	61.5	67	63	44	36	88	62.5	74.5	52	68	96.5	35	62.5	61	32.5	83	50.5	72	96	40.5	
42	42	28	56	23	35.5	31.5	12.5	47.5	27	36.5	40	10.5	47	53	52	63	43	47	26	49.5	40	56.5	51.5	27.5	25	20	64	21	51.5	8	35	43	50	30.5	38	51.5	10.5	31.5	43	66.5	30	23.5	45.5	46	38	32	34.5	45	21	43.5	0	29.5	58	22.5	61.5	34	31.5	23.5	19.5	31.5	52.5	23	39	41.5	28.5	59	30.5	19	21.5	13	43.5	21	36.5	60.5	51	
52.5	52.5	38.5	48.5	31.5	24	21	38	42	42.5	9	50.5	31	57.5	27.5	42.5	51.5	51.5	62.5	23.5	30	24.5	31	26	53	35.5	30.5	50.5	46.5	38	23.5	39.5	51.5	60.5	1	41.5	41	36	33	36.5	41	24.5	34	59	56.5	31.5	32.5	60	39.5	46.5	54	29.5	0	36.5	42	36	15.5	21	41	10	38	42	46.5	28.5	16	26	50.5	39	26.5	47	23.5	51	28.5	26	50	33.5	
36	16	32	20	43	30.5	37.5	58.5	18.5	59	27.5	34	55.5	39	9	6	23	15	79	40	16.5	26	7.5	12.5	73.5	41	44	22	75	14.5	52	31	15	36	35.5	58	57.5	60.5	49.5	53	12.5	36	42.5	75.5	40	48	34	76.5	21	65	37.5	58	36.5	0	58.5	7.5	32	37.5	57.5	46.5	34.5	58.5	63	45	22.5	42.5	67	35.5	43	75.5	47	67.5	45	42.5	66.5	15	
60.5	60.5	46.5	70.5	41.5	46	23	26	64	30.5	33	58.5	29	65.5	49.5	64.5	73.5	61.5	50.5	40.5	52	46.5	53	48	31	43.5	38.5	72.5	24.5	60	26.5	53.5	61.5	68.5	41	33.5	33	24	9	28.5	63	46.5	42	49	64.5	23.5	50.5	38	61.5	24.5	62	22.5	42	58.5	0	58	32.5	23	1	38	50	34	26.5	20.5	38	28	42.5	49	33.5	25	31.5	43	39.5	16	42	55.5	
36.5	23.5	37.5	14.5	42.5	30	37	58	18	58.5	27	30.5	55	33.5	8.5	13.5	17.5	22.5	78.5	39.5	16	25.5	7	12	73	40.5	45.5	16.5	74.5	14	57.5	30.5	22.5	30.5	35	57.5	57	60	49	52.5	7	35.5	42	75	34.5	47.5	33.5	76	20.5	64.5	32	61.5	36	7.5	58	0	31.5	37	57	46	34	58	62.5	44.5	22	42	66.5	35	42.5	79	52.5	67	44.5	42	66	14.5	
62	48	48	44	27	19.5	11.5	32.5	37.5	33	6.5	60	29.5	63	23	38	47	47	53	8	25.5	20	26.5	21.5	47.5	35	40	46	49	33.5	26	35	47	60	14.5	32	31.5	34.5	23.5	27	36.5	20	41.5	49.5	64	22	28	50.5	35	39	61.5	34	15.5	32	32.5	31.5	0	11.5	31.5	25.5	33.5	32.5	37	19	11.5	16.5	41	34.5	17	51.5	33	41.5	13	16.5	40.5	29	
71.5	53.5	57.5	49.5	32.5	25	0	21	43	23.5	12	65.5	30	68.5	28.5	43.5	52.5	52.5	43.5	19.5	31	25.5	32	27	38	40.5	45.5	51.5	39.5	39	37.5	40.5	52.5	65.5	20	22.5	22	23	14	17.5	42	25.5	47	40	69.5	12.5	33.5	41	40.5	29.5	67	31.5	21	37.5	23	37	11.5	0	22	31	39	23	27.5	9.5	17	5	31.5	40	12.5	44	42.5	32	24.5	7	31	34.5	
61.5	61.5	47.5	69.5	42.5	45	22	27	63	31.5	32	59.5	30	66.5	48.5	63.5	72.5	62.5	51.5	39.5	51	45.5	52	47	32	44.5	39.5	71.5	25.5	59	27.5	54.5	62.5	69.5	40	32.5	32	25	8	27.5	62	45.5	43	50	65.5	22.5	51.5	39	60.5	25.5	63	23.5	41	57.5	1	57	31.5	22	0	39	51	33	27.5	19.5	37	27	41.5	50	32.5	26	32.5	42	40.5	15	41	54.5	
42.5	42.5	28.5	56.5	23.5	34	31	28	48	42.5	19	40.5	21	47.5	37.5	52.5	61.5	43.5	62.5	31.5	40	34.5	41	36	43	25.5	20.5	60.5	36.5	48	13.5	35.5	43.5	50.5	11	51.5	51	26	43	46.5	51	30.5	24	61	46.5	41.5	32.5	50	45.5	36.5	44	19.5	10	46.5	38	46	25.5	31	39	0	32	52	38.5	38.5	26	36	60.5	31	36.5	37	13.5	59	26.5	36	60	43.5	
34.5	34.5	20.5	46.5	30.5	32	39	40	40	54.5	29	32.5	33	39.5	25.5	40.5	49.5	35.5	74.5	41.5	28	27.5	29	24	55	22.5	17.5	48.5	48.5	36	25.5	27.5	35.5	42.5	37	59.5	59	38	51	54.5	39	37.5	8	73	38.5	49.5	29.5	62	37.5	48.5	36	31.5	38	34.5	50	34	33.5	39	51	32	0	60	50.5	46.5	24	44	68.5	1	44.5	49	20.5	69	38.5	44	68	31.5	
90.5	74.5	76.5	70.5	53.5	46	23	44	64	29.5	33	86.5	51	89.5	49.5	64.5	73.5	73.5	24.5	40.5	52	46.5	53	48	29	61.5	66.5	72.5	35.5	60	56.5	61.5	73.5	86.5	41	18.5	1	46	25	13.5	63	46.5	68	21	90.5	18.5	54.5	18	61.5	35.5	88	52.5	42	58.5	34	58	32.5	23	33	52	60	0	33.5	15.5	38	28	12.5	61	33.5	35	61.5	9	45.5	18	12	55.5	
61	61	47	75	42	50.5	27.5	26.5	66.5	4	37.5	59	29.5	66	54	69	78	62	46	45	56.5	51	57.5	52.5	26.5	44	39	77	20	64.5	27	54	62	69	45.5	33	32.5	24.5	29.5	28	67.5	49	42.5	44.5	65	15	51	33.5	64	2	62.5	23	46.5	63	26.5	62.5	37	27.5	27.5	38.5	50.5	33.5	0	18	42.5	32.5	42	49.5	38	20.5	32	42.5	40	22.5	41.5	60	
79	61	65	57	40	32.5	9.5	30.5	50.5	14	19.5	73	37.5	76	36	51	60	60	36	27	38.5	33	39.5	34.5	30.5	48	53	59	32	46.5	45	48	60	73	27.5	15	14.5	32.5	11.5	10	49.5	33	54.5	32.5	77	3	41	33.5	48	20	74.5	39	28.5	45	20.5	44.5	19	9.5	19.5	38.5	46.5	15.5	18	0	24.5	14.5	24	47.5	20	36.5	50	24.5	32	4.5	23.5	42	
56.5	38.5	42.5	34.5	22.5	8	17	38	28	38.5	7	50.5	35	53.5	13.5	28.5	37.5	37.5	58.5	19.5	16	10.5	17	12	53	25.5	30.5	36.5	54.5	24	37.5	25.5	37.5	50.5	15	37.5	37	40	29	32.5	27	15.5	32	55	54.5	27.5	18.5	56	25.5	44.5	52	41.5	16	22.5	38	22	11.5	17	37	26	24	38	42.5	24.5	0	22	46.5	25	22.5	59	32.5	47	24.5	22	46	19.5	
66.5	58.5	52.5	54.5	37.5	30	5	16	48	28.5	17	64.5	35	71.5	33.5	48.5	57.5	57.5	48.5	24.5	36	30.5	37	32	43	45.5	44.5	56.5	40.5	44	32.5	45.5	57.5	70.5	25	27.5	27	18	19	22.5	47	30.5	48	45	70.5	17.5	38.5	46	45.5	34.5	68	28.5	26	42.5	28	42	16.5	5	27	36	44	28	32.5	14.5	22	0	36.5	45	17.5	41	37.5	37	29.5	12	36	39.5	
97	83	83	79	62	54.5	31.5	52.5	72.5	38	41.5	95	59.5	98	58	73	82	82	12	49	60.5	55	61.5	56.5	37.5	70	75	81	44	68.5	63	70	82	95	49.5	27	11.5	54.5	33.5	22	71.5	55	76.5	19.5	99	27	63	30.5	70	44	96.5	59	50.5	67	42.5	66.5	41	31.5	41.5	60.5	68.5	12.5	42	24	46.5	36.5	0	69.5	42	41.5	68	21.5	54	26.5	5.5	64	
33.5	33.5	19.5	47.5	29.5	33	40	39	39	53.5	30	31.5	32	38.5	26.5	41.5	50.5	34.5	73.5	42.5	29	28.5	30	25	54	21.5	16.5	49.5	47.5	37	24.5	26.5	34.5	41.5	38	60.5	60	37	52	55.5	40	36.5	7	72	37.5	50.5	28.5	61	36.5	47.5	35	30.5	39	35.5	49	35	34.5	40	50	31	1	61	49.5	47.5	25	45	69.5	0	45.5	48	19.5	70	37.5	45	69	32.5	
61	59	47	55	38	30.5	12.5	31.5	48.5	34	17.5	59	29.5	66	34	49	58	58	54	25	36.5	31	37.5	32.5	46.5	44	39	57	40	44.5	27	46	58	69	25.5	33	32.5	29.5	24.5	28	47.5	31	42.5	50.5	65	23	39	51.5	46	40	62.5	19	26.5	43	33.5	42.5	17	12.5	32.5	36.5	44.5	33.5	38	20	22.5	17.5	42	45.5	0	40.5	32	42.5	30	17.5	41.5	40	
59.5	59.5	45.5	73.5	40.5	53	44	25	65	24.5	54	57.5	28	64.5	70.5	69.5	80.5	60.5	29.5	43.5	67	57.5	74	69	6	42.5	37.5	81.5	8.5	69	25.5	52.5	60.5	67.5	48	25.5	34	23	34	30.5	84	47.5	41	28	63.5	35.5	49.5	17	62.5	18.5	61	21.5	47	75.5	25	79	51.5	44	26	37	49	35	20.5	36.5	59	41	41.5	48	40.5	0	30.5	26	38.5	39	43	68.5	
31	31	17	45	10	24.5	42.5	21.5	36.5	36	32.5	29	14.5	36	44	41	52	32	56	25	38.5	29	47.5	42.5	36.5	14	9	53	30	40.5	7	24	32	39	24.5	47	62.5	19.5	40.5	52	57.5	17	12.5	54.5	35	47	21	43.5	34	30	32.5	13	23.5	47	31.5	52.5	33	42.5	32.5	13.5	20.5	61.5	32	50	32.5	37.5	68	19.5	32	30.5	0	52.5	20	47.5	71.5	40	
81.5	81.5	67.5	79.5	62.5	55	32	47	73	38.5	42	79.5	50	86.5	58.5	73.5	82.5	82.5	33.5	49.5	61	55.5	62	57	32	64.5	59.5	81.5	30.5	69	47.5	70.5	82.5	89.5	50	27.5	10	45	34	22.5	72	55.5	63	30	85.5	27.5	63.5	9	70.5	40.5	83	43.5	51	67.5	43	67	41.5	32	42	59	69	9	42.5	24.5	47	37	21.5	70	42.5	26	52.5	0	54.5	27	21	64.5	
49	49	35	57	30	32.5	24.5	29.5	50.5	44	19.5	47	22.5	54	36	51	60	50	64	5	38.5	33	39.5	34.5	44.5	32	27	59	38	46.5	13	42	50	57	27.5	45	44.5	27.5	36.5	40	49.5	33	30.5	62.5	53	35	39	51.5	48	38	50.5	21	28.5	45	39.5	44.5	13	24.5	40.5	26.5	38.5	45.5	40	32	24.5	29.5	54	37.5	30	38.5	20	54.5	0	29.5	53.5	42	
76.5	58.5	62.5	54.5	37.5	30	7	28	48	18.5	17	70.5	35	73.5	33.5	48.5	57.5	57.5	38.5	24.5	36	30.5	37	32	33	45.5	50.5	56.5	34.5	44	42.5	45.5	57.5	70.5	25	17.5	17	30	7	12.5	47	30.5	52	35	74.5	7.5	38.5	36	45.5	24.5	72	36.5	26	42.5	16	42	16.5	7	15	36	44	18	22.5	4.5	22	12	26.5	45	17.5	39	47.5	27	29.5	0	26	39.5	
102.5	82.5	86.5	78.5	61.5	54	31	52	72	37.5	41	94.5	59	97.5	57.5	72.5	81.5	81.5	17.5	48.5	60	54.5	61	56	37	69.5	74.5	80.5	43.5	68	66.5	69.5	81.5	94.5	49	26.5	11	54	33	21.5	71	54.5	76	19	98.5	26.5	62.5	30	69.5	43.5	96	60.5	50	66.5	42	66	40.5	31	41	60	68	12	41.5	23.5	46	36	5.5	69	41.5	43	71.5	21	53.5	26	0	63.5	
39	31	23	27	40	27.5	34.5	55.5	20.5	56	24.5	37	52.5	44	6	21	30	30	76	37	13.5	23	9.5	9.5	70.5	38	37	29	68	16.5	45	28	30	43	32.5	55	54.5	57.5	46.5	50	19.5	33	35.5	72.5	43	45	31	73.5	6	62	40.5	51	33.5	15	55.5	14.5	29	34.5	54.5	43.5	31.5	55.5	60	42	19.5	39.5	64	32.5	40	68.5	40	64.5	42	39.5	63.5	0	
