Number of items: 75
Horizon: 6
Time limit: 750
Load limit: 4500
Initial item inventory level
150
126
35
174
258
77
285
165
60
118
69
148
42
90
195
16
70
186
83
82
79
196
180
94
63
84
102
59
213
80
36
150
135
134
71
88
36
87
49
82
70
72
240
73
69
57
196
23
70
53
25
47
15
55
36
10
84
64
82
33
59
96
231
14
72
102
81
90
126
62
29
201
82
159
196
Maximum inventory capacity per item
200
189
70
261
344
154
380
220
120
177
138
222
63
135
260
32
140
248
166
123
158
294
240
188
126
168
136
118
284
160
48
225
180
201
142
132
72
116
98
123
140
108
320
146
92
76
294
46
105
106
50
94
30
110
72
20
168
96
164
66
118
192
308
28
96
153
108
120
168
93
58
268
123
212
294
Reserve storage replenishment rate per item and per period
300	0	0	300	0	0	
378	0	0	378	0	0	
210	0	0	210	0	0	
522	0	0	522	0	0	
516	0	0	516	0	0	
462	0	0	462	0	0	
570	0	0	570	0	0	
330	0	0	330	0	0	
360	0	0	360	0	0	
354	0	0	354	0	0	
414	0	0	414	0	0	
444	0	0	444	0	0	
126	0	0	126	0	0	
270	0	0	270	0	0	
390	0	0	390	0	0	
96	0	0	96	0	0	
420	0	0	420	0	0	
372	0	0	372	0	0	
498	0	0	498	0	0	
246	0	0	246	0	0	
474	0	0	474	0	0	
588	0	0	588	0	0	
360	0	0	360	0	0	
564	0	0	564	0	0	
378	0	0	378	0	0	
504	0	0	504	0	0	
204	0	0	204	0	0	
354	0	0	354	0	0	
426	0	0	426	0	0	
480	0	0	480	0	0	
72	0	0	72	0	0	
450	0	0	450	0	0	
270	0	0	270	0	0	
402	0	0	402	0	0	
426	0	0	426	0	0	
264	0	0	264	0	0	
216	0	0	216	0	0	
174	0	0	174	0	0	
294	0	0	294	0	0	
246	0	0	246	0	0	
420	0	0	420	0	0	
216	0	0	216	0	0	
480	0	0	480	0	0	
438	0	0	438	0	0	
138	0	0	138	0	0	
114	0	0	114	0	0	
588	0	0	588	0	0	
138	0	0	138	0	0	
210	0	0	210	0	0	
318	0	0	318	0	0	
150	0	0	150	0	0	
282	0	0	282	0	0	
90	0	0	90	0	0	
330	0	0	330	0	0	
216	0	0	216	0	0	
60	0	0	60	0	0	
504	0	0	504	0	0	
192	0	0	192	0	0	
492	0	0	492	0	0	
198	0	0	198	0	0	
354	0	0	354	0	0	
576	0	0	576	0	0	
462	0	0	462	0	0	
84	0	0	84	0	0	
144	0	0	144	0	0	
306	0	0	306	0	0	
162	0	0	162	0	0	
180	0	0	180	0	0	
252	0	0	252	0	0	
186	0	0	186	0	0	
174	0	0	174	0	0	
402	0	0	402	0	0	
246	0	0	246	0	0	
318	0	0	318	0	0	
588	0	0	588	0	0	
Forward storage demand rate per item and per period
50	30	79	57	73	53	
63	69	24	41	77	24	
35	52	39	61	3	49	
87	59	140	129	80	58	
86	106	34	60	103	140	
77	112	67	94	18	21	
95	40	149	84	140	105	
55	51	74	54	59	55	
60	33	65	61	42	59	
59	59	71	109	53	58	
69	24	75	16	69	72	
74	93	59	108	136	60	
21	25	22	26	13	17	
45	35	38	42	14	53	
65	104	64	71	49	71	
16	17	12	9	9	14	
70	50	27	80	74	29	
62	103	90	88	64	77	
83	147	117	52	21	86	
41	44	7	48	17	61	
79	65	70	88	99	59	
98	149	105	108	63	134	
60	96	70	66	51	68	
94	158	77	136	116	150	
63	71	55	60	55	100	
84	78	35	106	69	77	
34	37	31	45	29	16	
59	56	64	98	94	48	
71	65	65	40	72	44	
80	67	138	50	78	55	
12	10	9	14	6	9	
75	105	102	97	110	94	
45	31	59	59	31	46	
67	79	87	94	56	37	
71	58	83	84	70	100	
44	25	35	16	7	71	
36	51	32	45	20	44	
29	49	34	34	26	34	
49	50	44	46	28	29	
41	56	22	27	54	40	
70	57	108	67	67	70	
36	32	18	36	19	42	
80	47	133	138	58	79	
73	136	84	78	69	30	
23	16	20	13	4	20	
19	27	26	23	21	34	
98	42	140	78	54	85	
23	33	13	15	15	34	
35	39	16	54	38	38	
53	50	56	74	44	32	
25	14	16	18	28	8	
47	51	19	55	64	68	
15	19	26	14	22	16	
55	46	75	61	14	55	
36	48	32	37	14	24	
10	7	7	5	11	11	
84	117	49	99	35	97	
32	51	41	39	24	37	
82	112	75	63	90	68	
33	45	18	2	47	52	
59	82	79	35	102	110	
96	16	42	7	94	87	
77	111	82	83	69	140	
14	7	12	21	15	15	
24	19	22	42	10	7	
51	86	30	54	40	47	
27	13	17	31	42	37	
30	22	20	30	14	29	
42	66	62	32	38	35	
31	33	44	27	5	27	
29	20	50	21	16	34	
67	89	85	65	91	94	
41	38	31	49	48	50	
53	34	46	28	72	49	
98	128	69	107	128	117	
Distance matrix
0	41	47.5	6.5	53	74.5	36.5	22.5	47	85	53.5	44	55	40.5	9.5	27	3	60	38.5	24	70	58.5	68.5	53	81	18.5	52	63	19	8.5	5.5	66.5	35.5	95.5	21	60	43	71.5	23.5	34.5	74	52.5	39	16.5	27	55	68	87	33.5	19.5	19.5	11	85	66	36.5	39.5	29	56.5	68.5	56.5	35	74.5	48	82.5	90	42.5	28.5	45.5	14.5	68	52.5	69.5	62.5	74.5	83.5	33.5	
41	0	36.5	42.5	16	59.5	12.5	26.5	42	64	30.5	35	54	8.5	35.5	38	44	69	15.5	17	69	25.5	75.5	46	78	30.5	63	46	30	40.5	41.5	27.5	28.5	58.5	28	29	46	42.5	25.5	39.5	35	61.5	30	32.5	32	54	61	62	20.5	30.5	29.5	38	64	43	12.5	44.5	20	27.5	55.5	17.5	14	59.5	41	81.5	49	6.5	35.5	28.5	34.5	51	41.5	54.5	31.5	85.5	80.5	44.5	
47.5	36.5	0	49	24.5	53	41	55	29.5	57.5	6	31.5	37.5	37	42	24.5	50.5	42.5	39	41.5	52.5	11	51	35.5	63.5	51	34.5	39.5	46.5	51	48	21	38	52	56.5	22.5	25.5	36	46	27	28.5	35	36.5	59	34.5	37.5	50.5	55.5	44	32	52	58.5	57.5	36.5	41	8	48.5	9	49	21	42.5	53	30.5	65	42.5	35	31	32	57	44.5	35	48	25	57	66	14	
6.5	42.5	49	0	50.5	76	38	16	48.5	86.5	55	45.5	56.5	38	11	28.5	9.5	61.5	40	25.5	71.5	60	70	54.5	82.5	20	53.5	64.5	20.5	2	1	62	37	93	22.5	61.5	44.5	73	25	36	69.5	54	40.5	10	28.5	56.5	69.5	88.5	35	21	21	17.5	86.5	67.5	32	41	30.5	58	70	52	28.5	76	49.5	84	83.5	36	30	47	8	69.5	54	71	64	76	85	35	
53	16	24.5	50.5	0	47.5	20.5	34.5	30	52	18.5	23	42	16.5	47.5	26	54	57	18.5	33	57	13.5	63.5	34	66	38.5	55	34	38	48.5	51.5	15.5	21.5	46.5	36	17	34	30.5	33.5	27.5	23	49.5	14	40.5	30	42	49	50	23.5	37.5	37.5	46	52	31	20.5	32.5	28	15.5	43.5	5.5	22	47.5	29	69.5	37	14.5	28.5	16.5	42.5	39	29.5	42.5	19.5	77.5	68.5	36.5	
74.5	59.5	53	76	47.5	0	64	78	51.5	30.5	47	56.5	39.5	60	69	51.5	77.5	24.5	62	68.5	29.5	42	28	47.5	40.5	78	26.5	37.5	73.5	78	75	34	65	25	79.5	40.5	47.5	29	73	54	26.5	32	61.5	84	61.5	39.5	32.5	28.5	67	59	79	85.5	30.5	34.5	64	49	71.5	44	32	44	65.5	0	52.5	42	15.5	58	58	55	84	32.5	48	31	38	34	43	43	
36.5	12.5	41	38	20.5	64	0	26	46.5	68.5	35	39.5	58.5	4	31	38.5	39.5	71.5	20	29.5	73.5	30	80	50.5	82.5	30	63.5	50.5	29.5	40	37	32	33	63	27.5	33.5	50.5	47	13	44	39.5	64	34.5	32	36.5	58.5	65.5	66.5	25	31	29	37.5	68.5	47.5	12	49	19.5	32	60	22	13.5	64	45.5	86	53.5	6	40	33	34	55.5	46	59	36	86	85	45	
22.5	26.5	55	16	34.5	78	26	0	60.5	82.5	49	53.5	72.5	22	27	44.5	25.5	77.5	34	41.5	87.5	44	86	64.5	96.5	34	69.5	64.5	36.5	14	17	46	47	77	26.5	47.5	60.5	61	39	52	53.5	70	48.5	6	44.5	72.5	79.5	80.5	39	37	33	31.5	82.5	61.5	16	57	18.5	46	74	36	12.5	78	59.5	100	67.5	20	46	47	8	69.5	60	73	50	92	99	51	
47	42	29.5	48.5	30	51.5	46.5	60.5	0	58	29.5	31	32	42.5	41.5	24	50	37	44.5	41	47	24.5	45.5	30	58	50.5	29	40	46	50.5	47.5	21.5	37.5	52.5	58	13	4	36.5	45.5	26.5	29	29.5	36	58.5	34	32	45	56	45.5	31.5	51.5	58	58	37	46.5	21.5	54	26.5	45.5	26.5	48	51.5	1	59.5	43	40.5	30.5	37.5	56.5	45	29.5	46.5	25.5	51.5	60.5	15.5	
85	64	57.5	86.5	52	30.5	68.5	82.5	58	0	51.5	61	50	64.5	79.5	62	88	35	66.5	79	35	46.5	28.5	52	34	86.5	37	42	84	88.5	85.5	38.5	69.5	14.5	84	45	58	33.5	81.5	64.5	31	42.5	66	88.5	72	50	37	2	71.5	69.5	85.5	94	0	39	68.5	59.5	76	48.5	36.5	48.5	70	30.5	57	37.5	15	62.5	68.5	59.5	90.5	37	52.5	35.5	42.5	29.5	36.5	53.5	
53.5	30.5	6	55	18.5	47	35	49	29.5	51.5	0	27.5	41.5	31	48	30.5	56.5	48.5	33	47.5	56.5	5	57	33.5	65.5	53	40.5	33.5	52.5	57	54	15	36	46	50.5	16.5	31.5	30	48	33	22.5	41	32.5	55	40.5	41.5	48.5	49.5	38	38	52	60.5	51.5	30.5	35	14	42.5	3	43	15	36.5	47	28.5	69	36.5	29	37	26	57	38.5	29	42	19	63	68	20	
44	35	31.5	45.5	23	56.5	39.5	53.5	31	61	27.5	0	39	35.5	38.5	21	47	44	37.5	38	54	22.5	52.5	37	65	47.5	36	43	43	47.5	44.5	24.5	34.5	55.5	55	26	27	39.5	42.5	23.5	32	36.5	33	55.5	31	39	52	59	42.5	28.5	48.5	55	61	40	39.5	23.5	47	24.5	52.5	19.5	41	56.5	32	66.5	46	33.5	27.5	30.5	53.5	48	36.5	51.5	28.5	58.5	67.5	17.5	
55	54	37.5	56.5	42	39.5	58.5	72.5	32	50	41.5	39	0	54.5	49.5	32	58	25	56.5	49	35	36.5	33.5	28	46	58.5	17	8	54	58.5	55.5	28.5	45.5	44.5	66	35	28	28.5	53.5	34.5	19	17.5	44	66.5	42	0	33	48	53.5	39.5	59.5	66	50	11	58.5	29.5	66	38.5	33.5	38.5	60	39.5	33	47.5	35	52.5	38.5	45.5	64.5	33	32.5	34.5	32.5	39.5	48.5	23.5	
40.5	8.5	37	38	16.5	60	4	22	42.5	64.5	31	35.5	54.5	0	35	42.5	41.5	69.5	16	25.5	69.5	26	76	46.5	78.5	26	67.5	46.5	25.5	36	39	28	29	59	23.5	29.5	46.5	43	17	40	35.5	62	30.5	28	32.5	54.5	61.5	62.5	21	35	25	33.5	64.5	43.5	8	45	15.5	28	56	18	9.5	60	41.5	82	49.5	2	36	29	30	51.5	42	55	32	90	81	49	
9.5	35.5	42	11	47.5	69	31	27	41.5	79.5	48	38.5	49.5	35	0	21.5	12.5	54.5	33	18.5	64.5	53	63	47.5	75.5	9	46.5	57.5	13.5	13	10	59	30	90	20.5	54.5	37.5	66	18	29	66.5	47	33.5	21	21.5	49.5	62.5	81.5	28	14	10	20.5	79.5	60.5	27	34	28.5	51	63	49	30.5	69	42.5	77	80.5	33	23	40	19	62.5	47	64	57	69	78	28	
27	38	24.5	28.5	26	51.5	38.5	44.5	24	62	30.5	21	32	42.5	21.5	0	30	37	30.5	21	47	35.5	45.5	30	58	30.5	29	40	26	30.5	27.5	41.5	17.5	72.5	38	37	20	48.5	25.5	11.5	49	29.5	12	38.5	14	32	45	64	25.5	11.5	31.5	38	62	43	46.5	16.5	46	33.5	45.5	31.5	48	51.5	25	59.5	63	40.5	10.5	22.5	36.5	45	29.5	46.5	39.5	51.5	60.5	10.5	
3	44	50.5	9.5	54	77.5	39.5	25.5	50	88	56.5	47	58	41.5	12.5	30	0	63	41.5	27	73	61.5	71.5	56	84	21.5	55	66	22	11.5	8.5	65.5	38.5	96.5	24	63	46	74.5	26.5	37.5	73	55.5	42	19.5	30	58	71	90	36.5	22.5	22.5	8	88	69	35.5	42.5	32	59.5	71.5	55.5	32	77.5	51	85.5	87	39.5	31.5	48.5	17.5	71	55.5	72.5	65.5	77.5	86.5	36.5	
60	69	42.5	61.5	57	24.5	71.5	77.5	37	35	48.5	44	25	69.5	54.5	37	63	0	63.5	54	20	51.5	18.5	33	31	63.5	12	33	59	63.5	60.5	43.5	50.5	39.5	71	50	33	36.5	58.5	39.5	36	17.5	49	71.5	47	25	8	37	58.5	44.5	64.5	71	35	36	73.5	34.5	79	51.5	23.5	53.5	75	24.5	38	32.5	30	67.5	43.5	50.5	69.5	28	37.5	24.5	47.5	24.5	33.5	28.5	
38.5	15.5	39	40	18.5	62	20	34	44.5	66.5	33	37.5	56.5	16	33	30.5	41.5	63.5	0	32.5	71.5	28	72	48.5	80.5	38	55.5	48.5	37.5	42	39	30	31	61	35.5	31.5	46.5	45	33	38	37.5	56	32.5	40	30.5	56.5	63.5	64.5	5	19	37	45.5	66.5	45.5	20	43	27.5	30	58	20	21.5	62	43.5	84	51.5	14	32	31	42	53.5	44	57	34	78	83	37	
24	17	41.5	25.5	33	68.5	29.5	41.5	41	79	47.5	38	49	25.5	18.5	21	27	54	32.5	0	64	42.5	62.5	47	75	27.5	46	57	23	27.5	24.5	44.5	29.5	75.5	35	46	37	59.5	22.5	28.5	52	46.5	33	35.5	21	49	62	79	27.5	13.5	28.5	35	79	60	29.5	33.5	37	44.5	62.5	34.5	31	68.5	42	76.5	66	23.5	22.5	39.5	33.5	62	46.5	63.5	48.5	68.5	77.5	27.5	
70	69	52.5	71.5	57	29.5	73.5	87.5	47	35	56.5	54	35	69.5	64.5	47	73	20	71.5	64	0	51.5	18.5	43	31	73.5	22	43	69	73.5	70.5	43.5	60.5	29.5	81	50	43	38.5	68.5	49.5	36	27.5	59	81.5	57	35	28	33	68.5	54.5	74.5	81	35	44	73.5	44.5	81	53.5	33.5	53.5	75	29.5	48	32.5	20	67.5	53.5	60.5	79.5	38	47.5	34.5	47.5	24.5	33.5	38.5	
58.5	25.5	11	60	13.5	42	30	44	24.5	46.5	5	22.5	36.5	26	53	35.5	61.5	51.5	28	42.5	51.5	0	58	28.5	60.5	48	45.5	28.5	47.5	58	59	10	31	41	45.5	11.5	28.5	25	43	32	17.5	44	27.5	50	39.5	36.5	43.5	44.5	33	43	47	55.5	46.5	25.5	30	19	37.5	2	38	10	31.5	42	23.5	64	31.5	24	38	21	52	33.5	24	37	14	68	63	25	
68.5	75.5	51	70	63.5	28	80	86	45.5	28.5	57	52.5	33.5	76	63	45.5	71.5	18.5	72	62.5	18.5	58	0	41.5	24.5	72	20.5	41.5	67.5	72	69	50	59	31	79.5	56.5	41.5	45	67	48	42.5	26	57.5	80	55.5	33.5	26.5	30.5	67	53	73	79.5	28.5	44.5	80	43	87.5	60	32	60	81.5	28	46.5	26	26.5	74	52	59	78	36.5	46	33	54	18	27	37	
53	46	35.5	54.5	34	47.5	50.5	64.5	30	52	33.5	37	28	46.5	47.5	30	56	33	48.5	47	43	28.5	41.5	0	54	56.5	25	34	52	56.5	53.5	20.5	43.5	46.5	64	27	26	30.5	51.5	32.5	23	25.5	42	64.5	40	28	41	50	51.5	37.5	57.5	64	52	31	50.5	27.5	58	30.5	41.5	30.5	52	47.5	31	55.5	37	44.5	36.5	41.5	62.5	39	30.5	42.5	24.5	47.5	56.5	21.5	
81	78	63.5	82.5	66	40.5	82.5	96.5	58	34	65.5	65	46	78.5	75.5	58	84	31	80.5	75	31	60.5	24.5	54	0	84.5	33	54	80	84.5	81.5	52.5	71.5	23.5	92	59	54	47.5	79.5	60.5	45	38.5	70	92.5	68	46	39	32	79.5	65.5	85.5	92	34	53	82.5	55.5	90	62.5	44.5	62.5	84	40.5	59	23.5	29	76.5	64.5	71.5	90.5	49	58.5	45.5	56.5	15.5	24.5	49.5	
18.5	30.5	51	20	38.5	78	30	34	50.5	86.5	53	47.5	58.5	26	9	30.5	21.5	63.5	38	27.5	73.5	48	72	56.5	84.5	0	55.5	66.5	22.5	22	19	50	39	81	29.5	51.5	46.5	65	27	38	57.5	56	42.5	30	30.5	58.5	71.5	84.5	37	23	1	29.5	86.5	65.5	18	43	27.5	50	72	40	21.5	78	51.5	86	71.5	24	32	49	28	71.5	56	73	54	78	87	37	
52	63	34.5	53.5	55	26.5	63.5	69.5	29	37	40.5	36	17	67.5	46.5	29	55	12	55.5	46	22	45.5	20.5	25	33	55.5	0	25	51	55.5	52.5	41.5	42.5	47.5	63	42	25	28.5	50.5	31.5	34	9.5	41	63.5	39	17	20	39	50.5	36.5	56.5	63	37	28	71.5	26.5	71	43.5	20.5	51.5	73	26.5	30	34.5	38	65.5	35.5	42.5	61.5	16	29.5	21.5	39.5	26.5	35.5	20.5	
63	46	39.5	64.5	34	37.5	50.5	64.5	40	42	33.5	43	8	46.5	57.5	40	66	33	48.5	57	43	28.5	41.5	34	54	66.5	25	0	62	66.5	63.5	20.5	51.5	36.5	66	27	36	20.5	61.5	42.5	11	25.5	48	70.5	50	8	39	40	53.5	47.5	67.5	74	42	3	50.5	37.5	58	30.5	33.5	30.5	52	37.5	39	55.5	27	44.5	46.5	41.5	72.5	29	34.5	32.5	24.5	47.5	56.5	31.5	
19	30	46.5	20.5	38	73.5	29.5	36.5	46	84	52.5	43	54	25.5	13.5	26	22	59	37.5	23	69	47.5	67.5	52	80	22.5	51	62	0	22.5	19.5	49.5	34.5	80.5	30	51	42	64.5	22.5	33.5	57	51.5	38	30.5	26	54	67	84	32.5	18.5	23.5	30	84	65	24.5	38.5	32	49.5	67.5	39.5	26	73.5	47	81.5	71	23.5	27.5	44.5	28.5	67	51.5	68.5	53.5	73.5	82.5	32.5	
8.5	40.5	51	2	48.5	78	40	14	50.5	88.5	57	47.5	58.5	36	13	30.5	11.5	63.5	42	27.5	73.5	58	72	56.5	84.5	22	55.5	66.5	22.5	0	3	60	39	91	24.5	61.5	46.5	75	27	38	67.5	56	42.5	8	30.5	58.5	71.5	90.5	37	23	23	19.5	88.5	69.5	30	43	32.5	60	72	50	26.5	78	51.5	86	81.5	34	32	49	6	71.5	56	73	64	78	87	37	
5.5	41.5	48	1	51.5	75	37	17	47.5	85.5	54	44.5	55.5	39	10	27.5	8.5	60.5	39	24.5	70.5	59	69	53.5	81.5	19	52.5	63.5	19.5	3	0	63	36	94	21.5	60.5	43.5	72	24	35	70.5	53	39.5	11	27.5	55.5	68.5	87.5	34	20	20	16.5	85.5	66.5	33	40	29.5	57	69	53	29.5	75	48.5	83	84.5	37	29	46	9	68.5	53	70	63	75	84	34	
66.5	27.5	21	62	15.5	34	32	46	21.5	38.5	15	24.5	28.5	28	59	41.5	65.5	43.5	30	44.5	43.5	10	50	20.5	52.5	50	41.5	20.5	49.5	60	63	0	33	33	47.5	8.5	25.5	17	45	34	9.5	36	29.5	52	41.5	28.5	35.5	36.5	35	49	49	57.5	38.5	17.5	32	29	39.5	12	30	12	33.5	34	20.5	56	23.5	26	40	23	54	25.5	14	29	4	64	55	35	
35.5	28.5	38	37	21.5	65	33	47	37.5	69.5	36	34.5	45.5	29	30	17.5	38.5	50.5	31	29.5	60.5	31	59	43.5	71.5	39	42.5	51.5	34.5	39	36	33	0	64	46.5	34.5	33.5	48	34	25	40.5	43	29.5	47	22.5	45.5	58.5	67.5	34	20	40	46.5	69.5	48.5	33	30	40.5	33	59	23	34.5	65	38.5	73	54.5	27	7	34	45	56.5	43	60	37	65	74	24	
95.5	58.5	52	93	46.5	25	63	77	52.5	14.5	46	55.5	44.5	59	90	72.5	96.5	39.5	61	75.5	29.5	41	31	46.5	23.5	81	47.5	36.5	80.5	91	94	33	64	0	78.5	39.5	56.5	28	76	65	25.5	47	60.5	83	72.5	44.5	31.5	12.5	66	80	80	88.5	14.5	33.5	63	60	70.5	43	31	43	64.5	25	51.5	27	9.5	57	71	54	85	31.5	47	30	37	35	26	64	
21	28	56.5	22.5	36	79.5	27.5	26.5	58	84	50.5	55	66	23.5	20.5	38	24	71	35.5	35	81	45.5	79.5	64	92	29.5	63	66	30	24.5	21.5	47.5	46.5	78.5	0	49	54	62.5	34.5	45.5	55	63.5	50	32.5	38	66	79	82	40.5	30.5	30.5	32	84	63	17.5	50.5	8	47.5	75.5	37.5	14	79.5	59	93.5	69	21.5	39.5	48.5	30.5	71	61.5	74.5	51.5	85.5	94.5	44.5	
60	29	22.5	61.5	17	40.5	33.5	47.5	13	45	16.5	26	35	29.5	54.5	37	63	50	31.5	46	50	11.5	56.5	27	59	51.5	42	27	51	61.5	60.5	8.5	34.5	39.5	49	0	17	23.5	46.5	35.5	16	42.5	31	53.5	43	35	42	43	36.5	44.5	50.5	59	45	24	33.5	30.5	41	13.5	36.5	13.5	35	40.5	12	62.5	30	27.5	41.5	24.5	55.5	32	22.5	35.5	12.5	64.5	61.5	28.5	
43	46	25.5	44.5	34	47.5	50.5	60.5	4	58	31.5	27	28	46.5	37.5	20	46	33	46.5	37	43	28.5	41.5	26	54	46.5	25	36	42	46.5	43.5	25.5	33.5	56.5	54	17	0	40.5	41.5	22.5	33	25.5	32	54.5	30	28	41	60	41.5	27.5	47.5	54	58	39	50.5	17.5	58	30.5	41.5	30.5	52	47.5	5	55.5	47	44.5	26.5	33.5	52.5	41	25.5	42.5	29.5	47.5	56.5	11.5	
71.5	42.5	36	73	30.5	29	47	61	36.5	33.5	30	39.5	28.5	43	66	48.5	74.5	36.5	45	59.5	38.5	25	45	30.5	47.5	65	28.5	20.5	64.5	75	72	17	48	28	62.5	23.5	40.5	0	60	49	9.5	19	44.5	67	56.5	28.5	30.5	31.5	50	56	64	72.5	33.5	17.5	47	44	54.5	27	25	27	48.5	29	35.5	51	18.5	41	55	38	69	20.5	31	24	21	51	50	40	
23.5	25.5	46	25	33.5	73	13	39	45.5	81.5	48	42.5	53.5	17	18	25.5	26.5	58.5	33	22.5	68.5	43	67	51.5	79.5	27	50.5	61.5	22.5	27	24	45	34	76	34.5	46.5	41.5	60	0	33	52.5	51	37.5	35	25.5	53.5	66.5	79.5	32	18	28	34.5	81.5	60.5	25	38	32.5	45	67	35	26.5	73	46.5	81	66.5	19	27	44	33	66.5	51	68	49	73	82	32	
34.5	39.5	27	36	27.5	54	44	52	26.5	64.5	33	23.5	34.5	40	29	11.5	37.5	39.5	38	28.5	49.5	32	48	32.5	60.5	38	31.5	42.5	33.5	38	35	34	25	65	45.5	35.5	22.5	49	33	0	41.5	32	23.5	46	21.5	34.5	47.5	66.5	33	19	39	45.5	64.5	45.5	44	19	51.5	34	48	22	45.5	54	27.5	62	55.5	38	18	11	44	47.5	32	49	38	54	63	13	
74	35	28.5	69.5	23	26.5	39.5	53.5	29	31	22.5	32	19	35.5	66.5	49	73	36	37.5	52	36	17.5	42.5	23	45	57.5	34	11	57	67.5	70.5	9.5	40.5	25.5	55	16	33	9.5	52.5	41.5	0	28.5	37	59.5	49	19	28	29	42.5	56.5	56.5	65	31	8	39.5	36.5	47	19.5	22.5	19.5	41	26.5	28	48.5	16	33.5	47.5	30.5	61.5	18	23.5	21.5	13.5	56.5	47.5	42.5	
52.5	61.5	35	54	49.5	32	64	70	29.5	42.5	41	36.5	17.5	62	47	29.5	55.5	17.5	56	46.5	27.5	44	26	25.5	38.5	56	9.5	25.5	51.5	56	53	36	43	47	63.5	42.5	25.5	19	51	32	28.5	0	41.5	64	39.5	17.5	25.5	44.5	51	37	57	63.5	42.5	28.5	66	27	71.5	44	26	46	67.5	32	30.5	40	37.5	60	36	43	62	25.5	30	27	40	32	41	21	
39	30	36.5	40.5	14	61.5	34.5	48.5	36	66	32.5	33	44	30.5	33.5	12	42	49	32.5	33	59	27.5	57.5	42	70	42.5	41	48	38	42.5	39.5	29.5	29.5	60.5	50	31	32	44.5	37.5	23.5	37	41.5	0	50.5	26	44	57	64	37.5	23.5	43.5	50	66	45	34.5	28.5	42	29.5	57.5	19.5	36	61.5	37	71.5	51	28.5	22.5	30.5	48.5	53	41.5	56.5	33.5	63.5	72.5	22.5	
16.5	32.5	59	10	40.5	84	32	6	58.5	88.5	55	55.5	66.5	28	21	38.5	19.5	71.5	40	35.5	81.5	50	80	64.5	92.5	30	63.5	70.5	30.5	8	11	52	47	83	32.5	53.5	54.5	67	35	46	59.5	64	50.5	0	38.5	66.5	79.5	86.5	45	31	31	27.5	88.5	67.5	22	51	24.5	52	80	42	18.5	84	59.5	94	73.5	26	40	53	2	75.5	64	79	56	86	95	45	
27	32	34.5	28.5	30	61.5	36.5	44.5	34	72	40.5	31	42	32.5	21.5	14	30	47	30.5	21	57	39.5	55.5	40	68	30.5	39	50	26	30.5	27.5	41.5	22.5	72.5	38	43	30	56.5	25.5	21.5	49	39.5	26	38.5	0	42	55	74	25.5	11.5	31.5	38	72	53	36.5	26.5	44	41.5	55.5	31.5	38	61.5	35	69.5	63	30.5	15.5	32.5	36.5	55	39.5	56.5	45.5	61.5	70.5	20.5	
55	54	37.5	56.5	42	39.5	58.5	72.5	32	50	41.5	39	0	54.5	49.5	32	58	25	56.5	49	35	36.5	33.5	28	46	58.5	17	8	54	58.5	55.5	28.5	45.5	44.5	66	35	28	28.5	53.5	34.5	19	17.5	44	66.5	42	0	33	48	53.5	39.5	59.5	66	50	11	58.5	29.5	66	38.5	33.5	38.5	60	39.5	33	47.5	35	52.5	38.5	45.5	64.5	33	32.5	34.5	32.5	39.5	48.5	23.5	
68	61	50.5	69.5	49	32.5	65.5	79.5	45	37	48.5	52	33	61.5	62.5	45	71	8	63.5	62	28	43.5	26.5	41	39	71.5	20	39	67	71.5	68.5	35.5	58.5	31.5	79	42	41	30.5	66.5	47.5	28	25.5	57	79.5	55	33	0	35	66.5	52.5	72.5	79	37	36	65.5	42.5	73	45.5	31.5	45.5	67	32.5	46	40.5	22	59.5	51.5	56.5	77.5	34	45.5	32.5	39.5	32.5	41.5	36.5	
87	62	55.5	88.5	50	28.5	66.5	80.5	56	2	49.5	59	48	62.5	81.5	64	90	37	64.5	79	33	44.5	30.5	50	32	84.5	39	40	84	90.5	87.5	36.5	67.5	12.5	82	43	60	31.5	79.5	66.5	29	44.5	64	86.5	74	48	35	0	69.5	71.5	83.5	92	2	37	66.5	61.5	74	46.5	34.5	46.5	68	28.5	55	35.5	13	60.5	70.5	57.5	88.5	35	50.5	33.5	40.5	31.5	34.5	55.5	
33.5	20.5	44	35	23.5	67	25	39	45.5	71.5	38	42.5	53.5	21	28	25.5	36.5	58.5	5	27.5	68.5	33	67	51.5	79.5	37	50.5	53.5	32.5	37	34	35	34	66	40.5	36.5	41.5	50	32	33	42.5	51	37.5	45	25.5	53.5	66.5	69.5	0	14	38	44.5	71.5	50.5	25	38	32.5	35	63	25	26.5	67	46.5	81	56.5	19	27	36	43	58.5	49	62	39	73	82	32	
19.5	30.5	32	21	37.5	59	31	37	31.5	69.5	38	28.5	39.5	35	14	11.5	22.5	44.5	19	13.5	54.5	43	53	37.5	65.5	23	36.5	47.5	18.5	23	20	49	20	80	30.5	44.5	27.5	56	18	19	56.5	37	23.5	31	11.5	39.5	52.5	71.5	14	0	24	30.5	69.5	50.5	39	24	38.5	41	53	39	40.5	59	32.5	67	70.5	33	13	30	29	52.5	37	54	47	59	68	18	
19.5	29.5	52	21	37.5	79	29	33	51.5	85.5	52	48.5	59.5	25	10	31.5	22.5	64.5	37	28.5	74.5	47	73	57.5	85.5	1	56.5	67.5	23.5	23	20	49	40	80	30.5	50.5	47.5	64	28	39	56.5	57	43.5	31	31.5	59.5	72.5	83.5	38	24	0	30.5	85.5	64.5	17	44	26.5	49	73	39	20.5	79	52.5	87	70.5	23	33	50	29	72.5	57	74	53	79	88	38	
11	38	58.5	17.5	46	85.5	37.5	31.5	58	94	60.5	55	66	33.5	20.5	38	8	71	45.5	35	81	55.5	79.5	64	92	29.5	63	74	30	19.5	16.5	57.5	46.5	88.5	32	59	54	72.5	34.5	45.5	65	63.5	50	27.5	38	66	79	92	44.5	30.5	30.5	0	94	73	27.5	50.5	30	57.5	79.5	47.5	24	85.5	59	93.5	79	31.5	39.5	56.5	25.5	79	63.5	80.5	61.5	85.5	94.5	44.5	
85	64	57.5	86.5	52	30.5	68.5	82.5	58	0	51.5	61	50	64.5	79.5	62	88	35	66.5	79	35	46.5	28.5	52	34	86.5	37	42	84	88.5	85.5	38.5	69.5	14.5	84	45	58	33.5	81.5	64.5	31	42.5	66	88.5	72	50	37	2	71.5	69.5	85.5	94	0	39	68.5	59.5	76	48.5	36.5	48.5	70	30.5	57	37.5	15	62.5	68.5	59.5	90.5	37	52.5	35.5	42.5	29.5	36.5	53.5	
66	43	36.5	67.5	31	34.5	47.5	61.5	37	39	30.5	40	11	43.5	60.5	43	69	36	45.5	60	44	25.5	44.5	31	53	65.5	28	3	65	69.5	66.5	17.5	48.5	33.5	63	24	39	17.5	60.5	45.5	8	28.5	45	67.5	53	11	36	37	50.5	50.5	64.5	73	39	0	47.5	40.5	55	27.5	30.5	27.5	49	34.5	36	56.5	24	41.5	49.5	38.5	69.5	26	31.5	29.5	21.5	50.5	55.5	34.5	
36.5	12.5	41	32	20.5	64	12	16	46.5	68.5	35	39.5	58.5	8	27	46.5	35.5	73.5	20	29.5	73.5	30	80	50.5	82.5	18	71.5	50.5	24.5	30	33	32	33	63	17.5	33.5	50.5	47	25	44	39.5	66	34.5	22	36.5	58.5	65.5	66.5	25	39	17	27.5	68.5	47.5	0	49	9.5	32	60	22	3.5	64	45.5	86	53.5	6	40	33	24	55.5	46	59	36	94	85	55	
39.5	44.5	8	41	32.5	49	49	57	21.5	59.5	14	23.5	29.5	45	34	16.5	42.5	34.5	43	33.5	44.5	19	43	27.5	55.5	43	26.5	37.5	38.5	43	40	29	30	60	50.5	30.5	17.5	44	38	19	36.5	27	28.5	51	26.5	29.5	42.5	61.5	38	24	44	50.5	59.5	40.5	49	0	56.5	17	43	29	50.5	49	22.5	57	50.5	43	23	30	49	42.5	27	44	33	49	58	6	
29	20	48.5	30.5	28	71.5	19.5	18.5	54	76	42.5	47	66	15.5	28.5	46	32	79	27.5	37	81	37.5	87.5	58	90	27.5	71	58	32	32.5	29.5	39.5	40.5	70.5	8	41	58	54.5	32.5	51.5	47	71.5	42	24.5	44	66	73	74	32.5	38.5	26.5	30	76	55	9.5	56.5	0	39.5	67.5	29.5	6	71.5	53	93.5	61	13.5	47.5	40.5	26.5	63	53.5	66.5	43.5	93.5	92.5	52.5	
56.5	27.5	9	58	15.5	44	32	46	26.5	48.5	3	24.5	38.5	28	51	33.5	59.5	51.5	30	44.5	53.5	2	60	30.5	62.5	50	43.5	30.5	49.5	60	57	12	33	43	47.5	13.5	30.5	27	45	34	19.5	44	29.5	52	41.5	38.5	45.5	46.5	35	41	49	57.5	48.5	27.5	32	17	39.5	0	40	12	33.5	44	25.5	66	33.5	26	40	23	54	35.5	26	39	16	66	65	23	
68.5	55.5	49	70	43.5	32	60	74	45.5	36.5	43	52.5	33.5	56	63	45.5	71.5	23.5	58	62.5	33.5	38	32	41.5	44.5	72	20.5	33.5	67.5	72	69	30	59	31	75.5	36.5	41.5	25	67	48	22.5	26	57.5	80	55.5	33.5	31.5	34.5	63	53	73	79.5	36.5	30.5	60	43	67.5	40	0	40	61.5	32	46.5	46	21.5	54	52	51	78	28.5	44	1	34	38	47	37	
56.5	17.5	21	52	5.5	44	22	36	26.5	48.5	15	19.5	38.5	18	49	31.5	55.5	53.5	20	34.5	53.5	10	60	30.5	62.5	40	51.5	30.5	39.5	50	53	12	23	43	37.5	13.5	30.5	27	35	22	19.5	46	19.5	42	31.5	38.5	45.5	46.5	25	39	39	47.5	48.5	27.5	22	29	29.5	12	40	0	23.5	44	25.5	66	33.5	16	30	11	44	35.5	26	39	16	74	65	35	
35	14	42.5	28.5	22	65.5	13.5	12.5	48	70	36.5	41	60	9.5	30.5	48	32	75	21.5	31	75	31.5	81.5	52	84	21.5	73	52	26	26.5	29.5	33.5	34.5	64.5	14	35	52	48.5	26.5	45.5	41	67.5	36	18.5	38	60	67	68	26.5	40.5	20.5	24	70	49	3.5	50.5	6	33.5	61.5	23.5	0	65.5	47	87.5	55	7.5	41.5	34.5	20.5	57	47.5	60.5	37.5	95.5	86.5	56.5	
74.5	59.5	53	76	47.5	0	64	78	51.5	30.5	47	56.5	39.5	60	69	51.5	77.5	24.5	62	68.5	29.5	42	28	47.5	40.5	78	26.5	37.5	73.5	78	75	34	65	25	79.5	40.5	47.5	29	73	54	26.5	32	61.5	84	61.5	39.5	32.5	28.5	67	59	79	85.5	30.5	34.5	64	49	71.5	44	32	44	65.5	0	52.5	42	15.5	58	58	55	84	32.5	48	31	38	34	43	43	
48	41	30.5	49.5	29	52.5	45.5	59.5	1	57	28.5	32	33	41.5	42.5	25	51	38	43.5	42	48	23.5	46.5	31	59	51.5	30	39	47	51.5	48.5	20.5	38.5	51.5	59	12	5	35.5	46.5	27.5	28	30.5	37	59.5	35	33	46	55	46.5	32.5	52.5	59	57	36	45.5	22.5	53	25.5	46.5	25.5	47	52.5	0	60.5	42	39.5	31.5	36.5	57.5	44	30.5	47.5	24.5	52.5	61.5	16.5	
82.5	81.5	65	84	69.5	42	86	100	59.5	37.5	69	66.5	47.5	82	77	59.5	85.5	32.5	84	76.5	32.5	64	26	55.5	23.5	86	34.5	55.5	81.5	86	83	56	73	27	93.5	62.5	55.5	51	81	62	48.5	40	71.5	94	69.5	47.5	40.5	35.5	81	67	87	93.5	37.5	56.5	86	57	93.5	66	46	66	87.5	42	60.5	0	32.5	80	66	73	92	50.5	60	47	60	8	1	51	
90	49	42.5	83.5	37	15.5	53.5	67.5	43	15	36.5	46	35	49.5	80.5	63	87	30	51.5	66	20	31.5	26.5	37	29	71.5	38	27	71	81.5	84.5	23.5	54.5	9.5	69	30	47	18.5	66.5	55.5	16	37.5	51	73.5	63	35	22	13	56.5	70.5	70.5	79	15	24	53.5	50.5	61	33.5	21.5	33.5	55	15.5	42	32.5	0	47.5	61.5	44.5	75.5	22	37.5	20.5	27.5	40.5	31.5	56.5	
42.5	6.5	35	36	14.5	58	6	20	40.5	62.5	29	33.5	52.5	2	33	40.5	39.5	67.5	14	23.5	67.5	24	74	44.5	76.5	24	65.5	44.5	23.5	34	37	26	27	57	21.5	27.5	44.5	41	19	38	33.5	60	28.5	26	30.5	52.5	59.5	60.5	19	33	23	31.5	62.5	41.5	6	43	13.5	26	54	16	7.5	58	39.5	80	47.5	0	34	27	28	49.5	40	53	30	88	79	49	
28.5	35.5	31	30	28.5	58	40	46	30.5	68.5	37	27.5	38.5	36	23	10.5	31.5	43.5	32	22.5	53.5	38	52	36.5	64.5	32	35.5	46.5	27.5	32	29	40	7	71	39.5	41.5	26.5	55	27	18	47.5	36	22.5	40	15.5	38.5	51.5	70.5	27	13	33	39.5	68.5	49.5	40	23	47.5	40	52	30	41.5	58	31.5	66	61.5	34	0	29	38	51.5	36	53	44	58	67	17	
45.5	28.5	32	47	16.5	55	33	47	37.5	59.5	26	30.5	45.5	29	40	22.5	48.5	50.5	31	39.5	60.5	21	59	41.5	71.5	49	42.5	41.5	44.5	49	46	23	34	54	48.5	24.5	33.5	38	44	11	30.5	43	30.5	53	32.5	45.5	56.5	57.5	36	30	50	56.5	59.5	38.5	33	30	40.5	23	51	11	34.5	55	36.5	73	44.5	27	29	0	55	46.5	37	50	27	65	74	24	
14.5	34.5	57	8	42.5	84	34	8	56.5	90.5	57	53.5	64.5	30	19	36.5	17.5	69.5	42	33.5	79.5	52	78	62.5	90.5	28	61.5	72.5	28.5	6	9	54	45	85	30.5	55.5	52.5	69	33	44	61.5	62	48.5	2	36.5	64.5	77.5	88.5	43	29	29	25.5	90.5	69.5	24	49	26.5	54	78	44	20.5	84	57.5	92	75.5	28	38	55	0	77.5	62	79	58	84	93	43	
68	51	44.5	69.5	39	32.5	55.5	69.5	45	37	38.5	48	33	51.5	62.5	45	71	28	53.5	62	38	33.5	36.5	39	49	71.5	16	29	67	71.5	68.5	25.5	56.5	31.5	71	32	41	20.5	66.5	47.5	18	25.5	53	75.5	55	33	34	35	58.5	52.5	72.5	79	37	26	55.5	42.5	63	35.5	28.5	35.5	57	32.5	44	50.5	22	49.5	51.5	46.5	77.5	0	39.5	27.5	29.5	42.5	51.5	36.5	
52.5	41.5	35	54	29.5	48	46	60	29.5	52.5	29	36.5	32.5	42	47	29.5	55.5	37.5	44	46.5	47.5	24	46	30.5	58.5	56	29.5	34.5	51.5	56	53	14	43	47	61.5	22.5	25.5	31	51	32	23.5	30	41.5	64	39.5	32.5	45.5	50.5	49	37	57	63.5	52.5	31.5	46	27	53.5	26	44	26	47.5	48	30.5	60	37.5	40	36	37	62	39.5	0	43	10	52	61	21	
69.5	54.5	48	71	42.5	31	59	73	46.5	35.5	42	51.5	34.5	55	64	46.5	72.5	24.5	57	63.5	34.5	37	33	42.5	45.5	73	21.5	32.5	68.5	73	70	29	60	30	74.5	35.5	42.5	24	68	49	21.5	27	56.5	79	56.5	34.5	32.5	33.5	62	54	74	80.5	35.5	29.5	59	44	66.5	39	1	39	60.5	31	47.5	47	20.5	53	53	50	79	27.5	43	0	33	39	48	38	
62.5	31.5	25	64	19.5	38	36	50	25.5	42.5	19	28.5	32.5	32	57	39.5	65.5	47.5	34	48.5	47.5	14	54	24.5	56.5	54	39.5	24.5	53.5	64	63	4	37	37	51.5	12.5	29.5	21	49	38	13.5	40	33.5	56	45.5	32.5	39.5	40.5	39	47	53	61.5	42.5	21.5	36	33	43.5	16	34	16	37.5	38	24.5	60	27.5	30	44	27	58	29.5	10	33	0	62	59	31	
74.5	85.5	57	76	77.5	34	86	92	51.5	29.5	63	58.5	39.5	90	69	51.5	77.5	24.5	78	68.5	24.5	68	18	47.5	15.5	78	26.5	47.5	73.5	78	75	64	65	35	85.5	64.5	47.5	51	73	54	56.5	32	63.5	86	61.5	39.5	32.5	31.5	73	59	79	85.5	29.5	50.5	94	49	93.5	66	38	74	95.5	34	52.5	8	40.5	88	58	65	84	42.5	52	39	62	0	9	43	
83.5	80.5	66	85	68.5	43	85	99	60.5	36.5	68	67.5	48.5	81	78	60.5	86.5	33.5	83	77.5	33.5	63	27	56.5	24.5	87	35.5	56.5	82.5	87	84	55	74	26	94.5	61.5	56.5	50	82	63	47.5	41	72.5	95	70.5	48.5	41.5	34.5	82	68	88	94.5	36.5	55.5	85	58	92.5	65	47	65	86.5	43	61.5	1	31.5	79	67	74	93	51.5	61	48	59	9	0	52	
33.5	44.5	14	35	36.5	43	45	51	15.5	53.5	20	17.5	23.5	49	28	10.5	36.5	28.5	37	27.5	38.5	25	37	21.5	49.5	37	20.5	31.5	32.5	37	34	35	24	64	44.5	28.5	11.5	40	32	13	42.5	21	22.5	45	20.5	23.5	36.5	55.5	32	18	38	44.5	53.5	34.5	55	6	52.5	23	37	35	56.5	43	16.5	51	56.5	49	17	24	43	36.5	21	38	31	43	52	0	
