Number of items: 75
Horizon: 12
Time limit: 750
Load limit: 4500
Initial item inventory level
24
56
74
83
98
18
189
189
152
44
154
114
225
87
123
65
120
168
264
184
18
84
96
130
38
225
48
178
49
23
144
78
177
156
23
120
18
68
25
171
94
153
39
51
60
122
120
94
198
36
162
94
48
88
147
180
78
249
48
48
52
168
21
90
258
94
73
96
30
102
177
86
114
44
144
Maximum inventory capacity per item
48
112
148
166
147
36
252
252
228
66
231
171
300
116
164
130
160
224
352
276
36
126
144
195
76
300
96
267
98
46
192
104
236
208
46
180
36
102
50
228
141
204
78
68
80
183
160
188
264
48
243
188
96
176
196
270
156
332
72
72
78
224
42
120
344
141
146
144
60
136
236
129
152
88
192
Reserve storage replenishment rate per item and per period
144	0	0	144	0	0	144	0	0	144	0	0	
336	0	0	336	0	0	336	0	0	336	0	0	
444	0	0	444	0	0	444	0	0	444	0	0	
498	0	0	498	0	0	498	0	0	498	0	0	
294	0	0	294	0	0	294	0	0	294	0	0	
108	0	0	108	0	0	108	0	0	108	0	0	
378	0	0	378	0	0	378	0	0	378	0	0	
378	0	0	378	0	0	378	0	0	378	0	0	
456	0	0	456	0	0	456	0	0	456	0	0	
132	0	0	132	0	0	132	0	0	132	0	0	
462	0	0	462	0	0	462	0	0	462	0	0	
342	0	0	342	0	0	342	0	0	342	0	0	
450	0	0	450	0	0	450	0	0	450	0	0	
174	0	0	174	0	0	174	0	0	174	0	0	
246	0	0	246	0	0	246	0	0	246	0	0	
390	0	0	390	0	0	390	0	0	390	0	0	
240	0	0	240	0	0	240	0	0	240	0	0	
336	0	0	336	0	0	336	0	0	336	0	0	
528	0	0	528	0	0	528	0	0	528	0	0	
552	0	0	552	0	0	552	0	0	552	0	0	
108	0	0	108	0	0	108	0	0	108	0	0	
252	0	0	252	0	0	252	0	0	252	0	0	
288	0	0	288	0	0	288	0	0	288	0	0	
390	0	0	390	0	0	390	0	0	390	0	0	
228	0	0	228	0	0	228	0	0	228	0	0	
450	0	0	450	0	0	450	0	0	450	0	0	
288	0	0	288	0	0	288	0	0	288	0	0	
534	0	0	534	0	0	534	0	0	534	0	0	
294	0	0	294	0	0	294	0	0	294	0	0	
138	0	0	138	0	0	138	0	0	138	0	0	
288	0	0	288	0	0	288	0	0	288	0	0	
156	0	0	156	0	0	156	0	0	156	0	0	
354	0	0	354	0	0	354	0	0	354	0	0	
312	0	0	312	0	0	312	0	0	312	0	0	
138	0	0	138	0	0	138	0	0	138	0	0	
360	0	0	360	0	0	360	0	0	360	0	0	
108	0	0	108	0	0	108	0	0	108	0	0	
204	0	0	204	0	0	204	0	0	204	0	0	
150	0	0	150	0	0	150	0	0	150	0	0	
342	0	0	342	0	0	342	0	0	342	0	0	
282	0	0	282	0	0	282	0	0	282	0	0	
306	0	0	306	0	0	306	0	0	306	0	0	
234	0	0	234	0	0	234	0	0	234	0	0	
102	0	0	102	0	0	102	0	0	102	0	0	
120	0	0	120	0	0	120	0	0	120	0	0	
366	0	0	366	0	0	366	0	0	366	0	0	
240	0	0	240	0	0	240	0	0	240	0	0	
564	0	0	564	0	0	564	0	0	564	0	0	
396	0	0	396	0	0	396	0	0	396	0	0	
72	0	0	72	0	0	72	0	0	72	0	0	
486	0	0	486	0	0	486	0	0	486	0	0	
564	0	0	564	0	0	564	0	0	564	0	0	
288	0	0	288	0	0	288	0	0	288	0	0	
528	0	0	528	0	0	528	0	0	528	0	0	
294	0	0	294	0	0	294	0	0	294	0	0	
540	0	0	540	0	0	540	0	0	540	0	0	
468	0	0	468	0	0	468	0	0	468	0	0	
498	0	0	498	0	0	498	0	0	498	0	0	
144	0	0	144	0	0	144	0	0	144	0	0	
144	0	0	144	0	0	144	0	0	144	0	0	
156	0	0	156	0	0	156	0	0	156	0	0	
336	0	0	336	0	0	336	0	0	336	0	0	
126	0	0	126	0	0	126	0	0	126	0	0	
180	0	0	180	0	0	180	0	0	180	0	0	
516	0	0	516	0	0	516	0	0	516	0	0	
282	0	0	282	0	0	282	0	0	282	0	0	
438	0	0	438	0	0	438	0	0	438	0	0	
288	0	0	288	0	0	288	0	0	288	0	0	
180	0	0	180	0	0	180	0	0	180	0	0	
204	0	0	204	0	0	204	0	0	204	0	0	
354	0	0	354	0	0	354	0	0	354	0	0	
258	0	0	258	0	0	258	0	0	258	0	0	
228	0	0	228	0	0	228	0	0	228	0	0	
264	0	0	264	0	0	264	0	0	264	0	0	
288	0	0	288	0	0	288	0	0	288	0	0	
Forward storage demand rate per item and per period
24	30	9	32	31	23	15	33	24	35	18	27	
56	58	74	101	2	76	67	16	68	22	92	72	
74	49	138	118	56	38	50	47	42	27	11	26	
83	36	120	69	16	119	96	116	22	64	107	92	
49	61	42	57	71	49	39	23	55	63	62	32	
18	32	27	24	6	9	12	20	20	16	0	27	
63	48	55	43	56	18	71	89	25	87	114	13	
63	42	75	81	51	49	67	23	20	100	10	65	
76	45	95	105	55	56	95	28	9	46	73	79	
22	27	25	14	22	18	34	32	17	30	16	18	
77	130	90	69	65	135	69	61	86	120	79	39	
57	53	79	75	65	76	61	79	74	55	78	49	
75	104	38	49	76	47	101	58	71	4	82	53	
29	5	27	24	33	21	8	36	21	46	31	30	
41	17	39	80	59	33	16	52	39	40	56	51	
65	60	117	44	36	43	104	69	6	91	83	59	
40	38	25	69	31	16	24	12	66	24	28	38	
56	43	40	39	57	40	46	57	71	89	84	31	
88	90	65	63	89	118	64	145	82	76	48	132	
92	115	21	95	127	126	61	96	77	90	42	93	
18	16	26	18	20	25	33	19	20	23	30	22	
42	57	44	41	45	43	43	44	36	49	54	20	
48	72	81	69	49	12	56	42	3	57	16	20	
65	53	70	33	9	13	88	95	64	64	47	53	
38	30	50	30	16	9	23	48	39	51	66	31	
75	61	101	38	79	78	59	61	29	68	77	84	
48	46	43	23	38	18	18	35	41	61	38	41	
89	64	124	148	59	133	46	44	14	132	116	105	
49	65	21	36	50	84	66	63	15	23	57	83	
23	16	10	20	31	28	31	26	32	19	30	12	
48	13	24	43	38	68	37	71	66	62	39	66	
26	16	28	29	39	17	24	21	24	24	36	16	
59	56	59	32	31	24	52	32	51	48	43	64	
52	51	42	29	54	21	38	72	58	49	94	39	
23	33	12	20	23	10	10	12	23	24	9	22	
60	45	54	74	36	109	53	84	20	40	46	100	
18	20	23	14	23	9	32	17	4	24	16	21	
34	53	39	32	54	54	34	31	33	26	39	36	
25	22	9	23	40	29	26	34	23	15	26	10	
57	9	13	49	107	55	45	47	56	27	25	86	
47	27	24	64	44	64	56	63	68	54	84	47	
51	36	40	35	42	28	42	62	47	36	40	14	
39	50	21	43	35	33	52	71	20	18	54	59	
17	18	29	25	16	21	22	15	20	24	10	20	
20	16	7	25	33	6	24	19	17	21	16	11	
61	22	52	59	76	112	80	73	50	57	3	71	
40	26	31	26	43	40	2	69	10	41	75	50	
94	66	102	167	105	98	91	85	125	113	172	60	
66	62	39	32	19	33	38	77	90	120	30	92	
12	9	17	8	15	12	8	11	16	13	14	11	
81	92	100	43	129	89	104	70	137	44	90	9	
94	58	35	57	85	145	68	66	93	77	104	55	
48	57	45	69	46	45	58	71	14	26	51	46	
88	133	11	79	109	122	120	144	164	114	86	92	
49	31	65	44	86	23	39	58	69	48	54	68	
90	141	112	128	64	178	130	74	109	79	52	55	
78	21	79	78	65	88	104	73	97	91	40	86	
83	80	58	87	46	74	131	27	47	93	107	94	
24	32	35	37	9	4	32	15	29	16	32	22	
24	14	35	38	25	36	21	25	27	22	19	28	
26	12	36	26	38	6	39	21	2	41	9	32	
56	34	85	32	31	20	55	65	73	45	32	17	
21	2	22	11	6	18	6	10	16	24	22	35	
30	23	33	15	28	49	11	31	32	5	43	31	
86	100	110	95	57	55	81	115	58	126	30	81	
47	37	44	84	44	63	44	52	43	42	62	18	
73	79	67	106	62	75	113	93	98	39	34	116	
48	41	56	45	92	59	27	26	64	79	43	67	
30	19	34	23	23	45	36	32	25	39	12	37	
34	32	19	8	41	38	41	26	39	33	30	58	
59	43	65	47	81	70	69	57	57	70	84	63	
43	18	49	9	65	81	77	73	40	23	38	68	
38	18	43	64	16	33	69	35	28	19	33	62	
44	22	63	40	66	39	36	36	29	36	43	32	
48	58	71	46	40	54	68	33	49	41	44	24	
Distance matrix
0	58.5	33	48.5	55.5	101.5	81.5	51.5	58	68	44.5	55.5	38	72	22	65.5	27	61.5	77.5	26	28.5	52.5	82	70.5	75	34	35	83.5	73	24	84	62.5	78.5	78	48.5	65	35.5	16.5	46	28	71	45.5	62.5	72.5	18	96.5	26.5	53	68.5	102.5	41.5	101.5	95.5	19	57.5	54.5	35	27	39	94.5	72	84.5	52.5	70.5	23	74	83.5	50	43.5	53	73.5	43	70	28.5	42.5	45.5	
58.5	0	33.5	18	41	45	35	15	43.5	61.5	22	41	28.5	65.5	40.5	59	39.5	15	59	40.5	32	6	39.5	16	26.5	32.5	31.5	53	18.5	42.5	57.5	4	68	43.5	28	16.5	31	50	20.5	38.5	60.5	21	54	54	48.5	40	40	13.5	18	44	35	45	41	47.5	39	32	31.5	39.5	27.5	52	59.5	32	34	46	43.5	57.5	63	16.5	33	28.5	63	23.5	21.5	38	24	21	
33	33.5	0	33.5	58.5	70.5	60.5	30.5	61	71	27.5	58.5	39	75	25	68.5	30	40.5	80.5	31	31.5	39.5	65	41.5	52	37	2	78.5	44	9	83	29.5	81.5	69	51.5	42	36.5	34.5	31	5	74	16.5	65.5	75.5	31	65.5	29.5	34	43.5	69.5	44.5	70.5	66.5	38	60.5	57.5	38	30	28	77.5	75	57.5	55.5	71.5	10	77	86.5	27	46.5	54	76.5	44	47	31.5	19.5	26.5	
48.5	18	33.5	0	49	55	45	3	51.5	61.5	22	49	28.5	65.5	30.5	59	35.5	25	69	40.5	20	24	49.5	26	36.5	32.5	31.5	63	28.5	42.5	67.5	14	72	53.5	38	26.5	31	50	20.5	38.5	64.5	21	56	64	46.5	50	30	18.5	28	54	35	55	51	47.5	49	42	31.5	39.5	27.5	62	65.5	42	44	56	41.5	67.5	73	16.5	37	38.5	67	28.5	31.5	32	24	21	
55.5	41	58.5	49	0	48	38	48	18.5	28.5	55	0	43.5	32.5	37.5	26	42.5	38	38	73.5	29	43	42.5	29	29.5	39.5	60.5	44	26.5	49.5	44.5	37	39	38.5	29	34.5	46	57	51.5	53.5	31.5	54	23	33	53.5	43	37	46.5	31	47	22	48	44	64.5	2	25	40.5	72.5	54.5	55	32.5	35	23	31	48.5	34.5	44	49.5	24	28.5	34	38.5	29.5	39	57	54	
101.5	45	70.5	55	48	0	22	52	45.5	35.5	59	48	65.5	31.5	81.5	38	76.5	42	26	77.5	75	51	21.5	33	28.5	69.5	68.5	20	30.5	79.5	19.5	41	23	25.5	55	38.5	68	87	57.5	75.5	32.5	58	41	31	85.5	7	77	50.5	35	1	62	0	8	84.5	46	49	68.5	76.5	64.5	7	31.5	19	51	33	80.5	29.5	18	53.5	60	50.5	30	60.5	33.5	75	61	58	
81.5	35	60.5	45	38	22	0	42	35.5	34.5	49	38	55.5	38.5	63.5	32	66.5	32	36	67.5	55	41	16.5	23	18.5	59.5	58.5	30	20.5	69.5	34.5	31	45	20.5	45	28.5	58	77	47.5	65.5	37.5	48	19	31	75.5	17	63	40.5	25	21	48	22	18	74.5	36	39	58.5	66.5	54.5	29	36.5	3	41	11	70.5	34.5	40	43.5	50	40.5	40	50.5	23.5	65	51	48	
51.5	15	30.5	3	48	52	42	0	50.5	64.5	19	48	25.5	68.5	33.5	62	36.5	22	66	37.5	23	21	46.5	23	33.5	29.5	28.5	60	25.5	39.5	64.5	11	75	50.5	35	23.5	28	47	17.5	35.5	67.5	18	59	61	45.5	47	33	15.5	25	51	38	52	48	44.5	46	39	28.5	36.5	24.5	59	66.5	39	41	53	40.5	64.5	70	13.5	40	35.5	70	25.5	28.5	35	21	18	
58	43.5	61	51.5	18.5	45.5	35.5	50.5	0	26	57.5	18.5	46	30	40	23.5	45	40.5	35.5	76	31.5	45.5	40	31.5	17	42	63	41.5	29	52	42	39.5	36.5	36	31.5	37	48.5	59.5	54	56	29	56.5	20.5	30.5	56	40.5	39.5	49	33.5	44.5	24.5	45.5	41.5	67	20.5	27.5	43	75	57	52.5	30	32.5	25.5	28.5	51	32	41.5	52	26.5	31	31.5	41	32	41.5	59.5	56.5	
68	61.5	71	61.5	28.5	35.5	34.5	64.5	26	0	67.5	28.5	56	10	50	8.5	55	54.5	15.5	94	41.5	55.5	30	51.5	43	52	73	21.5	49	62	22	59.5	16.5	26	41.5	53	58.5	69.5	64	66	3	76.5	15.5	15.5	66	30.5	49.5	61	51.5	34.5	34.5	35.5	31.5	77	30.5	37.5	53	95	67	32.5	4	37.5	35.5	23.5	61	6	21.5	68	36.5	41	11.5	51	48	51.5	75.5	68.5	
44.5	22	27.5	22	55	59	49	19	57.5	67.5	0	55	27.5	71.5	26.5	65	31.5	29	73	34.5	28	28	53.5	30	40.5	31.5	25.5	67	32.5	36.5	71.5	18	78	57.5	42	30.5	9	44	19.5	32.5	70.5	15	62	68	42.5	54	18	22.5	32	58	41	59	55	41.5	53	46	30.5	33.5	21.5	66	71.5	46	48	60	37.5	71.5	77	15.5	43	42.5	73	32.5	35.5	16	18	1	
55.5	41	58.5	49	0	48	38	48	18.5	28.5	55	0	43.5	32.5	37.5	26	42.5	38	38	73.5	29	43	42.5	29	29.5	39.5	60.5	44	26.5	49.5	44.5	37	39	38.5	29	34.5	46	57	51.5	53.5	31.5	54	23	33	53.5	43	37	46.5	31	47	22	48	44	64.5	2	25	40.5	72.5	54.5	55	32.5	35	23	31	48.5	34.5	44	49.5	24	28.5	34	38.5	29.5	39	57	54	
38	28.5	39	28.5	43.5	65.5	55.5	25.5	46	56	27.5	43.5	0	60	20	53.5	25	35.5	65.5	46	16.5	34.5	60	36.5	47	4	37	71.5	39	32	72	24.5	66.5	64	36.5	37	28.5	39.5	8	36	59	26.5	50.5	60.5	36	60.5	19.5	29	38.5	64.5	29.5	65.5	61.5	47	45.5	42.5	3	45	33	72.5	60	52.5	40.5	58.5	31	62	71.5	12	31.5	41	61.5	31	42	21.5	29.5	26.5	
72	65.5	75	65.5	32.5	31.5	38.5	68.5	30	10	71.5	32.5	60	0	54	12.5	59	58.5	14.5	98	45.5	59.5	34	57.5	47	56	77	20.5	55	66	12	65.5	10.5	30	45.5	57	62.5	73.5	68	70	13	82.5	19.5	19.5	70	31.5	53.5	65	55.5	30.5	38.5	31.5	32.5	81	34.5	41.5	57	99	71	26.5	14	41.5	39.5	27.5	65	16	15.5	72	40.5	45	10.5	55	52	55.5	79.5	72.5	
22	40.5	25	30.5	37.5	81.5	63.5	33.5	40	50	26.5	37.5	20	54	0	47.5	5	43.5	59.5	48	10.5	34.5	64	52.5	57	16	27	65.5	55	16	66	40.5	60.5	60	30.5	47	17.5	23.5	28	20	53	32.5	44.5	54.5	20	76.5	8.5	35	50.5	80.5	23.5	81.5	77.5	31	39.5	36.5	17	49	17	76.5	54	66.5	34.5	52.5	15	56	65.5	32	25.5	35	55.5	25	52	10.5	29.5	27.5	
65.5	59	68.5	59	26	38	32	62	23.5	8.5	65	26	53.5	12.5	47.5	0	52.5	52	18	91.5	39	53	27.5	49	40.5	49.5	70.5	24	46.5	59.5	24.5	57	19	23.5	39	50.5	56	67	61.5	63.5	11.5	74	13	7	63.5	33	47	58.5	49	37	32	38	34	74.5	28	35	50.5	92.5	64.5	35	12.5	35	33	21	58.5	14.5	24	65.5	34	38.5	14	48.5	45.5	49	73	66	
27	39.5	30	35.5	42.5	76.5	66.5	36.5	45	55	31.5	42.5	25	59	5	52.5	0	46.5	64.5	47	15.5	39.5	69	47.5	58	21	32	70.5	50	21	71	35.5	65.5	65	35.5	48	22.5	28.5	33	25	58	27.5	49.5	59.5	25	71.5	13.5	40	49.5	75.5	28.5	76.5	72.5	36	44.5	41.5	22	46	12	81.5	59	63.5	39.5	57.5	20	61	70.5	33	30.5	40	60.5	30	53	15.5	30.5	32.5	
61.5	15	40.5	25	38	42	32	22	40.5	54.5	29	38	35.5	58.5	43.5	52	46.5	0	56	47.5	35	21	36.5	13	23.5	39.5	38.5	50	15.5	49.5	54.5	11	65	40.5	13	13.5	38	57	27.5	45.5	57.5	28	49	51	55.5	37	43	20.5	15	41	20	42	38	54.5	36	29	38.5	46.5	34.5	49	56.5	29	31	43	50.5	54.5	60	23.5	18	25.5	60	30.5	18.5	45	31	28	
77.5	59	80.5	69	38	26	36	66	35.5	15.5	73	38	65.5	14.5	59.5	18	64.5	56	0	91.5	51	65	35.5	47	42.5	61.5	82.5	6	44.5	71.5	26.5	55	21	35.5	51	52.5	68	79	71.5	75.5	18.5	72	25	25	75.5	19	59	64.5	49	25	44	26	18	86.5	40	47	62.5	90.5	76.5	33	19.5	33	45	33	70.5	21.5	26	67.5	46	50.5	4	60.5	47.5	61	75	72	
26	40.5	31	40.5	73.5	77.5	67.5	37.5	76	94	34.5	73.5	46	98	48	91.5	47	47.5	91.5	0	54.5	46.5	72	48.5	59	50	29	85.5	51	40	90	36.5	100.5	76	60.5	49	43.5	32.5	38	36	93	23.5	86.5	86.5	36	72.5	52.5	41	50.5	76.5	67.5	77.5	73.5	25	71.5	64.5	49	1	35	84.5	92	64.5	66.5	78.5	41	90	95.5	34	65.5	61	95.5	51	54	50.5	26.5	33.5	
28.5	32	31.5	20	29	75	55	23	31.5	41.5	28	29	16.5	45.5	10.5	39	15.5	35	51	54.5	0	26	55.5	44	48.5	12.5	33.5	57	46.5	22.5	57.5	34	52	51.5	22	38.5	19	30	24.5	26.5	44.5	39	36	46	26.5	70	10	26.5	42	74	15	75	69	37.5	31	28	13.5	55.5	27.5	68	45.5	58	26	44	21.5	47.5	57	28.5	17	26.5	47	16.5	43.5	12	36	29	
52.5	6	39.5	24	43	51	41	21	45.5	55.5	28	43	34.5	59.5	34.5	53	39.5	21	65	46.5	26	0	45.5	22	32.5	36.5	37.5	59	24.5	46.5	63.5	10	66	49.5	34	22.5	37	54	26.5	44.5	58.5	27	50	60	50.5	46	34	19.5	24	50	29	51	47	53.5	45	38	37.5	45.5	33.5	58	59.5	38	40	52	45.5	61.5	69	22.5	31	34.5	61	29.5	27.5	36	30	27	
82	39.5	65	49.5	42.5	21.5	16.5	46.5	40	30	53.5	42.5	60	34	64	27.5	69	36.5	35.5	72	55.5	45.5	0	27.5	23	64	63	29.5	25	74	34	35.5	40.5	4	49.5	33	62.5	81.5	52	70	33	52.5	29.5	30.5	80	16.5	63.5	45	29.5	20.5	48.5	21.5	17.5	79	40.5	43.5	63	71	59	28.5	34	13.5	45.5	27.5	75	34	39.5	48	50.5	45	35.5	55	28	65.5	55.5	52.5	
70.5	16	41.5	26	29	33	23	23	31.5	51.5	30	29	36.5	57.5	52.5	49	47.5	13	47	48.5	44	22	27.5	0	14.5	40.5	39.5	41	6.5	50.5	45.5	12	56	31.5	26	9.5	39	58	28.5	46.5	48.5	29	42	42	56.5	28	48	21.5	2	32	33	33	29	55.5	27	16	39.5	47.5	35.5	40	47.5	20	18	34	51.5	45.5	51	24.5	31	21.5	51	31.5	9.5	46	32	29	
75	26.5	52	36.5	29.5	28.5	18.5	33.5	17	43	40.5	29.5	47	47	57	40.5	58	23.5	42.5	59	48.5	32.5	23	14.5	0	51	50	36.5	12	61	41	22.5	51.5	27	36.5	20	49.5	68.5	39	57	44	39.5	37.5	37.5	67	23.5	56.5	32	16.5	27.5	41.5	28.5	24.5	66	27.5	30.5	50	58	46	35.5	43	15.5	32.5	29.5	62	41	46.5	35	41.5	32	46.5	42	15	56.5	42.5	39.5	
34	32.5	37	32.5	39.5	69.5	59.5	29.5	42	52	31.5	39.5	4	56	16	49.5	21	39.5	61.5	50	12.5	36.5	64	40.5	51	0	39	67.5	43	28	68	28.5	62.5	62	32.5	41	24.5	35.5	12	32	55	30.5	46.5	56.5	32	64.5	15.5	33	42.5	68.5	25.5	69.5	65.5	43	41.5	38.5	1	49	33	76.5	56	56.5	36.5	54.5	27	58	67.5	16	27.5	37	57.5	27	46	17.5	33.5	30.5	
35	31.5	2	31.5	60.5	68.5	58.5	28.5	63	73	25.5	60.5	37	77	27	70.5	32	38.5	82.5	29	33.5	37.5	63	39.5	50	39	0	76.5	42	11	81	27.5	83.5	67	51.5	40	34.5	36.5	29	7	76	14.5	67.5	77.5	33	63.5	31.5	32	41.5	67.5	46.5	68.5	64.5	36	62.5	55.5	40	28	26	75.5	77	55.5	57.5	69.5	12	79	86.5	25	48.5	52	78.5	42	45	33.5	17.5	24.5	
83.5	53	78.5	63	44	20	30	60	41.5	21.5	67	44	71.5	20.5	65.5	24	70.5	50	6	85.5	57	59	29.5	41	36.5	67.5	76.5	0	38.5	77.5	32.5	49	27	33.5	57	46.5	74	85	65.5	81.5	24.5	66	31	31	81.5	13	65	58.5	43	19	50	20	12	92.5	46	53	68.5	84.5	72.5	27	25.5	27	51	39	76.5	27.5	32	61.5	52	56.5	10	66.5	41.5	67	69	66	
73	18.5	44	28.5	26.5	30.5	20.5	25.5	29	49	32.5	26.5	39	55	55	46.5	50	15.5	44.5	51	46.5	24.5	25	6.5	12	43	42	38.5	0	53	43	14.5	53.5	29	28.5	12	41.5	60.5	31	49	46	31.5	39.5	39.5	59	25.5	50.5	24	8.5	29.5	35.5	30.5	26.5	58	24.5	22.5	42	50	38	37.5	45	17.5	24.5	31.5	54	43	48.5	27	33.5	24	48.5	34	3	48.5	34.5	31.5	
24	42.5	9	42.5	49.5	79.5	69.5	39.5	52	62	36.5	49.5	32	66	16	59.5	21	49.5	71.5	40	22.5	46.5	74	50.5	61	28	11	77.5	53	0	78	38.5	72.5	72	42.5	51	29.5	25.5	40	4	65	25.5	56.5	66.5	22	74.5	20.5	43	52.5	78.5	35.5	79.5	75.5	33	51.5	48.5	29	39	33	86.5	66	66.5	46.5	64.5	1	68	77.5	36	37.5	47	67.5	37	56	22.5	28.5	35.5	
84	57.5	83	67.5	44.5	19.5	34.5	64.5	42	22	71.5	44.5	72	12	66	24.5	71	54.5	26.5	90	57.5	63.5	34	45.5	41	68	81	32.5	43	78	0	53.5	22.5	38	57.5	51	74.5	85.5	70	82	25	70.5	31.5	31.5	82	19.5	65.5	63	47.5	18.5	50.5	19.5	20.5	93	46.5	53.5	69	89	77	26.5	26	31.5	51.5	39.5	77	28	27.5	66	52.5	57	22.5	67	46	67.5	73.5	70.5	
62.5	4	29.5	14	37	41	31	11	39.5	59.5	18	37	24.5	65.5	40.5	57	35.5	11	55	36.5	34	10	35.5	12	22.5	28.5	27.5	49	14.5	38.5	53.5	0	64	39.5	24	12.5	27	46	16.5	34.5	56.5	17	50	50	44.5	36	36	9.5	14	40	31	41	37	43.5	35	28	27.5	35.5	23.5	48	55.5	28	30	42	39.5	53.5	59	12.5	29	24.5	59	19.5	17.5	34	20	17	
78.5	68	81.5	72	39	23	45	75	36.5	16.5	78	39	66.5	10.5	60.5	19	65.5	65	21	100.5	52	66	40.5	56	51.5	62.5	83.5	27	53.5	72.5	22.5	64	0	36.5	52	61.5	69	80	74.5	76.5	19.5	81	26	26	76.5	30	60	71.5	58	24	45	23	31	87.5	41	48	63.5	99.5	77.5	16	20.5	42	46	34	71.5	22.5	5	76.5	47	51.5	17	61.5	56.5	62	84	79	
78	43.5	69	53.5	38.5	25.5	20.5	50.5	36	26	57.5	38.5	64	30	60	23.5	65	40.5	35.5	76	51.5	49.5	4	31.5	27	62	67	33.5	29	72	38	39.5	36.5	0	51.5	37	66.5	79.5	56	74	29	56.5	25.5	30.5	76	20.5	59.5	49	33.5	24.5	44.5	25.5	21.5	83	40.5	47.5	63	75	63	32.5	30	17.5	45.5	31.5	71	32	41.5	52	46.5	49	31.5	59	32	61.5	59.5	56.5	
48.5	28	51.5	38	29	55	45	35	31.5	41.5	42	29	36.5	45.5	30.5	39	35.5	13	51	60.5	22	34	49.5	26	36.5	32.5	51.5	57	28.5	42.5	57.5	24	52	51.5	0	26.5	39	50	40.5	46.5	44.5	41	36	46	46.5	50	30	33.5	28	54	7	55	51	57.5	31	28	33.5	59.5	47.5	62	45.5	42	26	44	41.5	47.5	57	36.5	5	26.5	47	31.5	31.5	32	44	41	
65	16.5	42	26.5	34.5	38.5	28.5	23.5	37	53	30.5	34.5	37	57	47	50.5	48	13.5	52.5	49	38.5	22.5	33	9.5	20	41	40	46.5	12	51	51	12.5	61.5	37	26.5	0	39.5	58.5	29	47	54	29.5	47.5	47.5	57	33.5	46.5	22	11.5	37.5	31.5	38.5	34.5	56	32.5	25.5	40	48	36	45.5	53	25.5	27.5	39.5	52	51	56.5	25	31.5	12	56.5	32	15	46.5	32.5	29.5	
35.5	31	36.5	31	46	68	58	28	48.5	58.5	9	46	28.5	62.5	17.5	56	22.5	38	68	43.5	19	37	62.5	39	49.5	24.5	34.5	74	41.5	29.5	74.5	27	69	66.5	39	39.5	0	37	28.5	33.5	61.5	24	53	63	33.5	63	9	31.5	41	67	32	68	64	44.5	48	45	25.5	42.5	30.5	75	62.5	55	43	61	28.5	64.5	74	24.5	34	43.5	64	33.5	44.5	7	27	10	
16.5	50	34.5	50	57	87	77	47	59.5	69.5	44	57	39.5	73.5	23.5	67	28.5	57	79	32.5	30	54	81.5	58	68.5	35.5	36.5	85	60.5	25.5	85.5	46	80	79.5	50	58.5	37	0	47.5	29.5	72.5	33	64	74	19.5	82	28	50.5	60	86	43	87	83	25.5	59	56	36.5	31.5	40.5	94	73.5	74	54	72	24.5	75.5	85	43.5	45	54.5	75	44.5	63.5	30	36	43	
46	20.5	31	20.5	51.5	57.5	47.5	17.5	54	64	19.5	51.5	8	68	28	61.5	33	27.5	71.5	38	24.5	26.5	52	28.5	39	12	29	65.5	31	40	70	16.5	74.5	56	40.5	29	28.5	47.5	0	36	67	18.5	58.5	66.5	44	52.5	27.5	21	30.5	56.5	37.5	57.5	53.5	45	51.5	44.5	11	37	25	64.5	68	44.5	46.5	58.5	39	70	75.5	4	39.5	41	69.5	31	34	29.5	21.5	18.5	
28	38.5	5	38.5	53.5	75.5	65.5	35.5	56	66	32.5	53.5	36	70	20	63.5	25	45.5	75.5	36	26.5	44.5	70	46.5	57	32	7	81.5	49	4	82	34.5	76.5	74	46.5	47	33.5	29.5	36	0	69	21.5	60.5	70.5	26	70.5	24.5	39	48.5	74.5	39.5	75.5	71.5	37	55.5	52.5	33	35	33	82.5	70	62.5	50.5	68.5	5	72	81.5	32	41.5	51	71.5	41	52	26.5	24.5	31.5	
71	60.5	74	64.5	31.5	32.5	37.5	67.5	29	3	70.5	31.5	59	13	53	11.5	58	57.5	18.5	93	44.5	58.5	33	48.5	44	55	76	24.5	46	65	25	56.5	19.5	29	44.5	54	61.5	72.5	67	69	0	73.5	18.5	18.5	69	27.5	52.5	64	50.5	31.5	37.5	32.5	28.5	80	33.5	40.5	56	92	70	35.5	1	34.5	38.5	26.5	64	3	24.5	69	39.5	44	14.5	54	49	54.5	76.5	71.5	
45.5	21	16.5	21	54	58	48	18	56.5	76.5	15	54	26.5	82.5	32.5	74	27.5	28	72	23.5	39	27	52.5	29	39.5	30.5	14.5	66	31.5	25.5	70.5	17	81	56.5	41	29.5	24	33	18.5	21.5	73.5	0	67	67	31.5	53	33	21.5	31	57	48	58	54	30.5	52	45	29.5	22.5	15.5	65	72.5	45	47	59	26.5	70.5	76	14.5	46	41.5	76	31.5	34.5	31	3	14	
62.5	54	65.5	56	23	41	19	59	20.5	15.5	62	23	50.5	19.5	44.5	13	49.5	49	25	86.5	36	50	29.5	42	37.5	46.5	67.5	31	39.5	56.5	31.5	50	26	25.5	36	47.5	53	64	58.5	60.5	18.5	67	0	20	60.5	36	44	55.5	44	40	29	41	37	71.5	25	32	47.5	85.5	61.5	42	19.5	22	30	8	55.5	21.5	31	62.5	31	35.5	21	45.5	42.5	46	70	63	
72.5	54	75.5	64	33	31	31	61	30.5	15.5	68	33	60.5	19.5	54.5	7	59.5	51	25	86.5	46	60	30.5	42	37.5	56.5	77.5	31	39.5	66.5	31.5	50	26	30.5	46	47.5	63	74	66.5	70.5	18.5	67	20	0	70.5	26	54	59.5	44	30	39	31	27	81.5	35	42	57.5	85.5	71.5	38	19.5	28	40	28	65.5	21.5	31	62.5	41	45.5	21	55.5	42.5	56	70	67	
18	48.5	31	46.5	53.5	85.5	75.5	45.5	56	66	42.5	53.5	36	70	20	63.5	25	55.5	75.5	36	26.5	50.5	80	56.5	67	32	33	81.5	59	22	82	44.5	76.5	76	46.5	57	33.5	19.5	44	26	69	31.5	60.5	70.5	0	80.5	24.5	49	58.5	84.5	39.5	85.5	81.5	27	55.5	52.5	33	35	37	92.5	70	72.5	50.5	68.5	21	72	81.5	42	41.5	51	71.5	41	62	26.5	34.5	41.5	
96.5	40	65.5	50	43	7	17	47	40.5	30.5	54	43	60.5	31.5	76.5	33	71.5	37	19	72.5	70	46	16.5	28	23.5	64.5	63.5	13	25.5	74.5	19.5	36	30	20.5	50	33.5	63	82	52.5	70.5	27.5	53	36	26	80.5	0	72	45.5	30	6	57	7	1	79.5	41	44	63.5	71.5	59.5	14	26.5	14	46	28	75.5	24.5	25	48.5	55	45.5	23	55.5	28.5	70	56	53	
26.5	40	29.5	30	37	77	63	33	39.5	49.5	18	37	19.5	53.5	8.5	47	13.5	43	59	52.5	10	34	63.5	48	56.5	15.5	31.5	65	50.5	20.5	65.5	36	60	59.5	30	46.5	9	28	27.5	24.5	52.5	33	44	54	24.5	72	0	34.5	50	76	23	77	73	35.5	39	36	16.5	51.5	25.5	76	53.5	64	34	52	19.5	55.5	65	31.5	25	34.5	55	24.5	51.5	2	34	19	
53	13.5	34	18.5	46.5	50.5	40.5	15.5	49	61	22.5	46.5	29	65	35	58.5	40	20.5	64.5	41	26.5	19.5	45	21.5	32	33	32	58.5	24	43	63	9.5	71.5	49	33.5	22	31.5	50.5	21	39	64	21.5	55.5	59.5	49	45.5	34.5	0	23.5	49.5	34.5	50.5	46.5	48	44.5	37.5	32	40	28	57.5	65	37.5	39.5	51.5	44	63	68.5	17	36.5	34	66.5	10	27	36.5	24.5	21.5	
68.5	18	43.5	28	31	35	25	25	33.5	51.5	32	31	38.5	55.5	50.5	49	49.5	15	49	50.5	42	24	29.5	2	16.5	42.5	41.5	43	8.5	52.5	47.5	14	58	33.5	28	11.5	41	60	30.5	48.5	50.5	31	44	44	58.5	30	50	23.5	0	34	35	35	31	57.5	29	14	41.5	49.5	37.5	42	49.5	22	16	36	53.5	47.5	53	26.5	33	23.5	53	33.5	11.5	48	34	31	
102.5	44	69.5	54	47	1	21	51	44.5	34.5	58	47	64.5	30.5	80.5	37	75.5	41	25	76.5	74	50	20.5	32	27.5	68.5	67.5	19	29.5	78.5	18.5	40	24	24.5	54	37.5	67	86	56.5	74.5	31.5	57	40	30	84.5	6	76	49.5	34	0	61	1	7	83.5	45	48	67.5	75.5	63.5	8	30.5	18	50	32	79.5	28.5	19	52.5	59	49.5	29	59.5	32.5	74	60	57	
41.5	35	44.5	35	22	62	48	38	24.5	34.5	41	22	29.5	38.5	23.5	32	28.5	20	44	67.5	15	29	48.5	33	41.5	25.5	46.5	50	35.5	35.5	50.5	31	45	44.5	7	31.5	32	43	37.5	39.5	37.5	48	29	39	39.5	57	23	34.5	35	61	0	62	58	50.5	24	21	26.5	66.5	40.5	61	38.5	49	19	37	34.5	40.5	50	41.5	2	19.5	40	24.5	36.5	25	49	42	
101.5	45	70.5	55	48	0	22	52	45.5	35.5	59	48	65.5	31.5	81.5	38	76.5	42	26	77.5	75	51	21.5	33	28.5	69.5	68.5	20	30.5	79.5	19.5	41	23	25.5	55	38.5	68	87	57.5	75.5	32.5	58	41	31	85.5	7	77	50.5	35	1	62	0	8	84.5	46	49	68.5	76.5	64.5	7	31.5	19	51	33	80.5	29.5	18	53.5	60	50.5	30	60.5	33.5	75	61	58	
95.5	41	66.5	51	44	8	18	48	41.5	31.5	55	44	61.5	32.5	77.5	34	72.5	38	18	73.5	69	47	17.5	29	24.5	65.5	64.5	12	26.5	75.5	20.5	37	31	21.5	51	34.5	64	83	53.5	71.5	28.5	54	37	27	81.5	1	73	46.5	31	7	58	8	0	80.5	42	45	64.5	72.5	60.5	15	27.5	15	47	29	76.5	25.5	26	49.5	56	46.5	22	56.5	29.5	71	57	54	
19	47.5	38	47.5	64.5	84.5	74.5	44.5	67	77	41.5	64.5	47	81	31	74.5	36	54.5	86.5	25	37.5	53.5	79	55.5	66	43	36	92.5	58	33	93	43.5	87.5	83	57.5	56	44.5	25.5	45	37	80	30.5	71.5	81.5	27	79.5	35.5	48	57.5	83.5	50.5	84.5	80.5	0	66.5	63.5	44	24	42	91.5	81	71.5	61.5	79.5	32	83	92.5	41	52.5	62	82.5	52	61	37.5	33.5	40.5	
57.5	39	60.5	49	2	46	36	46	20.5	30.5	53	2	45.5	34.5	39.5	28	44.5	36	40	71.5	31	45	40.5	27	27.5	41.5	62.5	46	24.5	51.5	46.5	35	41	40.5	31	32.5	48	59	51.5	55.5	33.5	52	25	35	55.5	41	39	44.5	29	45	24	46	42	66.5	0	27	42.5	70.5	56.5	53	34.5	33	25	33	50.5	36.5	46	47.5	26	30.5	36	40.5	27.5	41	55	52	
54.5	32	57.5	42	25	49	39	39	27.5	37.5	46	25	42.5	41.5	36.5	35	41.5	29	47	64.5	28	38	43.5	16	30.5	38.5	55.5	53	22.5	48.5	53.5	28	48	47.5	28	25.5	45	56	44.5	52.5	40.5	45	32	42	52.5	44	36	37.5	14	48	21	49	45	63.5	27	0	39.5	63.5	51.5	56	41.5	36	2	40	47.5	43.5	53	40.5	23	27.5	43	37.5	25.5	38	48	45	
35	31.5	38	31.5	40.5	68.5	58.5	28.5	43	53	30.5	40.5	3	57	17	50.5	22	38.5	62.5	49	13.5	37.5	63	39.5	50	1	40	68.5	42	29	69	27.5	63.5	63	33.5	40	25.5	36.5	11	33	56	29.5	47.5	57.5	33	63.5	16.5	32	41.5	67.5	26.5	68.5	64.5	44	42.5	39.5	0	48	34	75.5	57	55.5	37.5	55.5	28	59	68.5	15	28.5	38	58.5	28	45	18.5	32.5	29.5	
27	39.5	30	39.5	72.5	76.5	66.5	36.5	75	95	33.5	72.5	45	99	49	92.5	46	46.5	90.5	1	55.5	45.5	71	47.5	58	49	28	84.5	50	39	89	35.5	99.5	75	59.5	48	42.5	31.5	37	35	92	22.5	85.5	85.5	35	71.5	51.5	40	49.5	75.5	66.5	76.5	72.5	24	70.5	63.5	48	0	34	83.5	91	63.5	65.5	77.5	40	89	94.5	33	64.5	60	94.5	50	53	49.5	25.5	32.5	
39	27.5	28	27.5	54.5	64.5	54.5	24.5	57	67	21.5	54.5	33	71	17	64.5	12	34.5	76.5	35	27.5	33.5	59	35.5	46	33	26	72.5	38	33	77	23.5	77.5	63	47.5	36	30.5	40.5	25	33	70	15.5	61.5	71.5	37	59.5	25.5	28	37.5	63.5	40.5	64.5	60.5	42	56.5	51.5	34	34	0	71.5	71	51.5	51.5	65.5	32	73	82.5	21	42.5	48	72.5	38	41	27.5	18.5	20.5	
94.5	52	77.5	62	55	7	29	59	52.5	32.5	66	55	72.5	26.5	76.5	35	81.5	49	33	84.5	68	58	28.5	40	35.5	76.5	75.5	27	37.5	86.5	26.5	48	16	32.5	62	45.5	75	94	64.5	82.5	35.5	65	42	38	92.5	14	76	57.5	42	8	61	7	15	91.5	53	56	75.5	83.5	71.5	0	36.5	26	58	40	87.5	36.5	11	60.5	63	57.5	33	67.5	40.5	78	68	65	
72	59.5	75	65.5	32.5	31.5	36.5	66.5	30	4	71.5	32.5	60	14	54	12.5	59	56.5	19.5	92	45.5	59.5	34	47.5	43	56	77	25.5	45	66	26	55.5	20.5	30	45.5	53	62.5	73.5	68	70	1	72.5	19.5	19.5	70	26.5	53.5	65	49.5	30.5	38.5	31.5	27.5	81	34.5	41.5	57	91	71	36.5	0	33.5	39.5	27.5	65	2	25.5	68	40.5	45	15.5	55	48	55.5	75.5	72.5	
84.5	32	57.5	42	35	19	3	39	32.5	37.5	46	35	52.5	41.5	66.5	35	63.5	29	33	64.5	58	38	13.5	20	15.5	56.5	55.5	27	17.5	66.5	31.5	28	42	17.5	42	25.5	55	74	44.5	62.5	34.5	45	22	28	72.5	14	64	37.5	22	18	49	19	15	71.5	33	36	55.5	63.5	51.5	26	33.5	0	38	14	67.5	31.5	37	40.5	47	37.5	37	47.5	20.5	62	48	45	
52.5	34	55.5	44	23	51	41	41	25.5	35.5	48	23	40.5	39.5	34.5	33	39.5	31	45	66.5	26	40	45.5	18	32.5	36.5	57.5	51	24.5	46.5	51.5	30	46	45.5	26	27.5	43	54	46.5	50.5	38.5	47	30	40	50.5	46	34	39.5	16	50	19	51	47	61.5	25	2	37.5	65.5	51.5	58	39.5	38	0	38	45.5	41.5	51	42.5	21	25.5	41	35.5	27.5	36	50	47	
70.5	46	71.5	56	31	33	11	53	28.5	23.5	60	31	58.5	27.5	52.5	21	57.5	43	33	78.5	44	52	27.5	34	29.5	54.5	69.5	39	31.5	64.5	39.5	42	34	31.5	44	39.5	61	72	58.5	68.5	26.5	59	8	28	68.5	28	52	51.5	36	32	37	33	29	79.5	33	40	55.5	77.5	65.5	40	27.5	14	38	0	63.5	29.5	39	54.5	39	43.5	29	53.5	34.5	54	62	59	
23	43.5	10	41.5	48.5	80.5	70.5	40.5	51	61	37.5	48.5	31	65	15	58.5	20	50.5	70.5	41	21.5	45.5	75	51.5	62	27	12	76.5	54	1	77	39.5	71.5	71	41.5	52	28.5	24.5	39	5	64	26.5	55.5	65.5	21	75.5	19.5	44	53.5	79.5	34.5	80.5	76.5	32	50.5	47.5	28	40	32	87.5	65	67.5	45.5	63.5	0	67	76.5	37	36.5	46	66.5	36	57	21.5	29.5	36.5	
74	57.5	77	67.5	34.5	29.5	34.5	64.5	32	6	71.5	34.5	62	16	56	14.5	61	54.5	21.5	90	47.5	61.5	34	45.5	41	58	79	27.5	43	68	28	53.5	22.5	32	47.5	51	64.5	75.5	70	72	3	70.5	21.5	21.5	72	24.5	55.5	63	47.5	28.5	40.5	29.5	25.5	83	36.5	43.5	59	89	73	36.5	2	31.5	41.5	29.5	67	0	27.5	66	42.5	47	17.5	57	46	57.5	73.5	70.5	
83.5	63	86.5	73	44	18	40	70	41.5	21.5	77	44	71.5	15.5	65.5	24	70.5	60	26	95.5	57	69	39.5	51	46.5	67.5	86.5	32	48.5	77.5	27.5	59	5	41.5	57	56.5	74	85	75.5	81.5	24.5	76	31	31	81.5	25	65	68.5	53	19	50	18	26	92.5	46	53	68.5	94.5	82.5	11	25.5	37	51	39	76.5	27.5	0	71.5	52	56.5	22	66.5	51.5	67	79	76	
50	16.5	27	16.5	49.5	53.5	43.5	13.5	52	68	15.5	49.5	12	72	32	65.5	33	23.5	67.5	34	28.5	22.5	48	24.5	35	16	25	61.5	27	36	66	12.5	76.5	52	36.5	25	24.5	43.5	4	32	69	14.5	62.5	62.5	42	48.5	31.5	17	26.5	52.5	41.5	53.5	49.5	41	47.5	40.5	15	33	21	60.5	68	40.5	42.5	54.5	37	66	71.5	0	41.5	37	71.5	27	30	31.5	17.5	14.5	
43.5	33	46.5	37	24	60	50	40	26.5	36.5	43	24	31.5	40.5	25.5	34	30.5	18	46	65.5	17	31	50.5	31	41.5	27.5	48.5	52	33.5	37.5	52.5	29	47	46.5	5	31.5	34	45	39.5	41.5	39.5	46	31	41	41.5	55	25	36.5	33	59	2	60	56	52.5	26	23	28.5	64.5	42.5	63	40.5	47	21	39	36.5	42.5	52	41.5	0	21.5	42	26.5	36.5	27	49	44	
53	28.5	54	38.5	28.5	50.5	40.5	35.5	31	41	42.5	28.5	41	45	35	38.5	40	25.5	50.5	61	26.5	34.5	45	21.5	32	37	52	56.5	24	47	57	24.5	51.5	49	26.5	12	43.5	54.5	41	51	44	41.5	35.5	45.5	51	45.5	34.5	34	23.5	49.5	19.5	50.5	46.5	62	30.5	27.5	38	60	48	57.5	45	37.5	25.5	43.5	46	47	56.5	37	21.5	0	46.5	36	27	36.5	44.5	41.5	
73.5	63	76.5	67	34	30	40	70	31.5	11.5	73	34	61.5	10.5	55.5	14	60.5	60	4	95.5	47	61	35.5	51	46.5	57.5	78.5	10	48.5	67.5	22.5	59	17	31.5	47	56.5	64	75	69.5	71.5	14.5	76	21	21	71.5	23	55	66.5	53	29	40	30	22	82.5	36	43	58.5	94.5	72.5	33	15.5	37	41	29	66.5	17.5	22	71.5	42	46.5	0	56.5	51.5	57	79	74	
43	23.5	44	28.5	38.5	60.5	50.5	25.5	41	51	32.5	38.5	31	55	25	48.5	30	30.5	60.5	51	16.5	29.5	55	31.5	42	27	42	66.5	34	37	67	19.5	61.5	59	31.5	32	33.5	44.5	31	41	54	31.5	45.5	55.5	41	55.5	24.5	10	33.5	59.5	24.5	60.5	56.5	52	40.5	37.5	28	50	38	67.5	55	47.5	35.5	53.5	36	57	66.5	27	26.5	36	56.5	0	37	26.5	34.5	31.5	
70	21.5	47	31.5	29.5	33.5	23.5	28.5	32	48	35.5	29.5	42	52	52	45.5	53	18.5	47.5	54	43.5	27.5	28	9.5	15	46	45	41.5	3	56	46	17.5	56.5	32	31.5	15	44.5	63.5	34	52	49	34.5	42.5	42.5	62	28.5	51.5	27	11.5	32.5	36.5	33.5	29.5	61	27.5	25.5	45	53	41	40.5	48	20.5	27.5	34.5	57	46	51.5	30	36.5	27	51.5	37	0	51.5	37.5	34.5	
28.5	38	31.5	32	39	75	65	35	41.5	51.5	16	39	21.5	55.5	10.5	49	15.5	45	61	50.5	12	36	65.5	46	56.5	17.5	33.5	67	48.5	22.5	67.5	34	62	61.5	32	46.5	7	30	29.5	26.5	54.5	31	46	56	26.5	70	2	36.5	48	74	25	75	71	37.5	41	38	18.5	49.5	27.5	78	55.5	62	36	54	21.5	57.5	67	31.5	27	36.5	57	26.5	51.5	0	34	17	
42.5	24	19.5	24	57	61	51	21	59.5	75.5	18	57	29.5	79.5	29.5	73	30.5	31	75	26.5	36	30	55.5	32	42.5	33.5	17.5	69	34.5	28.5	73.5	20	84	59.5	44	32.5	27	36	21.5	24.5	76.5	3	70	70	34.5	56	34	24.5	34	60	49	61	57	33.5	55	48	32.5	25.5	18.5	68	75.5	48	50	62	29.5	73.5	79	17.5	49	44.5	79	34.5	37.5	34	0	17	
45.5	21	26.5	21	54	58	48	18	56.5	68.5	1	54	26.5	72.5	27.5	66	32.5	28	72	33.5	29	27	52.5	29	39.5	30.5	24.5	66	31.5	35.5	70.5	17	79	56.5	41	29.5	10	43	18.5	31.5	71.5	14	63	67	41.5	53	19	21.5	31	57	42	58	54	40.5	52	45	29.5	32.5	20.5	65	72.5	45	47	59	36.5	70.5	76	14.5	44	41.5	74	31.5	34.5	17	17	0	
