Number of items: 75
Horizon: 3
Time limit: 750
Load limit: 4500
Initial item inventory level
20
138
150
74
90
142
184
30
42
84
58
158
50
198
170
138
82
95
168
28
70
58
136
16
82
30
156
38
84
168
32
140
89
124
95
170
88
198
94
32
112
39
54
184
58
88
74
78
66
77
140
28
92
36
35
98
28
70
192
27
100
66
47
34
65
91
84
94
71
99
152
30
31
60
62
Maximum inventory capacity per item
30
207
225
148
180
213
276
45
84
126
87
237
100
297
255
207
164
190
252
42
140
116
204
32
164
45
234
57
126
252
64
210
178
186
190
255
132
297
141
48
168
78
81
276
116
176
148
117
99
154
210
56
184
72
70
147
56
140
288
54
150
99
94
51
130
182
168
141
142
198
228
60
62
120
124
Reserve storage replenishment rate per item and per period
60	0	0	
414	0	0	
450	0	0	
444	0	0	
540	0	0	
426	0	0	
552	0	0	
90	0	0	
252	0	0	
252	0	0	
174	0	0	
474	0	0	
300	0	0	
594	0	0	
510	0	0	
414	0	0	
492	0	0	
570	0	0	
504	0	0	
84	0	0	
420	0	0	
348	0	0	
408	0	0	
96	0	0	
492	0	0	
90	0	0	
468	0	0	
114	0	0	
252	0	0	
504	0	0	
192	0	0	
420	0	0	
534	0	0	
372	0	0	
570	0	0	
510	0	0	
264	0	0	
594	0	0	
282	0	0	
96	0	0	
336	0	0	
234	0	0	
162	0	0	
552	0	0	
348	0	0	
528	0	0	
444	0	0	
234	0	0	
198	0	0	
462	0	0	
420	0	0	
168	0	0	
552	0	0	
216	0	0	
210	0	0	
294	0	0	
168	0	0	
420	0	0	
576	0	0	
162	0	0	
300	0	0	
198	0	0	
282	0	0	
102	0	0	
390	0	0	
546	0	0	
504	0	0	
282	0	0	
426	0	0	
594	0	0	
456	0	0	
180	0	0	
186	0	0	
360	0	0	
372	0	0	
Forward storage demand rate per item and per period
10	5	3	
69	103	82	
75	68	89	
74	77	23	
90	92	58	
71	81	12	
92	50	95	
15	17	8	
42	7	45	
42	42	25	
29	28	33	
79	17	112	
50	57	14	
99	64	132	
85	68	139	
69	48	76	
82	106	89	
95	136	125	
84	42	31	
14	16	6	
70	79	16	
58	37	60	
68	54	116	
16	16	10	
82	116	85	
15	24	10	
78	13	85	
19	18	35	
42	35	31	
84	86	131	
32	22	9	
70	59	102	
89	70	93	
62	89	53	
95	43	85	
85	89	120	
44	48	22	
99	85	40	
47	26	53	
16	10	8	
56	39	49	
39	49	22	
27	9	20	
92	96	108	
58	90	45	
88	9	147	
74	125	39	
39	35	25	
33	39	22	
77	32	47	
70	15	24	
28	31	27	
92	83	115	
36	26	27	
35	34	24	
49	53	62	
28	29	15	
70	89	47	
96	141	175	
27	11	39	
50	65	58	
33	26	7	
47	32	47	
17	13	13	
65	111	66	
91	113	84	
84	148	68	
47	81	49	
71	38	91	
99	130	177	
76	62	47	
30	33	27	
31	40	12	
60	73	12	
62	64	80	
Distance matrix
0	41	73.5	47.5	14.5	58	59	82.5	8.5	40.5	73	61.5	13	32	34.5	45	45	42	48.5	43.5	74.5	57	72	43	51	99	6	73.5	28.5	10	75	50	68.5	54	63	56	47.5	78	37	79.5	46.5	38.5	21.5	73	50.5	64	71	34	69	23	34	99	39	71.5	79.5	52.5	65.5	86.5	41.5	36.5	73.5	84	34.5	46.5	68	52.5	33.5	69.5	91	74	48.5	33	58.5	44.5	24.5	51.5	
41	0	54.5	31.5	40.5	17	40	61.5	34.5	26.5	54	42.5	44	47	44.5	26	34	37	30.5	24.5	39.5	38	53	36	32	60	47	50.5	24.5	51	44	9	49.5	35	44	15	28.5	59	42	60.5	32.5	24.5	57.5	36	31.5	45	52	25	50	54	35	60	2	52.5	60.5	33.5	38.5	57.5	37.5	22.5	54.5	55	30.5	27.5	49	31.5	45.5	50.5	58	45	30.5	44	39.5	34.5	50.5	32.5	
73.5	54.5	0	54	73	43.5	22.5	29	67	59	31.5	40	76.5	69.5	67	48.5	56.5	59.5	53	42	27	20.5	29.5	58.5	34.5	27.5	79.5	28	57	83.5	26.5	51.5	5	47.5	21.5	45.5	36	36.5	64.5	38	55	57	80	28.5	39	22.5	29.5	57.5	32.5	78.5	67.5	27.5	52.5	30	38	31	36	25	60	55	32	22.5	63	55	26.5	49	68	4	25.5	27.5	53	68.5	15	57	77	30	
47.5	31.5	54	0	33	14.5	63.5	55	39	27	59.5	36	34.5	15.5	13	37.5	2.5	5.5	19	44	33	65.5	50.5	4.5	51.5	53.5	41.5	44	29	37.5	37.5	22.5	59	38.5	69.5	16.5	50	64.5	10.5	68	11	29	26	29.5	47	68.5	71.5	28.5	53.5	24.5	18.5	53.5	33.5	66	68	55	32	51	6	31	64	48.5	23	31	74.5	25	14	58	51.5	38.5	19	14.5	69	13	23	56	
14.5	40.5	73	33	0	47.5	58.5	82	6	40	72.5	61	17.5	31.5	34	44.5	30.5	33.5	48	43	66	56.5	71.5	32.5	50.5	86.5	20.5	73	28	24.5	70.5	49.5	68	53.5	62.5	49.5	47	77.5	28.5	79	44	38	31	62.5	50	63.5	70.5	33.5	68.5	27.5	33.5	86.5	38.5	71	79	52	65	84	39	36	73	81.5	34	46	67.5	52	19	69	84.5	71.5	48	32.5	58	44	10	51	
58	17	43.5	14.5	47.5	0	53	44.5	51.5	21.5	49	25.5	49	30	27.5	27	17	20	13.5	33.5	22.5	55	40	19	41	43	56	33.5	33.5	52	27	8	48.5	28	59	2	39.5	54	25	57.5	15.5	23.5	40.5	19	36.5	58	61	28	43	39	28	43	19	55.5	57.5	44.5	21.5	40.5	20.5	25.5	53.5	38	27.5	20.5	64	14.5	28.5	47.5	41	28	13.5	29	56.5	17.5	37.5	45.5	
59	40	22.5	63.5	58.5	53	0	31.5	52.5	44.5	22	35.5	62	71	68.5	34	66	69	52.5	27.5	36.5	2	13	68	20	42	65	27.5	42.5	69	34	49	17.5	33	12	55	21.5	27	74	28.5	60.5	42.5	75.5	38	24.5	13	20	43	10	72	53	42	38	20.5	28.5	16.5	39.5	35.5	65.5	40.5	22.5	33	48.5	40.5	17	46.5	77.5	18.5	40	33	52.5	62	7.5	58.5	68.5	15.5	
82.5	61.5	29	55	82	44.5	31.5	0	76	62	29.5	41	85.5	70.5	68	57.5	57.5	60.5	54	51	28	29.5	30.5	59.5	43.5	18.5	88.5	29	66	92.5	27.5	52.5	34	48.5	25.5	46.5	45	29.5	65.5	33	56	64	81	29.5	48	26.5	28.5	66.5	33.5	79.5	68.5	18.5	61.5	11	33	40	37	4	61	64	9	18.5	68	56	25.5	50	69	33	16.5	28.5	54	69.5	26	58	78	39	
8.5	34.5	67	39	6	51.5	52.5	76	0	34	66.5	55	11.5	25.5	28	38.5	36.5	35.5	42	37	68	50.5	65.5	36.5	44.5	92.5	14.5	67	22	18.5	68.5	43.5	62	47.5	56.5	49.5	41	71.5	30.5	73	40	32	25	66.5	44	57.5	64.5	27.5	62.5	21.5	27.5	92.5	32.5	65	73	46	59	80	35	30	67	77.5	28	40	61.5	46	25	63	84.5	67.5	42	26.5	52	38	16	45	
40.5	26.5	59	27	40	21.5	44.5	62	34	0	58.5	43	43.5	42.5	40	30.5	29.5	32.5	8	29	40	42.5	57.5	31.5	36.5	60.5	46.5	51	24	50.5	44.5	29.5	54	39.5	48.5	23.5	33	63.5	37.5	65	28	2	53	36.5	36	49.5	56.5	24.5	54.5	51.5	34.5	60.5	24.5	57	65	38	39	58	33	4	59	55.5	30	32	53.5	32	41	55	58.5	45.5	8	41.5	44	30	50	37	
73	54	31.5	59.5	72.5	49	22	29.5	66.5	58.5	0	45.5	76	75	72.5	48	62	65	58.5	41.5	32.5	20	35	64	34	28	79	33.5	56.5	83	32	57	26.5	47	10	51	35.5	31	70	32.5	60.5	56.5	85.5	34	38.5	9	24	57	32	84	67	28	52	24.5	32.5	30.5	41.5	25.5	65.5	54.5	26.5	11	62.5	54.5	21	54.5	73.5	27.5	26	33	58.5	74	16.5	62.5	82.5	29.5	
61.5	42.5	40	36	61	25.5	35.5	41	55	43	45.5	0	64.5	51.5	49	36.5	38.5	41.5	35	30	19	33.5	36.5	40.5	27.5	39.5	67.5	30	45	71.5	23.5	33.5	45	29.5	39.5	27.5	14	50.5	46.5	54	37	45	62	15.5	11	40.5	47.5	45.5	39.5	60.5	49.5	39.5	40.5	48	54	29	4	37	42	43	50	34.5	49	37	44.5	31	50	44	37.5	24.5	35	50.5	35	39	59	28	
13	44	76.5	34.5	17.5	49	62	85.5	11.5	43.5	76	64.5	0	35	37.5	48	32	35	51.5	46.5	67.5	60	75	34	54	88	19	76.5	31.5	23	72	53	71.5	57	66	51	50.5	81	30	82.5	45.5	41.5	29.5	64	53.5	67	74	37	72	10	37	88	42	74.5	82.5	55.5	66.5	85.5	40.5	39.5	76.5	83	37.5	49.5	71	55.5	28.5	72.5	86	73	51.5	36	61.5	47.5	27.5	54.5	
32	47	69.5	15.5	31.5	30	71	70.5	25.5	42.5	75	51.5	35	0	18.5	53	13	16	34.5	55.5	48.5	69	66	15	63	69	38	59.5	40.5	38	53	38	74.5	54	75	32	59.5	80	5	83.5	26.5	44.5	26.5	45	62.5	76	83	44	69	25	34	69	49	81.5	83.5	64.5	47.5	66.5	21.5	46.5	79.5	64	38.5	46.5	80	40.5	14.5	73.5	67	54	34.5	25	70.5	28.5	23.5	63.5	
34.5	44.5	67	13	34	27.5	68.5	68	28	40	72.5	49	37.5	18.5	0	50.5	10.5	13.5	32	53	46	66.5	63.5	12.5	60.5	66.5	40.5	57	38	40.5	50.5	35.5	72	51.5	72.5	29.5	57	77.5	13.5	81	24	42	29	42.5	60	73.5	80.5	41.5	66.5	27.5	31.5	66.5	46.5	79	81	62	45	64	19	44	77	61.5	36	44	77.5	38	17	71	64.5	51.5	32	22.5	68	26	26	61	
45	26	48.5	37.5	44.5	27	34	57.5	38.5	30.5	48	36.5	48	53	50.5	0	40	43	36.5	18.5	35.5	32	47	42	26	56	51	46.5	28.5	55	40	35	43.5	29	38	29	22.5	53	48	54.5	38.5	28.5	61.5	32	25.5	39	46	29	44	58	39	56	24	46.5	54.5	27.5	34.5	53.5	43.5	26.5	48.5	51	34.5	26.5	43	32.5	51.5	44.5	54	41	36.5	48	33.5	40.5	54.5	26.5	
45	34	56.5	2.5	30.5	17	66	57.5	36.5	29.5	62	38.5	32	13	10.5	40	0	3	21.5	46.5	35.5	68	53	2	54	56	39	46.5	31.5	35	40	25	61.5	41	72	19	52.5	67	8	70.5	13.5	31.5	23.5	32	49.5	71	74	31	56	22	21	56	36	68.5	70.5	57.5	34.5	53.5	8.5	33.5	66.5	51	25.5	33.5	77	27.5	11.5	60.5	54	41	21.5	12	71.5	15.5	20.5	58.5	
42	37	59.5	5.5	33.5	20	69	60.5	35.5	32.5	65	41.5	35	16	13.5	43	3	0	24.5	49.5	38.5	69	56	1	57	59	42	49.5	34.5	38	43	28	64.5	44	75	22	55.5	70	11	73.5	16.5	34.5	26.5	35	52.5	74	77	34	59	25	24	59	39	71.5	73.5	60.5	37.5	56.5	11.5	36.5	69.5	54	28.5	36.5	80	30.5	14.5	63.5	57	44	24.5	9	70.5	18.5	23.5	61.5	
48.5	30.5	53	19	48	13.5	52.5	54	42	8	58.5	35	51.5	34.5	32	36.5	21.5	24.5	0	37	32	50.5	49.5	23.5	44.5	52.5	54.5	43	32	56.5	36.5	21.5	58	37.5	56.5	15.5	41	63.5	29.5	67	20	10	45	28.5	44	57.5	64.5	32.5	52.5	43.5	32.5	52.5	32.5	65	67	46	31	50	25	12	63	47.5	32	30	61.5	24	33	57	50.5	37.5	0	33.5	52	22	42	45	
43.5	24.5	42	44	43	33.5	27.5	51	37	29	41.5	30	46.5	55.5	53	18.5	46.5	49.5	37	0	37	25.5	40.5	48.5	19.5	57.5	49.5	42	27	53.5	41.5	33.5	37	22.5	31.5	35.5	16	46.5	54.5	48	45	27	60	33.5	19	32.5	39.5	27.5	37.5	56.5	37.5	57.5	22.5	40	48	21	34	55	50	25	42	52.5	33	25	36.5	31	58	38	55.5	42.5	37	46.5	27	43	53	20	
74.5	39.5	27	33	66	22.5	36.5	28	68	40	32.5	19	67.5	48.5	46	35.5	35.5	38.5	32	37	0	36.5	23.5	37.5	29.5	26.5	74.5	17	52	70.5	10.5	30.5	32	26.5	42.5	24.5	33	37.5	43.5	41	34	42	59	7.5	30	41.5	44.5	46.5	26.5	57.5	46.5	26.5	41.5	39	41	22	15	24	39	44	37	21.5	46	34	47.5	28	47	31	24.5	11.5	32	47.5	38	36	56	23	
57	38	20.5	65.5	56.5	55	2	29.5	50.5	42.5	20	33.5	60	69	66.5	32	68	69	50.5	25.5	36.5	0	15	70	18	44	63	25.5	40.5	67	32	47	15.5	31	10	53	19.5	25	74	26.5	58.5	40.5	73.5	40	22.5	11	18	41	12	70	51	44	36	18.5	26.5	14.5	37.5	33.5	63.5	38.5	20.5	31	46.5	38.5	15	44.5	75.5	16.5	38	31	50.5	60	5.5	56.5	66.5	13.5	
72	53	29.5	50.5	71.5	40	13	30.5	65.5	57.5	35	36.5	75	66	63.5	47	53	56	49.5	40.5	23.5	15	0	55	33	29	78	24.5	55.5	82	23	48	30.5	44	25	42	34.5	40	61	41.5	51.5	55.5	76.5	25	37.5	26	33	56	3	75	64	29	51	33.5	41.5	29.5	32.5	26.5	56.5	53.5	35.5	24	61.5	51.5	30	45.5	64.5	31.5	27	24	49.5	65	20.5	53.5	73.5	28.5	
43	36	58.5	4.5	32.5	19	68	59.5	36.5	31.5	64	40.5	34	15	12.5	42	2	1	23.5	48.5	37.5	70	55	0	56	58	41	48.5	33.5	37	42	27	63.5	43	74	21	54.5	69	10	72.5	15.5	33.5	25.5	34	51.5	73	76	33	58	24	23	58	38	70.5	72.5	59.5	36.5	55.5	10.5	35.5	68.5	53	27.5	35.5	79	29.5	13.5	62.5	56	43	23.5	10	71.5	17.5	22.5	60.5	
51	32	34.5	51.5	50.5	41	20	43.5	44.5	36.5	34	27.5	54	63	60.5	26	54	57	44.5	19.5	29.5	18	33	56	0	50	57	34.5	34.5	61	34	41	29.5	25	24	43	13.5	39	62	40.5	52.5	34.5	67.5	22	16.5	25	32	35	30	64	45	50	30	32.5	40.5	13.5	31.5	47.5	57.5	32.5	34.5	45	40.5	32.5	29	38.5	65.5	30.5	48	35	44.5	54	19.5	50.5	60.5	12.5	
99	60	27.5	53.5	86.5	43	42	18.5	92.5	60.5	28	39.5	88	69	66.5	56	56	59	52.5	57.5	26.5	44	29	58	50	0	95	27.5	72.5	91	26	51	32.5	47	38	45	53.5	23	64	21.5	54.5	62.5	79.5	28	50.5	37	30	67	32	78	67	0	62	29.5	21.5	48.5	35.5	14.5	59.5	64.5	27.5	17	66.5	54.5	33	48.5	67.5	31.5	10	27	52.5	68	42.5	56.5	76.5	49.5	
6	47	79.5	41.5	20.5	56	65	88.5	14.5	46.5	79	67.5	19	38	40.5	51	39	42	54.5	49.5	74.5	63	78	41	57	95	0	79.5	34.5	4	79	56	74.5	60	69	58	53.5	84	37	85.5	52.5	44.5	27.5	71	56.5	70	77	40	75	29	40	95	45	77.5	85.5	58.5	71.5	92.5	47.5	42.5	79.5	90	40.5	52.5	74	58.5	35.5	75.5	93	80	54.5	39	64.5	50.5	30.5	57.5	
73.5	50.5	28	44	73	33.5	27.5	29	67	51	33.5	30	76.5	59.5	57	46.5	46.5	49.5	43	42	17	25.5	24.5	48.5	34.5	27.5	79.5	0	57	81.5	16.5	41.5	33	37.5	31.5	35.5	36	38.5	54.5	42	45	53	70	18.5	39	32.5	39.5	57.5	27.5	68.5	57.5	27.5	52.5	40	42	31	26	25	50	55	38	22.5	57	45	36.5	39	58	32	25.5	17.5	43	58.5	27	47	67	30	
28.5	24.5	57	29	28	33.5	42.5	66	22	24	56.5	45	31.5	40.5	38	28.5	31.5	34.5	32	27	52	40.5	55.5	33.5	34.5	72.5	34.5	57	0	38.5	56.5	33.5	52	37.5	46.5	35.5	31	61.5	39.5	63	18	22	45	48.5	34	47.5	54.5	17.5	52.5	41.5	22.5	72.5	22.5	55	63	36	49	70	35	20	57	67.5	6	30	51.5	36	43	53	70.5	57.5	32	31.5	42	16	38	35	
10	51	83.5	37.5	24.5	52	69	92.5	18.5	50.5	83	71.5	23	38	40.5	55	35	38	56.5	53.5	70.5	67	82	37	61	91	4	81.5	38.5	0	75	60	78.5	64	73	54	57.5	88	33	89.5	48.5	48.5	31.5	67	60.5	74	81	44	79	33	44	91	49	81.5	89.5	62.5	69.5	88.5	43.5	46.5	83.5	86	44.5	56.5	78	62.5	31.5	79.5	89	76	56.5	43	68.5	50.5	34.5	61.5	
75	44	26.5	37.5	70.5	27	34	27.5	68.5	44.5	32	23.5	72	53	50.5	40	40	43	36.5	41.5	10.5	32	23	42	34	26	79	16.5	56.5	75	0	35	31.5	31	38	29	37.5	37	48	40.5	38.5	46.5	63.5	12	34.5	39	44	51	26	62	51	26	46	38.5	40.5	32.5	19.5	23.5	43.5	48.5	36.5	21	50.5	38.5	43	32.5	51.5	30.5	24	1	36.5	52	33.5	40.5	60.5	31.5	
50	9	51.5	22.5	49.5	8	49	52.5	43.5	29.5	57	33.5	53	38	35.5	35	25	28	21.5	33.5	30.5	47	48	27	41	51	56	41.5	33.5	60	35	0	56.5	36	53	6	37.5	62	33	65.5	23.5	31.5	48.5	27	40.5	54	61	34	51	47	36	51	11	61.5	65.5	42.5	29.5	48.5	28.5	31.5	61.5	46	35.5	28.5	58	22.5	36.5	55.5	49	36	21.5	37	48.5	25.5	45.5	41.5	
68.5	49.5	5	59	68	48.5	17.5	34	62	54	26.5	45	71.5	74.5	72	43.5	61.5	64.5	58	37	32	15.5	30.5	63.5	29.5	32.5	74.5	33	52	78.5	31.5	56.5	0	42.5	16.5	50.5	31	31.5	69.5	33	60	52	85	33.5	34	17.5	24.5	52.5	27.5	81.5	62.5	32.5	47.5	25	33	26	41	30	65	50	27	27.5	58	50	21.5	54	73	1	30.5	32.5	58	71.5	10	62	78	25	
54	35	47.5	38.5	53.5	28	33	48.5	47.5	39.5	47	29.5	57	54	51.5	29	41	44	37.5	22.5	26.5	31	44	43	25	47	60	37.5	37.5	64	31	36	42.5	0	37	30	21.5	52	49	53.5	39.5	37.5	64.5	23	24.5	38	45	38	43	63	48	47	33	45.5	53.5	26.5	25.5	44.5	44.5	35.5	47.5	42	43.5	35.5	42	33.5	52.5	43.5	45	32	37.5	53	32.5	41.5	61.5	25.5	
63	44	21.5	69.5	62.5	59	12	25.5	56.5	48.5	10	39.5	66	75	72.5	38	72	75	56.5	31.5	42.5	10	25	74	24	38	69	31.5	46.5	73	38	53	16.5	37	0	59	25.5	21	80	22.5	64.5	46.5	79.5	44	28.5	1	14	47	22	76	57	38	42	14.5	22.5	20.5	43.5	29.5	69.5	44.5	16.5	21	52.5	44.5	11	50.5	81.5	17.5	34	37	56.5	66	6.5	62.5	72.5	19.5	
56	15	45.5	16.5	49.5	2	55	46.5	49.5	23.5	51	27.5	51	32	29.5	29	19	22	15.5	35.5	24.5	53	42	21	43	45	58	35.5	35.5	54	29	6	50.5	30	59	0	41.5	56	27	59.5	17.5	25.5	42.5	21	38.5	60	63	30	45	41	30	45	17	57.5	59.5	46.5	23.5	42.5	22.5	27.5	55.5	40	29.5	22.5	64	16.5	30.5	49.5	43	30	15.5	31	54.5	19.5	39.5	47.5	
47.5	28.5	36	50	47	39.5	21.5	45	41	33	35.5	14	50.5	59.5	57	22.5	52.5	55.5	41	16	33	19.5	34.5	54.5	13.5	53.5	53.5	36	31	57.5	37.5	37.5	31	21.5	25.5	41.5	0	40.5	60.5	42	49	31	64	29.5	3	26.5	33.5	31.5	31.5	60.5	41.5	53.5	26.5	34	42	15	18	49	54	29	36	46.5	37	29	30.5	35	64	32	51.5	36.5	41	50.5	21	47	57	14	
78	59	36.5	64.5	77.5	54	27	29.5	71.5	63.5	31	50.5	81	80	77.5	53	67	70	63.5	46.5	37.5	25	40	69	39	23	84	38.5	61.5	88	37	62	31.5	52	21	56	40.5	0	75	27.5	65.5	61.5	90.5	39	43.5	22	7	62	37	89	72	23	57	24.5	27.5	35.5	46.5	25.5	70.5	59.5	26.5	28	67.5	59.5	10	59.5	78.5	32.5	13	38	63.5	79	21.5	67.5	87.5	34.5	
37	42	64.5	10.5	28.5	25	74	65.5	30.5	37.5	70	46.5	30	5	13.5	48	8	11	29.5	54.5	43.5	74	61	10	62	64	37	54.5	39.5	33	48	33	69.5	49	80	27	60.5	75	0	78.5	21.5	39.5	21.5	40	57.5	79	82	39	64	20	29	64	44	76.5	78.5	65.5	42.5	61.5	16.5	41.5	74.5	59	33.5	41.5	85	35.5	9.5	68.5	62	49	29.5	20	75.5	23.5	18.5	66.5	
79.5	60.5	38	68	79	57.5	28.5	33	73	65	32.5	54	82.5	83.5	81	54.5	70.5	73.5	67	48	41	26.5	41.5	72.5	40.5	21.5	85.5	42	63	89.5	40.5	65.5	33	53.5	22.5	59.5	42	27.5	78.5	0	69	63	94	42.5	45	23.5	20.5	63.5	38.5	92.5	73.5	21.5	58.5	26	0	37	50	29	74	61	28	31.5	69	61	17.5	63	82	34	24.5	41.5	67	82.5	23	71	89	36	
46.5	32.5	55	11	44	15.5	60.5	56	40	28	60.5	37	45.5	26.5	24	38.5	13.5	16.5	20	45	34	58.5	51.5	15.5	52.5	54.5	52.5	45	18	48.5	38.5	23.5	60	39.5	64.5	17.5	49	65.5	21.5	69	0	30	37	30.5	48	65.5	72.5	29.5	54.5	35.5	24.5	54.5	34.5	67	69	54	33	52	17	32	65	49.5	12	32	69.5	26	25	59	52.5	39.5	20	25.5	60	2	34	53	
38.5	24.5	57	29	38	23.5	42.5	64	32	2	56.5	45	41.5	44.5	42	28.5	31.5	34.5	10	27	42	40.5	55.5	33.5	34.5	62.5	44.5	53	22	48.5	46.5	31.5	52	37.5	46.5	25.5	31	61.5	39.5	63	30	0	55	38.5	34	47.5	54.5	22.5	52.5	51.5	32.5	62.5	22.5	55	63	36	41	60	35	2	57	57.5	28	30	51.5	34	43	53	60.5	47.5	10	41.5	42	32	48	35	
21.5	57.5	80	26	31	40.5	75.5	81	25	53	85.5	62	29.5	26.5	29	61.5	23.5	26.5	45	60	59	73.5	76.5	25.5	67.5	79.5	27.5	70	45	31.5	63.5	48.5	85	64.5	79.5	42.5	64	90.5	21.5	94	37	55	0	55.5	67	80.5	87.5	50.5	79.5	25.5	44.5	79.5	55.5	88	94	69	58	77	32	53	90	74.5	49	57	84.5	51	20	84	77.5	64.5	45	35.5	75	39	29	68	
73	36	28.5	29.5	62.5	19	38	29.5	66.5	36.5	34	15.5	64	45	42.5	32	32	35	28.5	33.5	7.5	40	25	34	22	28	71	18.5	48.5	67	12	27	33.5	23	44	21	29.5	39	40	42.5	30.5	38.5	55.5	0	26.5	43	46	43	28	54	43	28	38	40.5	42.5	29.5	11.5	25.5	35.5	40.5	38.5	23	42.5	30.5	49	24.5	43.5	32.5	26	13	28.5	44	41.5	32.5	52.5	30.5	
50.5	31.5	39	47	50	36.5	24.5	48	44	36	38.5	11	53.5	62.5	60	25.5	49.5	52.5	44	19	30	22.5	37.5	51.5	16.5	50.5	56.5	39	34	60.5	34.5	40.5	34	24.5	28.5	38.5	3	43.5	57.5	45	48	34	67	26.5	0	29.5	36.5	34.5	34.5	63.5	44.5	50.5	29.5	37	45	18	15	48	53	32	39	45.5	40	32	33.5	38	61	35	48.5	35.5	44	53.5	24	50	60	17	
64	45	22.5	68.5	63.5	58	13	26.5	57.5	49.5	9	40.5	67	76	73.5	39	71	74	57.5	32.5	41.5	11	26	73	25	37	70	32.5	47.5	74	39	54	17.5	38	1	60	26.5	22	79	23.5	65.5	47.5	80.5	43	29.5	0	15	48	23	77	58	37	43	15.5	23.5	21.5	44.5	30.5	70.5	45.5	17.5	20	53.5	45.5	12	51.5	82.5	18.5	35	38	57.5	67	7.5	63.5	73.5	20.5	
71	52	29.5	71.5	70.5	61	20	28.5	64.5	56.5	24	47.5	74	83	80.5	46	74	77	64.5	39.5	44.5	18	33	76	32	30	77	39.5	54.5	81	44	61	24.5	45	14	63	33.5	7	82	20.5	72.5	54.5	87.5	46	36.5	15	0	55	30	84	65	30	50	17.5	20.5	28.5	51.5	32.5	77.5	52.5	19.5	35	60.5	52.5	3	58.5	85.5	25.5	20	45	64.5	74	14.5	70.5	80.5	27.5	
34	25	57.5	28.5	33.5	28	43	66.5	27.5	24.5	57	45.5	37	44	41.5	29	31	34	32.5	27.5	46.5	41	56	33	35	67	40	57.5	17.5	44	51	34	52.5	38	47	30	31.5	62	39	63.5	29.5	22.5	50.5	43	34.5	48	55	0	53	47	28	67	23	55.5	63.5	36.5	45.5	64.5	34.5	20.5	57.5	62	23.5	30.5	52	36.5	42.5	53.5	65	52	32.5	37	42.5	31.5	43.5	35.5	
69	50	32.5	53.5	68.5	43	10	33.5	62.5	54.5	32	39.5	72	69	66.5	44	56	59	52.5	37.5	26.5	12	3	58	30	32	75	27.5	52.5	79	26	51	27.5	43	22	45	31.5	37	64	38.5	54.5	52.5	79.5	28	34.5	23	30	53	0	78	63	32	48	30.5	38.5	26.5	35.5	29.5	59.5	50.5	32.5	27	58.5	50.5	27	48.5	67.5	28.5	30	27	52.5	68	17.5	56.5	76.5	25.5	
23	54	78.5	24.5	27.5	39	72	79.5	21.5	51.5	84	60.5	10	25	27.5	58	22	25	43.5	56.5	57.5	70	75	24	64	78	29	68.5	41.5	33	62	47	81.5	63	76	41	60.5	89	20	92.5	35.5	51.5	25.5	54	63.5	77	84	47	78	0	43	78	52	84.5	92.5	65.5	56.5	75.5	30.5	49.5	86.5	73	47.5	55.5	81	49.5	18.5	82.5	76	63	43.5	34	71.5	37.5	27.5	64.5	
34	35	67.5	18.5	33.5	28	53	68.5	27.5	34.5	67	49.5	37	34	31.5	39	21	24	32.5	37.5	46.5	51	64	23	45	67	40	57.5	22.5	44	51	36	62.5	48	57	30	41.5	72	29	73.5	24.5	32.5	44.5	43	44.5	58	65	28	63	43	0	67	33	65.5	73.5	46.5	45.5	64.5	24.5	30.5	67.5	62	28.5	40.5	62	38.5	32.5	63.5	65	52	32.5	33	52.5	26.5	41.5	45.5	
99	60	27.5	53.5	86.5	43	42	18.5	92.5	60.5	28	39.5	88	69	66.5	56	56	59	52.5	57.5	26.5	44	29	58	50	0	95	27.5	72.5	91	26	51	32.5	47	38	45	53.5	23	64	21.5	54.5	62.5	79.5	28	50.5	37	30	67	32	78	67	0	62	29.5	21.5	48.5	35.5	14.5	59.5	64.5	27.5	17	66.5	54.5	33	48.5	67.5	31.5	10	27	52.5	68	42.5	56.5	76.5	49.5	
39	2	52.5	33.5	38.5	19	38	61.5	32.5	24.5	52	40.5	42	49	46.5	24	36	39	32.5	22.5	41.5	36	51	38	30	62	45	52.5	22.5	49	46	11	47.5	33	42	17	26.5	57	44	58.5	34.5	22.5	55.5	38	29.5	43	50	23	48	52	33	62	0	50.5	58.5	31.5	40.5	59.5	39.5	20.5	52.5	57	28.5	25.5	47	31.5	47.5	48.5	60	47	32.5	42	37.5	36.5	48.5	30.5	
71.5	52.5	30	66	71	55.5	20.5	11	65	57	24.5	48	74.5	81.5	79	46.5	68.5	71.5	65	40	39	18.5	33.5	70.5	32.5	29.5	77.5	40	55	81.5	38.5	61.5	25	45.5	14.5	57.5	34	24.5	76.5	26	67	55	88	40.5	37	15.5	17.5	55.5	30.5	84.5	65.5	29.5	50.5	0	26	29	48	15	72	53	2	29.5	61	53	14.5	59	80	26	27.5	39.5	65	74.5	15	69	81	28	
79.5	60.5	38	68	79	57.5	28.5	33	73	65	32.5	54	82.5	83.5	81	54.5	70.5	73.5	67	48	41	26.5	41.5	72.5	40.5	21.5	85.5	42	63	89.5	40.5	65.5	33	53.5	22.5	59.5	42	27.5	78.5	0	69	63	94	42.5	45	23.5	20.5	63.5	38.5	92.5	73.5	21.5	58.5	26	0	37	50	29	74	61	28	31.5	69	61	17.5	63	82	34	24.5	41.5	67	82.5	23	71	89	36	
52.5	33.5	31	55	52	44.5	16.5	40	46	38	30.5	29	55.5	64.5	62	27.5	57.5	60.5	46	21	22	14.5	29.5	59.5	13.5	48.5	58.5	31	36	62.5	32.5	42.5	26	26.5	20.5	46.5	15	35.5	65.5	37	54	36	69	29.5	18	21.5	28.5	36.5	26.5	65.5	46.5	48.5	31.5	29	37	0	33	44	59	34	31	41.5	42	34	25.5	40	69	27	46.5	31.5	46	55.5	16	52	62	1	
65.5	38.5	36	32	65	21.5	39.5	37	59	39	41.5	4	66.5	47.5	45	34.5	34.5	37.5	31	34	15	37.5	32.5	36.5	31.5	35.5	71.5	26	49	69.5	19.5	29.5	41	25.5	43.5	23.5	18	46.5	42.5	50	33	41	58	11.5	15	44.5	51.5	45.5	35.5	56.5	45.5	35.5	40.5	48	50	33	0	33	38	43	46	30.5	45	33	48.5	27	46	40	33.5	20.5	31	46.5	39	35	55	32	
86.5	57.5	25	51	84	40.5	35.5	4	80	58	25.5	37	85.5	66.5	64	53.5	53.5	56.5	50	55	24	33.5	26.5	55.5	47.5	14.5	92.5	25	70	88.5	23.5	48.5	30	44.5	29.5	42.5	49	25.5	61.5	29	52	60	77	25.5	48	30.5	32.5	64.5	29.5	75.5	64.5	14.5	59.5	15	29	44	33	0	57	62	13	14.5	64	52	29.5	46	65	29	12.5	24.5	50	65.5	30	54	74	43	
41.5	37.5	60	6	39	20.5	65.5	61	35	33	65.5	42	40.5	21.5	19	43.5	8.5	11.5	25	50	39	63.5	56.5	10.5	57.5	59.5	47.5	50	35	43.5	43.5	28.5	65	44.5	69.5	22.5	54	70.5	16.5	74	17	35	32	35.5	53	70.5	77.5	34.5	59.5	30.5	24.5	59.5	39.5	72	74	59	38	57	0	37	70	54.5	29	37	74.5	31	20	64	57.5	44.5	25	20.5	65	19	29	58	
36.5	22.5	55	31	36	25.5	40.5	64	30	4	54.5	43	39.5	46.5	44	26.5	33.5	36.5	12	25	44	38.5	53.5	35.5	32.5	64.5	42.5	55	20	46.5	48.5	31.5	50	35.5	44.5	27.5	29	59.5	41.5	61	32	2	53	40.5	32	45.5	52.5	20.5	50.5	49.5	30.5	64.5	20.5	53	61	34	43	62	37	0	55	59.5	26	28	49.5	34	45	51	62.5	49.5	12	39.5	40	34	46	33	
73.5	54.5	32	64	73	53.5	22.5	9	67	59	26.5	50	76.5	79.5	77	48.5	66.5	69.5	63	42	37	20.5	35.5	68.5	34.5	27.5	79.5	38	57	83.5	36.5	61.5	27	47.5	16.5	55.5	36	26.5	74.5	28	65	57	90	38.5	39	17.5	19.5	57.5	32.5	86.5	67.5	27.5	52.5	2	28	31	46	13	70	55	0	27.5	63	55	16.5	59	78	28	25.5	37.5	63	76.5	17	67	83	30	
84	55	22.5	48.5	81.5	38	33	18.5	77.5	55.5	11	34.5	83	64	61.5	51	51	54	47.5	52.5	21.5	31	24	53	45	17	90	22.5	67.5	86	21	46	27.5	42	21	40	46.5	28	59	31.5	49.5	57.5	74.5	23	45.5	20	35	62	27	73	62	17	57	29.5	31.5	41.5	30.5	14.5	54.5	59.5	27.5	0	61.5	49.5	32	43.5	62.5	26.5	15	22	47.5	63	27.5	51.5	71.5	40.5	
34.5	30.5	63	23	34	27.5	48.5	68	28	30	62.5	49	37.5	38.5	36	34.5	25.5	28.5	32	33	46	46.5	61.5	27.5	40.5	66.5	40.5	57	6	44.5	50.5	35.5	58	43.5	52.5	29.5	37	67.5	33.5	69	12	28	49	42.5	40	53.5	60.5	23.5	58.5	47.5	28.5	66.5	28.5	61	69	42	45	64	29	26	63	61.5	0	36	57.5	38	37	59	64.5	51.5	32	37.5	48	10	44	41	
46.5	27.5	55	31	46	20.5	40.5	56	40	32	54.5	37	49.5	46.5	44	26.5	33.5	36.5	30	25	34	38.5	51.5	35.5	32.5	54.5	52.5	45	30	56.5	38.5	28.5	50	35.5	44.5	22.5	29	59.5	41.5	61	32	30	57	30.5	32	45.5	52.5	30.5	50.5	55.5	40.5	54.5	25.5	53	61	34	33	52	37	28	55	49.5	36	0	49.5	6	45	51	52.5	39.5	30	45.5	40	34	54	33	
68	49	26.5	74.5	67.5	64	17	25.5	61.5	53.5	21	44.5	71	80	77.5	43	77	80	61.5	36.5	47.5	15	30	79	29	33	74	36.5	51.5	78	43	58	21.5	42	11	64	30.5	10	85	17.5	69.5	51.5	84.5	49	33.5	12	3	52	27	81	62	33	47	14.5	17.5	25.5	48.5	29.5	74.5	49.5	16.5	32	57.5	49.5	0	55.5	86.5	22.5	23	42	61.5	71	11.5	67.5	77.5	24.5	
52.5	31.5	49	25	52	14.5	46.5	50	46	32	54.5	31	55.5	40.5	38	32.5	27.5	30.5	24	31	28	44.5	45.5	29.5	38.5	48.5	58.5	39	36	62.5	32.5	22.5	54	33.5	50.5	16.5	35	59.5	35.5	63	26	34	51	24.5	38	51.5	58.5	36.5	48.5	49.5	38.5	48.5	31.5	59	63	40	27	46	31	34	59	43.5	38	6	55.5	0	39	53	46.5	33.5	24	39.5	46	28	48	39	
33.5	45.5	68	14	19	28.5	77.5	69	25	41	73.5	50	28.5	14.5	17	51.5	11.5	14.5	33	58	47	75.5	64.5	13.5	65.5	67.5	35.5	58	43	31.5	51.5	36.5	73	52.5	81.5	30.5	64	78.5	9.5	82	25	43	20	43.5	61	82.5	85.5	42.5	67.5	18.5	32.5	67.5	47.5	80	82	69	46	65	20	45	78	62.5	37	45	86.5	39	0	72	65.5	52.5	33	23.5	77	27	9	70	
69.5	50.5	4	58	69	47.5	18.5	33	63	55	27.5	44	72.5	73.5	71	44.5	60.5	63.5	57	38	31	16.5	31.5	62.5	30.5	31.5	75.5	32	53	79.5	30.5	55.5	1	43.5	17.5	49.5	32	32.5	68.5	34	59	53	84	32.5	35	18.5	25.5	53.5	28.5	82.5	63.5	31.5	48.5	26	34	27	40	29	64	51	28	26.5	59	51	22.5	53	72	0	29.5	31.5	57	72.5	11	61	79	26	
91	58	25.5	51.5	84.5	41	40	16.5	84.5	58.5	26	37.5	86	67	64.5	54	54	57	50.5	55.5	24.5	38	27	56	48	10	93	25.5	70.5	89	24	49	30.5	45	34	43	51.5	13	62	24.5	52.5	60.5	77.5	26	48.5	35	20	65	30	76	65	10	60	27.5	24.5	46.5	33.5	12.5	57.5	62.5	25.5	15	64.5	52.5	23	46.5	65.5	29.5	0	25	50.5	66	34.5	54.5	74.5	47.5	
74	45	27.5	38.5	71.5	28	33	28.5	67.5	45.5	33	24.5	73	54	51.5	41	41	44	37.5	42.5	11.5	31	24	43	35	27	80	17.5	57.5	76	1	36	32.5	32	37	30	36.5	38	49	41.5	39.5	47.5	64.5	13	35.5	38	45	52	27	63	52	27	47	39.5	41.5	31.5	20.5	24.5	44.5	49.5	37.5	22	51.5	39.5	42	33.5	52.5	31.5	25	0	37.5	53	32.5	41.5	61.5	30.5	
48.5	30.5	53	19	48	13.5	52.5	54	42	8	58.5	35	51.5	34.5	32	36.5	21.5	24.5	0	37	32	50.5	49.5	23.5	44.5	52.5	54.5	43	32	56.5	36.5	21.5	58	37.5	56.5	15.5	41	63.5	29.5	67	20	10	45	28.5	44	57.5	64.5	32.5	52.5	43.5	32.5	52.5	32.5	65	67	46	31	50	25	12	63	47.5	32	30	61.5	24	33	57	50.5	37.5	0	33.5	52	22	42	45	
33	44	68.5	14.5	32.5	29	62	69.5	26.5	41.5	74	50.5	36	25	22.5	48	12	9	33.5	46.5	47.5	60	65	10	54	68	39	58.5	31.5	43	52	37	71.5	53	66	31	50.5	79	20	82.5	25.5	41.5	35.5	44	53.5	67	74	37	68	34	33	68	42	74.5	82.5	55.5	46.5	65.5	20.5	39.5	76.5	63	37.5	45.5	71	39.5	23.5	72.5	66	53	33.5	0	61.5	27.5	32.5	54.5	
58.5	39.5	15	69	58	56.5	7.5	26	52	44	16.5	35	61.5	70.5	68	33.5	71.5	70.5	52	27	38	5.5	20.5	71.5	19.5	42.5	64.5	27	42	68.5	33.5	48.5	10	32.5	6.5	54.5	21	21.5	75.5	23	60	42	75	41.5	24	7.5	14.5	42.5	17.5	71.5	52.5	42.5	37.5	15	23	16	39	30	65	40	17	27.5	48	40	11.5	46	77	11	34.5	32.5	52	61.5	0	58	68	15	
44.5	34.5	57	13	44	17.5	58.5	58	38	30	62.5	39	47.5	28.5	26	40.5	15.5	18.5	22	43	36	56.5	53.5	17.5	50.5	56.5	50.5	47	16	50.5	40.5	25.5	62	41.5	62.5	19.5	47	67.5	23.5	71	2	32	39	32.5	50	63.5	70.5	31.5	56.5	37.5	26.5	56.5	36.5	69	71	52	35	54	19	34	67	51.5	10	34	67.5	28	27	61	54.5	41.5	22	27.5	58	0	36	51	
24.5	50.5	77	23	10	37.5	68.5	78	16	50	82.5	59	27.5	23.5	26	54.5	20.5	23.5	42	53	56	66.5	73.5	22.5	60.5	76.5	30.5	67	38	34.5	60.5	45.5	78	61.5	72.5	39.5	57	87.5	18.5	89	34	48	29	52.5	60	73.5	80.5	43.5	76.5	27.5	41.5	76.5	48.5	81	89	62	55	74	29	46	83	71.5	44	54	77.5	48	9	79	74.5	61.5	42	32.5	68	36	0	61	
51.5	32.5	30	56	51	45.5	15.5	39	45	37	29.5	28	54.5	63.5	61	26.5	58.5	61.5	45	20	23	13.5	28.5	60.5	12.5	49.5	57.5	30	35	61.5	31.5	41.5	25	25.5	19.5	47.5	14	34.5	66.5	36	53	35	68	30.5	17	20.5	27.5	35.5	25.5	64.5	45.5	49.5	30.5	28	36	1	32	43	58	33	30	40.5	41	33	24.5	39	70	26	47.5	30.5	45	54.5	15	51	61	0	
