Number of items: 75
Horizon: 15
Time limit: 750
Load limit: 4500
Initial item inventory level
148
40
120
57
46
90
63
32
87
156
15
273
130
222
52
38
188
99
255
153
56
75
37
168
80
93
87
79
172
72
87
297
92
96
87
178
35
81
285
112
58
135
231
44
258
154
75
249
288
186
166
40
134
261
164
108
64
96
92
180
83
43
81
12
48
77
267
42
237
30
66
30
32
21
285
Maximum inventory capacity per item
222
60
180
114
92
120
126
64
174
208
30
364
195
296
78
57
282
132
340
204
84
100
74
224
120
186
174
158
258
144
174
396
138
128
174
267
70
162
380
168
116
180
308
66
344
231
150
332
384
279
249
60
201
348
246
162
96
128
184
270
166
86
108
24
96
154
356
56
316
40
88
45
48
42
380
Reserve storage replenishment rate per item and per period
444	0	0	444	0	0	444	0	0	444	0	0	444	0	0	
120	0	0	120	0	0	120	0	0	120	0	0	120	0	0	
360	0	0	360	0	0	360	0	0	360	0	0	360	0	0	
342	0	0	342	0	0	342	0	0	342	0	0	342	0	0	
276	0	0	276	0	0	276	0	0	276	0	0	276	0	0	
180	0	0	180	0	0	180	0	0	180	0	0	180	0	0	
378	0	0	378	0	0	378	0	0	378	0	0	378	0	0	
192	0	0	192	0	0	192	0	0	192	0	0	192	0	0	
522	0	0	522	0	0	522	0	0	522	0	0	522	0	0	
312	0	0	312	0	0	312	0	0	312	0	0	312	0	0	
90	0	0	90	0	0	90	0	0	90	0	0	90	0	0	
546	0	0	546	0	0	546	0	0	546	0	0	546	0	0	
390	0	0	390	0	0	390	0	0	390	0	0	390	0	0	
444	0	0	444	0	0	444	0	0	444	0	0	444	0	0	
156	0	0	156	0	0	156	0	0	156	0	0	156	0	0	
114	0	0	114	0	0	114	0	0	114	0	0	114	0	0	
564	0	0	564	0	0	564	0	0	564	0	0	564	0	0	
198	0	0	198	0	0	198	0	0	198	0	0	198	0	0	
510	0	0	510	0	0	510	0	0	510	0	0	510	0	0	
306	0	0	306	0	0	306	0	0	306	0	0	306	0	0	
168	0	0	168	0	0	168	0	0	168	0	0	168	0	0	
150	0	0	150	0	0	150	0	0	150	0	0	150	0	0	
222	0	0	222	0	0	222	0	0	222	0	0	222	0	0	
336	0	0	336	0	0	336	0	0	336	0	0	336	0	0	
240	0	0	240	0	0	240	0	0	240	0	0	240	0	0	
558	0	0	558	0	0	558	0	0	558	0	0	558	0	0	
522	0	0	522	0	0	522	0	0	522	0	0	522	0	0	
474	0	0	474	0	0	474	0	0	474	0	0	474	0	0	
516	0	0	516	0	0	516	0	0	516	0	0	516	0	0	
432	0	0	432	0	0	432	0	0	432	0	0	432	0	0	
522	0	0	522	0	0	522	0	0	522	0	0	522	0	0	
594	0	0	594	0	0	594	0	0	594	0	0	594	0	0	
276	0	0	276	0	0	276	0	0	276	0	0	276	0	0	
192	0	0	192	0	0	192	0	0	192	0	0	192	0	0	
522	0	0	522	0	0	522	0	0	522	0	0	522	0	0	
534	0	0	534	0	0	534	0	0	534	0	0	534	0	0	
210	0	0	210	0	0	210	0	0	210	0	0	210	0	0	
486	0	0	486	0	0	486	0	0	486	0	0	486	0	0	
570	0	0	570	0	0	570	0	0	570	0	0	570	0	0	
336	0	0	336	0	0	336	0	0	336	0	0	336	0	0	
348	0	0	348	0	0	348	0	0	348	0	0	348	0	0	
270	0	0	270	0	0	270	0	0	270	0	0	270	0	0	
462	0	0	462	0	0	462	0	0	462	0	0	462	0	0	
132	0	0	132	0	0	132	0	0	132	0	0	132	0	0	
516	0	0	516	0	0	516	0	0	516	0	0	516	0	0	
462	0	0	462	0	0	462	0	0	462	0	0	462	0	0	
450	0	0	450	0	0	450	0	0	450	0	0	450	0	0	
498	0	0	498	0	0	498	0	0	498	0	0	498	0	0	
576	0	0	576	0	0	576	0	0	576	0	0	576	0	0	
558	0	0	558	0	0	558	0	0	558	0	0	558	0	0	
498	0	0	498	0	0	498	0	0	498	0	0	498	0	0	
120	0	0	120	0	0	120	0	0	120	0	0	120	0	0	
402	0	0	402	0	0	402	0	0	402	0	0	402	0	0	
522	0	0	522	0	0	522	0	0	522	0	0	522	0	0	
492	0	0	492	0	0	492	0	0	492	0	0	492	0	0	
324	0	0	324	0	0	324	0	0	324	0	0	324	0	0	
192	0	0	192	0	0	192	0	0	192	0	0	192	0	0	
192	0	0	192	0	0	192	0	0	192	0	0	192	0	0	
552	0	0	552	0	0	552	0	0	552	0	0	552	0	0	
540	0	0	540	0	0	540	0	0	540	0	0	540	0	0	
498	0	0	498	0	0	498	0	0	498	0	0	498	0	0	
258	0	0	258	0	0	258	0	0	258	0	0	258	0	0	
162	0	0	162	0	0	162	0	0	162	0	0	162	0	0	
72	0	0	72	0	0	72	0	0	72	0	0	72	0	0	
288	0	0	288	0	0	288	0	0	288	0	0	288	0	0	
462	0	0	462	0	0	462	0	0	462	0	0	462	0	0	
534	0	0	534	0	0	534	0	0	534	0	0	534	0	0	
84	0	0	84	0	0	84	0	0	84	0	0	84	0	0	
474	0	0	474	0	0	474	0	0	474	0	0	474	0	0	
60	0	0	60	0	0	60	0	0	60	0	0	60	0	0	
132	0	0	132	0	0	132	0	0	132	0	0	132	0	0	
90	0	0	90	0	0	90	0	0	90	0	0	90	0	0	
96	0	0	96	0	0	96	0	0	96	0	0	96	0	0	
126	0	0	126	0	0	126	0	0	126	0	0	126	0	0	
570	0	0	570	0	0	570	0	0	570	0	0	570	0	0	
Forward storage demand rate per item and per period
74	85	40	109	80	81	31	34	68	78	67	80	130	29	39	
20	17	12	15	25	19	6	32	18	27	12	18	23	12	28	
60	79	44	54	31	115	78	73	114	48	32	47	58	54	66	
57	7	92	54	77	12	81	64	79	36	61	9	75	83	31	
46	37	0	33	43	21	51	30	30	48	25	65	39	33	39	
30	25	39	30	42	43	47	13	35	33	30	26	16	28	42	
63	5	84	5	36	56	100	58	31	66	44	72	36	114	49	
32	46	39	17	38	29	15	38	31	23	19	32	21	32	12	
87	67	119	56	97	77	92	72	129	99	149	38	67	81	102	
52	17	43	35	94	48	44	10	76	80	62	52	25	34	80	
15	5	15	13	7	17	6	16	5	9	8	3	17	21	15	
91	156	112	50	68	50	42	90	126	17	162	36	66	141	135	
65	52	59	123	38	53	106	83	82	25	79	65	75	22	37	
74	21	89	89	68	94	106	61	76	36	49	105	87	112	18	
26	25	30	28	33	31	26	29	12	5	17	7	22	23	11	
19	21	23	28	16	20	15	21	6	25	20	17	20	25	20	
94	171	117	92	170	100	89	62	118	139	92	136	85	89	93	
33	14	3	45	17	52	20	29	32	37	21	28	31	38	22	
85	150	83	56	77	76	54	87	130	85	60	90	113	24	103	
51	20	83	47	56	51	44	45	21	66	48	40	90	49	89	
28	23	27	43	12	7	22	48	19	26	14	30	19	9	31	
25	18	24	9	33	24	19	23	22	25	18	40	14	22	12	
37	35	43	18	59	44	23	31	40	34	50	49	39	50	70	
56	74	32	58	84	48	62	74	52	38	71	53	54	46	53	
40	23	39	25	24	26	76	41	34	21	14	55	75	23	23	
93	111	83	23	74	121	68	126	70	48	72	27	60	45	116	
87	92	77	112	20	143	53	115	83	20	31	150	126	58	155	
79	124	111	46	72	109	114	81	132	31	44	73	118	41	146	
86	86	49	96	25	148	78	98	51	20	101	26	67	90	88	
72	124	61	35	90	25	71	74	80	122	81	56	36	119	68	
87	120	7	62	50	97	26	118	87	81	92	90	147	33	32	
99	46	60	108	72	78	87	80	98	130	112	175	91	62	41	
46	27	56	42	83	59	83	59	58	48	41	54	63	59	47	
32	39	37	24	30	36	36	45	24	36	29	57	59	39	41	
87	97	60	81	125	162	151	107	73	83	66	116	133	130	106	
89	107	147	56	113	95	44	132	121	77	94	72	67	52	141	
35	49	3	36	35	27	40	24	51	53	40	26	25	14	19	
81	98	34	104	33	144	121	71	81	106	68	74	53	55	12	
95	41	73	98	75	60	134	140	120	70	97	73	171	178	156	
56	49	80	110	81	43	37	70	40	73	46	100	39	66	93	
58	44	60	60	95	10	72	52	20	70	60	59	50	65	45	
45	42	14	24	34	46	66	34	43	17	51	43	21	57	40	
77	50	94	131	86	61	69	41	68	69	66	20	39	79	104	
22	7	20	10	29	9	15	25	32	36	20	5	28	33	25	
86	140	74	89	71	85	59	119	31	136	30	96	79	107	73	
77	127	31	29	72	98	119	32	102	141	102	80	120	96	60	
75	81	74	50	69	122	61	110	63	51	23	45	70	70	37	
83	146	55	159	68	105	94	77	87	30	77	61	23	113	34	
96	122	94	163	68	88	117	117	63	164	93	21	107	144	127	
93	74	67	154	129	46	87	37	143	60	38	50	158	112	84	
83	28	126	145	83	74	94	94	109	108	112	90	42	44	144	
20	23	1	11	16	8	24	9	9	29	24	30	23	16	25	
67	58	64	38	20	71	101	79	81	61	119	57	74	67	72	
87	18	124	92	73	29	42	59	147	28	143	111	66	71	140	
82	133	52	73	87	123	89	44	39	68	38	113	117	135	51	
54	55	71	55	25	19	67	47	102	68	46	61	17	76	51	
32	36	35	44	38	14	19	36	41	51	27	59	26	44	41	
32	25	20	29	34	5	55	51	6	12	11	37	48	22	30	
92	112	75	76	80	28	56	123	145	120	57	93	121	88	111	
90	95	117	136	64	128	51	56	76	49	116	44	116	10	73	
83	107	72	135	53	89	80	83	35	47	132	40	34	118	138	
43	32	47	43	58	11	72	51	6	30	40	4	32	29	47	
27	27	45	13	18	27	46	34	15	21	43	26	37	19	15	
12	17	9	11	16	9	12	16	14	18	18	11	13	12	2	
48	47	40	57	75	28	58	42	6	25	25	71	24	23	76	
77	117	79	65	26	71	75	61	42	37	38	84	49	58	131	
89	88	140	104	110	118	38	130	47	136	89	92	96	86	101	
14	19	16	9	17	5	14	18	14	24	17	17	22	24	14	
79	56	78	39	95	47	82	95	41	109	120	20	81	85	19	
10	11	1	9	9	15	11	10	4	18	12	12	2	7	12	
22	41	22	17	30	14	20	14	23	7	12	15	16	14	25	
15	8	10	20	13	19	9	15	14	15	19	22	23	2	8	
16	12	15	26	28	28	14	22	17	19	22	25	20	12	11	
21	27	12	12	6	13	38	7	13	22	21	21	18	14	22	
95	120	133	127	60	84	44	104	41	89	98	108	119	56	134	
Distance matrix
0	50	48	98	56.5	60	42.5	92	96.5	49	78	25.5	19.5	37.5	33	60	41	51.5	93.5	86	26.5	55.5	79.5	69.5	79.5	74.5	80.5	38	60	47	22	14	39	84.5	72	50	58.5	80	74	48.5	13	48	31.5	26	26	30	41.5	46.5	18.5	55	33	71.5	21.5	89.5	51	51.5	22	24.5	94	42	74.5	65.5	69.5	23	78	89.5	39	86.5	41.5	55.5	36	50.5	53.5	91	87.5	27	
50	0	32	52	28.5	50	17.5	58	48.5	11	72	34.5	40.5	22.5	27	20	41	51.5	51.5	64	33.5	49.5	65.5	69.5	65.5	30.5	64.5	32	10	43	38	44	39	50.5	72	30	36.5	30	26	36.5	47	2	28.5	34	34	30	41.5	28.5	41.5	25	27	71.5	38.5	55.5	39	33.5	38	35.5	56	18	74.5	19.5	25.5	37	32	45.5	21	38.5	33.5	55.5	34	14.5	31.5	59	67.5	33	
48	32	0	54	30.5	38	39.5	60	50.5	33	56	56.5	52.5	44.5	41	12	19	29.5	53.5	64	49.5	33.5	57.5	47.5	57.5	32.5	58.5	26	22	25	40	42	9	52.5	50	2	36.5	32	28	26.5	61	34	50.5	34	56	38	19.5	29.5	51.5	7	41	49.5	60.5	57.5	29	29.5	60	37.5	58	40	52.5	21.5	27.5	51	34	47.5	43	40.5	24.5	33.5	24	31.5	31.5	61	65.5	55	
98	52	54	0	45.5	42	59.5	6	5.5	53	20	76.5	82.5	64.5	69	42	59	50.5	8.5	12	75.5	46.5	22.5	32.5	22.5	27.5	21.5	64	42	55	80	88	63	17.5	26	52	43.5	22	28	53.5	89	54	70.5	76	76	72	60.5	55.5	83.5	47	69	30.5	80.5	12.5	51	50.5	80	77.5	4	60	32.5	36.5	32.5	79	24	12.5	63	15.5	60.5	46.5	66	51.5	48.5	7	19.5	75	
56.5	28.5	30.5	45.5	0	41.5	36	51.5	42	29.5	59.5	53	59	41	45.5	18.5	22.5	33	45	57.5	52	37	59	51	59	24	58	34.5	18.5	28.5	48.5	50.5	25.5	44	53.5	28.5	30	23.5	19.5	8	65.5	30.5	47	42.5	52.5	46.5	15	32	60	23.5	45.5	53	57	49	32.5	5	56.5	46	49.5	36.5	56	9	19	55.5	25.5	39	39.5	32	33	37	32.5	28	3	52.5	61	51.5	
60	50	38	42	41.5	0	57.5	48	38.5	51	38	70.5	64.5	62.5	53	40	21	16.5	41.5	46	61.5	20.5	39.5	29.5	39.5	25.5	40.5	38	40	27	52	54	29	40.5	32	40	33.5	20	26	33.5	73	52	68.5	46	74	50	26.5	41.5	63.5	45	53	31.5	76.5	45.5	31	36.5	78	49.5	46	58	34.5	34.5	30.5	63	18	35.5	61	28.5	36.5	15.5	36	49.5	38.5	49	47.5	67	
42.5	17.5	39.5	59.5	36	57.5	0	65.5	56	13.5	75.5	37	43	25	29.5	27.5	38.5	49	59	71.5	36	53	73	67	73	38	72	35.5	17.5	44.5	34.5	36.5	36.5	58	69.5	37.5	44	37.5	33.5	44	49.5	19.5	31	28.5	36.5	32.5	39	36	44	32.5	29.5	69	41	63	46.5	41	40.5	32	63.5	20.5	72	27	33	39.5	39.5	53	23.5	46	39	53	33.5	22	39	66.5	75	35.5	
92	58	60	6	51.5	48	65.5	0	11.5	59	14	82.5	88.5	70.5	75	48	53	48.5	14.5	6	81.5	52.5	28.5	26.5	28.5	33.5	27.5	70	48	59	84	86	61	23.5	20	58	49.5	28	34	59.5	95	60	76.5	78	82	78	58.5	61.5	89.5	53	75	28.5	86.5	18.5	57	56.5	86	81.5	2	66	26.5	42.5	38.5	85	30	18.5	69	21.5	66.5	42.5	68	57.5	54.5	1	25.5	81	
96.5	48.5	50.5	5.5	42	38.5	56	11.5	0	49.5	25.5	73	79	61	65.5	38.5	57.5	47	3	17.5	72	43	17	27	17	24	16	60.5	38.5	51.5	76.5	84.5	59.5	14	31.5	48.5	40	18.5	24.5	50	85.5	50.5	67	72.5	72.5	68.5	57	52	80	43.5	65.5	25	77	7	47.5	47	76.5	74	9.5	56.5	34	33	29	75.5	20.5	9	59.5	12	57	43	62.5	48	45	12.5	21	71.5	
49	11	33	53	29.5	51	13.5	59	49.5	0	73	25.5	31.5	13.5	16	21	50	54.5	52.5	65	24.5	50.5	66.5	76.5	66.5	31.5	65.5	33	11	44	29	37	42	51.5	79	31	37.5	31	27	37.5	38	13	19.5	23	25	19	44.5	29.5	32.5	26	16	74.5	29.5	56.5	40	34.5	29	26.5	57	9	81.5	20.5	26.5	28	33	46.5	12	39.5	34.5	60.5	35	15.5	32.5	60	68.5	24	
78	72	56	20	59.5	38	75.5	14	25.5	73	0	88.5	82.5	80.5	71	62	39	34.5	28.5	8	79.5	38.5	22.5	12.5	22.5	47.5	23.5	56	62	45	70	72	47	37.5	6	58	51.5	42	48	51.5	91	74	90.5	64	96	68	44.5	59.5	81.5	63	71	14.5	94.5	32.5	49	54.5	100	67.5	16	80	12.5	56.5	52.5	81	44	32.5	83	35.5	54.5	28.5	54	71.5	56.5	13	25.5	85	
25.5	34.5	56.5	76.5	53	70.5	37	82.5	73	25.5	88.5	0	6	32	41.5	44.5	51.5	62	76	88.5	33	66	90	80	90	55	89	48.5	34.5	57.5	32.5	24.5	49.5	75	82.5	54.5	61	54.5	50.5	59	36.5	36.5	6	36.5	23.5	40.5	52	53	7	49.5	41.5	82	28	80	61.5	58	27.5	35	80.5	22.5	85	44	50	31.5	56.5	70	15.5	63	52	66	46.5	39	56	83.5	92	27.5	
19.5	40.5	52.5	82.5	59	64.5	43	88.5	79	31.5	82.5	6	0	38	37.5	50.5	45.5	56	82	90.5	31	60	84	74	84	61	85	42.5	40.5	51.5	26.5	18.5	43.5	81	76.5	54.5	63	60.5	56.5	53	32.5	42.5	12	30.5	29.5	34.5	46	51	1	55.5	37.5	76	34	86	55.5	56	33.5	29	86.5	28.5	79	50	56	27.5	62.5	76	21.5	69	46	60	40.5	45	58	89.5	92	31.5	
37.5	22.5	44.5	64.5	41	62.5	25	70.5	61	13.5	80.5	32	38	0	29.5	32.5	43.5	54	64	76.5	31	58	78	72	78	43	77	40.5	22.5	49.5	29.5	31.5	41.5	63	74.5	42.5	49	42.5	38.5	49	44.5	24.5	26	28.5	31.5	32.5	44	41	39	37.5	29.5	74	36	68	51.5	46	35.5	13	68.5	15.5	77	32	38	34.5	44.5	58	18.5	51	44	58	38.5	27	44	71.5	80	30.5	
33	27	41	69	45.5	53	29.5	75	65.5	16	71	41.5	37.5	29.5	0	37	34	44.5	68.5	79	34.5	48.5	72.5	62.5	72.5	47.5	73.5	31	27	40	25	27	32	67.5	65	43	51.5	47	43	41.5	46	29	35.5	7	41	3	34.5	39.5	36.5	42	0	64.5	45.5	72.5	44	44.5	45	22.5	73	25	67.5	36.5	42.5	36	49	62.5	28	55.5	34.5	48.5	29	31.5	46.5	76	80.5	40	
60	20	12	42	18.5	40	27.5	48	38.5	21	62	44.5	50.5	32.5	37	0	31	41.5	41.5	54	43.5	39.5	55.5	59.5	55.5	20.5	54.5	32	10	33	48	54	21	40.5	62	10	26.5	20	16	26.5	57	22	38.5	44	44	40	31.5	23.5	51.5	5	37	61.5	48.5	45.5	29	23.5	48	45.5	46	28	64.5	9.5	15.5	47	22	35.5	31	28.5	28.5	45.5	34	19.5	21.5	49	57.5	43	
41	41	19	59	22.5	21	38.5	53	57.5	50	39	51.5	45.5	43.5	34	31	0	12.5	54.5	47	42.5	16.5	40.5	30.5	40.5	35.5	41.5	19	39	6	33	35	10	45.5	33	21	19.5	39	35	14.5	54	39	57.5	27	67	31	7.5	22.5	44.5	26	34	32.5	57.5	50.5	10	17.5	63	30.5	55	53	35.5	31.5	30.5	44	39	50.5	60	47.5	17.5	16.5	17	36.5	19.5	52	48.5	48	
51.5	51.5	29.5	50.5	33	16.5	49	48.5	47	54.5	34.5	62	56	54	44.5	41.5	12.5	0	50	42.5	53	4	36	26	36	23	37	29.5	43.5	18.5	43.5	45.5	20.5	41	28.5	31.5	25	28.5	29.5	25	64.5	49.5	68	37.5	77.5	41.5	18	33	55	36.5	44.5	28	68	46	22.5	28	73.5	41	50.5	61.5	31	38	34	54.5	30.5	44	64.5	37	28	12	27.5	47	30	47.5	44	58.5	
93.5	51.5	53.5	8.5	45	41.5	59	14.5	3	52.5	28.5	76	82	64	68.5	41.5	54.5	50	0	20.5	75	46	14	24	14	27	13	63.5	41.5	54.5	79.5	87.5	62.5	17	30.5	51.5	43	21.5	27.5	53	88.5	53.5	70	75.5	75.5	71.5	60	55	83	46.5	68.5	22	80	4	50.5	50	79.5	77	12.5	59.5	33	36	32	78.5	23.5	12	62.5	15	60	44	65.5	51	48	15.5	24	74.5	
86	64	64	12	57.5	46	71.5	6	17.5	65	8	88.5	90.5	76.5	79	54	47	42.5	20.5	0	87.5	46.5	30.5	20.5	30.5	39.5	31.5	64	54	53	78	80	55	29.5	14	64	55.5	34	40	59.5	99	66	82.5	72	88	76	52.5	67.5	89.5	59	79	22.5	92.5	24.5	57	62.5	92	75.5	8	72	20.5	48.5	44.5	89	36	24.5	75	27.5	62.5	36.5	62	63.5	60.5	5	31.5	87	
26.5	33.5	49.5	75.5	52	61.5	36	81.5	72	24.5	79.5	33	31	31	34.5	43.5	42.5	53	75	87.5	0	57	81	71	81	54	82	39.5	33.5	48.5	23.5	20.5	40.5	74	73.5	51.5	60	53.5	49.5	50	39.5	35.5	27	27.5	32.5	31.5	43	48	30	48.5	34.5	73	37	79	52.5	53	36.5	26	79.5	21.5	76	43	49	29.5	55.5	69	19.5	62	43	57	37.5	38	55	82.5	89	31.5	
55.5	49.5	33.5	46.5	37	20.5	53	52.5	43	50.5	38.5	66	60	58	48.5	39.5	16.5	4	46	46.5	57	0	40	30	40	19	41	33.5	39.5	22.5	47.5	49.5	24.5	45	32.5	35.5	29	24.5	25.5	29	68.5	51.5	68	41.5	73.5	45.5	22	37	59	40.5	48.5	32	72	50	26.5	32	77.5	45	50.5	57.5	35	34	30	58.5	26.5	40	60.5	33	32	16	31.5	49	34	51.5	48	62.5	
79.5	65.5	57.5	22.5	59	39.5	73	28.5	17	66.5	22.5	90	84	78	72.5	55.5	40.5	36	14	30.5	81	40	0	10	0	41	1	57.5	55.5	46.5	71.5	73.5	48.5	31	16.5	59.5	53	35.5	41.5	53	92.5	67.5	84	65.5	89.5	69.5	46	61	83	60.5	72.5	8	94	10	50.5	56	93.5	69	26.5	73.5	19	50	46	82.5	37.5	26	76.5	29	56	30	55.5	65	58	29.5	32	86.5	
69.5	69.5	47.5	32.5	51	29.5	67	26.5	27	76.5	12.5	80	74	72	62.5	59.5	30.5	26	24	20.5	71	30	10	0	10	49	11	47.5	65.5	36.5	61.5	63.5	38.5	29	6.5	49.5	43	45.5	51.5	43	82.5	67.5	86	55.5	95.5	59.5	36	51	73	54.5	62.5	2	86	20	40.5	46	91.5	59	28.5	81.5	9	60	54	72.5	47.5	34	86.5	39	46	20	45.5	65	48	25.5	22	76.5	
79.5	65.5	57.5	22.5	59	39.5	73	28.5	17	66.5	22.5	90	84	78	72.5	55.5	40.5	36	14	30.5	81	40	0	10	0	41	1	57.5	55.5	46.5	71.5	73.5	48.5	31	16.5	59.5	53	35.5	41.5	53	92.5	67.5	84	65.5	89.5	69.5	46	61	83	60.5	72.5	8	94	10	50.5	56	93.5	69	26.5	73.5	19	50	46	82.5	37.5	26	76.5	29	56	30	55.5	65	58	29.5	32	86.5	
74.5	30.5	32.5	27.5	24	25.5	38	33.5	24	31.5	47.5	55	61	43	47.5	20.5	35.5	23	27	39.5	54	19	41	49	41	0	40	42.5	20.5	33.5	58.5	66.5	41.5	26	51.5	30.5	22	5.5	6.5	32	67.5	32.5	49	54.5	54.5	50.5	39	34	62	25.5	47.5	49	59	31	29.5	29	58.5	56	31.5	38.5	54	15	11	57.5	7.5	21	41.5	14	39	35	44.5	30	27	34.5	43	53.5	
80.5	64.5	58.5	21.5	58	40.5	72	27.5	16	65.5	23.5	89	85	77	73.5	54.5	41.5	37	13	31.5	82	41	1	11	1	40	0	58.5	54.5	47.5	72.5	74.5	49.5	30	17.5	60.5	54	34.5	40.5	54	93.5	66.5	83	66.5	88.5	70.5	47	62	84	59.5	73.5	9	93	9	51.5	57	92.5	70	25.5	72.5	20	49	45	83.5	36.5	25	75.5	28	57	31	56.5	64	59	28.5	33	87.5	
38	32	26	64	34.5	38	35.5	70	60.5	33	56	48.5	42.5	40.5	31	32	19	29.5	63.5	64	39.5	33.5	57.5	47.5	57.5	42.5	58.5	0	22	25	30	32	17	62.5	50	28	36.5	42	38	26.5	51	34	50.5	24	56	28	19.5	24.5	41.5	33	31	49.5	54.5	67.5	29	29.5	60	27.5	68	40	52.5	31.5	37.5	41	44	57.5	43	50.5	19.5	33.5	2	31.5	31.5	69	65.5	45	
60	10	22	42	18.5	40	17.5	48	38.5	11	62	34.5	40.5	22.5	27	10	39	43.5	41.5	54	33.5	39.5	55.5	65.5	55.5	20.5	54.5	22	0	33	38	46	31	40.5	68	20	26.5	20	16	26.5	47	12	28.5	34	34	30	33.5	18.5	41.5	15	27	63.5	38.5	45.5	29	23.5	38	35.5	46	18	70.5	9.5	15.5	37	22	35.5	21	28.5	23.5	49.5	24	9.5	21.5	49	57.5	33	
47	43	25	55	28.5	27	44.5	59	51.5	44	45	57.5	51.5	49.5	40	33	6	18.5	54.5	53	48.5	22.5	46.5	36.5	46.5	33.5	47.5	25	33	0	39	41	16	51.5	39	27	25.5	33	29	20.5	60	45	61.5	33	67	37	13.5	28.5	50.5	32	40	38.5	63.5	56.5	4	23.5	69	36.5	59	51	41.5	27.5	28.5	50	35	48.5	54	41.5	23.5	22.5	23	42.5	25.5	58	54.5	54	
22	38	40	80	48.5	52	34.5	84	76.5	29	70	32.5	26.5	29.5	25	48	33	43.5	79.5	78	23.5	47.5	71.5	61.5	71.5	58.5	72.5	30	38	39	0	16	31	76.5	64	42	50.5	58	54	40.5	35	40	36.5	18	42	22	33.5	38.5	25.5	47	25	63.5	38.5	81.5	43	43.5	44	16.5	84	20	66.5	47.5	53.5	25	60	73.5	29	66.5	33.5	47.5	28	42.5	45.5	83	79.5	29	
14	44	42	88	50.5	54	36.5	86	84.5	37	72	24.5	18.5	31.5	27	54	35	45.5	87.5	80	20.5	49.5	73.5	63.5	73.5	66.5	74.5	32	46	41	16	0	33	78.5	66	44	52.5	66	62	42.5	27	42	30.5	20	40	24	35.5	40.5	17.5	49	27	65.5	30.5	83.5	45	45.5	36	18.5	88	34	68.5	55.5	61.5	9	68	81.5	25	74.5	35.5	49.5	30	44.5	47.5	85	81.5	13	
39	39	9	63	25.5	29	36.5	61	59.5	42	47	49.5	43.5	41.5	32	21	10	20.5	62.5	55	40.5	24.5	48.5	38.5	48.5	41.5	49.5	17	31	16	31	33	0	53.5	41	11	27.5	41	37	17.5	52	37	55.5	25	65	29	10.5	20.5	42.5	16	32	40.5	55.5	58.5	20	20.5	61	28.5	63	49	43.5	30.5	36.5	42	43	56.5	52	49.5	15.5	24.5	15	34.5	22.5	60	56.5	46	
84.5	50.5	52.5	17.5	44	40.5	58	23.5	14	51.5	37.5	75	81	63	67.5	40.5	45.5	41	17	29.5	74	45	31	29	31	26	30	62.5	40.5	51.5	76.5	78.5	53.5	0	31.5	50.5	42	20.5	26.5	52	87.5	52.5	69	70.5	74.5	70.5	51	54	82	45.5	67.5	31	79	21	49.5	49	78.5	74	21.5	58.5	34	35	31	77.5	22.5	5	61.5	14	59	35	60.5	50	47	24.5	33	73.5	
72	72	50	26	53.5	32	69.5	20	31.5	79	6	82.5	76.5	74.5	65	62	33	28.5	30.5	14	73.5	32.5	16.5	6.5	16.5	51.5	17.5	50	68	39	64	66	41	31.5	0	52	45.5	48	54	45.5	85	70	88.5	58	98	62	38.5	53.5	75.5	57	65	8.5	88.5	26.5	43	48.5	94	61.5	22	84	6.5	62.5	56.5	75	50	36.5	89	41.5	48.5	22.5	48	67.5	50.5	19	19.5	79	
50	30	2	52	28.5	40	37.5	58	48.5	31	58	54.5	54.5	42.5	43	10	21	31.5	51.5	64	51.5	35.5	59.5	49.5	59.5	30.5	60.5	28	20	27	42	44	11	50.5	52	0	36.5	30	26	28.5	63	32	48.5	36	54	40	21.5	31.5	53.5	5	43	51.5	58.5	55.5	31	31.5	58	39.5	56	38	54.5	19.5	25.5	53	32	45.5	41	38.5	26.5	35.5	26	29.5	31.5	59	67.5	53	
58.5	36.5	36.5	43.5	30	33.5	44	49.5	40	37.5	51.5	61	63	49	51.5	26.5	19.5	25	43	55.5	60	29	53	43	53	22	54	36.5	26.5	25.5	50.5	52.5	27.5	42	45.5	36.5	0	21.5	17.5	32	71.5	38.5	55	44.5	60.5	48.5	25	40	62	31.5	51.5	45	65	47	29.5	35	64.5	48	47.5	44.5	48	21	11	61.5	23.5	37	47.5	30	35	29	34.5	36	33	50.5	59	59.5	
80	30	32	22	23.5	20	37.5	28	18.5	31	42	54.5	60.5	42.5	47	20	39	28.5	21.5	34	53.5	24.5	35.5	45.5	35.5	5.5	34.5	42	20	33	58	66	41	20.5	48	30	21.5	0	6	31.5	67	32	48.5	54	54	50	38.5	33.5	61.5	25	47	43.5	58.5	25.5	29	28.5	58	55.5	26	38	50.5	14.5	10.5	57	2	15.5	41	8.5	38.5	29.5	44	29.5	26.5	29	37.5	53	
74	26	28	28	19.5	26	33.5	34	24.5	27	48	50.5	56.5	38.5	43	16	35	29.5	27.5	40	49.5	25.5	41.5	51.5	41.5	6.5	40.5	38	16	29	54	62	37	26.5	54	26	17.5	6	0	27.5	63	28	44.5	50	50	46	34.5	29.5	57.5	21	43	49.5	54.5	31.5	25	24.5	54	51.5	32	34	56.5	10.5	6.5	53	8	21.5	37	14.5	34.5	35.5	40	25.5	22.5	35	43.5	49	
48.5	36.5	26.5	53.5	8	33.5	44	59.5	50	37.5	51.5	59	53	49	41.5	26.5	14.5	25	53	59.5	50	29	53	43	53	32	54	26.5	26.5	20.5	40.5	42.5	17.5	52	45.5	28.5	32	31.5	27.5	0	61.5	38.5	55	34.5	60.5	38.5	7	30	52	31.5	41.5	45	65	57	24.5	3	64.5	38	57.5	44.5	48	17	27	51.5	33.5	47	47.5	40	25	29	24.5	36	5	60.5	61	55.5	
13	47	61	89	65.5	73	49.5	95	85.5	38	91	36.5	32.5	44.5	46	57	54	64.5	88.5	99	39.5	68.5	92.5	82.5	92.5	67.5	93.5	51	47	60	35	27	52	87.5	85	63	71.5	67	63	61.5	0	49	30.5	39	13	43	54.5	59.5	31.5	62	46	84.5	30.5	92.5	64	64.5	9	37.5	93	35	87.5	56.5	62.5	36	69	82.5	28	75.5	54.5	68.5	49	51.5	66.5	96	100.5	40	
48	2	34	54	30.5	52	19.5	60	50.5	13	74	36.5	42.5	24.5	29	22	39	49.5	53.5	66	35.5	51.5	67.5	67.5	67.5	32.5	66.5	34	12	45	40	42	37	52.5	70	32	38.5	32	28	38.5	49	0	30.5	34	36	32	39.5	30.5	43.5	27	29	69.5	40.5	57.5	41	35.5	40	37.5	58	20	72.5	21.5	27.5	39	34	47.5	23	40.5	35.5	53.5	34	16.5	33.5	61	69.5	35	
31.5	28.5	50.5	70.5	47	68.5	31	76.5	67	19.5	90.5	6	12	26	35.5	38.5	57.5	68	70	82.5	27	68	84	86	84	49	83	50.5	28.5	61.5	36.5	30.5	55.5	69	88.5	48.5	55	48.5	44.5	55	30.5	30.5	0	42.5	17.5	38.5	58	47	13	43.5	35.5	88	22	74	57.5	52	21.5	39	74.5	16.5	91	38	44	25.5	50.5	64	9.5	57	52	72	52.5	33	50	77.5	86	21.5	
26	34	34	76	42.5	46	28.5	78	72.5	23	64	36.5	30.5	28.5	7	44	27	37.5	75.5	72	27.5	41.5	65.5	55.5	65.5	54.5	66.5	24	34	33	18	20	25	70.5	58	36	44.5	54	50	34.5	39	34	42.5	0	48	4	27.5	32.5	29.5	41	7	57.5	42.5	75.5	37	37.5	48	15.5	80	32	60.5	43.5	49.5	29	56	69.5	35	62.5	27.5	41.5	22	36.5	39.5	77	73.5	33	
26	34	56	76	52.5	74	36.5	82	72.5	25	96	23.5	29.5	31.5	41	44	67	77.5	75.5	88	32.5	73.5	89.5	95.5	89.5	54.5	88.5	56	34	67	42	40	65	74.5	98	54	60.5	54	50	60.5	13	36	17.5	48	0	44	67.5	52.5	30.5	49	41	97.5	17.5	79.5	63	57.5	4	44.5	80	22	100.5	43.5	49.5	31	56	69.5	15	62.5	57.5	81.5	58	38.5	55.5	83	91.5	27	
30	30	38	72	46.5	50	32.5	78	68.5	19	68	40.5	34.5	32.5	3	40	31	41.5	71.5	76	31.5	45.5	69.5	59.5	69.5	50.5	70.5	28	30	37	22	24	29	70.5	62	40	48.5	50	46	38.5	43	32	38.5	4	44	0	31.5	36.5	33.5	45	3	61.5	46.5	75.5	41	41.5	48	19.5	76	28	64.5	39.5	45.5	33	52	65.5	31	58.5	31.5	45.5	26	34.5	43.5	79	77.5	37	
41.5	41.5	19.5	60.5	15	26.5	39	58.5	57	44.5	44.5	52	46	44	34.5	31.5	7.5	18	60	52.5	43	22	46	36	46	39	47	19.5	33.5	13.5	33.5	35.5	10.5	51	38.5	21.5	25	38.5	34.5	7	54.5	39.5	58	27.5	67.5	31.5	0	23	45	26.5	34.5	38	58	56	17.5	10	63.5	31	60.5	51.5	41	24	34	44.5	40.5	54	54.5	47	18	22	17.5	37	12	57.5	54	48.5	
46.5	28.5	29.5	55.5	32	41.5	36	61.5	52	29.5	59.5	53	51	41	39.5	23.5	22.5	33	55	67.5	48	37	61	51	61	34	62	24.5	18.5	28.5	38.5	40.5	20.5	54	53.5	31.5	40	33.5	29.5	30	59.5	30.5	47	32.5	52.5	36.5	23	0	50	28.5	39.5	53	57	59	32.5	33	56.5	36	59.5	36.5	56	23	29	49.5	35.5	49	39.5	42	5	37	22.5	28	35	62.5	69	51.5	
18.5	41.5	51.5	83.5	60	63.5	44	89.5	80	32.5	81.5	7	1	39	36.5	51.5	44.5	55	83	89.5	30	59	83	73	83	62	84	41.5	41.5	50.5	25.5	17.5	42.5	82	75.5	53.5	62	61.5	57.5	52	31.5	43.5	13	29.5	30.5	33.5	45	50	0	56.5	36.5	75	35	87	54.5	55	34.5	28	87.5	29.5	78	51	57	26.5	63.5	77	22.5	70	45	59	39.5	46	57	90.5	91	30.5	
55	25	7	47	23.5	45	32.5	53	43.5	26	63	49.5	55.5	37.5	42	5	26	36.5	46.5	59	48.5	40.5	60.5	54.5	60.5	25.5	59.5	33	15	32	47	49	16	45.5	57	5	31.5	25	21	31.5	62	27	43.5	41	49	45	26.5	28.5	56.5	0	42	56.5	53.5	50.5	34	28.5	53	44.5	51	33	59.5	14.5	20.5	52	27	40.5	36	33.5	31.5	40.5	31	24.5	26.5	54	62.5	48	
33	27	41	69	45.5	53	29.5	75	65.5	16	71	41.5	37.5	29.5	0	37	34	44.5	68.5	79	34.5	48.5	72.5	62.5	72.5	47.5	73.5	31	27	40	25	27	32	67.5	65	43	51.5	47	43	41.5	46	29	35.5	7	41	3	34.5	39.5	36.5	42	0	64.5	45.5	72.5	44	44.5	45	22.5	73	25	67.5	36.5	42.5	36	49	62.5	28	55.5	34.5	48.5	29	31.5	46.5	76	80.5	40	
71.5	71.5	49.5	30.5	53	31.5	69	28.5	25	74.5	14.5	82	76	74	64.5	61.5	32.5	28	22	22.5	73	32	8	2	8	49	9	49.5	63.5	38.5	63.5	65.5	40.5	31	8.5	51.5	45	43.5	49.5	45	84.5	69.5	88	57.5	97.5	61.5	38	53	75	56.5	64.5	0	88	18	42.5	48	93.5	61	30.5	81.5	11	58	54	74.5	45.5	34	84.5	37	48	22	47.5	67	50	27.5	24	78.5	
21.5	38.5	60.5	80.5	57	76.5	41	86.5	77	29.5	94.5	28	34	36	45.5	48.5	57.5	68	80	92.5	37	72	94	86	94	59	93	54.5	38.5	63.5	38.5	30.5	55.5	79	88.5	58.5	65	58.5	54.5	65	30.5	40.5	22	42.5	17.5	46.5	58	57	35	53.5	45.5	88	0	84	67.5	62	21.5	41	84.5	26.5	91	48	54	35.5	60.5	74	19.5	67	58	72	52.5	43	60	87.5	96	31.5	
89.5	55.5	57.5	12.5	49	45.5	63	18.5	7	56.5	32.5	80	86	68	72.5	45.5	50.5	46	4	24.5	79	50	10	20	10	31	9	67.5	45.5	56.5	81.5	83.5	58.5	21	26.5	55.5	47	25.5	31.5	57	92.5	57.5	74	75.5	79.5	75.5	56	59	87	50.5	72.5	18	84	0	54.5	54	83.5	79	16.5	63.5	29	40	36	82.5	27.5	16	66.5	19	64	40	65.5	55	52	19.5	28	78.5	
51	39	29	51	32.5	31	46.5	57	47.5	40	49	61.5	55.5	51.5	44	29	10	22.5	50.5	57	52.5	26.5	50.5	40.5	50.5	29.5	51.5	29	29	4	43	45	20	49.5	43	31	29.5	29	25	24.5	64	41	57.5	37	63	41	17.5	32.5	54.5	34	44	42.5	67.5	54.5	0	27.5	67	40.5	55	47	45.5	23.5	24.5	54	31	44.5	50	37.5	27.5	26.5	27	38.5	29.5	58	58.5	58	
51.5	33.5	29.5	50.5	5	36.5	41	56.5	47	34.5	54.5	58	56	46	44.5	23.5	17.5	28	50	62.5	53	32	56	46	56	29	57	29.5	23.5	23.5	43.5	45.5	20.5	49	48.5	31.5	35	28.5	24.5	3	64.5	35.5	52	37.5	57.5	41.5	10	33	55	28.5	44.5	48	62	54	27.5	0	61.5	41	54.5	41.5	51	14	24	54.5	30.5	44	44.5	37	28	32	27.5	33	2	57.5	64	56.5	
22	38	60	80	56.5	78	40.5	86	76.5	29	100	27.5	33.5	35.5	45	48	63	73.5	79.5	92	36.5	77.5	93.5	91.5	93.5	58.5	92.5	60	38	69	44	36	61	78.5	94	58	64.5	58	54	64.5	9	40	21.5	48	4	48	63.5	56.5	34.5	53	45	93.5	21.5	83.5	67	61.5	0	46.5	84	26	96.5	47.5	53.5	35	60	73.5	19	66.5	61.5	77.5	58	42.5	59.5	87	95.5	31	
24.5	35.5	37.5	77.5	46	49.5	32	81.5	74	26.5	67.5	35	29	13	22.5	45.5	30.5	41	77	75.5	26	45	69	59	69	56	70	27.5	35.5	36.5	16.5	18.5	28.5	74	61.5	39.5	48	55.5	51.5	38	37.5	37.5	39	15.5	44.5	19.5	31	36	28	44.5	22.5	61	41	79	40.5	41	46.5	0	81.5	28.5	64	45	51	27.5	57.5	71	31.5	64	31	45	25.5	40	43	80.5	77	31.5	
94	56	58	4	49.5	46	63.5	2	9.5	57	16	80.5	86.5	68.5	73	46	55	50.5	12.5	8	79.5	50.5	26.5	28.5	26.5	31.5	25.5	68	46	59	84	88	63	21.5	22	56	47.5	26	32	57.5	93	58	74.5	80	80	76	60.5	59.5	87.5	51	73	30.5	84.5	16.5	55	54.5	84	81.5	0	64	28.5	40.5	36.5	83	28	16.5	67	19.5	64.5	44.5	70	55.5	52.5	3	23.5	79	
42	18	40	60	36.5	58	20.5	66	56.5	9	80	22.5	28.5	15.5	25	28	53	61.5	59.5	72	21.5	57.5	73.5	81.5	73.5	38.5	72.5	40	18	51	20	34	49	58.5	84	38	44.5	38	34	44.5	35	20	16.5	32	22	28	51.5	36.5	29.5	33	25	81.5	26.5	63.5	47	41.5	26	28.5	64	0	86.5	27.5	33.5	25	40	53.5	9	46.5	41.5	67.5	42	22.5	39.5	67	75.5	21	
74.5	74.5	52.5	32.5	56	34.5	72	26.5	34	81.5	12.5	85	79	77	67.5	64.5	35.5	31	33	20.5	76	35	19	9	19	54	20	52.5	70.5	41.5	66.5	68.5	43.5	34	6.5	54.5	48	50.5	56.5	48	87.5	72.5	91	60.5	100.5	64.5	41	56	78	59.5	67.5	11	91	29	45.5	51	96.5	64	28.5	86.5	0	65	59	77.5	52.5	39	91.5	44	51	25	50.5	70	53	25.5	13	81.5	
65.5	19.5	21.5	36.5	9	34.5	27	42.5	33	20.5	56.5	44	50	32	36.5	9.5	31.5	38	36	48.5	43	34	50	60	50	15	49	31.5	9.5	27.5	47.5	55.5	30.5	35	62.5	19.5	21	14.5	10.5	17	56.5	21.5	38	43.5	43.5	39.5	24	23	51	14.5	36.5	58	48	40	23.5	14	47.5	45	40.5	27.5	65	0	10	46.5	16.5	30	30.5	23	28	44	33.5	19	12	43.5	52	42.5	
69.5	25.5	27.5	32.5	19	30.5	33	38.5	29	26.5	52.5	50	56	38	42.5	15.5	30.5	34	32	44.5	49	30	46	54	46	11	45	37.5	15.5	28.5	53.5	61.5	36.5	31	56.5	25.5	11	10.5	6.5	27	62.5	27.5	44	49.5	49.5	45.5	34	29	57	20.5	42.5	54	54	36	24.5	24	53.5	51	36.5	33.5	59	10	0	52.5	12.5	26	36.5	19	34	40	39.5	25	22	39.5	48	48.5	
23	37	51	79	55.5	63	39.5	85	75.5	28	81	31.5	27.5	34.5	36	47	44	54.5	78.5	89	29.5	58.5	82.5	72.5	82.5	57.5	83.5	41	37	50	25	9	42	77.5	75	53	61.5	57	53	51.5	36	39	25.5	29	31	33	44.5	49.5	26.5	52	36	74.5	35.5	82.5	54	54.5	35	27.5	83	25	77.5	46.5	52.5	0	59	72.5	16	65.5	44.5	58.5	39	41.5	56.5	86	90.5	4	
78	32	34	24	25.5	18	39.5	30	20.5	33	44	56.5	62.5	44.5	49	22	39	30.5	23.5	36	55.5	26.5	37.5	47.5	37.5	7.5	36.5	44	22	35	60	68	43	22.5	50	32	23.5	2	8	33.5	69	34	50.5	56	56	52	40.5	35.5	63.5	27	49	45.5	60.5	27.5	31	30.5	60	57.5	28	40	52.5	16.5	12.5	59	0	17.5	43	10.5	40.5	31.5	46	31.5	28.5	31	39.5	55	
89.5	45.5	47.5	12.5	39	35.5	53	18.5	9	46.5	32.5	70	76	58	62.5	35.5	50.5	44	12	24.5	69	40	26	34	26	21	25	57.5	35.5	48.5	73.5	81.5	56.5	5	36.5	45.5	37	15.5	21.5	47	82.5	47.5	64	69.5	69.5	65.5	54	49	77	40.5	62.5	34	74	16	44.5	44	73.5	71	16.5	53.5	39	30	26	72.5	17.5	0	56.5	9	54	40	59.5	45	42	19.5	28	68.5	
39	21	43	63	39.5	61	23.5	69	59.5	12	83	15.5	21.5	18.5	28	31	60	64.5	62.5	75	19.5	60.5	76.5	86.5	76.5	41.5	75.5	43	21	54	29	25	52	61.5	89	41	47.5	41	37	47.5	28	23	9.5	35	15	31	54.5	39.5	22.5	36	28	84.5	19.5	66.5	50	44.5	19	31.5	67	9	91.5	30.5	36.5	16	43	56.5	0	49.5	44.5	70.5	45	25.5	42.5	70	78.5	12	
86.5	38.5	40.5	15.5	32	28.5	46	21.5	12	39.5	35.5	63	69	51	55.5	28.5	47.5	37	15	27.5	62	33	29	39	29	14	28	50.5	28.5	41.5	66.5	74.5	49.5	14	41.5	38.5	30	8.5	14.5	40	75.5	40.5	57	62.5	62.5	58.5	47	42	70	33.5	55.5	37	67	19	37.5	37	66.5	64	19.5	46.5	44	23	19	65.5	10.5	9	49.5	0	47	33	52.5	38	35	22.5	31	61.5	
41.5	33.5	24.5	60.5	33	36.5	39	66.5	57	34.5	54.5	52	46	44	34.5	28.5	17.5	28	60	62.5	43	32	56	46	56	39	57	19.5	23.5	23.5	33.5	35.5	15.5	59	48.5	26.5	35	38.5	34.5	25	54.5	35.5	52	27.5	57.5	31.5	18	5	45	31.5	34.5	48	58	64	27.5	28	61.5	31	64.5	41.5	51	28	34	44.5	40.5	54	44.5	47	0	32	17.5	33	30	67.5	64	48.5	
55.5	55.5	33.5	46.5	37	15.5	53	42.5	43	60.5	28.5	66	60	58	48.5	45.5	16.5	12	44	36.5	57	16	30	20	30	35	31	33.5	49.5	22.5	47.5	49.5	24.5	35	22.5	35.5	29	29.5	35.5	29	68.5	53.5	72	41.5	81.5	45.5	22	37	59	40.5	48.5	22	72	40	26.5	32	77.5	45	44.5	67.5	25	44	40	58.5	31.5	40	70.5	33	32	0	31.5	51	34	41.5	38	62.5	
36	34	24	66	32.5	36	33.5	68	62.5	35	54	46.5	40.5	38.5	29	34	17	27.5	65.5	62	37.5	31.5	55.5	45.5	55.5	44.5	56.5	2	24	23	28	30	15	60.5	48	26	34.5	44	40	24.5	49	34	52.5	22	58	26	17.5	22.5	39.5	31	29	47.5	52.5	65.5	27	27.5	58	25.5	70	42	50.5	33.5	39.5	39	46	59.5	45	52.5	17.5	31.5	0	31.5	29.5	67	63.5	43	
50.5	14.5	31.5	51.5	28	49.5	22	57.5	48	15.5	71.5	39	45	27	31.5	19.5	36.5	47	51	63.5	38	49	65	65	65	30	64	31.5	9.5	42.5	42.5	44.5	34.5	50	67.5	29.5	36	29.5	25.5	36	51.5	16.5	33	36.5	38.5	34.5	37	28	46	24.5	31.5	67	43	55	38.5	33	42.5	40	55.5	22.5	70	19	25	41.5	31.5	45	25.5	38	33	51	31.5	0	31	58.5	67	37.5	
53.5	31.5	31.5	48.5	3	38.5	39	54.5	45	32.5	56.5	56	58	44	46.5	21.5	19.5	30	48	60.5	55	34	58	48	58	27	59	31.5	21.5	25.5	45.5	47.5	22.5	47	50.5	31.5	33	26.5	22.5	5	66.5	33.5	50	39.5	55.5	43.5	12	35	57	26.5	46.5	50	60	52	29.5	2	59.5	43	52.5	39.5	53	12	22	56.5	28.5	42	42.5	35	30	34	29.5	31	0	55.5	64	54.5	
91	59	61	7	52.5	49	66.5	1	12.5	60	13	83.5	89.5	71.5	76	49	52	47.5	15.5	5	82.5	51.5	29.5	25.5	29.5	34.5	28.5	69	49	58	83	85	60	24.5	19	59	50.5	29	35	60.5	96	61	77.5	77	83	79	57.5	62.5	90.5	54	76	27.5	87.5	19.5	58	57.5	87	80.5	3	67	25.5	43.5	39.5	86	31	19.5	70	22.5	67.5	41.5	67	58.5	55.5	0	26.5	82	
87.5	67.5	65.5	19.5	61	47.5	75	25.5	21	68.5	25.5	92	92	80	80.5	57.5	48.5	44	24	31.5	89	48	32	22	32	43	33	65.5	57.5	54.5	79.5	81.5	56.5	33	19.5	67.5	59	37.5	43.5	61	100.5	69.5	86	73.5	91.5	77.5	54	69	91	62.5	80.5	24	96	28	58.5	64	95.5	77	23.5	75.5	13	52	48	90.5	39.5	28	78.5	31	64	38	63.5	67	64	26.5	0	90.5	
27	33	55	75	51.5	67	35.5	81	71.5	24	85	27.5	31.5	30.5	40	43	48	58.5	74.5	87	31.5	62.5	86.5	76.5	86.5	53.5	87.5	45	33	54	29	13	46	73.5	79	53	59.5	53	49	55.5	40	35	21.5	33	27	37	48.5	51.5	30.5	48	40	78.5	31.5	78.5	58	56.5	31	31.5	79	21	81.5	42.5	48.5	4	55	68.5	12	61.5	48.5	62.5	43	37.5	54.5	82	90.5	0	
