Number of items: 75
Horizon: 9
Time limit: 750
Load limit: 4500
Initial item inventory level
47
114
78
69
97
249
168
17
188
84
81
22
14
63
89
130
180
120
63
150
222
183
34
84
60
55
249
53
74
168
30
49
61
168
82
45
246
41
132
26
47
30
58
92
43
91
83
120
136
43
150
44
36
111
43
198
188
38
170
12
213
276
22
40
31
264
252
72
98
66
66
150
62
174
11
Maximum inventory capacity per item
94
152
117
92
194
332
224
34
282
112
162
44
28
126
178
195
270
180
126
225
296
244
68
168
90
110
332
106
111
224
40
98
122
224
164
60
328
82
176
52
94
40
87
138
86
182
166
160
204
86
225
88
54
148
86
297
282
76
255
24
284
368
33
80
62
352
336
96
147
99
88
225
93
232
22
Reserve storage replenishment rate per item and per period
282	0	0	282	0	0	282	0	0	
228	0	0	228	0	0	228	0	0	
234	0	0	234	0	0	234	0	0	
138	0	0	138	0	0	138	0	0	
582	0	0	582	0	0	582	0	0	
498	0	0	498	0	0	498	0	0	
336	0	0	336	0	0	336	0	0	
102	0	0	102	0	0	102	0	0	
564	0	0	564	0	0	564	0	0	
168	0	0	168	0	0	168	0	0	
486	0	0	486	0	0	486	0	0	
132	0	0	132	0	0	132	0	0	
84	0	0	84	0	0	84	0	0	
378	0	0	378	0	0	378	0	0	
534	0	0	534	0	0	534	0	0	
390	0	0	390	0	0	390	0	0	
540	0	0	540	0	0	540	0	0	
360	0	0	360	0	0	360	0	0	
378	0	0	378	0	0	378	0	0	
450	0	0	450	0	0	450	0	0	
444	0	0	444	0	0	444	0	0	
366	0	0	366	0	0	366	0	0	
204	0	0	204	0	0	204	0	0	
504	0	0	504	0	0	504	0	0	
180	0	0	180	0	0	180	0	0	
330	0	0	330	0	0	330	0	0	
498	0	0	498	0	0	498	0	0	
318	0	0	318	0	0	318	0	0	
222	0	0	222	0	0	222	0	0	
336	0	0	336	0	0	336	0	0	
60	0	0	60	0	0	60	0	0	
294	0	0	294	0	0	294	0	0	
366	0	0	366	0	0	366	0	0	
336	0	0	336	0	0	336	0	0	
492	0	0	492	0	0	492	0	0	
90	0	0	90	0	0	90	0	0	
492	0	0	492	0	0	492	0	0	
246	0	0	246	0	0	246	0	0	
264	0	0	264	0	0	264	0	0	
156	0	0	156	0	0	156	0	0	
282	0	0	282	0	0	282	0	0	
60	0	0	60	0	0	60	0	0	
174	0	0	174	0	0	174	0	0	
276	0	0	276	0	0	276	0	0	
258	0	0	258	0	0	258	0	0	
546	0	0	546	0	0	546	0	0	
498	0	0	498	0	0	498	0	0	
240	0	0	240	0	0	240	0	0	
408	0	0	408	0	0	408	0	0	
258	0	0	258	0	0	258	0	0	
450	0	0	450	0	0	450	0	0	
264	0	0	264	0	0	264	0	0	
108	0	0	108	0	0	108	0	0	
222	0	0	222	0	0	222	0	0	
258	0	0	258	0	0	258	0	0	
594	0	0	594	0	0	594	0	0	
564	0	0	564	0	0	564	0	0	
228	0	0	228	0	0	228	0	0	
510	0	0	510	0	0	510	0	0	
72	0	0	72	0	0	72	0	0	
426	0	0	426	0	0	426	0	0	
552	0	0	552	0	0	552	0	0	
66	0	0	66	0	0	66	0	0	
240	0	0	240	0	0	240	0	0	
186	0	0	186	0	0	186	0	0	
528	0	0	528	0	0	528	0	0	
504	0	0	504	0	0	504	0	0	
144	0	0	144	0	0	144	0	0	
294	0	0	294	0	0	294	0	0	
198	0	0	198	0	0	198	0	0	
132	0	0	132	0	0	132	0	0	
450	0	0	450	0	0	450	0	0	
186	0	0	186	0	0	186	0	0	
348	0	0	348	0	0	348	0	0	
66	0	0	66	0	0	66	0	0	
Forward storage demand rate per item and per period
47	20	76	47	70	76	53	54	51	
38	9	22	37	51	23	44	34	45	
39	29	15	30	70	39	57	46	41	
23	0	20	28	12	7	8	27	22	
97	47	116	118	91	81	98	149	17	
83	112	64	57	43	36	56	113	75	
56	25	22	47	13	67	44	80	55	
17	8	9	21	16	17	16	25	10	
94	83	27	86	70	61	159	54	65	
28	42	20	19	26	42	34	40	15	
81	112	88	40	27	19	119	43	74	
22	23	10	22	14	34	41	33	3	
14	14	14	10	12	20	20	12	6	
63	61	19	39	53	18	78	46	85	
89	12	66	101	30	124	18	58	77	
65	35	58	54	55	56	68	73	37	
90	125	79	92	105	166	93	94	119	
60	72	40	36	95	64	45	69	77	
63	31	37	73	88	75	68	42	47	
75	106	91	81	45	98	66	116	58	
74	88	22	100	87	72	40	88	62	
61	106	31	21	19	81	12	26	98	
34	35	23	10	46	26	6	38	42	
84	120	117	78	80	74	46	72	102	
30	44	37	31	39	42	49	34	2	
55	15	49	15	96	95	38	51	80	
83	72	89	116	54	81	40	80	33	
53	70	62	102	83	37	84	33	8	
37	42	31	42	38	55	37	34	28	
56	78	43	37	29	46	28	90	96	
10	5	9	7	11	16	9	8	11	
49	29	41	50	65	61	55	56	63	
61	73	55	76	41	76	31	49	78	
56	83	105	36	50	50	60	76	51	
82	58	70	99	99	115	14	70	69	
15	16	11	18	19	17	13	17	20	
82	53	148	113	50	14	54	125	103	
41	46	53	72	40	28	52	55	16	
44	61	17	63	9	71	39	61	34	
26	42	35	41	10	26	22	34	43	
47	22	11	67	40	41	43	50	48	
10	17	11	13	15	11	11	14	7	
29	26	15	47	15	40	14	23	26	
46	40	50	39	27	25	69	67	45	
43	64	46	34	38	43	19	33	49	
91	142	66	131	165	99	128	10	80	
83	93	17	113	77	48	94	62	89	
40	5	21	38	28	62	46	11	32	
68	74	39	92	46	19	49	58	124	
43	47	25	57	2	65	33	64	54	
75	114	95	39	56	100	108	73	95	
44	18	44	81	44	44	24	9	44	
18	5	29	17	5	7	11	3	34	
37	40	17	49	29	58	38	52	55	
43	45	29	33	64	11	21	54	44	
99	98	120	148	131	59	35	67	82	
94	183	90	42	65	9	110	120	89	
38	28	15	43	48	44	57	40	44	
85	68	61	135	57	47	71	41	68	
12	13	20	6	5	18	6	9	4	
71	82	74	106	23	45	66	69	93	
92	117	79	142	173	147	96	108	79	
11	10	8	4	5	13	8	6	8	
40	53	20	36	19	38	53	34	36	
31	27	49	33	18	14	10	32	56	
88	101	77	171	40	84	133	8	147	
84	75	80	38	40	41	97	112	96	
24	3	20	26	34	30	28	20	30	
49	19	24	8	25	61	52	18	62	
33	21	25	6	39	43	16	59	25	
22	14	14	35	4	29	27	40	20	
75	98	78	131	98	111	60	37	132	
31	12	42	41	20	29	39	25	47	
58	67	81	44	72	94	71	53	68	
11	7	8	6	5	12	9	13	5	
Distance matrix
0	42	84	8	91.5	5.5	46	39.5	39.5	52.5	71.5	68.5	51	47	58	16	79.5	41	99.5	74	41.5	34.5	87	78.5	48	55	17.5	41.5	27.5	10	59.5	75.5	81	4	12.5	50	29.5	47	29	34	47.5	30.5	59.5	40.5	69	57.5	58	27	33	49	78	4	78.5	21.5	38.5	54.5	52	91.5	89.5	58	17.5	57.5	44	83	97.5	62	87.5	27	51.5	39.5	72	41	54.5	60.5	36	21	
42	0	74	40	61.5	42.5	32	41.5	18.5	50.5	51.5	54.5	47	31	60	42	73.5	43	63.5	76	16.5	23.5	61	80.5	50	13	40.5	16.5	30.5	42	23.5	77.5	67	46	39.5	52	31.5	41	29	24	15.5	27.5	43.5	17.5	29	35.5	30	29	25	39	50	46	74.5	36.5	34.5	38.5	36	71.5	63.5	60	40.5	55.5	46	45	65.5	26	75.5	31	21.5	18.5	74	43	18.5	32.5	6	37	
84	74	0	82	24.5	84.5	70	58.5	76.5	51.5	44.5	47.5	55	69	42	100	28.5	45	21.5	10	74.5	81.5	29	22.5	52	61	96.5	74.5	88.5	84	56.5	19.5	35	88	81.5	44	58.5	61	87	82	68.5	85.5	56.5	75.5	47	58.5	58	61	83	63	38	88	27.5	94.5	67.5	61.5	64	29.5	26.5	42	96.5	46.5	48	33	23.5	54	31.5	81	64.5	76.5	12	45	61.5	55.5	80	95	
8	40	82	0	89.5	8.5	44	37.5	37.5	50.5	69.5	66.5	49	45	56	24	77.5	39	97.5	72	39.5	32.5	85	76.5	46	47	20.5	35.5	30.5	2	57.5	73.5	79	12	10.5	48	27.5	45	27	32	45.5	28.5	57.5	38.5	63	55.5	56	25	31	47	76	12	76.5	24.5	36.5	52.5	50	89.5	87.5	56	20.5	55.5	42	79	95.5	60	85.5	25	49.5	37.5	70	39	52.5	58.5	34	29	
91.5	61.5	24.5	89.5	0	92	57.5	64	64	51	32	35	52.5	56.5	45.5	87.5	12	52.5	14	30.5	62	69	16.5	35	55.5	48.5	86	62	76	91.5	44	32	22.5	95.5	89	51.5	66	56.5	74.5	69.5	56	73	44	63	34.5	46	45.5	68.5	70.5	54.5	25.5	95.5	13	82	65	49	51.5	22	2	45.5	86	46	55.5	20.5	16	41.5	26	76.5	52	64	28.5	52.5	49	43	67.5	82.5	
5.5	42.5	84.5	8.5	92	0	46.5	40	40	53	72	69	51.5	47.5	58.5	21.5	80	41.5	100	74.5	42	35	87.5	79	48.5	49.5	12	38	22	10.5	60	76	81.5	9.5	13	50.5	30	47.5	29.5	34.5	48	31	60	41	65.5	58	58.5	27.5	33.5	49.5	78.5	9.5	79	16	39	55	52.5	92	90	58.5	12	58	44.5	81.5	98	62.5	88	27.5	52	40	72.5	41.5	55	61	36.5	26.5	
46	32	70	44	57.5	46.5	0	25.5	34.5	38.5	47.5	50.5	37	1	44	58	65.5	27	59.5	60	32.5	39.5	57	64.5	34	19	56.5	32.5	46.5	46	19.5	61.5	63	50	43.5	36	20.5	33	45	40	26.5	43.5	39.5	33.5	25	31.5	26	23	41	35	46	50	64.5	52.5	29.5	34.5	32	67.5	59.5	44	56.5	43.5	30	41	61.5	22	71.5	43	22.5	34.5	58	27	19.5	28.5	38	53	
39.5	41.5	58.5	37.5	64	40	25.5	0	46	27	46	43	25.5	26.5	32.5	55.5	54	15.5	66	48.5	44	39	61.5	53	22.5	30.5	52	44	58	39.5	20	50	55.5	43.5	37	24.5	14	21.5	48.5	43.5	38	45	34	45	31.5	32	32.5	16.5	52.5	23.5	52.5	43.5	53	56	23	29	26.5	66	64	32.5	52	32	18.5	47.5	68	28.5	62	36.5	34	46	46.5	15.5	31	35	35.5	60.5	
39.5	18.5	76.5	37.5	64	40	34.5	46	0	53	54	57	49.5	33.5	62.5	29.5	76	55.5	66	86.5	14	21	63.5	87	52.5	15.5	28	2	18	35.5	26	90	69.5	41.5	33	60.5	44	43.5	16.5	16.5	18	9	46	15	31.5	38	32.5	41.5	12.5	41.5	52.5	41.5	77	24	37	41	38.5	74	66	62.5	28	58	56.5	47.5	68	28.5	78	23.5	24	0	86.5	55.5	21	35	24.5	24.5	
52.5	50.5	51.5	50.5	51	53	38.5	27	53	0	39	36	23.5	39.5	25.5	68.5	47	13.5	53	41.5	51	52	50.5	46	20.5	37.5	65	51	65	52.5	33	43	48.5	56.5	50	17.5	27	29.5	61.5	56.5	45	58	7	52	23.5	35	34.5	29.5	59.5	31.5	39.5	56.5	46	69	36	32	34.5	59	53	25.5	65	25	16.5	34.5	55	30.5	55	49.5	41	53	39.5	13.5	38	32	48.5	71.5	
71.5	51.5	44.5	69.5	32	72	47.5	46	54	39	0	3	42.5	46.5	29.5	77.5	44	32.5	34	40.5	52	59	31.5	45	39.5	38.5	76	52	66	71.5	34	42	37.5	75.5	69	31.5	46	46.5	64.5	59.5	46	63	34	53	24.5	36	35.5	48.5	60.5	44.5	20.5	75.5	45	72	55	39	41.5	42	34	29.5	76	34	35.5	15.5	36	31.5	46	66.5	42	54	38.5	32.5	39	33	57.5	72.5	
68.5	54.5	47.5	66.5	35	69	50.5	43	57	36	3	0	39.5	49.5	26.5	80.5	43	29.5	37	37.5	55	62	34.5	42	36.5	41.5	79	55	69	68.5	37	39	40.5	72.5	66	28.5	43	45.5	67.5	62.5	49	66	37	56	27.5	39	38.5	45.5	63.5	47.5	23.5	72.5	42	75	52	42	44.5	45	37	26.5	79	31	32.5	18.5	39	34.5	49	65.5	45	57	35.5	29.5	42	36	60.5	75.5	
51	47	55	49	52.5	51.5	37	25.5	49.5	23.5	42.5	39.5	0	38	29	67	50.5	10	54.5	45	47.5	50.5	52	49.5	3	34	63.5	47.5	61.5	51	29.5	46.5	52	55	48.5	21	25.5	28	60	55	41.5	56.5	30.5	48.5	18	31.5	31	28	56	30	41	55	49.5	67.5	34.5	30.5	33	62.5	54.5	29	63.5	28.5	7	36	56.5	27	58.5	48	37.5	49.5	43	10	34.5	28.5	47	68	
47	31	69	45	56.5	47.5	1	26.5	33.5	39.5	46.5	49.5	38	0	45	57	66.5	28	58.5	61	31.5	38.5	56	65.5	35	18	55.5	31.5	45.5	47	18.5	62.5	62	51	44.5	37	21.5	34	44	39	25.5	42.5	38.5	32.5	24	30.5	25	24	40	34	45	51	65.5	51.5	30.5	33.5	31	66.5	58.5	45	55.5	44.5	31	40	60.5	21	70.5	44	21.5	33.5	59	28	18.5	27.5	37	52	
58	60	42	56	45.5	58.5	44	32.5	62.5	25.5	29.5	26.5	29	45	0	74	37.5	19	47.5	32	60.5	57.5	45	36.5	26	47	70.5	60.5	74.5	58	42.5	33.5	39	62	55.5	18	32.5	35	67	62	54.5	63.5	32.5	61.5	33	40.5	44	35	69	37	34	62	36.5	74.5	41.5	37.5	40	49.5	47.5	0	70.5	20.5	22	29	49.5	40	45.5	55	50.5	62.5	30	19	47.5	41.5	54	79	
16	42	100	24	87.5	21.5	58	55.5	29.5	68.5	77.5	80.5	67	57	74	0	95.5	57	89.5	90	37.5	44.5	87	94.5	64	39	31.5	27.5	21.5	26	49.5	91.5	93	12	28.5	66	45.5	63	35	40	41.5	38.5	69.5	38.5	55	61.5	56	43	31	65	76	12	94.5	27.5	54.5	64.5	62	97.5	89.5	74	31.5	73.5	60	71	91.5	52	101.5	43	47.5	29.5	88	57	44.5	58.5	48	5	
79.5	73.5	28.5	77.5	12	80	65.5	54	76	47	44	43	50.5	66.5	37.5	95.5	0	40.5	26	18.5	74	79	28.5	23	47.5	60.5	92	74	88	79.5	56	20	30.5	83.5	77	39.5	54	56.5	86.5	81.5	68	85	54	75	46.5	58	57.5	56.5	82.5	58.5	37.5	83.5	1	94	63	59	61.5	34	10	37.5	92	42	43.5	32.5	28	53.5	32	76.5	64	76	16.5	40.5	61	55	75.5	94.5	
41	43	45	39	52.5	41.5	27	15.5	55.5	13.5	32.5	29.5	10	28	19	57	40.5	0	60.5	35	47.5	40.5	48	39.5	7	44	53.5	57.5	63.5	41	35.5	36.5	42	45	38.5	11	15.5	18	50	45	43.5	46.5	20.5	46.5	28	23.5	29	18	54	20	39	45	39.5	57.5	24.5	20.5	23	52.5	50.5	19	53.5	18.5	3	44	58.5	33	48.5	38	37.5	55.5	33	0	40.5	26.5	37	62	
99.5	63.5	21.5	97.5	14	100	59.5	66	66	53	34	37	54.5	58.5	47.5	89.5	26	60.5	0	31.5	64	71	18.5	21	57.5	50.5	88	64	78	95.5	46	24	24.5	101.5	93	55.5	74	58.5	76.5	71.5	58	75	46	65	36.5	48	47.5	76.5	72.5	56.5	27.5	101.5	27	84	67	51	53.5	8	16	47.5	88	48	61.5	22.5	2	43.5	12	78.5	54	66	31.5	60.5	51	45	69.5	84.5	
74	76	10	72	30.5	74.5	60	48.5	86.5	41.5	40.5	37.5	45	61	32	90	18.5	35	31.5	0	80.5	73.5	31	12.5	42	71	86.5	84.5	96.5	74	66.5	9.5	25	78	71.5	34	48.5	51	83	78	76.5	79.5	48.5	79.5	57	56.5	62	51	87	53	42	78	17.5	90.5	57.5	53.5	56	25.5	28.5	32	86.5	36.5	38	43	31.5	64	21.5	71	70.5	86.5	2	35	71.5	59.5	70	95	
41.5	16.5	74.5	39.5	62	42	32.5	44	14	51	52	55	47.5	31.5	60.5	37.5	74	47.5	64	80.5	0	7	61.5	85	50.5	13.5	36	12	26	41.5	24	82	67.5	45.5	39	56.5	36	41.5	24.5	19.5	16	23	44	1	29.5	36	30.5	33.5	20.5	39.5	50.5	45.5	75	32	35	39	36.5	72	64	60.5	36	56	50.5	45.5	66	26.5	76	26.5	22	14	78.5	47.5	19	33	22.5	32.5	
34.5	23.5	81.5	32.5	69	35	39.5	39	21	52	59	62	50.5	38.5	57.5	44.5	79	40.5	71	73.5	7	0	68.5	78	47.5	20.5	43	19	33	34.5	31	75	74.5	38.5	32	49.5	29	46.5	31.5	26.5	23	30	51	6	36.5	43	37.5	26.5	27.5	46.5	57.5	38.5	78	39	38	46	43.5	79	71	57.5	43	57	43.5	52.5	73	33.5	83	31.5	29	21	71.5	40.5	26	40	29.5	39.5	
87	61	29	85	16.5	87.5	57	61.5	63.5	50.5	31.5	34.5	52	56	45	87	28.5	48	18.5	31	61.5	68.5	0	35.5	55	48	85.5	61.5	75.5	87	43.5	32.5	6	91	84.5	47	61.5	56	74	69	55.5	72.5	43.5	62.5	34	45.5	45	64	70	54	25	91	29.5	81.5	64.5	48.5	51	26.5	18.5	45	85.5	45.5	51	20	20.5	41	30.5	76	51.5	63.5	29	48	48.5	42.5	67	82	
78.5	80.5	22.5	76.5	35	79	64.5	53	87	46	45	42	49.5	65.5	36.5	94.5	23	39.5	21	12.5	85	78	35.5	0	46.5	71.5	91	85	99	78.5	67	3	29.5	82.5	76	38.5	53	55.5	87.5	82.5	79	84	53	84	57.5	61	66.5	55.5	91.5	57.5	46.5	82.5	22	95	62	58	60.5	13	33	36.5	91	41	42.5	43.5	19	64.5	9	75.5	75	87	10.5	39.5	72	64	74.5	99.5	
48	50	52	46	55.5	48.5	34	22.5	52.5	20.5	39.5	36.5	3	35	26	64	47.5	7	57.5	42	50.5	47.5	55	46.5	0	37	60.5	50.5	64.5	48	32.5	43.5	49	52	45.5	18	22.5	25	57	52	44.5	53.5	27.5	51.5	21	30.5	34	25	59	27	44	52	46.5	64.5	31.5	27.5	30	59.5	57.5	26	60.5	25.5	4	39	59.5	30	55.5	45	40.5	52.5	40	7	37.5	31.5	44	69	
55	13	61	47	48.5	49.5	19	30.5	15.5	37.5	38.5	41.5	34	18	47	39	60.5	44	50.5	71	13.5	20.5	48	71.5	37	0	37.5	13.5	27.5	45	10.5	74.5	54	51	42.5	45	30.5	28	26	21	7.5	24.5	30.5	14.5	16	22.5	17	28	22	26	37	51	61.5	33.5	21.5	25.5	23	58.5	50.5	47	37.5	42.5	41	32	52.5	13	62.5	28	8.5	15.5	73	44	5.5	19.5	19	34	
17.5	40.5	96.5	20.5	86	12	56.5	52	28	65	76	79	63.5	55.5	70.5	31.5	92	53.5	88	86.5	36	43	85.5	91	60.5	37.5	0	26	10	22.5	48	88	91.5	21.5	25	62.5	42	59.5	33.5	38.5	40	37	68	37	53.5	60	54.5	39.5	29.5	61.5	74.5	21.5	91	4	51	63	60.5	96	88	70.5	0	70	56.5	69.5	90	50.5	100	39.5	46	28	84.5	53.5	43	57	46.5	26.5	
41.5	16.5	74.5	35.5	62	38	32.5	44	2	51	52	55	47.5	31.5	60.5	27.5	74	57.5	64	84.5	12	19	61.5	85	50.5	13.5	26	0	16	33.5	24	88	67.5	39.5	31	58.5	44	41.5	14.5	14.5	16	11	44	13	29.5	36	30.5	41.5	10.5	39.5	50.5	39.5	75	22	35	39	36.5	72	64	60.5	26	56	54.5	45.5	66	26.5	76	21.5	22	2	86.5	57.5	19	33	22.5	22.5	
27.5	30.5	88.5	30.5	76	22	46.5	58	18	65	66	69	61.5	45.5	74.5	21.5	88	63.5	78	96.5	26	33	75.5	99	64.5	27.5	10	16	0	32.5	38	98	81.5	31.5	35	72.5	52	55.5	23.5	28.5	30	27	58	27	43.5	50	44.5	49.5	19.5	53.5	64.5	31.5	89	6	49	53	50.5	86	78	74.5	10	70	66.5	59.5	80	40.5	90	35.5	36	18	94.5	63.5	33	47	36.5	16.5	
10	42	84	2	91.5	10.5	46	39.5	35.5	52.5	71.5	68.5	51	47	58	26	79.5	41	95.5	74	41.5	34.5	87	78.5	48	45	22.5	33.5	32.5	0	55.5	75.5	81	14	12.5	50	29.5	47	29	34	47.5	30.5	59.5	40.5	61	57.5	58	27	33	49	78	14	78.5	26.5	38.5	54.5	52	91.5	89.5	58	22.5	57.5	44	77	97.5	58	87.5	27	51.5	35.5	72	41	50.5	60.5	36	31	
59.5	23.5	56.5	57.5	44	60	19.5	20	26	33	34	37	29.5	18.5	42.5	49.5	56	35.5	46	66.5	24	31	43.5	67	32.5	10.5	48	24	38	55.5	0	70	49.5	61.5	53	40.5	34	23.5	36.5	31.5	18	35	26	25	11.5	18	12.5	36.5	32.5	21.5	32.5	61.5	57	44	27	21	18.5	54	46	42.5	48	38	36.5	27.5	48	8.5	58	38.5	14	26	66.5	35.5	11	15	29.5	44.5	
75.5	77.5	19.5	73.5	32	76	61.5	50	90	43	42	39	46.5	62.5	33.5	91.5	20	36.5	24	9.5	82	75	32.5	3	43.5	74.5	88	88	98	75.5	70	0	26.5	79.5	73	35.5	50	52.5	84.5	79.5	78	81	50	81	60.5	58	63.5	52.5	88.5	54.5	43.5	79.5	19	92	59	55	57.5	16	30	33.5	88	38	39.5	46.5	22	67.5	12	72.5	72	90	7.5	36.5	75	61	71.5	96.5	
81	67	35	79	22.5	81.5	63	55.5	69.5	48.5	37.5	40.5	52	62	39	93	30.5	42	24.5	25	67.5	74.5	6	29.5	49	54	91.5	67.5	81.5	81	49.5	26.5	0	85	78.5	41	55.5	58	80	75	61.5	78.5	49.5	68.5	40	51.5	51	58	76	60	31	85	29.5	87.5	64.5	54.5	57	32.5	24.5	39	91.5	43.5	45	26	26.5	47	36.5	78	57.5	69.5	23	42	54.5	48.5	73	88	
4	46	88	12	95.5	9.5	50	43.5	41.5	56.5	75.5	72.5	55	51	62	12	83.5	45	101.5	78	45.5	38.5	91	82.5	52	51	21.5	39.5	31.5	14	61.5	79.5	85	0	16.5	54	33.5	51	33	38	51.5	34.5	63.5	44.5	67	61.5	62	31	37	53	82	0	82.5	25.5	42.5	58.5	56	95.5	93.5	62	21.5	61.5	48	83	101.5	64	91.5	31	55.5	41.5	76	45	56.5	64.5	40	17	
12.5	39.5	81.5	10.5	89	13	43.5	37	33	50	69	66	48.5	44.5	55.5	28.5	77	38.5	93	71.5	39	32	84.5	76	45.5	42.5	25	31	35	12.5	53	73	78.5	16.5	0	47.5	27	44.5	26.5	31.5	45	28	57	38	58.5	55	55.5	24.5	30.5	46.5	75.5	16.5	76	29	36	52	49.5	89	87	55.5	25	55	41.5	74.5	95	55.5	85	24.5	49	33	69.5	38.5	48	58	33.5	33.5	
50	52	44	48	51.5	50.5	36	24.5	60.5	17.5	31.5	28.5	21	37	18	66	39.5	11	55.5	34	56.5	49.5	47	38.5	18	45	62.5	58.5	72.5	50	40.5	35.5	41	54	47.5	0	24.5	27	59	54	52.5	55.5	24.5	55.5	31	32.5	38	27	63	29	38	54	38.5	66.5	33.5	29.5	32	51.5	49.5	18	62.5	17.5	14	37	57.5	38	47.5	47	46.5	60.5	32	11	45.5	35.5	46	71	
29.5	31.5	58.5	27.5	66	30	20.5	14	44	27	46	43	25.5	21.5	32.5	45.5	54	15.5	74	48.5	36	29	61.5	53	22.5	30.5	42	44	52	29.5	34	50	55.5	33.5	27	24.5	0	21.5	38.5	33.5	32	35	34	35	41.5	32	32.5	6.5	42.5	23.5	52.5	33.5	53	46	9	29	26.5	66	64	32.5	42	32	18.5	57.5	72	36.5	62	26.5	22	44	46.5	15.5	25	35	25.5	50.5	
47	41	61	45	56.5	47.5	33	21.5	43.5	29.5	46.5	45.5	28	34	35	63	56.5	18	58.5	51	41.5	46.5	56	55.5	25	28	59.5	41.5	55.5	47	23.5	52.5	58	51	44.5	27	21.5	0	54	49	35.5	52.5	36.5	42.5	24	30.5	11	24	50	2	45	51	55.5	61.5	30.5	31.5	5	66.5	58.5	35	59.5	34.5	21	40	60.5	15	64.5	44	31.5	43.5	49	18	28.5	27.5	43	62	
29	29	87	27	74.5	29.5	45	48.5	16.5	61.5	64.5	67.5	60	44	67	35	86.5	50	76.5	83	24.5	31.5	74	87.5	57	26	33.5	14.5	23.5	29	36.5	84.5	80	33	26.5	59	38.5	54	0	27	28.5	25.5	56.5	25.5	42	48.5	43	36	4	52	63	33	87.5	29.5	47.5	51.5	49	84.5	76.5	67	33.5	66.5	53	58	78.5	39	88.5	34	34.5	16.5	81	50	31.5	45.5	35	30	
34	24	82	32	69.5	34.5	40	43.5	16.5	56.5	59.5	62.5	55	39	62	40	81.5	45	71.5	78	19.5	26.5	69	82.5	52	21	38.5	14.5	28.5	34	31.5	79.5	75	38	31.5	54	33.5	49	27	0	23.5	25.5	51.5	20.5	37	43.5	38	31	23	47	58	38	82.5	34.5	42.5	46.5	44	79.5	71.5	62	38.5	61.5	48	53	73.5	34	83.5	7	29.5	16.5	76	45	26.5	40.5	30	35	
47.5	15.5	68.5	45.5	56	48	26.5	38	18	45	46	49	41.5	25.5	54.5	41.5	68	43.5	58	76.5	16	23	55.5	79	44.5	7.5	40	16	30	47.5	18	78	61.5	51.5	45	52.5	32	35.5	28.5	23.5	0	27	38	17	23.5	30	24.5	29.5	24.5	33.5	44.5	51.5	69	36	29	33	30.5	66	58	54.5	40	50	46.5	39.5	60	20.5	70	30.5	16	18	74.5	43.5	13	27	21.5	36.5	
30.5	27.5	85.5	28.5	73	31	43.5	45	9	58	63	66	56.5	42.5	63.5	38.5	85	46.5	75	79.5	23	30	72.5	84	53.5	24.5	37	11	27	30.5	35	81	78.5	34.5	28	55.5	35	52.5	25.5	25.5	27	0	55	24	40.5	47	41.5	32.5	21.5	50.5	61.5	34.5	84	33	44	50	47.5	83	75	63.5	37	63	49.5	56.5	77	37.5	87	32.5	33	9	77.5	46.5	30	44	33.5	33.5	
59.5	43.5	56.5	57.5	44	60	39.5	34	46	7	34	37	30.5	38.5	32.5	69.5	54	20.5	46	48.5	44	51	43.5	53	27.5	30.5	68	44	58	59.5	26	50	49.5	63.5	57	24.5	34	36.5	56.5	51.5	38	55	0	45	16.5	28	27.5	36.5	52.5	36.5	32.5	63.5	53	64	43	31	33.5	54	46	32.5	68	32	23.5	27.5	48	23.5	58	56.5	34	46	46.5	20.5	31	25	49.5	64.5	
40.5	17.5	75.5	38.5	63	41	33.5	45	15	52	53	56	48.5	32.5	61.5	38.5	75	46.5	65	79.5	1	6	62.5	84	51.5	14.5	37	13	27	40.5	25	81	68.5	44.5	38	55.5	35	42.5	25.5	20.5	17	24	45	0	30.5	37	31.5	32.5	21.5	40.5	51.5	44.5	76	33	36	40	37.5	73	65	61.5	37	57	49.5	46.5	67	27.5	77	27.5	23	15	77.5	46.5	20	34	23.5	33.5	
69	29	47	63	34.5	65.5	25	31.5	31.5	23.5	24.5	27.5	18	24	33	55	46.5	28	36.5	57	29.5	36.5	34	57.5	21	16	53.5	29.5	43.5	61	11.5	60.5	40	67	58.5	31	41.5	24	42	37	23.5	40.5	16.5	30.5	0	13.5	13	44	38	22	23	67	47.5	49.5	32.5	16.5	19	44.5	36.5	33	53.5	28.5	25	18	38.5	9	48.5	44	19.5	31.5	59	28	16.5	10.5	35	50	
57.5	35.5	58.5	55.5	46	58	31.5	32	38	35	36	39	31.5	30.5	40.5	61.5	58	23.5	48	56.5	36	43	45.5	61	30.5	22.5	60	36	50	57.5	18	58	51.5	61.5	55	32.5	32	30.5	48.5	43.5	30	47	28	37	13.5	0	19.5	34.5	44.5	28.5	34.5	61.5	59	56	39	3	25.5	56	48	40.5	60	40	26.5	29.5	50	15.5	60	50.5	26	38	54.5	23.5	23	3	41.5	56.5	
58	30	58	56	45.5	58.5	26	32.5	32.5	34.5	35.5	38.5	31	25	44	56	57.5	29	47.5	62	30.5	37.5	45	66.5	34	17	54.5	30.5	44.5	58	12.5	63.5	51	62	55.5	38	32.5	11	43	38	24.5	41.5	27.5	31.5	13	19.5	0	35	39	9	34	62	58.5	50.5	33.5	22.5	6	55.5	47.5	44	54.5	39.5	32	29	49.5	4	59.5	45	20.5	32.5	60	29	17.5	16.5	36	51	
27	29	61	25	68.5	27.5	23	16.5	41.5	29.5	48.5	45.5	28	24	35	43	56.5	18	76.5	51	33.5	26.5	64	55.5	25	28	39.5	41.5	49.5	27	36.5	52.5	58	31	24.5	27	6.5	24	36	31	29.5	32.5	36.5	32.5	44	34.5	35	0	40	26	55	31	55.5	43.5	15.5	31.5	29	68.5	66.5	35	39.5	34.5	21	60	74.5	39	64.5	24	28.5	41.5	49	18	31.5	37.5	23	48	
33	25	83	31	70.5	33.5	41	52.5	12.5	59.5	60.5	63.5	56	40	69	31	82.5	54	72.5	87	20.5	27.5	70	91.5	59	22	29.5	10.5	19.5	33	32.5	88.5	76	37	30.5	63	42.5	50	4	23	24.5	21.5	52.5	21.5	38	44.5	39	40	0	48	59	37	83.5	25.5	43.5	47.5	45	80.5	72.5	69	29.5	64.5	57	54	74.5	35	84.5	30	30.5	12.5	85	54	27.5	41.5	31	26	
49	39	63	47	54.5	49.5	35	23.5	41.5	31.5	44.5	47.5	30	34	37	65	58.5	20	56.5	53	39.5	46.5	54	57.5	27	26	61.5	39.5	53.5	49	21.5	54.5	60	53	46.5	29	23.5	2	52	47	33.5	50.5	36.5	40.5	22	28.5	9	26	48	0	43	53	57.5	59.5	32.5	31.5	3	64.5	56.5	37	61.5	36.5	23	38	58.5	13	66.5	46	29.5	41.5	51	20	26.5	25.5	45	60	
78	50	38	76	25.5	78.5	46	52.5	52.5	39.5	20.5	23.5	41	45	34	76	37.5	39	27.5	42	50.5	57.5	25	46.5	44	37	74.5	50.5	64.5	78	32.5	43.5	31	82	75.5	38	52.5	45	63	58	44.5	61.5	32.5	51.5	23	34.5	34	55	59	43	0	82	38.5	70.5	53.5	37.5	40	35.5	27.5	34	74.5	34.5	42	5	29.5	30	39.5	65	40.5	52.5	40	39	37.5	31.5	56	71	
4	46	88	12	95.5	9.5	50	43.5	41.5	56.5	75.5	72.5	55	51	62	12	83.5	45	101.5	78	45.5	38.5	91	82.5	52	51	21.5	39.5	31.5	14	61.5	79.5	85	0	16.5	54	33.5	51	33	38	51.5	34.5	63.5	44.5	67	61.5	62	31	37	53	82	0	82.5	25.5	42.5	58.5	56	95.5	93.5	62	21.5	61.5	48	83	101.5	64	91.5	31	55.5	41.5	76	45	56.5	64.5	40	17	
78.5	74.5	27.5	76.5	13	79	64.5	53	77	46	45	42	49.5	65.5	36.5	94.5	1	39.5	27	17.5	75	78	29.5	22	46.5	61.5	91	75	89	78.5	57	19	29.5	82.5	76	38.5	53	55.5	87.5	82.5	69	84	53	76	47.5	59	58.5	55.5	83.5	57.5	38.5	82.5	0	95	62	58	60.5	35	11	36.5	91	41	42.5	33.5	29	54.5	31	75.5	65	77	15.5	39.5	62	56	74.5	95.5	
21.5	36.5	94.5	24.5	82	16	52.5	56	24	69	72	75	67.5	51.5	74.5	27.5	94	57.5	84	90.5	32	39	81.5	95	64.5	33.5	4	22	6	26.5	44	92	87.5	25.5	29	66.5	46	61.5	29.5	34.5	36	33	64	33	49.5	56	50.5	43.5	25.5	59.5	70.5	25.5	95	0	55	59	56.5	92	84	74.5	4	74	60.5	65.5	86	46.5	96	41.5	42	24	88.5	57.5	39	53	42.5	22.5	
38.5	34.5	67.5	36.5	65	39	29.5	23	37	36	55	52	34.5	30.5	41.5	54.5	63	24.5	67	57.5	35	38	64.5	62	31.5	21.5	51	35	49	38.5	27	59	64.5	42.5	36	33.5	9	30.5	47.5	42.5	29	44	43	36	32.5	39	33.5	15.5	43.5	32.5	53.5	42.5	62	55	0	38	35.5	75	67	41.5	51	41	27.5	48.5	69	29.5	71	35.5	13	37	55.5	24.5	16	36	34.5	55.5	
54.5	38.5	61.5	52.5	49	55	34.5	29	41	32	39	42	30.5	33.5	37.5	64.5	59	20.5	51	53.5	39	46	48.5	58	27.5	25.5	63	39	53	54.5	21	55	54.5	58.5	52	29.5	29	31.5	51.5	46.5	33	50	31	40	16.5	3	22.5	31.5	47.5	31.5	37.5	58.5	58	59	38	0	28.5	59	51	37.5	63	37	23.5	32.5	53	18.5	63	51.5	29	41	51.5	20.5	26	6	44.5	59.5	
52	36	64	50	51.5	52.5	32	26.5	38.5	34.5	41.5	44.5	33	31	40	62	61.5	23	53.5	56	36.5	43.5	51	60.5	30	23	60.5	36.5	50.5	52	18.5	57.5	57	56	49.5	32	26.5	5	49	44	30.5	47.5	33.5	37.5	19	25.5	6	29	45	3	40	56	60.5	56.5	35.5	28.5	0	61.5	53.5	40	60.5	39.5	26	35	55.5	10	65.5	49	26.5	38.5	54	23	23.5	22.5	42	57	
91.5	71.5	29.5	89.5	22	92	67.5	66	74	59	42	45	62.5	66.5	49.5	97.5	34	52.5	8	25.5	72	79	26.5	13	59.5	58.5	96	72	86	91.5	54	16	32.5	95.5	89	51.5	66	66.5	84.5	79.5	66	83	54	73	44.5	56	55.5	68.5	80.5	64.5	35.5	95.5	35	92	75	59	61.5	0	24	49.5	96	54	55.5	30.5	6	51.5	4	86.5	62	74	23.5	52.5	59	53	77.5	92.5	
89.5	63.5	26.5	87.5	2	90	59.5	64	66	53	34	37	54.5	58.5	47.5	89.5	10	50.5	16	28.5	64	71	18.5	33	57.5	50.5	88	64	78	89.5	46	30	24.5	93.5	87	49.5	64	58.5	76.5	71.5	58	75	46	65	36.5	48	47.5	66.5	72.5	56.5	27.5	93.5	11	84	67	51	53.5	24	0	47.5	88	48	53.5	22.5	18	43.5	28	78.5	54	66	26.5	50.5	51	45	69.5	84.5	
58	60	42	56	45.5	58.5	44	32.5	62.5	25.5	29.5	26.5	29	45	0	74	37.5	19	47.5	32	60.5	57.5	45	36.5	26	47	70.5	60.5	74.5	58	42.5	33.5	39	62	55.5	18	32.5	35	67	62	54.5	63.5	32.5	61.5	33	40.5	44	35	69	37	34	62	36.5	74.5	41.5	37.5	40	49.5	47.5	0	70.5	20.5	22	29	49.5	40	45.5	55	50.5	62.5	30	19	47.5	41.5	54	79	
17.5	40.5	96.5	20.5	86	12	56.5	52	28	65	76	79	63.5	55.5	70.5	31.5	92	53.5	88	86.5	36	43	85.5	91	60.5	37.5	0	26	10	22.5	48	88	91.5	21.5	25	62.5	42	59.5	33.5	38.5	40	37	68	37	53.5	60	54.5	39.5	29.5	61.5	74.5	21.5	91	4	51	63	60.5	96	88	70.5	0	70	56.5	69.5	90	50.5	100	39.5	46	28	84.5	53.5	43	57	46.5	26.5	
57.5	55.5	46.5	55.5	46	58	43.5	32	58	25	34	31	28.5	44.5	20.5	73.5	42	18.5	48	36.5	56	57	45.5	41	25.5	42.5	70	56	70	57.5	38	38	43.5	61.5	55	17.5	32	34.5	66.5	61.5	50	63	32	57	28.5	40	39.5	34.5	64.5	36.5	34.5	61.5	41	74	41	37	39.5	54	48	20.5	70	0	21.5	29.5	50	35.5	50	54.5	46	58	34.5	18.5	43	37	53.5	76.5	
44	46	48	42	55.5	44.5	30	18.5	56.5	16.5	35.5	32.5	7	31	22	60	43.5	3	61.5	38	50.5	43.5	51	42.5	4	41	56.5	54.5	66.5	44	36.5	39.5	45	48	41.5	14	18.5	21	53	48	46.5	49.5	23.5	49.5	25	26.5	32	21	57	23	42	48	42.5	60.5	27.5	23.5	26	55.5	53.5	22	56.5	21.5	0	43	61.5	34	51.5	41	40.5	56.5	36	3	41.5	29.5	40	65	
83	45	33	79	20.5	81.5	41	47.5	47.5	34.5	15.5	18.5	36	40	29	71	32.5	44	22.5	43	45.5	52.5	20	43.5	39	32	69.5	45.5	59.5	77	27.5	46.5	26	83	74.5	37	57.5	40	58	53	39.5	56.5	27.5	46.5	18	29.5	29	60	54	38	5	83	33.5	65.5	48.5	32.5	35	30.5	22.5	29	69.5	29.5	43	0	24.5	25	34.5	60	35.5	47.5	45	44	32.5	26.5	51	66	
97.5	65.5	23.5	95.5	16	98	61.5	68	68	55	36	39	56.5	60.5	49.5	91.5	28	58.5	2	31.5	66	73	20.5	19	59.5	52.5	90	66	80	97.5	48	22	26.5	101.5	95	57.5	72	60.5	78.5	73.5	60	77	48	67	38.5	50	49.5	74.5	74.5	58.5	29.5	101.5	29	86	69	53	55.5	6	18	49.5	90	50	61.5	24.5	0	45.5	10	80.5	56	68	29.5	58.5	53	47	71.5	86.5	
62	26	54	60	41.5	62.5	22	28.5	28.5	30.5	31.5	34.5	27	21	40	52	53.5	33	43.5	64	26.5	33.5	41	64.5	30	13	50.5	26.5	40.5	58	8.5	67.5	47	64	55.5	38	36.5	15	39	34	20.5	37.5	23.5	27.5	9	15.5	4	39	35	13	30	64	54.5	46.5	29.5	18.5	10	51.5	43.5	40	50.5	35.5	34	25	45.5	0	55.5	41	16.5	28.5	64	33	13.5	12.5	32	47	
87.5	75.5	31.5	85.5	26	88	71.5	62	78	55	46	49	58.5	70.5	45.5	101.5	32	48.5	12	21.5	76	83	30.5	9	55.5	62.5	100	76	90	87.5	58	12	36.5	91.5	85	47.5	62	64.5	88.5	83.5	70	87	58	77	48.5	60	59.5	64.5	84.5	66.5	39.5	91.5	31	96	71	63	65.5	4	28	45.5	100	50	51.5	34.5	10	55.5	0	84.5	66	78	19.5	48.5	63	57	81.5	96.5	
27	31	81	25	76.5	27.5	43	36.5	23.5	49.5	66.5	65.5	48	44	55	43	76.5	38	78.5	71	26.5	31.5	76	75.5	45	28	39.5	21.5	35.5	27	38.5	72.5	78	31	24.5	47	26.5	44	34	7	30.5	32.5	56.5	27.5	44	50.5	45	24	30	46	65	31	75.5	41.5	35.5	51.5	49	86.5	78.5	55	39.5	54.5	41	60	80.5	41	84.5	0	36.5	23.5	69	38	33.5	47.5	33	42	
51.5	21.5	64.5	49.5	52	52	22.5	34	24	41	42	45	37.5	21.5	50.5	47.5	64	37.5	54	70.5	22	29	51.5	75	40.5	8.5	46	22	36	51.5	14	72	57.5	55.5	49	46.5	22	31.5	34.5	29.5	16	33	34	23	19.5	26	20.5	28.5	30.5	29.5	40.5	55.5	65	42	13	29	26.5	62	54	50.5	46	46	40.5	35.5	56	16.5	66	36.5	0	24	68.5	37.5	3	23	27.5	42.5	
39.5	18.5	76.5	37.5	64	40	34.5	46	0	53	54	57	49.5	33.5	62.5	29.5	76	55.5	66	86.5	14	21	63.5	87	52.5	15.5	28	2	18	35.5	26	90	69.5	41.5	33	60.5	44	43.5	16.5	16.5	18	9	46	15	31.5	38	32.5	41.5	12.5	41.5	52.5	41.5	77	24	37	41	38.5	74	66	62.5	28	58	56.5	47.5	68	28.5	78	23.5	24	0	86.5	55.5	21	35	24.5	24.5	
72	74	12	70	28.5	72.5	58	46.5	86.5	39.5	38.5	35.5	43	59	30	88	16.5	33	31.5	2	78.5	71.5	29	10.5	40	73	84.5	86.5	94.5	72	66.5	7.5	23	76	69.5	32	46.5	49	81	76	74.5	77.5	46.5	77.5	59	54.5	60	49	85	51	40	76	15.5	88.5	55.5	51.5	54	23.5	26.5	30	84.5	34.5	36	45	29.5	64	19.5	69	68.5	86.5	0	33	71.5	57.5	68	93	
41	43	45	39	52.5	41.5	27	15.5	55.5	13.5	32.5	29.5	10	28	19	57	40.5	0	60.5	35	47.5	40.5	48	39.5	7	44	53.5	57.5	63.5	41	35.5	36.5	42	45	38.5	11	15.5	18	50	45	43.5	46.5	20.5	46.5	28	23.5	29	18	54	20	39	45	39.5	57.5	24.5	20.5	23	52.5	50.5	19	53.5	18.5	3	44	58.5	33	48.5	38	37.5	55.5	33	0	40.5	26.5	37	62	
54.5	18.5	61.5	52.5	49	55	19.5	31	21	38	39	42	34.5	18.5	47.5	44.5	61	40.5	51	71.5	19	26	48.5	72	37.5	5.5	43	19	33	50.5	11	75	54.5	56.5	48	45.5	25	28.5	31.5	26.5	13	30	31	20	16.5	23	17.5	31.5	27.5	26.5	37.5	56.5	62	39	16	26	23.5	59	51	47.5	43	43	41.5	32.5	53	13.5	63	33.5	3	21	71.5	40.5	0	20	24.5	39.5	
60.5	32.5	55.5	58.5	43	61	28.5	35	35	32	33	36	28.5	27.5	41.5	58.5	55	26.5	45	59.5	33	40	42.5	64	31.5	19.5	57	33	47	60.5	15	61	48.5	64.5	58	35.5	35	27.5	45.5	40.5	27	44	25	34	10.5	3	16.5	37.5	41.5	25.5	31.5	64.5	56	53	36	6	22.5	53	45	41.5	57	37	29.5	26.5	47	12.5	57	47.5	23	35	57.5	26.5	20	0	38.5	53.5	
36	6	80	34	67.5	36.5	38	35.5	24.5	48.5	57.5	60.5	47	37	54	48	75.5	37	69.5	70	22.5	29.5	67	74.5	44	19	46.5	22.5	36.5	36	29.5	71.5	73	40	33.5	46	25.5	43	35	30	21.5	33.5	49.5	23.5	35	41.5	36	23	31	45	56	40	74.5	42.5	34.5	44.5	42	77.5	69.5	54	46.5	53.5	40	51	71.5	32	81.5	33	27.5	24.5	68	37	24.5	38.5	0	43	
21	37	95	29	82.5	26.5	53	60.5	24.5	71.5	72.5	75.5	68	52	79	5	94.5	62	84.5	95	32.5	39.5	82	99.5	69	34	26.5	22.5	16.5	31	44.5	96.5	88	17	33.5	71	50.5	62	30	35	36.5	33.5	64.5	33.5	50	56.5	51	48	26	60	71	17	95.5	22.5	55.5	59.5	57	92.5	84.5	79	26.5	76.5	65	66	86.5	47	96.5	42	42.5	24.5	93	62	39.5	53.5	43	0	
